0.5576 0.6093
0.5358 0.5507
0.5150 0.4998
0.4954 0.4555
0.4770 0.4171
0.4601 0.3836
0.4445 0.3546
0.4302 0.3293
0.4173 0.3074
0.4058 0.2883
0.3954 0.2717
0.3861 0.2572
0.3779 0.2446
0.3707 0.2346
0.3888 0.4946
0.5924 5.8184
0.7864 21.3208
0.8892 36.5156
0.9284 41.8766
0.9376 39.1039
0.9361 34.4580
0.9320 30.0872
0.9282 26.2334
0.9249 22.8651
0.9220 19.9258
0.9190 17.3622
0.9158 15.1272
0.9122 13.1794
0.9081 11.4825
0.9034 10.0047
0.8981 8.7180
0.8921 7.5982
0.8853 6.6238
0.8776 5.7762
0.8690 5.0390
0.8593 4.3980
0.8485 3.8409
0.8365 3.3566
0.8232 2.9358
0.8086 2.5702
0.7927 2.2526
0.7754 1.9768
0.7568 1.7372
0.7370 1.5292
0.7160 1.3486
0.6941 1.1918
0.6714 1.0557
0.6481 0.9375
0.6245 0.8350
0.6010 0.7459
0.5777 0.6687
0.5550 0.6016
0.5331 0.5434
0.5123 0.4929
0.4926 0.4490
0.4742 0.4109
0.4572 0.3779
0.4417 0.3492
0.4275 0.3243
0.4147 0.3027
0.4032 0.2839
0.3929 0.2676
0.3838 0.2535
0.3758 0.2412
0.3692 0.2367
0.4318 1.1032
0.6587 9.7307
0.8260 27.0139
0.9059 39.9751
0.9333 42.2773
0.9380 38.4086
0.9351 33.7030
0.9310 29.4207
0.9274 25.6600
0.9243 22.3743
0.9215 19.5065
0.9185 17.0045
0.9153 14.8225
0.9116 12.9201
0.9075 11.2620
0.9027 9.8173
0.8973 8.5590
0.8912 7.4631
0.8843 6.5091
0.8765 5.6787
0.8678 4.9561
0.8580 4.3275
0.8471 3.7807
0.8350 3.3052
0.8216 2.8918
0.8069 2.5324
0.7908 2.2201
0.7734 1.9487
0.7547 1.7129
0.7347 1.5080
0.7137 1.3301
0.6916 1.1756
0.6688 1.0414
0.6454 0.9249
0.6218 0.8237
0.5982 0.7359
0.5749 0.6597
0.5522 0.5936
0.5304 0.5362
0.5095 0.4863
0.4899 0.4431
0.4716 0.4056
0.4548 0.3730
0.4393 0.3448
0.4252 0.3203
0.4126 0.2991
0.4012 0.2806
0.3911 0.2646
0.3821 0.2507
0.3742 0.2388
0.3689 0.2478
0.4741 1.9920
0.7031 14.0241
0.8508 32.1009
0.9160 43.0893
0.9362 43.1947
0.9382 38.5986
0.9347 33.7400
0.9306 29.3993
0.9271 25.6031
0.9242 22.2935
0.9214 19.4101
0.9184 16.8988
0.9152 14.7123
0.9114 12.8090
0.9072 11.1526
0.9024 9.7114
0.8969 8.4578
0.8907 7.3675
0.8836 6.4195
0.8757 5.5953
0.8668 4.8790
0.8568 4.2565
0.8457 3.7156
0.8333 3.2458
0.8197 2.8377
0.8047 2.4833
0.7883 2.1756
0.7706 1.9084
0.7516 1.6765
0.7313 1.4753
0.7099 1.3006
0.6875 1.1491
0.6644 1.0176
0.6409 0.9035
0.6171 0.8046
0.5934 0.7188
0.5700 0.6444
0.5473 0.5798
0.5255 0.5239
0.5048 0.4754
0.4854 0.4333
0.4673 0.3969
0.4507 0.3652
0.4355 0.3379
0.4217 0.3141
0.4093 0.2935
0.3982 0.2757
0.3883 0.2602
0.3796 0.2468
0.3719 0.2355
0.3730 0.3113
0.5431 4.4063
0.7584 20.9328
0.8785 38.4118
0.9262 46.0186
0.9386 43.5638
0.9379 38.3766
0.9339 33.4190
0.9299 29.0507
0.9267 25.2436
0.9238 21.9318
0.9210 19.0526
0.9180 16.5506
0.9146 14.3770
0.9108 12.4893
0.9064 10.8504
0.9014 9.4279
0.8956 8.1934
0.8891 7.1223
0.8818 6.1933
0.8735 5.3875
0.8642 4.6889
0.8537 4.0832
0.8421 3.5582
0.8292 3.1032
0.8149 2.7088
0.7992 2.3672
0.7821 2.0712
0.7637 1.8148
0.7439 1.5926
0.7229 1.4003
0.7008 1.2337
0.6778 1.0894
0.6542 0.9645
0.6302 0.8563
0.6062 0.7627
0.5823 0.6816
0.5590 0.6114
0.5365 0.5507
0.5150 0.4981
0.4947 0.4526
0.4757 0.4132
0.4582 0.3791
0.4422 0.3496
0.4276 0.3241
0.4145 0.3020
0.4028 0.2828
0.3923 0.2663
0.3830 0.2520
0.3748 0.2396
0.3680 0.2336
0.4344 1.3134
0.6744 13.8847
0.8387 33.6183
0.9130 46.4909
0.9367 47.0660
0.9395 41.8944
0.9361 36.4028
0.9319 31.5228
0.9283 27.2814
0.9253 23.6076
0.9225 20.4280
0.9195 17.6772
0.9163 15.2981
0.9126 13.2409
0.9083 11.4624
0.9034 9.9251
0.8978 8.5965
0.8915 7.4483
0.8843 6.4562
0.8761 5.5991
0.8669 4.8585
0.8566 4.2187
0.8450 3.6660
0.8321 3.1886
0.8179 2.7762
0.8022 2.4199
0.7851 2.1122
0.7665 1.8464
0.7466 1.6168
0.7254 1.4185
0.7031 1.2472
0.6799 1.0992
0.6560 0.9714
0.6317 0.8610
0.6073 0.7656
0.5831 0.6832
0.5595 0.6121
0.5367 0.5506
0.5149 0.4975
0.4944 0.4516
0.4753 0.4120
0.4576 0.3777
0.4415 0.3481
0.4269 0.3226
0.4137 0.3005
0.4019 0.2814
0.3915 0.2649
0.3822 0.2507
0.3741 0.2384
0.3674 0.2337
0.4489 1.7509
0.6924 16.4838
0.8489 36.1524
0.9171 47.5216
0.9378 46.4537
0.9395 40.8033
0.9356 35.2022
0.9313 30.3054
0.9276 26.0902
0.9245 22.4686
0.9215 19.3568
0.9184 16.6824
0.9149 14.3833
0.9108 12.4063
0.9062 10.7058
0.9009 9.2430
0.8948 7.9843
0.8879 6.9010
0.8801 5.9685
0.8712 5.1656
0.8612 4.4743
0.8500 3.8790
0.8375 3.3661
0.8236 2.9243
0.8083 2.5437
0.7915 2.2156
0.7733 1.9329
0.7536 1.6893
0.7326 1.4792
0.7104 1.2981
0.6873 1.1420
0.6633 1.0073
0.6389 0.8912
0.6143 0.7910
0.5899 0.7046
0.5659 0.6301
0.5426 0.5658
0.5204 0.5103
0.4995 0.4624
0.4799 0.4211
0.4618 0.3854
0.4452 0.3546
0.4301 0.3281
0.4166 0.3052
0.4044 0.2854
0.3937 0.2683
0.3842 0.2538
0.3761 0.2424
0.3719 0.2527
0.4545 1.5066
0.6855 13.0268
0.8419 30.9689
0.9127 41.5954
0.9353 41.3425
0.9379 36.4986
0.9343 31.5040
0.9299 27.1187
0.9260 23.3460
0.9226 20.1077
0.9193 17.3275
0.9158 14.9393
0.9119 12.8868
0.9074 11.1222
0.9023 9.6043
0.8965 8.2984
0.8898 7.1744
0.8823 6.2067
0.8737 5.3734
0.8641 4.6557
0.8532 4.0373
0.8411 3.5045
0.8277 3.0452
0.8129 2.6494
0.7966 2.3081
0.7788 2.0138
0.7597 1.7600
0.7392 1.5410
0.7174 1.3522
0.6946 1.1893
0.6710 1.0487
0.6468 0.9274
0.6224 0.8226
0.5979 0.7323
0.5739 0.6543
0.5505 0.5869
0.5280 0.5288
0.5067 0.4786
0.4867 0.4352
0.4681 0.3978
0.4510 0.3655
0.4355 0.3376
0.4215 0.3136
0.4090 0.2930
0.3980 0.2756
0.3885 0.2618
0.3816 0.2563
0.3872 0.3208
0.4849 1.4938
0.6891 8.5993
0.8345 21.5263
0.9048 30.6206
0.9293 31.9026
0.9335 28.8113
0.9306 25.1333
0.9263 21.8063
0.9222 18.9060
0.9183 16.3923
0.9145 14.2156
0.9105 12.3311
0.9059 10.6994
0.9008 9.2866
0.8950 8.0634
0.8884 7.0042
0.8809 6.0871
0.8724 5.2929
0.8629 4.6052
0.8523 4.0096
0.8405 3.4939
0.8273 3.0473
0.8129 2.6605
0.7970 2.3255
0.7798 2.0355
0.7612 1.7843
0.7413 1.5667
0.7202 1.3783
0.6980 1.2151
0.6750 1.0738
0.6514 0.9514
0.6275 0.8454
0.6035 0.7536
0.5798 0.6741
0.5567 0.6053
0.5344 0.5457
0.5131 0.4940
0.4930 0.4493
0.4743 0.4107
0.4571 0.3774
0.4415 0.3489
0.4274 0.3246
0.4150 0.3041
0.4042 0.2871
0.3950 0.2734
0.3881 0.2677
0.3965 0.3534
0.4983 1.5259
0.6914 7.1790
0.8293 15.6376
0.8980 22.9241
0.9234 24.7659
0.9286 22.8020
0.9262 19.9969
0.9218 17.4020
0.9172 15.1315
0.9128 13.1622
0.9082 11.4558
0.9034 9.9767
0.8980 8.6938
0.8919 7.5805
0.8851 6.6138
0.8775 5.7740
0.8689 5.0441
0.8593 4.4096
0.8487 3.8578
0.8369 3.3778
0.8238 2.9602
0.8095 2.5968
0.7940 2.2805
0.7771 2.0053
0.7589 1.7657
0.7395 1.5572
0.7191 1.3758
0.6976 1.2178
0.6754 1.0803
0.6525 0.9606
0.6294 0.8565
0.6062 0.7658
0.5832 0.6869
0.5606 0.6183
0.5388 0.5586
0.5179 0.5067
0.4982 0.4618
0.4798 0.4230
0.4629 0.3898
0.4475 0.3615
0.4339 0.3377
0.4219 0.3177
0.4116 0.3010
0.4027 0.2871
0.3952 0.2759
0.3913 0.2863
0.4477 0.9263
0.6434 5.5577
0.8025 13.5269
0.8866 21.2598
0.9199 24.1639
0.9282 22.6052
0.9265 19.6667
0.9219 16.8871
0.9168 14.4934
0.9117 12.4567
0.9065 10.7257
0.9010 9.2523
0.8948 7.9959
0.8880 6.9223
0.8802 6.0033
0.8716 5.2152
0.8619 4.5380
0.8511 3.9552
0.8392 3.4529
0.8261 3.0192
0.8118 2.6444
0.7962 2.3201
0.7794 2.0391
0.7614 1.7954
0.7422 1.5839
0.7219 1.4002
0.7007 1.2405
0.6788 1.1016
0.6563 0.9807
0.6335 0.8755
0.6106 0.7839
0.5880 0.7040
0.5657 0.6344
0.5442 0.5738
0.5235 0.5211
0.5039 0.4754
0.4856 0.4361
0.4688 0.4026
0.4537 0.3742
0.4403 0.3505
0.4286 0.3306
0.4185 0.3140
0.4098 0.3001
0.4024 0.2885
0.3965 0.2820
0.4043 0.3801
0.5357 2.2644
0.7233 8.4817
0.8469 17.5861
0.9054 24.0817
0.9256 24.5848
0.9285 21.9503
0.9252 18.9096
0.9203 16.1987
0.9153 13.8654
0.9102 11.8726
0.9048 10.1747
0.8989 8.7292
0.8922 7.4987
0.8847 6.4511
0.8761 5.5588
0.8665 4.7982
0.8557 4.1493
0.8436 3.5951
0.8303 3.1213
0.8156 2.7156
0.7996 2.3678
0.7822 2.0692
0.7636 1.8127
0.7438 1.5918
0.7228 1.4016
0.7010 1.2374
0.6784 1.0956
0.6553 0.9730
0.6320 0.8669
0.6087 0.7750
0.5856 0.6953
0.5631 0.6262
0.5414 0.5662
0.5207 0.5141
0.5011 0.4690
0.4829 0.4302
0.4661 0.3969
0.4509 0.3686
0.4374 0.3445
0.4255 0.3243
0.4151 0.3072
0.4060 0.2928
0.3983 0.2807
0.3922 0.2753
0.4056 0.4230
0.5523 2.5809
0.7370 9.6086
0.8551 19.2805
0.9093 25.0167
0.9270 24.6426
0.9287 21.6800
0.9249 18.5956
0.9198 15.8988
0.9147 13.5963
0.9095 11.6386
0.9041 9.9738
0.8981 8.5567
0.8913 7.3493
0.8836 6.3200
0.8749 5.4419
0.8650 4.6923
0.8539 4.0521
0.8415 3.5050
0.8278 3.0372
0.8126 2.6369
0.7960 2.2942
0.7781 2.0005
0.7587 1.7486
0.7382 1.5323
0.7165 1.3465
0.6939 1.1867
0.6706 1.0491
0.6469 0.9305
0.6230 0.8283
0.5993 0.7400
0.5761 0.6638
0.5535 0.5979
0.5319 0.5409
0.5114 0.4917
0.4921 0.4491
0.4743 0.4123
0.4579 0.3804
0.4430 0.3528
0.4294 0.3289
0.4172 0.3082
0.4063 0.2902
0.3966 0.2746
0.3879 0.2610
0.3814 0.2614
0.4392 0.9632
0.6454 6.4714
0.8099 18.1707
0.8945 28.4417
0.9262 30.9553
0.9331 28.4481
0.9309 24.9147
0.9266 21.6192
0.9223 18.7163
0.9182 16.1887
0.9142 13.9948
0.9100 12.0937
0.9053 10.4486
0.8999 9.0268
0.8937 7.7991
0.8867 6.7400
0.8787 5.8269
0.8696 5.0402
0.8594 4.3627
0.8479 3.7795
0.8351 3.2777
0.8208 2.8459
0.8052 2.4745
0.7880 2.1551
0.7694 1.8803
0.7495 1.6440
0.7282 1.4406
0.7059 1.2656
0.6826 1.1149
0.6587 0.9852
0.6345 0.8734
0.6102 0.7771
0.5862 0.6941
0.5628 0.6226
0.5402 0.5609
0.5187 0.5077
0.4985 0.4619
0.4797 0.4224
0.4624 0.3882
0.4466 0.3588
0.4323 0.3334
0.4195 0.3114
0.4079 0.2924
0.3977 0.2760
0.3886 0.2618
0.3806 0.2494
0.3747 0.2540
0.4847 2.4611
0.7160 16.6495
0.8584 34.5752
0.9193 44.1728
0.9372 42.7179
0.9382 37.5736
0.9343 32.5188
0.9300 28.0724
0.9264 24.2177
0.9232 20.8847
0.9201 18.0058
0.9167 15.5211
0.9130 13.3780
0.9086 11.5308
0.9036 9.9396
0.8979 8.5696
0.8914 7.3906
0.8839 6.3764
0.8754 5.5042
0.8658 4.7543
0.8549 4.1097
0.8428 3.5557
0.8292 3.0797
0.8141 2.6706
0.7976 2.3192
0.7795 2.0173
0.7600 1.7578
0.7390 1.5349
0.7168 1.3434
0.6935 1.1788
0.6694 1.0374
0.6447 0.9158
0.6198 0.8113
0.5951 0.7214
0.5708 0.6442
0.5473 0.5778
0.5248 0.5208
0.5036 0.4718
0.4839 0.4297
0.4657 0.3936
0.4491 0.3626
0.4341 0.3359
0.4207 0.3130
0.4087 0.2933
0.3981 0.2764
0.3888 0.2618
0.3805 0.2492
0.3742 0.2487
0.4710 2.1204
0.7065 16.6277
0.8544 35.4761
0.9184 46.2747
0.9376 45.3286
0.9389 39.9782
0.9351 34.6083
0.9309 29.8766
0.9274 25.7767
0.9243 22.2334
0.9213 19.1734
0.9182 16.5320
0.9146 14.2534
0.9106 12.2888
0.9059 10.5957
0.9005 9.1374
0.8943 7.8818
0.8873 6.8011
0.8792 5.8713
0.8701 5.0714
0.8599 4.3834
0.8483 3.7918
0.8354 3.2831
0.8210 2.8458
0.8052 2.4698
0.7878 2.1466
0.7689 1.8687
0.7485 1.6299
0.7268 1.4246
0.7039 1.2481
0.6801 1.0963
0.6555 0.9659
0.6306 0.8538
0.6056 0.7574
0.5809 0.6746
0.5568 0.6034
0.5337 0.5424
0.5118 0.4900
0.4914 0.4451
0.4725 0.4067
0.4552 0.3737
0.4396 0.3455
0.4256 0.3213
0.4131 0.3006
0.4021 0.2828
0.3924 0.2675
0.3838 0.2544
0.3769 0.2496
0.4409 1.2211
0.6705 11.7348
0.8338 30.0258
0.9096 42.5142
0.9348 43.7114
0.9384 39.0631
0.9353 33.8475
0.9310 29.1880
0.9272 25.1504
0.9240 21.6684
0.9209 18.6686
0.9176 16.0853
0.9139 13.8615
0.9097 11.9475
0.9049 10.3005
0.8994 8.8836
0.8930 7.6648
0.8858 6.6163
0.8776 5.7146
0.8683 4.9390
0.8579 4.2720
0.8461 3.6983
0.8330 3.2048
0.8185 2.7804
0.8024 2.4153
0.7849 2.1013
0.7659 1.8311
0.7454 1.5987
0.7236 1.3987
0.7007 1.2266
0.6768 1.0786
0.6523 0.9512
0.6275 0.8416
0.6026 0.7473
0.5781 0.6663
0.5543 0.5966
0.5314 0.5369
0.5098 0.4857
0.4896 0.4419
0.4711 0.4044
0.4542 0.3723
0.4390 0.3450
0.4254 0.3216
0.4133 0.3016
0.4027 0.2846
0.3934 0.2700
0.3854 0.2582
0.3844 0.3042
0.5122 2.5081
0.7253 13.9014
0.8588 30.0354
0.9172 39.3292
0.9350 39.0743
0.9365 34.7441
0.9330 30.1259
0.9288 25.9910
0.9251 22.3933
0.9218 19.2844
0.9184 16.6052
0.9148 14.2997
0.9106 12.3173
0.9059 10.6136
0.9005 9.1498
0.8944 7.8921
0.8873 6.8116
0.8793 5.8831
0.8703 5.0851
0.8601 4.3992
0.8486 3.8096
0.8358 3.3025
0.8216 2.8663
0.8060 2.4911
0.7889 2.1683
0.7703 1.8904
0.7503 1.6513
0.7289 1.4453
0.7064 1.2680
0.6830 1.1153
0.6588 0.9838
0.6342 0.8705
0.6095 0.7729
0.5851 0.6890
0.5612 0.6169
0.5383 0.5552
0.5167 0.5024
0.4965 0.4575
0.4780 0.4194
0.4612 0.3871
0.4462 0.3598
0.4330 0.3368
0.4214 0.3173
0.4114 0.3010
0.4027 0.2873
0.3955 0.2778
0.3957 0.3165
0.4844 1.4474
0.6849 7.9394
0.8304 19.5778
0.9019 28.5519
0.9276 30.3709
0.9325 27.6956
0.9299 24.1624
0.9256 20.9111
0.9214 18.0688
0.9173 15.6077
0.9132 13.4823
0.9089 11.6490
0.9040 10.0688
0.8984 8.7071
0.8921 7.5340
0.8849 6.5232
0.8767 5.6523
0.8676 4.9017
0.8573 4.2546
0.8457 3.6967
0.8329 3.2155
0.8188 2.8004
0.8032 2.4421
0.7863 2.1328
0.7679 1.8658
0.7482 1.6352
0.7273 1.4359
0.7053 1.2638
0.6823 1.1150
0.6587 0.9864
0.6347 0.8752
0.6106 0.7791
0.5867 0.6961
0.5634 0.6245
0.5409 0.5632
0.5197 0.5113
0.5002 0.4679
0.4827 0.4324
0.4674 0.4037
0.4545 0.3810
0.4440 0.3636
0.4356 0.3505
0.4293 0.3413
0.4249 0.3355
0.4223 0.3335
0.4223 0.3408
0.4342 0.4213
0.5227 1.5335
0.6963 6.3199
0.8276 15.9994
0.8962 24.1868
0.9228 26.3729
0.9289 23.9496
0.9268 20.3419
0.9221 17.0945
0.9169 14.4014
0.9115 12.1881
0.9059 10.3611
0.8997 8.8428
0.8929 7.5729
0.8853 6.5048
0.8767 5.6023
0.8670 4.8367
0.8563 4.1852
0.8444 3.6292
0.8312 3.1535
0.8167 2.7458
0.8009 2.3956
0.7838 2.0945
0.7653 1.8350
0.7456 1.6113
0.7248 1.4182
0.7030 1.2513
0.6805 1.1070
0.6573 0.9821
0.6338 0.8739
0.6103 0.7802
0.5870 0.6989
0.5642 0.6284
0.5422 0.5676
0.5213 0.5158
0.5021 0.4735
0.4855 0.4423
0.4730 0.4252
0.4667 0.4266
0.4684 0.4486
0.4784 0.4887
0.4949 0.5433
0.5155 0.6060
0.5370 0.6676
0.5564 0.7196
0.5718 0.7574
0.5826 0.7795
0.5888 0.7887
0.5922 0.8052
0.6030 0.9654
0.6611 2.3729
0.7617 5.8905
0.8387 8.8132
0.8796 9.5491
0.8945 8.8808
0.8954 7.8964
0.8900 6.9605
0.8823 6.1337
0.8738 5.4068
0.8647 4.7645
0.8550 4.1966
0.8443 3.6954
0.8327 3.2542
0.8198 2.8669
0.8058 2.5274
0.7905 2.2301
0.7739 1.9700
0.7562 1.7426
0.7374 1.5437
0.7175 1.3699
0.6968 1.2180
0.6753 1.0852
0.6534 0.9692
0.6311 0.8677
0.6088 0.7791
0.5867 0.7015
0.5650 0.6338
0.5440 0.5745
0.5237 0.5227
0.5045 0.4775
0.4865 0.4393
0.4710 0.4123
0.4607 0.4064
0.4612 0.4375
0.4787 0.5288
0.5165 0.7047
0.5728 1.0131
0.6380 1.4649
0.7068 2.3899
0.7723 3.6384
0.8181 4.3350
0.8405 4.2553
0.8441 3.7233
0.8357 3.2165
0.8217 2.8100
0.8059 2.4900
0.7901 2.2403
0.7756 2.0751
0.7652 2.0408
0.7611 2.0855
0.7619 2.1442
0.7649 2.1899
0.7680 2.2147
0.7700 2.2114
0.7702 2.1746
0.7683 2.1061
0.7642 2.0126
0.7580 1.9019
0.7499 1.7810
0.7400 1.6556
0.7284 1.5301
0.7155 1.4076
0.7012 1.2904
0.6857 1.1798
0.6691 1.0767
0.6517 0.9814
0.6336 0.8942
0.6149 0.8146
0.5960 0.7426
0.5769 0.6776
0.5580 0.6192
0.5393 0.5668
0.5212 0.5200
0.5037 0.4783
0.4870 0.4412
