-0.2526 -0.034283
-0.2432 -0.158176
-0.2527 -0.147599
-0.2599 -0.139479
-0.2653 -0.133221
-0.2697 -0.128164
-0.2737 -0.123834
-0.2775 -0.119989
-0.2813 -0.116533
-0.2849 -0.113438
-0.2883 -0.110699
-0.2914 -0.108306
-0.2941 -0.106241
-0.2965 -0.104477
-0.3094 -0.192876
-0.3260 -0.175687
-0.3385 -0.162873
-0.3476 -0.153454
-0.3542 -0.146612
-0.3590 -0.141702
-0.3623 -0.138234
-0.3646 -0.135838
-0.3661 -0.134240
-0.3671 -0.133236
-0.3676 -0.132682
-0.3667 -0.122676
-0.3641 -0.115665
-0.3592 -0.100137
-0.3519 -0.087976
-0.3428 -0.077978
-0.3324 -0.069428
-0.3210 -0.061926
-0.3088 -0.055242
-0.3067 -0.143286
-0.3105 -0.132952
-0.3122 -0.125516
-0.3124 -0.120115
-0.3119 -0.116115
-0.3109 -0.113080
-0.3143 -0.201115
-0.3285 -0.183359
-0.3389 -0.170358
-0.3465 -0.160874
-0.3519 -0.153996
-0.3558 -0.149063
-0.3584 -0.144825
-0.3588 -0.132148
-0.3571 -0.123465
-0.3540 -0.117390
-0.3500 -0.113095
-0.3454 -0.110068
-0.3405 -0.107978
-0.3354 -0.106603
-0.3303 -0.105787
-0.3252 -0.105416
-0.3201 -0.105404
-0.3152 -0.104463
-0.3085 -0.089576
-0.2995 -0.077666
-0.2885 -0.067798
-0.2762 -0.059418
-0.2625 -0.052189
-0.2477 -0.045899
-0.2317 -0.040408
-0.2144 -0.035621
-0.1952 -0.031470
-0.2019 -0.174509
-0.2108 -0.165080
-0.2187 -0.157161
-0.2258 -0.150413
-0.2326 -0.144464
-0.2393 -0.139047
-0.2460 -0.134026
-0.2526 -0.129357
-0.2591 -0.125027
-0.2653 -0.121030
-0.2712 -0.117384
-0.2766 -0.114107
-0.2815 -0.111212
-0.2858 -0.108695
-0.2895 -0.106544
-0.2926 -0.104737
-0.2952 -0.103247
-0.2973 -0.102046
-0.2990 -0.101103
-0.3002 -0.100388
-0.3010 -0.099875
-0.3016 -0.099538
-0.3018 -0.099360
-0.3018 -0.099326
-0.3005 -0.086695
-0.2963 -0.073924
-0.2898 -0.063689
-0.2816 -0.055257
-0.2720 -0.048165
-0.2613 -0.042110
-0.2497 -0.036889
-0.2370 -0.032359
-0.2235 -0.028419
-0.2088 -0.024993
-0.1927 -0.022023
-0.1748 -0.019465
-0.1541 -0.017290
-0.1290 -0.015484
-0.0965 -0.014062
-0.0501 -0.013089
0.0214 -0.012662
0.1190 -0.012555
0.2105 -0.012040
0.2730 -0.010945
0.3069 -0.009545
0.3193 -0.008095
0.3168 -0.006741
0.3051 -0.005549
0.2882 -0.004537
0.2688 -0.003696
0.2487 -0.003006
0.2289 -0.002444
0.2097 -0.001987
0.1914 -0.001617
0.1739 -0.001316
0.1572 -0.001072
0.1410 -0.000873
0.1252 -0.000711
0.1095 -0.000579
0.0935 -0.000471
0.0767 -0.000382
0.0585 -0.000309
-0.0154 -0.242949
-0.1093 -0.195988
-0.2082 -0.146431
-0.2883 -0.106250
-0.3446 -0.077975
-0.3820 -0.059184
-0.4060 -0.047109
-0.4209 -0.039630
-0.4295 -0.035269
-0.4340 -0.033028
-0.4355 -0.032237
-0.4351 -0.032452
-0.4332 -0.033372
-0.4304 -0.034798
-0.4268 -0.036591
-0.4227 -0.038653
-0.4181 -0.040914
-0.4133 -0.041254
-0.4086 -0.081662
-0.4091 -0.074984
-0.4074 -0.071206
-0.4042 -0.069169
-0.4004 -0.068118
-0.3963 -0.067591
-0.3923 -0.067376
-0.3884 -0.067402
-0.3845 -0.067649
-0.3807 -0.068104
-0.3769 -0.068745
-0.3732 -0.069545
-0.3695 -0.070478
-0.3658 -0.071520
-0.3622 -0.072652
-0.3587 -0.073859
-0.3551 -0.075131
-0.3516 -0.076461
-0.3482 -0.077846
-0.3447 -0.079283
-0.3412 -0.080774
-0.3377 -0.082320
-0.3341 -0.083923
-0.3305 -0.085583
-0.3268 -0.087297
-0.3223 -0.078889
-0.3154 -0.068426
-0.3067 -0.059855
-0.3018 -0.150427
-0.3085 -0.137135
-0.3131 -0.220817
-0.3310 -0.194666
-0.3433 -0.176509
-0.3520 -0.163641
-0.3582 -0.154314
-0.3626 -0.147459
-0.3658 -0.142419
-0.3680 -0.138762
-0.3694 -0.136171
-0.3702 -0.134399
-0.3706 -0.133252
-0.3706 -0.132575
-0.3704 -0.132250
-0.3701 -0.132185
-0.3696 -0.132317
-0.3690 -0.132599
-0.3677 -0.125147
-0.3648 -0.117982
-0.3607 -0.112959
-0.3560 -0.109414
-0.3508 -0.106937
-0.3454 -0.105261
-0.3400 -0.104205
-0.3345 -0.103638
-0.3291 -0.103462
-0.3238 -0.103601
-0.3176 -0.091523
-0.3090 -0.080015
-0.2986 -0.070441
-0.2869 -0.062268
-0.2739 -0.055173
-0.2597 -0.048951
-0.2445 -0.043470
-0.2281 -0.038638
-0.2102 -0.034391
-0.1904 -0.030684
-0.1678 -0.027493
-0.1409 -0.024817
-0.1066 -0.022699
-0.0585 -0.021270
0.0158 -0.020745
0.1197 -0.020813
0.2179 -0.020148
0.2848 -0.018405
0.3210 -0.016086
0.2937 -0.410162
0.2412 -0.380956
0.1996 -0.357982
0.1651 -0.339047
0.1348 -0.322586
0.1065 -0.307411
0.0782 -0.292459
0.0477 -0.276538
0.0116 -0.257981
-0.0349 -0.234340
-0.0961 -0.203386
-0.1675 -0.167381
-0.2346 -0.133484
-0.2885 -0.106335
-0.3281 -0.086367
-0.3558 -0.072360
-0.3746 -0.062896
-0.3867 -0.056784
-0.3940 -0.051515
-0.3968 -0.041434
-0.3963 -0.034437
-0.3934 -0.029245
-0.3891 -0.025169
-0.3836 -0.021830
-0.3774 -0.019011
-0.3707 -0.016586
-0.3635 -0.014474
-0.3560 -0.012624
-0.3482 -0.010999
-0.3403 -0.009573
-0.3320 -0.008323
-0.3236 -0.007227
-0.3149 -0.006269
-0.3061 -0.005432
-0.2970 -0.004702
-0.2876 -0.004067
-0.2780 -0.003515
-0.2681 -0.003036
-0.2578 -0.002622
-0.2470 -0.002264
-0.2357 -0.001955
-0.2238 -0.001690
-0.2110 -0.001462
-0.1973 -0.001266
-0.2107 -0.145710
-0.2252 -0.138262
-0.2382 -0.131560
-0.2501 -0.125501
-0.2610 -0.119947
-0.2710 -0.114851
-0.2801 -0.110236
-0.2943 -0.206134
-0.3297 -0.256026
-0.3576 -0.213983
-0.3759 -0.186383
-0.3878 -0.168440
-0.3955 -0.156838
-0.4004 -0.149428
-0.4035 -0.144840
-0.4051 -0.139207
-0.4049 -0.132231
-0.4033 -0.128206
-0.4009 -0.126017
-0.3981 -0.125018
-0.3951 -0.124818
-0.3919 -0.122942
-0.3868 -0.108085
-0.3792 -0.096285
-0.3699 -0.086582
-0.3594 -0.078166
-0.3479 -0.070627
-0.3355 -0.063758
-0.3226 -0.057453
-0.3090 -0.051655
-0.2948 -0.046334
-0.2801 -0.041470
-0.2648 -0.037046
-0.2488 -0.033049
-0.2318 -0.029463
-0.2136 -0.026274
-0.1937 -0.023467
-0.1712 -0.021036
-0.1447 -0.018986
-0.1111 -0.017351
-0.0644 -0.016225
0.0074 -0.015777
0.1103 -0.015847
0.2113 -0.015433
0.2815 -0.014169
0.3201 -0.012421
0.3342 -0.010555
0.3316 -0.008789
0.3189 -0.007228
0.3005 -0.005901
0.2797 -0.004800
0.2582 -0.003899
0.2372 -0.003166
0.2171 -0.002571
0.1980 -0.002090
0.1799 -0.001701
0.1628 -0.001384
0.1463 -0.001127
0.1302 -0.000918
0.1143 -0.000747
0.0982 -0.000608
0.0815 -0.000493
0.0072 -0.254355
-0.0818 -0.209837
-0.1823 -0.159498
-0.2692 -0.115846
-0.3323 -0.084180
-0.3748 -0.062796
-0.4025 -0.048878
-0.4199 -0.040139
-0.4302 -0.034946
-0.4357 -0.032183
-0.4378 -0.031094
-0.4377 -0.031171
-0.4359 -0.032064
-0.4329 -0.033535
-0.4291 -0.035414
-0.4248 -0.037579
-0.4195 -0.033815
-0.4130 -0.030238
-0.4055 -0.027151
-0.3974 -0.024381
-0.3888 -0.021847
-0.3798 -0.019515
-0.3706 -0.017370
-0.3612 -0.015405
-0.3517 -0.013614
-0.3420 -0.011992
-0.3322 -0.010533
-0.3222 -0.009226
-0.3220 -0.096664
-0.3273 -0.092520
-0.3304 -0.089799
-0.3318 -0.088161
-0.3321 -0.087303
-0.3317 -0.086961
-0.3308 -0.086934
-0.3297 -0.087091
-0.3285 -0.087370
-0.3271 -0.087760
-0.3249 -0.078263
-0.3463 -0.211364
-0.3622 -0.180985
-0.3712 -0.162378
-0.3763 -0.150665
-0.3791 -0.142883
-0.3807 -0.137453
-0.3814 -0.133575
-0.3817 -0.130828
-0.3815 -0.128954
-0.3810 -0.127766
-0.3802 -0.127113
-0.3793 -0.126871
-0.3783 -0.126946
-0.3771 -0.127271
-0.3759 -0.126924
-0.3728 -0.110267
-0.3667 -0.096505
-0.3585 -0.085550
-0.3487 -0.076345
-0.3379 -0.068324
-0.3262 -0.061182
-0.3138 -0.054746
-0.3008 -0.048918
-0.2872 -0.043636
-0.2731 -0.038860
-0.2584 -0.034557
-0.2430 -0.030699
-0.2267 -0.027263
-0.2092 -0.024226
-0.1900 -0.021568
-0.1682 -0.019276
-0.1423 -0.017351
-0.1095 -0.015819
-0.0636 -0.014756
0.0068 -0.014307
0.1079 -0.014329
0.2076 -0.013938
0.2773 -0.012793
0.3157 -0.011217
0.3303 -0.009537
0.3285 -0.007949
0.3165 -0.006543
0.2989 -0.005347
0.2787 -0.004352
0.2576 -0.003536
0.2369 -0.002873
0.2170 -0.002334
0.1981 -0.001898
0.1801 -0.001544
0.1630 -0.001257
0.1466 -0.001024
0.1306 -0.000834
0.1148 -0.000679
0.0988 -0.000552
0.0823 -0.000449
0.0646 -0.000363
-0.0024 -0.249480
-0.0938 -0.203785
-0.1940 -0.153611
-0.2779 -0.111475
-0.3378 -0.081385
-0.3778 -0.061271
-0.4036 -0.048326
-0.4195 -0.040325
-0.4287 -0.035696
-0.4333 -0.033363
-0.4348 -0.032605
-0.4341 -0.032938
-0.4319 -0.034031
-0.4287 -0.035656
-0.4247 -0.037649
-0.4202 -0.039891
-0.4154 -0.042287
-0.4099 -0.038173
-0.4086 -0.077736
-0.4079 -0.072687
-0.4055 -0.069831
-0.4022 -0.068274
-0.3983 -0.067457
-0.3944 -0.067095
-0.3904 -0.067056
-0.3864 -0.067278
-0.3825 -0.067724
-0.3786 -0.068361
-0.3747 -0.069161
-0.3709 -0.070096
-0.3672 -0.071149
-0.3634 -0.072312
-0.3596 -0.072211
-0.3545 -0.062478
-0.3476 -0.054638
-0.3393 -0.048091
-0.3299 -0.042481
-0.3197 -0.037590
-0.3167 -0.123621
-0.3214 -0.115286
-0.3237 -0.109550
-0.3243 -0.105622
-0.3240 -0.102866
-0.3233 -0.100843
-0.3223 -0.099288
-0.3214 -0.098059
-0.3206 -0.097081
-0.3197 -0.096318
-0.3189 -0.095746
-0.3180 -0.095345
-0.3171 -0.095097
-0.3161 -0.094982
-0.3152 -0.094986
-0.3141 -0.095096
-0.3129 -0.091396
-0.3095 -0.077697
-0.3038 -0.066837
-0.2962 -0.057957
-0.2873 -0.050523
-0.2772 -0.044195
-0.2661 -0.038745
-0.2541 -0.034018
-0.2412 -0.029902
-0.2273 -0.026313
-0.2122 -0.023186
-0.1957 -0.020472
-0.1773 -0.018132
-0.1560 -0.016141
-0.1302 -0.014491
-0.0966 -0.013199
-0.0484 -0.012335
0.0261 -0.011996
0.1266 -0.011932
0.2184 -0.011431
0.2800 -0.010370
0.3127 -0.009026
0.3235 -0.007641
0.3196 -0.006352
0.3067 -0.005221
0.2675 -0.388328
0.1946 -0.350759
0.1413 -0.323288
0.0971 -0.300654
0.0551 -0.279210
0.0085 -0.255607
-0.0503 -0.226026
-0.1248 -0.188573
-0.2036 -0.148976
-0.2704 -0.115341
-0.3204 -0.090176
-0.3556 -0.072460
-0.3794 -0.060455
-0.3950 -0.052630
-0.4045 -0.047812
-0.4098 -0.045146
-0.4120 -0.044020
-0.4120 -0.043998
-0.4105 -0.044604
-0.4070 -0.038314
-0.4028 -0.081744
-0.4041 -0.074927
-0.4028 -0.071197
-0.3998 -0.069350
-0.3960 -0.068556
-0.3918 -0.068306
-0.3941 -0.117464
-0.4005 -0.158337
-0.4094 -0.142694
-0.4145 -0.133609
-0.4172 -0.128468
-0.4185 -0.125697
-0.4189 -0.124395
-0.4188 -0.124056
-0.4184 -0.124384
-0.4176 -0.125182
-0.4167 -0.126312
-0.4156 -0.127673
-0.4140 -0.121572
-0.4104 -0.113130
-0.4055 -0.107478
-0.3997 -0.103477
-0.3935 -0.100543
-0.3870 -0.098361
-0.3805 -0.096748
-0.3740 -0.095591
-0.3676 -0.094814
-0.3613 -0.094361
-0.3552 -0.094185
-0.3494 -0.094249
-0.3438 -0.094514
-0.3382 -0.089192
-0.3308 -0.077867
-0.3218 -0.068485
-0.3116 -0.060477
-0.3004 -0.053508
-0.2884 -0.047370
-0.2757 -0.041931
-0.2623 -0.037100
-0.2483 -0.032810
-0.2335 -0.029011
-0.2178 -0.025662
-0.2007 -0.022727
-0.1817 -0.020181
-0.1600 -0.018006
-0.1336 -0.016199
-0.0994 -0.014788
-0.0505 -0.013855
0.0256 -0.013523
0.1287 -0.013510
0.2228 -0.012978
0.2857 -0.011788
0.3189 -0.010264
0.3297 -0.008687
0.3255 -0.007218
0.2611 -0.386477
0.2001 -0.354601
0.1539 -0.330499
0.1155 -0.310528
0.0799 -0.292173
0.0429 -0.273274
-0.0003 -0.251306
-0.0563 -0.223106
-0.1272 -0.187420
-0.2021 -0.149739
-0.2662 -0.117443
-0.3148 -0.092968
-0.3495 -0.075502
-0.3734 -0.063483
-0.3893 -0.055486
-0.3994 -0.049175
-0.4043 -0.038630
-0.4054 -0.031583
-0.4037 -0.026559
-0.4002 -0.022757
-0.3954 -0.019729
-0.3895 -0.017223
-0.3829 -0.015092
-0.3757 -0.013247
-0.3680 -0.011632
-0.3599 -0.010210
-0.3514 -0.008954
-0.3425 -0.007843
-0.3334 -0.006863
-0.3239 -0.005998
-0.3140 -0.005236
-0.3038 -0.004567
-0.2933 -0.003979
-0.2823 -0.003464
-0.2710 -0.003014
-0.2591 -0.002621
-0.2467 -0.002279
-0.2337 -0.001981
-0.2201 -0.001721
-0.2057 -0.001497
-0.1902 -0.001303
-0.1891 -0.156592
-0.2042 -0.148831
-0.2444 -0.384891
-0.2981 -0.303934
-0.3353 -0.247718
-0.3607 -0.209386
-0.3780 -0.183322
-0.3897 -0.165671
-0.3975 -0.153874
-0.4026 -0.146190
-0.4058 -0.141393
-0.4076 -0.138614
-0.4079 -0.130762
-0.4063 -0.121853
-0.4027 -0.113674
-0.3978 -0.107133
-0.3911 -0.095289
-0.3827 -0.085708
-0.3731 -0.077455
-0.3625 -0.070069
-0.3512 -0.063322
-0.3394 -0.057097
-0.3271 -0.051340
-0.3144 -0.046024
-0.3013 -0.041137
-0.2880 -0.036669
-0.2742 -0.032610
-0.2600 -0.028945
-0.2453 -0.025660
-0.2298 -0.022735
-0.2132 -0.020152
-0.1950 -0.017892
-0.1747 -0.015941
-0.1507 -0.014292
-0.1209 -0.012953
-0.0804 -0.011970
-0.0194 -0.011445
0.0737 -0.011406
0.1793 -0.011284
0.2604 -0.010555
0.3087 -0.009378
0.3299 -0.008040
0.3320 -0.006732
0.3219 -0.005555
0.3048 -0.004543
0.2845 -0.003698
0.2631 -0.003004
0.2419 -0.002439
0.2215 -0.001981
0.2021 -0.001610
0.1838 -0.001310
0.1664 -0.001066
0.1498 -0.000868
0.1337 -0.000707
0.1178 -0.000576
0.1019 -0.000468
0.0856 -0.000380
0.0681 -0.000308
0.0486 -0.000249
0.0256 -0.000199
-0.0033 -0.000157
-0.0417 -0.000121
-0.0932 -0.000090
-0.1556 -0.000063
-0.2184 -0.000043
-0.2723 -0.000029
-0.3145 -0.000020
-0.3458 -0.000014
-0.3681 -0.000010
-0.3835 -0.000007
-0.3935 -0.000006
-0.3993 -0.000004
-0.4020 -0.000004
-0.4022 -0.000003
-0.4005 -0.000003
-0.3973 -0.000002
-0.4018 -0.049123
-0.4038 -0.048112
-0.4038 -0.048103
-0.4025 -0.048736
-0.4005 -0.049739
-0.3981 -0.050952
-0.3954 -0.052297
-0.3925 -0.053734
-0.3895 -0.055237
-0.3864 -0.056788
-0.3902 -0.109819
-0.3950 -0.105039
-0.3977 -0.102341
-0.3982 -0.093653
-0.3966 -0.087946
-0.3937 -0.084260
-0.3900 -0.081894
-0.3857 -0.080436
-0.3810 -0.075419
-0.3746 -0.066355
-0.3749 -0.117877
-0.3759 -0.107890
-0.3746 -0.101356
-0.3718 -0.097062
-0.3681 -0.094281
-0.3638 -0.092550
-0.3591 -0.091565
-0.3542 -0.091117
-0.3493 -0.091065
-0.3445 -0.091317
-0.3397 -0.091812
-0.3350 -0.092509
-0.3305 -0.093380
-0.3259 -0.094403
-0.3215 -0.095562
-0.3171 -0.096846
-0.3127 -0.098243
-0.3084 -0.099748
-0.3031 -0.089054
-0.2950 -0.076681
-0.2847 -0.066614
-0.2726 -0.058178
-0.2592 -0.050962
-0.2446 -0.044714
-0.2288 -0.039276
-0.2116 -0.034540
-0.1928 -0.030437
-0.1715 -0.026916
-0.1466 -0.023951
-0.1157 -0.021541
-0.0741 -0.019742
-0.0122 -0.018695
0.0795 -0.018366
0.1796 -0.017823
0.2547 -0.016381
0.2989 -0.014351
0.3185 -0.012164
0.3207 -0.010091
0.3118 -0.008258
0.2964 -0.006702
0.2777 -0.005414
0.2577 -0.004363
0.2377 -0.003514
0.2182 -0.002830
0.1995 -0.002280
0.1817 -0.001838
0.1647 -0.001482
0.1483 -0.001196
0.1324 -0.000965
0.1167 -0.000779
0.1009 -0.000628
0.0846 -0.000505
0.0672 -0.000405
0.0480 -0.000324
0.0255 -0.000257
-0.0026 -0.000201
-0.0395 -0.000154
-0.0889 -0.000114
-0.1492 -0.000080
-0.2106 -0.000055
-0.2640 -0.000037
-0.3059 -0.000025
-0.3371 -0.000018
-0.3593 -0.000013
-0.3746 -0.000009
-0.3844 -0.000007
-0.3902 -0.000006
-0.3930 -0.000004
-0.3980 -0.051025
-0.4095 -0.090620
-0.4191 -0.080997
-0.4273 -0.109140
-0.4346 -0.098136
-0.4384 -0.092409
-0.4401 -0.089799
-0.4406 -0.089110
-0.4402 -0.089664
-0.4393 -0.091059
-0.4380 -0.093033
-0.4359 -0.088753
-0.4322 -0.083930
-0.4275 -0.080926
-0.4222 -0.078972
-0.4165 -0.077681
-0.4105 -0.076853
-0.4045 -0.076382
-0.3984 -0.076209
-0.3973 -0.124211
-0.3991 -0.118545
-0.3992 -0.115546
-0.3981 -0.114280
-0.3964 -0.114165
-0.3942 -0.114824
-0.3917 -0.115997
-0.3887 -0.111825
-0.3843 -0.106605
-0.3789 -0.103116
-0.3730 -0.100798
-0.3667 -0.099329
-0.3602 -0.098516
-0.3536 -0.098235
-0.3469 -0.098399
-0.3402 -0.098943
-0.3335 -0.099812
-0.3269 -0.100952
-0.3203 -0.100958
-0.3121 -0.087376
-0.3016 -0.076370
-0.2894 -0.067110
-0.2759 -0.059121
-0.2613 -0.052124
-0.2459 -0.045952
-0.2295 -0.040496
-0.2121 -0.035685
-0.1934 -0.031457
-0.1731 -0.027767
-0.1503 -0.024592
-0.1323 -0.205135
-0.1427 -0.195799
-0.1558 -0.185827
-0.1711 -0.175343
-0.1879 -0.164610
-0.2054 -0.153998
-0.2227 -0.143901
-0.2389 -0.134639
-0.2536 -0.126407
-0.2665 -0.119282
-0.2775 -0.113246
-0.2867 -0.108228
-0.2943 -0.104122
-0.3004 -0.100817
-0.3052 -0.098202
-0.3090 -0.096177
-0.3118 -0.094655
-0.3138 -0.093565
-0.3150 -0.092845
-0.3157 -0.092446
-0.3158 -0.092326
-0.3155 -0.092453
-0.3147 -0.092800
-0.3136 -0.093345
-0.3121 -0.094071
-0.3093 -0.082933
-0.3036 -0.071307
-0.2957 -0.061946
-0.2860 -0.054187
-0.2748 -0.047612
-0.2624 -0.041951
-0.2489 -0.037025
-0.2344 -0.032706
-0.2190 -0.028907
-0.2024 -0.025565
-0.1844 -0.022641
-0.1643 -0.020107
-0.1411 -0.017955
-0.1123 -0.016194
-0.0736 -0.014872
-0.0158 -0.014096
0.0707 -0.013871
0.1686 -0.013578
0.2449 -0.012640
0.2912 -0.011217
0.3127 -0.009625
0.3165 -0.008077
0.3087 -0.006682
0.2941 -0.005479
0.2759 -0.004471
0.2562 -0.003640
0.2364 -0.002960
0.2170 -0.002407
0.1984 -0.001958
0.1806 -0.001593
0.1637 -0.001297
0.1473 -0.001057
0.1314 -0.000861
0.1157 -0.000701
0.0997 -0.000570
0.0832 -0.000463
0.0604 -0.280947
-0.0183 -0.241546
-0.1130 -0.194173
-0.2120 -0.144553
-0.2917 -0.104542
-0.3478 -0.076378
-0.3852 -0.057599
-0.4093 -0.045483
-0.4242 -0.037961
-0.4329 -0.033585
-0.4373 -0.031372
-0.4387 -0.030653
-0.4381 -0.030971
-0.4360 -0.032011
-0.4329 -0.033554
-0.4291 -0.035448
-0.4248 -0.037581
-0.4199 -0.034857
-0.4136 -0.031059
-0.4064 -0.027813
-0.3986 -0.024923
-0.3903 -0.022294
-0.3817 -0.019881
-0.3729 -0.017664
-0.3639 -0.015635
-0.3548 -0.013789
-0.3457 -0.012121
-0.3364 -0.010623
-0.3396 -0.088839
-0.3436 -0.085182
-0.3457 -0.082848
-0.3464 -0.081450
-0.3464 -0.080671
-0.3458 -0.080303
-0.3449 -0.080221
-0.3437 -0.080348
-0.3424 -0.080638
-0.3410 -0.081057
-0.3394 -0.081578
-0.3378 -0.082182
-0.3361 -0.082852
-0.3343 -0.083585
-0.3325 -0.084387
-0.3301 -0.077732
-0.3253 -0.066718
-0.3185 -0.057875
-0.3139 -0.142744
-0.3209 -0.129469
-0.3245 -0.120383
-0.3257 -0.114198
-0.3254 -0.109924
-0.3243 -0.106864
-0.3228 -0.104586
-0.3213 -0.102835
-0.3317 -0.179006
-0.3429 -0.165449
-0.3510 -0.155581
-0.3569 -0.148394
-0.3611 -0.143156
-0.3641 -0.139367
-0.3658 -0.130593
-0.3652 -0.120667
-0.3629 -0.113773
-0.3596 -0.108903
-0.3556 -0.105436
-0.3512 -0.102976
-0.3467 -0.101259
-0.3421 -0.100101
-0.3376 -0.099375
-0.3332 -0.098986
-0.3289 -0.098865
-0.3249 -0.098961
-0.3210 -0.099236
-0.3173 -0.099662
-0.3137 -0.100217
-0.3102 -0.100884
-0.3069 -0.101647
-0.3037 -0.102488
-0.2995 -0.090180
-0.2926 -0.077870
-0.2838 -0.067795
-0.2734 -0.059330
-0.2618 -0.052087
-0.2491 -0.045818
-0.2414 -0.298414
-0.2743 -0.254738
-0.2989 -0.222677
-0.3169 -0.199518
-0.3299 -0.182816
-0.3394 -0.170628
-0.3464 -0.161576
-0.3517 -0.154757
-0.3556 -0.149595
-0.3586 -0.145709
-0.3607 -0.142828
-0.3622 -0.140744
-0.3631 -0.139288
-0.3637 -0.138328
-0.3639 -0.137764
-0.3639 -0.137405
-0.3625 -0.127205
-0.3594 -0.120199
-0.3552 -0.114761
-0.3490 -0.099311
-0.3404 -0.087084
-0.3302 -0.076906
-0.3187 -0.068144
-0.3063 -0.060447
-0.2930 -0.053612
-0.2790 -0.047516
