0.9570
0.9643
0.9608
0.9608
0.9608
0.9608
0.9608
0.9608
0.9608
0.9608
0.9608
0.9608
0.9608
0.9608
0.9608
0.9608
0.9608
0.9608
0.9608
0.9608
0.9608
0.9608
0.9608
0.9608
0.9608
0.9608
0.9608
0.9608
0.9608
0.9608
0.9608
0.9608
0.9608
0.9608
0.9608
0.9608
0.9608
0.9608
0.9608
0.9608
0.9608
0.9608
0.9608
0.9608
0.9608
0.9608
0.9608
0.9608
0.9608
0.9608
0.9608
0.9608
0.9608
0.9608
0.9608
0.9608
0.9608
0.9608
0.9608
0.9608
0.9608
0.9608
0.9608
0.9608
0.9608
0.9608
0.9608
0.9608
0.9608
0.9608
0.9608
0.9608
0.9608
0.9608
0.9608
0.9608
0.9608
0.9608
0.9608
0.9608
0.9608
0.9608
0.9608
0.9608
0.9608
0.9608
0.9608
0.9608
0.9608
0.9608
0.9608
0.9608
0.9608
0.9608
0.9608
0.9608
0.9608
0.9608
0.9608
0.9608
0.9608
0.9608
0.9608
0.9608
0.9608
0.9608
0.9608
0.9608
0.9608
0.9608
0.9608
0.9608
0.9608
0.9608
0.9608
0.9608
0.9608
0.9608
0.9608
0.9608
0.9608
0.9608
0.9608
0.9608
0.9608
0.9608
0.9608
0.9608
0.9608
0.9608
0.9608
0.9608
0.9608
0.9608
0.9608
0.9608
0.9608
0.9608
0.9608
0.9608
0.9608
0.9608
0.9608
0.9608
0.9608
0.9608
0.9608
0.9608
0.9608
0.9608
