0.6459
0.5769
0.5349
0.4364
0.3566
0.2977
0.2702
0.2638
0.2643
0.2670
0.2682
0.2694
0.2689
0.2689
0.2689
0.2689
0.2690
0.2692
0.2689
0.2685
0.2691
0.2691
0.2690
0.2688
0.2688
0.2689
0.2684
0.2695
0.2688
0.2692
0.2690
0.2688
0.2686
0.2686
0.2686
0.2693
0.2692
0.2684
0.2695
0.2690
0.2680
0.2695
0.2695
0.2688
0.2691
0.2690
0.2690
0.2686
0.2690
0.2687
0.2693
0.2685
0.2689
0.2688
0.2681
0.2686
0.2688
0.2692
0.2690
0.2688
0.2688
0.2686
0.2690
0.2688
0.2692
0.2688
0.2686
0.2690
0.2693
0.2686
0.2690
0.2684
0.2686
0.2693
0.2690
0.2694
0.2687
0.2688
0.2695
0.2685
0.2683
0.2687
0.2690
0.2693
0.2689
0.2688
0.2689
0.2691
0.2689
0.2688
0.2693
0.2688
0.2690
0.2692
0.2693
0.2694
0.2688
0.2688
0.2690
0.2689
0.2686
0.2687
0.2688
0.2688
0.2690
0.2685
0.2684
0.2689
0.2685
0.2685
0.2690
0.2692
0.2688
0.2693
0.2689
0.2692
0.2692
0.2690
0.2689
0.2691
0.2695
0.2689
0.2688
0.2692
0.2690
0.2691
0.2688
0.2689
0.2690
0.2692
0.2696
0.2683
0.2693
0.2690
0.2693
0.2683
0.2686
0.2690
0.2689
0.2693
0.2690
0.2686
0.2694
0.2694
0.2688
0.2687
0.2690
0.2692
0.2690
0.2693
