0.8130
0.7562
0.7102
0.6089
0.4966
0.3986
0.3285
0.2988
0.2961
0.2990
0.3019
0.3026
0.3029
0.3021
0.3029
0.3027
0.3024
0.3024
0.3030
0.3032
0.3024
0.3025
0.3030
0.3030
0.3027
0.3025
0.3034
0.3020
0.3024
0.3028
0.3025
0.3024
0.3022
0.3029
0.3023
0.3031
0.3028
0.3022
0.3025
0.3017
0.3035
0.3023
0.3020
0.3029
0.3023
0.3029
0.3026
0.3022
0.3030
0.3016
0.3023
0.3027
0.3025
0.3023
0.3032
0.3026
0.3037
0.3022
0.3028
0.3025
0.3027
0.3018
0.3025
0.3027
0.3028
0.3027
0.3028
0.3024
0.3027
0.3024
0.3030
0.3028
0.3024
0.3021
0.3022
0.3029
0.3035
0.3025
0.3029
0.3026
0.3031
0.3019
0.3032
0.3025
0.3027
0.3027
0.3019
0.3027
0.3025
0.3022
0.3034
0.3026
0.3025
0.3014
0.3029
0.3024
0.3031
0.3035
0.3018
0.3021
0.3024
0.3032
0.3023
0.3027
0.3026
0.3023
0.3032
0.3019
0.3036
0.3024
0.3029
0.3023
0.3021
0.3019
0.3028
0.3027
0.3032
0.3027
0.3019
0.3029
0.3031
0.3030
0.3029
0.3030
0.3029
0.3025
0.3024
0.3029
0.3034
0.3022
0.3036
0.3023
0.3033
0.3031
0.3030
0.3028
0.3026
0.3026
0.3027
0.3032
0.3021
0.3023
0.3019
0.3027
0.3024
0.3020
0.3019
0.3029
0.3027
0.3030
