0.9532
0.9876
0.9954
0.9980
0.9974
0.9976
0.9976
0.9977
0.9976
0.9975
0.9975
0.9976
0.9976
0.9975
0.9975
0.9975
0.9976
0.9975
0.9977
0.9976
0.9975
0.9976
0.9977
0.9977
0.9976
0.9976
0.9974
0.9976
0.9975
0.9976
0.9977
0.9976
0.9976
0.9976
0.9975
0.9977
0.9975
0.9975
0.9976
0.9976
0.9976
0.9977
0.9975
0.9976
0.9974
0.9977
0.9976
0.9975
0.9977
0.9976
0.9976
0.9977
0.9977
0.9976
0.9975
0.9976
0.9976
0.9977
0.9976
0.9976
0.9977
0.9977
0.9976
0.9975
0.9976
0.9977
0.9977
0.9977
0.9977
0.9975
0.9976
0.9976
0.9975
0.9976
0.9975
0.9977
0.9975
0.9976
0.9975
0.9977
0.9977
0.9976
0.9975
0.9975
0.9976
0.9977
0.9976
0.9974
0.9976
0.9976
0.9977
0.9976
0.9978
0.9975
0.9976
0.9977
0.9977
0.9976
0.9975
0.9974
0.9976
0.9977
0.9974
0.9977
0.9975
0.9976
0.9977
0.9978
0.9975
0.9976
0.9976
0.9977
0.9975
0.9976
0.9976
0.9976
0.9976
0.9977
0.9977
0.9977
