0.9902
0.9552
0.9282
0.9242
0.9238
0.9258
0.9252
0.9275
0.9292
0.9301
0.9320
0.9310
0.9276
0.9249
0.9283
0.9318
0.9273
0.9191
0.9260
0.9279
0.9308
0.9229
0.9208
0.9298
0.9276
0.9244
0.9240
0.9258
0.9263
0.9243
0.9242
0.9270
0.9274
0.9347
0.9372
0.9281
0.9247
0.9220
0.9245
0.9272
0.9313
0.9300
0.9282
0.9277
0.9248
0.9254
0.9299
0.9323
0.9299
0.9276
0.9278
0.9294
0.9282
0.9318
0.9255
0.9236
0.9240
0.9288
0.9310
0.9308
0.9274
0.9276
0.9306
0.9237
0.9289
0.9254
0.9252
0.9249
0.9271
0.9336
0.9337
0.9357
0.9361
0.9286
0.9257
0.9248
0.9267
0.9241
0.9254
0.9291
0.9280
0.9303
0.9341
0.9302
0.9252
0.9321
0.9350
0.9301
0.9281
0.9307
0.9295
0.9275
0.9213
0.9252
0.9285
0.9306
0.9327
0.9370
0.9242
0.9217
0.9187
0.9219
0.9290
0.9331
0.9286
0.9226
0.9229
0.9287
0.9265
0.9309
0.9304
0.9326
0.9334
0.9337
0.9308
0.9298
0.9342
0.9271
0.9279
0.9289
0.9309
0.9293
0.9365
0.9327
0.9315
0.9306
0.9252
0.9249
0.9299
0.9282
0.9287
0.9311
0.9291
0.9319
0.9319
0.9351
0.9394
0.9395
0.9307
0.9248
0.9268
0.9292
0.9329
0.9280
0.9283
0.9307
0.9201
0.9227
0.9279
0.9319
