0.0893 -0.019941
0.1478 -0.033140
0.1897 -0.042618
0.2131 -0.047904
0.2214 -0.049813
0.2193 -0.049352
0.2104 -0.047359
0.1974 -0.044437
0.1820 -0.040986
0.1654 -0.037245
0.1480 -0.033341
0.1301 -0.029315
0.1116 -0.025144
0.0920 -0.020744
0.0707 -0.015950
0.0464 -0.009936
0.0169 -0.003476
-0.0218 0.004001
-0.0749 0.011514
-0.1435 0.018298
-0.2168 0.022908
-0.2821 0.024676
-0.3348 0.024230
-0.3755 0.022480
-0.4064 0.020121
-0.4295 0.017586
-0.4466 0.015121
-0.4590 0.012850
-0.4678 0.010828
-0.4736 0.009065
-0.4771 0.007551
-0.4788 0.006265
-0.4789 0.005182
-0.4778 0.004274
-0.4755 0.003517
-0.4724 0.002889
-0.4684 0.002368
-0.4636 0.001938
-0.4582 0.001584
-0.4522 0.001293
-0.4457 0.001053
-0.4386 0.000857
-0.4311 0.000696
-0.4231 0.000565
-0.4147 0.000458
-0.4059 0.000371
-0.3967 0.000300
-0.3873 0.000242
-0.3775 0.000195
-0.3676 0.000157
-0.3574 0.000126
-0.3471 0.000101
-0.3366 0.000081
-0.3260 0.000065
-0.3153 0.000052
-0.3045 0.000042
-0.2937 0.000033
-0.2829 0.000026
-0.2723 0.000021
-0.2620 0.000017
-0.2522 0.000013
-0.2434 0.000011
-0.2358 0.000008
-0.2296 0.017234
-0.2221 0.016667
-0.2167 0.016260
-0.2136 0.016027
-0.2130 0.015979
-0.2150 0.016124
-0.2194 0.016452
-0.2259 0.016936
-0.2339 0.017536
-0.2429 0.018212
-0.2524 0.018924
-0.2620 0.019642
-0.2713 0.020342
-0.2802 0.021006
-0.2884 0.021622
-0.2959 0.022185
-0.3026 0.022690
-0.3086 0.023139
-0.3138 0.023532
-0.3186 0.020714
-0.3234 0.017387
-0.3282 0.014588
-0.3328 0.012232
-0.3372 0.010247
-0.3413 0.008576
-0.3451 0.007169
-0.3485 0.005986
-0.3515 0.004992
-0.3542 0.004159
-0.3564 0.003460
-0.3583 0.002876
-0.3598 0.002388
-0.3609 0.001980
-0.3617 0.001641
-0.3621 0.001358
-0.3621 0.001123
-0.3619 0.000928
-0.3613 0.000766
-0.3604 0.000632
-0.3592 0.000521
-0.3577 0.000429
-0.3558 0.000353
-0.3536 0.000290
-0.3511 0.000238
-0.3482 0.000195
-0.3450 0.000160
-0.3414 0.000131
-0.3375 0.000107
-0.3331 0.000087
-0.3284 0.000071
-0.3232 0.000058
-0.3176 0.000047
-0.3116 0.000038
-0.3051 0.000031
-0.2982 0.000025
-0.2909 0.000020
-0.2831 0.000016
-0.2749 0.000013
-0.2662 0.000010
-0.2571 0.000008
-0.2474 0.000007
-0.2372 0.000005
-0.2263 0.000004
-0.2148 0.000003
-0.2022 0.000003
-0.1885 0.000002
-0.1733 0.000001
-0.1560 0.000001
-0.1357 0.000001
-0.1110 0.000001
-0.0789 0.000000
-0.0338 0.000000
0.0325 -0.002379
0.1157 -0.008613
0.1885 -0.028179
0.2342 -0.035085
0.2535 -0.057011
0.2552 -0.057424
0.2465 -0.055482
0.2318 -0.052197
0.2142 -0.048230
0.1952 -0.043972
0.1759 -0.039631
0.1567 -0.035290
0.1374 -0.030958
0.1180 -0.026585
0.0979 -0.022070
0.0764 -0.017247
0.0524 -0.011846
0.0237 -0.005406
-0.0131 0.002832
-0.0630 0.013151
-0.1281 0.025232
-0.1998 0.035181
-0.2650 0.040746
-0.3182 0.040495
-0.3599 0.037880
-0.3918 0.034107
-0.4160 0.029951
-0.4343 0.025854
-0.4479 0.022049
-0.4579 0.018639
-0.4650 0.015652
-0.4699 0.013077
-0.4730 0.010882
-0.4745 0.009028
-0.4748 0.007469
-0.4742 0.006167
-0.4726 0.005083
-0.4704 0.004182
-0.4675 0.003437
-0.4640 0.002821
-0.4601 0.002312
-0.4557 0.001894
-0.4510 0.001549
-0.4458 0.001266
-0.4403 0.001034
-0.4345 0.000844
-0.4283 0.000688
-0.4218 0.000560
-0.4150 0.000456
-0.4079 0.000370
-0.4004 0.000301
-0.3927 0.000244
-0.3847 0.000197
-0.3764 0.000160
-0.3678 0.000129
-0.3589 0.000104
-0.3498 0.000084
-0.3405 0.000068
-0.3309 0.000054
-0.3212 0.000044
-0.3112 0.000035
-0.3010 0.000028
-0.2907 0.000022
-0.2801 0.000018
-0.2693 0.000014
-0.2583 0.000011
-0.2469 0.000009
-0.2353 0.000007
-0.2235 0.000005
-0.2121 0.000004
-0.1988 0.014921
-0.1869 0.014025
-0.1772 0.013298
-0.1703 0.012775
-0.1664 0.012480
-0.1655 0.012413
-0.1675 0.012563
-0.1722 0.012911
-0.1793 0.013439
-0.1884 0.014123
-0.1992 0.014935
-0.2114 0.015843
-0.2242 0.016809
-0.2374 0.017797
-0.2504 0.018774
-0.2629 0.019711
-0.2746 0.020590
-0.2854 0.021397
-0.2954 0.018839
-0.3049 0.016081
-0.3139 0.013689
-0.3223 0.011619
-0.3299 0.009835
-0.3368 0.008302
-0.3430 0.006990
-0.3484 0.005871
-0.3532 0.004921
-0.3572 0.004115
-0.3606 0.003435
-0.3634 0.002862
-0.3656 0.002381
-0.3673 0.001978
-0.3685 0.001641
-0.3693 0.001359
-0.3696 0.001125
-0.3695 0.000930
-0.3690 0.000768
-0.3681 0.000633
-0.3669 0.000522
-0.3654 0.000430
-0.3635 0.000353
-0.3614 0.000291
-0.3589 0.000239
-0.3561 0.000196
-0.3531 0.000160
-0.3497 0.000131
-0.3460 0.000107
-0.3420 0.000088
-0.3376 0.000072
-0.3330 0.000058
-0.3280 0.000048
-0.3226 0.000039
-0.3169 0.000031
-0.3108 0.000026
-0.3044 0.000021
-0.2976 0.000017
-0.2904 0.000013
-0.2828 0.000011
-0.2748 0.000009
-0.2664 0.000007
-0.2576 0.000006
-0.2483 0.000004
-0.2385 0.000004
-0.2281 0.000003
-0.2170 0.000002
-0.2050 0.000002
-0.1919 0.000001
-0.1774 0.000001
-0.1608 0.000001
-0.1410 0.000001
-0.1163 0.000000
-0.0831 0.000000
-0.0330 0.002523
0.0432 -0.003169
0.1378 -0.010267
0.2163 -0.016176
0.2607 -0.039059
0.2716 -0.081472
0.2647 -0.079461
0.2494 -0.074859
0.2300 -0.069047
0.2092 -0.062809
0.1883 -0.056539
0.1678 -0.050394
0.1478 -0.044393
0.1281 -0.038474
0.1082 -0.032518
0.0876 -0.026340
0.0653 -0.019667
0.0399 -0.011913
0.0090 -0.002649
-0.0315 0.008501
-0.0860 0.022649
-0.1527 0.039262
-0.2198 0.054218
-0.2777 0.059202
-0.3243 0.057207
-0.3609 0.052652
-0.3892 0.046963
-0.4111 0.041018
-0.4279 0.035306
-0.4407 0.030071
-0.4505 0.025413
-0.4577 0.021349
-0.4628 0.017853
-0.4664 0.014873
-0.4685 0.012354
-0.4695 0.010236
-0.4695 0.008463
-0.4686 0.006985
-0.4671 0.005756
-0.4649 0.004737
-0.4621 0.003893
-0.4588 0.003196
-0.4551 0.002621
-0.4510 0.002148
-0.4465 0.001758
-0.4416 0.001438
-0.4363 0.001174
-0.4307 0.000959
-0.4248 0.000782
-0.4185 0.000637
-0.4120 0.000518
-0.4051 0.000421
-0.3978 0.000342
-0.3903 0.000278
-0.3825 0.000225
-0.3743 0.000182
-0.3659 0.000147
-0.3571 0.000119
-0.3481 0.000096
-0.3389 0.000077
-0.3294 0.000062
-0.3196 0.000050
-0.3096 0.000040
-0.2994 0.000032
-0.2890 0.000025
-0.2784 0.000020
-0.2675 0.000016
-0.2563 0.000013
-0.2447 0.000010
-0.2328 0.000008
-0.2203 0.000006
-0.2070 0.000005
-0.1928 0.000004
-0.1771 0.000003
-0.1593 0.000002
-0.1384 0.000002
-0.1121 0.000001
-0.0761 0.005742
-0.0218 0.001687
0.0592 -0.004372
0.1514 -0.022586
0.2201 -0.049415
0.2529 -0.075818
0.2615 -0.078443
0.2551 -0.076578
0.2406 -0.072242
0.2222 -0.066729
0.2024 -0.060772
0.1823 -0.054739
0.1624 -0.048781
0.1429 -0.042915
0.1234 -0.037081
0.1037 -0.031157
0.0830 -0.024953
0.0603 -0.018171
0.0342 -0.010104
0.0018 -0.000616
-0.0410 0.011008
-0.0984 0.024493
-0.1666 0.038422
-0.2338 0.045656
-0.2912 0.047073
-0.3371 0.045080
-0.3728 0.041229
-0.4001 0.036599
-0.4210 0.031844
-0.4368 0.027321
-0.4487 0.023204
-0.4574 0.019559
-0.4636 0.016393
-0.4678 0.013677
-0.4704 0.011371
-0.4716 0.009426
-0.4717 0.007795
-0.4708 0.006433
-0.4691 0.005300
-0.4667 0.004359
-0.4636 0.003581
-0.4600 0.002938
-0.4559 0.002407
-0.4513 0.001970
-0.4463 0.001611
-0.4408 0.001316
-0.4350 0.001073
-0.4287 0.000875
-0.4221 0.000712
-0.4151 0.000579
-0.4078 0.000470
-0.4001 0.000382
-0.3921 0.000309
-0.3838 0.000250
-0.3751 0.000202
-0.3662 0.000163
-0.3570 0.000132
-0.3475 0.000106
-0.3378 0.000085
-0.3278 0.000068
-0.3177 0.000055
-0.3073 0.000044
-0.2968 0.000035
-0.2860 0.000028
-0.2751 0.000022
-0.2639 0.000018
-0.2525 0.000014
-0.2407 0.000011
-0.2285 0.000009
-0.2157 0.000007
-0.2021 0.000005
-0.1874 0.000004
-0.1712 0.000003
-0.1526 0.000002
-0.1302 0.000002
-0.1015 0.000001
-0.0613 0.004632
0.0005 0.000041
0.0876 -0.012995
0.1734 -0.051819
0.2271 -0.068008
0.2514 -0.075393
0.2553 -0.076596
0.2468 -0.074081
0.2317 -0.069571
0.2136 -0.064125
0.1942 -0.058329
0.1747 -0.052474
0.1554 -0.046668
0.1362 -0.040911
0.1169 -0.035132
0.0971 -0.029197
0.0761 -0.022893
0.0527 -0.015884
0.0251 -0.007442
-0.0098 0.002600
-0.0568 0.014260
-0.1185 0.027001
-0.1885 0.035591
-0.2544 0.039760
-0.3092 0.039991
-0.3523 0.037702
-0.3856 0.034126
-0.4110 0.030078
-0.4302 0.026034
-0.4446 0.022248
-0.4552 0.018836
-0.4629 0.015837
-0.4682 0.013245
-0.4716 0.011031
-0.4734 0.009157
-0.4740 0.007580
-0.4735 0.006261
-0.4721 0.005161
-0.4699 0.004248
-0.4671 0.003491
-0.4636 0.002865
-0.4596 0.002349
-0.4552 0.001923
-0.4503 0.001573
-0.4449 0.001285
-0.4392 0.001049
-0.4330 0.000855
-0.4265 0.000696
-0.4197 0.000566
-0.4124 0.000460
-0.4048 0.000374
-0.3969 0.000303
-0.3886 0.000245
-0.3800 0.000198
-0.3711 0.000160
-0.3619 0.000129
-0.3524 0.000104
-0.3427 0.000084
-0.3327 0.000067
-0.3225 0.000054
-0.3121 0.000043
-0.3015 0.000034
-0.2907 0.000027
-0.2798 0.000022
-0.2686 0.000017
-0.2571 0.000014
-0.2454 0.000011
-0.2332 0.000008
-0.2206 0.000007
-0.2072 0.000005
-0.1929 0.000004
-0.1772 0.000003
-0.1594 0.000002
-0.1385 0.000002
-0.1123 0.000001
-0.0768 0.000001
-0.0235 0.003627
0.0562 -0.008292
0.1470 -0.043869
0.2130 -0.063741
0.2477 -0.074253
0.2581 -0.077426
0.2530 -0.075926
0.2393 -0.071826
0.2213 -0.066462
0.2018 -0.060601
0.1819 -0.054632
0.1622 -0.048716
0.1427 -0.042880
0.1234 -0.037068
0.1037 -0.031160
0.0830 -0.024970
0.0604 -0.018203
0.0343 -0.010382
0.0020 -0.000668
-0.0408 0.010396
-0.0983 0.022180
-0.1675 0.031333
-0.2362 0.036591
-0.2950 0.037822
-0.3418 0.036257
-0.3780 0.033165
-0.4056 0.029432
-0.4266 0.025593
-0.4422 0.021942
-0.4539 0.018620
-0.4623 0.015682
-0.4682 0.013131
-0.4720 0.010947
-0.4742 0.009093
-0.4750 0.007532
-0.4748 0.006224
-0.4735 0.005133
-0.4715 0.004226
-0.4688 0.003474
-0.4654 0.002852
-0.4616 0.002338
-0.4572 0.001915
-0.4523 0.001567
-0.4471 0.001280
-0.4414 0.001045
-0.4354 0.000852
-0.4289 0.000694
-0.4221 0.000565
-0.4150 0.000459
-0.4075 0.000373
-0.3996 0.000302
-0.3914 0.000245
-0.3828 0.000198
-0.3740 0.000160
-0.3648 0.000129
-0.3554 0.000104
-0.3457 0.000084
-0.3358 0.000067
-0.3256 0.000054
-0.3152 0.000043
-0.3047 0.000034
-0.2939 0.000027
-0.2830 0.000022
-0.2718 0.000017
-0.2604 0.000014
-0.2487 0.000011
-0.2366 0.000009
-0.2241 0.000007
-0.2109 0.000005
-0.1968 0.000004
-0.1815 0.000003
-0.1643 0.000002
-0.1442 0.000002
-0.1196 0.000001
-0.0870 0.000001
-0.0395 0.006008
0.0336 -0.004914
0.1251 -0.027945
0.1989 -0.059490
0.2414 -0.072329
0.2572 -0.077144
0.2554 -0.076629
0.2433 -0.073049
0.2262 -0.067921
0.2069 -0.062140
0.1871 -0.056177
0.1673 -0.050241
0.1478 -0.044387
0.1284 -0.038577
0.1088 -0.032709
0.0885 -0.026614
0.0665 -0.020032
0.0415 -0.012544
0.0112 -0.003311
-0.0284 0.007377
-0.0820 0.018955
-0.1492 0.028613
-0.2195 0.034847
-0.2814 0.036981
-0.3313 0.036027
-0.3701 0.033290
-0.3998 0.029739
-0.4223 0.025976
-0.4392 0.022340
-0.4517 0.019001
-0.4609 0.016029
-0.4673 0.013439
-0.4716 0.011214
-0.4742 0.009322
-0.4753 0.007726
-0.4752 0.006388
-0.4742 0.005270
-0.4723 0.004340
-0.4697 0.003569
-0.4665 0.002930
-0.4627 0.002403
-0.4584 0.001969
-0.4537 0.001611
-0.4485 0.001317
-0.4429 0.001075
-0.4369 0.000877
-0.4306 0.000714
-0.4238 0.000581
-0.4167 0.000473
-0.4092 0.000384
-0.4014 0.000311
-0.3932 0.000252
-0.3848 0.000204
-0.3759 0.000165
-0.3668 0.000133
-0.3574 0.000107
-0.3478 0.000086
-0.3379 0.000069
-0.3277 0.000056
-0.3174 0.000044
-0.3068 0.000036
-0.2961 0.000028
-0.2852 0.000023
-0.2740 0.000018
-0.2627 0.000014
-0.2510 0.000011
-0.2390 0.000009
-0.2266 0.000007
-0.2135 0.000005
-0.1996 0.000004
-0.1845 0.000003
-0.1678 0.000002
-0.1484 0.000002
-0.1248 0.000001
-0.0941 0.000001
-0.0504 0.003819
0.0174 -0.002493
0.1075 -0.023990
0.1869 -0.055863
0.2355 -0.070537
0.2558 -0.076713
0.2567 -0.077035
0.2462 -0.073905
0.2298 -0.068987
0.2107 -0.063282
0.1909 -0.057328
0.1711 -0.051376
0.1515 -0.045505
0.1321 -0.039691
0.1126 -0.033843
0.0925 -0.027808
0.0709 -0.021344
0.0466 -0.014071
0.0175 -0.005241
-0.0199 0.005239
-0.0706 0.016733
-0.1358 0.026713
-0.2066 0.033659
-0.2707 0.036500
-0.3229 0.036032
-0.3637 0.033571
-0.3950 0.030151
-0.4187 0.026432
-0.4366 0.022789
-0.4499 0.019418
-0.4596 0.016403
-0.4665 0.013766
-0.4711 0.011496
-0.4740 0.009563
-0.4753 0.007929
-0.4755 0.006558
-0.4746 0.005412
-0.4729 0.004459
-0.4704 0.003667
-0.4672 0.003012
-0.4635 0.002471
-0.4593 0.002024
-0.4546 0.001657
-0.4495 0.001354
-0.4440 0.001106
-0.4380 0.000902
-0.4317 0.000735
-0.4250 0.000598
-0.4179 0.000486
-0.4105 0.000395
-0.4027 0.000320
-0.3945 0.000260
-0.3861 0.000210
-0.3773 0.000170
-0.3682 0.000137
-0.3588 0.000110
-0.3492 0.000089
-0.3393 0.000071
-0.3291 0.000057
-0.3188 0.000046
-0.3082 0.000037
-0.2975 0.000029
-0.2866 0.000023
-0.2755 0.000019
-0.2641 0.000015
-0.2525 0.000012
-0.2405 0.000009
-0.2281 0.000007
-0.2151 0.000006
-0.2013 0.000004
-0.1864 0.000003
-0.1699 0.000002
-0.1509 0.000002
-0.1279 0.000001
-0.0983 0.000001
-0.0566 0.000000
0.0078 -0.001058
0.0964 -0.021482
0.1788 -0.053430
0.2313 -0.069279
0.2546 -0.076359
0.2574 -0.077245
0.2479 -0.074422
0.2320 -0.069646
0.2131 -0.063992
0.1933 -0.058044
0.1734 -0.052080
0.1538 -0.046195
0.1344 -0.040375
0.1149 -0.034535
0.0949 -0.028530
0.0735 -0.022130
0.0497 -0.014976
0.0213 -0.006398
-0.0150 0.003970
-0.0639 0.015405
-0.1278 0.025580
-0.1986 0.032949
-0.2639 0.036238
-0.3176 0.036086
-0.3597 0.033803
-0.3919 0.030465
-0.4164 0.026769
-0.4349 0.023117
-0.4486 0.019720
-0.4587 0.016673
-0.4659 0.014002
-0.4708 0.011698
-0.4738 0.009735
-0.4753 0.008074
-0.4755 0.006680
-0.4748 0.005514
-0.4731 0.004543
-0.4707 0.003737
-0.4676 0.003070
-0.4639 0.002518
-0.4597 0.002063
-0.4550 0.001689
-0.4499 0.001380
-0.4444 0.001127
-0.4384 0.000920
-0.4321 0.000749
-0.4254 0.000610
-0.4183 0.000496
-0.4109 0.000403
-0.4030 0.000327
-0.3949 0.000265
-0.3864 0.000214
-0.3776 0.000173
-0.3684 0.000140
-0.3590 0.000112
-0.3493 0.000090
-0.3394 0.000073
-0.3292 0.000058
-0.3189 0.000047
-0.3083 0.000037
-0.2976 0.000030
-0.2866 0.000024
-0.2755 0.000019
-0.2641 0.000015
-0.2524 0.000012
-0.2405 0.000009
-0.2281 0.000007
-0.2151 0.000006
-0.2013 0.000004
-0.1864 0.000003
-0.1698 0.000003
-0.1508 0.000002
-0.1278 0.000001
-0.0982 0.000001
-0.0565 0.000000
0.0079 -0.001067
0.0963 -0.021469
0.1787 -0.053405
0.2313 -0.069276
0.2547 -0.076372
0.2575 -0.077261
0.2480 -0.074431
0.2320 -0.069646
0.2131 -0.063983
0.1932 -0.058028
0.1733 -0.052058
0.1537 -0.046168
0.1343 -0.040344
0.1148 -0.034501
0.0948 -0.028491
0.0734 -0.022085
0.0495 -0.014922
0.0210 -0.006324
-0.0153 0.004066
-0.0643 0.015482
-0.1283 0.025614
-0.1992 0.032945
-0.2644 0.036201
-0.3180 0.036027
-0.3600 0.033735
-0.3922 0.030396
-0.4166 0.026704
-0.4350 0.023059
-0.4487 0.019668
-0.4588 0.016627
-0.4659 0.013963
-0.4708 0.011665
-0.4738 0.009706
-0.4752 0.008050
-0.4755 0.006659
-0.4746 0.005497
-0.4729 0.004528
-0.4705 0.003725
-0.4673 0.003059
-0.4636 0.002509
-0.4594 0.002056
-0.4546 0.001682
-0.4494 0.001375
-0.4438 0.001123
-0.4378 0.000916
-0.4313 0.000746
-0.4245 0.000607
-0.4173 0.000493
-0.4097 0.000400
-0.4018 0.000325
-0.3935 0.000263
-0.3849 0.000213
-0.3759 0.000172
-0.3666 0.000138
-0.3571 0.000112
-0.3473 0.000090
-0.3373 0.000072
-0.3270 0.000058
-0.3165 0.000046
-0.3059 0.000037
-0.2950 0.000029
-0.2840 0.000023
-0.2728 0.000019
-0.2613 0.000015
-0.2496 0.000012
-0.2375 0.000009
-0.2249 0.000007
-0.2118 0.000006
-0.1977 0.000004
-0.1825 0.000003
-0.1654 0.000002
-0.1457 0.000002
-0.1216 0.000001
-0.0902 0.000001
-0.0453 0.003440
0.0232 -0.003361
0.1123 -0.025063
0.1881 -0.056253
0.2341 -0.070149
0.2532 -0.075927
0.2537 -0.076134
0.2433 -0.073039
0.2272 -0.068214
0.2085 -0.062611
0.1890 -0.056749
0.1694 -0.050871
0.1500 -0.045053
0.1307 -0.039276
0.1113 -0.033448
0.0912 -0.027413
0.0695 -0.020930
0.0451 -0.013607
0.0157 -0.004705
-0.0224 0.005921
-0.0738 0.017668
-0.1395 0.027712
-0.2101 0.034558
-0.2734 0.037233
-0.3250 0.036614
-0.3652 0.034031
-0.3959 0.030518
-0.4193 0.026726
-0.4369 0.023027
-0.4500 0.019611
-0.4595 0.016560
-0.4663 0.013895
-0.4708 0.011601
-0.4736 0.009648
-0.4749 0.007999
-0.4749 0.006614
-0.4739 0.005457
-0.4721 0.004495
-0.4695 0.003696
-0.4662 0.003035
-0.4623 0.002488
-0.4579 0.002038
-0.4531 0.001667
-0.4477 0.001362
-0.4419 0.001111
-0.4357 0.000906
-0.4291 0.000738
-0.4220 0.000600
-0.4146 0.000487
-0.4068 0.000395
-0.3987 0.000320
-0.3901 0.000259
-0.3813 0.000209
-0.3721 0.000169
-0.3627 0.000136
-0.3530 0.000110
-0.3430 0.000088
-0.3328 0.000071
-0.3224 0.000057
-0.3118 0.000045
-0.3010 0.000036
-0.2900 0.000029
-0.2789 0.000023
-0.2675 0.000018
-0.2559 0.000014
-0.2440 0.000011
-0.2318 0.000009
-0.2190 0.000007
-0.2055 0.000005
-0.1910 0.000004
-0.1751 0.000003
-0.1572 0.000002
-0.1365 0.000002
-0.1115 0.000001
-0.0795 0.000001
-0.0350 0.002666
0.0302 -0.004413
0.1107 -0.024725
0.1798 -0.040330
0.2235 -0.050212
0.2436 -0.054788
0.2470 -0.055573
0.2397 -0.053958
0.2263 -0.050955
0.2097 -0.047221
0.1916 -0.043151
0.1730 -0.038956
0.1542 -0.034729
0.1348 -0.040496
0.1140 -0.034261
0.0929 -0.027935
0.0705 -0.021229
0.0455 -0.013719
0.0154 -0.004596
-0.0234 0.006132
-0.0757 0.018282
-0.1421 0.030287
-0.2122 0.040208
-0.2741 0.046551
-0.3237 0.049677
-0.3616 0.050596
-0.3899 0.050190
-0.4108 0.049066
-0.4260 0.047603
-0.4368 0.046027
-0.4441 0.044463
-0.4488 0.040639
-0.4523 0.033862
-0.4548 0.028155
-0.4565 0.023364
-0.4573 0.019352
-0.4573 0.016001
-0.4566 0.013209
-0.4551 0.010887
-0.4530 0.008961
-0.4503 0.007364
-0.4470 0.006044
-0.4431 0.004954
-0.4387 0.004055
-0.4337 0.003314
