0.0915 -0.0212
0.0873 -0.0186
0.0829 -0.0164
0.0783 -0.0145
0.0735 -0.0129
0.0685 -0.0114
0.0632 -0.0101
0.0576 -0.0088
0.0513 -0.0140
0.0435 -0.0117
0.0351 -0.0094
-0.3198 0.0596
-0.3247 0.0571
-0.3271 0.0546
-0.3275 0.0523
-0.3262 0.0502
-0.3237 0.0482
-0.3201 0.0463
-0.3157 0.0429
-0.3116 0.0350
-0.3078 0.0286
-0.3041 0.0234
-0.3004 0.0191
-0.2966 0.0156
-0.2925 0.0127
-0.2882 0.0104
-0.2837 0.0084
-0.2789 0.0068
-0.2738 0.0056
-0.2684 0.0045
-0.2627 0.0036
-0.2567 0.0029
-0.2503 0.0024
-0.2436 0.0019
-0.2366 0.0015
-0.2240 0.0292
-0.2108 0.0273
-0.1972 0.0254
-0.1830 0.0235
-0.1677 0.0214
-0.1507 0.0192
-0.1309 0.0166
-0.1066 0.0135
-0.0747 0.0095
-0.0293 0.0038
0.0373 -0.0046
0.1196 -0.0149
0.1918 -0.0240
0.2395 -0.0300
0.2645 -0.0331
0.2730 -0.0342
0.2704 -0.0339
0.2611 -0.0327
0.2450 -0.0613
0.2266 -0.0524
0.2097 -0.0448
0.1940 -0.0386
0.1791 -0.0335
0.1651 -0.0292
0.1515 -0.0255
0.1384 -0.0223
0.1255 -0.0195
0.1126 -0.0169
0.0997 -0.0146
0.0863 -0.0123
0.0723 -0.0101
0.0572 -0.0079
0.0401 -0.0105
0.0194 -0.0051
-0.0055 0.0014
-0.0369 0.0094
-0.0768 0.0195
-0.1243 0.0315
-0.1738 0.0439
-0.2181 0.0550
-0.2533 0.0639
-0.2793 0.0703
-0.2974 0.0718
-0.3101 0.0686
-0.3186 0.0652
-0.3239 0.0619
-0.3267 0.0587
-0.3275 0.0557
-0.3266 0.0530
-0.3245 0.0506
-0.3214 0.0484
-0.3174 0.0464
-0.3127 0.0446
-0.3075 0.0429
-0.3018 0.0413
-0.2961 0.0344
-0.2912 0.0280
-0.2866 0.0228
-0.2822 0.0185
-0.2778 0.0151
-0.2734 0.0123
-0.2689 0.0100
-0.2642 0.0081
-0.2593 0.0066
-0.2542 0.0053
-0.2488 0.0043
-0.2431 0.0035
-0.2370 0.0028
-0.2307 0.0023
-0.2240 0.0018
-0.2169 0.0015
-0.2085 0.0272
-0.1952 0.0253
-0.1813 0.0234
-0.1642 0.0416
-0.1431 0.0362
-0.1186 0.0300
