0.0816 -0.158977
0.0635 -0.119228
0.0472 -0.083108
0.0312 -0.052020
0.0143 -0.022932
-0.0044 0.006313
-0.0258 0.037357
-0.0506 0.071238
-0.0786 0.107850
-0.1082 0.145336
-0.1368 0.180452
-0.1634 0.195469
-0.1877 0.205251
-0.2089 0.210595
-0.2266 0.212427
-0.2412 0.201731
-0.2565 0.177325
-0.2723 0.155649
-0.2879 0.136080
-0.3028 0.118355
-0.3168 0.102363
-0.3295 0.088043
-0.3409 0.075331
-0.3511 0.064141
-0.3599 0.054371
-0.3675 0.045902
-0.3739 0.038608
-0.3790 0.032362
-0.3830 0.027042
-0.3860 0.022533
-0.3880 0.018727
-0.3891 0.015528
-0.3894 0.012850
-0.3891 0.010615
-0.3882 0.008756
-0.3868 0.007215
-0.3851 0.005938
-0.3830 0.004883
-0.3807 0.004013
-0.3781 0.003296
-0.3754 0.002705
-0.3725 0.002220
-0.3696 0.001821
-0.3666 0.001494
-0.3637 0.001225
-0.3608 0.001005
-0.3579 0.000824
-0.3553 0.000676
-0.3528 0.000555
-0.3505 0.000456
-0.3486 0.000375
-0.3470 0.000309
-0.3458 0.000254
-0.3448 0.000210
-0.3441 0.000173
-0.3437 0.000143
-0.3435 0.000118
-0.3434 0.000098
-0.3436 0.000081
-0.3440 0.000067
-0.3319 0.199398
-0.2977 0.178816
-0.2696 0.161921
-0.2460 0.147765
-0.2258 0.135623
-0.2081 0.124967
-0.1922 0.115410
-0.1776 0.106624
-0.1637 0.098304
-0.1501 0.090162
-0.1364 0.081909
-0.1113 0.133923
-0.0796 0.095866
-0.0435 0.052686
-0.0008 0.001477
0.0475 -0.056415
0.0931 -0.108678
0.1283 -0.137322
0.1506 -0.149111
0.1500 -0.228558
0.1415 -0.207742
0.1313 -0.186714
0.1199 -0.166015
0.1078 -0.145848
0.0951 -0.126147
0.0817 -0.106644
0.0675 -0.086945
0.0525 -0.063110
0.0356 -0.060676
0.0146 -0.023845
-0.0077 0.011514
-0.0326 0.047923
-0.0609 0.086692
-0.0918 0.127337
-0.1240 0.159214
-0.1563 0.182248
-0.1864 0.199083
-0.2125 0.209821
-0.2341 0.215521
-0.2514 0.217514
-0.2649 0.216978
-0.2749 0.214801
-0.2821 0.211602
-0.2870 0.207790
-0.2916 0.180749
-0.2992 0.153292
-0.3083 0.130604
-0.3181 0.111409
-0.3279 0.094963
-0.3374 0.080801
-0.3465 0.068596
-0.3549 0.058093
-0.3625 0.049073
-0.3694 0.041345
-0.3754 0.034741
-0.3805 0.029114
-0.3846 0.024334
-0.3878 0.020287
-0.3901 0.016872
-0.3915 0.014000
-0.3920 0.011592
-0.3918 0.009579
-0.3909 0.007902
-0.3894 0.006509
-0.3874 0.005354
-0.3850 0.004398
-0.3822 0.003610
-0.3791 0.002961
-0.3759 0.002427
-0.3726 0.001989
-0.3693 0.001630
-0.3661 0.001336
-0.3630 0.001095
-0.3601 0.000899
-0.3574 0.000737
-0.3550 0.000606
-0.3529 0.000498
-0.3510 0.000409
-0.3495 0.000337
-0.3482 0.000278
-0.3471 0.000229
-0.3463 0.000189
-0.3457 0.000156
-0.3454 0.000129
-0.3228 0.193995
-0.2896 0.174035
-0.2623 0.157572
-0.2392 0.143704
-0.2193 0.131753
-0.2018 0.121231
-0.1861 0.111782
-0.1716 0.103087
-0.1579 0.094837
-0.1444 0.086726
-0.1306 0.078450
-0.1017 0.122383
-0.0694 0.083710
-0.0322 0.039120
0.0118 -0.013590
0.0597 -0.071028
0.1025 -0.115876
0.1342 -0.139564
0.1517 -0.237441
0.1459 -0.219241
0.1375 -0.199505
0.1274 -0.179355
0.1161 -0.159359
0.1040 -0.139704
0.0912 -0.120284
0.0776 -0.100792
0.0631 -0.077690
0.0483 -0.054153
0.0281 -0.046148
0.0063 -0.010186
-0.0176 0.025971
-0.0448 0.064252
-0.0754 0.105121
-0.1079 0.145775
-0.1409 0.172164
-0.1727 0.192467
-0.2010 0.206205
-0.2249 0.214163
-0.2443 0.217703
-0.2594 0.218166
-0.2710 0.216616
-0.2796 0.213806
-0.2855 0.210234
-0.2893 0.206216
-0.2930 0.179994
-0.2997 0.152230
-0.3083 0.129474
-0.3179 0.110373
-0.3279 0.094122
-0.3379 0.080197
-0.3476 0.068223
-0.3569 0.057915
-0.3655 0.049044
-0.3734 0.041420
-0.3803 0.034884
-0.3863 0.029295
-0.3912 0.024532
-0.3951 0.020486
-0.3980 0.017062
-0.3999 0.014176
-0.4009 0.011750
-0.4011 0.009719
-0.4005 0.008024
-0.3992 0.006614
-0.3974 0.005443
-0.3950 0.004474
-0.3923 0.003674
-0.3893 0.003015
-0.3861 0.002472
-0.3827 0.002026
-0.3793 0.001660
-0.3758 0.001360
-0.3724 0.001114
-0.3692 0.000913
-0.3662 0.000749
-0.3633 0.000614
-0.3608 0.000504
-0.3586 0.000415
-0.3568 0.000341
-0.3553 0.000281
-0.3540 0.000231
-0.3529 0.000191
-0.3521 0.000157
-0.3516 0.000130
-0.3196 0.192045
-0.2872 0.172556
-0.2604 0.156427
-0.2377 0.142790
-0.2181 0.130995
-0.2008 0.120585
-0.1852 0.111214
-0.1708 0.102565
-0.1571 0.094325
-0.1435 0.086190
-0.1296 0.077851
-0.1014 0.122072
-0.0690 0.083256
-0.0315 0.038287
0.0131 -0.015113
0.0616 -0.073334
0.1051 -0.116311
0.1372 -0.139930
0.1518 -0.235158
0.1465 -0.218169
0.1382 -0.198997
0.1280 -0.179051
0.1166 -0.159068
0.1042 -0.139322
0.0912 -0.119767
0.0774 -0.100183
0.0628 -0.078099
0.0479 -0.054305
0.0300 -0.049479
0.0090 -0.014414
-0.0136 0.020042
-0.0389 0.055966
-0.0674 0.094211
-0.0981 0.133831
-0.1291 0.164291
-0.1599 0.184835
-0.1882 0.199536
-0.2128 0.208688
-0.2332 0.213338
-0.2495 0.214707
-0.2623 0.213849
-0.2719 0.211556
-0.2788 0.208371
-0.2835 0.204654
-0.2868 0.188084
-0.2929 0.158777
-0.3012 0.135000
-0.3107 0.115137
-0.3207 0.098249
-0.3306 0.083751
-0.3402 0.071252
-0.3491 0.060466
-0.3573 0.051167
-0.3646 0.043170
-0.3709 0.036313
-0.3762 0.030454
-0.3806 0.025469
-0.3839 0.021244
-0.3863 0.017677
-0.3880 0.014677
-0.3889 0.012163
-0.3891 0.010064
-0.3888 0.008314
-0.3881 0.006861
-0.3869 0.005657
-0.3855 0.004659
-0.3838 0.003835
-0.3818 0.003155
-0.3797 0.002594
-0.3774 0.002132
-0.3750 0.001751
-0.3727 0.001439
-0.3703 0.001182
-0.3680 0.000971
-0.3658 0.000798
-0.3638 0.000657
-0.3620 0.000540
-0.3603 0.000445
-0.3589 0.000366
-0.3575 0.000301
-0.3562 0.000248
-0.3550 0.000205
-0.3539 0.000169
-0.3178 0.191004
-0.2851 0.171327
-0.2579 0.154970
-0.2349 0.141100
-0.2149 0.129107
-0.1974 0.118546
-0.1816 0.109051
-0.1670 0.100279
-0.1530 0.091903
-0.1392 0.083593
-0.1248 0.074977
-0.1091 0.065584
-0.0800 0.096345
-0.0446 0.054042
-0.0023 0.003360
0.0461 -0.054720
0.0931 -0.103225
0.1301 -0.133105
0.1467 -0.227627
0.1456 -0.217040
0.1397 -0.201326
0.1308 -0.183112
0.1200 -0.163896
0.1080 -0.144406
0.0950 -0.124898
0.0814 -0.105363
0.0669 -0.085622
0.0516 -0.064164
0.0353 -0.061399
0.0147 -0.024478
-0.0066 0.009930
-0.0299 0.044525
-0.0562 0.080885
-0.0851 0.119086
-0.1161 0.147497
-0.1482 0.171146
-0.1789 0.189393
-0.2061 0.201854
-0.2289 0.209248
-0.2475 0.212749
-0.2620 0.213497
-0.2731 0.212400
-0.2813 0.210110
-0.2870 0.207074
-0.2922 0.181959
-0.3004 0.154623
-0.3102 0.132020
-0.3207 0.112868
-0.3314 0.096420
-0.3417 0.082205
-0.3514 0.069900
-0.3603 0.059259
-0.3683 0.050080
-0.3752 0.042191
-0.3811 0.035435
-0.3860 0.029673
-0.3899 0.024779
-0.3927 0.020640
-0.3947 0.017151
-0.3959 0.014223
-0.3963 0.011773
-0.3962 0.009731
-0.3955 0.008033
-0.3945 0.006624
-0.3931 0.005458
-0.3915 0.004494
-0.3897 0.003698
-0.3877 0.003042
-0.3856 0.002502
-0.3835 0.002057
-0.3814 0.001691
-0.3792 0.001391
-0.3771 0.001143
-0.3751 0.000940
-0.3731 0.000773
-0.3713 0.000636
-0.3695 0.000524
-0.3678 0.000431
-0.3660 0.000355
-0.3641 0.000292
-0.3622 0.000240
-0.3601 0.000197
-0.3578 0.000162
-0.3537 0.212594
-0.3129 0.188059
-0.2791 0.167723
-0.2508 0.150665
-0.2268 0.136226
-0.2063 0.123900
-0.1886 0.113256
-0.1729 0.103875
-0.1588 0.095352
-0.1454 0.087307
-0.1321 0.079371
-0.1184 0.071140
-0.0970 0.116761
-0.0659 0.079526
-0.0295 0.035922
0.0139 -0.016148
0.0615 -0.068901
0.1053 -0.108715
0.1375 -0.131930
0.1431 -0.214463
0.1409 -0.203885
0.1344 -0.188860
0.1253 -0.171678
0.1145 -0.153542
0.1025 -0.134987
0.0895 -0.116168
0.0757 -0.097012
0.0611 -0.073836
0.0463 -0.051066
0.0301 -0.030707
0.0115 -0.011065
-0.0107 0.015520
-0.0358 0.050913
-0.0639 0.088578
-0.0944 0.125471
-0.1267 0.152516
-0.1590 0.174832
-0.1888 0.191315
-0.2146 0.202116
-0.2359 0.208259
-0.2530 0.210985
-0.2664 0.211372
-0.2766 0.210225
-0.2841 0.208096
-0.2894 0.205348
-0.2928 0.202206
-0.2946 0.198811
-0.2979 0.166210
-0.3044 0.140418
-0.3127 0.119255
-0.3218 0.101483
-0.3313 0.086361
-0.3406 0.073411
-0.3495 0.062295
-0.3580 0.052752
-0.3658 0.044569
-0.3729 0.037567
-0.3793 0.031592
-0.3848 0.026506
-0.3897 0.022190
-0.3937 0.018539
-0.3971 0.015458
-0.3997 0.012865
-0.4016 0.010688
-0.4028 0.008865
-0.4035 0.007342
-0.4037 0.006074
-0.4035 0.005019
-0.4030 0.004144
-0.4020 0.003419
-0.4009 0.002818
-0.3995 0.002323
-0.3981 0.001913
-0.3966 0.001576
-0.3951 0.001298
-0.3935 0.001069
-0.3920 0.000880
-0.3779 0.227708
-0.3374 0.203161
-0.3048 0.183429
-0.2781 0.167290
-0.2558 0.153814
-0.2368 0.142329
-0.2203 0.132384
-0.2058 0.123666
-0.1929 0.115905
-0.1812 0.108840
-0.1702 0.102227
-0.1596 0.095857
-0.1491 0.089554
-0.1384 0.083152
-0.1273 0.076445
-0.1151 0.069152
-0.1013 0.060413
-0.0860 0.042437
-0.0686 0.027994
-0.0447 0.042160
-0.0092 0.008431
0.0346 -0.028330
0.0825 -0.064865
0.1247 -0.094196
0.1449 -0.192572
0.1473 -0.192647
0.1425 -0.183741
0.1329 -0.169388
0.1204 -0.152011
0.1062 -0.133023
0.0909 -0.113109
0.0747 -0.092463
0.0576 -0.070929
0.0391 -0.048053
0.0188 -0.022498
-0.0049 0.007774
-0.0300 0.047626
-0.0574 0.087407
-0.0867 0.127359
-0.1167 0.161276
-0.1469 0.183231
-0.1759 0.199667
-0.2019 0.210571
-0.2243 0.216756
-0.2429 0.219366
-0.2580 0.219473
-0.2700 0.217920
-0.2791 0.215307
-0.2859 0.212036
-0.2905 0.208364
-0.2937 0.193667
-0.2996 0.163324
-0.3079 0.138766
-0.3174 0.118271
-0.3274 0.100872
-0.3376 0.085988
-0.3477 0.073225
-0.3577 0.062280
-0.3674 0.052894
-0.3767 0.044849
-0.3856 0.037956
-0.3939 0.032053
-0.4013 0.027005
-0.4079 0.022697
-0.4136 0.019029
-0.4184 0.015915
-0.4223 0.013280
-0.4252 0.011057
-0.4274 0.009188
-0.4287 0.007622
-0.4294 0.006312
-0.4295 0.005219
-0.4290 0.004311
-0.4281 0.003557
-0.4269 0.002933
-0.4255 0.002417
-0.4240 0.001991
-0.4223 0.001639
-0.4204 0.001350
-0.4185 0.001111
-0.3767 0.227115
-0.3384 0.203857
-0.3073 0.184987
-0.2815 0.169390
-0.2598 0.156245
-0.2411 0.144982
-0.2249 0.135214
-0.2108 0.126653
-0.1815 0.218255
-0.1496 0.179944
-0.1194 0.143655
-0.0882 0.106212
-0.0532 0.064327
-0.0119 0.014878
0.0357 -0.042242
0.0830 -0.099139
0.1208 -0.134204
0.1461 -0.149484
0.1597 -0.151830
0.1644 -0.146314
0.1476 -0.212807
0.1315 -0.184083
0.1162 -0.158746
0.1014 -0.135600
0.0868 -0.109393
0.0733 -0.083950
0.0597 -0.062772
0.0451 -0.043949
0.0286 -0.026074
0.0090 -0.007882
-0.0150 0.011961
-0.0454 0.034845
-0.0832 0.061582
-0.1270 0.090977
-0.1715 0.119425
-0.2108 0.143344
-0.2404 0.284712
-0.2436 0.263872
-0.2476 0.247419
-0.2515 0.233977
-0.2553 0.222880
-0.2591 0.213967
-0.2633 0.207116
-0.2679 0.202031
-0.2726 0.198303
-0.2772 0.195510
-0.2813 0.193280
-0.2847 0.191322
-0.2872 0.189422
-0.2887 0.187439
-0.2892 0.185287
-0.2887 0.179675
-0.2906 0.149543
-0.2959 0.125879
-0.3031 0.106614
-0.3114 0.090553
-0.3202 0.076977
-0.3291 0.065418
-0.3379 0.055541
-0.3465 0.047089
-0.3547 0.039855
-0.3624 0.033666
-0.3694 0.028377
-0.3757 0.023865
-0.3813 0.020023
-0.3860 0.016760
-0.3898 0.013996
-0.3929 0.011662
-0.3952 0.009699
-0.3968 0.008054
-0.3981 0.006679
-0.3990 0.005536
-0.4000 0.004588
-0.4010 0.003803
-0.4024 0.003155
-0.4040 0.002619
-0.4057 0.002175
-0.4076 0.001807
-0.4095 0.001501
-0.4030 0.243316
-0.3621 0.218398
-0.3292 0.198400
-0.3023 0.182062
-0.2799 0.168460
-0.2609 0.156943
-0.2259 0.271825
-0.1892 0.227607
-0.1576 0.189622
-0.1284 0.154506
-0.0991 0.119375
-0.0674 0.081316
-0.0306 0.037227
0.0129 -0.014868
0.0600 -0.071473
0.1019 -0.121828
0.1310 -0.152589
0.1483 -0.158321
0.1564 -0.154366
0.1576 -0.145078
0.1421 -0.208467
0.1247 -0.176069
0.1101 -0.139961
0.0974 -0.112496
0.0853 -0.090334
0.0703 -0.111319
0.0501 -0.076066
0.0300 -0.044132
0.0088 -0.012738
-0.0149 0.020209
-0.0421 0.056283
-0.0730 0.095982
-0.1063 0.137701
-0.1388 0.177694
-0.1674 0.212033
-0.1902 0.234680
-0.2094 0.235418
-0.2261 0.233728
-0.2404 0.230403
-0.2522 0.226119
-0.2619 0.221363
-0.2696 0.216442
-0.2769 0.192370
-0.2869 0.164799
-0.2985 0.141775
-0.3107 0.122023
-0.3229 0.104838
-0.3345 0.089806
-0.3453 0.076653
-0.3551 0.065176
-0.3638 0.055202
-0.3712 0.046578
-0.3775 0.039160
-0.3825 0.032813
-0.3864 0.027409
-0.3893 0.022829
-0.3912 0.018967
-0.3922 0.015725
-0.3927 0.013018
-0.3929 0.010769
-0.3930 0.008906
-0.3932 0.007367
-0.3934 0.006095
-0.3937 0.005043
-0.3940 0.004173
-0.3943 0.003453
-0.3944 0.002855
-0.3943 0.002360
-0.3939 0.001950
-0.3933 0.001609
-0.3923 0.001327
-0.3910 0.001094
-0.3895 0.000901
-0.3880 0.000742
-0.3864 0.000611
-0.3848 0.000503
-0.3833 0.000414
-0.3819 0.000341
-0.3806 0.000281
-0.3795 0.000232
-0.3786 0.000191
-0.3782 0.000158
-0.3441 0.206784
-0.3099 0.186203
-0.2819 0.169348
-0.2585 0.155251
-0.2168 0.260689
-0.1777 0.213727
-0.1435 0.172582
-0.1108 0.133399
-0.0768 0.092562
-0.0381 0.046225
0.0077 -0.008671
0.0584 -0.069517
0.1042 -0.124592
0.1361 -0.163018
0.1528 -0.183213
0.1580 -0.180824
0.1574 -0.165314
0.1451 -0.228439
0.1263 -0.190734
0.1103 -0.154552
0.0970 -0.122387
0.0834 -0.146017
0.0631 -0.104469
0.0442 -0.069912
0.0252 -0.038371
0.0047 -0.007207
-0.0184 0.025606
-0.0451 0.061559
-0.0754 0.100978
-0.1080 0.142094
-0.1398 0.181169
-0.1676 0.214478
-0.1897 0.240152
-0.2077 0.239472
-0.2238 0.236568
-0.2377 0.232458
-0.2495 0.227653
-0.2605 0.204153
-0.2739 0.177450
-0.2885 0.154543
-0.3034 0.134392
-0.3180 0.116471
-0.3319 0.100502
-0.3448 0.086318
-0.3564 0.073790
-0.3669 0.062799
-0.3761 0.053224
-0.3840 0.044938
-0.3908 0.037811
-0.3964 0.031715
-0.4010 0.026525
-0.4045 0.022126
-0.4071 0.018410
-0.4087 0.015284
-0.4095 0.012662
-0.4096 0.010469
-0.4089 0.008642
-0.4075 0.007122
-0.4057 0.005862
-0.4033 0.004818
-0.4005 0.003956
-0.3973 0.003245
-0.3938 0.002659
-0.3900 0.002177
-0.3860 0.001782
-0.3818 0.001457
-0.3776 0.001192
-0.3734 0.000974
-0.3693 0.000797
-0.3654 0.000652
-0.3616 0.000533
-0.3582 0.000437
-0.3552 0.000358
-0.3526 0.000294
-0.3505 0.000242
-0.3490 0.000199
-0.3481 0.000164
-0.3476 0.000135
-0.3476 0.000112
-0.3479 0.000093
-0.3486 0.000077
-0.3498 0.000064
-0.3432 0.206174
-0.3084 0.185285
-0.2802 0.168273
-0.2421 0.291121
-0.1982 0.238277
-0.1611 0.193754
-0.1272 0.153040
-0.0933 0.112373
-0.0562 0.067945
-0.0128 0.015948
0.0374 -0.044277
0.0874 -0.104285
0.1260 -0.150878
0.1490 -0.178578
0.1583 -0.189866
0.1579 -0.187203
0.1530 -0.165958
0.1347 -0.215863
0.1163 -0.175194
0.1016 -0.137100
0.0857 -0.156146
0.0656 -0.112481
0.0474 -0.077130
0.0293 -0.045648
0.0100 -0.015193
-0.0116 0.016365
-0.0365 0.050669
-0.0652 0.088475
-0.0968 0.128753
-0.1286 0.168323
-0.1576 0.203273
-0.1813 0.231093
-0.1999 0.239160
-0.2165 0.236662
-0.2311 0.232939
-0.2438 0.228467
-0.2562 0.202910
-0.2707 0.177312
-0.2864 0.155074
-0.3023 0.135323
-0.3178 0.117639
-0.3326 0.101803
-0.3464 0.087678
-0.3591 0.075153
-0.3706 0.064121
-0.3807 0.054469
-0.3895 0.046081
-0.3971 0.038837
-0.4033 0.032618
-0.4083 0.027307
-0.4122 0.022792
-0.4150 0.018972
-0.4168 0.015753
-0.4176 0.013051
-0.4176 0.010790
-0.4168 0.008905
-0.4153 0.007337
-0.4132 0.006036
-0.4107 0.004960
-0.4077 0.004071
-0.4044 0.003339
-0.4007 0.002736
-0.3969 0.002240
-0.3928 0.001833
-0.3887 0.001500
-0.3844 0.001226
-0.3801 0.001003
-0.3758 0.000820
-0.3716 0.000670
-0.3674 0.000548
-0.3635 0.000448
-0.3597 0.000367
-0.3561 0.000300
-0.3528 0.000246
-0.3497 0.000201
-0.3470 0.000165
-0.3448 0.000136
-0.3430 0.000112
-0.3418 0.000092
-0.3410 0.000076
-0.3407 0.000063
-0.3409 0.000052
-0.3416 0.000043
-0.3429 0.000036
-0.3207 0.192668
-0.2733 0.328738
-0.2221 0.267060
-0.1808 0.217413
-0.1447 0.174039
-0.1102 0.132605
-0.0739 0.089199
-0.0327 0.039723
0.0161 -0.018648
0.0685 -0.081584
0.1135 -0.135800
0.1432 -0.171608
0.1577 -0.189132
0.1608 -0.192917
0.1562 -0.187574
0.1477 -0.166623
0.1268 -0.203387
0.1094 -0.156492
0.0880 -0.166303
0.0681 -0.120588
0.0505 -0.084451
0.0333 -0.053054
0.0152 -0.023375
-0.0049 0.006822
-0.0280 0.039313
-0.0548 0.075207
-0.0849 0.114199
-0.1166 0.153869
-0.1465 0.190394
-0.1720 0.220631
-0.1919 0.243419
-0.2078 0.242333
-0.2223 0.237493
-0.2356 0.223484
-0.2507 0.196649
-0.2675 0.173445
-0.2848 0.152686
-0.3019 0.133846
-0.3184 0.116710
-0.3339 0.101194
-0.3482 0.087252
-0.3611 0.074832
-0.3727 0.063864
-0.3830 0.054257
-0.3919 0.045905
-0.3995 0.038691
-0.4058 0.032498
-0.4109 0.027209
-0.4149 0.022714
-0.4178 0.018912
-0.4197 0.015709
-0.4207 0.013020
-0.4209 0.010771
-0.4204 0.008895
-0.4192 0.007334
-0.4174 0.006038
-0.4151 0.004964
-0.4123 0.004077
-0.4091 0.003345
-0.4056 0.002742
-0.4017 0.002245
-0.3976 0.001837
-0.3933 0.001503
-0.3889 0.001228
-0.3843 0.001004
-0.3797 0.000820
-0.3752 0.000670
-0.3707 0.000547
-0.3663 0.000447
-0.3621 0.000365
-0.3581 0.000299
-0.3544 0.000244
-0.3509 0.000200
-0.3476 0.000164
-0.3448 0.000134
-0.3424 0.000110
-0.3405 0.000091
-0.3390 0.000075
-0.3380 0.000062
-0.3375 0.000051
-0.3374 0.000042
-0.3377 0.000035
-0.3387 0.000029
-0.3383 0.203230
-0.2846 0.342260
-0.2303 0.276956
-0.1872 0.225123
-0.1501 0.180506
-0.1150 0.138472
-0.0788 0.094982
-0.0378 0.045846
0.0107 -0.012195
0.0637 -0.075837
0.1104 -0.132042
0.1419 -0.170040
0.1578 -0.189233
0.1618 -0.194120
0.1578 -0.189460
0.1489 -0.178844
0.1371 -0.224312
0.1085 -0.223493
0.0846 -0.161754
0.0657 -0.117570
0.0488 -0.082398
0.0322 -0.051744
0.0147 -0.022719
-0.0049 0.006853
-0.0274 0.038704
-0.0536 0.073926
-0.0832 0.112281
-0.1144 0.151501
-0.1442 0.187883
-0.1698 0.218260
-0.1899 0.241346
-0.2047 0.252404
-0.2180 0.234883
-0.2339 0.208321
-0.2516 0.185311
-0.2702 0.164502
-0.2886 0.145329
-0.3065 0.127608
-0.3234 0.111317
-0.3390 0.096482
