0.6288 0.8518
0.6051 0.7600
0.5816 0.6803
0.5586 0.6113
0.5364 0.5514
0.5152 0.4994
0.4952 0.4544
0.4765 0.4153
0.4592 0.3814
0.4433 0.3520
0.4289 0.3265
0.4158 0.3044
0.4042 0.2867
0.4211 0.6530
0.6390 11.5089
0.8183 35.0707
0.9052 56.9873
0.9360 75.9755
0.9427 92.0105
0.9418 103.7602
0.9397 107.3650
0.9381 101.2989
0.9370 90.4366
0.9362 79.1245
0.9354 68.8065
0.9346 59.7290
0.9336 51.8258
0.9325 44.9661
0.9312 39.0170
0.9297 33.8582
0.9280 29.3847
0.9261 25.5054
0.9238 22.1413
0.9212 19.2238
0.9183 16.6937
0.9149 14.4995
0.9111 12.5965
0.9067 10.9461
0.9017 9.5148
0.8960 8.2734
0.8896 7.1968
0.8824 6.2630
0.8742 5.4531
0.8650 4.7507
0.8548 4.1416
0.8433 3.6132
0.8306 3.1550
0.8167 2.7575
0.8013 2.4128
0.7846 2.1138
0.7666 1.8546
0.7472 1.6297
0.7267 1.4346
0.7050 1.2655
0.6825 1.1187
0.6593 0.9915
0.6357 0.8811
0.6120 0.7854
0.5884 0.7024
0.5652 0.6304
0.5428 0.5680
0.5213 0.5138
0.5009 0.4669
0.4818 0.4261
0.4641 0.3908
0.4478 0.3602
0.4330 0.3336
0.4195 0.3106
0.4074 0.2910
0.4044 0.3689
0.5799 6.9055
0.7827 29.0000
0.8902 51.6695
0.9315 71.3907
0.9422 88.2212
0.9423 101.3364
0.9402 107.4354
0.9384 103.5865
0.9372 93.4237
0.9364 82.0086
0.9356 71.3855
0.9348 61.9857
0.9339 53.7879
0.9328 46.6689
0.9316 40.4941
0.9301 35.1395
0.9285 30.4962
0.9266 26.4695
0.9244 22.9776
0.9219 19.9493
0.9191 17.3231
0.9158 15.0455
0.9121 13.0702
0.9079 11.3570
0.9031 9.8713
0.8976 8.5826
0.8914 7.4650
0.8844 6.4957
0.8764 5.6551
0.8675 4.9259
0.8576 4.2935
0.8465 3.7450
0.8341 3.2693
0.8205 2.8567
0.8055 2.4989
0.7892 2.1885
0.7715 1.9193
0.7525 1.6859
0.7322 1.4834
0.7108 1.3078
0.6885 1.1554
0.6655 1.0233
0.6420 0.9088
0.6182 0.8094
0.5946 0.7232
0.5713 0.6485
0.5486 0.5836
0.5269 0.5274
0.5062 0.4786
0.4868 0.4363
0.4687 0.3997
0.4520 0.3679
0.4368 0.3403
0.4229 0.3163
0.4105 0.2957
0.4016 0.3045
0.5254 3.8645
0.7455 23.4568
0.8732 46.7475
0.9258 67.1329
0.9411 84.6388
0.9426 98.7832
0.9407 106.8953
0.9387 105.2736
0.9374 96.0454
0.9365 84.6459
0.9358 73.7702
0.9350 64.0795
0.9341 55.6103
0.9331 48.2509
0.9319 41.8665
0.9305 36.3300
0.9289 31.5288
0.9271 27.3653
0.9250 23.7547
0.9226 20.6235
0.9198 17.9079
0.9166 15.5528
0.9130 13.5103
0.9089 11.7389
0.9043 10.2025
0.8989 8.8700
0.8929 7.7144
0.8861 6.7121
0.8784 5.8427
0.8697 5.0887
0.8600 4.4348
0.8492 3.8676
0.8371 3.3756
0.8238 2.9490
0.8092 2.5789
0.7931 2.2580
0.7758 1.9796
0.7571 1.7381
0.7371 1.5287
0.7160 1.3471
0.6939 1.1896
0.6710 1.0529
0.6476 0.9344
0.6239 0.8317
0.6002 0.7425
0.5768 0.6652
0.5539 0.5982
0.5319 0.5400
0.5110 0.4896
0.4912 0.4458
0.4728 0.4079
0.4558 0.3750
0.4402 0.3465
0.4261 0.3217
0.4133 0.3003
0.4027 0.2906
0.4793 2.0471
0.7083 18.5697
0.8550 42.2588
0.9193 63.2399
0.9397 81.3291
0.9428 96.2690
0.9411 105.9563
0.9391 106.4137
0.9377 98.2859
0.9367 87.0162
0.9359 75.9426
0.9352 65.9945
0.9343 57.2790
0.9333 49.7001
0.9321 43.1239
0.9308 37.4207
0.9292 32.4750
0.9275 28.1862
0.9254 24.4668
0.9231 21.2412
0.9204 18.4438
0.9173 16.0177
0.9138 13.9137
0.9098 12.0888
0.9053 10.5061
0.9001 9.1334
0.8942 7.9429
0.8876 6.9103
0.8801 6.0147
0.8716 5.2379
0.8622 4.5642
0.8516 3.9799
0.8398 3.4731
0.8267 3.0335
0.8123 2.6523
0.7966 2.3216
0.7795 2.0348
0.7611 1.7860
0.7414 1.5703
0.7205 1.3832
0.6986 1.2208
0.6759 1.0801
0.6525 0.9580
0.6289 0.8521
0.6051 0.7603
0.5817 0.6806
0.5587 0.6115
0.5365 0.5516
0.5153 0.4996
0.4953 0.4546
0.4766 0.4155
0.4593 0.3816
0.4434 0.3522
0.4290 0.3267
0.4159 0.3046
0.4045 0.2889
0.4452 1.1035
0.6729 14.4962
0.8365 38.2416
0.9123 59.7468
0.9379 78.3402
0.9428 93.9082
0.9415 104.8074
0.9394 107.0969
0.9379 100.1469
0.9368 89.1047
0.9361 77.8869
0.9353 67.7162
0.9345 58.7816
0.9335 51.0056
0.9324 44.2567
0.9311 38.4035
0.9295 33.3276
0.9278 28.9258
0.9258 25.1084
0.9235 21.7979
0.9209 18.9268
0.9179 16.4367
0.9145 14.2772
0.9106 12.4042
0.9062 10.7797
0.9011 9.3708
0.8954 8.1488
0.8889 7.0890
0.8815 6.1697
0.8733 5.3725
0.8640 4.6809
0.8536 4.0812
0.8420 3.5609
0.8292 3.1097
0.8151 2.7184
0.7996 2.3790
0.7828 2.0846
0.7646 1.8292
0.7451 1.6077
0.7244 1.4157
0.7027 1.2491
0.6801 1.1046
0.6569 0.9792
0.6332 0.8705
0.6095 0.7762
0.5860 0.6945
0.5629 0.6235
0.5405 0.5620
0.5191 0.5087
0.4989 0.4624
0.4800 0.4223
0.4624 0.3875
0.4462 0.3573
0.4315 0.3311
0.4182 0.3084
0.4064 0.2904
0.4242 0.6696
0.6404 11.3021
0.8185 34.7184
0.9051 56.6753
0.9359 75.7020
0.9426 91.7726
0.9418 103.5969
0.9397 107.4303
0.9380 101.6489
0.9370 90.9056
0.9362 79.5924
0.9354 69.2340
0.9346 60.1082
0.9337 52.1588
0.9326 45.2575
0.9313 39.2717
0.9298 34.0808
0.9281 29.5792
0.9261 25.6754
0.9239 22.2897
0.9214 19.3535
0.9184 16.8070
0.9151 14.5984
0.9113 12.6829
0.9069 11.0215
0.9020 9.5806
0.8963 8.3309
0.8900 7.2469
0.8828 6.3068
0.8746 5.4913
0.8655 4.7841
0.8553 4.1707
0.8439 3.6386
0.8313 3.1771
0.8174 2.7769
0.8022 2.4297
0.7855 2.1286
0.7676 1.8674
0.7483 1.6409
0.7278 1.4444
0.7062 1.2740
0.6838 1.1262
0.6606 0.9980
0.6370 0.8868
0.6133 0.7904
0.5897 0.7067
0.5665 0.6342
0.5440 0.5713
0.5225 0.5167
0.5020 0.4694
0.4829 0.4283
0.4651 0.3927
0.4487 0.3618
0.4338 0.3350
0.4202 0.3118
0.4082 0.2926
0.4133 0.4804
0.6121 8.9245
0.8018 31.7192
0.8981 54.0511
0.9338 73.4415
0.9424 89.9135
0.9420 102.4376
0.9399 107.5215
0.9382 102.8231
0.9371 92.4168
0.9363 81.0499
0.9355 70.5379
0.9347 61.2498
0.9338 53.1517
0.9327 46.1195
0.9315 40.0196
0.9300 34.7297
0.9283 30.1422
0.9264 26.1638
0.9242 22.7135
0.9217 19.7212
0.9188 17.1260
0.9156 14.8752
0.9118 12.9230
0.9075 11.2299
0.9027 9.7614
0.8971 8.4877
0.8909 7.3830
0.8838 6.4249
0.8758 5.5938
0.8668 4.8730
0.8567 4.2478
0.8455 3.7055
0.8331 3.2352
0.8194 2.8272
0.8043 2.4734
0.7878 2.1665
0.7701 1.9003
0.7510 1.6694
0.7306 1.4692
0.7092 1.2955
0.6868 1.1448
0.6637 1.0142
0.6402 0.9009
0.6165 0.8026
0.5928 0.7173
0.5696 0.6434
0.5470 0.5792
0.5253 0.5236
0.5047 0.4754
0.4854 0.4335
0.4674 0.3972
0.4508 0.3657
0.4357 0.3384
0.4220 0.3148
0.4097 0.2948
0.4084 0.3963
0.5887 7.2172
0.7873 29.2557
0.8918 51.8869
0.9318 71.5740
0.9421 88.3616
0.9422 101.4078
0.9401 107.4670
0.9384 103.7105
0.9372 93.6436
0.9364 82.2548
0.9356 71.6215
0.9348 62.2001
0.9339 53.9788
0.9328 46.8376
0.9316 40.6427
0.9302 35.2704
0.9285 30.6113
0.9266 26.5708
0.9245 23.0667
0.9220 20.0276
0.9192 17.3919
0.9159 15.1059
0.9122 13.1232
0.9080 11.4036
0.9032 9.9121
0.8978 8.6185
0.8916 7.4965
0.8846 6.5234
0.8767 5.6793
0.8678 4.9472
0.8579 4.3121
0.8468 3.7614
0.8345 3.2836
0.8209 2.8693
0.8060 2.5099
0.7897 2.1982
0.7721 1.9278
0.7531 1.6933
0.7329 1.4899
0.7116 1.3134
0.6893 1.1604
0.6663 1.0277
0.6428 0.9126
0.6191 0.8127
0.5954 0.7261
0.5721 0.6510
0.5495 0.5859
0.5277 0.5294
0.5069 0.4804
0.4875 0.4378
0.4693 0.4010
0.4526 0.3690
0.4373 0.3413
0.4234 0.3172
0.4110 0.2968
0.4064 0.3572
0.5705 6.0403
0.7755 27.3380
0.8866 50.1933
0.9301 70.1107
0.9418 87.1371
0.9423 100.5611
0.9403 107.3462
0.9385 104.3537
0.9373 94.5949
0.9364 83.2052
0.9357 72.4807
0.9349 62.9549
0.9340 54.6361
0.9329 47.4084
0.9317 41.1382
0.9303 35.7003
0.9287 30.9844
0.9268 26.8945
0.9247 23.3476
0.9222 20.2714
0.9194 17.6034
0.9162 15.2895
0.9126 13.2825
0.9084 11.5418
0.9037 10.0321
0.8983 8.7226
0.8921 7.5869
0.8852 6.6017
0.8774 5.7473
0.8686 5.0062
0.8588 4.3634
0.8478 3.8058
0.8356 3.3222
0.8222 2.9028
0.8073 2.5389
0.7912 2.2234
0.7737 1.9497
0.7548 1.7123
0.7347 1.5063
0.7135 1.3277
0.6913 1.1728
0.6683 1.0385
0.6449 0.9219
0.6211 0.8208
0.5975 0.7332
0.5741 0.6571
0.5514 0.5912
0.5295 0.5340
0.5087 0.4843
0.4891 0.4413
0.4709 0.4040
0.4540 0.3716
0.4386 0.3435
0.4246 0.3192
0.4120 0.2984
0.4057 0.3388
0.5577 5.2813
0.7668 25.9679
0.8826 48.9764
0.9288 69.0582
0.9416 86.2523
0.9424 99.9327
0.9404 107.2194
0.9385 104.7916
0.9373 95.2811
0.9365 83.9013
0.9357 73.1130
0.9349 63.5114
0.9340 55.1210
0.9330 47.8298
0.9318 41.5039
0.9304 36.0177
0.9288 31.2599
0.9269 27.1337
0.9248 23.5551
0.9224 20.4515
0.9196 17.7597
0.9164 15.4251
0.9128 13.4003
0.9087 11.6440
0.9040 10.1208
0.8986 8.7996
0.8926 7.6537
0.8857 6.6597
0.8779 5.7976
0.8692 5.0499
0.8595 4.4013
0.8486 3.8387
0.8364 3.3508
0.8230 2.9275
0.8083 2.5604
0.7922 2.2420
0.7748 1.9659
0.7560 1.7263
0.7360 1.5185
0.7149 1.3383
0.6927 1.1820
0.6698 1.0464
0.6464 0.9288
0.6227 0.8268
0.5990 0.7384
0.5756 0.6616
0.5528 0.5951
0.5309 0.5374
0.5100 0.4873
0.4903 0.4439
0.4720 0.4062
0.4550 0.3735
0.4395 0.3452
0.4254 0.3206
0.4128 0.2996
0.4056 0.3308
0.5503 4.8597
0.7616 25.1404
0.8802 48.2372
0.9280 68.4184
0.9414 85.7126
0.9424 99.5428
0.9404 107.1279
0.9386 105.0558
0.9374 95.7136
0.9365 84.3459
0.9358 73.5188
0.9350 63.8692
0.9341 55.4332
0.9330 48.1011
0.9318 41.7396
0.9305 36.2223
0.9289 31.4375
0.9270 27.2879
0.9249 23.6890
0.9225 20.5677
0.9197 17.8607
0.9166 15.5127
0.9130 13.4763
0.9089 11.7101
0.9042 10.1781
0.8988 8.8494
0.8928 7.6969
0.8860 6.6972
0.8783 5.8302
0.8696 5.0781
0.8599 4.4258
0.8490 3.8600
0.8370 3.3692
0.8236 2.9436
0.8089 2.5744
0.7929 2.2541
0.7755 1.9763
0.7568 1.7354
0.7369 1.5264
0.7157 1.3452
0.6936 1.1880
0.6708 1.0516
0.6473 0.9333
0.6236 0.8307
0.5999 0.7418
0.5765 0.6646
0.5537 0.5976
0.5318 0.5396
0.5108 0.4892
0.4911 0.4455
0.4727 0.4077
0.4557 0.3748
0.4401 0.3463
0.4260 0.3216
0.4133 0.3004
0.4059 0.3292
0.5482 4.7238
0.7600 24.8425
0.8794 47.9698
0.9277 68.1871
0.9413 85.5170
0.9424 99.3995
0.9404 107.0954
0.9386 105.1684
0.9374 95.9023
0.9365 84.5430
0.9358 73.7000
0.9350 64.0296
0.9341 55.5734
0.9331 48.2232
0.9319 41.8457
0.9305 36.3146
0.9289 31.5177
0.9271 27.3576
0.9250 23.7496
0.9225 20.6204
0.9198 17.9064
0.9166 15.5525
0.9130 13.5109
0.9089 11.7401
0.9043 10.2042
0.8990 8.8720
0.8929 7.7165
0.8861 6.7143
0.8784 5.8450
0.8698 5.0910
0.8601 4.4370
0.8492 3.8697
0.8372 3.3777
0.8239 2.9509
0.8092 2.5808
0.7932 2.2597
0.7759 1.9812
0.7572 1.7396
0.7372 1.5301
0.7161 1.3483
0.6941 1.1907
0.6712 1.0540
0.6478 0.9354
0.6241 0.8325
0.6004 0.7433
0.5770 0.6659
0.5542 0.5988
0.5322 0.5406
0.5112 0.4901
0.4915 0.4463
0.4730 0.4083
0.4560 0.3754
0.4404 0.3468
0.4263 0.3220
0.4135 0.3008
0.4064 0.3331
0.5512 4.8536
0.7619 25.0660
0.8802 48.1684
0.9279 68.3588
0.9414 85.6610
0.9424 99.5026
0.9404 107.1296
0.9386 105.1399
0.9374 95.8538
0.9365 84.4967
0.9358 73.6599
0.9350 63.9954
0.9341 55.5442
0.9331 48.1982
0.9319 41.8243
0.9305 36.2962
0.9289 31.5019
0.9270 27.3440
0.9249 23.7379
0.9225 20.6104
0.9198 17.8978
0.9166 15.5451
0.9130 13.5045
0.9089 11.7346
0.9042 10.1995
0.8989 8.8680
0.8929 7.7131
0.8861 6.7113
0.8784 5.8424
0.8697 5.0888
0.8600 4.4351
0.8492 3.8681
0.8371 3.3763
0.8238 2.9497
0.8092 2.5797
0.7932 2.2588
0.7758 1.9804
0.7571 1.7389
0.7372 1.5295
0.7161 1.3479
0.6940 1.1903
0.6711 1.0536
0.6477 0.9351
0.6240 0.8323
0.6003 0.7431
0.5769 0.6657
0.5541 0.5986
0.5321 0.5405
0.5112 0.4900
0.4914 0.4462
0.4730 0.4082
0.4560 0.3753
0.4404 0.3467
0.4262 0.3220
0.4135 0.3008
0.4072 0.3435
0.5591 5.2537
0.7672 25.7979
0.8826 48.8202
0.9287 68.9226
0.9415 86.1349
0.9423 99.8433
0.9403 107.2247
0.9385 104.9713
0.9373 95.5737
0.9365 84.2133
0.9357 73.4042
0.9350 63.7715
0.9341 55.3498
0.9330 48.0297
0.9318 41.6784
0.9304 36.1698
0.9288 31.3925
0.9270 27.2492
0.9249 23.6558
0.9225 20.5392
0.9197 17.8361
0.9165 15.4917
0.9129 13.4582
0.9088 11.6945
0.9041 10.1647
0.8988 8.8379
0.8928 7.6870
0.8859 6.6887
0.8782 5.8229
0.8695 5.0718
0.8598 4.4204
0.8489 3.8554
0.8368 3.3652
0.8235 2.9401
0.8088 2.5714
0.7928 2.2516
0.7754 1.9742
0.7567 1.7335
0.7367 1.5248
0.7156 1.3438
0.6935 1.1868
0.6706 1.0506
0.6471 0.9324
0.6234 0.8300
0.5997 0.7411
0.5764 0.6640
0.5536 0.5972
0.5316 0.5392
0.5107 0.4889
0.4910 0.4452
0.4726 0.4074
0.4556 0.3746
0.4400 0.3461
0.4259 0.3214
0.4132 0.3004
0.4087 0.3642
0.5720 5.9550
0.7756 27.0265
0.8864 49.9114
0.9299 69.8660
0.9417 86.9265
0.9422 100.4056
0.9402 107.3614
0.9385 104.6533
0.9373 95.0640
0.9364 83.6984
0.9357 72.9388
0.9349 63.3634
0.9340 54.9949
0.9330 47.7220
0.9318 41.4117
0.9304 35.9387
0.9288 31.1922
0.9269 27.0756
0.9248 23.5053
0.9224 20.4088
0.9196 17.7231
0.9164 15.3937
0.9128 13.3732
0.9086 11.6208
0.9039 10.1009
0.8985 8.7825
0.8925 7.6390
0.8856 6.6471
0.8778 5.7868
0.8691 5.0405
0.8593 4.3933
0.8484 3.8318
0.8363 3.3449
0.8229 2.9225
0.8081 2.5561
0.7920 2.2383
0.7746 1.9626
0.7558 1.7235
0.7358 1.5162
0.7146 1.3363
0.6924 1.1803
0.6695 1.0449
0.6461 0.9275
0.6224 0.8257
0.5987 0.7374
0.5753 0.6608
0.5526 0.5944
0.5306 0.5368
0.5098 0.4868
0.4901 0.4434
0.4718 0.4058
0.4549 0.3732
0.4394 0.3449
0.4253 0.3204
0.4127 0.2997
0.4114 0.4042
0.5894 7.0075
0.7868 28.7340
0.8913 51.4211
0.9315 71.1703
0.9419 88.0169
0.9421 101.1638
0.9401 107.5073
0.9384 104.1696
0.9372 94.3268
0.9364 82.9601
0.9357 72.2724
0.9349 62.7789
0.9340 54.4866
0.9329 47.2810
0.9317 41.0294
0.9303 35.6073
0.9286 30.9048
0.9268 26.8265
0.9246 23.2893
0.9222 20.2215
0.9194 17.5607
0.9162 15.2529
0.9125 13.2512
0.9083 11.5150
0.9036 10.0091
0.8982 8.7029
0.8920 7.5699
0.8851 6.5872
0.8773 5.7349
0.8685 4.9955
0.8586 4.3542
0.8476 3.7980
0.8354 3.3155
0.8219 2.8970
0.8071 2.5340
0.7909 2.2191
0.7734 1.9460
0.7545 1.7091
0.7344 1.5037
0.7132 1.3255
0.6910 1.1709
0.6680 1.0368
0.6445 0.9205
0.6208 0.8196
0.5972 0.7321
0.5738 0.6562
0.5511 0.5904
0.5293 0.5333
0.5085 0.4838
0.4889 0.4408
0.4706 0.4036
0.4538 0.3713
0.4384 0.3432
0.4244 0.3189
0.4119 0.2988
0.4167 0.4831
0.6112 8.4828
0.8002 30.9017
0.8970 53.3289
0.9333 72.8165
0.9422 89.3853
0.9419 102.0849
0.9399 107.6192
0.9382 103.4979
0.9371 93.3621
0.9363 82.0062
0.9356 71.4139
0.9348 62.0264
0.9339 53.8322
0.9328 46.7133
0.9316 40.5371
0.9301 35.1804
0.9285 30.5348
0.9266 26.5056
0.9244 23.0111
0.9220 19.9802
0.9191 17.3515
0.9159 15.0714
0.9122 13.0938
0.9079 11.3785
0.9031 9.8907
0.8977 8.6003
0.8915 7.4809
0.8845 6.5100
0.8766 5.6679
0.8677 4.9375
0.8578 4.3039
0.8467 3.7543
0.8343 3.2776
0.8207 2.8642
0.8058 2.5055
0.7895 2.1944
0.7718 1.9246
0.7529 1.6906
0.7327 1.4876
0.7113 1.3115
0.6891 1.1587
0.6660 1.0263
0.6425 0.9114
0.6188 0.8117
0.5952 0.7253
0.5719 0.6503
0.5492 0.5852
0.5274 0.5288
0.5067 0.4799
0.4873 0.4375
0.4692 0.4007
0.4525 0.3687
0.4372 0.3410
0.4233 0.3170
0.4110 0.2980
0.4266 0.6428
0.6366 10.4606
0.8152 33.5039
0.9033 55.6099
0.9351 74.7818
0.9424 91.0052
0.9417 103.1250
0.9397 107.6441
0.9381 102.6154
0.9370 92.1728
0.9362 80.8467
0.9355 70.3741
0.9347 61.1157
0.9338 53.0404
0.9327 46.0263
0.9314 39.9413
0.9300 34.6639
0.9283 30.0868
0.9264 26.1172
0.9242 22.6743
0.9217 19.6881
0.9188 17.0982
0.9155 14.8517
0.9118 12.9033
0.9075 11.2133
0.9026 9.7474
0.8971 8.4760
0.8908 7.3731
0.8837 6.4166
0.8757 5.5868
0.8667 4.8671
0.8567 4.2429
0.8454 3.7014
0.8330 3.2317
0.8192 2.8244
