-0.4040 0.000330
-0.3811 0.000257
-0.3561 0.000199
-0.3290 0.000152
-0.2994 0.000114
-0.2669 0.000084
-0.2307 0.000060
-0.1889 0.000041
-0.1374 0.000025
-0.0656 0.000010
0.0495 -0.009634
0.1857 -0.073780
0.2762 -0.110227
0.3098 -0.123881
0.3043 -0.121799
0.2787 -0.111606
0.2457 -0.098431
0.2120 -0.084933
0.1800 -0.072137
0.1502 -0.060185
0.1217 -0.048799
0.0934 -0.037472
0.0634 -0.025470
0.0288 -0.011661
-0.0150 0.005389
-0.0746 0.023066
-0.1516 0.038896
-0.2326 0.049462
-0.3038 0.053475
-0.3613 0.052623
-0.4066 0.048983
-0.4421 0.044040
-0.4698 0.038705
-0.4915 0.033487
-0.5086 0.028650
-0.5219 0.024310
-0.5322 0.020496
-0.5399 0.017194
-0.5456 0.014366
-0.5495 0.011963
-0.5518 0.009933
-0.5526 0.008226
-0.5522 0.006796
-0.5505 0.005602
-0.5476 0.004607
-0.5436 0.003781
-0.5383 0.003096
-0.5318 0.002529
-0.5241 0.002061
-0.5150 0.001675
-0.5046 0.001356
-0.4927 0.001095
-0.4792 0.000881
-0.4641 0.000705
-0.4473 0.000562
-0.4287 0.000445
-0.4082 0.000351
-0.3858 0.000274
-0.3614 0.000212
-0.3348 0.000163
-0.3059 0.000123
-0.2741 0.000091
-0.2389 0.000066
-0.1986 0.000045
-0.1498 0.000028
-0.0841 0.000013
0.0199 -0.003716
0.1579 -0.062651
0.2613 -0.104242
0.3063 -0.122447
0.3077 -0.123132
0.2853 -0.114219
0.2532 -0.101432
0.2194 -0.087905
0.1871 -0.074947
0.1568 -0.062849
0.1282 -0.051401
0.1001 -0.040147
0.0707 -0.028419
0.0377 -0.015209
-0.0033 0.001061
-0.0583 0.018839
-0.1316 0.035321
-0.2132 0.047412
-0.2874 0.052913
-0.3482 0.053040
-0.3961 0.049922
-0.4337 0.045203
-0.4631 0.039915
-0.4861 0.034648
-0.5042 0.029714
-0.5182 0.025256
-0.5291 0.021323
-0.5374 0.017907
-0.5436 0.014974
-0.5478 0.012478
-0.5504 0.010367
-0.5516 0.008590
-0.5514 0.007100
-0.5500 0.005855
-0.5473 0.004818
-0.5435 0.003956
-0.5385 0.003241
-0.5323 0.002649
-0.5248 0.002159
-0.5161 0.001756
-0.5059 0.001423
-0.4943 0.001150
-0.4812 0.000925
-0.4665 0.000742
-0.4501 0.000592
-0.4319 0.000469
-0.4119 0.000370
-0.3899 0.000290
-0.3659 0.000225
-0.3399 0.000173
-0.3114 0.000131
-0.2803 0.000097
-0.2459 0.000071
-0.2068 0.000049
-0.1602 0.000032
-0.0989 0.000016
-0.0044 0.001124
0.1318 -0.052154
0.2458 -0.097966
0.3014 -0.120462
0.3097 -0.123918
0.2906 -0.116367
0.2598 -0.104051
0.2260 -0.090552
0.1933 -0.077466
0.1628 -0.065231
0.1340 -0.053712
0.1060 -0.042495
0.0771 -0.030965
0.0452 -0.018212
0.0065 -0.002676
-0.0448 0.015054
-0.1143 0.031945
-0.1955 0.045280
-0.2720 0.052186
-0.3357 0.053295
-0.3862 0.050723
-0.4258 0.046250
-0.4567 0.041029
-0.4809 0.035728
-0.4999 0.030710
-0.5148 0.026146
-0.5263 0.022102
-0.5350 0.018580
-0.5416 0.015550
-0.5461 0.012966
-0.5491 0.010778
-0.5505 0.008935
-0.5506 0.007389
-0.5494 0.006096
-0.5469 0.005018
-0.5434 0.004122
-0.5386 0.003378
-0.5326 0.002762
-0.5254 0.002253
-0.5168 0.001832
-0.5070 0.001486
-0.4957 0.001201
-0.4828 0.000968
-0.4684 0.000776
-0.4524 0.000620
-0.4345 0.000492
-0.4149 0.000389
-0.3933 0.000305
-0.3698 0.000237
-0.3441 0.000182
-0.3161 0.000138
-0.2856 0.000103
-0.2519 0.000075
-0.2137 0.000053
-0.1687 0.000035
-0.1108 0.000019
-0.0239 0.005010
0.1081 -0.042692
0.2303 -0.091747
0.2957 -0.118140
0.3106 -0.124261
0.2950 -0.118089
0.2654 -0.106293
0.2318 -0.092869
0.1989 -0.079686
0.1680 -0.067328
0.1391 -0.055735
0.1111 -0.044533
0.0826 -0.033147
0.0515 -0.020741
0.0145 -0.005888
-0.0337 0.011709
-0.0996 0.028845
-0.1796 0.043144
-0.2579 0.051321
-0.3242 0.053383
-0.3770 0.051361
-0.4184 0.047149
-0.4508 0.042011
-0.4761 0.036694
-0.4960 0.031607
-0.5115 0.026953
-0.5235 0.022811
-0.5328 0.019193
-0.5396 0.016075
-0.5445 0.013412
-0.5477 0.011154
-0.5494 0.009251
-0.5497 0.007653
-0.5487 0.006316
-0.5465 0.005201
-0.5431 0.004274
-0.5385 0.003504
-0.5327 0.002866
-0.5257 0.002338
-0.5174 0.001903
-0.5077 0.001544
-0.4967 0.001249
-0.4841 0.001007
-0.4700 0.000808
-0.4542 0.000646
-0.4367 0.000513
-0.4173 0.000406
-0.3961 0.000318
-0.3729 0.000248
-0.3476 0.000191
-0.3201 0.000145
-0.2900 0.000109
-0.2568 0.000080
-0.2195 0.000056
-0.1758 0.000037
-0.1204 0.000021
-0.0394 0.008099
0.0876 -0.034476
0.2157 -0.085854
0.2896 -0.115670
0.3107 -0.124263
0.2983 -0.119428
0.2701 -0.108171
0.2368 -0.094858
0.2037 -0.081607
0.1726 -0.069147
0.1434 -0.057485
0.1154 -0.046282
0.0872 -0.035002
0.0568 -0.022864
0.0212 -0.008637
-0.0246 0.008784
-0.0872 0.026068
-0.1657 0.041083
-0.2453 0.050370
-0.3137 0.053325
-0.3686 0.051839
-0.4117 0.047893
-0.4454 0.042850
-0.4717 0.037532
-0.4924 0.032393
-0.5085 0.027663
-0.5210 0.023437
-0.5306 0.019737
-0.5378 0.016541
-0.5430 0.013808
-0.5464 0.011489
-0.5483 0.009532
-0.5488 0.007888
-0.5480 0.006512
-0.5459 0.005364
-0.5427 0.004409
-0.5382 0.003616
-0.5326 0.002958
-0.5258 0.002415
-0.5177 0.001966
-0.5082 0.001596
-0.4974 0.001291
-0.4850 0.001041
-0.4711 0.000836
-0.4556 0.000669
-0.4384 0.000532
-0.4193 0.000421
-0.3984 0.000330
-0.3755 0.000258
-0.3505 0.000199
-0.3233 0.000152
-0.2936 0.000114
-0.2608 0.000084
-0.2242 0.000059
-0.1814 0.000040
-0.1280 0.000023
-0.0516 0.010516
0.0705 -0.027639
0.2025 -0.080549
0.2836 -0.113252
0.3102 -0.124039
0.3009 -0.120436
0.2739 -0.109703
0.2410 -0.096519
0.2077 -0.083229
0.1764 -0.070686
0.1471 -0.058962
0.1191 -0.047753
0.0911 -0.036550
0.0612 -0.024617
0.0267 -0.010816
-0.0173 0.006191
-0.0771 0.023638
-0.1539 0.039154
-0.2342 0.049364
-0.3044 0.053123
-0.3611 0.052141
-0.4057 0.048454
-0.4406 0.043515
-0.4678 0.038211
-0.4891 0.033038
-0.5058 0.028249
-0.5188 0.023957
-0.5287 0.020189
-0.5362 0.016929
-0.5416 0.014139
-0.5452 0.011769
-0.5473 0.009767
-0.5479 0.008085
-0.5472 0.006677
-0.5453 0.005501
-0.5422 0.004522
-0.5379 0.003710
-0.5324 0.003036
-0.5257 0.002479
-0.5177 0.002018
-0.5085 0.001639
-0.4978 0.001327
-0.4856 0.001070
-0.4719 0.000860
-0.4566 0.000688
-0.4396 0.000548
-0.4208 0.000433
-0.4001 0.000341
-0.3774 0.000266
-0.3527 0.000205
-0.3258 0.000157
-0.2964 0.000118
-0.2640 0.000087
-0.2278 0.000062
-0.1859 0.000042
-0.1339 0.000025
-0.0608 0.000009
0.0567 -0.011065
0.1912 -0.076013
0.2782 -0.111046
0.3093 -0.123693
0.3027 -0.121166
0.2770 -0.110912
0.2443 -0.097863
0.2111 -0.084553
0.1796 -0.071947
0.1501 -0.060174
0.1221 -0.048958
0.0942 -0.037813
0.0648 -0.026037
0.0310 -0.012558
-0.0114 0.004076
-0.0690 0.021614
-0.1441 0.037489
-0.2247 0.048455
-0.2964 0.052916
-0.3547 0.052384
-0.4005 0.048933
-0.4364 0.044092
-0.4644 0.038804
-0.4863 0.033602
-0.5034 0.028764
-0.5167 0.024413
-0.5270 0.020586
-0.5347 0.017271
-0.5403 0.014430
-0.5441 0.012014
-0.5462 0.009974
-0.5470 0.008258
-0.5464 0.006821
-0.5446 0.005621
-0.5416 0.004622
-0.5374 0.003792
-0.5321 0.003104
-0.5255 0.002535
-0.5176 0.002065
-0.5085 0.001677
-0.4979 0.001358
-0.4859 0.001096
-0.4724 0.000881
-0.4572 0.000705
-0.4404 0.000561
-0.4217 0.000444
-0.4012 0.000350
-0.3788 0.000273
-0.3543 0.000211
-0.3276 0.000161
-0.2984 0.000122
-0.2664 0.000090
-0.2306 0.000064
-0.1892 0.000044
-0.1383 0.000026
-0.0674 0.000011
0.0462 -0.008974
0.1822 -0.072394
0.2736 -0.109196
0.3084 -0.123316
0.3040 -0.121668
0.2792 -0.111817
0.2469 -0.098893
0.2136 -0.085579
0.1820 -0.072932
0.1525 -0.061122
0.1245 -0.049902
0.0967 -0.038801
0.0676 -0.027145
0.0344 -0.013911
-0.0069 0.002412
-0.0626 0.019977
-0.1362 0.036090
-0.2170 0.047640
-0.2898 0.052680
-0.3493 0.052531
-0.3962 0.049287
-0.4328 0.044534
-0.4614 0.039266
-0.4838 0.034046
-0.5013 0.029170
-0.5149 0.024775
-0.5254 0.020902
-0.5333 0.017543
-0.5391 0.014661
-0.5430 0.012210
-0.5453 0.010138
-0.5461 0.008396
-0.5456 0.006936
-0.5439 0.005717
-0.5410 0.004701
-0.5369 0.003858
-0.5316 0.003158
-0.5251 0.002579
-0.5174 0.002101
-0.5083 0.001707
-0.4979 0.001382
-0.4860 0.001116
-0.4725 0.000897
-0.4575 0.000718
-0.4408 0.000572
-0.4223 0.000453
-0.4019 0.000357
-0.3796 0.000279
-0.3553 0.000216
-0.3288 0.000165
-0.2998 0.000124
-0.2680 0.000092
-0.2324 0.000066
-0.1915 0.000045
-0.1412 0.000027
-0.0720 0.000012
0.0390 -0.007528
0.1757 -0.069775
0.2702 -0.107803
0.3076 -0.122983
0.3048 -0.121982
0.2808 -0.112440
0.2487 -0.099620
0.2155 -0.086315
0.1838 -0.073643
0.1542 -0.061814
0.1262 -0.050595
0.0985 -0.039529
0.0696 -0.027963
0.0369 -0.014909
-0.0035 0.001167
-0.0579 0.018718
-0.1303 0.034974
-0.2110 0.046943
-0.2847 0.052429
-0.3450 0.052586
-0.3927 0.049510
-0.4300 0.044835
-0.4591 0.039588
-0.4819 0.034360
-0.4996 0.029460
-0.5135 0.025034
-0.5241 0.021129
-0.5321 0.017738
-0.5380 0.014828
-0.5420 0.012351
-0.5444 0.010257
-0.5453 0.008495
-0.5449 0.007019
-0.5432 0.005786
-0.5403 0.004758
-0.5363 0.003905
-0.5310 0.003197
-0.5246 0.002611
-0.5169 0.002128
-0.5079 0.001728
-0.4975 0.001400
-0.4857 0.001130
-0.4724 0.000909
-0.4575 0.000728
-0.4408 0.000580
-0.4224 0.000459
-0.4022 0.000362
-0.3800 0.000283
-0.3558 0.000219
-0.3294 0.000167
-0.3005 0.000126
-0.2688 0.000093
-0.2335 0.000067
-0.1928 0.000046
-0.1429 0.000028
-0.0745 0.000012
0.0348 -0.006694
0.1718 -0.068201
0.2680 -0.106934
0.3070 -0.122745
0.3052 -0.122142
0.2817 -0.112798
0.2498 -0.100054
0.2166 -0.086763
0.1849 -0.074087
0.1553 -0.062253
0.1273 -0.051041
0.0997 -0.040006
0.0710 -0.028505
0.0386 -0.015577
-0.0013 0.000320
-0.0547 0.017832
-0.1262 0.034159
-0.2068 0.046398
-0.2809 0.052193
-0.3419 0.052568
-0.3902 0.049618
-0.4279 0.045003
-0.4573 0.039777
-0.4803 0.034548
-0.4983 0.029636
-0.5123 0.025192
-0.5230 0.021268
-0.5311 0.017858
-0.5370 0.014930
-0.5411 0.012438
-0.5435 0.010330
-0.5445 0.008556
-0.5441 0.007069
-0.5424 0.005828
-0.5396 0.004793
-0.5356 0.003934
-0.5304 0.003221
-0.5239 0.002631
-0.5163 0.002143
-0.5073 0.001742
-0.4970 0.001411
-0.4852 0.001139
-0.4720 0.000916
-0.4571 0.000733
-0.4405 0.000584
-0.4222 0.000463
-0.4020 0.000365
-0.3799 0.000285
-0.3557 0.000221
-0.3294 0.000169
-0.3006 0.000127
-0.2690 0.000094
-0.2337 0.000068
-0.1931 0.000046
-0.1434 0.000029
-0.0753 0.000012
0.0335 -0.006433
0.1705 -0.067684
0.2672 -0.106621
0.3067 -0.122631
0.3053 -0.122167
0.2820 -0.112904
0.2502 -0.100203
0.2170 -0.086933
0.1854 -0.074268
0.1558 -0.062446
0.1279 -0.051251
0.1003 -0.040242
0.0717 -0.028786
0.0395 -0.015935
-0.0001 -0.000150
-0.0529 0.017340
-0.1238 0.033701
-0.2043 0.046092
-0.2787 0.052065
-0.3400 0.052567
-0.3885 0.049690
-0.4265 0.045109
-0.4561 0.039895
-0.4792 0.034664
-0.4973 0.029744
-0.5113 0.025289
-0.5221 0.021352
-0.5302 0.017931
-0.5362 0.014992
-0.5403 0.012490
-0.5427 0.010373
-0.5436 0.008592
-0.5433 0.007099
-0.5416 0.005852
-0.5388 0.004814
-0.5348 0.003950
-0.5296 0.003234
-0.5232 0.002642
-0.5155 0.002152
-0.5066 0.001749
-0.4962 0.001417
-0.4845 0.001144
-0.4712 0.000920
-0.4564 0.000736
-0.4398 0.000587
-0.4215 0.000465
-0.4013 0.000366
-0.3793 0.000286
-0.3551 0.000221
-0.3288 0.000170
-0.3001 0.000128
-0.2684 0.000095
-0.2332 0.000068
-0.1925 0.000046
-0.1427 0.000029
-0.0744 0.000012
0.0350 -0.006732
0.1718 -0.068224
0.2678 -0.106874
0.3068 -0.122654
0.3050 -0.122069
0.2816 -0.112768
0.2499 -0.100073
0.2167 -0.086828
0.1852 -0.074192
0.1557 -0.062396
0.1278 -0.051226
0.1003 -0.040241
0.0717 -0.028810
0.0396 -0.015992
0.0002 -0.000251
-0.0525 0.017205
-0.1231 0.033548
-0.2035 0.045957
-0.2779 0.051969
-0.3393 0.052506
-0.3878 0.049651
-0.4258 0.045085
-0.4554 0.039879
-0.4785 0.034652
-0.4966 0.029735
-0.5106 0.025282
-0.5214 0.021346
-0.5296 0.017926
-0.5355 0.014988
-0.5395 0.012486
-0.5419 0.010370
-0.5429 0.008589
-0.5425 0.007096
-0.5408 0.005850
-0.5380 0.004811
-0.5339 0.003948
-0.5287 0.003232
-0.5223 0.002640
-0.5146 0.002151
-0.5056 0.001747
-0.4953 0.001415
-0.4835 0.001142
-0.4702 0.000919
-0.4553 0.000736
-0.4388 0.000586
-0.4205 0.000464
-0.4003 0.000366
-0.3782 0.000286
-0.3540 0.000221
-0.3277 0.000169
-0.2989 0.000128
-0.2672 0.000094
-0.2318 0.000068
-0.1910 0.000046
-0.1409 0.000028
-0.0716 0.000012
0.0393 -0.007584
0.1756 -0.069767
0.2698 -0.107655
0.3071 -0.122796
0.3045 -0.121846
0.2807 -0.112395
0.2489 -0.099674
0.2158 -0.086458
0.1844 -0.073867
0.1550 -0.062114
0.1272 -0.050976
0.0998 -0.040012
0.0712 -0.028588
0.0391 -0.015761
-0.0005 0.000001
-0.0533 0.017434
-0.1240 0.033724
-0.2043 0.046040
-0.2785 0.051963
-0.3396 0.052441
-0.3880 0.049557
-0.4258 0.044980
-0.4553 0.039775
-0.4783 0.034554
-0.4963 0.029646
-0.5102 0.025202
-0.5209 0.021277
-0.5290 0.017865
-0.5349 0.014936
-0.5389 0.012442
-0.5412 0.010332
-0.5421 0.008557
-0.5417 0.007069
-0.5400 0.005827
-0.5370 0.004792
-0.5330 0.003932
-0.5277 0.003219
-0.5212 0.002629
-0.5135 0.002141
-0.5045 0.001739
-0.4941 0.001409
-0.4823 0.001137
-0.4690 0.000914
-0.4540 0.000732
-0.4374 0.000583
-0.4190 0.000462
-0.3988 0.000363
-0.3766 0.000284
-0.3524 0.000220
-0.3260 0.000168
-0.2971 0.000127
-0.2653 0.000093
-0.2298 0.000067
-0.1886 0.000045
-0.1378 0.000028
-0.0672 0.000011
0.0463 -0.008985
0.1818 -0.072250
0.2729 -0.108905
0.3077 -0.123023
0.3035 -0.121484
0.2792 -0.111785
0.2472 -0.099012
0.2143 -0.085832
0.1830 -0.073302
0.1537 -0.061606
0.1260 -0.050508
0.0986 -0.039562
0.0700 -0.028127
0.0378 -0.015247
-0.0020 0.000597
-0.0554 0.017999
-0.1265 0.034187
-0.2067 0.046289
-0.2805 0.051993
-0.3411 0.052326
-0.3890 0.049366
-0.4265 0.044759
-0.4557 0.039550
-0.4785 0.034342
-0.4963 0.029452
-0.5101 0.025030
-0.5206 0.021126
-0.5286 0.017735
-0.5344 0.014824
-0.5383 0.012347
-0.5405 0.010252
-0.5414 0.008489
-0.5408 0.007012
-0.5391 0.005779
-0.5361 0.004752
-0.5319 0.003899
-0.5266 0.003191
-0.5201 0.002606
-0.5123 0.002122
-0.5032 0.001724
-0.4927 0.001396
-0.4808 0.001126
-0.4674 0.000905
-0.4524 0.000724
-0.4357 0.000577
-0.4173 0.000457
-0.3969 0.000359
-0.3747 0.000280
-0.3503 0.000217
-0.3238 0.000166
-0.2948 0.000125
-0.2628 0.000092
-0.2269 0.000066
-0.1853 0.000044
-0.1336 0.000027
-0.0608 0.000010
0.0561 -0.010954
0.1902 -0.075602
0.2770 -0.110553
0.3083 -0.123292
0.3022 -0.120966
0.2770 -0.110936
0.2449 -0.098092
0.2121 -0.084957
0.1810 -0.072504
0.1519 -0.060878
0.1243 -0.049827
0.0970 -0.038893
0.0683 -0.027426
0.0358 -0.014448
-0.0045 0.001537
-0.0587 0.018899
-0.1307 0.034934
-0.2108 0.046700
-0.2838 0.052063
-0.3436 0.052169
-0.3909 0.049089
-0.4278 0.044434
-0.4566 0.039219
-0.4791 0.034027
-0.4966 0.029165
-0.5102 0.024775
-0.5206 0.020903
-0.5284 0.017543
-0.5340 0.014660
-0.5378 0.012207
-0.5399 0.010134
-0.5406 0.008390
-0.5400 0.006929
-0.5382 0.005709
-0.5351 0.004694
-0.5308 0.003850
-0.5254 0.003151
-0.5188 0.002572
-0.5109 0.002095
-0.5017 0.001701
-0.4911 0.001377
-0.4792 0.001110
-0.4656 0.000892
-0.4505 0.000714
-0.4337 0.000568
-0.4151 0.000450
-0.3946 0.000353
-0.3722 0.000276
-0.3478 0.000213
-0.3211 0.000163
-0.2918 0.000122
-0.2596 0.000090
-0.2234 0.000064
-0.1811 0.000043
-0.1281 0.000025
-0.0523 0.010663
0.0689 -0.020239
0.2004 -0.079710
0.2818 -0.112495
0.3089 -0.123543
0.3005 -0.120267
0.2743 -0.109844
0.2420 -0.096921
0.2093 -0.083842
0.1784 -0.071483
0.1496 -0.059939
0.1221 -0.048937
0.0947 -0.038009
0.0659 -0.026487
0.0330 -0.013361
-0.0080 0.002820
-0.0634 0.020132
-0.1363 0.035961
-0.2163 0.047271
-0.2883 0.052181
-0.3472 0.051987
-0.3935 0.048748
-0.4298 0.044027
-0.4580 0.038802
-0.4800 0.033629
-0.4972 0.028802
-0.5105 0.024452
-0.5206 0.020621
-0.5282 0.017299
-0.5337 0.014452
-0.5373 0.012030
-0.5393 0.009984
-0.5399 0.008264
-0.5392 0.006824
-0.5372 0.005621
-0.5340 0.004620
-0.5297 0.003789
-0.5241 0.003100
-0.5174 0.002530
-0.5094 0.002060
-0.5000 0.001672
-0.4894 0.001353
-0.4772 0.001091
-0.4636 0.000876
-0.4483 0.000701
-0.4313 0.000557
-0.4126 0.000441
-0.3920 0.000346
-0.3694 0.000270
-0.3447 0.000208
-0.3178 0.000159
-0.2883 0.000119
-0.2557 0.000087
-0.2190 0.000062
-0.1759 0.000041
-0.1212 0.000024
-0.0415 0.008505
0.0841 -0.033076
0.2121 -0.084414
0.2870 -0.114600
0.3093 -0.123699
0.2982 -0.119356
0.2710 -0.108505
0.2384 -0.095505
0.2059 -0.082499
0.1753 -0.070249
0.1467 -0.058798
0.1193 -0.047848
0.0920 -0.036916
0.0630 -0.025312
0.0296 -0.011984
-0.0124 0.004439
-0.0694 0.021659
-0.1435 0.037198
-0.2232 0.047921
-0.2940 0.052272
-0.3516 0.051718
-0.3969 0.048291
-0.4323 0.043497
-0.4598 0.038264
-0.4813 0.033121
-0.4981 0.028339
-0.5110 0.024042
-0.5209 0.020263
-0.5282 0.016991
-0.5335 0.014189
-0.5369 0.011807
-0.5388 0.009796
-0.5392 0.008106
-0.5383 0.006692
-0.5362 0.005511
-0.5329 0.004528
-0.5284 0.003713
-0.5227 0.003037
-0.5158 0.002478
-0.5077 0.002016
-0.4982 0.001636
-0.4874 0.001323
-0.4751 0.001067
-0.4612 0.000856
-0.4458 0.000684
-0.4286 0.000544
-0.4097 0.000430
-0.3889 0.000337
-0.3661 0.000263
-0.3412 0.000202
-0.3140 0.000154
-0.2842 0.000115
-0.2512 0.000084
-0.2138 0.000059
-0.1696 0.000039
-0.1129 0.000022
-0.0281 0.005840
0.1020 -0.040220
0.2249 -0.089565
0.2923 -0.116751
0.3092 -0.123697
0.2953 -0.118209
0.2670 -0.106918
0.2343 -0.093854
0.2020 -0.080938
0.1717 -0.068812
0.1434 -0.057461
0.1161 -0.046562
0.0887 -0.035612
0.0594 -0.023894
0.0254 -0.010299
-0.0179 0.006411
-0.0768 0.023495
-0.1523 0.038659
-0.2314 0.048669
-0.3008 0.052372
-0.3569 0.051407
-0.4009 0.047770
-0.4353 0.042893
-0.4621 0.037654
-0.4829 0.032543
-0.4992 0.027814
-0.5117 0.023577
-0.5213 0.019858
-0.5283 0.016643
-0.5333 0.013891
-0.5366 0.011555
-0.5382 0.009584
-0.5385 0.007928
-0.5374 0.006542
-0.5351 0.005386
-0.5317 0.004425
-0.5270 0.003626
-0.5212 0.002965
-0.5141 0.002418
