0.9928
0.9552
0.8977
0.8823
0.8712
0.8693
0.8618
0.8560
0.8555
0.8617
0.8631
0.8628
0.8643
0.8657
0.8606
0.8531
0.8579
0.8600
0.8610
0.8635
0.8547
0.8558
0.8594
0.8640
0.8682
0.8643
0.8649
0.8613
0.8631
0.8630
0.8684
0.8672
0.8618
0.8572
0.8538
0.8559
0.8599
0.8634
0.8648
0.8597
0.8551
0.8618
0.8660
0.8676
0.8674
0.8656
0.8642
0.8669
0.8611
0.8632
0.8693
0.8684
0.8675
0.8655
0.8619
0.8649
0.8649
0.8655
0.8639
0.8613
0.8665
0.8654
0.8587
0.8586
0.8630
0.8489
0.8478
0.8531
0.8545
0.8625
0.8629
0.8662
0.8671
0.8609
0.8542
0.8566
0.8596
0.8626
0.8625
0.8652
0.8673
0.8595
0.8561
0.8575
0.8605
0.8646
0.8603
0.8559
0.8576
0.8621
0.8637
0.8644
0.8692
0.8666
0.8672
0.8668
0.8561
0.8487
0.8540
0.8565
0.8608
0.8620
0.8626
0.8625
0.8658
0.8662
0.8673
0.8613
0.8633
0.8620
0.8575
0.8547
0.8584
0.8641
0.8696
0.8672
0.8641
0.8679
0.8674
0.8686
0.8643
0.8531
0.8563
0.8646
0.8660
0.8621
0.8604
0.8637
0.8592
0.8538
0.8574
0.8587
0.8634
0.8651
0.8611
0.8595
0.8581
0.8612
0.8653
0.8569
0.8579
0.8664
0.8685
0.8659
0.8699
0.8723
0.8615
0.8555
0.8566
0.8611
