0.0246 -0.023017
-0.0037 0.002932
-0.0393 0.030370
-0.0849 0.056942
-0.1406 0.078046
-0.1995 0.091705
-0.2539 0.096594
-0.3003 0.094501
-0.3384 0.088099
-0.3695 0.079549
-0.3947 0.070276
-0.4152 0.061127
-0.4318 0.052563
-0.4451 0.044804
-0.4557 0.037926
-0.4639 0.031923
-0.4700 0.026743
-0.4742 0.022312
-0.4768 0.018548
-0.4778 0.015369
-0.4774 0.012697
-0.4757 0.010460
-0.4727 0.008594
-0.4684 0.007042
-0.4631 0.005756
-0.4566 0.004693
-0.4491 0.003816
-0.4406 0.003096
-0.4311 0.002505
-0.4208 0.002021
-0.4096 0.001627
-0.3976 0.001306
-0.3850 0.001045
-0.3716 0.000834
-0.3577 0.000664
-0.3432 0.000527
-0.3282 0.000416
-0.3127 0.000328
-0.2966 0.000257
-0.2801 0.000201
-0.2629 0.000156
-0.2449 0.000120
-0.2259 0.000092
-0.2054 0.000069
-0.1828 0.000051
-0.1567 0.000036
-0.1248 0.000024
-0.0768 0.038725
-0.0063 0.003569
0.0841 -0.062439
0.1584 -0.157890
0.1944 -0.194154
0.2032 -0.203240
0.1960 -0.196171
0.1809 -0.181088
0.1625 -0.162711
0.1431 -0.143334
0.1236 -0.123838
0.1041 -0.104343
0.0843 -0.084551
0.0637 -0.063877
0.0412 -0.041103
0.0159 -0.014680
-0.0145 0.011827
-0.0531 0.039841
-0.1024 0.064485
-0.1602 0.083522
-0.2184 0.094259
-0.2704 0.096559
-0.3140 0.092760
-0.3497 0.085447
-0.3788 0.076534
-0.4024 0.067233
-0.4215 0.058243
-0.4370 0.049932
-0.4495 0.042463
-0.4593 0.035879
-0.4669 0.030157
-0.4725 0.025234
-0.4764 0.021034
-0.4786 0.017473
-0.4793 0.014469
-0.4787 0.011948
-0.4767 0.009839
-0.4736 0.008081
-0.4693 0.006621
-0.4638 0.005411
-0.4573 0.004411
-0.4498 0.003587
-0.4413 0.002910
-0.4318 0.002355
-0.4215 0.001900
-0.4104 0.001530
-0.3984 0.001228
-0.3858 0.000983
-0.3725 0.000785
-0.3586 0.000625
-0.3442 0.000496
-0.3292 0.000392
-0.3137 0.000309
-0.2977 0.000242
-0.2811 0.000189
-0.2639 0.000147
-0.2460 0.000113
-0.2269 0.000086
-0.2065 0.000065
-0.1839 0.000048
-0.1579 0.000034
-0.1262 0.000022
-0.0792 0.039923
-0.0092 0.004986
0.0817 -0.040369
0.1576 -0.157089
0.1949 -0.194687
0.2045 -0.204486
0.1976 -0.197673
0.1824 -0.182604
0.1640 -0.164147
0.1445 -0.144675
0.1249 -0.125103
0.1054 -0.105566
0.0856 -0.085776
0.0649 -0.065154
0.0426 -0.042686
0.0175 -0.016229
-0.0125 0.010281
-0.0506 0.038313
-0.0993 0.063253
-0.1568 0.082700
-0.2152 0.093961
-0.2677 0.096695
-0.3118 0.093170
-0.3479 0.085996
-0.3773 0.077131
-0.4012 0.067825
-0.4206 0.058800
-0.4364 0.050439
-0.4490 0.042916
-0.4591 0.036278
-0.4668 0.030504
-0.4726 0.025535
-0.4766 0.021292
-0.4790 0.017694
-0.4799 0.014658
-0.4795 0.012109
-0.4778 0.009976
-0.4748 0.008197
-0.4707 0.006719
-0.4655 0.005494
-0.4592 0.004481
-0.4519 0.003646
-0.4436 0.002959
-0.4343 0.002396
-0.4242 0.001935
-0.4132 0.001558
-0.4015 0.001252
-0.3890 0.001003
-0.3759 0.000801
-0.3621 0.000638
-0.3478 0.000507
-0.3329 0.000401
-0.3175 0.000316
-0.3016 0.000248
-0.2852 0.000194
-0.2681 0.000151
-0.2503 0.000117
-0.2315 0.000089
-0.2114 0.000067
-0.1893 0.000050
-0.1642 0.000036
-0.1340 0.000024
-0.0924 0.046501
-0.0268 0.013801
0.0614 -0.030209
0.1458 -0.145142
0.1909 -0.190583
0.2055 -0.205485
0.2012 -0.201269
0.1871 -0.187239
0.1688 -0.169034
0.1493 -0.149501
0.1296 -0.129799
0.1100 -0.110185
0.0902 -0.090436
0.0698 -0.070026
0.0479 -0.048150
0.0235 -0.022238
-0.0052 0.004169
-0.0412 0.032060
-0.0874 0.058103
-0.1435 0.079000
-0.2025 0.092280
-0.2566 0.096791
-0.3026 0.094431
-0.3405 0.087876
-0.3713 0.079256
-0.3964 0.069966
-0.4167 0.060831
-0.4333 0.052296
-0.4466 0.044573
-0.4572 0.037733
-0.4655 0.031766
-0.4718 0.026619
-0.4763 0.022218
-0.4791 0.018479
-0.4804 0.015322
-0.4803 0.012667
-0.4790 0.010444
-0.4764 0.008589
-0.4727 0.007046
-0.4678 0.005765
-0.4618 0.004706
-0.4549 0.003833
-0.4469 0.003113
-0.4380 0.002523
-0.4282 0.002039
-0.4175 0.001644
-0.4060 0.001322
-0.3938 0.001060
-0.3808 0.000848
-0.3672 0.000676
-0.3531 0.000537
-0.3384 0.000426
-0.3231 0.000336
-0.3073 0.000264
-0.2910 0.000207
-0.2742 0.000161
-0.2566 0.000125
-0.2381 0.000096
-0.2185 0.000073
-0.1972 0.000054
-0.1734 0.000039
-0.1454 0.000027
-0.1104 0.000017
-0.0552 0.027954
0.0248 -0.011949
0.1176 -0.087560
0.1803 -0.179834
0.2062 -0.206128
0.2079 -0.207935
0.1961 -0.196262
0.1783 -0.178493
0.1584 -0.158611
0.1382 -0.138377
0.1181 -0.118327
0.0982 -0.098363
0.0778 -0.078036
0.0564 -0.056620
0.0329 -0.032395
0.0058 -0.005500
-0.0273 0.022274
-0.0697 0.049738
-0.1229 0.072624
-0.1819 0.089005
-0.2384 0.096539
-0.2874 0.096288
-0.3280 0.090903
-0.3611 0.082780
-0.3881 0.073567
-0.4100 0.064272
-0.4278 0.055455
-0.4422 0.047399
-0.4538 0.040216
-0.4629 0.033920
-0.4699 0.028470
-0.4750 0.023795
-0.4784 0.019816
-0.4802 0.016448
-0.4807 0.013613
-0.4798 0.011235
-0.4777 0.009248
-0.4743 0.007593
-0.4699 0.006219
-0.4643 0.005082
-0.4577 0.004142
-0.4501 0.003368
-0.4415 0.002731
-0.4320 0.002210
-0.4216 0.001783
-0.4104 0.001435
-0.3984 0.001152
-0.3857 0.000922
-0.3723 0.000736
-0.3583 0.000586
-0.3437 0.000464
-0.3286 0.000367
-0.3130 0.000289
-0.2968 0.000227
-0.2801 0.000177
-0.2629 0.000137
-0.2449 0.000106
-0.2263 0.000081
-0.2070 0.000061
-0.1870 0.000046
-0.1661 0.000034
-0.1439 0.000024
-0.1192 0.000016
-0.0894 0.022458
-0.0457 0.011562
0.0154 -0.007354
0.0887 -0.044006
0.1479 -0.110582
0.1824 -0.136603
0.1951 -0.146275
0.1931 -0.144903
0.1826 -0.137071
0.1676 -0.125848
0.1505 -0.113005
0.1324 -0.099418
0.1137 -0.085399
0.0943 -0.070896
0.0739 -0.055582
0.0516 -0.038845
0.0261 -0.018297
-0.0046 0.002648
-0.0446 0.024404
-0.0972 0.044478
-0.1606 0.060862
-0.2248 0.070533
-0.2814 0.073074
-0.3280 0.070461
-0.3653 0.064906
-0.3949 0.058022
-0.4182 0.050817
-0.4365 0.043862
-0.4508 0.037454
-0.4617 0.031719
-0.4698 0.026687
-0.4755 0.022335
-0.4792 0.018608
-0.4809 0.015443
-0.4811 0.012772
-0.4797 0.010531
-0.4769 0.008657
-0.4729 0.007097
-0.4676 0.005803
-0.4612 0.004732
-0.4538 0.003849
-0.4453 0.003123
-0.4359 0.002528
-0.4255 0.002041
-0.4144 0.001643
-0.4025 0.001319
-0.3898 0.001057
-0.3766 0.000844
-0.3627 0.000672
-0.3484 0.000534
-0.3335 0.000422
-0.3181 0.000333
-0.3024 0.000262
-0.2863 0.000205
-0.2702 0.000160
-0.2548 0.000125
-0.2362 0.059197
-0.2144 0.053723
-0.1975 0.049453
-0.1857 0.046493
-0.1794 0.044882
-0.1782 0.044587
-0.1819 0.045485
-0.1896 0.047386
-0.2003 0.050056
-0.2131 0.053246
-0.2269 0.056712
-0.2411 0.060241
-0.2547 0.063663
-0.2675 0.066858
-0.2791 0.069752
-0.2893 0.072314
-0.2987 0.066606
-0.3090 0.056959
-0.3198 0.048748
-0.3308 0.041697
-0.3417 0.035612
-0.3522 0.030350
-0.3622 0.025801
-0.3714 0.021875
-0.3797 0.018496
-0.3873 0.015595
-0.3939 0.013114
-0.3995 0.011000
-0.4043 0.009203
-0.4081 0.007681
-0.4111 0.006397
-0.4131 0.005316
-0.4143 0.004408
-0.4146 0.003647
-0.4142 0.003012
-0.4128 0.002483
-0.4107 0.002042
-0.4078 0.001677
-0.4041 0.001374
-0.3996 0.001123
-0.3943 0.000916
-0.3882 0.000746
-0.3813 0.000606
-0.3736 0.000491
-0.3652 0.000397
-0.3559 0.000320
-0.3459 0.000257
-0.3352 0.000206
-0.3236 0.000164
-0.3113 0.000131
-0.2982 0.000104
-0.2843 0.000082
-0.2696 0.000064
-0.2538 0.000050
-0.2369 0.000038
-0.2185 0.000029
-0.1981 0.000022
-0.1749 0.000016
-0.1473 0.000011
-0.1098 0.027569
-0.0546 0.013811
0.0253 -0.006083
0.1246 -0.030904
0.2026 -0.151625
0.2251 -0.225067
0.2220 -0.222094
0.2077 -0.207868
0.1886 -0.188761
0.1680 -0.168180
0.1474 -0.147616
0.1273 -0.127502
0.1075 -0.107727
0.0877 -0.087887
0.0672 -0.067363
0.0451 -0.044490
0.0204 -0.019496
-0.0089 0.007745
-0.0453 0.039530
-0.0902 0.075613
-0.1419 0.104651
-0.1947 0.121222
-0.2436 0.125455
-0.2858 0.121769
-0.3212 0.113212
-0.3508 0.102232
-0.3753 0.090462
-0.3958 0.078879
-0.4128 0.068025
-0.4268 0.058165
-0.4384 0.049393
-0.4477 0.041706
-0.4550 0.035047
-0.4605 0.029328
-0.4643 0.024452
-0.4666 0.020319
-0.4675 0.016832
-0.4671 0.013904
-0.4654 0.011455
-0.4625 0.009412
-0.4584 0.007714
-0.4533 0.006307
-0.4472 0.005144
-0.4400 0.004186
-0.4320 0.003397
-0.4230 0.002751
-0.4133 0.002222
-0.4027 0.001790
-0.3914 0.001439
-0.3795 0.001153
-0.3669 0.000922
-0.3538 0.000735
-0.3401 0.000584
-0.3259 0.000463
-0.3112 0.000366
-0.2960 0.000287
-0.2802 0.000225
-0.2638 0.000175
-0.2466 0.000135
-0.2284 0.000104
-0.2088 0.000078
-0.1872 0.000058
-0.1625 0.000042
-0.1328 0.000028
-0.0903 0.022717
-0.0288 0.014754
0.0554 -0.027257
0.1421 -0.070683
0.1923 -0.192076
0.2056 -0.205555
0.2009 -0.201025
0.1870 -0.187151
0.1690 -0.169228
0.1498 -0.149971
0.1303 -0.130514
0.1109 -0.111125
0.0914 -0.091609
0.0713 -0.071476
0.0497 -0.049755
0.0259 -0.024928
-0.0020 0.001499
-0.0368 0.029542
-0.0808 0.060880
-0.1336 0.086655
-0.1898 0.101970
-0.2426 0.107836
-0.2881 0.105951
-0.3260 0.099151
-0.3571 0.089826
-0.3826 0.079587
-0.4035 0.069407
-0.4206 0.059824
-0.4345 0.051103
-0.4457 0.043345
-0.4545 0.036551
-0.4613 0.030673
-0.4662 0.025632
-0.4694 0.021340
-0.4711 0.017708
-0.4713 0.014648
-0.4702 0.012083
-0.4678 0.009939
-0.4642 0.008154
-0.4594 0.006673
-0.4535 0.005446
-0.4465 0.004434
-0.4385 0.003600
-0.4295 0.002916
-0.4196 0.002355
-0.4089 0.001898
-0.3973 0.001525
-0.3850 0.001222
-0.3720 0.000976
-0.3584 0.000777
-0.3442 0.000617
-0.3294 0.000489
-0.3141 0.000385
-0.2983 0.000302
-0.2820 0.000236
-0.2650 0.000184
-0.2472 0.000142
-0.2284 0.000108
-0.2081 0.000082
-0.1858 0.000060
-0.1603 0.000043
-0.1294 0.000029
-0.0843 0.021222
-0.0170 0.008887
0.0720 -0.035539
0.1538 -0.114890
0.1943 -0.194092
0.2053 -0.205311
0.1992 -0.199296
0.1844 -0.184600
0.1661 -0.166287
0.1467 -0.146867
0.1271 -0.127336
0.1077 -0.107877
0.0880 -0.088237
0.0677 -0.067876
0.0458 -0.045532
0.0213 -0.020095
-0.0076 0.006274
-0.0440 0.034685
-0.0903 0.061960
-0.1458 0.082827
-0.2036 0.095759
-0.2565 0.099828
-0.3014 0.097053
-0.3384 0.090133
-0.3686 0.081193
-0.3932 0.071624
-0.4133 0.062244
-0.4296 0.053496
-0.4427 0.045587
-0.4532 0.038585
-0.4613 0.032480
-0.4675 0.027214
-0.4718 0.022711
-0.4746 0.018887
-0.4758 0.015657
-0.4757 0.012942
-0.4742 0.010668
-0.4715 0.008771
-0.4677 0.007193
-0.4628 0.005885
-0.4567 0.004802
-0.4497 0.003909
-0.4417 0.003175
-0.4327 0.002572
-0.4228 0.002078
-0.4121 0.001674
-0.4006 0.001346
-0.3883 0.001079
-0.3754 0.000862
-0.3618 0.000687
-0.3476 0.000546
-0.3329 0.000432
-0.3176 0.000341
-0.3018 0.000268
-0.2854 0.000209
-0.2684 0.000163
-0.2507 0.000126
-0.2319 0.000096
-0.2119 0.000073
-0.1900 0.000054
-0.1653 0.000039
-0.1359 0.000026
-0.0961 0.024161
-0.0363 0.018541
0.0493 -0.024192
0.1382 -0.103041
0.1917 -0.191318
0.2102 -0.210114
0.2073 -0.207419
0.1932 -0.193421
0.1744 -0.174607
0.1541 -0.154332
0.1338 -0.133986
0.1137 -0.113906
0.0937 -0.093883
0.0732 -0.073398
0.0514 -0.051662
0.0274 -0.026631
-0.0006 0.000239
-0.0352 0.028357
-0.0795 0.056072
-0.1338 0.078159
-0.1922 0.092953
-0.2469 0.098785
-0.2937 0.097241
-0.3324 0.091034
-0.3640 0.082443
-0.3897 0.072993
-0.4107 0.063600
-0.4277 0.054768
-0.4414 0.046741
-0.4524 0.039611
-0.4610 0.033377
-0.4676 0.027990
-0.4723 0.023377
-0.4754 0.019454
-0.4769 0.016138
-0.4771 0.013348
-0.4759 0.011010
-0.4735 0.009058
-0.4700 0.007433
-0.4653 0.006084
-0.4595 0.004969
-0.4527 0.004047
-0.4450 0.003289
-0.4362 0.002666
-0.4266 0.002155
-0.4160 0.001738
-0.4047 0.001398
-0.3926 0.001121
-0.3798 0.000897
-0.3664 0.000715
-0.3523 0.000569
-0.3377 0.000451
-0.3225 0.000356
-0.3068 0.000280
-0.2905 0.000219
-0.2736 0.000171
-0.2561 0.000132
-0.2377 0.000101
-0.2185 0.000077
-0.1985 0.000058
-0.1778 0.000043
-0.1565 0.000031
-0.1341 0.000022
-0.1097 0.000015
-0.0810 0.000009
-0.0418 0.021152
0.0142 -0.006779
0.0802 -0.059689
0.1356 -0.101367
0.1701 -0.127417
0.1848 -0.138571
0.1855 -0.139134
0.1774 -0.133135
0.1644 -0.123424
0.1488 -0.111750
0.1319 -0.099049
0.1141 -0.085720
0.0955 -0.071796
0.0758 -0.057031
0.0543 -0.040902
0.0298 -0.021666
0.0005 -0.000552
-0.0371 0.020796
-0.0870 0.040538
-0.1486 0.057382
-0.2130 0.068123
-0.2711 0.071739
-0.3192 0.069901
-0.3579 0.064822
-0.3886 0.058202
-0.4128 0.051126
-0.4317 0.044220
-0.4465 0.037814
-0.4578 0.032057
-0.4661 0.026992
-0.4721 0.022602
-0.4759 0.018839
-0.4778 0.015639
-0.4780 0.012938
-0.4767 0.010669
-0.4741 0.008772
-0.4701 0.007192
-0.4649 0.005881
-0.4586 0.004797
-0.4512 0.003902
-0.4428 0.003166
-0.4335 0.002563
-0.4232 0.002069
-0.4122 0.001666
-0.4004 0.001338
-0.3878 0.001072
-0.3747 0.000856
-0.3609 0.000682
-0.3466 0.000541
-0.3318 0.000428
-0.3165 0.000338
-0.3007 0.000265
-0.2844 0.000208
-0.2675 0.000162
-0.2503 0.000125
-0.2277 0.057100
-0.2006 0.050288
-0.1773 0.044424
-0.1589 0.039802
-0.1460 0.036565
-0.1387 0.034709
-0.1365 0.034141
-0.1390 0.034755
-0.1459 0.036456
-0.1567 0.039145
-0.1708 0.042679
-0.1876 0.046853
-0.2058 0.051407
-0.2244 0.056069
-0.2426 0.060601
-0.2595 0.064829
-0.2756 0.058366
-0.2920 0.051130
-0.3082 0.044616
-0.3237 0.038750
-0.3383 0.033489
-0.3519 0.028801
-0.3643 0.024652
-0.3754 0.021007
-0.3853 0.017828
-0.3940 0.015072
-0.4015 0.012699
-0.4078 0.010665
-0.4130 0.008931
-0.4172 0.007459
-0.4203 0.006214
-0.4226 0.005165
-0.4239 0.004284
-0.4243 0.003546
-0.4239 0.002929
-0.4226 0.002414
-0.4205 0.001986
-0.4176 0.001631
-0.4140 0.001337
-0.4095 0.001093
-0.4043 0.000892
-0.3983 0.000727
-0.3915 0.000591
-0.3839 0.000479
-0.3756 0.000388
-0.3666 0.000313
-0.3567 0.000252
-0.3462 0.000202
-0.3349 0.000161
-0.3228 0.000129
-0.3100 0.000102
-0.2965 0.000081
-0.2821 0.000064
-0.2668 0.000050
-0.2506 0.000039
-0.2331 0.000030
-0.2140 0.000023
-0.1928 0.000017
-0.1685 0.000012
-0.1391 0.000008
-0.0964 0.024231
-0.0340 0.008698
0.0572 -0.014041
0.1584 -0.039373
0.2169 -0.216642
0.2283 -0.228256
0.2209 -0.221036
0.2043 -0.204443
0.1840 -0.184190
0.1629 -0.163136
0.1422 -0.142416
0.1221 -0.122255
0.1022 -0.102420
0.0822 -0.082427
0.0614 -0.061583
0.0388 -0.037718
0.0132 -0.012549
-0.0176 0.015504
-0.0562 0.048599
-0.1032 0.082349
-0.1566 0.103460
-0.2103 0.114979
-0.2587 0.117035
-0.2999 0.112230
-0.3341 0.103433
-0.3625 0.092797
-0.3860 0.081703
-0.4054 0.070961
-0.4215 0.061002
-0.4347 0.052022
-0.4454 0.044080
-0.4541 0.037153
-0.4608 0.031174
-0.4658 0.026056
-0.4692 0.021703
-0.4712 0.018021
-0.4719 0.014921
-0.4712 0.012321
-0.4694 0.010149
-0.4665 0.008339
-0.4625 0.006836
-0.4575 0.005590
-0.4514 0.004561
-0.4444 0.003713
-0.4365 0.003015
-0.4277 0.002443
-0.4181 0.001974
-0.4077 0.001592
-0.3966 0.001280
-0.3847 0.001027
-0.3722 0.000822
-0.3591 0.000655
-0.3455 0.000521
-0.3312 0.000413
-0.3165 0.000326
-0.3012 0.000257
-0.2853 0.000201
-0.2688 0.000157
-0.2515 0.000121
-0.2333 0.000093
-0.2137 0.000070
-0.1922 0.000052
-0.1677 0.000038
-0.1385 0.000026
-0.0995 0.025013
-0.0397 0.020229
0.0464 -0.022727
0.1406 -0.069877
0.2018 -0.201529
0.2167 -0.216716
0.2115 -0.211652
0.1961 -0.196299
0.1766 -0.176772
0.1559 -0.156149
0.1355 -0.135660
0.1154 -0.115557
0.0954 -0.095600
0.0751 -0.075269
0.0536 -0.053793
0.0299 -0.029288
0.0026 -0.002586
-0.0310 0.025526
-0.0737 0.056701
-0.1253 0.083321
-0.1816 0.099996
-0.2352 0.107220
-0.2819 0.106318
-0.3209 0.100096
-0.3530 0.091052
-0.3793 0.080907
-0.4008 0.070710
-0.4185 0.061052
-0.4330 0.052228
-0.4448 0.044357
-0.4542 0.037451
-0.4615 0.031466
-0.4670 0.026328
-0.4709 0.021949
-0.4732 0.018239
-0.4742 0.015112
-0.4739 0.012487
-0.4723 0.010291
-0.4696 0.008460
-0.4658 0.006938
-0.4610 0.005677
-0.4550 0.004634
-0.4481 0.003773
-0.4403 0.003065
-0.4315 0.002484
-0.4218 0.002007
-0.4113 0.001618
-0.4000 0.001301
-0.3879 0.001044
-0.3751 0.000834
-0.3617 0.000665
-0.3476 0.000529
-0.3330 0.000419
-0.3178 0.000330
-0.3020 0.000260
-0.2857 0.000203
-0.2687 0.000158
-0.2508 0.000122
-0.2320 0.000093
-0.2118 0.000070
-0.1895 0.000052
-0.1641 0.000037
-0.1335 0.000025
-0.0925 0.023277
-0.0265 0.013653
0.0641 -0.031558
0.1556 -0.116195
0.2000 -0.199710
0.2132 -0.213160
0.2073 -0.207377
0.1918 -0.191978
0.1725 -0.172718
0.1522 -0.152442
0.1321 -0.132263
0.1122 -0.112385
0.0923 -0.092549
0.0720 -0.072217
0.0504 -0.050595
0.0264 -0.025612
-0.0016 0.001106
-0.0362 0.029240
-0.0802 0.057940
-0.1339 0.080128
-0.1916 0.094905
-0.2456 0.100658
-0.2920 0.098998
-0.3303 0.092650
-0.3617 0.083904
-0.3873 0.074296
-0.4082 0.064750
-0.4252 0.055774
-0.4390 0.047616
-0.4501 0.040367
-0.4589 0.034028
-0.4656 0.028549
-0.4706 0.023855
-0.4739 0.019864
-0.4757 0.016488
-0.4762 0.013646
-0.4754 0.011265
-0.4735 0.009275
-0.4703 0.007618
-0.4661 0.006243
-0.4609 0.005104
-0.4546 0.004163
-0.4474 0.003387
-0.4392 0.002749
-0.4302 0.002226
-0.4202 0.001798
-0.4095 0.001449
-0.3980 0.001164
-0.3857 0.000933
-0.3728 0.000746
-0.3592 0.000594
-0.3450 0.000472
-0.3302 0.000373
-0.3149 0.000294
-0.2989 0.000231
-0.2824 0.000180
-0.2652 0.000140
-0.2472 0.000108
-0.2280 0.000082
-0.2074 0.000062
-0.1846 0.000046
-0.1585 0.000032
-0.1267 0.000021
-0.0832 0.020956
-0.0135 0.007146
0.0805 -0.039752
0.1640 -0.163364
0.2049 -0.204677
0.2154 -0.215427
0.2076 -0.207751
0.1909 -0.191114
0.1709 -0.171080
0.1501 -0.150320
0.1296 -0.129817
0.1095 -0.109680
0.0894 -0.089581
0.0687 -0.068918
0.0466 -0.046832
0.0219 -0.021107
-0.0071 0.005900
-0.0433 0.034719
-0.0895 0.060997
-0.1450 0.081853
-0.2029 0.094846
-0.2560 0.099009
-0.3010 0.096330
-0.3382 0.089498
-0.3684 0.080642
-0.3931 0.071148
-0.4131 0.061838
-0.4295 0.053153
-0.4426 0.045301
-0.4532 0.038350
-0.4615 0.032289
