0.7720 1.9273
0.7531 1.6933
0.7329 1.4902
0.7116 1.3140
0.6894 1.1611
0.6664 1.0285
0.6430 0.9134
0.6193 0.8135
0.5956 0.7268
0.5723 0.6517
0.5497 0.5864
0.5279 0.5299
0.5071 0.4808
0.4876 0.4382
0.4695 0.4013
0.4527 0.3692
0.4374 0.3414
0.4235 0.3173
0.4110 0.2964
0.3998 0.2783
0.3898 0.2626
0.3809 0.2489
0.3731 0.2371
0.3662 0.2269
0.3602 0.2180
0.3549 0.2103
0.3502 0.2036
0.3462 0.1978
0.3427 0.1928
0.3396 0.1884
0.3369 0.1846
0.3346 0.1813
0.3325 0.1785
0.3308 0.1760
0.3292 0.1739
0.3279 0.1721
0.3267 0.1704
0.3257 0.1691
0.3248 0.1679
0.3241 0.1668
0.3234 0.1659
0.3228 0.1652
0.3226 0.1665
0.3313 0.2277
0.4423 1.2141
0.6544 6.2229
0.8145 17.8859
0.8968 32.5984
0.9286 44.6852
0.9371 51.4138
0.9372 52.4799
0.9352 49.5426
0.9332 44.7486
0.9315 39.5314
0.9299 34.5575
0.9282 30.0642
0.9263 26.1003
0.9242 22.6412
0.9216 19.6378
0.9187 17.0355
0.9154 14.7826
0.9116 12.8323
0.9073 11.1436
0.9024 9.6811
0.8968 8.4142
0.8904 7.3164
0.8833 6.3651
0.8752 5.5405
0.8661 4.8256
0.8560 4.2059
0.8447 3.6685
0.8321 3.2026
0.8183 2.7985
0.8031 2.4481
0.7865 2.1442
0.7686 1.8806
0.7494 1.6521
0.7289 1.4538
0.7074 1.2819
0.6849 1.1328
0.6617 1.0035
0.6381 0.8914
0.6143 0.7941
0.5907 0.7098
0.5674 0.6367
0.5449 0.5733
0.5232 0.5183
0.5027 0.4706
0.4834 0.4293
0.4655 0.3935
0.4491 0.3624
0.4341 0.3355
0.4205 0.3121
0.4082 0.2918
0.3973 0.2743
0.3875 0.2591
0.3789 0.2459
0.3713 0.2344
0.3646 0.2245
0.3588 0.2159
0.3536 0.2085
0.3492 0.2020
0.3452 0.1964
0.3418 0.1916
0.3389 0.1874
0.3363 0.1837
0.3340 0.1806
0.3321 0.1778
0.3304 0.1754
0.3289 0.1734
0.3276 0.1716
0.3265 0.1701
0.3255 0.1687
0.3246 0.1676
0.3239 0.1666
0.3233 0.1658
0.3228 0.1652
0.3229 0.1688
0.3410 0.2929
0.4877 1.8349
0.6961 8.0565
0.8380 20.6099
0.9065 34.9959
0.9314 46.0717
0.9373 51.6098
0.9367 51.7471
0.9347 48.3359
0.9328 43.4104
0.9311 38.2299
0.9295 33.3547
0.9278 28.9750
0.9258 25.1222
0.9235 21.7664
0.9209 18.8575
0.9179 16.3415
0.9144 14.1671
0.9104 12.2880
0.9059 10.6637
0.9007 9.2590
0.8949 8.0437
0.8882 6.9918
0.8808 6.0810
0.8723 5.2921
0.8629 4.6087
0.8524 4.0164
0.8406 3.5032
0.8276 3.0583
0.8133 2.6726
0.7976 2.3383
0.7805 2.0485
0.7621 1.7973
0.7424 1.5794
0.7215 1.3906
0.6996 1.2269
0.6768 1.0849
0.6534 0.9619
0.6297 0.8552
0.6059 0.7627
0.5823 0.6825
0.5593 0.6130
0.5370 0.5527
0.5157 0.5005
0.4956 0.4552
0.4769 0.4159
0.4595 0.3819
0.4435 0.3523
0.4290 0.3267
0.4159 0.3046
0.4042 0.2853
0.3937 0.2687
0.3844 0.2542
0.3761 0.2417
0.3689 0.2308
0.3625 0.2214
0.3569 0.2132
0.3520 0.2061
0.3477 0.2000
0.3440 0.1947
0.3408 0.1901
0.3379 0.1861
0.3355 0.1826
0.3333 0.1796
0.3315 0.1770
0.3298 0.1747
0.3284 0.1728
0.3272 0.1711
0.3261 0.1696
0.3252 0.1683
0.3244 0.1672
0.3237 0.1663
0.3231 0.1655
0.3227 0.1653
0.3241 0.1775
0.3679 0.4867
0.5553 3.0902
0.7484 11.0287
0.8650 24.4303
0.9169 38.0488
0.9341 47.5694
0.9372 51.4625
0.9360 50.4326
0.9340 46.4862
0.9322 41.4543
0.9305 36.3692
0.9289 31.6632
0.9271 27.4698
0.9250 23.7972
0.9226 20.6066
0.9198 17.8452
0.9166 15.4589
0.9129 13.3977
0.9087 11.6171
0.9039 10.0784
0.8985 8.7483
0.8923 7.5980
0.8853 6.6028
0.8774 5.7417
0.8686 4.9962
0.8587 4.3508
0.8476 3.7919
0.8353 3.3077
0.8217 2.8883
0.8068 2.5250
0.7905 2.2101
0.7728 1.9373
0.7539 1.7008
0.7336 1.4959
0.7123 1.3183
0.6900 1.1643
0.6670 1.0308
0.6434 0.9151
0.6196 0.8147
0.5959 0.7278
0.5726 0.6523
0.5499 0.5869
0.5280 0.5302
0.5073 0.4811
0.4878 0.4384
0.4696 0.4015
0.4528 0.3694
0.4375 0.3416
0.4236 0.3175
0.4111 0.2966
0.3999 0.2785
0.3899 0.2627
0.3810 0.2491
0.3732 0.2373
0.3663 0.2270
0.3603 0.2181
0.3550 0.2104
0.3503 0.2037
0.3463 0.1979
0.3427 0.1929
0.3397 0.1885
0.3370 0.1847
0.3347 0.1815
0.3326 0.1786
0.3308 0.1761
0.3293 0.1740
0.3280 0.1721
0.3268 0.1705
0.3258 0.1691
0.3249 0.1679
0.3241 0.1669
0.3235 0.1660
0.3229 0.1652
0.3225 0.1657
0.3283 0.2077
0.4215 0.9776
0.6316 5.2028
0.7993 15.1309
0.8891 29.0871
0.9255 41.5970
0.9360 49.3251
0.9369 51.5187
0.9352 49.4224
0.9333 45.0754
0.9316 40.0381
0.9301 35.1089
0.9284 30.6001
0.9266 26.5964
0.9245 23.0897
0.9220 20.0382
0.9192 17.3907
0.9159 15.0967
0.9122 13.1097
0.9080 11.3885
0.9032 9.8972
0.8977 8.6049
0.8915 7.4849
0.8845 6.5138
0.8766 5.6719
0.8677 4.9417
0.8578 4.3085
0.8468 3.7593
0.8345 3.2828
0.8209 2.8695
0.8060 2.5110
0.7898 2.1999
0.7722 1.9300
0.7533 1.6958
0.7332 1.4926
0.7119 1.3164
0.6897 1.1634
0.6668 1.0306
0.6434 0.9155
0.6197 0.8155
0.5961 0.7288
0.5729 0.6535
0.5503 0.5882
0.5285 0.5316
0.5078 0.4824
0.4883 0.4397
0.4702 0.4027
0.4534 0.3706
0.4381 0.3427
0.4242 0.3185
0.4116 0.2976
0.4004 0.2793
0.3904 0.2635
0.3815 0.2498
0.3736 0.2379
0.3667 0.2276
0.3606 0.2187
0.3553 0.2109
0.3506 0.2042
0.3465 0.1983
0.3430 0.1932
0.3399 0.1888
0.3372 0.1850
0.3348 0.1817
0.3328 0.1788
0.3310 0.1763
0.3294 0.1742
0.3281 0.1723
0.3269 0.1707
0.3259 0.1692
0.3250 0.1680
0.3242 0.1670
0.3235 0.1660
0.3229 0.1653
0.3227 0.1666
0.3326 0.2373
0.4518 1.3352
0.6635 6.4226
0.8188 17.3247
0.8979 31.4564
0.9284 43.4074
0.9366 50.3015
0.9368 51.7335
0.9350 49.1671
0.9331 44.6320
0.9315 39.5687
0.9299 34.6813
0.9283 30.2346
0.9264 26.2936
0.9243 22.8429
0.9218 19.8389
0.9190 17.2307
0.9157 14.9686
0.9120 13.0074
0.9077 11.3068
0.9029 9.8322
0.8974 8.5532
0.8912 7.4437
0.8842 6.4811
0.8763 5.6460
0.8674 4.9213
0.8575 4.2924
0.8464 3.7466
0.8341 3.2729
0.8206 2.8618
0.8057 2.5050
0.7895 2.1953
0.7719 1.9265
0.7530 1.6932
0.7329 1.4907
0.7117 1.3149
0.6895 1.1623
0.6666 1.0299
0.6432 0.9149
0.6196 0.8152
0.5960 0.7286
0.5728 0.6534
0.5502 0.5882
0.5285 0.5316
0.5078 0.4824
0.4883 0.4398
0.4702 0.4028
0.4535 0.3707
0.4381 0.3428
0.4242 0.3186
0.4117 0.2976
0.4004 0.2794
0.3904 0.2636
0.3815 0.2499
0.3737 0.2380
0.3667 0.2277
0.3606 0.2187
0.3553 0.2109
0.3506 0.2042
0.3466 0.1983
0.3430 0.1933
0.3399 0.1888
0.3372 0.1850
0.3348 0.1817
0.3328 0.1788
0.3310 0.1763
0.3294 0.1742
0.3281 0.1723
0.3269 0.1707
0.3259 0.1693
0.3250 0.1680
0.3242 0.1670
0.3235 0.1660
0.3229 0.1653
0.3228 0.1672
0.3356 0.2582
0.4679 1.5560
0.6790 7.1225
0.8279 18.5934
0.9019 32.8084
0.9298 44.4422
0.9369 50.8683
0.9367 51.8723
0.9349 49.0396
0.9330 44.3934
0.9314 39.3080
0.9298 34.4367
0.9282 30.0188
0.9263 26.1084
0.9242 22.6860
0.9217 19.7068
0.9188 17.1196
0.9155 14.8752
0.9118 12.9286
0.9075 11.2404
0.9027 9.7759
0.8972 8.5055
0.8910 7.4032
0.8839 6.4468
0.8760 5.6167
0.8671 4.8963
0.8571 4.2711
0.8460 3.7284
0.8337 3.2574
0.8201 2.8485
0.8051 2.4936
0.7889 2.1855
0.7713 1.9181
0.7523 1.6859
0.7322 1.4844
0.7110 1.3095
0.6888 1.1577
0.6659 1.0259
0.6425 0.9115
0.6188 0.8122
0.5953 0.7260
0.5721 0.6512
0.5495 0.5862
0.5278 0.5299
0.5072 0.4810
0.4877 0.4385
0.4696 0.4017
0.4530 0.3697
0.4377 0.3420
0.4238 0.3179
0.4113 0.2970
0.4001 0.2789
0.3901 0.2632
0.3813 0.2495
0.3734 0.2377
0.3665 0.2274
0.3605 0.2185
0.3552 0.2107
0.3505 0.2040
0.3464 0.1982
0.3429 0.1931
0.3398 0.1887
0.3371 0.1849
0.3348 0.1816
0.3327 0.1788
0.3309 0.1763
0.3294 0.1741
0.3280 0.1722
0.3269 0.1706
0.3258 0.1692
0.3249 0.1680
0.3242 0.1669
0.3235 0.1660
0.3229 0.1653
0.3228 0.1678
0.3384 0.2777
0.4805 1.7452
0.6905 7.7087
0.8346 19.6381
0.9049 33.8907
0.9308 45.2517
0.9371 51.2897
0.9367 51.9452
0.9348 48.8999
0.9329 44.1666
0.9313 39.0648
0.9297 34.2075
0.9281 29.8139
0.9262 25.9295
0.9241 22.5316
0.9216 19.5740
0.9187 17.0057
0.9154 14.7775
0.9116 12.8448
0.9073 11.1684
0.9024 9.7141
0.8969 8.4524
0.8907 7.3575
0.8836 6.4074
0.8756 5.5828
0.8667 4.8671
0.8566 4.2459
0.8455 3.7067
0.8331 3.2387
0.8195 2.8324
0.8045 2.4797
0.7882 2.1735
0.7705 1.9077
0.7515 1.6770
0.7313 1.4767
0.7101 1.3028
0.6878 1.1519
0.6649 1.0209
0.6415 0.9072
0.6179 0.8085
0.5943 0.7228
0.5712 0.6484
0.5486 0.5839
0.5270 0.5278
0.5064 0.4792
0.4870 0.4370
0.4690 0.4004
0.4523 0.3686
0.4371 0.3410
0.4233 0.3171
0.4109 0.2963
0.3997 0.2782
0.3898 0.2626
0.3810 0.2490
0.3732 0.2372
0.3663 0.2270
0.3603 0.2181
0.3550 0.2104
0.3504 0.2038
0.3463 0.1980
0.3428 0.1929
0.3397 0.1886
0.3370 0.1848
0.3347 0.1815
0.3327 0.1787
0.3309 0.1762
0.3293 0.1740
0.3280 0.1722
0.3268 0.1706
0.3258 0.1692
0.3249 0.1680
0.3241 0.1669
0.3235 0.1660
0.3229 0.1653
0.3229 0.1685
0.3417 0.3006
0.4932 1.9484
0.7015 8.3088
0.8408 20.6442
0.9075 34.8872
0.9316 45.9655
0.9372 51.6269
0.9366 51.9587
0.9347 48.7252
0.9328 43.9199
0.9312 38.8093
0.9297 33.9694
0.9280 29.6016
0.9261 25.7439
0.9239 22.3707
0.9214 19.4353
0.9185 16.8862
0.9152 14.6746
0.9114 12.7561
0.9071 11.0920
0.9022 9.6482
0.8966 8.3955
0.8903 7.3084
0.8832 6.3650
0.8752 5.5462
0.8662 4.8355
0.8561 4.2186
0.8449 3.6831
0.8325 3.2182
0.8188 2.8147
0.8037 2.4644
0.7874 2.1602
0.7696 1.8962
0.7506 1.6671
0.7304 1.4681
0.7090 1.2954
0.6868 1.1455
0.6638 1.0153
0.6404 0.9024
0.6168 0.8043
0.5933 0.7192
0.5701 0.6453
0.5476 0.5812
0.5260 0.5255
0.5055 0.4772
0.4862 0.4352
0.4682 0.3988
0.4516 0.3673
0.4365 0.3399
0.4227 0.3161
0.4103 0.2954
0.3992 0.2775
0.3894 0.2620
0.3806 0.2485
0.3728 0.2368
0.3660 0.2266
0.3600 0.2178
0.3548 0.2101
0.3502 0.2035
0.3461 0.1977
0.3426 0.1927
0.3396 0.1884
0.3369 0.1846
0.3346 0.1814
0.3326 0.1785
0.3308 0.1761
0.3293 0.1740
0.3279 0.1721
0.3268 0.1705
0.3258 0.1691
0.3249 0.1679
0.3241 0.1669
0.3234 0.1660
0.3229 0.1653
0.3231 0.1696
0.3459 0.3305
0.5072 2.1919
0.7132 8.9837
0.8472 21.6968
0.9102 35.8825
0.9325 46.6444
0.9373 51.9105
0.9365 51.9181
0.9346 48.5051
0.9327 43.6368
0.9311 38.5239
0.9296 33.7060
0.9279 29.3674
0.9260 25.5392
0.9238 22.1932
0.9213 19.2818
0.9183 16.7537
0.9150 14.5602
0.9112 12.6573
0.9068 11.0066
0.9019 9.5744
0.8963 8.3316
0.8900 7.2532
0.8828 6.3172
0.8747 5.5048
0.8657 4.7996
0.8556 4.1875
0.8443 3.6561
0.8318 3.1949
0.8180 2.7944
0.8029 2.4468
0.7864 2.1450
0.7686 1.8831
0.7496 1.6556
0.7293 1.4582
0.7079 1.2868
0.6856 1.1380
0.6626 1.0089
0.6392 0.8968
0.6155 0.7994
0.5920 0.7150
0.5689 0.6416
0.5465 0.5780
0.5249 0.5227
0.5044 0.4748
0.4852 0.4332
0.4673 0.3971
0.4508 0.3657
0.4357 0.3385
0.4220 0.3149
0.4097 0.2944
0.3987 0.2766
0.3889 0.2612
0.3801 0.2478
0.3725 0.2362
0.3657 0.2261
0.3597 0.2174
0.3545 0.2098
0.3499 0.2032
0.3459 0.1975
0.3425 0.1925
0.3394 0.1882
0.3368 0.1845
0.3345 0.1812
0.3325 0.1784
0.3307 0.1760
0.3292 0.1739
0.3279 0.1720
0.3267 0.1704
0.3257 0.1690
0.3248 0.1678
0.3241 0.1668
0.3234 0.1659
0.3229 0.1653
0.3232 0.1709
0.3511 0.3678
0.5220 2.4704
0.7250 9.7325
0.8536 22.8185
0.9128 36.9147
0.9332 47.3295
0.9374 52.1759
0.9364 51.8481
0.9344 48.2547
0.9326 43.3256
0.9310 38.2129
0.9295 33.4194
0.9278 29.1124
0.9259 25.3158
0.9237 21.9990
0.9211 19.1135
0.9181 16.6080
0.9148 14.4341
0.9109 12.5482
0.9066 10.9121
0.9016 9.4925
0.8959 8.2607
0.8895 7.1917
0.8823 6.2639
0.8742 5.4585
0.8651 4.7595
0.8549 4.1527
0.8436 3.6260
0.8310 3.1687
0.8171 2.7717
0.8019 2.4271
0.7854 2.1279
0.7675 1.8682
0.7483 1.6427
0.7280 1.4470
0.7065 1.2771
0.6842 1.1296
0.6612 1.0015
0.6377 0.8904
0.6141 0.7939
0.5906 0.7101
0.5675 0.6374
0.5451 0.5743
0.5236 0.5196
0.5032 0.4720
0.4840 0.4308
0.4662 0.3950
0.4498 0.3639
0.4348 0.3369
0.4212 0.3135
0.4090 0.2932
0.3980 0.2756
0.3883 0.2603
0.3796 0.2470
0.3720 0.2355
0.3653 0.2255
0.3594 0.2168
0.3542 0.2093
0.3497 0.2028
0.3457 0.1971
0.3423 0.1922
0.3393 0.1879
0.3366 0.1842
0.3343 0.1810
0.3324 0.1782
0.3306 0.1758
0.3291 0.1737
0.3278 0.1719
0.3267 0.1703
0.3257 0.1690
0.3248 0.1678
0.3240 0.1667
0.3234 0.1659
0.3228 0.1653
0.3235 0.1728
0.3576 0.4165
0.5381 2.8056
0.7375 10.6002
0.8602 24.0627
0.9154 38.0313
0.9340 48.0536
0.9375 52.4400
0.9363 51.7538
0.9343 47.9722
0.9325 42.9816
0.9309 37.8707
0.9294 33.1040
0.9277 28.8311
0.9257 25.0687
0.9235 21.7835
0.9209 18.9262
0.9179 16.4455
0.9145 14.2931
0.9106 12.4259
0.9062 10.8060
0.9012 9.4004
0.8955 8.1808
0.8891 7.1223
0.8818 6.2036
0.8736 5.4062
0.8644 4.7141
0.8541 4.1132
0.8427 3.5917
0.8300 3.1389
0.8161 2.7458
0.8008 2.4046
0.7842 2.1084
0.7662 1.8512
0.7469 1.6280
0.7265 1.4342
0.7050 1.2659
0.6826 1.1199
0.6595 0.9931
0.6360 0.8831
0.6124 0.7875
0.5889 0.7046
0.5659 0.6327
0.5435 0.5702
0.5221 0.5160
0.5018 0.4689
0.4827 0.4281
0.4650 0.3926
0.4487 0.3619
0.4338 0.3352
0.4203 0.3120
0.4082 0.2919
0.3973 0.2744
0.3876 0.2593
0.3791 0.2461
0.3715 0.2347
0.3648 0.2249
0.3590 0.2163
0.3539 0.2088
0.3494 0.2024
0.3455 0.1967
0.3420 0.1919
0.3391 0.1877
0.3365 0.1840
0.3342 0.1808
0.3322 0.1781
0.3305 0.1757
0.3290 0.1736
0.3277 0.1718
0.3266 0.1702
0.3256 0.1689
0.3247 0.1677
0.3240 0.1667
0.3233 0.1658
0.3228 0.1653
0.3238 0.1754
0.3660 0.4811
0.5557 3.2087
0.7505 11.5975
0.8669 25.4188
0.9180 39.2108
0.9347 48.7905
0.9376 52.6780
0.9362 51.6164
0.9342 47.6449
0.9324 42.5961
0.9308 37.4915
0.9292 32.7560
0.9275 28.5212
0.9256 24.7967
0.9233 21.5464
0.9207 18.7202
0.9177 16.2668
0.9142 14.1383
0.9103 12.2918
0.9059 10.6898
0.9008 9.2999
0.8950 8.0937
0.8885 7.0469
0.8812 6.1384
0.8729 5.3498
0.8637 4.6652
0.8533 4.0710
0.8418 3.5551
0.8290 3.1073
0.8150 2.7185
0.7996 2.3810
0.7829 2.0880
0.7648 1.8336
0.7455 1.6128
0.7249 1.4211
0.7034 1.2546
0.6809 1.1101
0.6578 0.9847
0.6344 0.8758
0.6107 0.7813
0.5873 0.6993
0.5643 0.6280
0.5420 0.5662
0.5207 0.5126
0.5004 0.4660
0.4815 0.4255
0.4639 0.3905
0.4477 0.3600
0.4329 0.3336
0.4195 0.3106
0.4075 0.2907
0.3967 0.2734
0.3871 0.2584
0.3786 0.2454
0.3711 0.2341
0.3645 0.2243
0.3587 0.2158
0.3536 0.2084
0.3491 0.2020
0.3453 0.1965
0.3419 0.1916
0.3389 0.1875
0.3363 0.1838
0.3341 0.1807
0.3321 0.1779
0.3304 0.1756
0.3289 0.1735
0.3277 0.1717
0.3265 0.1702
0.3256 0.1688
0.3247 0.1677
0.3240 0.1666
0.3233 0.1658
0.3228 0.1653
0.3242 0.1784
0.3744 0.5501
0.5713 3.6096
0.7618 12.5810
0.8726 26.7163
0.9203 40.3244
0.9353 49.4825
0.9376 52.9035
0.9361 51.4972
0.9341 47.3541
0.9323 42.2537
0.9307 37.1550
0.9291 32.4477
0.9274 28.2474
0.9254 24.5571
0.9231 21.3383
0.9205 18.5402
0.9175 16.1114
0.9140 14.0042
0.9100 12.1761
0.9055 10.5902
0.9004 9.2140
0.8946 8.0197
0.8881 6.9832
0.8807 6.0835
0.8724 5.3025
0.8630 4.6245
0.8526 4.0360
0.8410 3.5250
0.8282 3.0814
0.8141 2.6962
0.7986 2.3618
0.7818 2.0715
0.7637 1.8194
0.7443 1.6006
0.7237 1.4106
0.7021 1.2456
0.6796 1.1024
0.6565 0.9780
0.6330 0.8701
0.6094 0.7764
0.5860 0.6950
0.5630 0.6244
0.5408 0.5631
0.5195 0.5098
0.4994 0.4636
0.4805 0.4235
0.4630 0.3887
0.4468 0.3585
0.4321 0.3323
0.4188 0.3095
0.4069 0.2898
0.3961 0.2726
0.3866 0.2577
0.3782 0.2448
0.3707 0.2336
0.3642 0.2239
0.3584 0.2154
0.3533 0.2081
0.3489 0.2017
