-0.4397 0.034097
-0.4475 0.028694
-0.4533 0.024034
-0.4574 0.020053
-0.4601 0.016677
-0.4614 0.013829
-0.4615 0.011438
-0.4607 0.009439
-0.4588 0.007773
-0.4561 0.006388
-0.4525 0.005241
-0.4482 0.004292
-0.4431 0.003509
-0.4375 0.002864
-0.4312 0.002334
-0.4243 0.001899
-0.4170 0.001543
-0.4091 0.001252
-0.4009 0.001014
-0.3923 0.000821
-0.3834 0.000663
-0.3742 0.000535
-0.3648 0.000431
-0.3552 0.000347
-0.3455 0.000279
-0.3357 0.000224
-0.3258 0.000180
-0.3158 0.000144
-0.3059 0.000116
-0.2959 0.000092
-0.2859 0.000074
-0.2759 0.000059
-0.2659 0.000047
-0.2558 0.000037
-0.2456 0.000030
-0.2353 0.000023
-0.2247 0.000019
-0.2139 0.000015
-0.2025 0.000011
-0.1905 0.000009
-0.1775 0.000007
-0.1631 0.000005
-0.1465 0.000004
-0.1266 0.000003
-0.1013 0.000002
-0.0663 0.000001
-0.0105 0.004477
0.0670 -0.026476
0.1449 -0.086538
0.1925 -0.153756
0.2118 -0.169403
0.2121 -0.169707
0.2015 -0.161295
0.1857 -0.148697
0.1679 -0.134457
0.1496 -0.119788
0.1312 -0.105140
0.1130 -0.090547
0.0946 -0.075809
0.0755 -0.060555
0.0551 -0.044226
0.0322 -0.025987
0.0055 -0.004336
-0.0276 0.018705
-0.0701 0.042629
-0.1230 0.063140
-0.1815 0.077106
-0.2370 0.083359
-0.2848 0.082876
-0.3240 0.077986
-0.3556 0.070782
-0.3809 0.062695
-0.4011 0.054594
-0.4172 0.046955
-0.4299 0.040014
-0.4399 0.033855
-0.4476 0.028483
-0.4534 0.023852
-0.4574 0.019897
-0.4599 0.016544
-0.4612 0.013716
-0.4613 0.011343
-0.4603 0.009360
-0.4584 0.007707
-0.4556 0.006333
-0.4520 0.005195
-0.4476 0.004254
-0.4426 0.003477
-0.4368 0.002838
-0.4305 0.002312
-0.4236 0.001881
-0.4163 0.001528
-0.4084 0.001240
-0.4001 0.001004
-0.3915 0.000813
-0.3826 0.000657
-0.3734 0.000530
-0.3640 0.000427
-0.3544 0.000344
-0.3447 0.000276
-0.3349 0.000222
-0.3250 0.000178
-0.3151 0.000143
-0.3052 0.000114
-0.2952 0.000091
-0.2853 0.000073
-0.2753 0.000058
-0.2652 0.000046
-0.2552 0.000037
-0.2450 0.000029
-0.2347 0.000023
-0.2241 0.000018
-0.2132 0.000014
-0.2019 0.000011
-0.1898 0.000009
-0.1768 0.000007
-0.1623 0.000005
-0.1456 0.000004
-0.1255 0.000003
-0.0998 0.000002
-0.0641 0.000001
-0.0072 0.003164
0.0712 -0.028125
0.1483 -0.088591
0.1941 -0.155031
0.2123 -0.169814
0.2119 -0.169564
0.2009 -0.160845
0.1849 -0.148095
0.1671 -0.133787
0.1487 -0.119091
0.1304 -0.104428
0.1121 -0.089820
0.0936 -0.075055
0.0745 -0.059753
0.0540 -0.043341
0.0310 -0.024968
0.0040 -0.003177
-0.0295 0.020005
-0.0726 0.044035
-0.1260 0.064109
-0.1844 0.077711
-0.2397 0.083574
-0.2870 0.082802
-0.3258 0.077741
-0.3570 0.070454
-0.3820 0.062341
-0.4019 0.054245
-0.4178 0.046631
-0.4304 0.039721
-0.4403 0.033597
-0.4479 0.028258
-0.4535 0.023659
-0.4575 0.019732
-0.4600 0.016404
-0.4612 0.013599
-0.4612 0.011245
-0.4602 0.009277
-0.4582 0.007637
-0.4554 0.006276
-0.4517 0.005147
-0.4473 0.004214
-0.4422 0.003444
-0.4364 0.002811
-0.4300 0.002290
-0.4231 0.001863
-0.4157 0.001513
-0.4078 0.001228
-0.3995 0.000994
-0.3909 0.000804
-0.3819 0.000650
-0.3727 0.000524
-0.3633 0.000423
-0.3537 0.000340
-0.3439 0.000273
-0.3341 0.000220
-0.3242 0.000176
-0.3143 0.000141
-0.3043 0.000113
-0.2944 0.000090
-0.2844 0.000072
-0.2744 0.000058
-0.2644 0.000046
-0.2543 0.000037
-0.2441 0.000029
-0.2338 0.000023
-0.2232 0.000018
-0.2123 0.000014
-0.2008 0.000011
-0.1887 0.000009
-0.1755 0.000007
-0.1609 0.000005
-0.1440 0.000004
-0.1235 0.000003
-0.0971 0.000002
-0.0604 0.000001
-0.0016 0.000916
0.0776 -0.030701
0.1527 -0.091239
0.1969 -0.157288
0.2126 -0.170009
0.2107 -0.168631
0.1991 -0.159435
0.1830 -0.146562
0.1652 -0.132286
0.1469 -0.117672
0.1287 -0.103089
0.1105 -0.088536
0.0921 -0.073791
0.0729 -0.058464
0.0522 -0.041967
0.0290 -0.023426
0.0017 -0.001469
-0.0324 0.021827
-0.0762 0.045845
-0.1300 0.066730
-0.1881 0.079953
-0.2426 0.085319
-0.2891 0.084116
-0.3271 0.078733
-0.3578 0.071214
-0.3823 0.062934
-0.4020 0.054716
-0.4176 0.047009
-0.4301 0.040027
-0.4398 0.033846
-0.4473 0.028461
-0.4528 0.023825
-0.4567 0.019868
-0.4591 0.016515
-0.4602 0.013689
-0.4602 0.011317
-0.4591 0.009336
-0.4571 0.007685
-0.4542 0.006313
-0.4505 0.005177
-0.4460 0.004238
-0.4408 0.003463
-0.4349 0.002826
-0.4285 0.002302
-0.4215 0.001872
-0.4140 0.001520
-0.4061 0.001233
-0.3977 0.000998
-0.3890 0.000807
-0.3800 0.000652
-0.3708 0.000526
-0.3613 0.000424
-0.3517 0.000341
-0.3420 0.000274
-0.3322 0.000220
-0.3223 0.000177
-0.3124 0.000142
-0.3025 0.000113
-0.2925 0.000091
-0.2826 0.000072
-0.2726 0.000058
-0.2626 0.000046
-0.2525 0.000037
-0.2424 0.000029
-0.2320 0.000023
-0.2214 0.000018
-0.2105 0.000014
-0.1990 0.000011
-0.1868 0.000009
-0.1735 0.000007
-0.1586 0.000005
-0.1413 0.000004
-0.1202 0.000003
-0.0928 0.000002
-0.0534 0.021583
0.0088 -0.003216
0.0902 -0.035752
0.1626 -0.097215
0.2023 -0.161691
0.2146 -0.171633
0.2105 -0.168452
0.1976 -0.158219
0.1808 -0.144798
0.1626 -0.130250
0.1442 -0.115497
0.1259 -0.100828
0.1076 -0.086188
0.0890 -0.071319
0.0695 -0.055793
0.0485 -0.038978
0.0247 -0.019836
-0.0037 0.002458
-0.0393 0.026175
-0.0851 0.050282
-0.1401 0.070419
-0.1979 0.082384
-0.2510 0.086467
-0.2959 0.084325
-0.3325 0.078375
-0.3620 0.070561
-0.3856 0.062159
-0.4045 0.053922
-0.4196 0.046252
-0.4316 0.039336
-0.4410 0.033231
-0.4482 0.027925
-0.4535 0.023364
-0.4572 0.019475
-0.4595 0.016183
-0.4605 0.013410
-0.4603 0.011085
-0.4592 0.009142
-0.4571 0.007524
-0.4541 0.006181
-0.4504 0.005068
-0.4458 0.004148
-0.4406 0.003390
-0.4348 0.002766
-0.4283 0.002253
-0.4213 0.001832
-0.4138 0.001488
-0.4059 0.001207
-0.3975 0.000977
-0.3888 0.000790
-0.3798 0.000638
-0.3706 0.000515
-0.3611 0.000415
-0.3515 0.000334
-0.3418 0.000268
-0.3319 0.000216
-0.3220 0.000173
-0.3121 0.000139
-0.3022 0.000111
-0.2922 0.000089
-0.2822 0.000071
-0.2722 0.000056
-0.2622 0.000045
-0.2521 0.000036
-0.2419 0.000028
-0.2315 0.000022
-0.2209 0.000018
-0.2098 0.000014
-0.1983 0.000011
-0.1860 0.000008
-0.1725 0.000006
-0.1575 0.000005
-0.1399 0.000004
-0.1184 0.000003
-0.0903 0.000002
-0.0492 0.019885
0.0149 -0.005663
0.0973 -0.038580
0.1677 -0.100283
0.2046 -0.163505
0.2150 -0.171990
0.2099 -0.167963
0.1965 -0.157314
0.1795 -0.143724
0.1612 -0.129126
0.1428 -0.114373
0.1245 -0.099712
0.1062 -0.085068
0.0875 -0.070168
0.0680 -0.054572
0.0468 -0.037627
0.0227 -0.018167
-0.0061 0.004167
-0.0424 0.028034
-0.0889 0.052115
-0.1444 0.071924
-0.2021 0.083321
-0.2546 0.086860
-0.2988 0.084335
-0.3348 0.078160
-0.3637 0.070233
-0.3870 0.061790
-0.4056 0.053552
-0.4204 0.045904
-0.4322 0.039020
-0.4414 0.032952
-0.4485 0.027682
-0.4537 0.023154
-0.4573 0.019297
-0.4595 0.016032
-0.4604 0.013283
-0.4602 0.010978
-0.4590 0.009053
-0.4569 0.007450
-0.4539 0.006120
-0.4501 0.005017
-0.4455 0.004106
-0.4403 0.003355
-0.4344 0.002737
-0.4279 0.002229
-0.4209 0.001813
-0.4133 0.001472
-0.4054 0.001194
-0.3970 0.000967
-0.3883 0.000782
-0.3793 0.000631
-0.3700 0.000509
-0.3606 0.000410
-0.3509 0.000330
-0.3412 0.000265
-0.3313 0.000213
-0.3214 0.000171
-0.3115 0.000137
-0.3016 0.000110
-0.2916 0.000088
-0.2816 0.000070
-0.2716 0.000056
-0.2616 0.000044
-0.2515 0.000035
-0.2412 0.000028
-0.2308 0.000022
-0.2202 0.000017
-0.2091 0.000014
-0.1975 0.000011
-0.1851 0.000008
-0.1716 0.000006
-0.1564 0.000005
-0.1386 0.000004
-0.1168 0.000002
-0.0880 0.000002
-0.0453 0.018335
0.0204 -0.007858
0.1034 -0.041012
0.1718 -0.102763
0.2062 -0.164769
0.2150 -0.172028
0.2090 -0.167317
0.1953 -0.156353
0.1781 -0.142651
0.1599 -0.128036
0.1414 -0.113298
0.1231 -0.098654
0.1048 -0.084012
0.0862 -0.069087
0.0666 -0.053427
0.0452 -0.036361
0.0209 -0.016582
-0.0083 0.005751
-0.0453 0.029768
-0.0926 0.053802
-0.1484 0.073092
-0.2059 0.083940
-0.2578 0.086982
-0.3014 0.084124
-0.3369 0.077764
-0.3654 0.069757
-0.3883 0.061298
-0.4066 0.053080
-0.4212 0.045470
-0.4328 0.038632
-0.4419 0.032612
-0.4488 0.027387
-0.4539 0.022902
-0.4574 0.019082
-0.4595 0.015851
-0.4604 0.013130
-0.4601 0.010850
-0.4588 0.008946
-0.4566 0.007362
-0.4535 0.006046
-0.4497 0.004956
-0.4451 0.004056
-0.4398 0.003314
-0.4339 0.002703
-0.4273 0.002201
-0.4203 0.001790
-0.4127 0.001453
-0.4047 0.001178
-0.3963 0.000954
-0.3876 0.000771
-0.3785 0.000623
-0.3693 0.000502
-0.3598 0.000405
-0.3501 0.000326
-0.3404 0.000262
-0.3306 0.000210
-0.3207 0.000169
-0.3107 0.000135
-0.3008 0.000108
-0.2908 0.000086
-0.2808 0.000069
-0.2708 0.000055
-0.2608 0.000044
-0.2507 0.000035
-0.2404 0.000028
-0.2300 0.000022
-0.2193 0.000017
-0.2082 0.000014
-0.1966 0.000011
-0.1841 0.000008
-0.1705 0.000006
-0.1551 0.000005
-0.1371 0.000003
-0.1148 0.000002
-0.0853 0.000001
-0.0408 0.016559
0.0267 -0.010348
0.1098 -0.065418
0.1761 -0.105356
0.2076 -0.165947
0.2149 -0.171936
0.2080 -0.166530
0.1939 -0.155251
0.1766 -0.141441
0.1583 -0.126813
0.1399 -0.112094
0.1217 -0.097468
0.1033 -0.082825
0.0846 -0.067868
0.0650 -0.052130
0.0434 -0.034920
0.0188 -0.014799
-0.0109 0.007541
-0.0486 0.031713
-0.0967 0.055649
-0.1530 0.074337
-0.2102 0.084555
-0.2615 0.087045
-0.3044 0.083823
-0.3393 0.077268
-0.3673 0.069181
-0.3898 0.060711
-0.4078 0.052522
-0.4222 0.044959
-0.4335 0.038177
-0.4424 0.032214
-0.4492 0.027044
-0.4542 0.022608
-0.4576 0.018833
-0.4596 0.015640
-0.4603 0.012953
-0.4600 0.010702
-0.4586 0.008823
-0.4564 0.007259
-0.4532 0.005960
-0.4493 0.004886
-0.4446 0.003998
-0.4393 0.003266
-0.4333 0.002663
-0.4268 0.002169
-0.4197 0.001763
-0.4121 0.001432
-0.4040 0.001161
-0.3956 0.000940
-0.3868 0.000760
-0.3778 0.000613
-0.3685 0.000495
-0.3590 0.000398
-0.3494 0.000321
-0.3396 0.000258
-0.3297 0.000207
-0.3198 0.000166
-0.3099 0.000133
-0.2999 0.000106
-0.2900 0.000085
-0.2800 0.000068
-0.2700 0.000054
-0.2599 0.000043
-0.2498 0.000034
-0.2396 0.000027
-0.2291 0.000021
-0.2184 0.000017
-0.2073 0.000013
-0.1956 0.000010
-0.1830 0.000008
-0.1692 0.000006
-0.1537 0.000005
-0.1354 0.000003
-0.1127 0.000002
-0.0824 0.000001
-0.0359 0.014594
0.0335 -0.013078
0.1166 -0.069522
0.1806 -0.108038
0.2091 -0.167130
0.2147 -0.171798
0.2070 -0.165676
0.1924 -0.154074
0.1750 -0.140153
0.1567 -0.125509
0.1383 -0.110807
0.1201 -0.096196
0.1017 -0.081547
0.0830 -0.066550
0.0632 -0.050722
0.0415 -0.033349
0.0165 -0.012889
-0.0138 0.009484
-0.0523 0.033741
-0.1012 0.057659
-0.1579 0.075587
-0.2148 0.085119
-0.2655 0.087028
-0.3076 0.083432
-0.3418 0.076682
-0.3694 0.068520
-0.3914 0.060047
-0.4091 0.051894
-0.4232 0.044389
-0.4343 0.037671
-0.4430 0.031771
-0.4496 0.026662
-0.4545 0.022282
-0.4577 0.018556
-0.4596 0.015406
-0.4603 0.012757
-0.4599 0.010538
-0.4584 0.008686
-0.4561 0.007145
-0.4529 0.005866
-0.4489 0.004808
-0.4442 0.003933
-0.4388 0.003213
-0.4328 0.002620
-0.4262 0.002133
-0.4190 0.001734
-0.4114 0.001408
-0.4033 0.001141
-0.3949 0.000924
-0.3861 0.000747
-0.3770 0.000603
-0.3677 0.000486
-0.3582 0.000392
-0.3485 0.000315
-0.3387 0.000253
-0.3289 0.000203
-0.3190 0.000163
-0.3090 0.000131
-0.2991 0.000104
-0.2891 0.000083
-0.2791 0.000067
-0.2691 0.000053
-0.2591 0.000042
-0.2489 0.000034
-0.2386 0.000027
-0.2282 0.000021
-0.2174 0.000017
-0.2062 0.000013
-0.1945 0.000010
-0.1818 0.000008
-0.1679 0.000006
-0.1522 0.000004
-0.1336 0.000003
-0.1103 0.000002
-0.0791 0.000001
-0.0304 0.012413
0.0410 -0.016067
0.1237 -0.073790
0.1850 -0.110726
0.2105 -0.168278
0.2144 -0.171588
0.2058 -0.164738
0.1908 -0.152810
0.1733 -0.138777
0.1550 -0.124119
0.1366 -0.109432
0.1184 -0.094833
0.1000 -0.080173
0.0812 -0.065127
0.0613 -0.049195
0.0393 -0.031637
0.0139 -0.010846
-0.0169 0.011592
-0.0563 0.035929
-0.1062 0.059811
-0.1632 0.076946
-0.2197 0.085742
-0.2696 0.087042
-0.3110 0.083058
-0.3445 0.076104
-0.3715 0.067863
-0.3931 0.059385
-0.4104 0.051268
-0.4242 0.043819
-0.4351 0.037164
-0.4436 0.031329
-0.4501 0.026281
-0.4548 0.021956
-0.4579 0.018280
-0.4597 0.015173
-0.4603 0.012561
-0.4597 0.010375
-0.4582 0.008550
-0.4558 0.007032
-0.4525 0.005772
-0.4485 0.004730
-0.4437 0.003869
-0.4383 0.003160
-0.4322 0.002576
-0.4255 0.002097
-0.4183 0.001705
-0.4107 0.001384
-0.4026 0.001122
-0.3941 0.000908
-0.3853 0.000734
-0.3762 0.000592
-0.3668 0.000478
-0.3573 0.000385
-0.3476 0.000309
-0.3379 0.000249
-0.3280 0.000200
-0.3181 0.000160
-0.3082 0.000128
-0.2982 0.000103
-0.2882 0.000082
-0.2782 0.000065
-0.2682 0.000052
-0.2582 0.000041
-0.2480 0.000033
-0.2377 0.000026
-0.2272 0.000021
-0.2164 0.000016
-0.2052 0.000013
-0.1934 0.000010
-0.1806 0.000008
-0.1666 0.000006
-0.1506 0.000004
-0.1317 0.000003
-0.1079 0.000002
-0.0757 0.000001
-0.0248 0.010158
0.0486 -0.019108
0.1307 -0.077997
0.1890 -0.150931
0.2118 -0.169339
0.2141 -0.171333
0.2046 -0.163784
0.1893 -0.151545
0.1716 -0.137405
0.1532 -0.122730
0.1349 -0.108056
0.1166 -0.093464
0.0983 -0.078788
0.0794 -0.063687
0.0593 -0.047642
0.0371 -0.029886
0.0114 -0.008790
-0.0202 0.013736
-0.0605 0.038170
-0.1113 0.062005
-0.1686 0.078304
-0.2246 0.086360
-0.2737 0.087063
-0.3143 0.082704
-0.3471 0.075555
-0.3735 0.067238
-0.3947 0.058755
-0.4117 0.050672
-0.4252 0.043276
-0.4359 0.036682
-0.4442 0.030908
-0.4505 0.025918
-0.4550 0.021646
-0.4580 0.018017
-0.4597 0.014952
-0.4602 0.012375
-0.4596 0.010219
-0.4580 0.008420
-0.4555 0.006924
-0.4522 0.005683
-0.4481 0.004656
-0.4433 0.003808
-0.4378 0.003110
-0.4316 0.002535
-0.4249 0.002064
-0.4177 0.001677
-0.4100 0.001361
-0.4019 0.001103
-0.3934 0.000893
-0.3845 0.000722
-0.3754 0.000582
-0.3661 0.000470
-0.3565 0.000378
-0.3468 0.000304
-0.3371 0.000244
-0.3272 0.000196
-0.3173 0.000157
-0.3073 0.000126
-0.2974 0.000101
-0.2874 0.000081
-0.2774 0.000064
-0.2674 0.000051
-0.2573 0.000041
-0.2472 0.000032
-0.2369 0.000026
-0.2264 0.000020
-0.2155 0.000016
-0.2043 0.000013
-0.1924 0.000010
-0.1795 0.000008
-0.1654 0.000006
-0.1492 0.000004
-0.1299 0.000003
-0.1056 0.000002
-0.0724 0.000001
-0.0193 0.007979
0.0558 -0.021992
0.1371 -0.081811
0.1924 -0.153678
0.2129 -0.170211
0.2137 -0.171029
0.2034 -0.162865
0.1878 -0.150355
0.1700 -0.136124
0.1516 -0.121437
0.1333 -0.106774
0.1151 -0.092187
0.0967 -0.077492
0.0777 -0.062334
0.0575 -0.046178
0.0350 -0.028227
0.0089 -0.006874
-0.0233 0.015760
-0.0645 0.040294
-0.1161 0.064071
-0.1735 0.079632
-0.2290 0.087006
-0.2773 0.087167
-0.3172 0.082467
-0.3494 0.075138
-0.3754 0.066745
-0.3961 0.058251
-0.4128 0.050191
-0.4261 0.042836
-0.4365 0.036290
-0.4447 0.030566
-0.4508 0.025622
-0.4552 0.021393
-0.4581 0.017802
-0.4597 0.014770
-0.4601 0.012223
-0.4595 0.010092
-0.4578 0.008314
-0.4553 0.006836
-0.4519 0.005610
-0.4477 0.004596
-0.4429 0.003759
-0.4373 0.003069
-0.4312 0.002502
-0.4244 0.002036
-0.4172 0.001655
-0.4094 0.001343
-0.4013 0.001088
-0.3928 0.000881
-0.3839 0.000712
-0.3748 0.000574
-0.3654 0.000463
-0.3559 0.000373
-0.3462 0.000300
-0.3364 0.000241
-0.3266 0.000193
-0.3166 0.000155
-0.3067 0.000124
-0.2967 0.000099
-0.2868 0.000079
-0.2768 0.000063
-0.2668 0.000050
-0.2567 0.000040
-0.2465 0.000032
-0.2362 0.000025
-0.2257 0.000020
-0.2148 0.000016
-0.2035 0.000012
-0.1916 0.000010
-0.1787 0.000007
-0.1644 0.000006
-0.1481 0.000004
-0.1285 0.000003
-0.1037 0.000002
-0.0698 0.000001
-0.0150 0.006244
0.0615 -0.024249
0.1420 -0.084769
0.1951 -0.155822
0.2137 -0.170893
0.2134 -0.170805
0.2026 -0.162167
0.1866 -0.149447
0.1687 -0.135143
0.1504 -0.120443
0.1320 -0.105783
0.1138 -0.091196
0.0954 -0.076482
0.0764 -0.061276
0.0561 -0.045027
0.0334 -0.026917
0.0069 -0.005378
-0.0257 0.017358
-0.0677 0.042014
-0.1198 0.065748
-0.1773 0.080727
-0.2324 0.087574
-0.2801 0.087322
-0.3194 0.082361
-0.3511 0.074890
-0.3767 0.066435
-0.3972 0.057925
-0.4136 0.049877
-0.4266 0.042546
-0.4370 0.036030
-0.4450 0.030338
-0.4510 0.025425
-0.4553 0.021225
-0.4582 0.017659
-0.4597 0.014650
-0.4601 0.012122
-0.4594 0.010008
-0.4577 0.008244
-0.4551 0.006778
-0.4517 0.005562
-0.4475 0.004557
-0.4426 0.003726
-0.4371 0.003042
-0.4309 0.002480
-0.4242 0.002018
-0.4169 0.001640
-0.4092 0.001331
-0.4010 0.001079
-0.3925 0.000873
-0.3837 0.000705
-0.3745 0.000569
-0.3652 0.000459
-0.3556 0.000370
-0.3460 0.000297
-0.3362 0.000239
-0.3263 0.000192
-0.3164 0.000154
-0.3065 0.000123
-0.2965 0.000098
-0.2866 0.000079
-0.2766 0.000063
-0.2666 0.000050
-0.2565 0.000040
-0.2463 0.000032
-0.2360 0.000025
-0.2255 0.000020
-0.2146 0.000016
-0.2033 0.000012
-0.1913 0.000009
-0.1784 0.000007
-0.1640 0.000006
-0.1476 0.000004
-0.1280 0.000003
-0.1030 0.000002
-0.0687 0.000001
-0.0132 0.005562
0.0637 -0.025132
0.1441 -0.086058
0.1965 -0.156996
0.2143 -0.171360
0.2135 -0.170830
0.2023 -0.161955
0.1862 -0.149124
0.1683 -0.134775
0.1499 -0.120060
0.1316 -0.105397
0.1133 -0.090805
0.0949 -0.076081
0.0759 -0.060853
0.0555 -0.044564
0.0327 -0.026388
0.0062 -0.004777
-0.0268 0.017995
-0.0690 0.042810
-0.1213 0.066556
-0.1788 0.081482
-0.2336 0.088135
-0.2810 0.087714
-0.3200 0.082632
-0.3516 0.075079
-0.3770 0.066570
-0.3973 0.058023
-0.4137 0.049951
-0.4267 0.042603
-0.4370 0.036075
-0.4449 0.030373
-0.4509 0.025453
-0.4553 0.021248
-0.4581 0.017678
-0.4596 0.014665
-0.4600 0.012135
-0.4593 0.010018
-0.4576 0.008253
-0.4550 0.006785
-0.4516 0.005568
-0.4474 0.004561
-0.4425 0.003730
-0.4370 0.003046
-0.4308 0.002483
-0.4241 0.002021
-0.4168 0.001642
-0.4091 0.001332
-0.4009 0.001080
-0.3924 0.000874
-0.3835 0.000706
-0.3744 0.000570
-0.3651 0.000459
-0.3555 0.000370
-0.3458 0.000298
-0.3360 0.000239
-0.3262 0.000192
