0.8509 4.0376
0.8409 3.6271
0.8307 3.2745
0.8203 2.9830
0.8102 2.7604
0.8011 2.6006
0.7935 2.4931
0.7878 2.4362
0.7847 2.4472
0.7850 2.5407
0.7889 2.6998
0.7953 2.8828
0.8026 3.0459
0.8090 3.1705
0.8139 3.2521
0.8171 3.2888
0.8187 3.2861
0.8190 3.2551
0.8182 3.2077
0.8167 3.1532
0.8149 3.0968
0.8129 3.0390
0.8107 2.9751
0.8083 2.8977
0.8052 2.8008
0.8014 2.6848
0.7965 2.5594
0.7908 2.4377
0.7848 2.3296
0.7789 2.2405
0.7735 2.1723
0.7691 2.1237
0.7656 2.0898
0.7631 2.0644
0.7612 2.0426
0.7596 2.0212
0.7581 1.9997
0.7576 2.0652
0.7650 2.4347
0.7836 3.1567
0.8100 4.2696
0.8367 5.5395
0.8584 6.7870
0.8740 7.9142
0.8842 8.8316
0.8905 9.4223
0.8940 9.6321
0.8953 9.5063
0.8950 9.1263
0.8936 8.7339
0.8919 8.5542
0.8906 8.4921
0.8899 8.4493
0.8894 8.3419
0.8887 8.0830
0.8872 7.6403
0.8845 7.0616
0.8805 6.4197
0.8751 5.7685
0.8685 5.1477
0.8606 4.5890
0.8521 4.1673
0.8453 4.2146
0.8481 5.5952
0.8630 8.2506
0.8810 10.9919
0.8951 13.0627
0.9040 14.1506
0.9084 14.0624
0.9089 12.4967
0.9061 10.6615
0.9018 10.1328
0.9002 11.3658
0.9021 12.9983
0.9054 14.1334
0.9081 14.4823
0.9094 14.0791
0.9091 13.1041
0.9074 11.8447
0.9042 10.3540
0.8993 8.8974
0.8943 8.8659
0.8950 11.5870
0.9010 14.7524
0.9077 17.3232
0.9130 19.2952
0.9166 20.5727
0.9185 20.3026
0.9186 18.6760
0.9172 16.5360
0.9146 14.5278
0.9112 12.8846
0.9075 11.5913
0.9038 10.5549
0.9001 9.6770
0.8964 8.8734
0.8925 8.1279
0.8883 7.4576
0.8839 6.8883
0.8795 6.4275
0.8753 6.0521
0.8713 5.7160
0.8674 5.4442
0.8647 5.4798
0.8647 5.8038
0.8674 6.2723
0.8716 6.7936
0.8763 7.3041
0.8806 7.7370
0.8839 7.9459
0.8856 7.8569
0.8856 7.5893
0.8843 7.2687
0.8821 6.9393
0.8795 6.5927
0.8764 6.2108
0.8728 5.7936
0.8683 5.3611
0.8631 4.9448
0.8573 4.5700
0.8511 4.2471
0.8449 3.9750
0.8389 3.7462
0.8332 3.5503
0.8278 3.3781
0.8226 3.2254
0.8178 3.1035
0.8139 3.0692
0.8129 3.1879
0.8161 3.4440
0.8226 3.7650
0.8305 4.0650
0.8375 4.2707
0.8425 4.3470
0.8448 4.2920
0.8444 4.1356
0.8418 3.9252
0.8374 3.6915
0.8319 3.4809
0.8276 3.5358
0.8286 3.8947
0.8349 4.3798
0.8437 4.8801
0.8525 5.3419
0.8599 5.7450
0.8657 6.0953
0.8701 6.4133
0.8736 6.6990
0.8764 6.9271
0.8784 7.0518
0.8795 7.0273
0.8794 6.8400
0.8781 6.5105
0.8754 6.0757
0.8714 5.5821
0.8660 5.0734
0.8593 4.5826
0.8515 4.1303
0.8428 3.7295
0.8335 3.3925
0.8241 3.1292
0.8155 2.9399
0.8082 2.8156
0.8028 2.7427
0.7992 2.7063
0.7971 2.6909
0.7961 2.6789
0.7955 2.6640
0.7950 2.6609
0.7950 2.6780
0.7957 2.7127
0.7971 2.7577
0.7989 2.8090
0.8016 2.9583
0.8089 3.4263
0.8218 4.1011
0.8367 4.8221
0.8504 5.5006
0.8613 6.0991
0.8693 6.6074
0.8750 7.0245
0.8790 7.3466
0.8817 7.5475
0.8831 7.4524
0.8826 7.0493
0.8802 6.5435
0.8764 6.1228
0.8726 5.8795
0.8697 5.7946
0.8682 5.8013
0.8677 5.8318
0.8678 5.8320
0.8677 5.7656
0.8671 5.6132
0.8655 5.3823
0.8629 5.1400
0.8603 5.0955
0.8599 5.3952
0.8627 5.9179
0.8677 6.4804
0.8731 7.0371
0.8796 8.6763
0.8896 11.9716
0.9003 15.1552
0.9085 17.4212
0.9137 18.7591
0.9165 19.3301
0.9176 19.0199
0.9174 17.5742
0.9159 15.9346
0.9137 14.9090
0.9122 15.2860
0.9124 16.6503
0.9137 18.0562
0.9155 19.4193
0.9173 20.5871
0.9186 20.8408
0.9190 19.7945
0.9181 17.3279
0.9155 14.6630
0.9115 12.4500
0.9068 10.9633
0.9022 10.0612
0.8984 9.3528
0.8947 8.5669
0.8905 7.6551
0.8851 6.7061
0.8780 5.7980
0.8691 4.9837
0.8587 4.3047
0.8471 3.7708
0.8353 3.3672
0.8239 3.0698
0.8136 2.8550
0.8049 2.7027
0.7979 2.5967
0.7926 2.5236
0.7887 2.4721
0.7858 2.4335
0.7837 2.4024
0.7820 2.3734
0.7803 2.3410
0.7785 2.3022
0.7765 2.2675
0.7764 2.4133
0.7852 2.8824
0.8019 3.5097
0.8207 4.1687
0.8375 4.8115
0.8509 5.4303
0.8612 6.0316
0.8690 6.6094
0.8751 7.1121
0.8792 7.2590
0.8808 7.1073
0.8804 6.8607
0.8792 6.8490
0.8792 7.1964
0.8811 7.7438
0.8842 8.3586
0.8878 8.9482
0.8911 9.4488
0.8938 9.8265
0.8958 10.0691
0.8970 10.1755
0.8976 10.1428
0.8976 9.9553
0.8969 9.5940
0.8954 9.0636
0.8931 8.4048
0.8897 7.6683
0.8853 6.9421
0.8800 6.2821
0.8741 5.7112
0.8680 5.2518
0.8621 4.9287
0.8572 4.7303
0.8537 4.6445
0.8521 4.7505
0.8534 5.0657
0.8572 5.4761
0.8622 5.8671
0.8669 6.1669
0.8708 6.4829
0.8745 6.9500
0.8783 7.4257
0.8818 7.8307
0.8855 8.9103
0.8927 12.5283
0.9025 16.7232
0.9109 20.0897
0.9167 22.3698
0.9200 23.5125
0.9215 23.1101
0.9214 21.0772
0.9199 18.3654
0.9172 15.8356
0.9137 13.7672
0.9097 12.2017
0.9061 11.6463
0.9050 13.3696
0.9078 16.8414
0.9126 20.2437
0.9167 21.6472
0.9190 21.0579
0.9193 19.3097
0.9180 17.0345
0.9153 14.6135
0.9112 12.1910
0.9057 10.1363
0.8991 8.5697
0.8921 7.5724
0.8859 7.0546
0.8812 6.7188
0.8775 6.3253
0.8735 5.8279
0.8685 5.2979
0.8623 4.7916
0.8550 4.3333
0.8469 3.9320
0.8383 3.5876
0.8295 3.2944
0.8207 3.0452
0.8121 2.8333
0.8037 2.6521
0.7957 2.5079
0.7888 2.4179
0.7840 2.3851
0.7817 2.4010
0.7819 2.4536
0.7842 2.5305
0.7879 2.6201
0.7921 2.7125
0.7964 2.8008
0.8009 2.9686
0.8091 3.4401
0.8222 4.0926
0.8367 4.7667
0.8497 5.3833
0.8599 5.9122
0.8674 6.3477
0.8727 6.6957
0.8763 6.9914
0.8792 7.3197
0.8816 7.6222
0.8838 7.8846
0.8856 8.1346
0.8873 8.3949
0.8888 8.6615
0.8903 8.9081
0.8916 9.1043
0.8927 9.2189
0.8933 9.2144
0.8933 9.0498
0.8926 8.6675
0.8907 8.0395
0.8874 7.2984
0.8826 6.5435
0.8766 5.8305
0.8694 5.2090
0.8622 4.8865
0.8578 4.9853
0.8577 5.3201
0.8608 5.7474
0.8655 6.1993
0.8706 6.6536
0.8751 7.0316
0.8785 7.1967
0.8804 7.2424
0.8814 7.3299
0.8822 7.4634
0.8830 7.5791
0.8836 7.6081
0.8838 7.4989
0.8831 7.2361
0.8814 6.8512
0.8786 6.4223
0.8753 6.1798
0.8755 7.7280
0.8850 11.5834
0.8975 15.2632
0.9075 18.0617
0.9140 19.9635
0.9176 20.8704
0.9190 19.4648
0.9179 16.7634
0.9154 15.5000
0.9135 15.5077
0.9126 15.5707
0.9122 15.2590
0.9116 14.5137
0.9103 13.5020
0.9086 12.7926
0.9072 12.8515
0.9069 13.2654
0.9073 13.4512
0.9075 13.1791
0.9070 12.4230
0.9054 11.3038
0.9023 10.0088
0.8979 8.7182
0.8921 7.5536
0.8851 6.5695
0.8774 5.7794
0.8693 5.1848
0.8616 4.7647
0.8549 4.4911
0.8499 4.3702
0.8476 4.5279
0.8502 5.1404
0.8579 6.1050
0.8679 7.0504
0.8765 7.6525
0.8821 7.7802
0.8842 7.4806
0.8831 6.9012
0.8793 6.2005
0.8733 5.4932
0.8655 4.8404
0.8563 4.2660
0.8460 3.7734
0.8349 3.3571
0.8232 3.0084
0.8113 2.7182
0.7993 2.4777
0.7876 2.2789
0.7765 2.1158
0.7660 1.9873
0.7569 1.8938
0.7495 1.8314
0.7440 1.7913
0.7402 1.7622
0.7373 1.7339
0.7346 1.6990
0.7314 1.6543
0.7273 1.5997
0.7221 1.5374
0.7157 1.4719
0.7086 1.4093
0.7013 1.3590
0.6983 1.4616
0.7142 1.9170
0.7463 2.5605
0.7810 3.2450
0.8101 3.9021
0.8316 4.5139
0.8467 5.1038
0.8579 5.8773
0.8680 6.9630
0.8778 8.3896
0.8870 9.9211
0.8947 11.2920
0.9004 12.3698
0.9043 13.1356
0.9067 13.6272
0.9081 13.8148
0.9086 13.5806
0.9083 13.1133
0.9074 12.6833
0.9064 12.3629
0.9055 12.0898
0.9046 11.8006
0.9037 11.4377
0.9025 10.9790
0.9011 10.4475
0.8992 9.9262
0.8979 10.4147
0.9003 13.2869
0.9059 16.5692
0.9116 19.1131
0.9158 20.7107
0.9184 21.2299
0.9193 20.0079
0.9185 17.8509
0.9165 16.2237
0.9147 16.2981
0.9143 17.3862
0.9151 18.6054
0.9166 20.5573
0.9186 22.9503
0.9206 24.3425
0.9219 24.3533
0.9222 23.1167
0.9215 20.8716
0.9197 18.1177
0.9168 15.3453
0.9127 12.8761
0.9076 10.8386
0.9016 9.2353
0.8951 8.0005
0.8883 7.0433
0.8813 6.2850
0.8744 5.6692
0.8675 5.1620
0.8607 4.7432
0.8541 4.3940
0.8478 4.0987
0.8416 3.8485
0.8358 3.6394
0.8303 3.4632
0.8252 3.3088
0.8204 3.1679
0.8156 3.0348
0.8109 2.9068
0.8060 2.7838
0.8010 2.6675
0.7959 2.5607
0.7908 2.4651
0.7859 2.3804
0.7815 2.3169
0.7779 2.2858
0.7759 2.2804
0.7751 2.2864
0.7751 2.2895
0.7751 2.2784
0.7745 2.2471
0.7729 2.1953
0.7699 2.1260
0.7657 2.0441
0.7603 1.9554
0.7540 1.8659
0.7471 1.7891
0.7428 1.8595
0.7511 2.2773
0.7727 2.9066
0.7986 3.5991
0.8219 4.2790
0.8404 5.0498
0.8557 6.0835
0.8687 7.2138
0.8790 8.2927
0.8868 9.2014
0.8921 9.6975
0.8950 9.7154
0.8956 9.3011
0.8941 8.5989
0.8909 7.7834
0.8862 6.9733
0.8804 6.2267
0.8737 5.5617
0.8663 4.9964
0.8592 4.7426
0.8553 4.8783
0.8563 5.4460
0.8635 6.9562
0.8762 9.4235
0.8897 12.0127
0.9003 14.0923
0.9073 15.4692
0.9112 16.1417
0.9131 16.1720
0.9133 15.4815
0.9124 14.4572
0.9109 14.0386
0.9103 14.7707
0.9109 15.7326
0.9123 17.1683
0.9146 19.4990
0.9171 21.5375
0.9192 22.4021
0.9202 21.3862
0.9198 19.4401
0.9185 18.3412
0.9175 18.8339
0.9173 19.0993
0.9173 18.6518
0.9168 17.4830
0.9154 15.8302
0.9131 14.0301
0.9099 12.3312
0.9059 10.8358
0.9013 9.5565
0.8962 8.4939
0.8909 7.6475
0.8856 6.9976
0.8806 6.4990
0.8760 6.0971
0.8718 5.7483
0.8678 5.4352
0.8639 5.1580
0.8600 4.9108
0.8563 4.6793
0.8524 4.4534
0.8483 4.2308
0.8440 4.0119
0.8393 3.7981
0.8343 3.5920
0.8289 3.3969
0.8233 3.2156
0.8175 3.0505
0.8118 2.9034
0.8061 2.7743
0.8007 2.6610
0.7956 2.5596
0.7907 2.4654
0.7858 2.3726
0.7807 2.2770
0.7753 2.1772
0.7692 2.0751
0.7625 1.9748
0.7556 1.8910
0.7496 1.8458
0.7458 1.8430
0.7449 1.8747
0.7474 1.9810
0.7594 2.5202
0.7873 3.6567
0.8207 5.0701
0.8493 6.5623
0.8706 8.2627
0.8855 10.0632
0.8956 11.7599
0.9024 13.2386
0.9068 14.4316
0.9097 15.2818
0.9115 15.7362
0.9124 15.7689
0.9126 15.4050
0.9121 14.6502
0.9107 13.4268
0.9082 11.9656
0.9046 10.5036
0.9001 9.2482
0.8953 8.6599
0.8929 9.3013
0.8945 10.8101
0.8988 12.3589
0.9032 13.4148
0.9064 13.7357
0.9078 13.2928
0.9074 12.1562
0.9048 10.5584
0.9002 9.1309
0.8948 8.3201
0.8911 8.5588
0.8912 9.5043
0.8939 10.3727
0.8969 10.6734
0.8985 10.3298
0.8980 9.5302
0.8952 8.4854
0.8903 7.2972
0.8832 6.2877
0.8765 6.3189
0.8775 8.3172
0.8864 11.1374
0.8968 13.5378
0.9046 14.4616
0.9084 13.9151
0.9088 12.9050
0.9076 12.5479
0.9069 13.2034
0.9076 14.1101
0.9089 14.6275
0.9099 14.5033
0.9097 13.3561
0.9077 11.8062
0.9043 10.4105
0.8999 9.3440
0.8955 8.6243
0.8916 8.1231
0.8883 7.7258
0.8855 7.3977
0.8831 7.1674
0.8813 7.0392
0.8801 6.9661
0.8793 6.9039
0.8787 6.8425
0.8781 6.7715
0.8775 6.6584
0.8765 6.4694
0.8748 6.1902
0.8722 5.8290
0.8685 5.4120
0.8636 4.9720
0.8576 4.5385
0.8505 4.1327
0.8427 3.7688
0.8343 3.4547
0.8257 3.1898
0.8172 2.9662
0.8090 2.7726
0.8009 2.5979
0.7929 2.4388
0.7861 2.4229
0.7871 2.7407
0.7979 3.2471
0.8135 3.8002
0.8290 4.3283
0.8419 4.8013
0.8517 5.2103
0.8588 5.5538
0.8639 5.8274
0.8675 6.0158
0.8697 6.0881
0.8706 6.0098
0.8700 5.8586
0.8693 5.9274
0.8698 6.1751
0.8716 6.4884
0.8742 6.8126
0.8771 7.1243
0.8797 7.4139
0.8821 7.6653
0.8838 7.7363
0.8843 7.4807
0.8830 7.0012
0.8799 6.4455
0.8755 5.9348
0.8707 5.6242
0.8680 5.9447
0.8711 7.2759
0.8797 9.1306
0.8893 10.7598
0.8970 11.7256
0.9015 11.8772
0.9031 11.2945
0.9020 10.2324
0.8986 8.9895
0.8934 7.8071
0.8872 7.0171
0.8817 6.6869
0.8782 6.6250
0.8767 6.6942
0.8767 6.8146
0.8775 6.9433
0.8785 7.0429
0.8797 7.3563
0.8833 8.8863
0.8907 11.3094
0.8989 13.4671
0.9055 14.8408
0.9095 15.2531
0.9111 14.6909
0.9106 13.4142
0.9082 11.5814
0.9036 9.7861
0.8984 9.3467
0.8973 11.2540
0.9011 13.7739
0.9061 15.1665
0.9097 15.3224
0.9110 14.5245
0.9103 13.2490
0.9080 11.9341
0.9048 10.7743
0.9011 9.7793
0.8971 8.8998
0.8928 8.0832
0.8881 7.3135
0.8829 6.6076
0.8771 5.9891
0.8711 5.4699
0.8649 5.0511
0.8591 4.7334
0.8539 4.5092
0.8498 4.3749
0.8472 4.3763
0.8469 4.5423
0.8491 4.8084
0.8529 5.0767
0.8568 5.2675
0.8598 5.3559
0.8616 5.4050
0.8627 5.4749
0.8637 5.5478
0.8644 5.5780
0.8647 5.5082
0.8638 5.3016
0.8615 5.0248
0.8582 4.8104
0.8555 4.8195
0.8557 5.1914
0.8594 5.7145
0.8649 6.1942
0.8702 6.5632
0.8743 6.8297
0.8773 7.0278
0.8793 7.1869
0.8807 7.3174
0.8818 7.4033
0.8824 7.4047
0.8824 7.2740
0.8815 6.9564
0.8791 6.4440
0.8750 5.8614
0.8696 5.3892
0.8652 5.4939
0.8667 6.6176
0.8748 8.3393
0.8849 9.9310
0.8933 10.9467
0.8986 11.2070
0.9007 10.7495
0.9000 9.8009
0.8968 8.6536
0.8917 7.5395
0.8850 6.5805
0.8775 5.8059
0.8695 5.1894
0.8615 4.6870
0.8535 4.2626
0.8454 3.8947
0.8373 3.5851
0.8294 3.3430
0.8222 3.1626
0.8160 3.0302
0.8110 2.9319
0.8069 2.8563
0.8037 2.7953
0.8011 2.7504
0.8002 2.8638
0.8057 3.3067
0.8179 3.9302
0.8327 4.6047
0.8466 5.2708
0.8581 5.8917
0.8668 6.4440
0.8733 6.9201
0.8780 7.3180
0.8814 7.6210
0.8837 7.7893
0.8850 7.7804
0.8851 7.5830
0.8839 7.2275
0.8816 6.7733
0.8782 6.2970
0.8740 5.8650
0.8696 5.5572
0.8662 5.5035
0.8651 5.7084
0.8666 6.0607
0.8698 6.4868
0.8738 6.9798
0.8781 7.4726
0.8819 7.8352
0.8855 8.8303
0.8920 11.7250
0.9007 15.0060
0.9083 17.5531
0.9136 19.1138
0.9166 19.5907
0.9178 18.9707
0.9174 17.5161
0.9158 15.7078
0.9132 13.9514
0.9099 12.4774
0.9064 11.2625
0.9028 10.4036
0.9000 10.3411
0.8994 10.9826
0.9004 11.5311
0.9017 11.4772
0.9017 10.7705
0.8999 9.6429
0.8961 8.5295
0.8914 7.8016
0.8870 7.3896
0.8836 7.1724
0.8814 7.0696
0.8803 7.0309
0.8797 7.0233
0.8796 7.0227
0.8795 7.0022
0.8792 6.8151
0.8776 6.4172
0.8753 6.3534
0.8759 7.2626
0.8812 8.7428
0.8884 10.0543
0.8947 10.8805
0.8988 11.1062
0.9005 10.7397
0.8999 9.9064
0.8971 8.8071
0.8922 7.6394
0.8855 6.5423
0.8770 5.5878
0.8671 4.7983
0.8560 4.1743
0.8446 3.7160
0.8339 3.4065
0.8249 3.2283
0.8197 3.3138
0.8219 3.7714
0.8312 4.4298
0.8435 5.1404
0.8554 5.8221
0.8652 6.4366
0.8727 6.9648
0.8781 7.3907
0.8818 7.6914
0.8842 7.8336
0.8853 7.7835
0.8851 7.5324
0.8836 7.1129
0.8808 6.5831
0.8765 6.0017
0.8709 5.4101
0.8641 4.8781
0.8575 4.6715
0.8539 4.8016
0.8544 5.1067
0.8577 5.4933
0.8625 5.9148
0.8676 6.3474
0.8723 6.7751
0.8765 7.1743
0.8800 7.5069
0.8827 7.7191
0.8843 7.7536
0.8847 7.5848
0.8839 7.2505
0.8818 6.8354
0.8787 6.4228
0.8753 6.1269
0.8725 6.0572
0.8714 6.1792
0.8719 6.3860
0.8734 6.5850
0.8751 6.7146
0.8764 6.7394
0.8768 6.6567
0.8767 6.6515
0.8770 6.9034
0.8791 7.7554
0.8863 11.0833
0.8977 15.5412
0.9080 19.2249
0.9151 21.7860
0.9192 23.2847
0.9213 23.7612
0.9219 22.5236
0.9211 19.9518
0.9190 17.6860
0.9167 16.7650
0.9151 16.4064
0.9140 15.8502
0.9128 14.8307
0.9110 13.4312
0.9083 11.8855
0.9045 10.4068
0.8997 9.0923
0.8941 7.9506
0.8877 6.9576
0.8805 6.0881
0.8724 5.3264
0.8633 4.6634
0.8533 4.0918
0.8423 3.6046
0.8304 3.1945
0.8180 2.8538
0.8053 2.5749
0.7928 2.3494
0.7808 2.1698
0.7698 2.0380
0.7612 1.9789
0.7568 2.0106
0.7582 2.1280
0.7647 2.3034
0.7743 2.4998
0.7846 2.6841
0.7938 2.8354
0.8010 2.9443
0.8060 3.0080
0.8088 3.0259
0.8098 2.9974
0.8090 2.9238
0.8063 2.8106
0.8020 2.6667
0.7959 2.5026
0.7881 2.3279
0.7789 2.1508
0.7682 1.9795
0.7566 1.8351
0.7457 1.7377
0.7370 1.6874
0.7317 1.6746
0.7297 1.6880
0.7303 1.7193
0.7330 1.7663
0.7372 1.8283
0.7425 1.9021
0.7484 1.9806
0.7543 2.0552
0.7597 2.1166
0.7640 2.1583
0.7670 2.1782
0.7685 2.1777
0.7687 2.1604
0.7678 2.1340
0.7669 2.1737
0.7725 2.5300
0.7883 3.1299
0.8089 3.8301
0.8297 4.7575
0.8490 5.9243
0.8653 7.1393
0.8777 8.2967
0.8868 9.4880
0.8938 10.8319
