0.4980 0.4620
0.4799 0.4235
0.4631 0.3906
0.4487 0.3686
0.4439 0.4018
0.4906 0.8271
0.6364 4.4172
0.7905 14.8849
0.8815 31.1102
0.9219 48.8492
0.9354 60.6222
0.9379 64.6608
0.9369 62.0239
0.9352 55.8528
0.9337 49.2067
0.9322 43.1188
0.9308 37.7320
0.9293 33.0080
0.9276 28.8749
0.9258 25.2607
0.9236 22.1006
0.9212 19.3376
0.9184 16.9218
0.9152 14.8096
0.9116 12.9628
0.9076 11.3483
0.9030 9.9368
0.8978 8.7028
0.8920 7.6241
0.8854 6.6812
0.8781 5.8570
0.8698 5.1366
0.8606 4.5070
0.8504 3.9568
0.8391 3.4760
0.8267 3.0558
0.8131 2.6887
0.7982 2.3680
0.7821 2.0878
0.7647 1.8431
0.7462 1.6293
0.7265 1.4426
0.7059 1.2795
0.6845 1.1371
0.6624 1.0127
0.6399 0.9041
0.6172 0.8093
0.5946 0.7265
0.5723 0.6543
0.5505 0.5912
0.5296 0.5361
0.5096 0.4881
0.4907 0.4462
0.4731 0.4098
0.4570 0.3799
0.4449 0.3702
0.4538 0.4981
0.5427 1.5740
0.7104 8.2815
0.8382 21.3574
0.9039 39.4995
0.9300 55.1361
0.9373 63.5859
0.9377 64.4540
0.9362 59.7861
0.9346 53.1369
0.9331 46.6637
0.9316 40.8567
0.9302 35.7453
0.9287 31.2688
0.9269 27.3534
0.9249 23.9298
0.9227 20.9363
0.9201 18.3189
0.9172 16.0305
0.9138 14.0297
0.9101 12.2804
0.9058 10.7511
0.9010 9.4142
0.8955 8.2455
0.8894 7.2240
0.8825 6.3310
0.8748 5.5506
0.8662 4.8685
0.8566 4.2724
0.8459 3.7516
0.8342 3.2964
0.8212 2.8988
0.8071 2.5514
0.7917 2.2479
0.7751 1.9827
0.7572 1.7512
0.7382 1.5489
0.7181 1.3723
0.6971 1.2180
0.6754 1.0833
0.6531 0.9657
0.6304 0.8630
0.6077 0.7734
0.5852 0.6952
0.5631 0.6269
0.5417 0.5673
0.5211 0.5152
0.5016 0.4698
0.4832 0.4303
0.4661 0.3963
0.4511 0.3718
0.4440 0.3913
0.4813 0.7350
0.6183 3.7467
0.7776 13.6439
0.8751 29.5223
0.9195 47.6575
0.9348 60.2520
0.9379 65.1306
0.9371 63.0570
0.9355 57.0360
0.9339 50.3120
0.9324 44.1013
0.9310 38.5942
0.9296 33.7616
0.9279 29.5325
0.9261 25.8342
0.9240 22.6005
0.9216 19.7731
0.9189 17.3011
0.9158 15.1398
0.9123 13.2502
0.9083 11.5982
0.9038 10.1541
0.8987 8.8917
0.8930 7.7883
0.8865 6.8238
0.8793 5.9809
0.8712 5.2442
0.8622 4.6004
0.8521 4.0379
0.8410 3.5464
0.8287 3.1169
0.8152 2.7418
0.8005 2.4140
0.7846 2.1277
0.7674 1.8777
0.7490 1.6593
0.7295 1.4686
0.7090 1.3020
0.6877 1.1566
0.6656 1.0296
0.6431 0.9188
0.6204 0.8220
0.5978 0.7375
0.5754 0.6638
0.5535 0.5995
0.5324 0.5433
0.5123 0.4943
0.4932 0.4516
0.4754 0.4144
0.4591 0.3836
0.4463 0.3707
0.4520 0.4775
0.5340 1.4226
0.7011 7.7539
0.8329 20.6749
0.9017 38.8959
0.9293 54.9238
0.9372 63.8932
0.9378 65.1730
0.9364 60.6878
0.9347 54.0158
0.9332 47.4523
0.9318 41.5494
0.9304 36.3498
0.9289 31.7952
0.9271 27.8112
0.9252 24.3276
0.9230 21.2818
0.9204 18.6188
0.9175 16.2906
0.9142 14.2552
0.9105 12.4759
0.9063 10.9204
0.9016 9.5608
0.8962 8.3723
0.8901 7.3337
0.8833 6.4259
0.8757 5.6326
0.8672 4.9394
0.8577 4.3337
0.8472 3.8044
0.8355 3.3421
0.8227 2.9382
0.8086 2.5854
0.7934 2.2772
0.7768 2.0080
0.7591 1.7730
0.7401 1.5677
0.7201 1.3885
0.6992 1.2320
0.6775 1.0954
0.6552 0.9761
0.6326 0.8720
0.6098 0.7811
0.5872 0.7018
0.5651 0.6326
0.5435 0.5722
0.5229 0.5194
0.5032 0.4735
0.4847 0.4334
0.4675 0.3989
0.4523 0.3736
0.4446 0.3902
0.4800 0.7216
0.6164 3.7195
0.7765 13.6487
0.8747 29.7712
0.9194 48.0365
0.9349 60.7619
0.9380 65.7516
0.9372 63.6966
0.9356 57.6338
0.9340 50.8440
0.9325 44.5656
0.9311 38.9967
0.9297 34.1096
0.9281 29.8329
0.9262 26.0931
0.9242 22.8235
0.9218 19.9649
0.9191 17.4659
0.9160 15.2812
0.9125 13.3715
0.9086 11.7021
0.9041 10.2430
0.8991 8.9678
0.8934 7.8533
0.8870 6.8793
0.8798 6.0282
0.8717 5.2845
0.8627 4.6347
0.8527 4.0671
0.8416 3.5712
0.8294 3.1380
0.8160 2.7596
0.8013 2.4291
0.7854 2.1405
0.7683 1.8885
0.7499 1.6684
0.7304 1.4763
0.7099 1.3085
0.6886 1.1621
0.6665 1.0343
0.6440 0.9227
0.6213 0.8253
0.5986 0.7403
0.5761 0.6661
0.5542 0.6014
0.5331 0.5449
0.5129 0.4957
0.4938 0.4527
0.4759 0.4154
0.4595 0.3844
0.4468 0.3722
0.4536 0.4884
0.5397 1.5475
0.7084 8.2755
0.8374 21.6658
0.9039 40.2071
0.9301 56.0225
0.9375 64.7001
0.9379 65.6581
0.9364 60.9430
0.9347 54.1846
0.9332 47.5849
0.9318 41.6579
0.9304 36.4392
0.9289 31.8685
0.9272 27.8709
0.9252 24.3757
0.9230 21.3201
0.9205 18.6490
0.9176 16.3140
0.9143 14.2729
0.9106 12.4889
0.9064 10.9296
0.9016 9.5669
0.8962 8.3760
0.8902 7.3354
0.8834 6.4261
0.8757 5.6316
0.8672 4.9375
0.8577 4.3311
0.8471 3.8014
0.8354 3.3388
0.8226 2.9347
0.8085 2.5818
0.7932 2.2736
0.7766 2.0046
0.7588 1.7696
0.7398 1.5645
0.7198 1.3854
0.6988 1.2291
0.6771 1.0926
0.6547 0.9735
0.6320 0.8696
0.6093 0.7789
0.5867 0.6998
0.5645 0.6307
0.5429 0.5705
0.5222 0.5179
0.5026 0.4721
0.4841 0.4321
0.4670 0.3979
0.4519 0.3738
0.4457 0.4001
0.4886 0.8036
0.6347 4.4653
0.7901 15.1802
0.8817 32.1682
0.9222 50.1676
0.9357 62.1905
0.9381 66.3917
0.9371 63.7055
0.9354 57.3894
0.9339 50.5682
0.9325 44.3068
0.9311 38.7628
0.9296 33.8999
0.9280 29.6451
0.9262 25.9249
0.9241 22.6727
0.9217 19.8298
0.9189 17.3447
0.9158 15.1725
0.9123 13.2740
0.9083 11.6148
0.9038 10.1647
0.8988 8.8976
0.8930 7.7904
0.8866 6.8230
0.8793 5.9778
0.8712 5.2394
0.8621 4.5945
0.8520 4.0311
0.8408 3.5390
0.8285 3.1093
0.8150 2.7340
0.8002 2.4063
0.7842 2.1202
0.7669 1.8704
0.7484 1.6524
0.7289 1.4620
0.7083 1.2958
0.6868 1.1508
0.6647 1.0242
0.6421 0.9138
0.6193 0.8174
0.5966 0.7333
0.5742 0.6599
0.5523 0.5959
0.5312 0.5401
0.5111 0.4913
0.4920 0.4489
0.4743 0.4121
0.4581 0.3822
0.4464 0.3759
0.4604 0.5457
0.5647 2.1472
0.7343 10.1592
0.8524 24.7905
0.9105 43.6740
0.9324 58.5211
0.9379 65.9419
0.9377 65.7427
0.9362 60.3871
0.9345 53.5080
0.9330 46.9477
0.9317 41.0862
0.9303 35.9323
0.9287 31.4202
0.9270 27.4745
0.9250 24.0252
0.9227 21.0101
0.9202 18.3747
0.9172 16.0713
0.9139 14.0582
0.9101 12.2989
0.9058 10.7615
0.9010 9.4181
0.8956 8.2444
0.8894 7.2189
0.8825 6.3230
0.8747 5.5405
0.8661 4.8569
0.8564 4.2599
0.8457 3.7385
0.8339 3.2832
0.8208 2.8856
0.8066 2.5384
0.7911 2.2353
0.7743 1.9707
0.7563 1.7397
0.7372 1.5381
0.7169 1.3621
0.6958 1.2086
0.6739 1.0745
0.6515 0.9576
0.6287 0.8556
0.6060 0.7665
0.5834 0.6889
0.5612 0.6211
0.5398 0.5620
0.5192 0.5105
0.4997 0.4655
0.4814 0.4264
0.4644 0.3932
0.4501 0.3730
0.4483 0.4311
0.5107 1.0750
0.6731 6.3174
0.8161 18.6522
0.8944 36.9453
0.9271 54.0154
0.9370 64.4344
0.9382 66.9415
0.9368 63.0557
0.9351 56.3662
0.9336 49.5635
0.9322 43.3981
0.9309 37.9567
0.9294 33.1883
0.9277 29.0176
0.9258 25.3716
0.9237 22.1847
0.9212 19.3993
0.9185 16.9650
0.9153 14.8376
0.9117 12.9785
0.9076 11.3541
0.9030 9.9348
0.8978 8.6948
0.8919 7.6116
0.8853 6.6653
0.8779 5.8388
0.8696 5.1169
0.8604 4.4864
0.8501 3.9359
0.8387 3.4552
0.8261 3.0354
0.8123 2.6689
0.7973 2.3490
0.7810 2.0698
0.7635 1.8260
0.7448 1.6133
0.7249 1.4276
0.7041 1.2656
0.6825 1.1242
0.6602 1.0008
0.6375 0.8932
0.6147 0.7993
0.5920 0.7174
0.5696 0.6459
0.5479 0.5836
0.5269 0.5293
0.5070 0.4819
0.4882 0.4406
0.4707 0.4050
0.4550 0.3777
0.4458 0.3871
0.4764 0.6880
0.6112 3.6488
0.7737 13.7205
0.8738 30.4244
0.9194 49.0009
0.9351 62.0540
0.9383 67.3026
0.9374 65.2787
0.9358 59.0988
0.9342 52.1398
0.9327 45.6904
0.9314 39.9669
0.9300 34.9440
0.9284 30.5492
0.9266 26.7073
0.9245 23.3495
0.9222 20.4149
0.9196 17.8504
0.9165 15.6094
0.9131 13.6513
0.9092 11.9405
0.9048 10.4458
0.8998 9.1401
0.8942 7.9996
0.8879 7.0034
0.8808 6.1333
0.8728 5.3735
0.8639 4.7099
0.8540 4.1306
0.8430 3.6247
0.8309 3.1831
0.8175 2.7975
0.8029 2.4610
0.7871 2.1672
0.7700 1.9109
0.7517 1.6871
0.7322 1.4919
0.7117 1.3215
0.6904 1.1729
0.6683 1.0432
0.6457 0.9301
0.6229 0.8314
0.6001 0.7453
0.5776 0.6703
0.5555 0.6048
0.5343 0.5477
0.5139 0.4979
0.4947 0.4545
0.4767 0.4168
0.4602 0.3856
0.4475 0.3746
0.4571 0.5158
0.5549 1.9601
0.7264 9.7894
0.8485 24.5575
0.9092 43.7393
0.9322 59.0025
0.9381 66.8918
0.9380 66.9681
0.9364 61.6442
0.9347 54.6528
0.9332 47.9489
0.9319 41.9518
0.9305 36.6779
0.9290 32.0613
0.9273 28.0252
0.9253 24.4979
0.9231 21.4156
0.9205 18.7222
0.9177 16.3689
0.9144 14.3129
0.9107 12.5168
0.9064 10.9478
0.9017 9.5772
0.8963 8.3802
0.8902 7.3348
0.8834 6.4218
0.8757 5.6247
0.8671 4.9286
0.8576 4.3209
0.8469 3.7904
0.8352 3.3272
0.8222 2.9230
0.8081 2.5702
0.7926 2.2623
0.7759 1.9936
0.7580 1.7591
0.7389 1.5545
0.7187 1.3760
0.6976 1.2203
0.6757 1.0844
0.6533 0.9659
0.6305 0.8626
0.6076 0.7724
0.5849 0.6938
0.5627 0.6253
0.5411 0.5655
0.5205 0.5134
0.5008 0.4680
0.4824 0.4284
0.4653 0.3948
0.4508 0.3735
0.4484 0.4301
0.5116 1.1123
0.6771 6.6998
0.8194 19.5978
0.8963 38.4559
0.9280 55.4894
0.9374 65.7956
0.9383 68.0632
0.9369 63.9080
0.9352 57.0502
0.9337 50.1363
0.9323 43.8814
0.9310 38.3646
0.9295 33.5319
0.9279 29.3065
0.9260 25.6140
0.9239 22.3876
0.9214 19.5687
0.9186 17.1060
0.9155 14.9546
0.9119 13.0754
0.9079 11.4341
0.9033 10.0005
0.8981 8.7486
0.8922 7.6554
0.8856 6.7009
0.8782 5.8675
0.8700 5.1399
0.8607 4.5047
0.8504 3.9503
0.8390 3.4664
0.8264 3.0440
0.8126 2.6755
0.7976 2.3538
0.7813 2.0732
0.7637 1.8284
0.7450 1.6147
0.7251 1.4284
0.7042 1.2658
0.6825 1.1240
0.6602 1.0004
0.6375 0.8925
0.6146 0.7985
0.5918 0.7165
0.5694 0.6450
0.5476 0.5826
0.5266 0.5283
0.5066 0.4809
0.4878 0.4396
0.4702 0.4041
0.4546 0.3771
0.4461 0.3918
0.4825 0.7539
0.6285 4.4343
0.7874 15.5555
0.8812 33.4324
0.9225 51.7899
0.9362 64.2027
0.9385 68.6214
0.9374 65.8473
0.9357 59.3051
0.9341 52.2362
0.9327 45.7425
0.9314 39.9932
0.9300 34.9521
0.9284 30.5436
0.9266 26.6912
0.9245 23.3254
0.9222 20.3851
0.9195 17.8166
0.9165 15.5732
0.9131 13.6137
0.9091 11.9025
0.9047 10.4081
0.8997 9.1033
0.8941 7.9639
0.8877 6.9693
0.8805 6.1009
0.8725 5.3429
0.8635 4.6813
0.8535 4.1039
0.8425 3.5999
0.8302 3.1602
0.8168 2.7764
0.8021 2.4416
0.7861 2.1495
0.7689 1.8947
0.7504 1.6724
0.7308 1.4785
0.7102 1.3094
0.6887 1.1619
0.6665 1.0333
0.6438 0.9211
0.6210 0.8234
0.5981 0.7381
0.5755 0.6638
0.5535 0.5989
0.5323 0.5425
0.5120 0.4932
0.4928 0.4503
0.4749 0.4131
0.4585 0.3828
0.4467 0.3772
0.4641 0.5807
0.5833 2.8431
0.7534 12.2609
0.8639 28.8187
0.9159 48.0481
0.9344 62.2550
0.9385 68.7235
0.9379 67.4568
0.9362 61.4117
0.9345 54.2520
0.9331 47.5399
0.9318 41.5683
0.9304 36.3255
0.9289 31.7395
0.9271 27.7320
0.9251 24.2312
0.9229 21.1732
0.9203 18.5023
0.9174 16.1696
0.9141 14.1325
0.9103 12.3537
0.9060 10.8005
0.9012 9.4445
0.8957 8.2606
0.8895 7.2272
0.8826 6.3251
0.8748 5.5378
0.8660 4.8507
0.8563 4.2511
0.8455 3.7279
0.8336 3.2714
0.8205 2.8731
0.8061 2.5256
0.7904 2.2225
0.7735 1.9581
0.7554 1.7275
0.7360 1.5264
0.7157 1.3510
0.6943 1.1980
0.6723 1.0647
0.6497 0.9484
0.6268 0.8470
0.6039 0.7586
0.5812 0.6816
0.5590 0.6145
0.5375 0.5559
0.5170 0.5049
0.4975 0.4605
0.4792 0.4218
0.4624 0.3893
0.4486 0.3728
0.4533 0.4828
0.5440 1.7958
0.7184 9.5805
0.8449 24.7706
0.9082 44.4121
0.9322 60.1174
0.9384 68.4821
0.9383 68.7652
0.9366 63.3710
0.9349 56.1887
0.9335 49.2782
0.9321 43.0929
0.9308 37.6543
0.9293 32.8956
0.9276 28.7373
0.9257 25.1051
0.9235 21.9329
0.9210 19.1626
0.9182 16.7435
0.9150 14.6312
0.9113 12.7871
0.9071 11.1771
0.9024 9.7716
0.8971 8.5448
0.8911 7.4741
0.8844 6.5396
0.8768 5.7241
0.8683 5.0125
0.8588 4.3916
0.8483 3.8499
0.8366 3.3773
0.8238 2.9651
0.8097 2.6055
0.7943 2.2918
0.7777 2.0183
0.7598 1.7798
0.7408 1.5717
0.7206 1.3904
0.6995 1.2322
0.6775 1.0943
0.6550 0.9741
0.6322 0.8694
0.6092 0.7780
0.5864 0.6984
0.5641 0.6291
0.5424 0.5686
0.5216 0.5159
0.5018 0.4700
0.4832 0.4301
0.4660 0.3958
0.4511 0.3730
0.4479 0.4268
0.5129 1.1884
0.6837 7.4059
0.8248 21.3103
0.8995 40.9462
0.9294 57.8805
0.9380 67.9517
0.9386 69.7694
0.9370 65.1476
0.9353 58.0185
0.9338 50.9351
0.9325 44.5488
0.9311 38.9233
0.9297 33.9990
0.9280 29.6961
0.9262 25.9380
0.9241 22.6563
0.9216 19.7909
0.9189 17.2891
0.9158 15.1050
0.9122 13.1984
0.9082 11.5341
0.9036 10.0816
0.8984 8.8139
0.8926 7.7076
0.8860 6.7423
0.8786 5.9000
0.8703 5.1651
0.8611 4.5241
0.8508 3.9648
0.8394 3.4770
0.8268 3.0516
0.8129 2.6805
0.7978 2.3569
0.7815 2.0748
0.7638 1.8287
0.7450 1.6142
0.7250 1.4272
0.7041 1.2642
0.6823 1.1221
0.6599 0.9982
0.6370 0.8902
0.6140 0.7961
0.5912 0.7141
0.5687 0.6427
0.5468 0.5804
0.5258 0.5261
0.5058 0.4789
0.4869 0.4377
0.4694 0.4022
0.4537 0.3754
0.4458 0.3966
0.4902 0.8684
0.6505 5.6886
0.8041 18.4092
0.8901 37.7402
0.9263 55.6640
0.9374 67.2250
0.9388 70.5048
0.9374 66.7250
0.9357 59.7200
0.9341 52.4913
0.9327 45.9188
0.9314 40.1173
0.9300 35.0367
0.9284 30.5971
0.9266 26.7201
0.9246 23.3351
0.9222 20.3799
0.9195 17.8002
0.9165 15.5484
0.9130 13.5831
0.9091 11.8678
0.9046 10.3710
0.8996 9.0649
0.8939 7.9253
0.8874 6.9310
0.8802 6.0637
0.8721 5.3071
0.8630 4.6471
0.8530 4.0715
0.8418 3.5695
0.8294 3.1317
0.8158 2.7500
0.8009 2.4172
0.7848 2.1270
0.7674 1.8740
0.7488 1.6534
0.7290 1.4612
0.7082 1.2936
0.6865 1.1476
0.6642 1.0203
0.6414 0.9094
0.6184 0.8127
0.5954 0.7285
0.5728 0.6551
0.5508 0.5912
0.5296 0.5355
0.5093 0.4870
0.4902 0.4447
0.4724 0.4081
0.4563 0.3787
0.4455 0.3814
0.4744 0.6932
0.6201 4.3831
0.7837 16.0220
0.8805 34.8662
0.9229 53.5674
0.9367 66.3950
0.9390 71.0226
0.9378 68.1029
0.9360 61.2806
0.9344 53.9345
0.9330 47.1920
0.9317 41.2269
0.9303 36.0003
0.9287 31.4331
0.9270 27.4451
0.9250 23.9638
0.9227 20.9249
0.9201 18.2727
0.9171 15.9579
0.9137 13.9380
0.9099 12.1754
0.9055 10.6375
0.9006 9.2958
0.8950 8.1253
0.8887 7.1043
0.8816 6.2138
0.8737 5.4371
0.8648 4.7597
0.8549 4.1690
0.8438 3.6540
0.8317 3.2049
0.8183 2.8133
0.8036 2.4720
0.7877 2.1745
0.7705 1.9151
0.7520 1.6890
0.7324 1.4920
0.7118 1.3203
0.6902 1.1707
0.6679 1.0403
0.6452 0.9267
0.6222 0.8277
0.5992 0.7415
0.5765 0.6663
0.5543 0.6009
0.5329 0.5439
0.5125 0.4942
0.4932 0.4510
0.4751 0.4135
0.4586 0.3824
0.4462 0.3742
0.4636 0.5894
0.5933 3.4125
0.7644 14.0918
0.8710 32.3862
0.9194 51.6809
0.9358 65.5557
0.9391 71.3818
0.9381 69.2892
0.9363 62.6858
0.9346 55.2478
0.9332 48.3527
0.9319 42.2383
0.9306 36.8780
0.9290 32.1938
0.9273 28.1042
0.9254 24.5347
0.9231 21.4194
0.9206 18.7009
0.9176 16.3287
0.9143 14.2590
0.9106 12.4533
0.9063 10.8780
0.9014 9.5040
0.8960 8.3055
0.8898 7.2603
0.8828 6.3487
0.8750 5.5538
0.8663 4.8607
0.8565 4.2564
0.8457 3.7296
0.8337 3.2703
0.8204 2.8699
0.8060 2.5209
0.7902 2.2168
0.7732 1.9517
0.7549 1.7207
0.7354 1.5194
0.7149 1.3440
0.6934 1.1911
0.6712 1.0580
0.6485 0.9420
0.6255 0.8409
0.6024 0.7529
0.5796 0.6762
0.5574 0.6095
0.5358 0.5513
0.5152 0.5006
0.4958 0.4565
0.4775 0.4182
0.4607 0.3859
0.4471 0.3711
0.4564 0.5233
0.5705 2.7022
0.7467 12.5535
0.8620 30.3277
0.9160 50.0645
0.9350 64.7867
0.9391 71.6454
0.9383 70.3075
0.9365 63.9334
0.9349 56.4235
0.9334 49.3927
0.9321 43.1437
0.9308 37.6628
0.9293 32.8732
0.9276 28.6920
0.9257 25.0431
0.9235 21.8592
0.9210 19.0811
0.9181 16.6575
0.9148 14.5433
0.9111 12.6990
