-29.9402
-20.8123
4.3454
15.5853
1.9532
5.2789
12.5027
17.9498
28.1471
23.6175
20.1037
5.5151
9.4656
12.7297
8.5040
14.1811
-8.8878
-14.7544
-5.7091
-12.2293
-1.1220
25.5444
29.8115
24.8594
3.4728
-30.5051
-53.2359
-54.5551
-75.2971
-67.5161
-41.3654
-15.5486
-39.7379
-28.8814
-46.4771
-37.1629
-27.2778
-23.4469
-49.0781
-53.7464
-80.4325
-94.4680
-103.2742
-102.4122
-82.3778
-70.5829
-55.2414
-81.0542
-77.7202
-54.3358
-69.5759
-68.2860
-87.9956
-76.1927
-69.9485
-77.2246
-61.1070
-49.0445
-39.9118
-63.8508
-99.7312
-89.3311
-102.1006
-118.6234
-110.6295
-126.3404
-119.8752
-94.5320
-108.7869
-119.6330
-88.9111
-77.6667
-56.6210
-72.8340
-65.8466
-50.1521
-61.6128
-58.4711
-64.9782
-59.4132
-30.2188
-26.9149
-24.0238
11.0803
34.5315
64.2120
58.4224
36.3056
37.2473
32.6749
22.5190
41.8508
3.6673
24.2315
5.2820
11.1403
0.3178
-13.1945
-22.1852
-9.8895
-8.1478
1.7212
18.5881
13.5653
14.9855
21.9212
9.8383
-40.8761
-74.9301
-74.9786
-89.8957
-88.9537
-64.1766
-43.2391
-43.8733
-26.8472
-40.6016
-47.4350
-28.5165
-53.3096
-62.2669
-50.5015
-46.0499
-48.5610
-27.7321
-44.3445
-59.5859
-69.5389
-64.3528
-47.5371
-70.6479
-57.0595
-80.0750
-71.9477
-71.3627
-62.3842
-63.4847
-45.1981
-33.5621
-39.2015
-38.5137
-55.6820
-43.0434
-33.9440
-40.1424
-43.3634
-72.5580
-101.7231
-70.7782
-38.9870
-73.2477
-88.0602
-92.1651
-75.6335
-47.3407
-61.4806
-44.1677
-28.3177
-54.5245
-34.3652
-28.7591
-11.5205
-1.9416
9.2716
21.4127
35.5649
46.3351
47.5335
51.5678
57.2822
53.1987
45.8605
28.0750
38.3572
52.2202
57.4955
16.4018
21.8128
21.0855
4.4919
20.8894
18.4274
0.1562
23.5308
14.5015
-6.1364
-26.6404
-40.8832
6.8032
31.9824
35.3795
48.9650
18.7588
-24.1811
-28.7384
-39.3924
-35.2361
-54.3164
-36.8888
-51.1455
-38.8330
-61.9384
-50.1486
-56.4545
-64.5599
-37.6294
-40.4705
-56.0744
-57.9979
-72.2234
-61.8536
-50.1667
-58.6253
-45.6180
-32.9407
-43.5742
-23.1744
-33.2503
-60.5111
-33.2936
-47.0974
-43.0271
-44.2346
-60.9340
-22.8880
6.4321
26.8126
3.1574
36.9934
44.2824
53.8710
62.6528
77.0090
39.7045
17.5689
-33.8470
-33.7950
-51.1486
-54.8791
-39.4880
-69.3636
-48.1835
-59.3034
-56.7594
-70.2241
-89.7370
-85.5766
-83.7563
-85.4266
-64.3108
-46.3408
-36.1333
-50.3754
-29.5553
-11.7361
-26.6818
-39.3615
-31.6169
-11.3958
-30.2208
-44.6168
-41.9678
-29.7162
-49.6842
-52.3736
-35.8104
-47.9737
-74.1813
-78.7574
-57.2597
-22.2997
22.2816
54.8889
63.4506
82.1150
39.1730
39.4559
49.5179
52.8745
14.0707
35.2479
23.3548
18.6889
2.0600
29.0282
27.4117
44.9775
32.7893
37.8215
33.8623
25.3718
4.2138
-22.7042
-13.7148
4.0133
17.1059
-1.2024
-19.0249
-9.3285
-16.2950
-8.4800
1.7222
-12.9437
-16.9077
-33.7844
-27.1458
-11.7293
-23.2647
-32.0534
3.9292
23.3720
38.7320
12.6516
17.9596
27.9440
18.8713
25.2547
17.6343
13.5075
30.6465
6.0564
-0.5846
15.7873
11.9193
9.9797
3.8317
-38.1578
-56.3451
-78.6387
-88.1661
-93.8043
-90.7496
-81.5846
-73.9057
-64.0445
-65.1512
-44.3257
-68.9463
-48.8356
-72.1155
-55.4720
-59.2894
-45.2634
-47.1117
-26.4668
-58.8783
-58.6391
-53.9820
-69.1911
-56.3859
-54.2605
-51.9423
-43.4472
-35.8691
-22.6293
-22.5500
15.5643
50.1090
31.3279
37.4466
52.8375
44.4937
34.2376
19.1870
1.6741
27.7588
40.2333
13.7634
20.9225
18.4069
26.6561
16.4885
-1.3220
-1.4154
-36.3979
-49.3759
-40.9038
-55.8585
-58.6480
-69.0037
-75.4960
-79.0554
-73.8204
-61.5519
-84.4923
-65.2625
-58.2694
-43.8568
-41.8315
-67.5266
-57.5889
-30.0910
-17.8247
2.9693
15.3950
16.7001
33.0197
56.1061
59.8427
49.6401
26.6063
30.3535
27.5419
-4.9849
26.2504
9.4337
5.2536
-29.0555
-52.7116
-58.1374
-56.9588
-55.4974
-70.3497
-91.2480
-82.3870
-66.3402
-44.7116
-76.8157
-67.7565
-52.3842
-59.6119
-66.9820
-56.1649
-83.6283
-50.9928
-40.6959
-40.8854
-64.1062
-41.2512
-54.0249
-69.4563
-45.2194
-24.1226
-16.6378
-29.7404
-28.2214
-30.4015
-19.5997
-19.6509
17.7404
7.8625
7.0256
0.7121
22.1175
26.8474
32.5003
35.5645
43.5937
44.9435
51.5043
34.1985
27.6929
12.4740
-1.2679
28.1601
22.7246
25.1285
25.8881
10.4208
20.1257
22.0659
19.9623
19.7935
17.1579
25.4549
5.6897
9.8121
12.5411
17.3417
7.3061
-19.3494
-33.4106
-39.6824
-38.2343
-46.8946
-37.6888
-33.1742
-67.0156
-71.0911
-51.9329
-60.5916
-37.8791
-74.7946
-70.2152
-61.8287
-63.9519
-40.2640
-61.0007
-54.8029
-66.9954
-39.0344
-13.4014
17.3402
15.5792
33.6617
38.2247
33.7791
38.5646
38.0025
45.1596
20.5474
36.2804
21.4519
27.1660
18.3591
12.4985
0.1358
6.9231
-27.3740
-33.3328
-23.5460
-39.8790
-22.8808
4.9045
5.2850
13.0919
-12.5287
-57.2174
-62.5611
-58.4890
-76.3230
-63.9841
-68.0609
-87.0469
-94.0395
-59.7282
-74.0058
-61.9458
-44.7028
-26.1661
-35.8149
-49.1878
-41.9598
-52.5985
-73.1870
-70.7197
-65.4664
-48.1276
-24.8093
-40.7460
-32.5209
-17.3717
-21.7353
1.4823
-16.7197
-1.8881
-2.1387
-20.1551
5.1900
8.7171
23.3324
24.3354
9.0615
9.7880
-0.1915
-23.9356
-40.1289
-52.9207
-75.8259
-66.9044
-86.0710
-89.9355
-67.1240
-39.2155
-17.1160
-24.7537
-42.6671
-43.6176
-38.3183
-52.1254
-32.8864
-34.9947
-35.2616
-15.3365
-12.2449
8.2580
34.2275
28.5658
29.5012
18.5107
25.9613
40.5065
34.8917
18.6110
-0.9075
-5.7904
-33.2409
-14.8275
-17.6105
-36.0229
-32.9520
-11.1715
-4.0133
-0.5951
25.0655
35.1248
18.4258
15.1514
8.5831
-37.2532
-58.4259
-95.0893
-84.9071
-70.8369
-41.8954
-46.7957
-43.5657
-33.6470
-68.0095
-41.6893
-48.5390
-42.2490
-65.6215
-71.3085
-46.7055
-50.0810
-47.4584
-59.9273
-70.9994
-80.8471
-91.7833
-74.9075
-67.0166
-53.4943
-71.1877
-76.5243
-67.8561
-44.2504
-52.9863
-44.2970
-51.6076
-48.7828
-67.8529
-71.2365
-33.7560
-28.8302
-36.8428
-63.4556
-92.5380
-108.2586
-103.1944
-126.3907
-148.5001
-134.6549
-118.5799
-103.4041
-93.6296
-92.0935
-54.6701
-71.6605
-55.1933
-74.1914
-40.5209
-27.7815
-21.3371
-4.3776
-7.2030
3.0568
23.8898
44.6773
44.3704
35.2634
38.0647
20.2431
18.6931
40.7631
36.1755
12.4390
26.0795
19.2244
18.0074
4.7590
35.8352
23.1681
-1.3377
18.9841
10.4355
-9.8397
-28.5210
-44.8241
-22.4945
-0.1946
3.4388
-4.5713
-37.9442
-37.9203
-48.9394
-28.9140
-54.0997
-30.2051
-29.3848
-32.4216
-39.4010
-43.1238
-44.7275
-45.7837
-51.3151
-52.2074
-55.1877
-84.2889
-67.0693
-51.4654
-20.0290
-28.6844
-45.0954
-19.7444
-8.1170
-11.8861
4.6842
-14.4105
-6.5470
19.8305
-1.5247
5.8210
17.8079
6.2676
18.1673
40.0488
16.3220
-25.6938
-7.3713
0.9346
27.0421
70.3120
58.2985
33.9432
-11.0015
-3.9216
-10.1794
-14.0658
-31.2988
-54.7945
-59.1269
-35.4493
-45.3245
-64.6320
-67.8738
-84.3396
-82.6864
-93.7795
-60.2863
-39.6341
-30.4738
-44.2998
-36.4450
-23.8554
-29.2999
1.0691
-14.7102
-24.0429
-4.9652
-30.5307
-14.6285
-32.4161
-20.6086
-32.8519
-45.1570
-57.9964
-81.9991
-104.7545
-86.1863
-58.6875
-17.3021
-19.0564
-7.3003
37.6619
4.5181
-13.2913
-26.6583
-8.6798
-34.4174
-26.3372
-12.0712
-41.4900
-53.3897
-52.2797
-43.4878
-10.9300
-0.8356
-4.6493
19.2434
24.8368
12.3844
12.2073
26.9336
18.2632
20.9881
30.3896
21.8228
30.4475
23.9276
43.5014
25.9426
27.8852
-6.5326
8.5122
-14.3386
25.1880
36.6356
28.7833
9.8665
37.3254
28.6822
20.3634
24.7513
37.2838
11.4126
21.4453
1.0083
1.0788
-1.6703
4.5373
-25.6741
-7.3046
-18.4829
-11.9363
-41.1605
-56.6129
-64.8054
-84.0123
-102.6766
-83.6102
-72.5499
-62.8714
-56.1420
-79.8980
-78.8340
-57.7369
-79.7520
-66.3977
-71.9510
-51.7453
-54.0181
-45.4242
-50.4763
-22.9979
-23.1117
-44.9998
-53.0613
-76.0935
-112.5980
-103.8970
-92.9848
-80.1261
-65.4667
-27.8992
-32.3909
-17.7362
39.6670
18.0024
27.3916
35.6725
33.8750
29.1920
39.9840
-2.6080
30.1157
24.4232
28.2350
46.2634
34.9802
31.8984
37.2705
40.5761
20.8989
-7.1502
-32.5929
-38.9687
-51.3292
-35.5877
-64.2633
-49.2493
-75.7642
-57.8106
-42.9366
-76.7689
-64.6248
-56.5842
-41.2328
-21.1508
-29.5528
-41.0710
-17.0971
17.5629
41.6173
35.0229
41.3502
47.8296
48.6720
52.8222
43.6522
15.2927
21.1510
38.6188
-11.2450
-3.7581
-11.0333
-17.5510
-67.9471
-64.6412
-48.0117
-69.5249
-51.2492
-61.3129
-69.7715
-67.0272
-73.7108
-57.2558
-77.4726
-66.9081
-71.4030
-54.5558
-53.7909
-70.5660
-86.3181
-73.7972
-58.5366
-40.2958
-70.0938
-68.2542
-47.3078
-64.8231
-60.3346
-44.9874
-48.5366
-45.0847
-52.9372
-49.5087
-54.4966
-56.2762
-32.5766
-5.5282
-7.8927
-22.5639
7.2074
18.0951
8.1817
34.7852
43.4986
40.7853
34.6991
24.6131
16.6736
31.2208
34.5427
32.0586
52.3217
34.4188
32.1392
29.1309
-0.6219
5.7902
11.4766
30.9268
22.6140
8.8868
10.1063
-6.3329
8.2001
-19.1620
-6.9811
-6.4888
-50.1189
-43.7523
-31.6781
-24.1509
-20.8158
-17.0956
-47.9735
-51.6032
-50.5868
-57.5356
-26.3744
-59.2805
-60.8633
-63.0101
-37.6382
-20.1794
-21.6365
-53.9300
-40.7988
-36.5329
-29.8842
1.5894
21.8786
11.6474
12.1123
10.6406
12.7131
28.0491
14.2358
15.5001
28.8089
41.7612
52.2021
51.5764
25.8883
26.1685
14.7580
-7.2632
-25.6500
-24.9786
-33.9090
-25.7693
19.3088
31.0971
18.1173
-5.2293
-24.2437
-29.9447
-28.8266
-44.7970
-25.1234
-43.5099
-50.5169
-83.3023
-62.9005
-75.6943
-78.0142
-69.4401
-51.2974
-48.4944
-58.5164
-75.5732
-66.5378
-84.0575
-74.0937
-60.4137
-43.3549
-29.4215
-41.3894
-36.9403
-3.8865
-3.4607
11.6092
0.5943
35.1499
47.0369
20.8470
42.9326
40.9186
39.3583
29.7916
-3.8465
-27.8503
-34.9169
-47.1198
-51.9863
-63.2378
-52.3175
-68.1484
-79.2558
-65.4306
-75.2240
-41.2939
-36.6411
-44.8237
-53.2557
-48.2402
-35.8804
-52.2046
-43.4466
-46.4486
-15.0824
-22.0085
-3.7308
21.8418
45.7179
45.3243
19.3019
21.4381
27.6949
43.6699
30.5909
29.8568
10.5785
6.3775
-9.6396
-5.1108
9.5120
5.8377
-13.2923
-1.4178
-7.5956
-19.7256
7.0043
25.2122
26.5123
19.2423
-7.6822
-44.8354
-61.4379
-65.0820
-93.0574
-76.6214
-51.7621
-43.2696
-53.1345
-45.8486
-46.6933
-38.5332
-17.2116
-25.0895
-55.1484
-63.0605
-84.4967
-83.3179
-94.2171
-101.1283
-91.6468
-86.4246
-64.4853
-72.6835
-86.9662
-66.4752
-78.7090
-61.7863
-77.4668
-66.7905
-67.0326
-73.2874
-43.8494
-57.8560
-47.9753
-70.5580
-79.7806
-40.6480
-37.6857
-62.8215
-84.6946
-91.6360
-109.4100
-120.8854
-150.0951
-138.1722
-108.3026
-85.7985
-42.4844
-61.8657
-50.3564
-23.2972
-40.3138
-35.8340
-44.9692
-16.7183
12.0705
26.7547
19.5439
39.2608
52.7675
50.1583
35.7392
13.0970
6.2408
6.4213
-20.7075
-27.4623
-45.9339
-40.7188
-71.0499
-44.0897
-52.6787
-74.7904
-70.5284
-38.5206
-45.7022
-40.9112
-27.6013
-35.8892
-41.1694
-49.3332
-71.8574
-45.1285
-52.1534
-68.6024
-67.3071
-73.6195
-48.2750
-29.9336
-41.2112
-38.4252
-41.7177
-39.1684
-21.0299
-34.7630
-44.0810
-38.6874
-43.4873
-34.7971
-32.2677
-11.5688
-38.5079
-42.9638
-20.7287
0.8453
-22.1190
-29.6710
-11.8768
-0.8953
37.5280
28.1678
23.3299
54.6185
53.2830
54.7986
34.7864
23.3752
36.5396
22.0263
-0.6699
-17.0930
-42.7036
-29.1568
-8.7934
28.2781
35.3155
10.0520
-8.7928
-21.2272
-25.6572
-27.1301
-35.9150
-14.8161
-51.4102
-15.5748
-3.9558
3.9400
-4.1634
-29.3676
-41.8341
-44.9931
-55.5833
-41.5654
-37.3426
-33.5512
-37.8066
-26.9452
-30.3391
-37.8545
-13.4970
-19.7497
-25.5494
-12.7861
-14.4929
-41.9729
-17.8632
-8.3491
-26.1365
-9.4804
-22.3378
-52.9196
-73.9181
-42.4868
-24.4789
13.0632
18.9157
41.0650
35.9836
-2.4604
-11.6591
-38.0418
-24.7430
-59.9300
-26.2957
-35.6719
-30.9203
-59.1572
-50.7873
-48.4813
-49.5074
-24.3849
-0.3363
5.4467
26.5750
17.3612
25.4707
39.5742
44.4131
30.0117
25.1990
10.1808
23.0608
12.3619
-11.0442
-0.2924
-15.0221
-32.6585
-46.3384
-30.9150
-2.0995
7.5013
-0.2415
3.6273
24.3313
29.4467
34.6122
43.8172
50.4392
38.2854
10.9286
-1.7845
15.8485
15.1671
5.2922
-1.0739
-4.2201
24.7085
12.0282
20.0290
9.7816
-2.3339
-23.9742
-42.6336
-55.1991
-52.9894
-43.8466
-41.4280
-59.0027
-45.5405
-24.6277
-51.9372
-39.1203
-36.6267
-25.5209
-37.6824
-45.4628
-46.0374
-13.9582
-36.8906
-41.9555
-43.0639
-79.1769
-101.3476
-97.7365
-78.4865
-62.4976
-38.1516
-16.9931
-15.6501
24.8627
34.1015
27.5196
41.2742
59.2741
15.9717
34.0414
33.3332
17.9172
20.6144
41.0525
32.9906
41.0201
36.8869
35.1754
35.7367
24.7558
17.7746
-2.9659
2.4367
20.4045
2.6212
-18.7900
-38.4425
-41.8239
-49.8835
-37.5539
-31.8618
-65.0520
-62.1381
-58.5113
-33.6827
-13.9731
-32.4406
-28.5765
-3.5527
16.0233
32.1542
19.9517
20.0733
26.9032
50.7030
48.8652
34.7695
28.3356
47.6705
32.6091
4.4059
10.6967
5.0157
3.3462
-3.8620
-42.1920
-31.8493
-25.5664
-19.7432
-52.4547
-76.1337
-84.3491
-89.2824
-88.6548
-80.5820
-66.2763
-90.8765
-95.5987
-121.4984
-90.0618
-91.5111
-64.2057
-66.0643
-55.0534
-70.8714
-73.1796
-59.3422
-76.2222
-47.3433
-24.1823
-39.9535
-35.5708
-17.7297
-0.0143
1.3090
22.8232
57.2793
29.8525
31.4164
40.0226
50.6051
32.4102
38.3708
13.4166
19.3739
14.8369
6.5523
8.5344
23.6604
10.6107
4.3942
15.5167
22.6652
6.7987
-5.0725
-14.5455
-35.2442
-18.6690
-35.3724
-45.7585
-56.7163
-64.6738
-53.0184
-70.7596
-35.8369
-41.9388
-23.7355
-40.4798
-63.6689
-40.9835
-34.2123
-11.6477
-18.8835
-0.3915
-35.1027
-26.4119
-16.7855
-6.7717
-4.5337
-33.6876
-23.7974
-22.0920
-30.5536
-6.2442
-16.3159
-21.3821
-27.3078
-21.0818
-22.1336
-33.1694
-40.8680
-34.3873
-37.7263
-35.0557
-20.9326
10.3581
-20.3534
6.8180
26.2272
29.9865
45.1533
51.2445
25.7050
28.0515
29.9506
13.7313
6.5251
-2.8013
-6.8314
16.1994
23.6269
29.7339
29.4737
-11.5969
-21.9634
-16.9501
-21.1676
-34.1670
-22.3186
-38.3175
-41.1482
-63.6838
-38.2153
-55.8214
-64.9222
-72.1231
-55.7972
-57.1549
-42.3720
-51.1489
-59.9768
-80.0298
-78.0112
-57.6432
-44.7594
-26.0911
-48.3201
-23.5605
-29.5276
-25.9788
-11.6989
-6.9116
12.5471
33.0844
11.8049
29.9803
29.8632
41.0814
30.3299
-1.5920
8.1094
4.8836
-5.2136
-4.7146
-9.0171
-28.9573
-49.2470
-62.6276
-54.6712
-70.6642
-57.7228
-83.3005
-65.9823
-73.3734
-64.8134
-59.3545
-72.9149
-65.9628
-53.4242
-37.3654
-21.2067
-8.0764
8.1796
25.9945
37.6448
25.7183
26.5139
29.9190
48.0636
24.7363
45.4185
31.3768
34.1502
12.6356
13.1276
21.0654
18.0118
-15.2401
-0.8658
14.7420
22.6067
42.9487
42.7641
33.3327
5.2786
-2.6003
-41.3710
-68.4098
-74.8556
-93.7146
-70.4763
-18.4132
-38.3927
-42.7250
-23.6464
-51.3400
-25.6231
-20.1428
-4.5915
-39.4586
-69.0135
-72.8314
-96.0123
-93.8214
-88.1438
-84.9351
-73.7428
-72.6477
-67.1846
-54.9588
-32.9812
-62.4265
-61.7144
-70.2538
-69.4173
-76.7447
-67.7392
-48.0321
-27.4843
-42.7913
-61.7257
-81.7209
-74.0356
-97.0860
-113.5172
-130.5214
-131.8626
-126.5915
-122.4452
-151.8846
-128.5291
-98.5123
-66.9212
-60.5600
-68.7751
-45.4952
-53.6404
-48.1085
-66.5667
-38.5832
-25.9462
-13.7569
4.8751
6.9917
37.6435
48.2899
35.0643
23.3214
-0.3626
14.6658
14.4210
22.8189
0.7713
-25.9353
-14.8287
-11.4730
-25.9225
-30.6467
-47.7961
-41.0791
-41.5495
-51.2863
-18.8681
-17.1737
-34.0702
-40.0348
-35.3530
-78.0021
-94.7167
-116.5130
-112.6449
-121.4959
-106.1544
-88.0966
-74.0792
-70.6991
-59.3172
-79.9984
-57.8422
-78.0167
-66.8745
-62.0369
-48.5947
-32.4469
-31.1765
-27.6836
-46.3328
-62.3754
-53.4252
-28.3754
-46.4307
-41.1972
-33.2499
-27.9784
-20.5938
-17.3821
2.8273
13.3268
46.1875
43.7287
35.6687
22.4867
12.9294
39.0627
31.7669
15.3943
-11.4369
-62.1280
-38.9133
2.4961
16.1173
-10.7957
-29.6580
-41.5103
-37.5269
-36.5848
-51.1973
-33.0451
-54.6240
-39.5407
-36.9549
-16.5039
-23.9335
-20.2803
-23.5804
-16.1257
-15.9770
-31.8496
-2.2713
12.6244
25.7443
29.3878
31.6277
23.8304
56.4785
33.2871
37.2833
31.8285
18.2150
35.1055
17.2693
32.1526
17.9284
7.4830
11.1837
-1.2678
-27.0177
-55.1587
-22.1967
22.0740
15.0113
30.8568
37.6913
-11.8462
-25.8675
-38.8270
-29.8162
-51.0864
-28.1689
-16.2912
-41.2722
-55.7393
-39.2902
-52.3543
-33.2475
-22.1465
5.6502
-19.1849
-18.8080
-33.2175
-26.8971
-12.5698
-38.3776
-38.8971
-14.7257
-8.2969
3.1083
-14.0196
-21.0315
-19.6951
-22.5373
-53.2473
-34.6357
-40.1241
-26.6984
-5.7437
4.2585
0.7857
-4.9216
-3.7897
15.9630
44.8306
72.8664
64.5781
42.4322
-1.9319
-0.4505
-22.2510
-31.7390
-50.0067
-49.6156
-52.4677
-46.4450
-53.9549
-69.8528
-75.5163
-87.4391
-97.7248
-101.0162
-87.5441
-70.5545
-52.9079
-70.1553
-58.4945
-41.2538
-48.5148
-29.7389
-48.2503
-31.5709
-3.2812
-36.1146
-21.1883
-2.4039
5.0477
-18.5382
-13.9242
-7.9247
-31.0100
-62.4207
-36.7070
-15.5980
18.9321
30.6069
45.8520
67.3086
44.2596
33.6688
32.9443
43.2083
11.7960
-4.9789
21.9344
-5.4434
7.9799
-5.3414
23.8240
30.6763
40.0704
26.8176
42.1998
41.6059
14.6868
-6.2310
-13.8734
-11.5839
-10.9037
-19.4550
-38.9376
-40.7511
-42.0471
-38.6592
-19.9020
-33.4419
-30.0887
-30.2133
-22.0032
-5.8322
2.8479
-13.7932
15.6594
38.0307
37.6805
19.1101
20.2491
28.0023
32.1932
51.0673
26.8859
13.9566
25.4380
21.5023
-10.1764
13.3650
4.5470
7.9280
-26.1851
-50.4724
-57.3889
-54.0068
-72.4148
-77.1284
-89.0009
-80.2447
-72.2479
-71.2358
-78.3135
-52.4781
-73.2723
-58.0351
-71.5526
-68.8692
-62.3279
-50.5331
-52.5249
-48.9620
-60.2822
-66.6252
-47.8581
-40.6897
-43.6842
-41.3234
-33.4209
-38.6538
-27.5040
-2.7068
-13.8717
12.0332
60.1845
52.8339
41.2453
34.6767
58.0025
43.1362
38.6645
21.4472
32.9539
29.5460
44.6485
39.1665
5.3346
19.9898
24.9020
34.6088
23.5921
-8.5638
-30.5979
-30.9955
-65.4505
-65.3592
-79.7360
-68.3072
-104.7840
-95.4961
-86.4779
-117.7509
-83.9044
-79.2508
-48.3805
-47.5536
-55.0434
-58.7170
-33.2598
-26.4806
0.3034
-15.0433
-26.6095
-17.2738
-1.0959
16.8484
53.9188
30.8338
29.0432
39.8233
32.0748
35.4552
41.9448
25.4138
-12.6640
-7.9967
-22.0354
-44.8310
-47.9457
-50.8319
-76.4749
-70.8015
-37.6960
-12.8337
-41.3294
-52.4804
-40.9655
-44.8452
-20.5978
-16.7933
-56.6485
-27.2833
-27.7091
-20.6327
-60.8601
-28.8650
-23.2479
-58.8606
-47.0290
-40.4152
-32.6998
-47.1176
-47.3209
-41.2964
-42.7911
-46.2948
-22.5080
-19.4516
-20.4023
-54.3281
-38.9839
-24.6546
-46.1693
-27.0456
-14.9066
6.0468
26.4332
29.2338
20.3412
18.8910
16.6905
24.0591
42.7556
43.3748
34.3658
48.9601
46.5398
28.5448
40.8716
24.2342
38.8360
38.5210
22.9563
17.8488
19.0967
22.0798
27.5653
-1.2021
-32.4108
-29.2723
-33.3406
-38.2062
-49.3328
-45.9616
-72.8449
-66.9163
-61.5250
-79.8600
-58.0381
-89.2825
-74.3362
-72.2049
-55.0799
-49.3200
-63.3391
-68.2419
-52.1050
-43.3021
-29.0295
-5.7901
13.9866
27.7072
38.6692
26.9200
24.4102
42.6343
41.4834
39.3026
36.7581
30.5448
14.8034
22.2009
28.2797
29.7931
20.7153
-9.9002
-16.5843
-2.4511
-2.0564
2.7262
26.7324
37.3167
26.7811
7.8144
-32.8869
-66.4929
-69.9153
-81.1209
-82.6667
-58.5997
-36.8186
-68.5186
-51.4370
-65.6394
-51.7693
-44.7984
-38.5715
-50.7074
-54.6761
-75.0017
-78.8359
-90.9438
-81.2259
-81.8945
-70.2491
-60.2912
-92.0513
-86.5028
-67.2182
-69.2308
-56.6911
-72.1456
-62.2473
-63.3992
-82.7013
-54.3747
-42.9904
-28.1184
-41.2529
-68.5603
-67.5609
-77.2900
-85.7016
-93.2331
-99.3935
-100.8135
-94.0609
-125.0241
-121.7572
-101.1459
-76.6469
-44.1042
-50.1072
-62.3148
-35.3330
-42.2679
-40.7592
-37.5100
-45.6593
-17.6348
-25.7675
-15.8138
6.9680
36.1285
57.8002
53.0645
37.1595
30.6946
38.2175
36.2574
46.4049
18.3730
31.9937
16.6067
27.6243
18.2220
11.9631
-1.2050
25.1073
22.3300
25.2575
38.4208
33.3417
28.8462
25.2985
13.2459
-45.6420
-73.6328
-90.8937
-95.7561
-88.3856
-58.7811
-33.8803
-48.1506
-25.6453
-40.2239
-52.4786
-39.6724
-62.5998
-64.0961
-57.2939
-40.8676
-49.9607
-23.8248
-40.9359
-62.6465
-71.6875
-55.0313
-49.8123
-67.2872
-65.2224
-86.8256
-71.5746
-82.4120
-71.9215
-60.3378
-48.3827
-42.2403
-52.3187
-38.6192
-66.2637
-57.5143
-40.9418
-34.6839
-32.0353
-61.7928
-86.9759
-73.5692
-75.8314
-99.5124
-110.6087
-100.3750
-82.1041
-58.7553
-70.9106
-46.3774
-35.7517
-54.7695
-27.9893
-33.2160
-23.0629
-22.4866
-12.4446
-2.2253
12.7888
42.7568
52.9927
64.6406
55.0028
42.8899
41.3938
3.2204
21.5462
44.1860
49.9277
0.0789
11.1014
7.5288
-12.2619
-3.6201
4.9200
-10.8392
1.8281
10.9201
0.4006
-15.7367
-47.3154
-10.8855
18.1597
32.9506
36.5336
20.2548
-6.5381
-20.9822
-31.2909
-14.2264
-36.4895
-33.2104
-41.3111
-35.5558
-52.9296
-47.0939
-59.2962
-72.9104
-70.1186
-66.3459
-71.0556
-75.0785
-79.7123
-62.1595
-38.6166
-58.6594
-50.6483
-37.0912
-40.9948
-19.9867
-24.0062
-51.7449
-25.7028
-45.5740
-46.9006
-46.8711
-68.4796
-40.7395
-13.7895
6.3829
-9.7543
29.9781
34.8078
46.3564
57.3090
82.0538
46.4282
25.4377
-16.9869
-1.8059
-11.7826
-28.0924
-17.5026
-61.3715
-41.2008
-47.8668
-48.4224
-63.2929
-94.2699
-83.6268
-88.0757
-82.7484
-56.5974
-45.3820
-35.5086
-50.0039
-23.8575
-12.2896
-14.7985
-19.2666
-11.8879
-7.3070
-10.5799
-20.5642
-26.0763
-8.2699
-15.2787
-27.5182
-20.1492
-34.6463
-69.0374
-85.4954
-57.8424
-23.8349
-1.9273
21.6121
34.3140
56.5793
19.5819
17.6047
20.0100
39.2561
4.6721
18.1728
8.6676
0.3233
-13.2138
9.5634
27.5235
33.4722
34.7081
36.5282
35.1529
28.4607
9.5332
-0.5029
1.4363
9.6788
12.0638
0.3689
-8.9439
4.1375
7.6119
17.9414
37.7357
17.9236
4.8394
-28.8460
-12.2933
10.2634
1.4908
-21.0641
-0.6379
11.8510
28.0087
8.4551
17.2998
29.8950
18.5412
14.3681
14.1797
9.8081
27.5125
9.2536
-11.2514
-2.0906
-1.2200
-9.3994
-11.7252
-40.9676
-52.1161
-64.8140
-71.5991
-81.0333
-80.1933
-77.2565
-70.0262
-70.5175
-64.7317
-42.8498
-72.7290
-51.5997
-73.9982
-56.5402
-54.5235
-51.7799
-47.1616
-32.4163
-58.8460
-58.2572
-69.3586
-70.7343
-84.5992
-72.6787
-61.2333
-56.8596
-35.7715
-15.0982
-32.0468
-2.2840
26.3231
16.5224
35.8783
61.2253
44.7679
42.9912
37.3417
9.1827
35.8690
53.0710
28.9845
30.8580
30.6207
40.4232
35.1102
12.6185
-0.0803
-41.1326
-42.7655
-35.3245
-51.5553
-50.5248
-73.7176
-73.6909
-77.0711
-66.6863
-45.0928
-70.8938
-60.4769
-60.1808
-50.4960
-42.2977
-68.4055
-58.3854
-25.1216
2.3570
24.3610
43.1306
45.7985
59.7510
63.6578
69.4620
38.3263
11.0066
26.6978
28.4310
-19.8444
-9.1525
-23.8739
-33.1825
-54.7181
-71.1989
-60.9622
-53.2891
-47.0772
-62.7580
-79.5641
-77.9111
-51.7683
-37.7505
-65.3949
-53.4768
-34.6010
-39.9651
-56.2608
-42.2879
-67.2851
-37.6689
-23.8183
-25.3084
-56.9411
-46.3138
-58.3297
-72.8412
-48.5756
-21.6081
-37.5060
-59.9605
-65.3107
-74.7705
-47.4305
-45.9143
-1.8979
-14.3909
-8.8358
-19.1343
10.9037
8.0455
23.4123
26.0015
44.9255
41.7331
46.5949
37.6315
32.6615
22.6362
9.5708
22.5390
30.1694
35.8187
38.2743
14.6373
19.2966
27.4207
20.2436
25.4264
21.8272
20.6613
14.3010
8.0512
11.3933
12.8138
15.5573
-15.6868
-45.5876
-42.4557
-33.8771
-38.2056
-31.5512
-43.5701
-79.2389
-74.8197
-54.5269
-57.2367
-34.9875
-61.6114
-58.9765
-46.8888
-45.7123
-19.1721
-49.2415
-44.7790
-58.9019
-26.3593
14.6035
42.0787
25.7918
33.6427
41.2004
32.8112
34.5515
42.5746
26.0713
5.0952
29.5800
25.5262
38.0042
28.8602
24.3246
11.8749
20.9330
-7.1447
-14.6224
-10.6222
-15.0673
8.3162
36.2450
22.4080
23.1783
-18.5381
-52.5654
-49.2379
-38.6626
-56.0463
-49.0800
-46.6312
-75.5655
-89.3868
-56.0782
-76.7031
-85.6385
-73.6248
-50.8296
-56.7069
-66.7146
-67.1198
-72.6390
-84.3532
-68.8485
-64.5070
-52.3426
-39.9282
-47.7277
-32.9322
-23.3623
-27.4477
2.4662
-21.0080
-0.0684
13.5806
-4.3920
32.7376
29.4357
43.3500
31.9247
17.3496
23.6162
20.3676
1.0821
-13.8085
-25.7176
-48.4968
-51.4720
-68.4882
-80.9443
-59.2245
-33.2243
-20.0906
-35.7829
-41.6626
-48.7312
-32.3308
-53.1154
-34.9395
-26.3462
-26.5337
0.5085
16.0580
29.3996
35.0342
34.6826
20.8055
7.7209
15.0791
32.6241
32.7712
14.6519
-7.1655
-16.2560
-43.0354
-31.1964
-22.2612
-40.1633
-36.3054
-21.2180
-23.6281
-20.0153
-11.5025
-9.2788
-14.8871
-31.2069
-40.3651
-70.1004
-84.0083
-108.6040
-95.1951
-78.9707
-46.7063
-54.6970
-37.4615
-31.4491
-53.6824
-27.5978
-38.7260
-21.0579
-46.2759
-66.1125
-46.8834
-43.5923
-56.6519
-72.6290
-81.1588
-83.4637
-93.0000
-80.6262
-71.2638
-56.2182
-78.9590
-88.3738
-77.5337
-58.1641
-70.5304
-59.2716
-64.7583
-59.8060
-70.9913
-90.0494
-49.6373
-37.2124
-44.1712
-68.7607
-91.3117
-113.3057
-124.9546
-151.0953
-165.5399
-156.1996
-137.9911
-110.0659
-88.5450
-87.6273
-44.7944
-56.3583
-41.3544
-61.9764
-17.1125
-4.9006
11.9710
38.1271
29.3459
38.1956
42.5225
34.5607
19.5863
-0.0172
1.8346
-3.3367
-5.1983
-4.5784
-18.2764
-30.3230
-24.9965
-38.2988
-38.8347
-39.4286
-12.9981
-12.5718
-34.0275
-6.1216
3.4796
-9.2406
-21.8833
-41.8770
-21.6374
-5.4037
-9.5320
-8.2190
-43.0950
-39.0688
-42.1102
-27.2329
-54.8142
-34.5929
-47.8281
-40.5951
-61.4525
-65.4376
-50.4235
-37.8136
-44.0836
-34.0130
-38.7563
-64.0032
-60.2488
-38.6644
8.8291
1.9545
-9.8451
20.0128
40.6991
49.1643
61.1808
25.7981
18.2298
36.6057
16.8178
16.1005
23.0893
21.5372
28.0230
12.6131
-9.2513
-48.4585
-49.2922
-33.9227
-14.9794
25.7589
18.0370
-1.9167
-41.6015
-30.3190
-32.4511
-33.3144
-40.1750
-54.8571
-47.7339
-23.9828
-23.0696
-38.0438
-34.2408
-46.3463
-52.2533
-63.9668
-40.3668
-11.3810
-7.4491
-3.9754
12.9787
23.5143
25.3949
49.7026
21.0224
23.8334
33.5092
3.8738
25.8284
11.8562
32.6033
10.1384
1.8652
-14.8630
-43.5268
-69.7050
-57.8966
-32.4210
-3.2367
-0.1944
16.0491
61.8982
-5.4344
-31.5196
-64.3092
-48.2424
-81.0316
-54.8761
-35.1614
-52.6678
-75.7988
-65.9497
-70.7583
-41.6372
-35.7666
-31.0131
-26.8637
-29.3052
-38.5721
-49.2140
-37.3879
-42.2049
-45.6063
-29.7954
-42.8081
-47.9127
-43.5170
-23.3894
-34.9237
-37.9796
-67.1907
-45.1923
-57.2249
-18.2509
10.1666
19.1358
20.0801
61.4254
59.2605
59.1481
58.3217
70.7803
48.6528
38.9059
14.6101
14.2294
15.2584
24.0878
-6.9260
16.6246
4.1728
16.1542
3.3216
-5.9545
-21.3431
-45.8272
-73.4498
-60.3709
-63.5769
-51.4336
-47.7471
-74.3781
-68.7872
-49.9931
-67.8825
-56.4279
-63.4876
-45.4814
-48.7848
-58.1596
-55.9315
-28.0170
-23.3034
-34.1467
-43.5446
-67.7763
-105.1629
-96.5713
-80.6236
-63.8241
-51.6358
-33.1570
-32.0241
-11.5709
32.4648
17.2804
31.2427
43.5197
34.5894
29.9441
40.8163
-1.1625
20.1956
6.0699
15.3587
39.0039
41.5522
32.2343
43.4710
45.6967
35.0636
4.8405
-6.5763
-0.7741
-13.5914
-19.9835
-40.4928
-31.4309
-57.1476
-38.3114
-33.6285
-64.3428
-49.9998
-45.2659
-37.5261
-12.8580
-16.3077
-41.3584
-18.4679
13.5423
36.2022
12.3605
3.3921
21.0415
26.4811
37.8205
39.4205
17.7985
27.3555
51.1559
-3.2354
6.0360
0.6699
10.1768
-34.5773
-39.0478
-40.2179
-59.0122
-43.0347
-60.9341
-64.1485
-78.5288
-71.4407
-60.6556
-69.2536
-60.0317
-71.4848
-76.9770
-71.1212
-78.6327
-86.8433
-68.5350
-65.6540
-56.9594
-78.6177
-81.2670
-58.0246
-62.6062
-63.6880
-42.2898
-40.0430
-37.2136
-40.3959
-27.2045
-34.3196
-32.4380
-7.9137
7.0469
23.1002
9.9275
45.8018
38.8242
25.2719
42.8936
43.6125
37.5518
28.8779
23.8482
8.5479
17.2531
13.3115
12.4226
31.2148
15.9465
26.4772
20.4273
-9.0537
-11.6005
-6.0179
18.2028
16.2680
-0.6779
1.8941
-20.7175
-0.8844
-21.7549
-14.4818
-6.5628
-43.4118
-37.9360
-31.8902
-17.4383
-19.9719
-21.4188
-39.9496
-39.1269
-28.8083
-33.3976
-10.5762
-49.9878
-52.9129
-45.5350
-39.5846
-33.1919
-29.5489
-61.4068
-41.0532
-31.3031
-37.6287
-42.2085
-45.2691
-52.2201
-65.1508
-61.2034
-64.1833
-41.9131
-48.9880
-51.4306
-42.1507
-51.3574
-37.4182
-19.2345
-44.2040
-35.3224
-35.2934
-45.6119
-52.0642
-41.1141
-41.5480
-25.5647
23.0943
40.3928
40.5003
12.7508
14.5048
21.5923
36.9771
20.8771
39.4757
22.4478
12.2241
-20.1595
-23.8871
-32.0826
-43.9070
-42.6492
-34.6361
-30.2837
-44.5536
-59.1705
-62.9447
-81.1789
-81.7686
-67.4276
-38.5981
-31.7532
-32.9623
-29.5945
-10.3691
-13.1869
-1.7964
-10.8034
12.0813
35.1981
18.7893
36.5975
37.5903
32.2630
32.2232
11.1779
-2.7585
-5.5070
-18.1022
-38.7435
-47.4163
-51.2921
-77.2963
-86.4156
-70.6559
-91.0624
-63.9188
-67.2741
-75.3045
-77.9113
-74.2300
-52.0974
-65.6314
-59.6227
-54.3581
-44.7333
-37.3195
-27.6782
-13.2136
25.7107
25.9554
19.2807
24.6487
31.5295
42.6543
36.3491
41.3026
31.4031
30.8249
23.2616
36.1360
35.5020
34.1200
3.9379
11.7935
15.7886
9.9908
43.6876
43.7547
33.8582
25.0875
7.2515
-43.4076
-65.4652
-80.4211
-109.3842
-82.3797
-45.7131
-34.1658
-52.1317
-40.0000
-53.7061
-39.4209
-19.9189
-23.1373
-54.2621
-61.6753
-89.2695
-114.0908
-118.6421
-115.2208
-98.0618
-80.4621
-65.3658
-79.3102
-81.1806
-61.1096
-73.5944
-45.8467
-69.2174
-65.0906
-65.2925
-65.9835
-31.1350
-40.1889
-32.2527
-55.7032
-84.2713
-49.8754
-40.5726
-70.7979
-91.0865
-85.0674
-102.3876
-102.3104
-132.6066
-127.4167
-93.0929
-72.2844
-30.4641
-50.2899
-34.3365
-25.2843
-41.9684
-42.9242
-45.4369
-16.8383
19.4328
43.6059
41.4382
55.2265
61.0133
64.1317
39.6731
15.3948
13.8468
18.8789
-0.2877
3.4961
-8.3156
0.8830
-28.8708
-8.4132
-33.3774
-54.5163
-66.4814
-31.1685
-29.7357
-28.5262
-24.2766
-45.6527
-44.9654
-47.8976
-71.5013
-88.9850
-109.2177
-120.0839
-104.0696
-98.9064
-69.1142
-64.5018
-65.4493
-58.7350
-59.0341
-58.2442
-37.9542
-48.6863
-55.5814
-42.4376
-34.5797
-43.5301
-27.9195
-12.4086
-44.8677
-42.1703
-25.0586
-3.5548
-13.6717
-12.2835
-10.2506
16.0224
36.2637
22.7360
23.8335
48.8629
49.4573
37.6050
18.4929
18.9819
14.5906
14.4924
6.8786
2.8572
-38.4272
-36.1172
-2.4704
34.2057
34.2827
-1.6086
-17.3514
-41.1952
-35.6461
-35.2564
-36.7194
-31.8012
-54.3947
-34.9072
-30.1530
-32.6191
-41.9711
-53.6108
-54.1694
-48.2052
-56.7342
-46.8893
-34.7972
-24.0652
-21.4650
-8.6882
-23.4350
-24.3170
-9.9327
-7.9664
-22.5057
-6.6998
8.8012
1.7751
26.2695
30.8049
8.8623
22.9735
24.7741
-3.8695
-32.0605
-20.0230
9.9802
25.3009
18.4484
45.5931
33.6001
-3.3227
-10.3091
-27.6493
-22.9690
-49.1294
-24.3295
-41.1109
-30.7959
-60.5502
-53.4950
-61.1794
-55.6539
-19.3234
11.3746
9.7217
28.2475
26.7612
39.7276
45.7451
44.7019
32.5424
34.0908
20.2508
28.8957
20.7562
-10.9515
-3.7030
-15.6506
-34.0543
-42.6635
-55.2153
-21.4509
-17.6713
-24.6893
-25.3270
-7.6120
-0.9542
-8.6724
12.5520
38.8806
33.0361
14.9542
-21.2623
-34.6124
-46.2919
-56.7536
-60.4379
-74.2676
-48.6194
-54.2840
-40.1824
-43.9986
-59.2739
-66.6685
-78.7476
-75.8051
-66.2783
-55.6238
-41.4475
-60.9581
-39.4588
-27.3895
-45.3724
-36.3894
-30.9161
-3.6502
2.0107
5.5118
11.9401
28.0813
11.9485
19.0851
29.1465
4.7756
-34.6397
-36.9501
-27.8289
-5.4443
9.7502
34.6746
37.9464
59.2772
33.7253
26.0538
33.5744
52.1143
-6.5142
2.5701
11.6910
-8.9867
-21.1444
-1.9294
11.3480
27.9397
33.8861
33.7458
35.4481
22.9169
1.6715
-19.8892
-28.7255
-23.8490
-34.2804
-48.8089
-60.3470
-56.3320
-64.5173
-47.4919
-32.5568
-53.9655
-52.1931
-49.4854
-25.6385
-16.9579
-22.1052
-23.9264
4.0184
23.1188
28.9560
17.4474
23.4874
29.8121
39.5202
35.7170
31.3945
16.9323
45.7357
13.1585
-8.2469
12.7929
-4.2541
1.6848
3.0918
-35.1938
-30.4148
-18.4416
-29.4209
-54.2031
-80.7796
-88.1993
-97.2006
-88.9835
-84.9561
-63.8536
-83.6923
-84.5787
-101.6529
-83.4385
-86.4662
-65.4688
-66.6467
-61.4715
-75.6814
-71.5337
-52.2973
-75.0593
-50.9206
-38.7395
-53.1359
-46.9436
-22.8706
-5.1434
-20.4323
-5.3448
47.7274
25.4455
20.5661
28.2761
50.4273
43.4373
31.9004
6.2163
25.2735
30.3488
14.4476
21.0606
18.3251
11.0019
15.3174
18.3760
24.8253
7.6076
-23.2475
-35.2241
-51.3433
-30.2677
-38.3558
-57.9906
-70.4855
-75.6757
-60.9103
-81.1116
-48.4272
-45.5967
-31.9094
-40.5745
-52.2330
-30.4505
-16.9004
4.8779
3.7164
4.4987
-22.9013
-14.4525
6.8177
23.0424
25.7376
0.7372
21.9746
29.2460
22.9531
42.8635
32.1694
18.2654
13.5211
11.6055
1.9945
-12.4206
-18.7892
-17.2795
-37.8661
-32.9055
-11.3569
0.9512
-37.6548
-19.9192
-3.0775
-9.4306
15.1207
25.6850
8.7891
9.4296
14.2450
-0.9811
-17.4444
-18.4673
-47.1636
-56.6074
-49.6684
-37.9069
-44.9257
-71.0586
-78.0788
-63.8639
-51.4142
-50.4593
-32.4881
-49.6007
-42.1744
-62.3488
-39.7224
-49.5253
-47.7714
-51.1549
-36.6612
-39.7544
-42.7227
-50.8266
-52.9634
-62.4663
-56.9817
-33.5742
-13.6377
18.2158
10.2887
30.3068
25.2758
41.9830
58.0436
53.4912
50.8477
50.8674
13.5557
15.6897
15.4349
35.8022
21.1722
-16.8884
-18.8633
-30.2637
-39.4066
-56.9138
-55.0459
-59.5037
-72.1857
-79.9820
-62.6139
-76.6355
-51.2771
-82.7977
-65.1257
-61.3078
-54.5021
-44.8189
-65.8757
-64.9657
-57.7069
-35.0452
-18.0817
-2.4061
22.1862
36.2140
54.5401
28.1666
17.5085
24.5296
41.2560
21.0527
30.7630
17.2914
25.8159
13.6301
16.0655
25.3630
21.7019
-10.2351
-14.2635
-4.3972
-3.9783
20.5979
29.3882
20.9037
4.3256
-2.4894
-40.7946
-62.9931
-59.9973
-87.3661
-66.3119
-24.5871
-32.2561
-42.5095
-17.2433
-44.7575
-36.7739
-31.3108
-27.6345
-53.3231
-68.8587
-77.7360
-88.5558
-97.6691
-90.0369
-74.7623
-69.7617
-68.7484
-68.2193
-66.6650
-42.7076
-70.3654
-68.3293
-75.2429
-73.3816
-74.2029
-65.0024
-50.3262
-23.5551
-32.6843
-46.5490
-62.9368
-73.6453
-96.4502
-107.7389
-115.0134
-119.3986
-105.4345
-99.2144
-121.1867
-102.2421
-81.3532
-63.4120
-57.1615
-71.6360
-53.8349
-60.6475
-54.1507
-77.2013
-42.0246
-45.9728
-35.4692
-9.8645
-5.1088
27.8887
43.0209
33.7023
29.7053
11.4914
26.1703
27.5183
39.6089
17.4269
-6.0268
1.9671
-5.0641
-5.0449
-9.9386
-30.5788
-33.5312
-30.0763
-36.7354
-12.5087
-18.0527
-24.1358
-25.3985
-16.3177
-56.8216
-92.8758
-103.4774
-107.3973
-110.6525
-90.5154
-63.4648
-47.5937
-47.8545
-39.6519
-63.3577
-37.8593
-60.7455
-46.2564
-55.8023
-49.0019
-21.5432
-26.8510
-22.9632
-53.8277
-63.5252
-71.7675
-50.7780
-61.9915
-60.2147
-44.6602
-60.9694
-74.3038
-61.9965
-44.9554
-45.8299
-18.3426
-21.7028
-22.2067
-31.6105
-43.5042
-12.1340
-8.0417
-12.8384
-32.7136
-76.5997
-70.4891
-34.3179
-26.7951
-63.4398
-77.1252
-77.4814
-53.6658
-47.0495
-51.6301
-35.5049
-47.3480
-25.1122
-32.0799
-19.8317
-17.0926
-14.7212
-12.5190
3.4283
7.8884
9.5566
45.6668
45.2995
42.6396
44.3714
35.5439
35.9165
62.7670
45.6243
47.5773
37.3879
11.7603
28.5940
17.2917
36.7873
13.0080
8.3929
22.1821
3.8850
-13.8310
-43.9838
-18.0754
27.1538
22.4778
45.1168
44.9411
-6.8773
-27.4582
-40.5683
-26.1857
-59.5593
-28.8555
-22.8619
-46.6508
-54.8045
-44.8624
-51.0669
-48.6429
-23.7320
-8.7454
-36.2142
-29.6714
-31.5063
-41.4289
-25.0484
-49.7072
-53.0210
-32.5206
-32.1944
-32.0419
-40.9676
-45.7243
-50.7444
-38.2632
-65.4598
-49.2378
-45.8698
-35.6952
-12.9094
11.5652
20.1827
17.3471
28.2817
42.6706
67.5377
82.6257
64.5074
38.5976
-10.9563
-18.1469
-46.7841
-50.9223
-53.7613
-58.2646
-53.1888
-46.9024
-59.1327
-78.7201
-81.3764
-85.9490
-95.6273
-98.1074
-73.6642
-47.6998
-33.7482
-47.5392
-45.0526
-30.0293
-25.4736
-20.9968
-51.3487
-35.1550
-9.0770
-56.5626
-45.3869
-38.7450
-25.7902
-53.3138
-44.0521
-42.0483
-69.3774
-88.7500
-57.2600
-27.0672
13.0822
39.4040
54.9853
75.7917
52.7026
42.3929
35.6611
46.2465
15.9699
14.0470
39.6325
5.8986
14.8772
4.6004
30.6312
44.6590
47.0578
36.0580
48.4692
31.4594
2.5681
-12.9552
-14.5757
1.3388
11.5333
5.8912
-17.6428
-12.5226
-18.6749
-13.1287
-0.3895
-12.3208
-23.8212
-20.4371
-25.9770
-12.0057
-14.5765
-29.7668
-8.9986
24.6570
25.7199
14.7912
5.0562
20.3539
21.1948
40.9786
26.4885
14.8938
25.7907
13.4289
-11.6691
11.6974
8.7568
12.2259
-15.9024
-34.8460
-56.6620
-80.4992
-106.0645
-101.3733
-101.4140
-84.2429
-64.3380
-71.2459
-72.6657
-46.8661
-73.1627
-46.6769
-62.4549
-55.6453
-67.3475
-43.2535
-45.6544
-37.5771
-44.7987
-63.9206
-62.0619
-58.5667
-70.2800
-70.0515
-58.6218
-54.9419
-42.1314
-26.4696
-31.5758
-10.5537
31.6731
38.0261
39.6650
36.0931
60.0974
46.2137
43.3843
15.9358
35.1131
32.1154
42.8851
34.2937
13.7570
27.4162
24.3088
29.8420
9.2950
-9.8428
-30.5408
-35.2244
-68.1813
-62.2359
-71.4804
-55.9637
-89.6793
-78.4527
-67.7074
-103.7278
-77.1258
-72.8750
-43.3273
-37.4705
-57.3432
-60.3140
-34.2823
-14.7977
15.2189
19.1292
19.4055
28.2997
45.1315
49.6985
54.4926
29.7558
23.5320
36.6542
15.6542
12.6382
18.6211
4.8120
-38.6963
-34.6371
-49.9146
-66.8722
-53.9862
-55.7127
-79.3342
-77.7378
-63.8817
-34.4855
-58.8085
-71.4872
-61.3740
-66.5843
-49.0900
-46.4801
-87.3647
-45.8228
-42.3393
-22.1979
-66.4858
-37.6919
-24.2644
-59.0636
-46.0816
-33.3330
-25.3259
-39.6446
-34.7769
-18.1637
-32.3859
-30.2795
-11.3769
4.3838
-2.2782
-24.2284
5.4466
23.6872
4.2861
35.1202
41.1309
55.8339
57.2433
48.3265
27.7218
23.2052
14.1927
15.4138
35.0357
28.8722
29.9402
42.6429
29.7641
18.9951
15.7149
11.2388
22.9040
26.7931
19.1564
12.8955
19.0477
31.3941
22.8863
6.3084
-24.3299
-22.8631
-33.8890
-45.3668
-50.1994
-36.3125
-66.8323
-72.1345
-59.6893
-73.3934
-42.5567
-82.0812
-63.7514
-74.8844
-56.3937
-49.8434
-69.0842
-71.9182
-60.5489
-50.3610
-34.3276
-5.4119
20.3132
17.5981
31.1671
23.6457
32.8137
47.3362
29.9855
30.8391
32.0080
32.5718
27.4103
20.8828
22.2020
21.5233
14.9771
-14.7243
-26.7385
-18.3257
-27.2318
-27.9687
-12.0811
18.5085
0.7408
-15.7592
-48.4896
-70.9168
-66.6091
-83.0846
-73.2177
-66.0858
-64.3768
-89.5893
-67.8918
-83.4032
-65.1870
-49.3190
-35.2420
-40.5173
-51.1627
-60.5721
-60.7108
-75.3098
-72.4981
-74.3295
-52.3950
-33.4326
-57.4122
-51.2403
-30.3516
-36.4606
-15.7639
-33.7989
-21.6522
-21.4424
-56.1248
-36.9474
-33.1595
-24.9875
-49.9621
-70.5591
-63.3456
-73.2897
-76.7408
-84.8294
-92.3610
-89.3561
-99.5033
-118.2552
-110.2417
-90.4257
-55.8608
-18.5688
-24.5988
-44.2083
-36.0232
-42.7363
-46.7019
-37.3981
-45.5031
-23.3438
-25.9001
-22.8525
-2.1194
27.8844
51.2650
47.3070
38.7448
31.4979
43.5471
35.7685
28.1781
10.0243
0.6460
-28.0496
-14.3596
-16.6969
-25.8407
-40.5199
-18.7071
-16.9962
-30.8291
1.3893
22.4594
18.8078
10.9131
14.9472
-26.7155
-46.6907
-59.2927
-92.5133
-85.6310
-45.1833
-33.3839
-45.3457
-28.1342
-41.4127
-41.5920
-22.6108
-36.4125
-46.9752
-47.9725
-26.2700
-41.4341
-32.8568
-42.6037
-52.4940
-68.6117
-57.8323
-62.4104
-66.4576
-53.0355
-81.8236
-72.6815
-83.1751
-72.7861
-55.1567
-66.2560
-46.2295
-61.4889
-57.3407
-76.7410
-55.0531
-26.7297
-37.9248
-46.2209
-79.5622
-113.1608
-113.8375
-115.2277
-155.6023
-153.6243
-132.1539
-121.2189
-98.1365
-105.1704
-70.5014
-51.2364
-68.0812
-56.9528
-47.4018
-30.8826
-18.2313
-20.7232
-27.6817
-16.5959
8.3417
26.6323
50.3516
44.3183
39.9915
42.7839
7.2115
22.3909
34.3582
51.7044
-6.0739
19.5878
24.2312
6.6680
22.1635
34.4271
17.4386
9.0721
12.5593
2.4217
-12.6151
-38.8750
-25.9955
7.9007
16.5906
23.0167
6.4810
-21.1183
-28.5041
-36.2341
-30.0281
-43.1341
-36.9718
-31.8794
-20.4166
-33.2787
-45.5132
-52.1980
-66.6683
-64.3276
-60.8702
-55.3672
-61.1387
-57.0638
-32.0948
-16.4236
-38.6210
-49.9755
-25.2506
-23.9746
-9.8715
-18.9642
-36.0157
0.4764
-0.6274
3.5911
-14.3453
-39.3902
-28.0094
-1.5760
-7.0512
-32.5696
-28.4784
-28.5508
-19.6806
6.2973
61.9995
33.6544
14.8147
-18.5576
7.2426
-3.4227
-1.9898
16.8633
-19.8766
9.3544
2.0752
11.9021
-4.6471
-38.7377
-39.6576
-48.2700
-45.8054
-27.0309
-20.4204
-13.7335
-31.3001
-1.7968
5.8009
5.2458
14.3107
13.7961
19.2548
16.2832
8.7522
0.1545
18.6776
21.7987
4.3480
0.1617
-24.5091
-58.1067
-82.8571
-57.2059
-30.8670
-14.4606
0.1026
9.8672
34.7885
-16.7669
-34.0901
-54.0898
-28.7186
-57.1705
-38.5247
-49.2025
-59.3309
-83.7032
-69.4285
-45.9353
-33.5246
-17.0056
-2.1923
10.6880
25.8024
11.6230
23.2400
27.1077
35.0302
32.7134
25.2003
20.6127
29.5461
32.7049
27.4531
43.2334
28.7958
17.2972
-1.0181
26.6358
43.5439
38.0630
14.1253
36.5722
32.5656
45.7799
18.1888
32.5341
34.1158
25.7073
8.9632
1.5216
0.8643
0.0939
-13.3163
-22.3596
-27.0674
-22.1487
-31.6061
-41.7026
-57.7038
-68.6580
-81.4446
-84.6336
-80.2798
-79.6101
-71.6221
-64.2077
-75.7195
-73.1113
-49.3040
-78.0896
-60.6618
-75.0813
-45.9002
-39.3788
-43.8248
-34.2453
-13.0232
-40.1948
-41.9904
-56.1474
-92.1513
-107.5212
-91.4997
-82.9942
-75.1069
-45.3730
-18.4326
-23.0624
17.2034
35.0158
28.5411
32.9948
56.2910
21.9825
26.6565
26.9375
-2.3938
26.9744
43.1796
29.5871
36.8295
39.1979
47.9064
49.6197
17.5517
9.0760
-30.9586
-28.1431
-27.8833
-35.2874
-42.8081
-72.6646
-62.2238
-67.5529
-63.7049
-42.9604
-74.3154
-63.2667
-63.2050
-41.8303
-28.7601
-51.4317
-38.6842
2.4775
33.3758
45.6380
50.2089
40.9503
52.9133
54.6895
65.0219
35.5064
8.1620
23.8585
19.8955
-30.8258
-15.1608
-24.2871
-33.7515
-55.2129
-65.7308
-56.9087
-44.6224
-39.6668
-61.1212
-72.4393
-83.1852
-70.9805
-69.8407
-79.9390
-64.9589
-54.0525
-44.5437
-76.2316
-52.2131
-85.6981
-57.2185
-45.3578
-44.2055
-66.2696
-52.8133
-57.3744
-76.8450
-61.5657
-32.2274
-40.9042
-57.0346
-63.0112
-61.2392
-46.6778
-38.9564
-7.2602
-14.1864
-7.9404
-16.5424
15.3533
20.1236
30.6244
27.9142
47.3893
40.2074
42.1094
36.2800
31.6724
32.6963
22.4358
31.9881
40.5125
37.5112
19.3693
1.7660
2.2973
17.7977
17.6252
17.3097
17.6521
7.5909
-3.4969
-11.4658
-14.4739
-15.8206
-12.6443
-37.5894
-60.5880
-47.5556
-42.5689
-38.2785
-18.4727
-25.3038
-54.0437
-54.4325
-48.5599
-58.1409
-40.8815
-71.5291
-60.5850
-42.4729
-35.7617
-14.6385
-39.0839
-35.6770
-44.9872
-42.3949
-16.3339
20.5568
7.6924
27.5478
34.7337
19.8085
28.1481
37.2307
19.8327
13.9252
37.7258
41.8900
54.0187
43.4130
26.5258
4.4500
9.8562
-18.5095
-19.4166
-33.3197
-31.7387
4.3204
31.0496
18.4711
22.6026
-3.7668
-27.8619
-29.1005
-26.3016
-40.9047
-31.8797
-43.4842
-67.8223
-94.1483
-60.3085
-80.0685
-82.0459
-71.0526
-48.8510
-55.5776
-59.8754
-55.5500
-63.5379
-76.8221
-68.4884
-58.4290
-41.6307
-29.9370
-39.3148
-18.7769
1.6227
-8.7000
18.7755
14.6503
42.5410
48.7774
21.7565
47.7775
30.2892
39.4300
18.6280
-9.6695
-0.0436
-17.6489
-38.0927
-48.7779
-55.4597
-67.2669
-76.0988
-76.6983
-81.7095
-53.5113
-34.3156
-38.5238
-45.8907
-38.5012
-44.7426
-39.6559
-47.5647
-51.4855
-34.7889
-28.6673
-8.6651
11.0293
26.5679
34.4616
37.2420
20.8723
15.2779
27.4834
45.6017
32.5334
19.3658
-1.3366
-0.4919
-22.3190
-9.0194
9.2178
-11.0971
-22.1252
-13.7844
-22.6418
-14.3936
0.8112
12.1678
18.5077
-3.0605
-11.1092
-42.5866
-67.7425
-85.3782
-76.0618
-64.0171
-40.6520
-51.0262
-41.7094
-36.4703
-53.1471
-17.1065
-36.1459
-31.5243
-56.1969
-90.4922
-75.7884
-79.3634
-80.4504
-92.0602
-96.8484
-85.2341
-89.1449
-77.1949
-73.3119
-57.5466
-73.8325
-78.2086
-73.9183
-55.1504
-62.0259
-46.0837
-47.2589
-44.1530
-51.7169
-78.9327
-39.4020
-27.6286
-34.2736
-59.5423
-77.3139
-95.1945
-102.7377
-125.2128
-137.2150
-125.9687
-99.9547
-64.9757
-48.5306
-57.8438
-34.8059
-46.7289
-32.8608
-60.0028
-15.1627
4.7766
28.2537
55.2699
52.0504
47.3419
41.8489
27.0141
13.7767
5.2931
7.0177
-5.3318
-8.0553
-31.7788
-51.6291
-68.4533
-55.5023
-58.6577
-65.8059
-71.2014
-49.9616
-42.0960
-55.2858
-30.9755
-24.3626
-41.0461
-44.7554
-64.8814
-60.4141
-43.9957
-60.1445
-64.0317
-84.2832
-60.1460
-46.4690
-34.8635
-53.9484
-43.6731
-48.0314
-32.9773
-46.7080
-57.6017
-42.8132
-46.2998
-38.9408
-28.4244
-32.0208
-56.4851
-64.4092
-46.7629
-24.1938
-35.9829
-42.9609
-27.1640
-6.6886
16.9734
32.5256
23.5975
28.8312
59.6928
42.9868
43.3531
46.4547
47.8634
52.0300
26.8168
7.7309
-31.4520
-40.4754
-14.0093
14.5987
49.9470
26.1004
17.0601
-14.8915
-19.7698
-23.6333
-32.6215
-29.6112
-34.5370
-26.4330
0.8044
10.6968
-7.0112
-0.0346
-21.2436
-32.3081
-49.0414
-51.9165
-28.5313
-34.1018
-42.9196
-31.6769
-32.6169
-33.3734
1.9792
-8.5164
-2.4002
12.2716
-4.3377
22.0766
12.3002
37.3843
27.0593
24.8435
19.2790
-3.5906
-33.3218
-41.1364
-13.3032
16.8546
8.8830
18.6134
52.2199
-7.1413
-22.0535
-62.8211
-41.2480
-80.4953
-64.7489
-49.2102
-58.4658
-75.4364
-60.4465
-66.6971
-37.5445
-27.1141
-11.3010
-10.1076
-9.1599
-6.5692
-2.3121
11.7814
11.9979
16.8689
34.1410
26.3420
13.8537
16.3618
34.0053
14.1351
10.4298
-29.6990
-11.1372
-32.7774
0.2923
25.6523
18.1811
15.4697
41.0914
37.8330
35.3787
46.2101
47.7375
25.0830
15.0622
-11.7362
-7.2723
-16.5291
-11.8320
-40.6875
-25.1220
-31.6342
-23.3058
-38.0813
-36.9194
-42.4141
-65.5930
-82.7633
-66.4295
-62.7855
-54.2151
-42.8555
-63.4169
-58.9027
-41.3893
-53.6980
-43.7502
-40.9992
-37.6082
-29.7666
-58.0026
-55.5814
-33.1145
-21.4131
-42.9615
-50.7458
-73.6996
-109.4907
-106.0208
-93.8727
-68.9268
-49.6888
-30.6361
-28.6028
0.1540
30.7107
22.1546
36.1751
52.8484
31.0617
38.4911
51.5306
13.1703
39.0401
31.7159
41.3990
48.7928
39.8450
30.0712
39.7406
45.7815
22.8403
4.8552
-7.4029
10.1770
-3.0683
-7.8945
-16.0576
-17.9068
-41.3127
-26.3928
-18.5738
-52.1109
-41.0118
-33.4535
-28.7071
-4.6287
0.4552
-20.0544
-4.4049
26.6460
33.8253
7.0615
7.9552
22.8668
31.2919
44.5655
38.9741
22.0633
27.8908
47.7734
-0.6318
20.4208
1.0132
7.8226
-33.2809
-55.6831
-42.6580
-56.3077
-47.9701
-59.6977
-63.8991
-78.7557
-72.0241
-82.5323
-81.4626
-75.2706
-95.0739
-95.3260
-98.0819
-95.7612
-100.3864
-68.7828
-64.7554
-55.4175
-71.1507
-86.2808
-62.6538
-66.3584
-66.5266
-38.9550
-36.1114
-33.0827
-24.8841
-4.9982
-21.0981
-10.8447
24.9329
22.9750
36.6221
18.5872
59.7184
41.3432
25.1537
41.2465
27.2264
16.0027
18.8084
4.7644
2.1376
11.2308
18.9025
18.0102
35.8604
8.8316
9.3529
3.7006
-33.1734
-27.2767
-29.5160
-9.0231
-48.8406
-68.0110
-53.8644
-67.7743
-39.2954
-44.4252
-37.2407
-32.7295
-63.1802
-45.9531
-30.3646
-6.7891
11.2769
13.4100
9.5163
1.6693
24.2909
24.1937
45.1018
0.3652
4.5183
13.6028
10.9626
12.6948
24.4039
-0.7235
7.2672
17.5790
17.9175
-0.0307
-8.2593
-18.1192
-40.3332
-33.1684
-33.4533
-6.6774
-18.1325
-28.6706
-14.8331
-35.8099
-21.4101
6.4842
-19.7181
-9.6524
-21.4222
-31.2987
-53.9351
-40.0240
-48.9081
-39.9566
2.3325
17.3875
23.5269
5.9984
2.5320
5.0990
20.2202
10.8926
24.2532
15.0033
15.7611
-4.7576
5.3751
1.3429
-30.2245
-32.6777
-32.9214
-30.2107
-34.7136
-47.0906
-54.2655
-68.7386
-77.2095
-58.0117
-36.5671
-36.0043
-43.7841
-28.4904
-11.0634
-28.4358
-20.3199
-23.0956
-6.0119
14.3324
5.2354
23.1135
33.9049
30.5788
36.1286
9.1732
-12.0878
-2.7471
-14.0718
-28.3541
-32.5316
-44.7361
-66.9912
-72.7469
-65.2746
-86.8874
-72.4146
-90.2556
-83.2914
-79.1569
-80.0476
-67.5383
-78.9216
-65.0803
-53.4326
-32.1684
-19.9254
0.0156
10.1338
47.7458
46.0842
26.3428
33.8557
36.9739
40.9552
33.4728
39.3253
34.1183
30.0443
16.3464
19.4727
15.6976
5.7227
-7.8344
-14.5531
-10.9796
-2.6678
31.9107
35.7456
36.8632
30.3832
8.7400
-34.2371
-53.5691
-66.0902
-94.0270
-76.0842
-35.0855
-18.2330
-43.9067
-27.3004
-43.5193
-36.5173
-16.5932
-13.3641
-50.6344
-53.9013
-82.2279
-97.6404
-99.6745
-93.9308
-80.5446
-60.6694
-53.7500
-74.9856
-66.4591
-37.1843
-58.1932
-37.7286
-62.2374
-65.3710
-65.1309
-76.4557
-51.0915
-46.8641
-38.2830
-61.2024
-94.4965
-69.7119
-69.2352
-95.2381
-112.2283
-120.1092
-122.3143
-114.6051
-137.9754
-143.0544
-112.1711
-94.0710
-55.4132
-71.7147
-64.0804
-41.5246
-56.3844
-55.3234
-50.6056
-34.3760
-3.6134
2.6578
-7.3742
22.5156
46.7784
56.3963
47.2557
7.6444
-1.5505
5.7986
-18.6151
-7.6964
-31.8200
-9.3200
-30.7328
7.1470
-10.8886
-18.6069
-38.3859
-10.0305
-17.2004
-9.1376
14.1992
13.3317
8.2899
10.6478
-4.4167
-43.8413
-73.0515
-84.8419
-86.3370
-84.0728
-78.9858
-67.0160
-62.1913
-50.8545
-63.7021
-62.5960
-53.0458
-61.7980
-78.5514
-57.1508
-48.0375
-50.5093
-34.6724
-25.5907
-51.8385
-48.1266
-24.6966
-11.1804
-42.7723
-31.3199
-37.1123
-12.2242
4.5389
5.3618
17.5901
41.7811
53.0448
41.5098
23.7930
15.3275
18.6209
29.2245
14.6437
5.6627
-40.1416
-58.4319
-23.2353
8.3974
12.7347
-17.1234
-32.8071
-42.1960
-34.8991
-38.6005
-32.6505
-32.3925
-53.7147
-38.3993
-19.9911
-14.1267
-17.4382
-23.0658
-27.1699
-23.4770
-30.3697
-24.1923
-4.3106
12.1088
27.7048
32.1833
10.8153
21.7344
38.9968
38.8941
9.5459
26.7551
28.8882
10.0289
32.3341
36.1011
-0.3148
14.9115
0.5279
-22.4853
-47.0099
-49.0057
-10.8673
15.3472
13.6007
39.5251
15.6921
-28.8253
-28.2801
-39.4557
-34.7387
-47.7880
-17.6824
-40.5281
-36.2368
-64.1565
-50.7440
-65.2349
-59.7087
-29.3597
-14.3590
-21.8293
-16.2566
-33.5177
-20.8415
-20.7201
-15.6995
-30.3019
-11.2537
-10.6490
3.9064
-17.9364
-35.5008
-17.0918
-23.9702
-36.8984
-34.9546
-52.3453
-13.9532
-0.6427
5.4078
-1.2588
32.4290
32.6145
39.3008
58.7831
75.7471
51.2045
28.1287
6.8918
3.7711
-21.4750
-31.8519
-36.5715
-60.5985
-48.4249
-59.7788
-51.1190
-64.0469
-75.5741
-79.8196
-78.0926
-84.3189
-77.1698
-58.8812
-43.5198
-56.7558
-40.8530
-22.8153
-35.9189
-27.5574
-28.3052
-7.7818
2.5022
4.2880
15.7527
24.2107
12.7036
12.9577
28.0908
8.9597
-30.3545
-27.5968
-12.7577
19.4273
34.8903
55.1457
48.9202
64.4333
23.1850
22.2414
21.0511
34.1795
-17.5299
-11.5189
-11.1625
-26.5406
-39.1527
-12.7246
-15.2643
4.2859
24.3903
35.5438
43.0571
34.9124
7.0351
-13.1654
-15.4523
-3.9968
-9.4549
-28.1589
-50.5826
-43.0250
-43.8693
-36.7815
-17.6221
-36.9513
-38.0026
-32.7407
-16.6351
-0.3690
-15.5783
-18.3243
9.6513
25.9491
33.0656
14.4152
19.3717
31.0175
39.3920
33.0606
24.5486
4.0615
40.6560
14.4982
-7.0984
8.5677
-1.6558
5.1360
-5.7568
-43.8677
-36.0029
-28.2195
-51.8326
-71.3498
-87.6585
-87.2989
-90.1880
-78.2603
-70.1226
-46.4141
-73.6402
-65.2033
-80.3567
-60.4988
-61.6673
-49.6100
-64.0622
-48.2527
-65.0908
-57.1793
-39.5677
-52.9454
-25.9612
-26.8597
-37.0024
-44.8079
-8.1759
-0.0331
-6.7308
25.6335
74.7654
42.4999
36.1750
41.9833
48.5241
41.1016
34.6051
9.3647
32.9326
40.4734
25.7847
22.2598
13.6875
12.4720
21.4586
15.0076
15.9077
-27.3618
-53.8508
-51.1307
-63.3601
-61.8550
-83.4226
-97.9421
-100.7583
-98.8945
-94.4548
-101.9611
-64.3806
-62.2848
-39.4509
-40.0617
-50.8224
-44.5265
-29.6355
-16.6820
-7.7689
-2.1298
-22.1863
-4.3058
25.5603
44.4982
42.2170
23.0922
29.9345
29.2676
23.8546
38.4114
25.2694
14.2943
-18.3662
-28.2452
-45.8855
-55.4914
-60.5814
-63.2760
-78.4315
-57.6163
-30.6052
-23.7849
-58.6646
-35.2367
-16.2418
-13.2264
9.4403
22.5106
-3.7473
14.5779
29.4839
27.8043
13.1587
19.3576
2.1667
-16.1903
-10.1132
-4.1319
-10.9744
-33.0875
-43.3983
-43.5765
-40.4470
-46.9987
-30.7733
-49.1969
-48.3008
-62.5219
-45.9232
-49.1592
-48.2383
-40.7903
-27.7508
-20.2156
-17.6617
-22.2565
-34.3856
-52.2849
-59.3662
-25.0442
-19.5410
-12.4965
-17.8837
-1.0717
5.6435
22.2006
35.9163
45.4114
37.1126
48.3054
18.3780
20.5780
20.6825
35.9840
22.6028
-7.0431
-14.6283
-14.1717
-24.3127
-38.7934
-34.9016
-37.5656
-49.3126
-56.2754
-49.7536
-66.7765
-44.0405
-86.6493
-68.6555
-59.0605
-53.3520
-38.9047
-55.4504
-60.9049
-77.2009
-46.5018
-22.9829
-2.5813
16.5672
29.4825
50.5409
30.2542
20.5226
31.8620
51.0055
33.1835
33.5575
7.7083
29.1390
26.4793
25.8583
20.5984
7.4157
-27.4947
-33.0543
-14.1129
-27.4993
-6.6651
10.3440
14.8534
8.0460
3.6640
-34.4046
-57.3426
-50.3959
-74.6790
-65.3600
-28.4885
-53.1020
-63.2162
-29.0939
-58.9297
-47.2846
-39.4597
-33.6778
-52.3755
-67.3035
-65.0934
-67.0214
-73.8322
-75.3987
-78.3913
-72.1987
-69.8980
-84.9479
-74.8314
-59.7945
-73.3028
-70.4500
-77.3043
-75.3619
-69.7587
-65.2617
-50.6874
-35.0293
-31.6537
-45.6078
-61.9826
-67.0559
-79.0298
-92.3111
-106.3806
-111.0203
-91.6745
-103.2123
-129.0616
-120.1772
-90.6584
-65.7140
-53.2736
-68.1435
-49.9913
-51.3267
-39.8498
-58.3114
-36.1069
-40.2290
-41.4777
-9.7412
-3.2907
30.3870
55.2996
32.5927
34.7146
21.6107
34.4606
38.2347
51.7711
31.0138
15.3270
21.2497
21.5678
22.6831
24.4345
0.3969
6.6748
22.5620
24.4135
38.5525
31.6705
23.7080
27.4570
19.4814
-19.7562
-65.9569
-87.2547
-103.8240
-95.8773
-77.0945
-53.0905
-29.8052
-40.3041
-36.1067
-68.4961
-38.5491
-68.8341
-64.6779
-72.8223
-58.2784
-37.0038
-36.2708
-40.9652
-65.3850
-84.5762
-83.8646
-72.9952
-75.6952
-66.0702
-55.4612
-75.2924
-81.2581
-77.8805
-63.7663
-56.7147
-33.9730
-55.3813
-47.2206
-66.4231
-74.0849
-44.5474
-34.1984
-42.1269
-56.0094
-84.9031
-94.0513
-54.6957
-78.9492
-102.0243
-104.2111
-95.0762
-57.1958
-55.1147
-52.6797
-35.9433
-52.7632
-23.8264
-30.1826
-10.8214
5.4366
22.0515
40.0315
45.4630
41.7962
43.7497
55.4638
35.0211
27.6393
32.7474
15.6132
-1.7736
34.4331
22.7175
28.5916
29.1445
16.7805
18.1147
1.5226
31.0769
15.4757
11.6632
25.8209
12.3637
2.6528
-21.3785
-16.1018
15.7614
20.2758
31.9526
32.7140
-5.1853
-25.5814
-49.2888
-26.7838
-49.3134
-32.0125
-30.6518
-47.8965
-55.3045
-44.5485
-56.7518
-53.0307
-58.3001
-53.0412
-77.6816
-96.4686
-85.8641
-79.1917
-49.0851
-75.1028
-72.5014
-47.0491
-42.8703
-39.8620
-34.5457
-44.2067
-37.3269
-30.1911
-68.3020
-56.7813
-46.0800
-47.1352
-16.3929
0.8082
1.8864
-12.5439
10.6133
23.7554
59.4096
76.9880
63.8244
41.7001
-0.8522
2.9201
-7.7809
-14.5573
-22.5065
-42.0167
-45.8269
-35.5826
-39.2170
-63.5229
-75.7647
-81.7193
-86.8819
-96.1818
-66.0597
-41.0717
-33.5838
-41.7190
-28.8793
-19.3257
-5.7673
14.8901
-4.9672
4.3081
29.7698
-21.6674
-7.8692
11.9645
28.5263
3.8428
8.6037
6.0780
-16.8262
-57.4532
-43.0469
-17.8203
11.4846
20.6684
36.0156
53.8650
17.7901
3.9494
5.9819
17.2398
-0.8638
-21.1062
-3.7549
-34.8518
-30.3033
-36.5291
-16.3830
2.2866
1.0582
-8.0136
26.2831
24.7353
3.9586
8.1674
16.5889
21.7382
26.8484
16.8967
10.1867
33.0770
22.7826
35.4033
37.5825
18.5653
-2.0893
10.7151
-0.8574
15.4462
18.4322
3.3318
3.8494
32.3455
31.5109
18.8557
15.0528
29.8225
12.7840
23.4790
10.3951
-3.3292
10.9415
5.3767
-16.7161
-2.6635
-10.4956
0.8439
-29.5028
-42.3010
-56.8039
-80.3513
-100.5713
-92.1790
-88.6223
-79.3623
-55.2428
-74.1925
-68.9970
-48.9947
-80.9276
-52.9707
-67.4872
-54.4257
-60.1682
-53.7358
-43.1959
-34.7925
-41.3599
-71.5447
-74.8366
-58.0678
-76.0135
-74.1286
-61.8040
-51.9597
-33.2749
-9.8830
-7.4767
13.5447
57.2338
39.5795
43.5835
41.4430
60.3679
40.2157
42.0142
-4.7552
19.7161
21.4227
40.5153
42.3869
20.0620
27.3572
33.5754
30.7161
9.6739
-16.3146
-35.6155
-28.6059
-58.0422
-49.0311
-71.5320
-61.2821
-88.5365
-72.6818
-52.4530
-80.9189
-54.1276
-64.7218
-47.9291
-36.3853
-51.1411
-60.1568
-34.5357
-8.7429
29.5046
35.3900
40.3627
45.4063
59.2585
57.4697
45.6907
22.6176
16.9822
36.0806
1.2758
-18.3419
-15.7645
-34.3482
-69.2053
-58.0866
-61.2259
-70.4439
-51.0928
-53.5458
-72.2671
-71.5883
-53.1091
-30.7616
-55.5521
-57.7128
-60.8399
-54.8907
-38.9925
-47.9037
-82.6512
-41.8697
-38.6358
-24.2163
-73.7059
-48.8013
-39.7571
-66.4348
-52.1761
-32.4161
-41.3477
-48.3419
-52.2766
-39.5655
-45.0980
-35.4629
-9.4561
10.4610
7.8317
-1.0914
38.9243
44.0323
20.5295
39.1644
42.1552
59.4629
47.4605
43.7683
28.3884
28.4351
27.4146
21.2569
38.7254
34.4960
37.2164
49.4514
22.0695
21.9433
15.7776
15.4452
29.3693
29.9529
21.6871
14.0217
19.0632
7.6189
14.8287
4.0705
-50.8946
-52.5409
-50.4268
-46.4866
-44.6947
-36.1908
-67.0491
-72.0577
-54.0288
-63.4325
-34.2567
-74.3235
-58.5764
-65.5361
-43.5314
-33.8704
-50.1647
-72.5653
-50.0902
-42.0899
-15.7728
30.8164
39.0755
26.6097
37.2016
31.8747
36.2721
52.8049
35.7848
24.4153
30.3523
34.0938
36.4153
29.9376
22.2117
29.1934
19.9684
-4.3787
-17.8870
-17.0232
-20.8750
-11.6654
18.7719
36.8714
14.7635
-14.3948
-42.7794
-56.7201
-45.9809
-62.8347
-47.5313
-52.7505
-64.3759
-94.5042
-71.9759
-80.9546
-74.3731
-78.3179
-54.3107
-51.5785
-59.6727
-79.0541
-81.9070
-87.1009
-76.0751
-65.9679
-56.8467
-43.5408
-66.0596
-47.3438
-20.1402
-38.5667
-12.0790
-28.5953
-15.7646
-2.5371
-24.6702
-7.1664
16.6659
19.3506
7.9067
-9.9127
1.3145
4.9427
2.8074
-1.9809
-18.6352
-27.2482
-42.3259
-70.1438
-68.9673
-66.2202
-41.4199
-13.3291
-21.5302
-37.8938
-32.2505
-35.3514
-36.3259
-23.3946
-33.6168
0.4887
7.8054
22.4909
35.6046
56.4139
61.5477
36.2372
13.8571
12.3960
31.2147
33.2500
20.8076
5.1107
-2.4885
-33.4621
-20.5354
-25.5821
-23.7090
-28.1072
-8.7194
-6.7165
-12.5535
21.6189
21.8358
14.6856
14.8278
-10.5331
-49.1679
-64.4925
-78.0536
-101.2495
-91.4463
-54.4458
-46.2133
-54.7992
-41.2916
-46.1835
-51.0177
-30.7458
-31.9520
-48.6475
-49.8003
-44.0184
-56.6050
-51.3854
-58.0490
-59.7499
-68.6212
-68.1393
-70.3532
-72.7651
-63.7345
-85.4572
-80.9184
-89.6884
-72.4153
-65.0994
-79.8435
-51.6719
-71.2536
-65.3127
-95.3686
-76.4942
-45.4593
-43.1944
-67.7183
-92.7709
-113.2441
-119.2814
-125.5486
-159.2680
-162.9869
-134.6492
-129.1750
-93.9170
-101.7348
-67.1733
-42.4332
-48.5999
-44.4318
-35.7885
-18.1651
7.1625
21.6230
9.7459
27.7727
45.7276
47.2256
41.3821
27.2047
19.7803
14.7448
-15.4571
-18.3253
-9.7865
-1.4134
-47.9735
-24.8688
-28.7124
-41.0082
-26.5900
-4.8436
-4.0178
-12.6981
6.1511
8.3021
-5.1731
-15.1383
-17.6073
21.0976
20.0444
24.4560
11.2668
-18.6389
-10.6236
-17.4555
-20.8439
-28.7036
-29.3751
-34.8469
-33.9644
-38.5950
-48.8193
-43.1871
-47.6253
-53.5084
-46.0632
-42.6724
-60.7028
-55.5879
-19.0528
6.9313
-24.3793
-26.3501
0.4382
15.5609
44.7062
31.5263
16.7899
31.5156
26.5712
33.3791
17.6233
-1.0802
16.6971
4.6230
-7.9742
-38.0592
-40.9283
-36.3710
-24.4645
-3.5517
39.5085
4.3320
-26.3234
-51.4092
-18.5059
-24.4488
-32.5797
-26.0601
-62.2689
-35.4983
-36.4985
-25.7144
-38.9874
-58.4474
-49.0106
-48.6034
-50.1174
-23.1279
-7.1733
19.0510
11.0153
46.1990
48.0231
35.4517
39.5118
31.5230
31.1013
22.6878
19.0454
0.7318
22.9017
21.9905
-4.1292
-5.8745
-26.3863
-59.7082
-84.4166
-57.4640
-37.1725
-9.0643
6.0447
15.7570
25.7577
-32.5013
-48.1851
-70.5258
-58.5772
-79.9080
-45.5481
-48.7918
-53.5453
-88.3625
-84.1613
-51.5019
-54.4911
-41.4934
-25.6189
-31.1444
-15.8405
-39.7951
-49.1130
-39.9594
-25.4190
-35.7871
-46.9840
-53.5585
-39.2569
-29.9523
-42.7875
-24.6681
-36.7905
-42.2333
-60.5931
-20.1907
15.9098
27.1111
30.6986
56.1533
68.0276
75.6761
56.8916
70.9977
70.9963
49.4305
27.1441
8.0356
25.4787
23.7258
9.6418
5.6766
6.5326
17.1950
11.5438
14.7531
-13.3499
-24.0776
-54.2461
-64.4374
-71.0960
-62.0496
-53.0021
-54.6620
-73.3370
-65.9773
-43.8506
-74.6507
-58.6311
-67.7471
-45.2305
-50.9779
-64.9008
-52.7451
-25.5413
-40.9118
-37.2978
-52.0967
-83.2801
-99.9022
-84.9831
-71.5077
-65.0381
-41.7649
-27.6743
-20.8120
-1.2768
21.0748
17.1879
24.9673
51.5180
24.2239
28.8511
23.8427
8.2844
15.2521
30.2716
20.1581
37.6692
44.6670
47.9886
52.2128
25.4489
15.3403
-17.5140
-13.8867
-8.0926
-24.5811
-27.9729
-56.4166
-39.1244
-44.0131
-40.4523
-29.6097
-58.5254
-51.9903
-54.9250
-29.4674
-17.3697
-48.0918
-36.5060
-3.9658
25.3694
32.3708
14.5727
-0.7515
18.6020
38.7877
55.5704
35.2496
20.1460
42.5144
41.8753
-5.7440
8.7961
11.3908
12.5976
-9.7031
-34.6460
-37.6812
-36.7114
-23.6794
-58.2671
-77.3026
-81.5727
-75.7438
-68.2935
-73.9685
-55.3509
-53.1587
-71.4540
-93.0466
-60.5184
-86.8126
-57.8676
-67.9332
-57.2878
-76.4875
-71.1618
-61.5283
-80.9239
-58.9134
-29.8846
-32.8259
-38.6336
-41.1568
-36.3806
-24.3632
-17.8723
19.7016
16.6104
27.4845
29.1097
47.1832
43.5275
36.4842
36.9097
43.1192
29.1173
21.4382
12.7163
8.8478
8.1051
-3.8530
15.6459
25.2632
18.2522
10.2687
0.3916
0.3043
27.6750
30.1720
24.5904
23.0573
12.5984
1.8714
-5.6294
-1.0244
-12.7264
-2.1589
-26.5416
-41.8906
-27.9839
-32.0521
-24.6710
-24.3369
-25.6635
-49.7808
-40.6839
-32.1194
-34.4061
-36.7759
-69.4225
-54.1969
-43.7214
-53.0548
-36.8757
-47.6543
-54.1063
-54.5410
-50.7439
-41.7426
-29.5823
-48.4738
-38.9871
-44.6956
-65.2071
-54.0250
-32.9177
-63.8044
-53.7281
-46.3089
-41.0032
-28.7228
-26.8718
-51.6631
-51.9586
-40.1052
-57.1397
-56.3770
-64.5408
-57.2653
-12.8418
28.8734
31.7951
39.4036
25.6934
22.4902
31.6473
34.1615
19.5303
37.2808
23.2773
5.4468
-35.4743
2.8474
-14.8177
-35.3003
-45.0268
-28.6486
-39.7988
-42.1869
-53.1888
-62.4867
-80.8252
-66.3154
-56.4523
-40.8532
-23.9990
-40.8988
-15.1209
-3.0187
-17.1292
1.3892
4.4257
35.8518
35.2291
10.4168
35.3911
22.1799
30.1964
22.9290
-1.9089
-9.8847
-21.3241
-46.3380
-54.6408
-66.8916
-87.5693
-86.5547
-96.3363
-85.9986
-76.7405
-42.0620
-61.6189
-64.2343
-52.9304
-50.6667
-38.3862
-51.1034
-53.9404
-47.3802
-40.7246
-20.5501
-4.2970
12.8519
21.7091
32.6315
20.2831
23.4032
30.7101
46.0671
39.9773
36.4258
20.3916
32.9175
13.8068
30.7714
43.1900
19.6763
11.2919
25.8447
25.0002
37.8448
50.6253
44.1944
35.6261
2.1752
-16.9680
-60.9167
-77.1247
-97.2678
-93.0659
-66.2613
-32.7304
-52.0928
-53.7963
-47.5743
-68.1664
-30.6539
-38.7950
-34.6315
-69.3331
-96.1844
-97.0395
-116.3951
-115.6979
-115.8646
-111.4097
-86.5905
-84.5963
-83.6451
-67.7747
-52.1827
-63.2945
-63.4703
-66.6930
-59.6053
-59.7502
-43.4725
-44.4976
-29.9625
-49.9232
-71.9756
-60.4379
-46.0704
-52.2008
-74.7270
-84.3752
-89.6481
-97.0761
-114.2112
-132.2345
-109.2600
-84.2992
-50.5975
-41.2730
-45.4501
-29.3602
-47.2279
-39.2919
-65.5443
-25.6999
-10.4325
18.2989
53.2486
50.9134
57.1891
49.4952
31.4431
17.4253
9.0731
11.2242
11.0241
13.0202
-1.2029
-9.5254
-14.2552
-4.7552
-14.7057
-23.5279
-38.0591
-28.6935
-18.4788
-34.8568
-14.0865
-21.6935
-34.8613
-35.6888
-47.5095
-80.1784
-104.0063
-113.6486
-101.8057
-104.3526
-82.3815
-70.7683
-60.3200
-75.1302
-61.5858
-79.8622
-48.7714
-66.1282
-68.7290
-46.1419
-42.8089
-35.4648
-29.9140
-33.4347
-57.4296
-70.4299
-52.1561
-28.8452
-35.0698
-30.4236
-32.9215
-19.4191
-13.8333
-9.9724
-15.5250
-10.9559
11.9933
8.5017
3.3358
12.8497
20.7398
36.2214
28.1924
27.9269
4.8373
-24.8108
14.2769
55.0265
71.2906
33.2598
30.8846
-5.6377
-7.5879
0.2433
1.7687
1.9707
-4.0430
1.4697
13.8531
17.1612
-3.1834
2.3072
-19.5270
-19.3253
-43.8103
-47.8591
-20.2453
-33.0181
-31.4520
-22.5933
-36.2311
-36.7438
-19.8260
-40.4908
-26.9878
-27.1701
-43.3835
-21.5513
-27.6653
-16.2937
-28.6341
-29.9442
-38.8877
-49.2938
-71.1996
-74.6790
-32.4483
1.5521
-12.8827
5.6811
48.6979
8.8419
12.3776
-6.2449
27.5641
-7.7423
2.0566
25.6587
12.9184
2.5824
13.8207
-15.5663
3.4814
20.1000
45.8135
24.2066
28.6767
17.5279
24.7781
38.9142
21.9502
10.3953
27.0628
18.7489
11.4478
-2.7982
-8.2285
-33.9225
-38.3503
-71.5716
-51.2856
-71.0045
-47.8736
-32.2643
-36.5177
-35.3199
-19.8259
-13.8091
-9.0825
2.0907
33.6763
28.8524
24.5384
-8.0747
-29.0945
-40.3675
-35.4677
-56.7171
-46.4872
-46.8720
-26.9884
-42.6683
-42.6555
-44.7768
-64.9299
-86.8073
-74.3392
-68.4186
-69.2949
-42.9633
-62.2482
-51.0626
-27.7378
-50.8606
-34.9922
-31.4810
-21.7539
4.2461
-10.0365
8.7330
32.0967
28.8981
11.3298
13.0082
2.3034
-35.8238
-50.6688
-42.8199
-26.9669
-1.5887
7.5814
23.5980
47.7012
51.0762
23.8979
34.2018
47.9664
8.6109
4.7811
16.3562
-14.4138
-5.5496
-21.4682
6.7899
23.6286
28.9971
23.8041
32.3001
32.5644
2.9922
-12.4264
-32.0903
-22.0808
-42.8720
-51.4396
-59.9494
-57.1911
-70.0774
-51.5672
-37.4185
-60.4788
-51.7244
-45.2483
-31.1500
-22.8437
-12.8731
-25.5606
-0.5228
23.7266
31.1077
20.4322
23.2712
38.0520
32.9114
54.2983
40.2372
13.9024
26.1570
33.4538
-19.4391
13.6639
-2.6731
13.2028
-11.7922
-31.4880
-23.9946
-29.8321
-24.8651
-39.3594
-54.1315
-60.5928
-68.6594
-79.8545
-84.1727
-77.0056
-85.4169
-81.4058
-97.1850
-101.1885
-93.8666
-74.5689
-74.5488
-57.7251
-83.6542
-96.9089
-60.4636
-70.0375
-80.8477
-57.1284
-52.4879
-53.0127
-30.7995
-4.2515
-31.8176
-23.1886
16.9808
17.7365
16.2218
9.0190
51.2223
43.1666
28.6193
30.9043
32.3796
28.2765
28.9837
16.5710
4.2009
25.5389
31.9637
28.5191
40.1586
22.2913
10.8698
11.7462
-30.5293
-30.7125
-44.8667
-29.6837
-70.7166
-73.7547
-62.9716
-91.2573
-52.2651
-48.6995
-29.2056
-36.1675
-60.3152
-43.5367
-21.7434
-9.2389
8.4821
-9.8355
-37.3796
-39.6112
-26.9766
-29.3513
4.0332
-25.9053
-20.5436
-6.8646
-10.4841
-9.8873
14.2732
0.9581
1.6518
11.6310
11.3104
-1.6786
1.4567
-0.6070
-17.3852
-14.3810
0.8971
22.2553
15.4338
10.1421
36.0386
15.2465
40.6498
49.7825
15.0973
30.2826
24.0572
12.2934
-26.4518
-7.2204
-18.1195
-66.0012
-46.4225
-42.8813
-37.5420
-58.6272
-71.9186
-70.2767
-52.7791
-49.5989
-31.3001
-34.4989
-33.9357
-53.0258
-38.6322
-37.1782
-55.8892
-39.1963
-35.4229
-34.2232
-34.5075
-48.2229
-47.6336
-50.5996
-56.5267
-38.8876
-11.4448
-8.1959
-1.3541
9.2367
32.6447
27.9935
48.7564
39.6836
54.0121
52.7827
27.7365
21.6669
22.8773
28.2912
30.1239
-5.1737
-24.6620
-26.6804
-28.8134
-48.2523
-49.0219
-47.9474
-70.3262
-76.2312
-68.5569
-84.1928
-63.9974
-77.7255
-71.5617
-64.0939
-56.4645
-47.6525
-73.3841
-60.3585
-55.6400
-28.2917
-28.5919
-5.2592
15.4191
51.1248
52.1452
22.6802
22.9105
28.6449
30.6936
25.7917
28.0362
32.0269
18.5255
8.4384
12.4918
10.0925
12.6820
-6.2641
-18.9092
-15.7455
-28.1297
-14.4294
2.9781
17.2581
16.4447
-2.0780
-31.6462
-54.0295
-65.2288
-88.0377
-75.7314
-50.1136
-30.8277
-48.0322
-34.4794
-48.3469
-45.6774
-23.6273
-24.8972
-54.4836
-50.2443
-73.6687
-95.3959
-110.1076
-107.7596
-80.5699
-71.7671
-63.3417
-77.0518
-73.1009
-42.7555
-57.1344
-47.7052
-76.4330
-71.6865
-64.4841
-69.8988
-51.1922
-35.2552
-27.3133
-50.7624
-79.8128
-73.6002
-88.4291
-111.6586
-114.6176
-116.1276
-112.5054
-93.9970
-113.8131
-116.5645
-89.0549
-68.4031
-43.4428
-66.6169
-64.7963
-47.1728
-61.1050
-59.1376
-48.2596
-49.1597
-18.8931
-10.7864
-10.5699
21.5894
43.0292
61.3343
57.9171
29.2894
31.1845
36.4001
16.7134
34.8685
-4.3273
20.9793
2.8964
22.6402
2.4269
-12.6570
-28.9893
3.2948
-3.2694
10.9078
35.0414
27.7593
18.7181
24.9209
1.8402
-51.8861
-84.2927
-82.4554
-94.2301
-89.7626
-72.5842
-51.2028
-49.9366
-36.4440
-57.7653
-58.2194
-44.1612
-54.9627
-67.7953
-58.5446
-49.2616
-57.9230
-41.7494
-50.2349
-62.2115
-68.4325
-64.3866
-47.7948
-81.1428
-59.1730
-72.9178
-50.3282
-53.1320
-46.0503
-48.1071
-28.9010
-4.7287
-5.9451
-7.4718
-16.4324
-8.7983
10.3858
17.2701
14.9306
-18.8000
-59.2657
-32.4008
3.1928
-27.6681
-54.0241
-66.7583
-56.6980
-39.0569
-55.5169
-44.3818
-33.7545
-57.3758
-45.2049
-40.0789
-31.1647
-36.5396
-38.9213
-38.4678
-18.3777
-15.2491
-5.2505
18.3669
38.4218
45.5944
41.6220
26.2279
39.2756
56.4386
59.7236
18.0710
23.0392
28.2972
11.0676
27.4935
24.7139
2.8000
28.5083
11.0202
2.1691
-16.6304
-31.2204
6.5898
38.1361
32.7434
46.6570
12.9878
-33.6570
-33.5230
-39.0493
-40.0263
-61.5400
-30.1095
-47.0703
-36.8486
-59.7569
-52.8934
-61.6229
-65.8572
-23.3098
-21.3939
-27.9569
-21.9327
-38.3945
-24.2382
-17.2170
-34.8338
-35.6995
-22.6678
-31.1219
-13.2042
-24.0037
-51.6115
-35.1395
-51.4214
-47.8237
-43.1489
-63.8768
-29.0380
-4.6298
9.5026
-0.5049
35.1710
46.5819
55.4945
75.1083
87.9903
49.6365
26.3641
-13.1034
-20.2412
-51.1495
-54.6827
-42.7451
-74.4565
-47.8612
-64.3739
-65.3157
-80.2111
-87.6519
-89.8771
-80.4900
-75.2764
-64.4387
-43.1484
-30.0651
-45.6515
-30.4647
-23.9469
-42.5220
-45.3044
-32.2015
-17.9048
-37.5037
-48.8841
-42.1769
-31.0449
-39.4117
-36.6760
-25.1223
-46.1414
-68.2461
-67.9495
-40.6198
-9.2228
28.6588
64.0616
68.9776
81.7064
36.6179
41.1155
40.1387
46.9018
6.1725
25.9679
16.1456
13.0174
6.0944
36.0196
26.0101
47.8151
40.9682
47.7723
36.9257
34.6451
4.8792
-16.7912
-7.4985
18.3897
20.3577
4.2154
-14.7722
0.6120
-11.4780
-0.7506
13.2837
-2.9647
-7.3690
-18.0447
-12.2784
-5.9620
-13.6659
-19.9024
8.9905
15.4349
27.1885
-1.1232
-5.6157
18.9925
18.3926
21.3303
12.3887
0.9175
30.6480
-4.6564
-17.4725
1.0010
-12.6907
-23.0321
-27.9703
-66.5624
-61.1021
-72.7448
-88.8449
-98.5752
-97.6373
-88.8259
-80.1608
-64.0494
-63.6855
-46.4175
-67.5718
-54.4269
-76.5355
-63.4023
-52.6309
-42.0219
-51.6354
-31.1731
-61.9243
-53.7699
-52.0749
-57.8522
-46.4333
-50.2888
-51.8871
-46.1698
-33.6872
-19.9728
-30.2074
4.2612
47.3208
36.8829
38.8049
51.6190
47.3057
46.4033
37.7218
13.5412
37.4079
43.5834
22.8572
26.5197
23.5108
25.8098
11.8203
-3.0150
0.6300
-35.0790
-58.4851
-47.7751
-64.7350
-62.5007
-78.7471
-89.3131
-89.7290
-85.4506
-78.6406
-105.5834
-77.6107
-67.0210
-47.9030
-41.2099
-68.4355
-53.4111
-31.1400
-16.9842
-6.8030
7.9933
6.4403
25.1309
47.9606
51.1659
49.7999
25.3358
29.1200
26.5155
14.7247
29.2607
21.8842
10.8287
-16.6991
-27.6569
-45.5255
-44.6480
-41.5327
-64.5847
-79.4287
-64.1770
-41.3273
-34.6746
-68.1545
-53.9837
-38.6900
-44.1921
-48.8912
-35.6179
-59.8550
-39.0587
-20.6093
-21.9279
-36.0802
-25.4570
-48.1675
-66.3089
-43.1300
-27.8065
-31.5535
-46.5986
-45.6063
-48.4084
-41.6486
-45.4728
-25.7307
-41.3986
-49.9840
-51.5151
-33.9970
-31.2080
-36.3072
-28.4231
-16.7685
3.9687
22.5164
20.0239
22.0644
21.1839
9.6291
38.4146
33.2876
42.0278
38.1372
29.3103
29.4053
24.5768
23.6386
26.2038
16.2976
34.6809
9.5952
16.2726
20.5753
25.9344
18.8422
-0.4834
-15.4978
-22.8646
-34.0275
-53.2112
-46.3636
-41.9884
-73.7994
-86.5692
-62.7058
-70.9805
-47.9119
-88.5091
-75.5072
-69.5505
-67.4272
-44.8238
-64.7917
-63.2347
-73.0936
-47.9966
-24.1546
4.2835
11.5708
31.6107
38.3950
32.1649
32.1896
34.3210
44.9863
18.5837
33.8471
17.8190
34.6611
25.3042
25.1258
18.0773
10.4268
-23.9155
-35.4035
-23.5599
-42.8601
-22.0023
-1.8065
-0.1122
2.4966
-22.8228
-67.3683
-76.3665
-74.5457
-86.9428
-79.9944
-43.8082
-79.3320
-82.1316
-53.3931
-77.6549
-50.5369
-35.4875
-23.2054
-37.2199
-59.1583
-52.8609
-51.3611
-77.2823
-72.4614
-69.8990
-53.6905
-42.7181
-56.3429
-44.7366
-39.5950
-44.8074
-33.5991
-34.5006
-31.6822
-48.9529
-53.4696
-40.2355
-31.8357
-34.7609
-48.3615
-58.7696
-58.4398
-65.5389
-85.8687
-95.4274
-101.7754
-106.9222
-105.3221
-119.7663
-111.9822
-72.1190
-37.7578
-26.0689
-36.1014
-32.2079
-34.1265
-29.7218
-37.5804
-16.7225
-21.2675
-12.2731
15.1195
28.4440
48.5088
63.1881
39.0249
40.3051
27.4477
30.4417
32.2989
35.2293
15.5575
4.8193
-6.6112
-16.6882
-7.1555
-12.6091
-33.9561
-37.1679
-22.2389
-17.7058
-12.2176
1.3947
13.0352
4.1146
4.9180
-15.9088
-54.7063
-67.4723
-83.5885
-74.1065
-53.7780
-28.4010
-29.9698
-27.8800
-22.5938
-50.4162
-16.8484
-36.0429
-31.3286
-55.7936
-38.4621
-19.5908
-21.3566
-38.6323
-52.4084
-68.3167
-69.6241
-77.5457
-73.6334
-64.5003
-60.3852
-79.5449
-90.8901
-74.3856
-65.9230
-58.6545
-40.6228
-55.6373
-58.4537
-75.9303
-76.1491
-34.8738
-25.2702
-39.1964
-75.7754
-101.8723
-119.9401
-115.9133
-144.2393
-159.0829
-143.0302
-134.7129
-103.6001
-100.5849
-86.0849
-59.2672
-73.3470
-41.5231
-51.4618
-30.9969
-15.6715
-16.8593
-0.3178
6.0076
20.2871
33.9359
54.8772
38.6745
34.9436
38.1260
21.1163
15.3137
40.3538
30.1494
23.6638
32.2002
20.6159
10.5383
8.1830
33.3328
23.6519
-3.1878
9.4316
0.4206
-15.5971
-38.1299
-37.7614
-12.2672
4.4474
25.0840
18.9149
-14.9064
-27.3185
-48.6615
-24.6956
-55.0460
-40.2373
-29.6210
-45.7111
-46.9252
-54.4956
-58.8845
-48.8720
-54.6253
-50.2836
-64.1896
-85.5057
-65.8173
-51.5194
-19.8864
-47.0734
-54.5447
-31.1624
-22.3853
-20.9870
-20.8256
-42.5485
-24.6526
-3.1482
-28.0554
-37.1514
-35.0996
-32.4525
-8.4688
20.2856
-3.6259
-30.9698
-5.2573
13.0348
42.2578
75.6924
62.4662
46.4620
-1.3272
16.1513
6.2829
0.9767
-3.2527
-25.0419
-21.7066
-7.5294
-14.5439
-47.9959
-58.4726
-73.3043
-74.5034
-91.7626
-57.2149
-40.2678
-39.5151
-47.9933
-34.3550
-26.4580
-29.3815
-7.6820
-33.7591
-31.3327
0.1648
-42.1248
-27.7899
-29.0980
-4.8985
-27.6077
-38.7416
-43.9584
-60.5131
-91.5921
-68.2184
-41.6601
-11.2040
-13.2531
13.4239
49.6286
11.7021
-2.3954
-29.2159
-6.6163
-20.0327
-29.9913
-14.3255
-52.4996
-53.1575
-57.3080
-36.0461
-1.2115
9.3384
8.4790
51.9458
41.4345
19.0437
25.8140
29.0870
28.6024
34.5366
25.4192
18.8531
41.9804
36.2536
45.3123
32.1720
21.8825
1.9747
15.9661
-0.4319
27.9914
29.1128
18.6916
10.7321
42.6000
37.1544
27.4010
26.6086
42.1124
21.0270
18.7056
-0.2816
-2.5690
5.0434
-7.2614
-30.4328
-8.9649
-22.2693
-28.8924
-50.4750
-62.3084
-71.9942
-90.3517
-112.3590
-95.4767
-91.1942
-81.0729
-61.6391
-84.8024
-83.3139
-54.6421
-85.4392
-62.0609
-74.5763
-48.7614
-43.8612
-39.6155
-41.7051
-27.6020
-22.1715
-54.3890
-70.8093
-88.1840
-129.2290
-118.6771
-99.6050
-89.7189
-70.9498
-40.1171
-44.4385
-22.7143
29.3884
13.2470
27.3137
40.5066
43.6708
38.9347
54.9616
8.0239
46.6129
37.6950
44.3518
56.6980
36.9271
39.6331
52.1965
47.9970
24.6796
-6.2075
-26.8465
-39.2625
-55.5006
-41.9616
-71.5358
-55.4982
-90.7221
-74.3749
-47.8812
-76.8710
-55.6087
-60.0702
-43.7626
-21.2220
-37.4088
-48.4806
-23.8539
5.5640
35.5056
37.0255
45.4772
43.8862
48.4462
45.7314
42.4656
20.6816
21.2401
35.1130
-5.2892
-12.1977
-14.7106
-27.3096
-57.8757
-48.9303
-43.4689
-56.4694
-40.6425
-56.3004
-69.4498
-69.8085
-50.4995
-39.2151
-67.3048
-62.1457
-69.7680
-56.2415
-46.3505
-52.9768
-87.1551
-51.0063
-46.8261
-31.4839
-74.3320
-54.7244
-44.8044
-70.8005
-66.7584
-39.5483
-48.3548
-48.7382
-58.3720
-54.9982
-58.5769
-52.8875
-26.9236
-14.6229
-19.5021
-29.2742
-0.0918
4.1000
-11.3815
17.6361
31.6725
37.5205
37.3292
38.4622
39.7815
45.4256
41.3707
34.6301
46.5331
39.9228
40.2350
36.2608
3.2974
8.3191
13.1235
21.8144
26.5551
19.2228
14.9416
15.5229
16.6279
-4.3813
11.4150
3.2268
-44.7659
-36.8193
-32.3769
-36.1505
-30.5510
-24.7829
-62.2474
-69.0368
-52.4244
-62.2023
-33.4224
-72.5073
-66.8874
-61.0615
-33.7741
-20.0051
-23.4788
-45.2989
-32.8989
-28.1010
-14.1122
11.6838
24.7283
14.9391
23.0029
16.7212
16.7277
29.7139
9.9073
13.1048
29.1237
45.0544
54.7516
49.1349
30.8788
30.9949
22.4153
-0.9585
-7.1494
-10.1984
-13.3724
-3.7217
33.2738
37.5061
19.8034
-10.5402
-28.2006
-41.0660
-39.6116
-53.4102
-35.8927
-49.1262
-51.2867
-83.9310
-67.6563
-88.5430
-84.9518
-81.0786
-60.4811
-45.6519
-60.0324
-79.0171
-76.2751
-76.7106
-56.3233
-55.0277
-42.1367
-18.2925
-37.2431
-27.4784
8.8689
9.5637
35.8766
13.1444
37.4318
57.1681
27.7688
39.2398
40.8391
39.4764
20.7058
-16.9858
-26.5088
-28.9361
-42.1331
-47.5066
-63.4088
-54.9206
-76.7398
-87.1753
-71.8274
-73.6133
-42.6513
-14.1009
-16.0027
-26.9957
-28.3221
-20.4219
-34.0874
-22.0076
-33.0343
0.5975
-0.6053
12.9369
26.0966
43.8812
48.5407
21.4983
13.2550
11.8556
35.7613
19.2342
17.2980
-4.7057
-20.5085
-40.4023
-20.1479
-18.6295
-28.3976
-42.7640
-26.8547
-26.7280
-40.3267
-9.3614
3.0868
7.8847
17.7830
-8.7793
-45.7420
-61.9736
-65.0934
-80.5908
-69.4014
-47.1313
-44.8141
-47.5944
-34.0165
-39.4726
-33.9747
-19.8187
-32.8739
-60.1580
-64.5051
-76.6012
-72.3421
-74.3609
-77.6066
-81.0013
-80.1856
-66.5323
-63.4116
-72.3074
-63.5312
-79.2813
-64.1556
-80.2132
-69.1564
-62.0804
-77.1977
-49.0863
-63.3157
-46.7589
-78.7819
-67.6281
-37.5559
-23.4787
-41.9053
-64.1915
-82.4925
-97.5208
-117.2834
-140.8906
-135.5915
-110.3415
-96.2220
-53.1810
-65.2895
-46.6915
-22.4713
-29.9803
-32.9538
-31.0007
-12.7201
14.6154
32.8161
22.9586
41.1180
52.8777
56.0216
41.8406
15.9975
7.6737
1.0031
-25.5399
-30.0942
-54.8750
-48.7134
-82.3407
-57.5058
-66.5150
-81.9956
-70.9721
-39.0935
-39.7988
-38.9479
-28.4238
-37.5873
-47.6539
-58.5451
-87.9413
-55.8075
-56.4289
-66.2011
-69.1619
-83.9302
-54.1223
-41.4063
-45.2057
-45.5325
-50.3673
-43.2766
-31.0940
-43.1197
-55.1379
-51.5424
-51.2634
-42.6357
-44.9099
-27.8159
-57.2188
-62.0980
-27.8630
-0.1293
-21.0602
-19.5693
-1.5558
25.9011
48.5114
34.8848
23.7245
50.5265
46.4992
48.2834
29.4796
14.7619
34.7637
18.1152
-0.4478
-24.0647
-41.6435
-26.2598
-9.0992
20.0548
38.9619
8.2709
-15.7076
-37.0572
-24.1299
-31.2162
-43.1081
-24.2694
-55.6178
-19.2222
-6.7711
9.4725
6.5218
-24.0098
-31.5471
-35.8433
-46.8894
-37.9339
-30.6647
-34.7698
-39.0589
-9.5678
-17.9371
-23.5504
1.7881
5.4480
6.1271
18.9286
25.3865
14.0329
43.3198
43.7724
26.5739
34.7879
17.0637
-10.5530
-41.0350
-28.2482
-18.6306
11.6699
9.7265
27.8224
17.8418
-30.0666
-42.0220
-70.9787
-59.8080
-75.5941
-42.7274
-51.9480
-45.4761
-76.4915
-75.3822
-55.2774
-46.7259
-29.1942
-7.4045
-18.4625
-1.1198
-17.7337
-23.4996
-15.8107
-1.9553
-12.1026
-18.3889
-39.4769
-21.8126
-26.0041
-46.2785
-40.9724
-58.7159
-60.7666
-71.3823
-41.1934
-11.1756
2.0837
8.9925
39.8653
59.2359
71.6937
60.4375
67.3135
63.4794
50.6374
23.0590
10.3620
20.3706
24.7153
10.3248
1.7794
-9.1845
12.8695
2.0669
10.7289
-10.1856
-20.2273
-45.0153
-57.7658
-65.0299
-68.6330
-58.0517
-52.8629
-72.4006
-60.0508
-38.9605
-70.6106
-49.1829
-54.8045
-44.9377
-51.2559
-64.4631
-46.3409
-19.1137
-34.5639
-36.9140
-46.5980
-83.3137
-110.4571
-93.4220
-77.9499
-64.7688
-47.7699
-27.2460
-26.1546
6.1667
22.8956
23.9139
39.4238
60.0457
26.0310
39.5777
30.3792
14.6672
19.5440
42.4187
27.0861
35.9971
37.2417
47.3738
50.5439
27.7358
12.8294
-8.3900
3.7824
18.5955
4.7104
-3.7408
-25.9631
-18.8871
-35.9449
-30.3387
-22.4628
-53.5940
-43.4552
-44.2595
-21.1458
-9.4759
-29.5838
-21.9903
11.1499
32.9839
38.4801
15.5346
8.0417
17.2605
39.2597
42.5201
28.8110
23.3162
43.1859
40.5282
3.4551
14.9994
2.7831
1.9000
-16.3411
-54.8841
-43.0511
-40.0646
-31.8453
-65.7150
-82.8269
-85.7956
-90.3677
-83.3016
-85.5890
-73.7586
-83.0683
-90.2574
-107.3183
-66.9117
-81.1684
-53.0914
-58.0988
-48.4655
-69.8209
-64.7544
-60.6333
-84.8604
-55.9353
-26.7997
-41.2912
-39.8485
-30.4843
-25.5664
-31.0070
-24.1615
13.4737
-9.8817
0.5895
8.3662
35.4597
23.7745
29.8291
11.2077
22.4927
17.1487
9.0816
11.8690
22.2579
16.7375
6.4947
21.2934
26.3704
10.2056
5.2958
-7.3835
-26.2665
-5.8920
-19.2470
-36.0646
-47.7419
-61.1475
-58.3857
-65.7086
-42.6275
-40.8108
-20.5559
-33.8695
-44.5023
-19.5856
-18.1869
11.4498
17.4511
36.2519
5.0229
24.8844
34.1895
31.7380
24.9266
-12.4618
-2.9978
0.4748
-20.0477
-7.2181
-17.2302
-37.5259
-37.0267
-37.9757
-50.4663
-59.7253
-63.5731
-52.2466
-55.6900
-63.8763
-42.6080
-18.2488
-52.0283
-33.5568
-24.0470
-28.5986
-12.3546
6.7400
-13.5491
-6.4291
-0.2632
-8.5204
-7.0649
-17.3393
-14.5553
19.3442
37.0180
40.6092
44.4621
13.0112
10.8826
23.3802
24.3937
6.7821
30.8942
15.4063
7.2676
-29.5466
-5.0624
-31.2088
-54.4248
-66.0175
-46.1932
-48.4804
-44.4380
-49.3796
-59.2995
-84.0404
-68.2719
-58.4543
-54.0976
-36.3962
-51.6286
-25.6540
-17.6039
-22.3212
-7.5637
-1.1638
20.6602
30.2347
12.4394
32.4955
25.0345
37.7604
27.8771
-8.8968
-4.3334
-14.1596
-34.4019
-39.3604
-49.4367
-73.5183
-69.4752
-77.5465
-70.4570
-75.0790
-67.5178
-96.6245
-81.8044
-84.8460
-76.8999
-59.7430
-73.7233
-66.3799
-51.6918
-43.6286
-16.3487
11.2286
30.3326
28.5577
41.3035
26.4225
32.5162
29.1273
48.6498
30.0484
39.0692
27.2393
32.0742
7.5732
21.3679
35.9970
17.1740
-9.6652
-0.4109
11.7091
28.9787
42.5559
38.0593
30.9672
1.4427
-15.3645
-48.5310
-62.6199
-81.2282
-91.7661
-65.7095
-20.9243
-41.4688
-44.9350
-29.3804
-58.0809
-26.9981
-34.8477
-19.3259
-56.3817
-91.4590
-88.6325
-104.8130
-101.1948
-92.9228
-86.4351
-71.1290
-76.5555
-70.8061
-51.2732
-38.3564
-51.3138
-53.3751
-57.7342
-63.1983
-74.9568
-62.5632
-55.6529
-40.2585
-53.6037
-80.8070
-78.5937
-56.4370
-77.2570
-96.6034
-108.4797
-110.1480
-109.2206
-113.2382
-143.1780
-118.5878
-97.6729
-67.5259
-56.2263
-52.9106
-24.2875
-41.7538
-33.8468
-54.3623
-21.3629
-6.1739
9.5483
28.5185
37.5905
53.1052
52.6674
43.2605
15.1334
-5.8471
6.4521
0.7563
6.2084
-20.8709
-30.7721
-26.9984
-15.6209
-27.5077
-29.1003
-36.2862
-30.9294
-31.2527
-46.2011
-17.1790
-16.9901
-28.4902
-34.0098
-33.9181
-62.4887
-84.2106
-92.5498
-85.6949
-96.3363
-80.9826
-84.6125
-66.4014
-68.9774
-56.1301
-69.3302
-56.1200
-77.7481
-67.1968
-44.2900
-35.3906
-22.3226
-22.6932
-18.9472
-42.5199
-62.3827
-44.5450
-14.9589
-31.1571
-26.4562
-23.2779
-15.6138
6.1135
18.0648
23.5277
39.6651
54.6666
44.9121
31.5287
23.3628
14.3164
32.0510
31.8232
15.9973
-23.6112
-64.6433
-44.0000
1.9449
22.3313
-2.8411
-6.5085
-31.3655
-26.1429
-20.1351
-31.8361
-26.2732
-40.1642
-24.4062
-19.1689
-11.2851
-22.8533
-10.0171
-16.7291
-18.1883
-27.3181
-37.7857
-8.7883
-10.5291
-2.8508
9.1681
2.9250
-5.9940
27.7424
13.0901
13.1701
15.5414
8.2455
25.6202
20.3784
41.8447
17.0157
21.6342
16.5356
-1.6058
-26.2855
-47.0580
-12.3883
25.0164
13.7009
32.4999
42.8556
-10.2005
-19.8767
-38.9764
-17.9227
-55.3071
-35.4038
-25.0914
-44.1992
-68.9996
-43.9513
-65.3754
-42.2389
-25.5691
-10.4141
-36.4503
-27.6632
-37.6773
-26.2208
-17.5876
-30.2396
-28.6298
-7.8301
5.5286
-0.0714
-10.6668
-9.5336
-17.6867
-10.6271
-43.3731
-26.7376
-38.7175
-25.1255
-0.5923
1.5597
9.4593
12.9840
12.7388
25.2437
46.6209
67.7577
57.8814
40.8541
4.1577
-9.3656
-27.9005
-37.1679
-53.3458
-49.6636
-65.7331
-47.5380
-59.4724
-66.8545
-74.6297
-88.4021
-104.6606
-100.1252
-83.8106
-70.6421
-49.8658
-62.4544
-45.6115
-22.4655
-39.4012
-18.4288
-26.5677
-10.7976
18.0919
-1.6864
29.9535
45.4074
37.4310
11.8011
12.7627
7.1651
-24.7627
-46.9576
-34.8437
-14.2682
14.1281
28.3488
36.6563
54.6402
42.3291
21.5934
25.8347
39.9676
8.7047
-3.1553
13.4261
-5.5072
5.2636
-10.0496
19.0680
32.2961
42.6812
31.2377
39.6791
36.0168
8.5087
-21.2745
-29.9361
-26.3960
-36.0561
-40.9481
-51.2899
-55.8550
-58.7066
-38.1665
-26.7527
-40.6845
-36.5765
-28.4381
-23.2171
-15.6579
-4.6248
-30.0475
-6.4804
21.5860
28.5650
13.2852
25.8192
33.1831
31.4984
52.1219
26.9294
2.1363
13.4191
24.7596
-22.6140
9.9741
-0.4083
8.6301
-16.7128
-38.6541
-39.3392
-47.5907
-68.5878
-74.4934
-79.8103
-74.5826
-73.7953
-77.9416
-82.3883
-64.5361
-85.9485
-70.7886
-77.3448
-79.3192
-69.8138
-59.3513
-61.5569
-51.9309
-67.2797
-76.9399
-54.1110
-53.1197
-60.7900
-51.4603
-42.0328
-44.0730
-22.7070
12.7023
3.6072
20.9065
56.6602
46.5599
35.4069
25.5298
47.2266
37.1201
26.9709
22.7152
28.3469
27.3128
35.2621
24.4804
-8.9081
5.0713
12.6242
23.3553
19.4645
-20.0085
-45.1068
-40.8468
-75.0497
-69.3803
-78.5220
-59.4870
-97.3955
-99.3453
-93.1942
-109.2354
-66.9154
-59.6932
-30.7310
-35.1368
-46.5847
-41.9294
-17.5805
-7.5833
20.5077
22.0884
10.0579
27.1230
43.5690
43.7322
64.5433
31.2312
25.3676
35.1298
23.0610
23.0132
30.0401
9.1737
-28.7502
-25.0712
-36.3607
-48.1719
-51.1492
-53.4638
-77.6814
-63.9204
-40.3592
-10.5027
-33.1484
-44.2677
-20.6779
-26.9046
3.8267
30.4215
5.6029
21.8953
32.7771
28.0040
-14.4103
23.5143
18.9639
-18.1087
-16.9251
-11.5099
-8.4331
-38.2631
-45.3836
-48.9275
-46.4777
-55.9179
-36.7872
-44.7878
-47.0904
-72.9618
-54.4730
-49.8412
-60.1706
-47.6116
-30.9498
-23.3374
-17.6608
-26.9447
-27.5228
-43.5398
-56.3334
-37.5997
-16.2924
-20.3965
-32.3420
-15.6038
-6.9319
-13.6379
20.4040
20.1238
50.2847
60.9292
32.6588
29.2853
26.9587
33.9679
37.8313
10.5303
-17.7254
-18.3962
-19.8130
-34.3910
-37.5579
-37.7858
-62.3245
-64.6425
-54.4671
-67.1730
-49.5481
-76.2851
-69.8261
-67.0311
-59.0902
-49.3323
-63.7621
-68.0376
-61.4805
-48.7341
-35.8059
-14.0831
4.2548
20.1478
36.7310
19.6763
18.2664
37.7531
39.9360
38.4492
38.2602
25.4689
11.5166
15.7077
25.8958
27.9441
19.8356
-3.8916
-8.7562
-3.5491
-5.1734
5.3170
24.5133
32.9242
22.1705
2.9777
-20.0133
-51.7779
-53.2550
-68.4259
-76.8806
-51.9948
-38.1980
-59.6700
-38.0509
-51.9299
-42.9270
-38.5702
-38.6106
-60.9352
-55.4834
-72.4606
-83.2536
-94.4601
-89.2782
-81.5955
-72.8757
-64.6284
-90.0710
-84.3648
-74.8953
-78.8746
-66.6818
-81.2925
-75.2753
-78.6367
-81.8332
-55.2563
-50.0854
-39.9510
-56.3989
-84.5402
-76.6526
-85.3235
-97.3414
-102.3274
-110.7423
-95.9247
-85.6493
-117.4527
-113.9650
-97.3584
-75.1043
-49.2377
-60.1662
-58.8599
-35.7054
-39.0900
-44.6364
-46.8332
-47.3100
-22.9088
-22.3125
-12.9261
11.8854
45.8550
56.1377
49.4258
28.1545
29.7484
33.9902
24.8750
40.8204
13.2520
27.7812
14.4532
27.8472
11.4295
10.2627
-15.2092
17.9339
20.5844
27.3151
37.8016
32.8633
25.2875
20.8838
3.1940
-50.8703
-83.6667
-81.8389
-92.9251
-88.7660
-66.3903
-35.7395
-43.8744
-26.1953
-44.2280
-52.2642
-40.3695
-57.3803
-69.0224
-64.4984
-48.8672
-63.0748
-41.0067
-55.3208
-78.0130
-86.6462
-68.4133
-55.8405
-82.5351
-65.7871
-84.1518
-76.1644
-86.8150
-75.3366
-67.3198
-45.3769
-40.9019
-45.9398
-37.7489
-63.7268
-64.0092
-42.8922
-36.9800
-33.6565
-61.4961
-95.1562
-66.3719
-53.7684
-74.2362
-92.0959
-92.6375
-71.9456
-45.1620
-53.2585
-35.0524
-22.3749
-44.9954
-19.4847
-12.9113
17.0496
23.3871
38.6456
45.1529
38.5007
51.7622
56.5171
57.7619
48.8762
34.9322
27.9563
-3.5728
9.1313
36.3635
53.0684
16.3917
28.8250
28.9416
4.5218
19.9379
28.0863
10.1629
23.9568
16.8484
0.5643
-18.7460
-39.3163
-15.0298
20.6829
25.5604
30.1531
12.0663
-22.6969
-40.1444
-42.8920
-32.4016
-51.5266
-28.3446
-40.1722
-36.4622
-65.1938
-52.1683
-61.4692
-76.6181
-69.6824
-71.5662
-68.1905
-80.8413
-86.4299
-68.4565
-49.2365
-72.4544
-66.2424
-47.4370
-51.5988
-29.5899
-32.0003
-56.6486
-38.2255
-52.4179
-58.8562
-56.2385
-74.1490
-48.2383
-23.1530
-12.4858
-26.5057
13.6403
23.4327
43.5070
66.2402
86.6498
43.1320
35.3231
-7.5117
3.8140
-16.0626
-30.1970
-10.1856
-51.1248
-29.1696
-42.8467
-36.8843
-46.9553
-77.4097
-76.2513
-81.2547
-75.3844
-59.0362
-33.6480
-21.3260
-26.4468
-7.3585
-4.9557
-9.7063
-14.9224
-2.4366
10.8391
-3.4832
-17.3166
-5.8531
14.8274
5.8758
5.2889
20.5512
8.0899
-37.1713
-60.5195
-42.8481
-9.2825
16.6524
38.0795
45.0061
64.9402
12.6738
15.8994
13.7313
32.0276
-3.2562
1.9566
1.6311
2.0137
-11.9662
11.4823
20.0930
34.2077
28.2448
45.9505
46.0781
41.1087
21.4932
2.9228
21.3082
35.4313
19.3384
12.9049
0.1582
14.8884
9.8437
16.9732
30.2649
11.5498
-12.8638
-31.6769
-20.6359
-4.7294
-15.3063
-39.1520
-6.2952
12.5170
28.7308
11.4510
13.5349
22.4882
14.7212
14.3991
13.2142
8.1145
31.9448
7.9821
-11.0301
7.1423
7.1017
4.6094
-2.2646
-42.4153
-50.4852
-69.1944
-75.3462
-87.9397
-78.4800
-72.8365
-72.9485
-73.4556
-65.9033
-47.7026
-73.8399
-54.0508
-70.7445
-58.8281
-54.7177
-48.8153
-52.2031
-31.9837
-57.4341
-49.1818
-47.8876
-53.8389
-54.3777
-57.8468
-47.2527
-47.6117
-29.4040
-0.9410
-14.2336
29.1074
51.4885
37.5246
42.3644
57.1405
39.1370
34.4089
28.6007
-3.0903
24.2262
39.6410
21.4061
29.6766
24.2145
35.0050
21.1393
8.2059
-0.8096
-37.3705
-49.9858
-35.7057
-55.2278
-55.4795
-83.7316
-87.3002
-81.4936
-72.9413
-57.6488
-77.3434
-54.6502
-53.9682
-37.4717
-32.7281
-67.0028
-52.2852
-18.8122
4.5253
22.3706
39.1372
42.7951
48.0497
57.9130
63.2563
36.3557
13.2821
23.2238
16.3546
-23.4521
-15.3788
-30.7069
-44.1599
-56.3909
-74.6734
-70.5959
-62.1880
-48.2990
-68.0354
-87.5650
-75.9860
-50.0330
-46.7646
-66.3197
-57.1736
-40.2748
-45.4725
-60.4889
-50.0791
-71.2527
-54.0294
-39.2699
-33.4830
-51.2368
-38.0632
-58.3740
-74.0948
-49.2101
-20.6746
-29.0215
-55.4044
-41.1552
-54.3548
-40.7013
-38.5347
-3.4495
-19.5418
-22.9051
-27.5121
-11.8453
-5.0522
-2.6936
5.4531
20.8915
31.8210
44.5089
35.3502
31.0554
23.8676
13.5271
38.1586
39.7128
43.4111
40.7265
23.0118
28.5169
26.3196
27.7893
37.3624
26.4014
30.6508
15.7974
8.6614
12.2004
14.5652
14.0962
-14.0755
-28.6321
-29.4066
-28.8757
-39.0308
-36.6695
-28.9397
-68.5390
-77.0568
-55.3503
-60.0520
-44.6381
-75.1254
-64.4108
-60.5440
-60.0518
-33.7985
-62.0645
-60.5554
-70.8507
-45.8963
-9.5302
27.2245
16.8898
28.9980
40.5074
37.3074
33.6965
38.8095
39.7817
14.3028
34.7074
17.9518
38.1511
21.2917
16.2175
16.3747
14.3278
-19.7513
-31.6825
-32.2203
-39.5852
-12.9423
15.6692
1.1484
9.4096
-21.1151
-55.6678
-57.2162
-49.6107
-62.1466
-55.9051
-52.9146
-80.8221
-87.7232
-63.5265
-80.0582
-73.3539
-63.8068
-47.7815
-57.9656
-70.6106
-72.3822
-72.3983
-88.5687
-76.0595
-73.1764
-56.4882
-33.5515
-42.3579
-26.8551
-21.1799
-16.1394
7.6828
-8.1454
9.5549
11.8912
10.1411
31.8875
28.2137
36.6782
21.6221
21.3865
25.2334
20.4554
-4.6683
-25.6342
-39.8326
-67.5876
-73.5193
-80.4104
-83.2896
-58.9731
-22.5983
-13.0063
-19.0668
-19.4929
-30.6201
-17.6218
-29.1745
-11.6676
-6.7861
-3.8816
30.9363
40.4665
45.6047
49.9343
29.0503
16.3446
11.2721
21.1207
29.0377
34.6502
5.9953
-15.2166
-20.7348
-46.0866
-37.6881
-31.0225
-38.8076
-35.9812
-21.2447
-16.6238
-11.2660
2.6364
1.1252
-7.8944
-21.0458
-40.1369
-73.0530
-87.4952
-105.3153
-101.3271
-75.8354
-46.3611
-55.3149
-43.2363
-46.5477
-63.9797
-32.6529
-44.6608
-32.2048
-49.7330
-54.7884
-38.5153
-31.6497
-51.9312
-61.9515
-69.7268
-75.9186
-87.1747
-81.1364
-70.4087
-64.1861
-87.9547
-97.6197
-74.9717
-66.2273
-63.9373
-55.1663
-62.2852
-63.6595
-74.0811
-85.1170
-42.1683
-31.1011
-43.9706
-79.0198
-104.5424
-122.5864
-112.7794
-147.1365
-162.6418
-151.7723
-136.7915
-116.2096
-100.2718
-85.4394
-52.4068
-61.0858
-42.0270
-57.1470
-24.2281
-7.5222
3.2554
28.0322
30.6512
49.8081
58.2409
54.4896
37.3272
26.1940
24.9965
6.0856
2.8283
16.4033
16.4118
4.1543
12.2752
11.5154
-0.6959
9.2787
30.7139
29.0994
8.6624
26.2762
25.4019
14.8746
1.6653
-20.8155
-1.0925
13.7752
19.3432
17.7095
-23.7969
-30.0483
-46.1816
-29.2953
-59.0776
-38.4443
-39.8950
-43.4241
-50.3550
-58.0679
-51.0543
-32.0292
-46.9080
-43.2317
-59.5443
-82.0504
-63.2732
-38.5235
-1.9102
-24.5890
-34.2896
-7.8813
12.1782
26.6779
38.3074
12.5736
22.7743
35.8618
12.7570
14.3247
22.1241
30.2124
33.3819
22.5736
-4.0301
-43.0101
-32.7082
-21.8413
-4.5278
34.8131
21.5745
9.1955
-39.2948
-14.1855
-16.9159
-25.1068
-27.0342
-58.3933
-53.5589
-30.5791
-28.8311
-53.9406
-56.7633
-60.6868
-63.6816
-77.4937
-44.9675
-24.2715
-18.0138
-16.3812
-2.3495
18.5261
26.5783
55.3063
25.5970
22.8114
41.3647
-1.4916
20.0859
-0.8791
29.7174
6.6238
-12.9750
-23.4558
-51.3894
-79.4930
-63.2312
