0.7686
0.8664
0.8569
0.8490
0.8444
0.8434
0.8438
0.8434
0.8431
0.8430
0.8428
0.8428
0.8429
0.8429
0.8429
0.8428
0.8428
0.8428
0.8423
0.8431
0.8436
0.8426
0.8412
0.8442
0.8454
0.8453
0.8451
0.8450
0.8449
0.8451
0.8451
0.8450
0.8450
0.8450
0.8451
0.8451
0.8451
0.8451
0.8450
0.8451
0.8451
0.8451
0.8451
0.8451
0.8452
0.8453
0.8454
0.8454
0.8454
0.8454
0.8453
0.8451
0.8463
0.8463
0.8463
0.8464
0.8466
0.8467
0.8467
0.8468
0.8471
0.8472
0.8475
0.8478
0.8488
0.8495
0.8492
0.8494
0.8496
0.8502
0.8507
0.8503
0.8502
0.8500
0.8484
0.8493
0.8498
0.8502
0.8503
0.8503
0.8503
0.8503
0.8503
0.8503
0.8503
0.8503
0.8503
0.8503
0.8503
0.8503
0.8503
0.8503
0.8503
0.8503
0.8503
0.8503
0.8503
0.8503
0.8503
0.8503
0.8503
0.8503
0.8503
0.8503
0.8503
0.8503
0.8503
0.8503
0.8503
0.8503
0.8503
0.8503
0.8503
0.8503
0.8503
0.8503
0.8503
0.8503
0.8503
0.8503
0.8503
0.8503
0.8503
0.8503
0.8503
0.8503
0.8503
0.8503
0.8503
0.8503
0.8503
0.8503
0.8503
0.8503
0.8503
0.8503
0.8503
0.8503
0.8503
0.8503
0.8503
0.8503
0.8503
0.8503
0.8503
0.8503
0.8503
0.8503
0.8503
0.8503
