-0.2724 0.000063
-0.2667 0.000051
-0.2610 0.000041
-0.2551 0.000033
-0.2490 0.000027
-0.2424 0.000021
-0.2350 0.000017
-0.2259 0.000014
-0.2137 0.000011
-0.1962 0.000008
-0.1683 0.037954
-0.1211 0.027386
-0.0474 0.021769
0.0695 -0.030664
0.1977 -0.132724
0.2855 -0.192279
0.3242 -0.291559
0.3385 -0.304580
0.3384 -0.304634
0.3302 -0.297257
0.3177 -0.286026
0.3033 -0.273138
0.2886 -0.259874
0.2742 -0.246929
0.2606 -0.234647
0.2478 -0.223164
0.2360 -0.212510
0.2251 -0.202655
0.2150 -0.193546
0.2056 -0.185122
0.1969 -0.177322
0.1889 -0.170088
0.1814 -0.163368
0.1745 -0.157118
0.1680 -0.151297
0.1620 -0.145869
0.1564 -0.140805
0.1511 -0.136077
0.1462 -0.131662
0.1417 -0.127537
0.1374 -0.123684
0.1334 -0.120086
0.1297 -0.116727
0.1262 -0.113592
0.1229 -0.110668
0.1199 -0.107941
0.1171 -0.105400
0.1145 -0.103031
0.1120 -0.100823
0.1097 -0.098765
0.1076 -0.096845
0.1056 -0.095051
0.1037 -0.093371
0.1020 -0.091793
0.1003 -0.090306
0.0988 -0.088898
0.0973 -0.087555
0.0958 -0.086266
0.0945 -0.085018
0.0931 -0.083797
0.0918 -0.082593
0.0904 -0.081390
0.0891 -0.080177
0.0877 -0.078940
0.0863 -0.077666
0.0848 -0.076340
0.0833 -0.074949
0.0816 -0.073479
0.0799 -0.071913
0.0780 -0.070237
0.0760 -0.068432
0.0738 -0.066479
0.0715 -0.064356
0.0689 -0.062040
0.0661 -0.059503
0.0630 -0.056711
0.0595 -0.053625
0.0557 -0.050200
0.0515 -0.046379
0.0467 -0.042095
0.0413 -0.037262
0.0352 -0.031774
0.0283 -0.025500
0.0202 -0.018009
0.0110 -0.009412
0.0001 -0.000173
-0.0130 0.009241
-0.0294 0.018457
-0.0502 0.026433
-0.0770 0.033535
-0.1100 0.039628
-0.1474 0.043920
-0.1854 0.045723
-0.2207 0.045020
-0.2513 0.042397
-0.2768 0.038618
-0.2975 0.034332
-0.3142 0.029984
-0.3276 0.025847
-0.3382 0.022062
-0.3465 0.018691
