-0.2798 0.151105
-0.2728 0.145420
-0.2666 0.140624
-0.2612 0.136535
-0.2563 0.132972
-0.2517 0.129771
-0.2472 0.126798
-0.2427 0.123947
-0.2384 0.112570
-0.2370 0.092513
-0.2382 0.076864
-0.2411 0.064325
-0.2451 0.054071
-0.2498 0.045555
-0.2547 0.038411
-0.2597 0.032383
-0.2647 0.027284
-0.2695 0.022968
-0.2741 0.019313
-0.2783 0.016218
-0.2822 0.013597
-0.2856 0.011377
-0.2884 0.009499
-0.2906 0.007913
-0.2921 0.006576
-0.2930 0.005455
-0.2936 0.004520
-0.2944 0.003747
-0.2956 0.003111
-0.2977 0.002590
-0.3006 0.002162
-0.3043 0.001810
-0.3087 0.001518
-0.3137 0.001275
-0.3190 0.001072
-0.3246 0.000902
-0.3300 0.000758
-0.3351 0.000637
-0.3396 0.000534
-0.3434 0.000446
-0.3464 0.000372
-0.3486 0.000310
-0.3501 0.000257
-0.3511 0.000213
-0.3514 0.000176
-0.3357 0.168158
-0.3055 0.152986
-0.2793 0.139846
-0.2560 0.128180
-0.2352 0.117748
-0.2173 0.108754
-0.2028 0.101511
-0.1921 0.096137
-0.1849 0.092514
-0.1807 0.090375
-0.1788 0.089407
-0.1786 0.089306
-0.1796 0.089812
-0.1814 0.090713
-0.1837 0.091829
-0.1870 0.080911
-0.1933 0.069134
-0.2020 0.059714
-0.2124 0.051917
-0.2240 0.045271
-0.2362 0.039479
-0.2487 0.034359
-0.2608 0.029802
-0.2725 0.025742
-0.2834 0.022134
-0.2933 0.018944
-0.3022 0.016140
-0.3101 0.013694
-0.3170 0.011572
-0.3228 0.009744
-0.3277 0.008179
-0.3318 0.006847
-0.3351 0.005718
-0.3378 0.004766
-0.3399 0.003965
-0.3414 0.003293
-0.3423 0.002730
-0.3427 0.002260
-0.3426 0.001868
-0.3421 0.001542
-0.3413 0.001272
-0.3404 0.001049
-0.3392 0.000864
-0.3379 0.000712
-0.3364 0.000586
-0.3347 0.000482
-0.3328 0.000396
-0.3306 0.000325
-0.3282 0.000267
-0.3258 0.000219
-0.3238 0.000180
-0.3226 0.000148
-0.3228 0.000123
-0.3249 0.000102
-0.3291 0.000086
-0.3353 0.000072
-0.3429 0.000061
-0.3513 0.000052
-0.3599 0.000044
-0.3680 0.000037
-0.3753 0.000031
-0.3816 0.000026
-0.3867 0.000022
-0.3904 0.000018
-0.3929 0.000015
-0.3940 0.000013
-0.3939 0.000010
-0.3926 0.000009
-0.3901 0.000007
-0.3866 0.000006
-0.3820 0.000005
-0.3765 0.000004
-0.3702 0.000003
-0.3631 0.000003
-0.3555 0.000002
-0.3476 0.000002
-0.3394 0.000001
-0.3313 0.000001
-0.3232 0.000001
-0.3152 0.000001
-0.3074 0.000001
-0.2997 0.000000
-0.2919 0.000000
-0.2841 0.000000
-0.2761 0.000000
-0.2678 0.000000
-0.2591 0.000000
-0.2500 0.000000
-0.2402 0.000000
-0.2297 0.000000
-0.2184 0.000000
-0.2060 0.000000
-0.1921 0.000000
-0.1764 0.000000
-0.1581 0.000000
-0.1359 0.000000
-0.1071 0.000000
-0.0670 0.000000
-0.0056 0.000000
0.0816 -0.040320
0.1669 -0.083062
0.2237 -0.111642
0.2480 -0.123940
0.2475 -0.123819
0.2282 -0.228620
0.1818 -0.273368
0.1399 -0.210338
0.1069 -0.160763
0.0784 -0.118042
0.0518 -0.078086
0.0250 -0.037902
-0.0037 0.005041
-0.0337 0.065259
-0.0645 0.120506
-0.0954 0.172341
-0.1243 0.217909
-0.1488 0.254493
-0.1680 0.281272
-0.1820 0.299249
-0.1916 0.310280
-0.1992 0.302283
-0.2074 0.283528
-0.2176 0.264884
-0.2289 0.250114
-0.2401 0.237701
-0.2506 0.226835
-0.2600 0.217088
-0.2686 0.196505
-0.2792 0.168906
-0.2912 0.145636
-0.3036 0.125531
-0.3158 0.107980
-0.3277 0.092652
-0.3393 0.079316
-0.3506 0.067758
-0.3614 0.057759
-0.3717 0.049115
-0.3812 0.041647
-0.3897 0.035204
-0.3971 0.029661
-0.4033 0.024909
-0.4083 0.020851
-0.4121 0.017399
-0.4147 0.014476
-0.4161 0.012012
-0.4167 0.009944
-0.4164 0.008217
-0.4155 0.006780
-0.4141 0.005586
-0.4122 0.004597
-0.4097 0.003778
-0.4067 0.003101
-0.4030 0.002541
-0.3986 0.002078
-0.3935 0.001696
-0.3877 0.001382
-0.3812 0.001123
-0.3740 0.000911
-0.3662 0.000738
-0.3578 0.000596
-0.3490 0.000481
-0.3398 0.000387
-0.3302 0.000311
-0.3202 0.000249
-0.3099 0.000199
-0.2994 0.000159
-0.2886 0.000127
-0.2780 0.000101
-0.2681 0.000081
-0.2592 0.000064
-0.2519 0.000052
-0.2465 0.000042
-0.2430 0.000034
-0.2416 0.000028
-0.2422 0.000023
-0.2448 0.000019
-0.2492 0.000016
-0.2552 0.000014
-0.2626 0.000012
-0.2711 0.000010
-0.2806 0.000009
-0.2707 0.135456
-0.2562 0.128191
-0.2441 0.122112
-0.2337 0.116916
-0.2247 0.112373
-0.1960 0.196302
-0.1709 0.171153
-0.1477 0.147921
-0.1250 0.125213
-0.1013 0.101579
-0.0750 0.075275
-0.0438 0.044111
-0.0054 0.005823
0.0400 -0.039539
0.0861 -0.085686
0.1232 -0.122882
0.1467 -0.140916
0.1593 -0.140371
0.1633 -0.133164
0.1606 -0.122245
0.1530 -0.108837
0.1415 -0.154205
0.1197 -0.118220
0.1004 -0.090714
0.0820 -0.068412
0.0634 -0.049275
0.0434 -0.031720
0.0204 -0.014205
-0.0079 0.004995
-0.0446 0.027792
-0.0919 0.055391
-0.1469 0.086001
-0.2009 0.114725
-0.2464 0.137766
-0.2811 0.154353
-0.3059 0.165373
-0.3224 0.172072
-0.3325 0.175552
-0.3377 0.176668
-0.3391 0.176050
-0.3385 0.157527
-0.3401 0.130846
-0.3431 0.109141
-0.3468 0.091208
-0.3508 0.076277
-0.3549 0.063802
-0.3589 0.053356
-0.3628 0.044591
-0.3663 0.037225
-0.3693 0.031026
-0.3715 0.025806
-0.3727 0.021410
-0.3729 0.017712
-0.3720 0.014608
-0.3698 0.012008
-0.3664 0.009838
-0.3619 0.008033
-0.3561 0.006537
-0.3494 0.005302
-0.3417 0.004287
-0.3332 0.003457
-0.3240 0.002780
-0.3144 0.002230
-0.3046 0.001786
-0.2951 0.001431
-0.2870 0.001151
-0.2814 0.000933
-0.2791 0.000765
-0.2808 0.000636
-0.2869 0.000537
-0.2971 0.000460
-0.3103 0.000397
-0.3253 0.000344
-0.3148 0.315546
-0.2760 0.276488
-0.2464 0.246829
-0.2231 0.223377
-0.2038 0.204055
-0.1873 0.187494
-0.1726 0.172772
-0.1591 0.159252
-0.1463 0.146459
-0.1339 0.133997
-0.1213 0.121492
-0.1084 0.108532
-0.0945 0.094621
-0.0789 0.079108
-0.0609 0.061114
-0.0392 0.039488
-0.0127 0.012981
0.0192 -0.018899
0.0547 -0.049236
0.0905 -0.067551
0.1222 -0.075494
0.1464 -0.074878
0.1623 -0.068642
0.1699 -0.059441
0.1701 -0.049238
0.1643 -0.039339
0.1540 -0.030494
0.1405 -0.023007
0.1247 -0.016894
0.1072 -0.012010
0.0879 -0.008149
0.0664 -0.005092
0.0413 -0.002625
0.0101 -0.000544
-0.0317 0.001348
-0.0894 0.003169
-0.1615 0.004750
-0.2349 0.005720
-0.2976 0.005998
-0.3464 0.005777
-0.3827 0.005279
-0.4087 0.004662
-0.4266 0.004024
-0.4381 0.003417
-0.4446 0.002868
-0.4474 0.002386
-0.4473 0.001973
-0.4449 0.001622
-0.4400 0.221566
-0.3966 0.199474
-0.3617 0.181742
-0.3333 0.167324
-0.3110 0.156040
-0.2956 0.148206
-0.2869 0.143749
-0.2837 0.142094
-0.2845 0.142424
-0.2876 0.143937
-0.2917 0.145975
-0.2960 0.148071
-0.2997 0.149925
-0.3026 0.151365
-0.3045 0.152309
-0.3056 0.145182
-0.3092 0.121462
-0.3155 0.102464
-0.3233 0.086810
-0.3318 0.073661
-0.3405 0.062493
-0.3490 0.052958
-0.3571 0.044807
-0.3647 0.037841
-0.3718 0.031894
-0.3782 0.026826
-0.3839 0.022515
-0.3889 0.018858
-0.3932 0.015763
-0.3967 0.013150
-0.3995 0.010948
-0.4015 0.009098
-0.4027 0.007546
-0.4033 0.006248
-0.4031 0.005164
-0.4023 0.004260
-0.4008 0.003510
-0.3989 0.002888
-0.3966 0.002374
-0.3940 0.001950
-0.3912 0.001601
-0.3881 0.001313
-0.3846 0.001076
-0.3808 0.000881
-0.3766 0.000720
-0.3718 0.000588
-0.3665 0.000479
-0.3607 0.000390
-0.3546 0.000317
-0.3486 0.000258
-0.3428 0.000209
-0.3375 0.000171
-0.3329 0.000139
-0.3291 0.000114
-0.3261 0.000093
-0.3241 0.000077
-0.3229 0.000063
-0.3228 0.000052
-0.3234 0.000043
-0.3248 0.000036
-0.3267 0.000030
-0.3288 0.000025
-0.3309 0.000021
-0.3327 0.000017
-0.3340 0.000014
-0.3348 0.000012
-0.3347 0.000010
-0.3338 0.000008
-0.3319 0.000007
-0.3291 0.000005
-0.3253 0.000004
-0.3205 0.000004
-0.3148 0.000003
-0.3082 0.000002
-0.3007 0.000002
-0.2923 0.000002
-0.2833 0.000001
-0.2740 0.000001
-0.2649 0.000001
-0.2569 0.000001
-0.2512 0.000001
-0.2488 0.124509
-0.2264 0.113285
-0.2088 0.104486
-0.1948 0.097479
-0.1834 0.091760
-0.1739 0.087017
-0.1662 0.083135
-0.1602 0.080109
-0.1559 0.077963
-0.1534 0.076728
-0.1529 0.076451
-0.1544 0.077174
-0.1578 0.078887
-0.1631 0.081520
-0.1700 0.084944
-0.1781 0.088984
-0.1869 0.093428
-0.1968 0.088386
-0.2095 0.077808
-0.2247 0.068992
-0.2414 0.061283
-0.2587 0.054311
-0.2759 0.047894
-0.2924 0.041963
-0.3076 0.036507
-0.3213 0.031532
-0.3333 0.027044
-0.3434 0.023039
-0.3516 0.019503
-0.3567 0.194903
-0.3288 0.177013
-0.3046 0.161997
-0.2832 0.149031
-0.2636 0.137550
-0.2457 0.127274
-0.2296 0.118260
-0.2161 0.110725
-0.2054 0.104816
-0.1977 0.100520
-0.1926 0.097655
-0.1897 0.095925
-0.1882 0.094998
-0.1877 0.094560
-0.1875 0.094355
-0.1876 0.088910
-0.1900 0.074446
-0.1950 0.063164
-0.2021 0.054121
-0.2109 0.046693
-0.2210 0.040464
-0.2323 0.035154
-0.2442 0.030566
-0.2567 0.026561
-0.2693 0.023038
-0.2817 0.019927
-0.2937 0.017180
-0.3052 0.014761
-0.3162 0.012642
-0.3266 0.010800
-0.3368 0.009208
-0.3468 0.007839
-0.3566 0.006664
-0.3660 0.005655
-0.3748 0.004788
-0.3829 0.004045
-0.3901 0.003408
-0.3964 0.002863
-0.4017 0.002399
-0.4060 0.002004
-0.4092 0.001670
-0.4113 0.001388
-0.4124 0.001151
-0.4126 0.000952
-0.4118 0.000786
-0.4102 0.000647
-0.4080 0.000532
-0.4055 0.000437
-0.3877 0.194417
-0.3514 0.176131
-0.3211 0.160902
-0.2955 0.147996
-0.2733 0.136850
-0.2539 0.127140
-0.2372 0.118745
-0.2230 0.111611
-0.2111 0.105639
-0.2011 0.100640
-0.1926 0.096373
-0.1851 0.092598
-0.1781 0.089104
-0.1713 0.085718
-0.1645 0.082297
-0.1573 0.078704
-0.1500 0.067195
-0.1441 0.053381
-0.1394 0.042678
-0.1352 0.034238
-0.1313 0.027481
-0.1271 0.021997
-0.1222 0.017490
-0.1161 0.013741
-0.1081 0.010582
-0.0973 0.007878
-0.0822 0.005508
-0.0604 0.003354
-0.0277 0.015341
0.0224 -0.011733
0.0833 -0.043948
0.1403 -0.073492
0.1794 -0.093367
0.1975 -0.102174
0.1981 -0.101964
0.1871 -0.095875
0.1697 -0.086618
0.1492 -0.075942
0.1275 -0.064717
0.1050 -0.053198
0.0814 -0.041222
0.0559 -0.028280
0.0264 -0.013439
-0.0100 0.004717
-0.0580 0.023254
-0.1206 0.040128
-0.1912 0.052697
-0.2572 0.058693
-0.3121 0.058941
-0.3555 0.055537
-0.3891 0.050269
-0.4147 0.044311
-0.4341 0.038354
-0.4485 0.032765
-0.4588 0.027719
-0.4659 0.023275
-0.4703 0.019426
-0.4725 0.016135
-0.4727 0.013347
-0.4712 0.011002
-0.4683 0.009041
-0.4641 0.007408
-0.4587 0.006055
-0.4523 0.004936
-0.4448 0.004014
-0.4364 0.003256
-0.4272 0.002635
-0.4172 0.002128
-0.4066 0.001715
-0.3953 0.001378
-0.3835 0.001106
-0.3713 0.000885
-0.3586 0.000707
-0.3457 0.000563
-0.3326 0.000448
-0.3199 0.000356
-0.3096 0.000285
-0.3039 0.000231
-0.3043 0.000191
-0.3103 0.000161
-0.3208 0.000138
-0.3340 0.000119
-0.3485 0.000102
-0.3633 0.000088
-0.3753 0.187846
-0.3543 0.177299
-0.3373 0.168770
-0.3233 0.161742
-0.3115 0.155847
-0.3015 0.150818
-0.2928 0.146464
-0.2852 0.142648
-0.2784 0.139262
-0.2724 0.136221
-0.2668 0.133451
-0.2617 0.130887
-0.2569 0.128470
-0.2522 0.126150
-0.2477 0.123879
-0.2432 0.121619
-0.2386 0.119332
-0.2339 0.116985
-0.2307 0.097216
-0.2307 0.080358
-0.2330 0.067094
-0.2369 0.056410
-0.2420 0.047638
-0.2478 0.040332
-0.2541 0.034189
-0.2606 0.028994
-0.2672 0.024583
-0.2737 0.020822
-0.2800 0.017608
-0.2857 0.014856
-0.2907 0.012501
-0.2950 0.010488
-0.2985 0.008773
-0.3011 0.007318
-0.3028 0.006086
-0.3038 0.005048
-0.3040 0.004176
-0.3033 0.003446
-0.3020 0.002836
-0.2999 0.002329
-0.2973 0.001909
-0.2944 0.001563
-0.2917 0.001280
-0.2894 0.001050
-0.2876 0.000863
-0.2863 0.000710
-0.2853 0.000585
-0.2845 0.000483
-0.2838 0.000398
-0.2614 0.131151
-0.2363 0.118515
-0.2131 0.106846
-0.1908 0.095655
-0.1687 0.084567
-0.1464 0.073383
-0.1237 0.061989
-0.0999 0.050083
-0.0735 0.036934
-0.0420 0.021175
-0.0013 0.000896
0.0502 -0.024813
0.1053 -0.052418
0.1493 -0.149129
0.1656 -0.154881
0.1714 -0.147526
0.1696 -0.135440
0.1624 -0.121295
0.1514 -0.106667
0.1380 -0.092364
0.1137 -0.129806
0.0896 -0.100176
0.0664 -0.072961
0.0425 -0.046122
0.0164 -0.017765
-0.0137 0.014134
-0.0496 0.051449
-0.0915 0.094372
-0.1363 0.130322
-0.1799 0.157902
-0.2178 0.176939
-0.2481 0.188194
-0.2711 0.193592
-0.2880 0.195014
-0.2999 0.193882
-0.3078 0.191160
-0.3123 0.187460
-0.3142 0.183154
-0.3139 0.178461
-0.3128 0.156192
-0.3142 0.129722
-0.3171 0.108253
-0.3207 0.090516
-0.3245 0.075715
-0.3281 0.063303
-0.3315 0.052874
-0.3346 0.044131
-0.3381 0.036870
-0.3427 0.030900
-0.3489 0.026004
-0.3565 0.021970
-0.3653 0.018614
-0.3749 0.015795
-0.3849 0.013407
-0.3948 0.011370
-0.4042 0.009626
-0.4129 0.008129
-0.4205 0.006846
-0.4270 0.005748
-0.4324 0.004813
-0.4367 0.004019
-0.4399 0.003347
-0.4420 0.002781
-0.4433 0.002306
-0.4436 0.001908
-0.4431 0.001576
-0.4418 0.001299
-0.4397 0.001069
-0.4368 0.000878
-0.4333 0.000720
-0.4290 0.000589
-0.4240 0.000482
-0.4183 0.000393
-0.4118 0.000320
-0.4048 0.000260
-0.3970 0.000211
-0.3886 0.000171
-0.3796 0.000138
-0.3699 0.000111
-0.3597 0.000089
-0.3488 0.000072
-0.3375 0.000057
-0.3255 0.000046
-0.3131 0.000036
-0.3000 0.000029
-0.2865 0.000023
-0.2724 0.000018
-0.2576 0.000014
-0.2422 0.000011
-0.2258 0.000008
-0.2083 0.000006
-0.1891 0.000005
-0.1673 0.000004
-0.1416 0.000002
-0.1091 0.000002
-0.0637 0.000001
0.0098 -0.004484
0.1055 -0.052243
0.1783 -0.266856
0.1998 -0.299630
0.1976 -0.296555
0.1765 -0.353769
0.1456 -0.291675
0.1190 -0.238438
0.0955 -0.191506
0.0742 -0.148722
0.0539 -0.108261
0.0341 -0.068581
0.0140 -0.028209
-0.0068 0.012613
-0.0292 0.053039
-0.0535 0.091403
-0.0811 0.121760
-0.1122 0.149092
-0.1451 0.171995
-0.1772 0.184350
-0.2087 0.179500
-0.2387 0.169800
-0.2664 0.156727
-0.2914 0.141784
-0.3136 0.126196
-0.3331 0.110841
-0.3500 0.096289
-0.3643 0.082872
-0.3761 0.070755
-0.3857 0.059985
-0.3930 0.050537
-0.3981 0.042337
-0.4013 0.035287
-0.4026 0.029274
-0.4023 0.024181
-0.4003 0.019896
-0.3969 0.016313
-0.3924 0.013335
-0.3870 0.010874
-0.3811 0.008853
-0.3750 0.007202
-0.3690 0.005860
-0.3635 0.004772
-0.3585 0.003891
-0.3541 0.003178
-0.3502 0.002599
-0.3469 0.002128
-0.3443 0.001747
-0.3430 0.001439
-0.3431 0.001190
-0.3447 0.000988
-0.3476 0.000824
-0.3516 0.000689
-0.3563 0.000577
-0.3614 0.000484
-0.3665 0.000406
-0.3713 0.000340
-0.3756 0.000284
-0.3790 0.000237
-0.3816 0.000198
-0.3831 0.000164
-0.3837 0.000136
-0.3834 0.000112
-0.3822 0.000092
-0.3804 0.000076
-0.3779 0.000063
-0.3749 0.000051
-0.3711 0.000042
-0.3668 0.000034
-0.3617 0.000028
-0.3559 0.000023
-0.3495 0.000018
-0.3424 0.000015
-0.3346 0.000012
-0.3263 0.000010
-0.3173 0.000008
-0.3078 0.000006
-0.2977 0.000005
-0.2870 0.000004
-0.2757 0.000003
-0.2639 0.000003
-0.2515 0.000002
-0.2386 0.000002
-0.2253 0.000001
-0.2116 0.000001
-0.1977 0.000001
-0.1833 0.000001
-0.1682 0.000000
-0.1396 0.069975
-0.1043 0.052316
-0.0570 0.057486
0.0009 -0.000228
0.0648 -0.064174
0.1204 -0.119926
0.1557 -0.155410
0.1712 -0.171161
0.1729 -0.172921
0.1660 -0.166073
0.1542 -0.154349
0.1370 -0.205937
0.1114 -0.167443
0.0893 -0.128703
0.0695 -0.095024
0.0504 -0.065472
0.0308 -0.035841
0.0086 -0.013686
-0.0169 0.024144
-0.0460 0.062616
-0.0790 0.102800
-0.1145 0.143123
-0.1491 0.179955
-0.1793 0.210101
-0.2036 0.232530
-0.2219 0.247981
-0.2350 0.257879
-0.2439 0.263618
-0.2496 0.266295
-0.2531 0.257387
-0.2576 0.238907
-0.2628 0.224279
-0.2680 0.212303
-0.2729 0.198290
-0.2803 0.168367
-0.2907 0.144322
-0.3028 0.124318
-0.3160 0.107262
-0.3295 0.092483
-0.3428 0.079558
-0.3555 0.068213
-0.3672 0.058258
-0.3778 0.049554
-0.3871 0.041985
-0.3952 0.035444
-0.4023 0.029828
-0.4083 0.025031
-0.4133 0.020951
-0.4174 0.017496
-0.4207 0.014579
-0.4232 0.012126
-0.4250 0.010070
-0.4264 0.008352
-0.4272 0.006920
-0.4276 0.005727
-0.4276 0.004734
-0.4271 0.003910
-0.4260 0.003224
-0.4243 0.002656
-0.4221 0.002184
-0.4191 0.001793
-0.4155 0.001470
-0.4111 0.001202
-0.4060 0.000982
-0.4002 0.000800
-0.3937 0.000651
-0.3867 0.000529
-0.3791 0.000428
-0.3710 0.000347
-0.3624 0.000280
-0.3534 0.000226
-0.3440 0.000182
-0.3341 0.000146
-0.3237 0.000117
-0.3129 0.000093
-0.3015 0.000074
-0.2896 0.000059
-0.2773 0.000047
-0.2647 0.000037
-0.2521 0.000029
-0.2396 0.000023
-0.2273 0.000018
-0.2155 0.000014
-0.2043 0.000011
-0.1938 0.000009
-0.1841 0.000007
-0.1752 0.000005
-0.1671 0.000004
-0.1600 0.000003
-0.1410 0.070613
-0.1170 0.058648
-0.0895 0.044886
-0.0548 0.027607
-0.0074 0.007943
0.0509 -0.050316
0.1065 -0.105981
0.1359 -0.203590
0.1465 -0.219699
0.1452 -0.217864
0.1367 -0.205256
0.1243 -0.186689
0.1098 -0.164976
0.0946 -0.136326
0.0797 -0.108846
0.0645 -0.084081
0.0439 -0.077129
0.0228 -0.038041
0.0009 -0.001804
-0.0233 0.033325
-0.0512 0.069579
-0.0835 0.101292
-0.1200 0.130868
-0.1579 0.156085
-0.1934 0.174918
-0.2241 0.187087
-0.2493 0.193696
-0.2692 0.196256
-0.2844 0.196099
-0.2957 0.194210
-0.3038 0.191265
-0.3097 0.176117
-0.3172 0.149172
-0.3263 0.126853
-0.3360 0.107991
-0.3457 0.091868
-0.3550 0.078007
-0.3636 0.066069
-0.3714 0.055793
-0.3781 0.046967
-0.3837 0.039409
-0.3881 0.032960
-0.3914 0.027481
-0.3934 0.022843
-0.3944 0.018933
-0.3942 0.015648
-0.3931 0.012899
-0.3909 0.010606
-0.3877 0.008699
-0.3837 0.007117
-0.3788 0.005809
-0.3730 0.004731
-0.3665 0.003843
-0.3592 0.003114
-0.3512 0.002518
-0.3425 0.002030
-0.3332 0.001633
-0.3233 0.001310
-0.3127 0.001048
-0.3016 0.000836
-0.2900 0.000664
-0.2779 0.000526
-0.2652 0.000415
-0.2520 0.000326
-0.2382 0.000255
-0.2238 0.000198
-0.2089 0.000153
-0.1935 0.000117
-0.1778 0.000089
-0.1538 0.077110
-0.1208 0.060599
-0.0848 0.042615
-0.0392 0.039706
0.0192 -0.018613
0.0811 -0.080535
0.1308 -0.130449
0.1594 -0.239142
0.1570 -0.235569
0.1470 -0.220667
0.1332 -0.200002
0.1176 -0.176711
0.1013 -0.152275
0.0850 -0.122488
0.0691 -0.094387
0.0528 -0.068867
0.0356 -0.059437
0.0138 -0.021653
-0.0098 0.013920
-0.0368 0.050149
-0.0679 0.088458
