-0.4299 -0.025451
-0.4288 -0.022155
-0.4265 -0.019099
-0.4232 -0.016667
-0.4190 -0.014672
-0.4141 -0.012997
-0.4085 -0.011563
-0.4022 -0.010319
-0.3953 -0.009228
-0.3877 -0.008266
-0.3794 -0.007414
-0.3703 -0.006657
-0.3605 -0.005982
-0.3497 -0.005381
-0.3380 -0.004845
-0.3251 -0.004367
-0.3110 -0.003941
-0.2954 -0.003563
-0.2780 -0.003229
-0.2584 -0.002935
-0.2359 -0.002679
-0.2095 -0.002460
-0.1775 -0.002281
-0.1363 -0.002148
-0.0777 -0.002082
0.0048 -0.128057
0.1099 -0.154298
0.2138 -0.180286
0.2822 -0.197301
0.3088 -0.203807
0.3033 -0.202216
0.2659 -0.384338
0.2076 -0.354917
0.1571 -0.329411
0.1111 -0.302734
0.0683 -0.258556
0.0237 -0.220636
-0.0308 -0.184490
-0.1031 -0.146836
-0.1875 -0.109535
-0.2657 -0.078274
-0.3283 -0.055028
-0.3751 -0.038577
-0.4093 -0.027158
-0.4337 -0.019329
-0.4507 -0.014042
-0.4621 -0.010565
-0.4694 -0.008392
-0.4734 -0.007170
-0.4750 -0.006652
-0.4747 -0.006070
-0.4726 -0.005433
-0.4691 -0.005070
-0.4643 -0.004839
-0.4584 -0.004663
-0.4515 -0.004503
-0.4434 -0.004341
-0.4343 -0.004169
-0.4241 -0.003987
-0.4127 -0.003796
-0.3999 -0.003601
-0.3856 -0.003403
-0.3698 -0.003205
-0.3523 -0.003009
-0.3332 -0.002810
-0.3131 -0.002606
-0.2923 -0.002397
-0.2710 -0.002186
-0.2494 -0.001979
-0.2274 -0.001782
-0.2072 -0.074751
-0.2118 -0.145409
-0.2179 -0.142132
-0.2260 -0.137903
-0.2396 -0.130966
-0.2592 -0.121033
-0.2827 -0.109150
-0.3098 -0.143120
-0.3409 -0.119709
-0.3668 -0.100205
-0.3876 -0.084516
-0.4039 -0.072230
-0.4164 -0.062810
-0.4258 -0.055712
-0.4328 -0.050452
-0.4377 -0.044424
-0.4407 -0.040171
-0.4424 -0.037321
-0.4431 -0.034230
-0.4426 -0.031185
-0.4412 -0.029088
-0.4391 -0.027671
-0.4364 -0.026769
-0.4331 -0.026274
-0.4292 -0.026119
-0.4248 -0.026256
-0.4199 -0.025849
-0.4140 -0.023184
-0.4069 -0.020951
-0.3988 -0.019029
-0.3895 -0.017339
-0.3792 -0.015830
-0.3678 -0.014468
-0.3553 -0.013229
-0.3416 -0.012096
-0.3266 -0.011060
-0.3101 -0.010115
-0.2919 -0.009256
-0.2716 -0.008482
-0.2488 -0.007793
-0.2224 -0.007190
-0.1911 -0.006682
-0.1518 -0.006288
-0.0981 -0.006060
-0.0140 -0.006116
0.1177 -0.006491
0.2509 -0.006596
0.3375 -0.006148
0.3745 -0.005364
0.3749 -0.004483
0.3190 -0.208403
0.2670 -0.194615
0.2212 -0.182548
0.1811 -0.172064
0.1452 -0.162741
0.1116 -0.154040
0.0776 -0.145318
0.0398 -0.135696
-0.0075 -0.123772
-0.0720 -0.107556
-0.1551 -0.086695
-0.2400 -0.065357
-0.3110 -0.047509
-0.3649 -0.033937
-0.4043 -0.024039
-0.4323 -0.017004
-0.4517 -0.012135
-0.4646 -0.008893
-0.4726 -0.006620
-0.4767 -0.004635
-0.4780 -0.003628
-0.4769 -0.003148
-0.4739 -0.002939
-0.4692 -0.002859
-0.4631 -0.002832
-0.4557 -0.002815
-0.4469 -0.002789
-0.4368 -0.002746
-0.4253 -0.002683
-0.4124 -0.002602
-0.3979 -0.002506
-0.3818 -0.002399
-0.3639 -0.002284
-0.3439 -0.002166
-0.3216 -0.002046
-0.2967 -0.001929
-0.2694 -0.059408
-0.2492 -0.126956
-0.2369 -0.132902
-0.2322 -0.202044
-0.2359 -0.199139
-0.2489 -0.189205
-0.2713 -0.172301
-0.2991 -0.151319
-0.3279 -0.129601
-0.3545 -0.109513
-0.3774 -0.092234
-0.3962 -0.078088
-0.4110 -0.066920
-0.4223 -0.058368
-0.4308 -0.052006
-0.4368 -0.047431
-0.4408 -0.041805
-0.4427 -0.036187
-0.4428 -0.032490
-0.4417 -0.030039
-0.4397 -0.027647
-0.4366 -0.024273
-0.4325 -0.021569
-0.4277 -0.019310
-0.4221 -0.017363
-0.4160 -0.015649
-0.4092 -0.014119
-0.4019 -0.012742
-0.3940 -0.011496
-0.3855 -0.010366
-0.3765 -0.009342
-0.3668 -0.008415
-0.3564 -0.007578
-0.3451 -0.006823
-0.3330 -0.006145
-0.3198 -0.005536
-0.3055 -0.004990
-0.2899 -0.004502
-0.2728 -0.004067
-0.2538 -0.003680
-0.2324 -0.003340
-0.2079 -0.003045
-0.1786 -0.002797
-0.1419 -0.002603
-0.0912 -0.002481
-0.0118 -0.002472
0.1115 -0.002586
0.2387 -0.002610
0.3255 -0.002438
0.3659 -0.002137
0.3699 -0.001793
0.3511 -0.001466
0.2894 -0.198639
0.2353 -0.184825
0.1898 -0.173257
0.1505 -0.163266
0.1145 -0.154141
0.0788 -0.145119
0.0394 -0.135225
-0.0096 -0.122953
-0.0764 -0.106239
-0.1614 -0.084965
-0.2466 -0.063603
-0.3169 -0.045953
-0.3701 -0.032614
-0.4087 -0.022917
-0.4361 -0.016041
-0.4550 -0.011289
-0.4676 -0.008127
-0.4754 -0.006158
-0.4797 -0.005081
-0.4811 -0.003906
-0.4802 -0.003373
-0.4775 -0.003164
-0.4733 -0.003104
-0.4678 -0.003100
-0.4610 -0.003103
-0.4530 -0.003093
-0.4438 -0.003058
-0.4333 -0.002999
-0.4216 -0.002917
-0.4084 -0.002817
-0.3937 -0.002704
-0.3773 -0.002580
-0.3590 -0.002451
-0.3386 -0.002320
-0.3158 -0.002190
-0.2905 -0.002059
-0.2634 -0.001923
-0.2389 -0.066982
-0.2241 -0.070476
-0.2168 -0.142888
-0.2259 -0.206738
-0.2483 -0.189749
-0.2744 -0.170022
-0.3025 -0.148794
-0.3301 -0.127929
-0.3553 -0.108921
-0.3770 -0.092563
-0.3949 -0.079052
-0.4093 -0.068230
-0.4205 -0.059775
-0.4290 -0.053326
-0.4354 -0.048542
-0.4399 -0.045124
-0.4430 -0.042820
-0.4448 -0.041419
-0.4457 -0.040747
-0.4456 -0.038796
-0.4444 -0.035794
-0.4421 -0.033504
-0.4390 -0.032014
-0.4351 -0.030358
-0.4303 -0.027240
-0.4245 -0.024641
-0.4178 -0.022396
-0.4103 -0.020409
-0.4020 -0.018620
-0.3929 -0.016995
-0.3830 -0.015511
-0.3722 -0.014153
-0.3604 -0.012911
-0.3475 -0.011775
-0.3334 -0.010741
-0.3180 -0.009800
-0.3010 -0.008949
-0.2822 -0.008180
-0.2612 -0.007489
-0.2375 -0.006875
-0.2102 -0.006338
-0.1777 -0.005887
-0.1366 -0.005543
-0.0790 -0.005360
0.0128 -0.005449
0.1463 -0.005737
0.2685 -0.005701
0.3448 -0.005237
0.3752 -0.004534
0.3720 -0.003773
0.3335 -0.211543
0.2737 -0.195900
0.2233 -0.182756
0.1804 -0.171642
0.1428 -0.161920
0.1077 -0.152904
0.0722 -0.143834
0.0322 -0.133696
-0.0187 -0.120890
-0.0883 -0.103409
-0.1744 -0.081817
-0.2576 -0.060903
-0.3251 -0.043939
-0.3757 -0.031216
-0.4124 -0.022007
-0.4383 -0.015505
-0.4560 -0.011041
-0.4677 -0.008102
-0.4748 -0.006309
-0.4784 -0.004787
-0.4793 -0.003803
-0.4779 -0.003349
-0.4748 -0.003161
-0.4701 -0.003096
-0.4641 -0.003075
-0.4568 -0.003059
-0.4482 -0.003028
-0.4385 -0.002977
-0.4274 -0.002904
-0.4150 -0.002813
-0.4010 -0.002707
-0.3855 -0.002589
-0.3682 -0.002464
-0.3490 -0.002335
-0.3274 -0.002206
-0.3033 -0.002079
-0.2760 -0.001958
-0.2541 -0.063200
-0.2389 -0.132057
-0.2253 -0.207357
-0.2270 -0.205906
-0.2368 -0.198426
-0.2562 -0.183705
-0.2827 -0.163708
-0.3118 -0.141732
-0.3398 -0.120574
-0.3646 -0.101865
-0.3854 -0.086224
-0.4021 -0.073647
-0.4151 -0.063818
-0.4251 -0.056322
-0.4324 -0.050128
-0.4374 -0.043929
-0.4404 -0.039815
-0.4420 -0.037164
-0.4424 -0.035560
-0.4419 -0.033578
-0.4402 -0.029946
-0.4372 -0.026236
-0.4333 -0.023303
-0.4284 -0.020879
-0.4227 -0.018809
-0.4164 -0.016996
-0.4094 -0.015383
-0.4017 -0.013934
-0.3934 -0.012625
-0.3843 -0.011439
-0.3745 -0.010363
-0.3639 -0.009388
-0.3524 -0.008505
-0.3398 -0.007706
-0.3262 -0.006983
-0.3113 -0.006330
-0.2952 -0.005738
-0.2776 -0.005204
-0.2584 -0.004722
-0.2371 -0.004291
-0.2132 -0.003909
-0.1854 -0.003580
-0.1517 -0.003310
-0.1079 -0.003111
-0.0440 -0.003020
0.0567 -0.003078
0.1803 -0.003143
0.2772 -0.003001
0.3319 -0.002684
0.3504 -0.002292
0.3436 -0.001900
0.3076 -0.203559
0.2526 -0.189463
0.2066 -0.177694
0.1672 -0.167634
0.1319 -0.158641
0.0981 -0.150069
0.0629 -0.141177
0.0221 -0.130906
-0.0312 -0.117573
-0.1039 -0.099385
-0.1899 -0.077829
-0.2699 -0.057778
-0.3334 -0.041815
-0.3808 -0.029933
-0.4148 -0.021375
-0.4388 -0.015362
-0.4551 -0.011267
-0.4657 -0.008611
-0.4719 -0.007043
-0.4748 -0.006040
-0.4750 -0.004955
-0.4729 -0.004428
-0.4690 -0.004183
-0.4636 -0.004069
-0.4566 -0.004004
-0.4483 -0.003945
-0.4387 -0.003872
-0.4276 -0.003778
-0.4151 -0.003662
-0.4012 -0.003527
-0.3856 -0.003377
-0.3682 -0.003216
-0.3488 -0.003049
-0.3273 -0.002881
-0.3032 -0.002714
-0.2769 -0.002544
-0.2611 -0.061948
-0.2478 -0.065001
-0.2379 -0.067195
-0.2432 -0.194148
-0.2662 -0.176541
-0.2900 -0.158425
-0.3140 -0.140242
-0.3371 -0.122769
-0.3582 -0.106808
-0.3767 -0.092846
-0.3923 -0.081043
-0.4052 -0.071333
-0.4152 -0.060448
-0.4226 -0.052457
-0.4279 -0.046725
-0.4316 -0.042646
-0.4340 -0.039804
-0.4353 -0.037906
-0.4358 -0.036742
-0.4354 -0.036159
-0.4345 -0.036043
-0.4327 -0.033793
-0.4301 -0.032203
-0.4267 -0.031205
-0.4225 -0.027663
-0.4171 -0.024691
-0.4109 -0.022179
-0.4037 -0.020000
-0.3958 -0.018075
-0.3872 -0.016353
-0.3777 -0.014801
-0.3675 -0.013395
-0.3564 -0.012120
-0.3445 -0.010963
-0.3316 -0.009916
-0.3175 -0.008971
-0.3022 -0.008121
-0.2853 -0.007361
-0.2666 -0.006684
-0.2455 -0.006087
-0.2213 -0.005565
-0.1930 -0.005119
-0.1583 -0.004758
-0.1125 -0.004506
-0.0443 -0.004423
0.0661 -0.004586
0.2003 -0.004740
0.3032 -0.004544
0.3592 -0.004062
0.3747 -0.003455
0.3627 -0.002846
0.3162 -0.206458
0.2578 -0.191323
0.2092 -0.178764
0.1678 -0.168128
0.1311 -0.158701
0.0960 -0.149759
0.0594 -0.140476
0.0166 -0.129677
-0.0397 -0.115533
-0.1161 -0.096408
-0.2032 -0.074552
-0.2815 -0.054881
-0.3428 -0.039473
-0.3881 -0.028091
-0.4206 -0.019929
-0.4434 -0.014217
-0.4588 -0.010341
-0.4687 -0.007841
-0.4745 -0.006376
-0.4772 -0.005270
-0.4772 -0.004343
-0.4752 -0.003907
-0.4715 -0.003715
-0.4663 -0.003634
-0.4597 -0.003590
-0.4518 -0.003546
-0.4427 -0.003486
-0.4324 -0.003405
-0.4207 -0.003301
-0.4076 -0.003179
-0.3931 -0.003043
-0.3769 -0.002897
-0.3590 -0.002745
-0.3390 -0.002591
-0.3167 -0.002439
-0.2917 -0.002291
-0.2644 -0.060987
-0.2439 -0.065888
-0.2296 -0.136804
-0.2209 -0.210798
-0.2280 -0.205233
-0.2434 -0.193513
-0.2666 -0.175929
-0.2944 -0.154894
-0.3230 -0.133325
-0.3494 -0.113374
-0.3722 -0.096149
-0.3911 -0.081957
-0.4061 -0.070643
-0.4177 -0.061853
-0.4266 -0.055185
-0.4331 -0.050260
-0.4377 -0.046754
-0.4409 -0.044395
-0.4428 -0.042960
-0.4435 -0.040500
-0.4431 -0.037410
-0.4413 -0.033252
-0.4382 -0.029225
-0.4341 -0.026052
-0.4290 -0.023424
-0.4232 -0.021167
-0.4167 -0.019178
-0.4095 -0.017394
-0.4017 -0.015778
-0.3933 -0.014306
-0.3842 -0.012962
-0.3745 -0.011735
-0.3640 -0.010616
-0.3528 -0.009598
-0.3407 -0.008676
-0.3275 -0.007843
-0.3132 -0.007094
-0.2975 -0.006423
-0.2801 -0.005824
-0.2607 -0.005293
-0.2389 -0.004823
-0.2139 -0.004413
-0.1846 -0.004063
-0.1485 -0.003781
-0.1004 -0.003589
-0.0276 -0.003541
0.0873 -0.003676
0.2155 -0.003742
0.3082 -0.003533
0.3558 -0.003126
0.3664 -0.002644
0.3525 -0.002173
0.2924 -0.199936
0.2407 -0.186617
0.1968 -0.175330
0.1586 -0.165548
0.1238 -0.156672
0.0898 -0.148055
0.0536 -0.138903
0.0104 -0.128026
-0.0473 -0.113571
-0.1249 -0.094153
-0.2113 -0.072495
-0.2876 -0.053338
-0.3470 -0.038427
-0.3907 -0.027433
-0.4221 -0.019556
-0.4440 -0.014048
-0.4589 -0.010318
-0.4684 -0.007921
-0.4739 -0.006534
-0.4763 -0.005023
-0.4761 -0.004184
-0.4738 -0.003780
-0.4699 -0.003593
-0.4645 -0.003505
-0.4577 -0.003451
-0.4496 -0.003398
-0.4403 -0.003332
-0.4296 -0.003246
-0.4176 -0.003141
-0.4042 -0.003021
-0.3893 -0.002888
-0.3726 -0.002746
-0.3541 -0.002601
-0.3336 -0.002454
-0.3109 -0.002304
-0.2869 -0.002148
-0.2623 -0.001981
-0.2439 -0.065757
-0.2330 -0.068239
-0.2239 -0.070306
-0.2299 -0.136167
-0.2425 -0.129665
-0.2594 -0.121022
-0.2798 -0.110677
-0.3020 -0.099488
-0.3239 -0.088402
-0.3443 -0.078134
-0.3623 -0.069081
-0.3776 -0.061386
-0.3902 -0.055024
-0.4004 -0.049889
-0.4085 -0.045844
-0.4146 -0.042745
-0.4192 -0.040458
-0.4223 -0.038861
-0.4243 -0.037850
-0.4251 -0.034469
-0.4245 -0.032106
-0.4227 -0.027669
-0.4195 -0.024055
-0.4152 -0.021152
-0.4100 -0.018743
-0.4041 -0.016694
-0.3973 -0.014919
-0.3899 -0.013360
-0.3818 -0.011980
-0.3730 -0.010751
-0.3634 -0.009652
-0.3531 -0.008670
-0.3420 -0.007790
-0.3299 -0.007002
-0.3168 -0.006299
-0.3024 -0.005673
-0.2866 -0.005117
-0.2690 -0.004626
-0.2491 -0.004195
-0.2263 -0.003822
-0.1994 -0.003506
-0.1663 -0.003249
-0.1228 -0.003067
-0.0590 -0.002993
0.0340 -0.136279
0.1414 -0.163127
0.2350 -0.186457
0.2900 -0.200027
0.3066 -0.203870
0.2957 -0.200817
0.2419 -0.372644
0.1899 -0.346296
0.1437 -0.322949
0.1005 -0.299270
0.0588 -0.255637
0.0142 -0.217678
-0.0416 -0.181048
-0.1149 -0.143044
-0.1974 -0.106409
-0.2720 -0.076422
-0.3308 -0.054356
-0.3746 -0.038813
-0.4064 -0.028067
-0.4289 -0.020730
-0.4445 -0.015807
-0.4548 -0.012601
-0.4612 -0.010633
-0.4646 -0.009569
-0.4656 -0.009180
-0.4646 -0.008241
-0.4619 -0.007335
-0.4578 -0.006733
-0.4523 -0.006293
-0.4456 -0.005935
-0.4378 -0.005616
-0.4288 -0.005316
-0.4187 -0.005024
-0.4073 -0.004736
-0.3947 -0.004452
-0.3807 -0.004174
-0.3652 -0.003903
-0.3482 -0.003636
-0.3299 -0.003370
-0.3108 -0.003102
-0.2912 -0.002833
-0.2712 -0.002568
-0.2510 -0.002313
-0.2303 -0.002072
-0.2132 -0.073516
-0.2065 -0.148328
-0.2137 -0.144448
-0.2213 -0.140378
-0.2322 -0.134745
-0.2485 -0.126453
-0.2694 -0.115859
-0.2927 -0.104139
-0.3158 -0.092482
-0.3371 -0.081716
-0.3559 -0.072265
-0.3718 -0.064258
-0.3850 -0.057652
-0.3956 -0.052328
-0.4039 -0.048139
-0.4102 -0.044940
-0.4149 -0.042592
-0.4181 -0.040969
-0.4201 -0.039961
-0.4210 -0.036746
-0.4200 -0.031063
-0.4174 -0.026775
-0.4136 -0.023398
-0.4087 -0.020645
-0.4029 -0.018336
-0.3962 -0.016357
-0.3888 -0.014635
-0.3807 -0.013121
-0.3717 -0.011781
-0.3619 -0.010589
-0.3512 -0.009527
-0.3396 -0.008580
-0.3268 -0.007734
-0.3129 -0.006979
-0.2976 -0.006304
-0.2809 -0.005700
-0.2624 -0.005162
-0.2418 -0.004684
-0.2185 -0.004264
-0.1915 -0.003903
-0.1586 -0.003606
-0.1156 -0.003390
-0.0525 -0.003295
0.0496 -0.003378
0.1799 -0.003491
0.2829 -0.003360
0.3404 -0.003014
0.3589 -0.002574
0.3509 -0.002130
0.3086 -0.203980
0.2537 -0.189867
0.2077 -0.178067
0.1684 -0.167997
0.1332 -0.159026
0.0997 -0.150517
0.0650 -0.141745
0.0251 -0.131697
-0.0265 -0.118759
-0.0971 -0.101088
-0.1823 -0.079762
-0.2628 -0.059550
-0.3275 -0.043306
-0.3759 -0.031163
-0.4108 -0.022392
-0.4354 -0.016211
-0.4522 -0.011979
-0.4633 -0.009209
-0.4699 -0.007539
-0.4732 -0.006349
-0.4737 -0.005138
-0.4721 -0.004511
-0.4687 -0.004186
-0.4637 -0.004009
-0.4574 -0.003892
-0.4497 -0.003793
-0.4409 -0.003689
-0.4308 -0.003572
-0.4194 -0.003439
-0.4067 -0.003293
-0.3925 -0.003137
-0.3767 -0.002973
-0.3593 -0.002807
-0.3402 -0.002636
-0.3199 -0.002456
-0.2992 -0.002264
-0.2790 -0.002061
-0.2597 -0.061913
-0.2531 -0.063292
-0.2475 -0.064450
-0.2438 -0.065168
-0.2536 -0.124141
-0.2685 -0.116532
-0.2855 -0.107889
-0.3039 -0.098558
-0.3227 -0.089032
-0.3409 -0.079861
-0.3575 -0.071478
-0.3721 -0.064127
-0.3845 -0.057892
-0.3947 -0.052749
-0.4029 -0.048616
-0.4094 -0.045384
-0.4142 -0.042942
-0.4177 -0.041182
-0.4200 -0.040008
-0.4213 -0.037994
-0.4213 -0.034992
-0.4201 -0.032958
-0.4177 -0.029012
-0.4141 -0.025297
-0.4094 -0.022288
-0.4037 -0.019778
-0.3972 -0.017634
-0.3899 -0.015772
-0.3818 -0.014133
-0.3731 -0.012680
-0.3635 -0.011385
-0.3532 -0.010226
-0.3421 -0.009187
-0.3301 -0.008255
-0.3171 -0.007420
-0.3031 -0.006672
-0.2879 -0.006004
-0.2712 -0.005408
-0.2527 -0.004880
-0.2320 -0.004417
-0.2082 -0.004017
-0.1799 -0.003680
-0.1443 -0.003414
-0.0958 -0.003239
-0.0210 -0.122781
0.0674 -0.144753
0.1696 -0.170288
0.2478 -0.189722
0.2880 -0.199514
0.2949 -0.200906
0.2652 -0.384599
0.2135 -0.358363
0.1673 -0.334908
0.1248 -0.313443
0.0851 -0.272813
0.0462 -0.235240
0.0019 -0.201291
-0.0554 -0.167339
-0.1299 -0.131688
-0.2108 -0.097937
-0.2819 -0.070724
-0.3374 -0.050746
-0.3787 -0.036634
-0.4085 -0.026842
-0.4297 -0.020143
-0.4442 -0.015649
-0.4537 -0.012740
-0.4595 -0.010981
-0.4623 -0.010071
-0.4629 -0.009559
-0.4615 -0.008204
-0.4584 -0.007337
-0.4538 -0.006737
-0.4479 -0.006281
-0.4409 -0.005901
-0.4327 -0.005560
-0.4233 -0.005240
-0.4128 -0.004931
-0.4010 -0.004630
-0.3879 -0.004337
-0.3734 -0.004053
-0.3573 -0.003780
-0.3394 -0.003519
-0.3195 -0.003272
-0.2972 -0.003041
-0.2721 -0.002827
-0.2434 -0.002634
-0.2098 -0.002464
-0.1827 -0.081484
-0.1647 -0.169365
-0.1618 -0.255150
-0.1650 -0.252547
-0.1796 -0.241419
-0.2071 -0.220659
-0.2430 -0.193586
-0.2810 -0.164943
-0.3163 -0.138305
-0.3466 -0.115433
-0.3714 -0.096763
-0.3909 -0.082031
-0.4059 -0.070701
-0.4172 -0.062185
-0.4255 -0.055943
-0.4313 -0.049633
-0.4347 -0.044763
-0.4364 -0.041655
-0.4366 -0.038056
-0.4355 -0.033903
-0.4328 -0.029470
-0.4289 -0.026022
-0.4241 -0.023210
-0.4184 -0.020831
-0.4120 -0.018764
-0.4049 -0.016935
-0.3971 -0.015300
-0.3887 -0.013827
-0.3795 -0.012496
-0.3697 -0.011292
-0.3590 -0.010204
-0.3474 -0.009221
-0.3348 -0.008334
-0.3212 -0.007535
-0.3063 -0.006817
-0.2901 -0.006170
-0.2723 -0.005588
-0.2528 -0.005067
-0.2312 -0.004603
-0.2067 -0.004194
-0.1781 -0.003843
-0.1429 -0.003559
-0.0957 -0.003365
-0.0239 -0.003308
0.0892 -0.003417
0.2140 -0.003461
0.3040 -0.003257
0.3502 -0.002878
0.3609 -0.002434
0.3481 -0.002003
0.2900 -0.199197
0.2394 -0.186192
0.1964 -0.175164
0.1590 -0.165594
0.1249 -0.156906
0.0917 -0.148491
0.0566 -0.139607
0.0150 -0.129161
-0.0398 -0.115425
-0.1140 -0.096846
-0.1992 -0.075502
-0.2764 -0.056146
-0.3370 -0.040916
-0.3819 -0.029649
-0.4140 -0.021574
-0.4365 -0.015938
-0.4516 -0.012132
-0.4613 -0.009700
-0.4668 -0.008305
-0.4691 -0.006769
-0.4688 -0.005655
-0.4663 -0.005042
-0.4621 -0.004690
-0.4564 -0.004466
-0.4492 -0.004297
-0.4407 -0.004145
-0.4310 -0.003992
-0.4199 -0.003831
-0.4075 -0.003660
-0.3936 -0.003480
-0.3782 -0.003294
-0.3610 -0.003106
-0.3420 -0.002920
-0.3209 -0.002737
-0.2986 -0.052861
-0.2820 -0.056731
-0.2623 -0.061424
-0.2441 -0.129733
-0.2384 -0.132339
-0.2488 -0.189754
-0.2663 -0.176401
-0.2877 -0.160077
-0.3115 -0.142055
-0.3354 -0.123984
-0.3575 -0.107273
-0.3768 -0.092756
-0.3927 -0.080732
-0.4054 -0.071135
-0.4152 -0.063712
-0.4226 -0.058137
-0.4280 -0.054084
-0.4317 -0.051267
-0.4340 -0.047705
-0.4348 -0.044701
-0.4346 -0.042879
-0.4334 -0.041904
-0.4317 -0.040957
-0.4288 -0.036245
-0.4247 -0.032030
-0.4195 -0.028595
-0.4134 -0.025685
-0.4065 -0.023149
-0.3990 -0.020898
-0.3907 -0.018877
-0.3818 -0.017050
-0.3722 -0.015395
-0.3619 -0.013893
-0.3508 -0.012533
-0.3389 -0.011303
-0.3260 -0.010195
-0.3120 -0.009198
-0.2968 -0.008306
-0.2799 -0.007511
-0.2612 -0.006807
-0.2400 -0.006189
-0.2155 -0.005655
-0.1863 -0.005207
-0.1497 -0.004855
-0.1003 -0.004625
-0.0252 -0.004586
0.0920 -0.004774
0.2187 -0.004843
0.3079 -0.004550
0.3528 -0.004013
0.3625 -0.003391
0.3492 -0.002789
0.3236 -0.002259
0.2621 -0.192400
0.2110 -0.179230
0.1688 -0.168355
0.1318 -0.158876
0.0969 -0.149988
0.0609 -0.140843
0.0191 -0.130302
