0.9977
0.9726
0.9298
0.9293
0.9315
0.9328
0.9310
0.9264
0.9219
0.9171
0.9134
0.9104
0.9082
0.9068
0.9061
0.9063
0.9065
0.9069
0.9076
0.9085
0.9089
0.9095
0.9103
0.9107
0.9110
0.9116
0.9121
0.9124
0.9125
0.9132
0.9130
0.9134
0.9137
0.9140
0.9140
0.9140
0.9139
0.9140
0.9142
0.9142
0.9139
0.9141
0.9142
0.9140
0.9140
0.9142
0.9142
0.9141
0.9139
0.9139
0.9140
0.9137
0.9139
0.9139
0.9140
0.9143
0.9144
0.9142
0.9146
0.9145
0.9142
0.9141
0.9142
0.9144
0.9146
0.9143
0.9142
0.9148
0.9146
0.9143
0.9144
0.9147
0.9145
0.9147
0.9145
0.9145
0.9145
0.9146
0.9138
0.9140
0.9139
0.9139
0.9138
0.9141
0.9141
0.9143
0.9140
0.9146
0.9142
0.9140
0.9138
0.9139
0.9137
0.9139
0.9140
0.9141
0.9136
0.9138
0.9143
0.9142
0.9143
0.9139
0.9141
0.9139
0.9139
0.9139
0.9140
0.9139
0.9140
0.9143
0.9142
0.9141
0.9141
0.9140
0.9138
0.9140
0.9137
0.9136
0.9136
0.9133
0.9136
0.9137
0.9134
0.9132
0.9137
0.9131
0.9130
0.9134
0.9132
0.9130
0.9132
0.9136
0.9135
0.9132
0.9134
0.9133
0.9133
0.9136
0.9133
0.9133
0.9131
0.9132
0.9131
0.9130
0.9130
0.9129
0.9128
0.9132
0.9132
0.9130
0.9131
0.9131
0.9129
0.9128
0.9125
0.9126
0.9126
0.9126
0.9126
0.9124
0.9125
0.9127
0.9128
