0.0173 -0.005777
-0.0090 0.002745
-0.0430 0.012985
-0.0870 0.025561
-0.1394 0.039926
-0.1927 0.054000
-0.2392 0.065820
-0.2759 0.074744
-0.3033 0.077325
-0.3238 0.075278
-0.3392 0.067691
-0.3515 0.057999
-0.3613 0.049292
-0.3690 0.041624
-0.3749 0.034968
-0.3793 0.029254
-0.3825 0.024389
-0.3845 0.020275
-0.3857 0.016816
-0.3862 0.013920
-0.3860 0.011505
-0.3854 0.009497
-0.3844 0.007832
-0.3831 0.006453
-0.3815 0.005314
-0.3798 0.004374
-0.3780 0.003599
-0.3760 0.002961
-0.3740 0.002435
-0.3720 0.002002
-0.3699 0.001646
-0.3678 0.001353
-0.3657 0.001113
-0.3637 0.000915
-0.3617 0.000752
-0.3598 0.000619
-0.3577 0.000509
-0.3556 0.000418
-0.3532 0.000343
-0.3507 0.000282
-0.3479 0.000231
-0.3450 0.000190
-0.3419 0.000155
-0.3388 0.000127
-0.3356 0.000104
-0.3326 0.000085
-0.3298 0.000070
-0.3271 0.000057
-0.3246 0.000047
-0.3220 0.000039
-0.3191 0.000032
-0.3159 0.000026
-0.3122 0.000021
-0.3078 0.000017
-0.3029 0.000014
-0.2973 0.000011
-0.2912 0.000009
-0.2847 0.000007
-0.2780 0.000006
-0.2711 0.000005
-0.2641 0.000004
-0.2571 0.000003
-0.2492 0.031173
-0.2364 0.029565
-0.2239 0.028002
-0.2116 0.026465
-0.1993 0.024924
-0.1865 0.023328
-0.1727 0.021608
-0.1573 0.019679
-0.1392 0.017428
-0.1171 0.014672
-0.0883 0.011081
-0.0477 0.006023
0.0138 -0.003261
0.0958 -0.023742
0.1749 -0.043563
0.2301 -0.057431
0.2604 -0.065047
0.2717 -0.067925
0.2704 -0.067621
0.2613 -0.065347
0.2476 -0.061949
0.2318 -0.057980
0.2151 -0.051190
0.1948 -0.066945
0.1766 -0.057826
0.1599 -0.050208
0.1441 -0.043655
0.1288 -0.037856
0.1115 -0.045902
0.0942 -0.038204
0.0768 -0.030760
0.0585 -0.023195
0.0383 -0.015082
0.0148 -0.005855
-0.0140 0.005129
-0.0509 0.017823
-0.0976 0.032551
-0.1510 0.048230
-0.2030 0.062454
-0.2471 0.073580
-0.2812 0.081435
-0.3062 0.086583
-0.3237 0.089710
-0.3354 0.091394
-0.3428 0.092069
-0.3470 0.088238
-0.3499 0.081147
-0.3519 0.075084
-0.3530 0.067795
-0.3544 0.056276
-0.3562 0.046761
-0.3580 0.038863
-0.3598 0.032290
-0.3613 0.026813
-0.3626 0.022249
-0.3636 0.018447
-0.3643 0.015282
-0.3648 0.012650
-0.3649 0.010463
-0.3648 0.008649
-0.3645 0.007145
-0.3640 0.005900
-0.3634 0.004870
-0.3627 0.004018
-0.3619 0.003315
-0.3611 0.002735
-0.3602 0.002256
-0.3593 0.001861
-0.3584 0.001535
-0.3576 0.001266
-0.3568 0.001044
-0.3560 0.000861
-0.3553 0.000711
-0.3548 0.000587
-0.3544 0.000485
-0.3542 0.000401
-0.3540 0.000331
-0.3536 0.000273
-0.3527 0.000225
-0.3509 0.000185
-0.3483 0.000152
-0.3449 0.000125
-0.3408 0.000102
-0.3359 0.000083
-0.3306 0.000068
-0.3249 0.000055
-0.3189 0.000045
-0.3129 0.000036
-0.3067 0.000029
-0.3006 0.000024
-0.2945 0.000019
-0.2883 0.000016
-0.2821 0.000013
-0.2759 0.000010
-0.2696 0.000008
-0.2633 0.000007
-0.2571 0.000005
-0.2509 0.000004
-0.2447 0.000003
-0.2386 0.000003
-0.2323 0.000002
-0.2259 0.000002
-0.2190 0.000001
-0.2080 0.026013
-0.1945 0.024328
-0.1800 0.022522
-0.1642 0.020541
-0.1462 0.018296
-0.1232 0.030862
-0.0924 0.023191
-0.0507 0.012791
0.0102 -0.002358
0.0921 -0.022804
0.1725 -0.042941
0.2293 -0.057220
0.2609 -0.065167
0.2731 -0.068265
0.2723 -0.068082
0.2583 -0.096917
0.2415 -0.090610
0.2215 -0.110860
0.2004 -0.100318
0.1814 -0.090773
0.1638 -0.081978
0.1473 -0.073731
0.1318 -0.063213
0.1172 -0.054069
0.1028 -0.045904
0.0882 -0.038332
0.0731 -0.031025
0.0568 -0.023360
0.0387 -0.014877
0.0176 -0.006410
-0.0085 0.002795
-0.0423 0.013601
-0.0860 0.026657
-0.1381 0.041414
-0.1913 0.055756
-0.2380 0.067693
-0.2750 0.076603
-0.3027 0.079672
-0.3236 0.075191
-0.3401 0.065347
-0.3533 0.056141
-0.3639 0.047813
-0.3723 0.040449
-0.3789 0.034038
-0.3840 0.028522
-0.3878 0.023817
-0.3906 0.019832
-0.3924 0.016474
-0.3934 0.013658
-0.3938 0.011304
-0.3937 0.009343
-0.3931 0.007713
-0.3922 0.006362
-0.3909 0.005244
-0.3896 0.004321
-0.3881 0.003559
-0.3866 0.002931
-0.3851 0.002414
-0.3837 0.001989
-0.3825 0.001639
-0.3814 0.001351
-0.3805 0.001115
-0.3798 0.000920
-0.3793 0.000760
-0.3790 0.000627
-0.3785 0.000518
-0.3774 0.000427
-0.3755 0.000351
-0.3726 0.000288
-0.3686 0.000236
-0.3636 0.000192
-0.3579 0.000157
-0.3514 0.000127
-0.3446 0.000103
-0.3376 0.000083
-0.3306 0.000068
-0.3236 0.000055
-0.3169 0.000044
-0.3104 0.000036
-0.3042 0.000029
-0.2982 0.000024
-0.2925 0.000019
-0.2871 0.000016
-0.2821 0.000013
-0.2773 0.000010
-0.2728 0.000008
-0.2685 0.000007
-0.2643 0.000006
-0.2601 0.000004
-0.2556 0.000004
-0.2505 0.000003
-0.2449 0.000002
-0.2387 0.000002
-0.2319 0.000002
-0.2197 0.027475
-0.2062 0.025794
-0.1922 0.024041
-0.1740 0.043540
-0.1528 0.038258
-0.1287 0.032249
-0.0993 0.024920
-0.0602 0.015161
-0.0035 0.001039
0.0758 -0.018728
0.1592 -0.039619
0.2214 -0.055231
0.2575 -0.064308
0.2728 -0.068190
0.2739 -0.068498
0.2614 -0.098092
0.2449 -0.091909
0.2273 -0.085315
0.2096 -0.078672
0.1923 -0.072167
0.1735 -0.086872
0.1545 -0.076739
0.1375 -0.065391
0.1217 -0.055792
0.1066 -0.047331
0.0916 -0.038182
0.0766 -0.029704
0.0606 -0.022095
0.0430 -0.014845
0.0224 -0.007425
-0.0028 0.000798
-0.0354 0.010616
-0.0779 0.022751
-0.1297 0.036963
-0.1840 0.051359
-0.2325 0.063778
-0.2714 0.073321
-0.3006 0.077614
-0.3224 0.075821
-0.3385 0.073166
-0.3502 0.070172
-0.3587 0.062966
-0.3656 0.053068
-0.3713 0.044563
-0.3759 0.037300
-0.3794 0.031131
-0.3820 0.025916
-0.3837 0.021525
-0.3847 0.017842
-0.3850 0.014763
-0.3847 0.012197
-0.3839 0.010065
-0.3827 0.008296
-0.3813 0.006833
-0.3796 0.005625
-0.3778 0.004628
-0.3759 0.003808
-0.3740 0.003133
-0.3722 0.002578
-0.3706 0.002122
-0.3690 0.001747
-0.3677 0.001439
-0.3664 0.001186
-0.3652 0.000977
-0.3639 0.000805
-0.3625 0.000663
-0.3610 0.000546
-0.3594 0.000449
-0.3575 0.000370
-0.3555 0.000304
-0.3533 0.000250
-0.3508 0.000205
-0.3480 0.000168
-0.3450 0.000138
-0.3417 0.000113
-0.3381 0.000092
-0.3342 0.000075
-0.3302 0.000062
-0.3258 0.000050
-0.3213 0.000041
-0.3165 0.000033
-0.3116 0.000027
-0.3065 0.000022
-0.3011 0.000018
-0.2954 0.000015
-0.2893 0.000012
-0.2829 0.000010
-0.2761 0.000008
-0.2692 0.000006
-0.2620 0.000005
-0.2547 0.000004
-0.2426 0.030341
-0.2282 0.057090
-0.2093 0.052364
-0.1904 0.047637
-0.1707 0.042730
-0.1493 0.037381
-0.1245 0.031187
-0.0935 0.023466
-0.0513 0.012950
0.0105 -0.002443
0.0939 -0.023255
0.1753 -0.043647
0.2324 -0.057995
0.2638 -0.065907
0.2757 -0.068918
0.2745 -0.068632
0.2651 -0.066301
0.2511 -0.062806
0.2347 -0.058726
0.2134 -0.080121
0.1933 -0.072573
0.1748 -0.065613
0.1577 -0.056126
0.1420 -0.046500
0.1261 -0.052696
0.1096 -0.042623
0.0937 -0.034206
0.0777 -0.026825
0.0608 -0.019994
0.0420 -0.013266
0.0200 -0.006143
-0.0072 0.002014
-0.0423 0.012014
-0.0879 0.024497
-0.1420 0.038897
-0.1966 0.053057
-0.2437 0.064975
-0.2806 0.074013
-0.3076 0.080429
-0.3266 0.084752
-0.3393 0.087494
-0.3475 0.084530
-0.3533 0.078707
-0.3572 0.073543
-0.3597 0.069017
-0.3611 0.061716
-0.3626 0.051243
-0.3642 0.042558
-0.3658 0.035335
-0.3670 0.029316
-0.3680 0.024301
-0.3685 0.020124
-0.3687 0.016647
-0.3686 0.013759
-0.3681 0.011362
-0.3674 0.009376
-0.3665 0.007733
-0.3655 0.006375
-0.3643 0.005255
-0.3631 0.004330
-0.3618 0.003568
-0.3605 0.002939
-0.3591 0.002421
-0.3577 0.001994
-0.3562 0.001642
-0.3547 0.001352
-0.3532 0.001113
-0.3515 0.000916
-0.3498 0.000753
-0.3479 0.000619
-0.3458 0.000509
-0.3435 0.000418
-0.3410 0.000343
-0.3383 0.000282
-0.3355 0.000231
-0.3324 0.000189
-0.3293 0.000155
-0.3259 0.000127
-0.3224 0.000104
-0.3186 0.000085
-0.3145 0.000069
-0.3100 0.000056
-0.3050 0.000046
-0.2996 0.000037
-0.2937 0.000030
-0.2877 0.000024
-0.2814 0.000020
-0.2750 0.000016
-0.2685 0.000013
-0.2619 0.000010
-0.2474 0.061902
-0.2287 0.057227
-0.2104 0.052654
-0.1920 0.048052
-0.1728 0.043247
-0.1517 0.037995
-0.1275 0.031935
-0.0975 0.024453
-0.0571 0.014397
0.0016 -0.000215
0.0825 -0.020416
0.1653 -0.041146
0.2255 -0.056255
0.2596 -0.064839
0.2734 -0.068335
0.2734 -0.068366
0.2648 -0.066230
0.2512 -0.062847
0.2351 -0.058828
0.2168 -0.081392
0.1925 -0.096352
0.1706 -0.085397
0.1518 -0.069697
0.1355 -0.057292
0.1204 -0.047316
0.1058 -0.038987
0.0913 -0.031766
0.0762 -0.025239
0.0600 -0.019045
0.0418 -0.012819
0.0205 -0.006119
-0.0060 0.001643
-0.0404 0.011240
-0.0851 0.023331
-0.1387 0.037473
-0.1934 0.051610
-0.2412 0.063687
-0.2788 0.072959
-0.3065 0.079621
-0.3261 0.084172
-0.3394 0.085385
-0.3487 0.079196
-0.3563 0.066901
-0.3628 0.056323
-0.3682 0.047270
-0.3727 0.039558
-0.3762 0.033019
-0.3789 0.027498
-0.3809 0.022853
-0.3822 0.018960
-0.3829 0.015706
-0.3831 0.012994
-0.3829 0.010738
-0.3824 0.008865
-0.3815 0.007312
-0.3803 0.006027
-0.3788 0.004964
-0.3771 0.004085
-0.3751 0.003360
-0.3729 0.002762
-0.3705 0.002269
-0.3681 0.001864
-0.3655 0.001530
-0.3629 0.001256
-0.3604 0.001031
-0.3579 0.000847
-0.3556 0.000696
-0.3534 0.000572
-0.3513 0.000470
-0.3495 0.000386
-0.3478 0.000318
-0.3462 0.000262
-0.3447 0.000215
-0.3432 0.000177
-0.3416 0.000146
-0.3399 0.000120
-0.3379 0.000099
-0.3356 0.000081
-0.3332 0.000067
-0.3306 0.000055
-0.3280 0.000045
-0.3253 0.000037
-0.3227 0.000030
-0.3201 0.000025
-0.3175 0.000020
-0.3148 0.000017
-0.3116 0.000014
-0.3078 0.000011
-0.3031 0.000009
-0.2975 0.000007
-0.2913 0.000006
-0.2845 0.000005
-0.2772 0.000004
-0.2640 0.033018
-0.2502 0.031294
-0.2368 0.029614
-0.2193 0.054861
-0.2006 0.050202
-0.1816 0.045450
-0.1613 0.040390
-0.1386 0.034709
-0.1113 0.027907
-0.0759 0.019081
-0.0256 0.006562
0.0475 -0.011664
0.1342 -0.033338
0.2057 -0.051280
0.2503 -0.062504
0.2718 -0.067917
0.2768 -0.069199
0.2711 -0.067810
0.2592 -0.064827
0.2438 -0.060983
0.2268 -0.056745
0.2086 -0.078216
0.1879 -0.066387
0.1696 -0.056885
0.1528 -0.048251
0.1373 -0.038832
0.1226 -0.031338
0.1060 -0.037989
0.0893 -0.030339
0.0722 -0.023425
0.0538 -0.016798
0.0331 -0.009994
0.0081 -0.002455
-0.0234 0.006566
-0.0647 0.017898
-0.1165 0.031710
-0.1729 0.046447
-0.2249 0.059710
-0.2670 0.070195
-0.2985 0.077845
-0.3210 0.083124
-0.3363 0.086576
-0.3461 0.088668
-0.3519 0.089101
-0.3554 0.082102
-0.3577 0.076070
-0.3590 0.070894
-0.3594 0.066464
-0.3594 0.057067
-0.3601 0.047267
-0.3610 0.039181
-0.3620 0.032484
-0.3629 0.026925
-0.3636 0.022307
-0.3641 0.018469
-0.3644 0.015282
-0.3645 0.012637
-0.3643 0.010444
-0.3639 0.008626
-0.3634 0.007122
-0.3628 0.005878
-0.3620 0.004850
-0.3612 0.004001
-0.3602 0.003300
-0.3592 0.002720
-0.3581 0.002242
-0.3569 0.001848
-0.3555 0.001522
-0.3539 0.001252
-0.3521 0.001030
-0.3501 0.000847
-0.3479 0.000696
-0.3455 0.000572
-0.3431 0.000469
-0.3406 0.000385
-0.3381 0.000316
-0.3356 0.000259
-0.3330 0.000213
-0.3300 0.000174
-0.3264 0.000143
-0.3223 0.000116
-0.3175 0.000095
-0.3123 0.000077
-0.3068 0.000063
-0.3010 0.000051
-0.2950 0.000041
-0.2891 0.000033
-0.2831 0.000027
-0.2773 0.000022
-0.2716 0.000018
-0.2660 0.000014
-0.2605 0.000012
-0.2550 0.000009
-0.2495 0.000008
-0.2440 0.000006
-0.2386 0.000005
-0.2331 0.000004
-0.2256 0.028214
-0.2144 0.026816
-0.2010 0.050290
-0.1844 0.046139
-0.1671 0.041810
-0.1481 0.037088
-0.1263 0.031641
-0.0994 0.024916
-0.0633 0.015926
-0.0111 0.002942
0.0630 -0.015533
0.1451 -0.036090
0.2094 -0.052226
0.2482 -0.061976
0.2658 -0.066427
0.2686 -0.067163
0.2620 -0.065519
0.2497 -0.062467
0.2345 -0.058660
0.2179 -0.054511
0.2009 -0.050262
0.1840 -0.046042
0.1642 -0.058752
0.1464 -0.049645
0.1300 -0.039647
0.1147 -0.031403
0.0996 -0.024719
0.0842 -0.019112
0.0678 -0.014209
0.0496 -0.015910
0.0272 -0.008438
0.0000 -0.000102
-0.0348 0.009959
-0.0803 0.022533
-0.1353 0.037289
-0.1919 0.052083
-0.2414 0.064667
-0.2803 0.074233
-0.3088 0.081011
-0.3288 0.085558
-0.3421 0.088417
-0.3503 0.090036
-0.3547 0.090753
-0.3564 0.088843
-0.3571 0.081317
-0.3571 0.074982
-0.3567 0.069639
-0.3557 0.065123
-0.3543 0.061298
-0.3524 0.058046
-0.3503 0.052008
-0.3490 0.042842
-0.3484 0.035360
-0.3482 0.029216
-0.3481 0.024150
-0.3480 0.019962
-0.3478 0.016496
-0.3475 0.013624
-0.3469 0.011246
-0.3461 0.009277
-0.3451 0.007648
-0.3439 0.006302
-0.3426 0.005191
-0.3412 0.004274
-0.3397 0.003518
-0.3381 0.002895
-0.3364 0.002382
-0.3347 0.001960
-0.3330 0.001612
-0.3313 0.001326
-0.3296 0.001091
-0.3279 0.000897
-0.3263 0.000738
-0.3246 0.000607
-0.3230 0.000499
-0.3213 0.000411
-0.3195 0.000338
-0.3176 0.000278
-0.3158 0.000228
-0.3139 0.000188
-0.3121 0.000154
-0.3102 0.000127
-0.3085 0.000104
-0.3068 0.000086
-0.3051 0.000070
-0.3033 0.000058
-0.3012 0.000048
-0.2988 0.000039
-0.2958 0.000032
-0.2922 0.000026
-0.2882 0.000021
-0.2837 0.000017
-0.2789 0.000014
-0.2740 0.000011
-0.2689 0.000009
-0.2639 0.000008
-0.2528 0.063253
-0.2358 0.058987
-0.2194 0.054901
-0.2034 0.050882
-0.1869 0.046777
-0.1694 0.042395
-0.1498 0.037506
-0.1269 0.031785
-0.0984 0.024681
-0.0601 0.015144
-0.0046 0.001328
0.0731 -0.018052
0.1556 -0.038725
0.2177 -0.054313
0.2539 -0.063420
0.2694 -0.067334
0.2706 -0.067665
0.2628 -0.065734
0.2498 -0.062487
0.2341 -0.058554
0.2171 -0.054329
0.1960 -0.097588
0.1734 -0.079151
0.1546 -0.065030
0.1379 -0.053940
0.1223 -0.044878
0.1073 -0.037197
0.0922 -0.030435
0.0766 -0.024226
0.0597 -0.018235
0.0408 -0.012102
0.0185 -0.005383
-0.0094 0.002538
-0.0457 0.012463
-0.0927 0.024990
-0.1480 0.039413
-0.2028 0.053482
-0.2497 0.065271
-0.2860 0.074217
-0.3125 0.080599
-0.3310 0.084932
-0.3433 0.087710
-0.3515 0.082979
-0.3574 0.073771
-0.3627 0.061887
-0.3673 0.051818
-0.3711 0.043297
-0.3743 0.036101
-0.3767 0.030040
-0.3783 0.024948
-0.3793 0.020683
-0.3797 0.017119
-0.3796 0.014149
-0.3790 0.011679
-0.3779 0.009631
-0.3766 0.007934
-0.3749 0.006531
-0.3731 0.005373
-0.3711 0.004419
-0.3689 0.003632
-0.3667 0.002985
-0.3644 0.002453
-0.3621 0.002015
-0.3597 0.001655
-0.3574 0.001360
-0.3550 0.001117
-0.3526 0.000917
-0.3503 0.000753
-0.3479 0.000619
-0.3455 0.000508
-0.3430 0.000417
-0.3403 0.000342
-0.3376 0.000281
-0.3348 0.000230
-0.3320 0.000189
-0.3291 0.000155
-0.3263 0.000127
-0.3235 0.000104
-0.3208 0.000085
-0.3181 0.000070
-0.3155 0.000057
-0.3129 0.000047
-0.3101 0.000038
-0.3071 0.000031
-0.3036 0.000026
-0.2997 0.000021
-0.2955 0.000017
-0.2909 0.000014
-0.2860 0.000011
-0.2811 0.000009
-0.2761 0.000007
-0.2711 0.000006
-0.2664 0.000005
-0.2614 0.032695
-0.2510 0.031388
-0.2378 0.059488
-0.2226 0.055686
-0.2077 0.051972
-0.1927 0.048205
-0.1767 0.044223
-0.1592 0.039835
-0.1390 0.034799
-0.1146 0.028729
-0.0833 0.020926
-0.0397 0.010059
0.0242 -0.005850
0.1065 -0.026403
0.1822 -0.045378
0.2333 -0.058227
0.2603 -0.065035
0.2694 -0.067345
0.2666 -0.066666
0.2565 -0.064156
0.2423 -0.060617
0.2261 -0.056570
0.2095 -0.048579
0.1933 -0.040664
0.1743 -0.052130
0.1573 -0.042305
0.1415 -0.034541
0.1264 -0.028240
0.1113 -0.022991
0.0961 -0.018486
0.0800 -0.014475
0.0612 -0.018161
0.0399 -0.011558
0.0149 -0.004270
-0.0164 0.004434
-0.0573 0.015436
-0.1093 0.029114
-0.1673 0.044120
-0.2215 0.057937
-0.2658 0.069019
-0.2991 0.077187
-0.3229 0.082879
-0.3390 0.086643
-0.3494 0.088964
-0.3554 0.090222
-0.3583 0.088716
-0.3598 0.081448
-0.3605 0.075282
-0.3605 0.070049
-0.3598 0.065604
-0.3586 0.061819
-0.3568 0.058587
-0.3553 0.048579
-0.3545 0.040075
-0.3541 0.033098
-0.3539 0.027347
-0.3536 0.022596
-0.3533 0.018665
-0.3528 0.015411
-0.3521 0.012717
-0.3512 0.010488
-0.3501 0.008644
-0.3488 0.007120
-0.3473 0.005862
-0.3456 0.004823
-0.3437 0.003966
-0.3417 0.003260
-0.3396 0.002679
-0.3375 0.002201
-0.3354 0.001809
-0.3333 0.001486
-0.3312 0.001221
-0.3290 0.001003
-0.3268 0.000824
-0.3246 0.000676
-0.3224 0.000555
-0.3202 0.000456
-0.3181 0.000375
-0.3160 0.000308
-0.3140 0.000253
-0.3120 0.000208
-0.3101 0.000171
-0.3082 0.000140
-0.3063 0.000115
-0.3042 0.000095
-0.3018 0.000078
-0.2990 0.000064
-0.2958 0.000052
-0.2922 0.000042
-0.2883 0.000035
-0.2841 0.000028
-0.2799 0.000023
-0.2756 0.000019
-0.2713 0.000015
-0.2672 0.000012
-0.2573 0.032188
-0.2472 0.030922
-0.2374 0.029688
-0.2276 0.028463
-0.2129 0.053272
-0.1972 0.049337
-0.1807 0.045227
-0.1630 0.040800
-0.1432 0.035851
-0.1199 0.030036
-0.0906 0.022744
-0.0508 0.012826
0.0071 -0.001601
0.0857 -0.021208
0.1645 -0.040957
0.2214 -0.055243
0.2534 -0.063309
0.2662 -0.066534
0.2658 -0.066465
0.2572 -0.064338
0.2440 -0.061025
0.2285 -0.053414
0.2127 -0.045709
0.1938 -0.062897
0.1729 -0.075547
0.1531 -0.062643
0.1356 -0.051750
0.1193 -0.042828
0.1035 -0.035217
0.0876 -0.028449
0.0710 -0.022146
0.0528 -0.015949
0.0322 -0.009451
0.0072 -0.002122
-0.0247 0.006772
-0.0664 0.018054
-0.1188 0.031864
-0.1756 0.046596
-0.2277 0.059845
-0.2698 0.070337
-0.3013 0.078025
-0.3238 0.083365
-0.3392 0.086889
-0.3491 0.089054
-0.3550 0.086505
-0.3598 0.072489
-0.3643 0.060688
-0.3684 0.050738
-0.3719 0.042351
-0.3748 0.035291
-0.3771 0.029358
-0.3788 0.024383
-0.3799 0.020221
-0.3805 0.016745
-0.3806 0.013848
-0.3802 0.011438
-0.3793 0.009436
-0.3781 0.007776
-0.3764 0.006401
-0.3745 0.005266
-0.3723 0.004328
-0.3699 0.003555
-0.3673 0.002919
-0.3645 0.002395
-0.3617 0.001965
-0.3587 0.001611
-0.3557 0.001321
-0.3526 0.001083
-0.3495 0.000887
-0.3464 0.000727
-0.3433 0.000596
-0.3404 0.000488
-0.3375 0.000400
-0.3348 0.000328
-0.3322 0.000269
-0.3297 0.000221
-0.3272 0.000181
-0.3247 0.000149
-0.3222 0.000122
-0.3197 0.000100
-0.3172 0.000082
-0.3146 0.000067
-0.3121 0.000055
-0.3096 0.000045
-0.3070 0.000037
-0.3044 0.000030
-0.3018 0.000025
