-0.0579 0.054042
-0.1024 0.081925
-0.1540 0.102005
-0.2066 0.113282
-0.2547 0.115549
-0.2960 0.111082
-0.3306 0.102590
-0.3592 0.092179
-0.3827 0.081233
-0.4021 0.070575
-0.4180 0.060655
-0.4307 0.051687
-0.4408 0.043739
-0.4485 0.036798
-0.4541 0.030803
-0.4577 0.025670
-0.4594 0.021308
-0.4595 0.017622
-0.4581 0.014524
-0.4551 0.011932
-0.4508 0.009772
-0.4452 0.007980
-0.4384 0.006497
-0.4306 0.005276
-0.4216 0.004272
-0.4118 0.003450
-0.4011 0.002778
-0.3897 0.002232
-0.3775 0.001788
-0.3648 0.001428
-0.3515 0.001138
-0.3378 0.000904
-0.3236 0.000716
-0.3090 0.000565
-0.2940 0.000445
-0.2786 0.000349
-0.2627 0.000272
-0.2461 0.000211
-0.2288 0.000162
-0.2103 0.000123
-0.1901 0.000092
-0.1674 0.000067
-0.1408 0.000047
-0.1014 0.033134
-0.0470 0.031007
0.0282 -0.017771
0.1075 -0.104137
0.1630 -0.211510
0.1798 -0.233613
0.1777 -0.231086
0.1654 -0.215164
0.1484 -0.193117
0.1297 -0.168802
0.1105 -0.143875
0.0912 -0.118749
0.0715 -0.093162
0.0509 -0.065770
0.0290 -0.035979
0.0043 -0.005234
-0.0251 0.026097
-0.0618 0.056899
-0.1071 0.084532
-0.1591 0.103901
-0.2114 0.114280
-0.2589 0.115777
-0.2995 0.110796
-0.3334 0.102016
-0.3615 0.091474
-0.3847 0.080495
-0.4037 0.069860
-0.4193 0.059994
-0.4319 0.051092
-0.4418 0.043215
-0.4493 0.036343
-0.4547 0.030413
-0.4582 0.025338
-0.4599 0.021027
-0.4599 0.017386
-0.4583 0.014326
-0.4552 0.011767
-0.4508 0.009635
-0.4452 0.007866
-0.4383 0.006404
-0.4303 0.005198
-0.4213 0.004208
-0.4114 0.003397
-0.4006 0.002736
-0.3891 0.002197
-0.3768 0.001759
-0.3640 0.001405
-0.3507 0.001119
-0.3369 0.000889
-0.3226 0.000704
-0.3080 0.000556
-0.2929 0.000437
-0.2774 0.000342
-0.2614 0.000267
-0.2448 0.000206
-0.2273 0.000158
-0.2086 0.000120
-0.1883 0.000090
-0.1653 0.000065
-0.1380 0.000045
-0.0974 0.031825
-0.0405 0.026765
0.0372 -0.023608
0.1159 -0.112342
0.1670 -0.216698
0.1812 -0.235486
0.1774 -0.230781
0.1642 -0.213629
0.1467 -0.190961
0.1278 -0.166356
0.1085 -0.141283
0.0891 -0.116043
0.0693 -0.090304
0.0485 -0.062594
0.0263 -0.032631
0.0011 -0.001597
-0.0290 0.029836
-0.0667 0.060766
-0.1131 0.087274
-0.1655 0.105719
-0.2176 0.114991
-0.2643 0.115576
-0.3041 0.110010
-0.3373 0.100924
-0.3649 0.090268
-0.3876 0.079292
-0.4062 0.068727
-0.4215 0.058964
-0.4338 0.050178
-0.4435 0.042418
-0.4509 0.035657
-0.4562 0.029828
-0.4595 0.024845
-0.4611 0.020613
-0.4610 0.017041
-0.4594 0.014041
-0.4563 0.011532
-0.4519 0.009443
-0.4462 0.007709
-0.4393 0.006276
-0.4313 0.005095
-0.4223 0.004125
-0.4124 0.003330
-0.4016 0.002682
-0.3901 0.002154
-0.3779 0.001725
-0.3651 0.001378
-0.3517 0.001098
-0.3379 0.000872
-0.3236 0.000690
-0.3090 0.000545
-0.2939 0.000429
-0.2784 0.000336
-0.2624 0.000262
-0.2457 0.000203
-0.2282 0.000156
-0.2096 0.000118
-0.1893 0.000088
-0.1663 0.000064
-0.1392 0.000044
-0.0996 0.032538
-0.0431 0.028439
0.0349 -0.022131
0.1151 -0.111574
0.1675 -0.217383
0.1825 -0.237143
0.1789 -0.232692
0.1656 -0.215432
0.1479 -0.192540
0.1288 -0.167713
0.1094 -0.142463
0.0899 -0.117100
0.0700 -0.091287
0.0492 -0.063787
0.0270 -0.033616
0.0019 -0.002454
-0.0282 0.029116
-0.0657 0.060153
-0.1120 0.086830
-0.1644 0.105524
-0.2166 0.115047
-0.2635 0.115819
-0.3035 0.110361
-0.3370 0.101323
-0.3646 0.090676
-0.3875 0.079685
-0.4063 0.069094
-0.4217 0.059298
-0.4342 0.050478
-0.4440 0.042685
-0.4515 0.035892
-0.4570 0.030034
-0.4605 0.025024
-0.4622 0.020768
-0.4623 0.017175
-0.4608 0.014156
-0.4579 0.011630
-0.4536 0.009527
-0.4481 0.007780
-0.4413 0.006336
-0.4334 0.005146
-0.4246 0.004167
-0.4147 0.003366
-0.4040 0.002711
-0.3926 0.002178
-0.3804 0.001745
-0.3677 0.001395
-0.3544 0.001111
-0.3405 0.000883
-0.3263 0.000700
-0.3116 0.000553
-0.2966 0.000435
-0.2811 0.000341
-0.2651 0.000266
-0.2485 0.000206
-0.2311 0.000158
-0.2126 0.000120
-0.1925 0.000090
-0.1700 0.000066
-0.1435 0.000046
-0.1068 0.034877
-0.0531 0.034921
0.0231 -0.014439
0.1061 -0.102722
0.1645 -0.213419
0.1831 -0.237992
0.1815 -0.236017
0.1688 -0.219695
0.1513 -0.196958
0.1321 -0.171984
0.1125 -0.146533
0.0929 -0.121031
0.0730 -0.095194
0.0523 -0.068318
0.0302 -0.037959
0.0055 -0.006767
-0.0237 0.025005
-0.0602 0.056163
-0.1054 0.083749
-0.1574 0.103555
-0.2101 0.114366
-0.2580 0.116181
-0.2990 0.111386
-0.3333 0.102690
-0.3617 0.092168
-0.3852 0.081169
-0.4046 0.070495
-0.4204 0.060579
-0.4333 0.051624
-0.4435 0.043694
-0.4514 0.036771
-0.4572 0.030792
-0.4610 0.025674
-0.4631 0.021322
-0.4634 0.017644
-0.4623 0.014552
-0.4596 0.011963
-0.4556 0.009805
-0.4503 0.008013
-0.4438 0.006529
-0.4361 0.005305
-0.4274 0.004299
-0.4178 0.003474
-0.4072 0.002800
-0.3959 0.002251
-0.3838 0.001805
-0.3712 0.001443
-0.3579 0.001150
-0.3442 0.000915
-0.3300 0.000725
-0.3153 0.000573
-0.3003 0.000451
-0.2849 0.000354
-0.2689 0.000276
-0.2524 0.000214
-0.2352 0.000165
-0.2169 0.000126
-0.1971 0.000095
-0.1751 0.000070
-0.1496 0.000049
-0.1169 0.038146
-0.0665 0.021819
0.0053 -0.002907
0.0906 -0.087579
0.1572 -0.152751
0.1826 -0.237277
0.1844 -0.239756
0.1732 -0.225362
0.1561 -0.203167
0.1368 -0.178138
0.1171 -0.152469
0.0973 -0.126794
0.0774 -0.100930
0.0569 -0.074233
0.0350 -0.044458
0.0109 -0.013332
-0.0173 0.018645
-0.0522 0.049972
-0.0957 0.078797
-0.1469 0.100150
-0.2001 0.112900
-0.2492 0.116380
-0.2917 0.112684
-0.3273 0.104582
-0.3569 0.094301
-0.3814 0.083326
-0.4015 0.072550
-0.4181 0.062467
-0.4316 0.053318
-0.4424 0.045188
-0.4508 0.038073
-0.4570 0.031916
-0.4613 0.026636
-0.4637 0.022141
-0.4645 0.018337
-0.4637 0.015135
-0.4614 0.012452
-0.4577 0.010214
-0.4527 0.008353
-0.4465 0.006811
-0.4391 0.005539
-0.4306 0.004491
-0.4212 0.003632
-0.4109 0.002930
-0.3997 0.002356
-0.3878 0.001890
-0.3752 0.001512
-0.3621 0.001207
-0.3484 0.000960
-0.3343 0.000762
-0.3197 0.000602
-0.3047 0.000475
-0.2893 0.000373
-0.2734 0.000291
-0.2570 0.000226
-0.2400 0.000175
-0.2219 0.000134
-0.2025 0.000101
-0.1811 0.000075
-0.1566 0.000053
-0.1268 0.000036
-0.0813 0.026629
-0.0155 0.010595
0.0700 -0.067440
0.1446 -0.140439
0.1801 -0.233931
0.1869 -0.242946
0.1780 -0.231627
0.1617 -0.210477
0.1425 -0.185548
0.1226 -0.159665
0.1027 -0.133776
0.0828 -0.107847
0.0623 -0.081317
0.0408 -0.052466
0.0173 -0.021464
-0.0098 0.010670
-0.0428 0.042401
-0.0842 0.072423
-0.1340 0.095460
-0.1875 0.110534
-0.2381 0.116168
-0.2824 0.113971
-0.3197 0.106717
-0.3507 0.096814
-0.3764 0.085919
-0.3976 0.075049
-0.4150 0.064780
-0.4292 0.055402
-0.4407 0.047033
-0.4497 0.039683
-0.4565 0.033307
-0.4613 0.027829
-0.4642 0.023156
-0.4654 0.019197
-0.4650 0.015860
-0.4631 0.013060
-0.4598 0.010721
-0.4552 0.008775
-0.4493 0.007161
-0.4422 0.005828
-0.4340 0.004730
-0.4248 0.003828
-0.4147 0.003089
-0.4037 0.002487
-0.3919 0.001996
-0.3795 0.001598
-0.3664 0.001276
-0.3528 0.001016
-0.3387 0.000806
-0.3242 0.000638
-0.3092 0.000503
-0.2939 0.000395
-0.2781 0.000309
-0.2618 0.000241
-0.2448 0.000186
-0.2270 0.000143
-0.2079 0.000108
-0.1870 0.000080
-0.1634 0.000058
-0.1351 0.000040
-0.0954 0.031195
-0.0356 0.023609
0.0478 -0.030480
0.1293 -0.125429
0.1756 -0.227904
0.1885 -0.244983
0.1827 -0.237675
0.1675 -0.217993
0.1485 -0.193286
0.1284 -0.167171
0.1083 -0.140998
0.0882 -0.114917
0.0678 -0.088459
0.0465 -0.060771
0.0235 -0.029575
-0.0026 0.002630
-0.0339 0.034765
-0.0732 0.065618
-0.1214 0.090117
-0.1748 0.107426
-0.2267 0.115328
-0.2728 0.114806
-0.3118 0.108553
-0.3443 0.099135
-0.3712 0.088390
-0.3935 0.077472
-0.4118 0.067046
-0.4268 0.057459
-0.4389 0.048862
-0.4485 0.041286
-0.4559 0.034696
-0.4612 0.029021
-0.4646 0.024173
-0.4662 0.020059
-0.4663 0.016586
-0.4648 0.013670
-0.4618 0.011231
-0.4575 0.009199
-0.4519 0.007513
-0.4451 0.006118
-0.4371 0.004969
-0.4282 0.004024
-0.4182 0.003250
-0.4074 0.002617
-0.3957 0.002102
-0.3834 0.001684
-0.3704 0.001345
-0.3568 0.001071
-0.3427 0.000851
-0.3282 0.000674
-0.3133 0.000532
-0.2979 0.000418
-0.2821 0.000327
-0.2659 0.000255
-0.2490 0.000198
-0.2312 0.000152
-0.2124 0.000115
-0.1919 0.000086
-0.1689 0.000063
-0.1417 0.000044
-0.1069 0.034905
-0.0520 0.034222
0.0276 -0.017369
0.1144 -0.110746
0.1698 -0.220353
0.1893 -0.245946
0.1868 -0.243028
0.1729 -0.224974
0.1540 -0.200495
0.1337 -0.174077
0.1133 -0.147515
0.0930 -0.121159
0.0726 -0.094626
0.0514 -0.067114
0.0287 -0.036557
0.0033 -0.004163
-0.0269 0.028423
-0.0644 0.059635
-0.1111 0.085191
-0.1642 0.104241
-0.2172 0.114071
-0.2648 0.115060
-0.3053 0.109751
-0.3391 0.100824
-0.3671 0.090267
-0.3903 0.079354
-0.4094 0.068831
-0.4251 0.059094
-0.4378 0.050325
-0.4479 0.042575
-0.4558 0.035818
-0.4615 0.029990
-0.4653 0.025003
-0.4674 0.020765
-0.4678 0.017184
-0.4667 0.014174
-0.4641 0.011654
-0.4601 0.009553
-0.4547 0.007807
-0.4482 0.006362
-0.4405 0.005170
-0.4317 0.004190
-0.4219 0.003386
-0.4112 0.002728
-0.3997 0.002193
-0.3874 0.001757
-0.3745 0.001404
-0.3609 0.001119
-0.3469 0.000889
-0.3323 0.000705
-0.3174 0.000556
-0.3020 0.000438
-0.2862 0.000343
-0.2699 0.000267
-0.2530 0.000207
-0.2354 0.000159
-0.2167 0.000121
-0.1965 0.000091
-0.1740 0.000067
-0.1477 0.000047
-0.1150 0.000030
-0.0659 0.021628
0.0085 -0.004962
0.0981 -0.094842
0.1623 -0.210429
0.1891 -0.245723
0.1908 -0.248115
0.1784 -0.232139
0.1598 -0.208010
0.1392 -0.181254
0.1184 -0.154212
0.0979 -0.127477
0.0773 -0.100765
0.0562 -0.073323
0.0337 -0.043614
0.0088 -0.010942
-0.0203 0.022172
-0.0563 0.053631
-0.1015 0.080082
-0.1542 0.100691
-0.2079 0.112394
-0.2569 0.114934
-0.2990 0.110636
-0.3341 0.102259
-0.3633 0.091938
-0.3873 0.081067
-0.4072 0.070476
-0.4236 0.060614
-0.4369 0.051694
-0.4475 0.043787
-0.4558 0.036878
-0.4620 0.030906
-0.4663 0.025790
-0.4687 0.021436
-0.4695 0.017754
-0.4687 0.014655
-0.4664 0.012058
-0.4628 0.009892
-0.4577 0.008090
-0.4515 0.006597
-0.4440 0.005364
-0.4354 0.004350
-0.4258 0.003517
-0.4152 0.002836
-0.4038 0.002280
-0.3915 0.001828
-0.3786 0.001462
-0.3651 0.001165
-0.3510 0.000926
-0.3365 0.000734
-0.3214 0.000580
-0.3060 0.000457
-0.2902 0.000358
-0.2738 0.000279
-0.2569 0.000217
-0.2393 0.000167
-0.2207 0.000127
-0.2007 0.000096
-0.1786 0.000070
-0.1530 0.000050
-0.1216 0.000033
-0.0778 0.025497
-0.0088 0.006241
0.0814 -0.078486
0.1533 -0.198621
0.1883 -0.244510
0.1946 -0.253077
0.1841 -0.239586
0.1659 -0.215870
0.1449 -0.188674
0.1236 -0.161004
0.1027 -0.133739
0.0819 -0.106705
0.0607 -0.079192
0.0383 -0.050132
0.0138 -0.017496
-0.0146 0.016311
-0.0492 0.048025
-0.0930 0.075217
-0.1450 0.097131
-0.1994 0.110523
-0.2497 0.114539
-0.2932 0.111234
-0.3295 0.103414
-0.3597 0.093346
-0.3846 0.082541
-0.4052 0.071905
-0.4221 0.061941
-0.4359 0.052893
-0.4470 0.044849
-0.4557 0.037806
-0.4622 0.031709
-0.4668 0.026478
-0.4696 0.022023
-0.4707 0.018252
-0.4702 0.015075
-0.4681 0.012411
-0.4647 0.010186
-0.4599 0.008335
-0.4538 0.006801
-0.4465 0.005533
-0.4381 0.004488
-0.4286 0.003631
-0.4182 0.002929
-0.4069 0.002356
-0.3947 0.001890
-0.3819 0.001512
-0.3684 0.001206
-0.3544 0.000959
-0.3398 0.000760
-0.3248 0.000601
-0.3094 0.000473
-0.2935 0.000371
-0.2772 0.000290
-0.2604 0.000225
-0.2429 0.000174
-0.2244 0.000133
-0.2046 0.000100
-0.1829 0.000074
-0.1580 0.000053
-0.1278 0.000035
-0.0880 0.000020
-0.0248 0.016642
0.0636 -0.061125
0.1424 -0.184379
0.1858 -0.241180
0.1975 -0.256784
0.1894 -0.246432
0.1717 -0.223470
0.1505 -0.195973
0.1288 -0.167708
0.1074 -0.139905
0.0863 -0.112521
0.0651 -0.084897
0.0428 -0.055996
0.0186 -0.023991
-0.0091 0.010301
-0.0425 0.042642
-0.0848 0.070568
-0.1360 0.093699
-0.1907 0.108756
-0.2422 0.114300
-0.2870 0.112049
-0.3247 0.104827
-0.3559 0.095030
-0.3817 0.084290
-0.4031 0.073601
-0.4207 0.063520
-0.4351 0.054327
-0.4468 0.046128
-0.4561 0.038934
-0.4632 0.032695
-0.4684 0.027334
-0.4717 0.022763
-0.4734 0.018888
-0.4735 0.015620
-0.4721 0.012877
-0.4693 0.010584
-0.4651 0.008673
-0.4597 0.007087
-0.4530 0.005775
-0.4452 0.004693
-0.4363 0.003803
-0.4264 0.003073
-0.4156 0.002476
-0.4039 0.001990
-0.3915 0.001595
-0.3784 0.001274
-0.3646 0.001015
-0.3503 0.000807
-0.3356 0.000639
-0.3204 0.000504
-0.3047 0.000397
-0.2887 0.000311
-0.2721 0.000242
-0.2550 0.000188
-0.2370 0.000144
-0.2181 0.000110
-0.1976 0.000082
-0.1747 0.000060
-0.1481 0.000042
-0.1149 0.000027
-0.0682 0.022382
0.0057 -0.003166
0.0971 -0.125220
0.1633 -0.211650
0.1939 -0.251883
0.1969 -0.256105
0.1843 -0.239820
0.1648 -0.214514
0.1432 -0.186479
0.1216 -0.158360
0.1004 -0.130811
0.0794 -0.103519
0.0580 -0.075685
0.0353 -0.046163
0.0102 -0.012989
-0.0190 0.021054
-0.0549 0.051914
-0.1003 0.078554
-0.1533 0.099448
-0.2076 0.111457
-0.2572 0.114242
-0.2997 0.110119
-0.3352 0.101865
-0.3646 0.091636
-0.3889 0.080837
-0.4090 0.070304
-0.4256 0.060491
-0.4392 0.051613
-0.4501 0.043740
-0.4588 0.036860
-0.4653 0.030912
-0.4700 0.025814
-0.4728 0.021476
-0.4741 0.017804
-0.4738 0.014712
-0.4721 0.012120
-0.4689 0.009955
-0.4645 0.008153
-0.4588 0.006658
-0.4519 0.005423
-0.4439 0.004404
-0.4348 0.003567
-0.4248 0.002881
-0.4138 0.002321
-0.4020 0.001864
-0.3895 0.001493
-0.3763 0.001193
-0.3625 0.000950
-0.3481 0.000754
-0.3333 0.000597
-0.3180 0.000471
-0.3023 0.000370
-0.2862 0.000290
-0.2695 0.000226
-0.2523 0.000175
-0.2342 0.000134
-0.2150 0.000102
-0.1941 0.000076
-0.1708 0.000055
-0.1433 0.000038
-0.1085 0.000024
-0.0575 0.018897
0.0215 -0.013397
0.1116 -0.144059
0.1710 -0.221809
0.1955 -0.254077
0.1949 -0.253511
0.1807 -0.235123
0.1608 -0.209264
0.1393 -0.181349
0.1179 -0.153537
0.0969 -0.126259
0.0760 -0.099108
0.0546 -0.071240
0.0317 -0.041474
0.0062 -0.007920
-0.0236 0.025689
-0.0607 0.055974
-0.1073 0.081939
-0.1608 0.101701
-0.2146 0.112341
-0.2632 0.113992
-0.3047 0.109140
-0.3392 0.100506
-0.3679 0.090133
-0.3916 0.079336
-0.4111 0.068885
-0.4273 0.059195
-0.4405 0.050456
-0.4510 0.042724
-0.4594 0.035978
-0.4656 0.030153
-0.4700 0.025167
-0.4727 0.020927
-0.4737 0.017341
-0.4732 0.014323
-0.4713 0.011795
-0.4680 0.009684
-0.4634 0.007928
-0.4575 0.006473
-0.4505 0.005270
-0.4424 0.004279
-0.4332 0.003464
-0.4231 0.002797
-0.4120 0.002253
-0.4002 0.001809
-0.3876 0.001449
-0.3743 0.001157
-0.3605 0.000921
-0.3461 0.000731
-0.3312 0.000579
-0.3159 0.000456
-0.3002 0.000359
-0.2840 0.000280
-0.2673 0.000218
-0.2500 0.000169
-0.2318 0.000129
-0.2124 0.000098
-0.1913 0.000073
-0.1675 0.000053
-0.1393 0.000036
-0.1033 0.000022
-0.0489 0.016107
0.0338 -0.021387
0.1218 -0.157361
0.1759 -0.228256
0.1961 -0.254833
0.1930 -0.251026
0.1777 -0.231290
0.1576 -0.205125
0.1362 -0.177333
0.1150 -0.149749
0.0941 -0.122653
0.0733 -0.095576
0.0518 -0.067639
0.0287 -0.037373
0.0029 -0.003858
-0.0275 0.029476
-0.0656 0.059260
-0.1131 0.084648
-0.1669 0.103447
-0.2203 0.112975
-0.2680 0.113736
-0.3086 0.108325
-0.3424 0.099405
-0.3704 0.088928
-0.3936 0.078138
-0.4127 0.067755
-0.4285 0.058164
-0.4413 0.049535
-0.4516 0.041915
-0.4597 0.035275
-0.4657 0.029549
-0.4699 0.024650
-0.4723 0.020487
-0.4731 0.016969
-0.4724 0.014010
-0.4703 0.011532
-0.4668 0.009464
-0.4620 0.007745
-0.4560 0.006321
-0.4488 0.005144
-0.4405 0.004174
-0.4312 0.003379
-0.4209 0.002727
-0.4098 0.002195
-0.3978 0.001762
-0.3851 0.001410
-0.3718 0.001126
-0.3579 0.000896
-0.3434 0.000711
-0.3285 0.000562
-0.3131 0.000443
-0.2974 0.000348
-0.2811 0.000272
-0.2643 0.000211
-0.2468 0.000163
-0.2285 0.000125
-0.2089 0.000094
-0.1874 0.000070
-0.1630 0.000050
-0.1338 0.000034
-0.0959 0.000020
-0.0358 0.023749
0.0506 -0.048411
0.1339 -0.173273
0.1810 -0.234914
0.1958 -0.254540
0.1899 -0.247029
0.1736 -0.225880
0.1532 -0.199486
0.1320 -0.171921
0.1111 -0.144642
0.0904 -0.117766
0.0696 -0.090752
0.0480 -0.062679
0.0246 -0.031787
-0.0017 0.001652
-0.0331 0.034649
-0.0725 0.063602
-0.1213 0.088110
-0.1754 0.105504
-0.2281 0.113508
-0.2747 0.113098
-0.3141 0.106977
-0.3469 0.097711
-0.3740 0.087129
-0.3965 0.076375
-0.4150 0.066108
-0.4303 0.056670
-0.4427 0.048208
-0.4526 0.040752
-0.4602 0.034268
-0.4659 0.028683
-0.4698 0.023912
-0.4719 0.019861
-0.4724 0.016441
-0.4715 0.013566
-0.4691 0.011160
-0.4654 0.009155
-0.4604 0.007488
-0.4541 0.006107
-0.4467 0.004968
-0.4383 0.004029
-0.4288 0.003260
-0.4183 0.002630
-0.4070 0.002115
-0.3950 0.001697
-0.3822 0.001358
-0.3687 0.001083
-0.3548 0.000862
-0.3403 0.000683
-0.3253 0.000540
-0.3099 0.000425
-0.2940 0.000334
-0.2777 0.000261
-0.2608 0.000202
-0.2432 0.000156
-0.2247 0.000119
-0.2048 0.000090
-0.1829 0.000066
-0.1578 0.000047
-0.1273 0.000032
-0.0868 0.028393
-0.0209 0.014083
0.0687 -0.066125
0.1462 -0.189364
0.1864 -0.241959
0.1961 -0.254965
0.1874 -0.243793
0.1698 -0.221052
0.1491 -0.194170
0.1279 -0.166576
0.1070 -0.139378
0.0863 -0.112522
0.0655 -0.085380
0.0436 -0.056963
0.0198 -0.025371
-0.0073 0.008167
-0.0400 0.040880
-0.0813 0.068865
-0.1316 0.092279
-0.1859 0.107933
-0.2376 0.114136
-0.2828 0.112387
-0.3208 0.105468
-0.3524 0.095817
-0.3786 0.085120
-0.4002 0.074411
-0.4181 0.064275
-0.4327 0.055010
-0.4446 0.046735
-0.4541 0.039464
-0.4613 0.033154
-0.4666 0.027729
-0.4701 0.023099
-0.4720 0.019173
-0.4722 0.015862
-0.4710 0.013081
-0.4683 0.010755
-0.4644 0.008817
-0.4591 0.007208
-0.4526 0.005876
-0.4450 0.004777
-0.4364 0.003872
-0.4267 0.003131
-0.4161 0.002524
-0.4046 0.002030
-0.3924 0.001628
-0.3795 0.001301
-0.3659 0.001038
-0.3518 0.000825
-0.3372 0.000654
-0.3221 0.000516
-0.3066 0.000406
-0.0579 0.054042
-0.1024 0.081925
-0.1540 0.102005
-0.2066 0.113282
-0.2547 0.115549
-0.2960 0.111082
-0.3306 0.102590
-0.3592 0.092179
-0.3827 0.081233
-0.4021 0.070575
-0.4180 0.060655
-0.4307 0.051687
-0.4408 0.043739
-0.4485 0.036798
-0.4541 0.030803
-0.4577 0.025670
-0.4594 0.021308
-0.4595 0.017622
-0.4581 0.014524
-0.4551 0.011932
-0.4508 0.009772
-0.4452 0.007980
-0.4384 0.006497
-0.4306 0.005276
-0.4216 0.004272
-0.4118 0.003450
-0.4011 0.002778
-0.3897 0.002232
-0.3775 0.001788
-0.3648 0.001428
-0.3515 0.001138
-0.3378 0.000904
-0.3236 0.000716
-0.3090 0.000565
-0.2940 0.000445
-0.2786 0.000349
-0.2627 0.000272
-0.2461 0.000211
-0.2288 0.000162
-0.2103 0.000123
-0.1901 0.000092
-0.1674 0.000067
-0.1408 0.000047
-0.1014 0.033134
-0.0470 0.031007
0.0282 -0.017771
0.1075 -0.104137
0.1630 -0.211510
0.1798 -0.233613
0.1777 -0.231086
0.1654 -0.215164
0.1484 -0.193117
0.1297 -0.168802
0.1105 -0.143875
0.0912 -0.118749
0.0715 -0.093162
0.0509 -0.065770
0.0290 -0.035979
0.0043 -0.005234
-0.0251 0.026097
-0.0618 0.056899
-0.1071 0.084532
-0.1591 0.103901
-0.2114 0.114280
-0.2589 0.115777
-0.2995 0.110796
-0.3334 0.102016
-0.3615 0.091474
-0.3847 0.080495
-0.4037 0.069860
-0.4193 0.059994
-0.4319 0.051092
-0.4418 0.043215
-0.4493 0.036343
-0.4547 0.030413
-0.4582 0.025338
-0.4599 0.021027
-0.4599 0.017386
-0.4583 0.014326
-0.4552 0.011767
-0.4508 0.009635
-0.4452 0.007866
-0.4383 0.006404
-0.4303 0.005198
-0.4213 0.004208
-0.4114 0.003397
-0.4006 0.002736
-0.3891 0.002197
-0.3768 0.001759
-0.3640 0.001405
-0.3507 0.001119
-0.3369 0.000889
-0.3226 0.000704
-0.3080 0.000556
-0.2929 0.000437
-0.2774 0.000342
-0.2614 0.000267
-0.2448 0.000206
-0.2273 0.000158
-0.2086 0.000120
-0.1883 0.000090
-0.1653 0.000065
-0.1380 0.000045
-0.0974 0.031825
-0.0405 0.026765
0.0372 -0.023608
0.1159 -0.112342
0.1670 -0.216698
0.1812 -0.235486
0.1774 -0.230781
0.1642 -0.213629
0.1467 -0.190961
0.1278 -0.166356
0.1085 -0.141283
0.0891 -0.116043
0.0693 -0.090304
0.0485 -0.062594
0.0263 -0.032631
0.0011 -0.001597
-0.0290 0.029836
-0.0667 0.060766
-0.1131 0.087274
-0.1655 0.105719
-0.2176 0.114991
-0.2643 0.115576
-0.3041 0.110010
-0.3373 0.100924
-0.3649 0.090268
-0.3876 0.079292
-0.4062 0.068727
-0.4215 0.058964
-0.4338 0.050178
-0.4435 0.042418
-0.4509 0.035657
-0.4562 0.029828
-0.4595 0.024845
-0.4611 0.020613
-0.4610 0.017041
-0.4594 0.014041
-0.4563 0.011532
-0.4519 0.009443
-0.4462 0.007709
-0.4393 0.006276
-0.4313 0.005095
-0.4223 0.004125
-0.4124 0.003330
-0.4016 0.002682
-0.3901 0.002154
-0.3779 0.001725
-0.3651 0.001378
-0.3517 0.001098
-0.3379 0.000872
-0.3236 0.000690
-0.3090 0.000545
-0.2939 0.000429
-0.2784 0.000336
-0.2624 0.000262
-0.2457 0.000203
-0.2282 0.000156
-0.2096 0.000118
-0.1893 0.000088
-0.1663 0.000064
-0.1392 0.000044
-0.0996 0.032538
-0.0431 0.028439
0.0349 -0.022131
0.1151 -0.111574
0.1675 -0.217383
0.1825 -0.237143
0.1789 -0.232692
0.1656 -0.215432
0.1479 -0.192540
0.1288 -0.167713
0.1094 -0.142463
0.0899 -0.117100
0.0700 -0.091287
0.0492 -0.063787
0.0270 -0.033616
0.0019 -0.002454
-0.0282 0.029116
-0.0657 0.060153
-0.1120 0.086830
-0.1644 0.105524
-0.2166 0.115047
-0.2635 0.115819
-0.3035 0.110361
-0.3370 0.101323
-0.3646 0.090676
-0.3875 0.079685
-0.4063 0.069094
-0.4217 0.059298
-0.4342 0.050478
-0.4440 0.042685
-0.4515 0.035892
-0.4570 0.030034
-0.4605 0.025024
-0.4622 0.020768
-0.4623 0.017175
-0.4608 0.014156
-0.4579 0.011630
-0.4536 0.009527
-0.4481 0.007780
-0.4413 0.006336
-0.4334 0.005146
-0.4246 0.004167
-0.4147 0.003366
-0.4040 0.002711
-0.3926 0.002178
-0.3804 0.001745
-0.3677 0.001395
-0.3544 0.001111
-0.3405 0.000883
-0.3263 0.000700
-0.3116 0.000553
-0.2966 0.000435
-0.2811 0.000341
-0.2651 0.000266
-0.2485 0.000206
-0.2311 0.000158
-0.2126 0.000120
-0.1925 0.000090
-0.1700 0.000066
-0.1435 0.000046
-0.1068 0.034877
-0.0531 0.034921
0.0231 -0.014439
0.1061 -0.102722
0.1645 -0.213419
0.1831 -0.237992
0.1815 -0.236017
0.1688 -0.219695
0.1513 -0.196958
0.1321 -0.171984
0.1125 -0.146533
0.0929 -0.121031
0.0730 -0.095194
0.0523 -0.068318
0.0302 -0.037959
0.0055 -0.006767
-0.0237 0.025005
-0.0602 0.056163
-0.1054 0.083749
-0.1574 0.103555
-0.2101 0.114366
-0.2580 0.116181
-0.2990 0.111386
-0.3333 0.102690
-0.3617 0.092168
-0.3852 0.081169
-0.4046 0.070495
-0.4204 0.060579
-0.4333 0.051624
-0.4435 0.043694
-0.4514 0.036771
-0.4572 0.030792
-0.4610 0.025674
-0.4631 0.021322
-0.4634 0.017644
-0.4623 0.014552
-0.4596 0.011963
-0.4556 0.009805
-0.4503 0.008013
-0.4438 0.006529
-0.4361 0.005305
-0.4274 0.004299
-0.4178 0.003474
-0.4072 0.002800
-0.3959 0.002251
-0.3838 0.001805
-0.3712 0.001443
-0.3579 0.001150
-0.3442 0.000915
-0.3300 0.000725
-0.3153 0.000573
-0.3003 0.000451
-0.2849 0.000354
-0.2689 0.000276
-0.2524 0.000214
-0.2352 0.000165
-0.2169 0.000126
-0.1971 0.000095
-0.1751 0.000070
-0.1496 0.000049
-0.1169 0.038146
-0.0665 0.021819
0.0053 -0.002907
0.0906 -0.087579
0.1572 -0.152751
0.1826 -0.237277
0.1844 -0.239756
0.1732 -0.225362
0.1561 -0.203167
0.1368 -0.178138
0.1171 -0.152469
0.0973 -0.126794
0.0774 -0.100930
0.0569 -0.074233
0.0350 -0.044458
0.0109 -0.013332
-0.0173 0.018645
-0.0522 0.049972
-0.0957 0.078797
-0.1469 0.100150
-0.2001 0.112900
-0.2492 0.116380
-0.2917 0.112684
-0.3273 0.104582
-0.3569 0.094301
-0.3814 0.083326
-0.4015 0.072550
-0.4181 0.062467
-0.4316 0.053318
-0.4424 0.045188
-0.4508 0.038073
-0.4570 0.031916
-0.4613 0.026636
-0.4637 0.022141
-0.4645 0.018337
-0.4637 0.015135
-0.4614 0.012452
-0.4577 0.010214
-0.4527 0.008353
-0.4465 0.006811
-0.4391 0.005539
-0.4306 0.004491
-0.4212 0.003632
-0.4109 0.002930
-0.3997 0.002356
-0.3878 0.001890
-0.3752 0.001512
-0.3621 0.001207
-0.3484 0.000960
-0.3343 0.000762
-0.3197 0.000602
-0.3047 0.000475
-0.2893 0.000373
-0.2734 0.000291
-0.2570 0.000226
-0.2400 0.000175
-0.2219 0.000134
-0.2025 0.000101
-0.1811 0.000075
-0.1566 0.000053
-0.1268 0.000036
-0.0813 0.026629
-0.0155 0.010595
0.0700 -0.067440
0.1446 -0.140439
0.1801 -0.233931
0.1869 -0.242946
0.1780 -0.231627
0.1617 -0.210477
0.1425 -0.185548
0.1226 -0.159665
0.1027 -0.133776
0.0828 -0.107847
0.0623 -0.081317
0.0408 -0.052466
0.0173 -0.021464
-0.0098 0.010670
-0.0428 0.042401
-0.0842 0.072423
-0.1340 0.095460
-0.1875 0.110534
-0.2381 0.116168
-0.2824 0.113971
-0.3197 0.106717
-0.3507 0.096814
-0.3764 0.085919
-0.3976 0.075049
-0.4150 0.064780
-0.4292 0.055402
-0.4407 0.047033
-0.4497 0.039683
-0.4565 0.033307
-0.4613 0.027829
-0.4642 0.023156
-0.4654 0.019197
-0.4650 0.015860
-0.4631 0.013060
-0.4598 0.010721
-0.4552 0.008775
-0.4493 0.007161
-0.4422 0.005828
-0.4340 0.004730
-0.4248 0.003828
-0.4147 0.003089
-0.4037 0.002487
-0.3919 0.001996
-0.3795 0.001598
-0.3664 0.001276
-0.3528 0.001016
-0.3387 0.000806
-0.3242 0.000638
-0.3092 0.000503
-0.2939 0.000395
-0.2781 0.000309
-0.2618 0.000241
-0.2448 0.000186
-0.2270 0.000143
-0.2079 0.000108
-0.1870 0.000080
-0.1634 0.000058
-0.1351 0.000040
-0.0954 0.031195
-0.0356 0.023609
0.0478 -0.030480
0.1293 -0.125429
0.1756 -0.227904
0.1885 -0.244983
0.1827 -0.237675
0.1675 -0.217993
0.1485 -0.193286
0.1284 -0.167171
0.1083 -0.140998
0.0882 -0.114917
0.0678 -0.088459
0.0465 -0.060771
0.0235 -0.029575
-0.0026 0.002630
-0.0339 0.034765
-0.0732 0.065618
-0.1214 0.090117
-0.1748 0.107426
-0.2267 0.115328
-0.2728 0.114806
-0.3118 0.108553
-0.3443 0.099135
-0.3712 0.088390
-0.3935 0.077472
-0.4118 0.067046
-0.4268 0.057459
-0.4389 0.048862
-0.4485 0.041286
-0.4559 0.034696
-0.4612 0.029021
-0.4646 0.024173
-0.4662 0.020059
-0.4663 0.016586
-0.4648 0.013670
-0.4618 0.011231
-0.4575 0.009199
-0.4519 0.007513
-0.4451 0.006118
-0.4371 0.004969
-0.4282 0.004024
-0.4182 0.003250
-0.4074 0.002617
-0.3957 0.002102
-0.3834 0.001684
-0.3704 0.001345
-0.3568 0.001071
-0.3427 0.000851
-0.3282 0.000674
-0.3133 0.000532
-0.2979 0.000418
-0.2821 0.000327
-0.2659 0.000255
-0.2490 0.000198
-0.2312 0.000152
-0.2124 0.000115
-0.1919 0.000086
-0.1689 0.000063
-0.1417 0.000044
-0.1069 0.034905
-0.0520 0.034222
0.0276 -0.017369
0.1144 -0.110746
0.1698 -0.220353
0.1893 -0.245946
0.1868 -0.243028
0.1729 -0.224974
0.1540 -0.200495
0.1337 -0.174077
0.1133 -0.147515
0.0930 -0.121159
0.0726 -0.094626
0.0514 -0.067114
0.0287 -0.036557
0.0033 -0.004163
-0.0269 0.028423
-0.0644 0.059635
-0.1111 0.085191
-0.1642 0.104241
-0.2172 0.114071
-0.2648 0.115060
-0.3053 0.109751
-0.3391 0.100824
-0.3671 0.090267
-0.3903 0.079354
-0.4094 0.068831
-0.4251 0.059094
-0.4378 0.050325
-0.4479 0.042575
-0.4558 0.035818
-0.4615 0.029990
-0.4653 0.025003
-0.4674 0.020765
-0.4678 0.017184
-0.4667 0.014174
-0.4641 0.011654
-0.4601 0.009553
-0.4547 0.007807
-0.4482 0.006362
-0.4405 0.005170
-0.4317 0.004190
-0.4219 0.003386
-0.4112 0.002728
-0.3997 0.002193
-0.3874 0.001757
-0.3745 0.001404
-0.3609 0.001119
-0.3469 0.000889
-0.3323 0.000705
-0.3174 0.000556
-0.3020 0.000438
-0.2862 0.000343
-0.2699 0.000267
-0.2530 0.000207
-0.2354 0.000159
-0.2167 0.000121
-0.1965 0.000091
-0.1740 0.000067
-0.1477 0.000047
-0.1150 0.000030
-0.0659 0.021628
0.0085 -0.004962
0.0981 -0.094842
0.1623 -0.210429
0.1891 -0.245723
0.1908 -0.248115
0.1784 -0.232139
0.1598 -0.208010
0.1392 -0.181254
0.1184 -0.154212
0.0979 -0.127477
0.0773 -0.100765
0.0562 -0.073323
0.0337 -0.043614
0.0088 -0.010942
-0.0203 0.022172
-0.0563 0.053631
-0.1015 0.080082
-0.1542 0.100691
-0.2079 0.112394
-0.2569 0.114934
-0.2990 0.110636
-0.3341 0.102259
-0.3633 0.091938
-0.3873 0.081067
-0.4072 0.070476
-0.4236 0.060614
-0.4369 0.051694
-0.4475 0.043787
-0.4558 0.036878
-0.4620 0.030906
-0.4663 0.025790
-0.4687 0.021436
-0.4695 0.017754
-0.4687 0.014655
-0.4664 0.012058
-0.4628 0.009892
-0.4577 0.008090
-0.4515 0.006597
-0.4440 0.005364
-0.4354 0.004350
-0.4258 0.003517
-0.4152 0.002836
-0.4038 0.002280
-0.3915 0.001828
-0.3786 0.001462
-0.3651 0.001165
-0.3510 0.000926
-0.3365 0.000734
-0.3214 0.000580
-0.3060 0.000457
-0.2902 0.000358
-0.2738 0.000279
-0.2569 0.000217
-0.2393 0.000167
-0.2207 0.000127
-0.2007 0.000096
-0.1786 0.000070
-0.1530 0.000050
-0.1216 0.000033
-0.0778 0.025497
-0.0088 0.006241
0.0814 -0.078486
0.1533 -0.198621
0.1883 -0.244510
0.1946 -0.253077
0.1841 -0.239586
0.1659 -0.215870
0.1449 -0.188674
0.1236 -0.161004
0.1027 -0.133739
0.0819 -0.106705
0.0607 -0.079192
0.0383 -0.050132
0.0138 -0.017496
-0.0146 0.016311
-0.0492 0.048025
-0.0930 0.075217
-0.1450 0.097131
-0.1994 0.110523
-0.2497 0.114539
-0.2932 0.111234
-0.3295 0.103414
-0.3597 0.093346
-0.3846 0.082541
-0.4052 0.071905
-0.4221 0.061941
-0.4359 0.052893
-0.4470 0.044849
-0.4557 0.037806
-0.4622 0.031709
-0.4668 0.026478
-0.4696 0.022023
-0.4707 0.018252
-0.4702 0.015075
-0.4681 0.012411
-0.4647 0.010186
-0.4599 0.008335
-0.4538 0.006801
-0.4465 0.005533
-0.4381 0.004488
-0.4286 0.003631
-0.4182 0.002929
-0.4069 0.002356
-0.3947 0.001890
-0.3819 0.001512
-0.3684 0.001206
-0.3544 0.000959
-0.3398 0.000760
-0.3248 0.000601
-0.3094 0.000473
-0.2935 0.000371
-0.2772 0.000290
-0.2604 0.000225
-0.2429 0.000174
-0.2244 0.000133
-0.2046 0.000100
-0.1829 0.000074
-0.1580 0.000053
-0.1278 0.000035
-0.0880 0.000020
-0.0248 0.016642
0.0636 -0.061125
0.1424 -0.184379
0.1858 -0.241180
0.1975 -0.256784
0.1894 -0.246432
0.1717 -0.223470
0.1505 -0.195973
0.1288 -0.167708
0.1074 -0.139905
0.0863 -0.112521
0.0651 -0.084897
0.0428 -0.055996
0.0186 -0.023991
-0.0091 0.010301
-0.0425 0.042642
-0.0848 0.070568
-0.1360 0.093699
-0.1907 0.108756
-0.2422 0.114300
-0.2870 0.112049
-0.3247 0.104827
-0.3559 0.095030
-0.3817 0.084290
-0.4031 0.073601
-0.4207 0.063520
-0.4351 0.054327
-0.4468 0.046128
-0.4561 0.038934
-0.4632 0.032695
-0.4684 0.027334
-0.4717 0.022763
-0.4734 0.018888
-0.4735 0.015620
-0.4721 0.012877
-0.4693 0.010584
-0.4651 0.008673
-0.4597 0.007087
-0.4530 0.005775
-0.4452 0.004693
-0.4363 0.003803
-0.4264 0.003073
-0.4156 0.002476
-0.4039 0.001990
-0.3915 0.001595
-0.3784 0.001274
-0.3646 0.001015
-0.3503 0.000807
-0.3356 0.000639
-0.3204 0.000504
-0.3047 0.000397
-0.2887 0.000311
-0.2721 0.000242
-0.2550 0.000188
-0.2370 0.000144
-0.2181 0.000110
-0.1976 0.000082
-0.1747 0.000060
-0.1481 0.000042
-0.1149 0.000027
-0.0682 0.022382
0.0057 -0.003166
0.0971 -0.125220
0.1633 -0.211650
0.1939 -0.251883
0.1969 -0.256105
0.1843 -0.239820
0.1648 -0.214514
0.1432 -0.186479
0.1216 -0.158360
0.1004 -0.130811
0.0794 -0.103519
0.0580 -0.075685
0.0353 -0.046163
0.0102 -0.012989
-0.0190 0.021054
-0.0549 0.051914
-0.1003 0.078554
-0.1533 0.099448
-0.2076 0.111457
-0.2572 0.114242
-0.2997 0.110119
-0.3352 0.101865
-0.3646 0.091636
-0.3889 0.080837
-0.4090 0.070304
-0.4256 0.060491
-0.4392 0.051613
-0.4501 0.043740
-0.4588 0.036860
-0.4653 0.030912
-0.4700 0.025814
-0.4728 0.021476
-0.4741 0.017804
-0.4738 0.014712
-0.4721 0.012120
-0.4689 0.009955
-0.4645 0.008153
-0.4588 0.006658
-0.4519 0.005423
-0.4439 0.004404
-0.4348 0.003567
-0.4248 0.002881
-0.4138 0.002321
-0.4020 0.001864
-0.3895 0.001493
-0.3763 0.001193
-0.3625 0.000950
-0.3481 0.000754
-0.3333 0.000597
-0.3180 0.000471
-0.3023 0.000370
-0.2862 0.000290
-0.2695 0.000226
-0.2523 0.000175
-0.2342 0.000134
-0.2150 0.000102
-0.1941 0.000076
-0.1708 0.000055
-0.1433 0.000038
-0.1085 0.000024
-0.0575 0.018897
0.0215 -0.013397
0.1116 -0.144059
0.1710 -0.221809
0.1955 -0.254077
0.1949 -0.253511
0.1807 -0.235123
0.1608 -0.209264
0.1393 -0.181349
0.1179 -0.153537
0.0969 -0.126259
0.0760 -0.099108
0.0546 -0.071240
0.0317 -0.041474
0.0062 -0.007920
-0.0236 0.025689
-0.0607 0.055974
-0.1073 0.081939
-0.1608 0.101701
-0.2146 0.112341
-0.2632 0.113992
-0.3047 0.109140
-0.3392 0.100506
-0.3679 0.090133
-0.3916 0.079336
-0.4111 0.068885
-0.4273 0.059195
-0.4405 0.050456
-0.4510 0.042724
-0.4594 0.035978
-0.4656 0.030153
-0.4700 0.025167
-0.4727 0.020927
-0.4737 0.017341
-0.4732 0.014323
-0.4713 0.011795
-0.4680 0.009684
-0.4634 0.007928
-0.4575 0.006473
-0.4505 0.005270
-0.4424 0.004279
-0.4332 0.003464
-0.4231 0.002797
-0.4120 0.002253
-0.4002 0.001809
-0.3876 0.001449
-0.3743 0.001157
-0.3605 0.000921
-0.3461 0.000731
-0.3312 0.000579
-0.3159 0.000456
-0.3002 0.000359
-0.2840 0.000280
-0.2673 0.000218
-0.2500 0.000169
-0.2318 0.000129
-0.2124 0.000098
-0.1913 0.000073
-0.1675 0.000053
-0.1393 0.000036
-0.1033 0.000022
-0.0489 0.016107
0.0338 -0.021387
0.1218 -0.157361
0.1759 -0.228256
0.1961 -0.254833
0.1930 -0.251026
0.1777 -0.231290
0.1576 -0.205125
0.1362 -0.177333
0.1150 -0.149749
0.0941 -0.122653
0.0733 -0.095576
0.0518 -0.067639
0.0287 -0.037373
0.0029 -0.003858
-0.0275 0.029476
-0.0656 0.059260
-0.1131 0.084648
-0.1669 0.103447
-0.2203 0.112975
-0.2680 0.113736
-0.3086 0.108325
-0.3424 0.099405
-0.3704 0.088928
-0.3936 0.078138
-0.4127 0.067755
-0.4285 0.058164
-0.4413 0.049535
-0.4516 0.041915
-0.4597 0.035275
-0.4657 0.029549
-0.4699 0.024650
-0.4723 0.020487
-0.4731 0.016969
-0.4724 0.014010
-0.4703 0.011532
-0.4668 0.009464
-0.4620 0.007745
-0.4560 0.006321
-0.4488 0.005144
-0.4405 0.004174
-0.4312 0.003379
-0.4209 0.002727
-0.4098 0.002195
-0.3978 0.001762
-0.3851 0.001410
-0.3718 0.001126
-0.3579 0.000896
-0.3434 0.000711
-0.3285 0.000562
-0.3131 0.000443
-0.2974 0.000348
-0.2811 0.000272
-0.2643 0.000211
-0.2468 0.000163
-0.2285 0.000125
-0.2089 0.000094
-0.1874 0.000070
-0.1630 0.000050
-0.1338 0.000034
-0.0959 0.000020
-0.0358 0.023749
0.0506 -0.048411
0.1339 -0.173273
0.1810 -0.234914
0.1958 -0.254540
0.1899 -0.247029
0.1736 -0.225880
0.1532 -0.199486
0.1320 -0.171921
0.1111 -0.144642
0.0904 -0.117766
0.0696 -0.090752
0.0480 -0.062679
0.0246 -0.031787
-0.0017 0.001652
-0.0331 0.034649
-0.0725 0.063602
-0.1213 0.088110
-0.1754 0.105504
-0.2281 0.113508
-0.2747 0.113098
-0.3141 0.106977
-0.3469 0.097711
-0.3740 0.087129
-0.3965 0.076375
-0.4150 0.066108
-0.4303 0.056670
-0.4427 0.048208
-0.4526 0.040752
-0.4602 0.034268
-0.4659 0.028683
-0.4698 0.023912
-0.4719 0.019861
-0.4724 0.016441
-0.4715 0.013566
-0.4691 0.011160
-0.4654 0.009155
-0.4604 0.007488
-0.4541 0.006107
-0.4467 0.004968
-0.4383 0.004029
-0.4288 0.003260
-0.4183 0.002630
-0.4070 0.002115
-0.3950 0.001697
-0.3822 0.001358
-0.3687 0.001083
-0.3548 0.000862
-0.3403 0.000683
-0.3253 0.000540
-0.3099 0.000425
-0.2940 0.000334
-0.2777 0.000261
-0.2608 0.000202
-0.2432 0.000156
-0.2247 0.000119
-0.2048 0.000090
-0.1829 0.000066
-0.1578 0.000047
-0.1273 0.000032
-0.0868 0.028393
-0.0209 0.014083
0.0687 -0.066125
0.1462 -0.189364
0.1864 -0.241959
0.1961 -0.254965
0.1874 -0.243793
0.1698 -0.221052
0.1491 -0.194170
0.1279 -0.166576
0.1070 -0.139378
0.0863 -0.112522
0.0655 -0.085380
0.0436 -0.056963
0.0198 -0.025371
-0.0073 0.008167
-0.0400 0.040880
-0.0813 0.068865
-0.1316 0.092279
-0.1859 0.107933
-0.2376 0.114136
-0.2828 0.112387
-0.3208 0.105468
-0.3524 0.095817
-0.3786 0.085120
-0.4002 0.074411
-0.4181 0.064275
-0.4327 0.055010
-0.4446 0.046735
-0.4541 0.039464
-0.4613 0.033154
-0.4666 0.027729
-0.4701 0.023099
-0.4720 0.019173
-0.4722 0.015862
-0.4710 0.013081
-0.4683 0.010755
-0.4644 0.008817
-0.4591 0.007208
-0.4526 0.005876
-0.4450 0.004777
-0.4364 0.003872
-0.4267 0.003131
-0.4161 0.002524
-0.4046 0.002030
-0.3924 0.001628
-0.3795 0.001301
-0.3659 0.001038
-0.3518 0.000825
-0.3372 0.000654
-0.3221 0.000516
-0.3066 0.000406
