0.7216
0.7877
0.8586
0.8949
0.9047
0.9051
0.9042
0.9029
0.9029
0.9033
0.9030
0.9031
0.9030
0.9028
0.9026
0.9027
0.9028
0.9028
0.9031
0.9031
0.9030
0.9028
0.9026
0.9027
0.9032
0.9034
0.9028
0.9029
0.9028
0.9033
0.9029
0.9028
0.9032
0.9031
0.9027
0.9033
0.9036
0.9030
0.9031
0.9027
0.9029
0.9028
0.9028
0.9027
0.9032
0.9030
0.9029
0.9027
0.9028
0.9030
0.9028
0.9026
0.9028
0.9025
0.9030
0.9030
0.9029
0.9028
0.9030
0.9033
0.9031
0.9029
0.9029
0.9029
0.9029
0.9029
0.9031
0.9032
0.9025
0.9029
0.9026
0.9030
0.9032
0.9026
0.9028
0.9030
0.9027
0.9024
0.9026
0.9028
0.9030
0.9031
0.9034
0.9032
0.9030
0.9033
0.9029
0.9030
0.9027
0.9022
0.9023
0.9029
0.9028
0.9026
0.9032
0.9028
0.9030
0.9029
0.9030
0.9030
0.9030
0.9026
0.9031
0.9032
0.9027
0.9032
0.9027
0.9032
0.9030
0.9029
0.9029
0.9028
0.9027
0.9027
0.9029
0.9032
0.9029
0.9027
0.9028
0.9031
0.9029
0.9027
0.9030
0.9026
0.9031
0.9030
0.9028
0.9033
0.9031
0.9035
0.9029
0.9028
0.9030
0.9030
0.9027
0.9031
0.9028
0.9027
0.9029
0.9030
0.9028
0.9029
0.9029
0.9034
0.9029
0.9026
0.9030
0.9026
0.9030
0.9034
0.9029
0.9027
0.9033
0.9030
0.9030
0.9027
0.9026
0.9026
0.9034
0.9026
0.9027
0.9028
0.9030
0.9027
0.9030
0.9026
0.9028
0.9025
0.9027
0.9028
0.9028
0.9026
0.9035
0.9025
0.9023
0.9030
0.9032
0.9028
0.9021
0.9030
0.9032
0.9030
0.9030
0.9032
0.9029
0.9028
0.9029
0.9025
0.9029
0.9027
0.9029
0.9027
0.9028
0.9028
0.9025
0.9025
0.9027
0.9030
0.9029
0.9031
0.9028
0.9029
0.9028
0.9024
0.9029
0.9025
0.9030
0.9031
0.9026
0.9028
0.9028
0.9032
0.9030
0.9028
0.9033
0.9024
0.9027
0.9029
0.9029
0.9027
0.9025
0.9029
0.9029
0.9032
0.9030
0.9029
0.9027
0.9032
0.9024
0.9030
0.9031
0.9027
0.9024
0.9026
0.9028
0.9027
0.9026
0.9028
0.9028
0.9027
0.9028
0.9032
0.9027
0.9026
0.9030
0.9028
0.9026
0.9029
0.9028
0.9030
0.9027
0.9034
0.9028
0.9033
0.9029
0.9030
0.9033
0.9028
0.9034
0.9027
0.9029
0.9026
0.9029
0.9028
0.9030
0.9031
0.9029
0.9030
0.9035
0.9025
0.9027
0.9027
0.9029
0.9026
0.9030
0.9032
0.9027
0.9032
0.9029
0.9029
0.9026
0.9031
0.9030
0.9027
0.9028
