-0.3805 0.000351
-0.3776 0.000288
-0.3749 0.000236
-0.3723 0.000194
-0.3699 0.000159
-0.3415 0.376571
-0.2765 0.304872
-0.2265 0.249710
-0.1856 0.204596
-0.1495 0.164871
-0.1149 0.126761
-0.0624 0.138432
-0.0062 0.014767
0.0472 -0.102669
0.0888 -0.194534
0.0974 -0.321312
0.0959 -0.316708
0.0900 -0.297373
0.0819 -0.270521
0.0727 -0.240130
0.0587 -0.253093
0.0434 -0.179422
0.0329 -0.131383
0.0247 -0.095877
0.0177 -0.067028
0.0113 -0.041956
0.0054 -0.018645
-0.0004 0.001095
-0.0063 0.018920
-0.0124 0.035348
-0.0191 0.048833
-0.0269 0.062018
-0.0361 0.075542
-0.0467 0.089851
-0.0591 0.105217
-0.0736 0.114354
-0.0926 0.118848
-0.1163 0.123490
-0.1442 0.126639
-0.1747 0.126874
-0.2057 0.123548
-0.2355 0.116958
-0.2629 0.107993
-0.2876 0.097677
-0.3094 0.086891
-0.3284 0.076275
-0.3449 0.066244
-0.3591 0.057035
-0.3713 0.048756
-0.3816 0.041431
-0.3902 0.035031
-0.3973 0.029494
-0.4031 0.024741
-0.4077 0.020689
-0.4112 0.017254
-0.4138 0.014355
-0.4155 0.011918
-0.4165 0.009878
-0.4168 0.008173
-0.4165 0.006754
-0.4158 0.005574
-0.4146 0.004595
-0.4130 0.003785
-0.4111 0.003115
-0.4090 0.002562
-0.4066 0.002106
-0.4040 0.001731
-0.4013 0.001421
-0.3985 0.001167
-0.3956 0.000958
-0.3927 0.000786
-0.3897 0.000645
-0.3867 0.000529
-0.3837 0.000434
-0.3808 0.000356
-0.3780 0.000292
-0.3752 0.000240
-0.3726 0.000197
-0.3702 0.000162
-0.3462 0.381761
-0.2801 0.308779
-0.2293 0.252816
-0.1880 0.207241
-0.1517 0.167312
-0.1171 0.129228
-0.0661 0.146739
-0.0099 0.023055
0.0438 -0.095277
0.0864 -0.189409
0.0971 -0.320402
0.0961 -0.317333
0.0905 -0.298816
0.0825 -0.272382
0.0733 -0.242183
0.0601 -0.259576
0.0443 -0.183432
0.0336 -0.134224
0.0253 -0.098104
0.0182 -0.068905
0.0118 -0.043618
0.0058 -0.020117
-0.0000 -0.000174
-0.0059 0.017766
-0.0120 0.034417
-0.0187 0.047971
-0.0264 0.061175
-0.0354 0.074680
-0.0460 0.088947
-0.0583 0.104259
-0.0726 0.114130
-0.0913 0.118577
-0.1148 0.123264
-0.1425 0.126554
-0.1729 0.126995
-0.2039 0.123883
-0.2338 0.117465
-0.2614 0.108610
-0.2862 0.098345
-0.3082 0.087563
-0.3274 0.076920
-0.3440 0.066843
-0.3584 0.057578
-0.3707 0.049240
-0.3811 0.041856
-0.3898 0.035401
-0.3970 0.029812
-0.4029 0.025014
-0.4075 0.020921
-0.4111 0.017450
-0.4137 0.014520
-0.4155 0.012057
-0.4165 0.009993
-0.4169 0.008270
-0.4166 0.006834
-0.4159 0.005641
-0.4148 0.004651
-0.4132 0.003831
-0.4113 0.003153
-0.4092 0.002594
-0.4068 0.002132
-0.4043 0.001752
-0.4016 0.001439
-0.3988 0.001181
-0.3959 0.000970
-0.3929 0.000796
-0.3900 0.000653
-0.3870 0.000536
-0.3840 0.000440
-0.3811 0.000361
-0.3783 0.000296
-0.3755 0.000243
-0.3729 0.000199
-0.3705 0.000164
-0.3494 0.385341
-0.2825 0.311470
-0.2313 0.254949
-0.1896 0.209048
-0.1532 0.168966
-0.1186 0.130883
-0.0690 0.152969
-0.0127 0.029281
0.0413 -0.089646
0.0846 -0.185427
0.0969 -0.319792
0.0963 -0.317819
0.0908 -0.299882
0.0829 -0.273739
0.0737 -0.243669
0.0611 -0.264479
0.0449 -0.186354
0.0340 -0.136234
0.0256 -0.099653
0.0185 -0.070208
0.0121 -0.044781
0.0060 -0.021170
0.0003 -0.001084
-0.0056 0.016933
-0.0117 0.033750
-0.0183 0.047347
-0.0260 0.060554
-0.0350 0.074036
-0.0455 0.088261
-0.0577 0.103522
-0.0718 0.114118
-0.0902 0.118483
-0.1134 0.123177
-0.1410 0.126565
-0.1712 0.127169
-0.2023 0.124236
-0.2322 0.117965
-0.2600 0.109205
-0.2849 0.098983
-0.3070 0.088202
-0.3264 0.077532
-0.3432 0.067411
-0.3577 0.058093
-0.3701 0.049698
-0.3806 0.042260
-0.3894 0.035751
-0.3967 0.030114
-0.4026 0.025272
-0.4073 0.021141
-0.4110 0.017636
-0.4136 0.014677
-0.4155 0.012188
-0.4165 0.010103
-0.4169 0.008362
-0.4167 0.006911
-0.4160 0.005704
-0.4149 0.004703
-0.4134 0.003875
-0.4115 0.003189
-0.4094 0.002623
-0.4071 0.002157
-0.4045 0.001772
-0.4019 0.001455
-0.3990 0.001195
-0.3962 0.000981
-0.3932 0.000805
-0.3902 0.000661
-0.3873 0.000542
-0.3843 0.000445
-0.3814 0.000365
-0.3785 0.000299
-0.3758 0.000246
-0.3732 0.000202
-0.3707 0.000166
-0.3535 0.389807
-0.2855 0.314821
-0.2337 0.257599
-0.1917 0.211291
-0.1551 0.171022
-0.1205 0.132944
-0.0719 0.159518
-0.0157 0.035803
0.0386 -0.083716
0.0827 -0.181204
0.0967 -0.319046
0.0964 -0.318302
0.0911 -0.301016
0.0833 -0.275204
0.0742 -0.245287
0.0624 -0.270843
0.0457 -0.190075
0.0346 -0.138725
0.0261 -0.101505
0.0189 -0.071701
0.0124 -0.046059
0.0063 -0.022289
0.0006 -0.002030
-0.0053 0.016084
-0.0114 0.033035
-0.0180 0.046737
-0.0256 0.059961
-0.0345 0.073431
-0.0450 0.087623
-0.0571 0.102841
-0.0711 0.114171
-0.0892 0.118445
-0.1122 0.123135
-0.1395 0.126607
-0.1697 0.127360
-0.2007 0.124595
-0.2307 0.118466
-0.2586 0.109796
-0.2837 0.099615
-0.3060 0.088836
-0.3255 0.078139
-0.3424 0.067974
-0.3570 0.058603
-0.3695 0.050153
-0.3801 0.042659
-0.3890 0.036099
-0.3964 0.030414
-0.4024 0.025528
-0.4071 0.021359
-0.4108 0.017821
-0.4136 0.014832
-0.4154 0.012319
-0.4165 0.010213
-0.4170 0.008453
-0.4168 0.006987
-0.4162 0.005767
-0.4150 0.004756
-0.4136 0.003918
-0.4117 0.003225
-0.4096 0.002653
-0.4073 0.002181
-0.4048 0.001792
-0.4021 0.001472
-0.3993 0.001209
-0.3964 0.000992
-0.3935 0.000814
-0.3905 0.000668
-0.3875 0.000548
-0.3846 0.000450
-0.3817 0.000369
-0.3788 0.000303
-0.3761 0.000249
-0.3735 0.000204
-0.3710 0.000168
-0.3553 0.391783
-0.2869 0.316313
-0.2347 0.258790
-0.1926 0.212310
-0.1560 0.171964
-0.1214 0.133897
-0.0735 0.162922
-0.0173 0.039225
0.0371 -0.080544
0.0817 -0.178883
0.0966 -0.318690
0.0965 -0.318539
0.0913 -0.301569
0.0835 -0.275916
0.0745 -0.246067
0.0629 -0.273165
0.0460 -0.191492
0.0348 -0.139727
0.0263 -0.102296
0.0191 -0.072377
0.0126 -0.046668
0.0065 -0.022849
0.0007 -0.002511
-0.0051 0.015646
-0.0112 0.032624
-0.0178 0.046404
-0.0254 0.059638
-0.0343 0.073105
-0.0447 0.087287
-0.0568 0.102489
-0.0708 0.114197
-0.0888 0.118428
-0.1116 0.123118
-0.1388 0.126632
-0.1689 0.127459
-0.2000 0.124777
-0.2300 0.118716
-0.2579 0.110092
-0.2831 0.099931
-0.3054 0.089151
-0.3250 0.078441
-0.3420 0.068254
-0.3567 0.058857
-0.3692 0.050379
-0.3799 0.042858
-0.3888 0.036272
-0.3962 0.030563
-0.4023 0.025656
-0.4071 0.021468
-0.4108 0.017913
-0.4136 0.014910
-0.4155 0.012384
-0.4166 0.010267
-0.4170 0.008499
-0.4169 0.007025
-0.4163 0.005799
-0.4152 0.004782
-0.4137 0.003940
-0.4119 0.003243
-0.4098 0.002668
-0.4075 0.002193
-0.4049 0.001802
-0.4023 0.001480
-0.3995 0.001215
-0.3966 0.000998
-0.3937 0.000819
-0.3907 0.000672
-0.3877 0.000551
-0.3848 0.000452
-0.3819 0.000371
-0.3790 0.000305
-0.3763 0.000250
-0.3736 0.000205
-0.3712 0.000169
-0.3578 0.394539
-0.2888 0.318376
-0.2362 0.260416
-0.1938 0.213679
-0.1571 0.173212
-0.1225 0.135141
-0.0753 0.166883
-0.0191 0.043165
0.0355 -0.076915
0.0805 -0.176248
0.0965 -0.318161
0.0966 -0.318788
0.0915 -0.302230
0.0838 -0.276786
0.0748 -0.247037
0.0638 -0.277545
0.0466 -0.194049
0.0352 -0.141428
0.0266 -0.103545
0.0193 -0.073367
0.0128 -0.047498
0.0067 -0.023560
0.0009 -0.003112
-0.0050 0.015114
-0.0110 0.032141
-0.0176 0.046039
-0.0252 0.059295
-0.0341 0.072768
-0.0444 0.086942
-0.0565 0.102129
-0.0704 0.114342
-0.0882 0.118499
-0.1109 0.123170
-0.1380 0.126719
-0.1680 0.127622
-0.1990 0.125030
-0.2291 0.119047
-0.2571 0.110473
-0.2824 0.100333
-0.3048 0.089552
-0.3244 0.078824
-0.3415 0.068609
-0.3562 0.059179
-0.3689 0.050666
-0.3796 0.043110
-0.3886 0.036490
-0.3960 0.030752
-0.4021 0.025818
-0.4070 0.021605
-0.4107 0.018029
-0.4135 0.015008
-0.4155 0.012467
-0.4166 0.010337
-0.4171 0.008556
-0.4170 0.007073
-0.4164 0.005839
-0.4153 0.004815
-0.4138 0.003967
-0.4120 0.003266
-0.4099 0.002687
-0.4076 0.002209
-0.4051 0.001815
-0.4024 0.001491
-0.3997 0.001224
-0.3968 0.001005
-0.3939 0.000825
-0.3909 0.000677
-0.3879 0.000555
-0.3850 0.000456
-0.3821 0.000374
-0.3792 0.000307
-0.3765 0.000252
-0.3739 0.000207
-0.3714 0.000170
-0.3572 0.393908
-0.2883 0.317926
-0.2359 0.260084
-0.1936 0.213422
-0.1569 0.173000
-0.1223 0.134952
-0.0751 0.166557
-0.0189 0.042897
0.0356 -0.077106
0.0805 -0.176333
0.0964 -0.318147
0.0965 -0.318695
0.0915 -0.302101
0.0837 -0.276642
0.0747 -0.246886
0.0638 -0.277258
0.0466 -0.193883
0.0352 -0.141305
0.0266 -0.103437
0.0193 -0.073262
0.0128 -0.047390
0.0067 -0.023448
0.0009 -0.002992
-0.0050 0.015244
-0.0111 0.032284
-0.0177 0.046187
-0.0253 0.059452
-0.0341 0.072934
-0.0445 0.087120
-0.0566 0.102320
-0.0705 0.114411
-0.0884 0.118586
-0.1111 0.123259
-0.1382 0.126795
-0.1683 0.127673
-0.1993 0.125049
-0.2294 0.119036
-0.2574 0.110440
-0.2826 0.100287
-0.3050 0.089500
-0.3246 0.078769
-0.3417 0.068556
-0.3564 0.059129
-0.3690 0.050621
-0.3797 0.043070
-0.3887 0.036455
-0.3961 0.030721
-0.4022 0.025792
-0.4071 0.021583
-0.4108 0.018010
-0.4136 0.014992
-0.4155 0.012454
-0.4167 0.010325
-0.4172 0.008547
-0.4171 0.007065
-0.4164 0.005833
-0.4154 0.004810
-0.4139 0.003963
-0.4121 0.003262
-0.4100 0.002684
-0.4077 0.002206
-0.4052 0.001813
-0.4025 0.001489
-0.3997 0.001223
-0.3969 0.001004
-0.3939 0.000824
-0.3910 0.000676
-0.3880 0.000555
-0.3851 0.000455
-0.3822 0.000373
-0.3793 0.000306
-0.3766 0.000252
-0.3739 0.000207
-0.3715 0.000170
-0.3588 0.395725
-0.2896 0.319284
-0.2369 0.261152
-0.1944 0.214319
-0.1576 0.173814
-0.1231 0.135760
-0.0763 0.169153
-0.0201 0.045468
0.0345 -0.074740
0.0797 -0.174618
0.0964 -0.317842
0.0966 -0.318895
0.0916 -0.302566
0.0839 -0.277240
0.0749 -0.247544
0.0644 -0.280111
0.0469 -0.195519
0.0354 -0.142385
0.0268 -0.104231
0.0195 -0.073900
0.0129 -0.047938
0.0068 -0.023935
0.0010 -0.003409
-0.0049 0.014866
-0.0110 0.031930
-0.0175 0.045906
-0.0251 0.059180
-0.0339 0.072660
-0.0443 0.086836
-0.0563 0.102022
-0.0702 0.114620
-0.0879 0.118709
-0.1105 0.123350
-0.1375 0.126906
-0.1675 0.127844
-0.1985 0.125297
-0.2286 0.119352
-0.2566 0.110800
-0.2819 0.100666
-0.3044 0.089876
-0.3241 0.079128
-0.3412 0.068888
-0.3560 0.059430
-0.3686 0.050889
-0.3794 0.043305
-0.3884 0.036660
-0.3960 0.030898
-0.4021 0.025943
-0.4070 0.021712
-0.4108 0.018119
-0.4136 0.015084
-0.4155 0.012531
-0.4167 0.010390
-0.4172 0.008601
-0.4171 0.007110
-0.4165 0.005870
-0.4155 0.004841
-0.4140 0.003989
-0.4122 0.003284
-0.4101 0.002701
-0.4078 0.002221
-0.4053 0.001825
-0.4027 0.001499
-0.3999 0.001231
-0.3971 0.001011
-0.3941 0.000829
-0.3912 0.000681
-0.3882 0.000558
-0.3853 0.000458
-0.3824 0.000376
-0.3795 0.000309
-0.3768 0.000253
-0.3742 0.000208
-0.3717 0.000171
-0.3582 0.395085
-0.2892 0.318828
-0.2366 0.260816
-0.1942 0.214061
-0.1574 0.173606
-0.1229 0.135582
-0.0762 0.168860
-0.0200 0.045248
0.0345 -0.074872
0.0798 -0.174645
0.0962 -0.317312
0.0965 -0.318517
0.0915 -0.302288
0.0839 -0.277028
0.0749 -0.247376
0.0642 -0.279146
0.0468 -0.195091
0.0354 -0.142184
0.0267 -0.104134
0.0195 -0.073851
0.0129 -0.047909
0.0068 -0.023913
0.0010 -0.003386
-0.0049 0.014895
-0.0110 0.031968
-0.0175 0.045934
-0.0251 0.059224
-0.0340 0.072723
-0.0444 0.086919
-0.0564 0.102126
-0.0703 0.114612
-0.0881 0.118730
-0.1107 0.123383
-0.1378 0.126932
-0.1678 0.127848
-0.1988 0.125271
-0.2289 0.119300
-0.2569 0.110728
-0.2822 0.100582
-0.3046 0.089788
-0.3243 0.079042
-0.3414 0.068807
-0.3562 0.059355
-0.3688 0.050822
-0.3796 0.043246
-0.3886 0.036609
-0.3961 0.030854
-0.4022 0.025905
-0.4071 0.021679
-0.4109 0.018092
-0.4137 0.015061
-0.4156 0.012512
-0.4168 0.010374
-0.4173 0.008588
-0.4172 0.007099
-0.4166 0.005861
-0.4155 0.004834
-0.4141 0.003982
-0.4123 0.003279
-0.4102 0.002697
-0.4079 0.002218
-0.4054 0.001822
-0.4028 0.001497
-0.4000 0.001229
-0.3971 0.001009
-0.3942 0.000828
-0.3913 0.000680
-0.3883 0.000558
-0.3853 0.000458
-0.3824 0.000375
-0.3796 0.000308
-0.3769 0.000253
-0.3742 0.000208
-0.3718 0.000171
-0.3576 0.394334
-0.2887 0.318282
-0.2362 0.260400
-0.1939 0.213725
-0.1572 0.173313
-0.1226 0.135303
-0.0759 0.168331
-0.0198 0.044751
0.0347 -0.075311
0.0799 -0.174951
0.0961 -0.317069
0.0964 -0.318316
0.0915 -0.302118
0.0838 -0.276879
0.0748 -0.247242
0.0643 -0.279499
0.0469 -0.195273
0.0354 -0.142272
0.0268 -0.104165
0.0195 -0.073845
0.0129 -0.047879
0.0068 -0.023860
0.0010 -0.003332
-0.0049 0.014957
-0.0110 0.032042
-0.0176 0.046001
-0.0252 0.059310
-0.0341 0.072832
-0.0445 0.087053
-0.0566 0.102287
-0.0705 0.114916
-0.0883 0.118992
-0.1109 0.123608
-0.1379 0.127121
-0.1679 0.128002
-0.1989 0.125395
-0.2290 0.119398
-0.2569 0.110807
-0.2822 0.100647
-0.3046 0.089841
-0.3243 0.079087
-0.3414 0.068845
-0.3562 0.059388
-0.3688 0.050850
-0.3796 0.043270
-0.3886 0.036629
-0.3961 0.030871
-0.4022 0.025920
-0.4071 0.021692
-0.4109 0.018103
-0.4137 0.015071
-0.4157 0.012520
-0.4169 0.010381
-0.4174 0.008593
-0.4173 0.007104
-0.4167 0.005865
-0.4156 0.004837
-0.4141 0.003985
-0.4124 0.003281
-0.4103 0.002699
-0.4080 0.002219
-0.4055 0.001824
-0.4029 0.001498
-0.4001 0.001230
-0.3972 0.001010
-0.3943 0.000829
-0.3914 0.000680
-0.3884 0.000558
-0.3855 0.000458
-0.3826 0.000376
-0.3797 0.000308
-0.3770 0.000253
-0.3744 0.000208
-0.3719 0.000171
-0.3554 0.391914
-0.2871 0.316497
-0.2350 0.259019
-0.1928 0.212586
-0.1563 0.172300
-0.1217 0.134320
-0.0746 0.165439
-0.0185 0.041938
0.0359 -0.077849
0.0807 -0.176746
0.0962 -0.317379
0.0963 -0.318049
0.0913 -0.301548
0.0836 -0.276157
0.0746 -0.246451
0.0640 -0.277582
0.0467 -0.194087
0.0353 -0.141395
0.0266 -0.103429
0.0193 -0.073177
0.0127 -0.047244
0.0066 -0.023251
0.0008 -0.002769
-0.0051 0.015504
-0.0112 0.032587
-0.0178 0.046484
-0.0255 0.059800
-0.0344 0.073343
-0.0448 0.087596
-0.0570 0.102864
-0.0709 0.115244
-0.0889 0.119324
-0.1116 0.123908
-0.1387 0.127350
-0.1687 0.128129
-0.1997 0.125413
-0.2297 0.119323
-0.2576 0.110667
-0.2828 0.100468
-0.3052 0.089647
-0.3248 0.078891
-0.3418 0.068658
-0.3565 0.059215
-0.3691 0.050694
-0.3798 0.043132
-0.3888 0.036508
-0.3963 0.030767
-0.4024 0.025830
-0.4073 0.021616
-0.4110 0.018038
-0.4138 0.015016
-0.4158 0.012474
-0.4169 0.010343
-0.4174 0.008562
-0.4173 0.007077
-0.4167 0.005843
-0.4156 0.004819
-0.4142 0.003970
-0.4124 0.003268
-0.4103 0.002689
-0.4080 0.002211
-0.4055 0.001817
-0.4029 0.001492
-0.4001 0.001225
-0.3973 0.001006
-0.3943 0.000826
-0.3914 0.000677
-0.3884 0.000556
-0.3855 0.000456
-0.3826 0.000374
-0.3798 0.000307
-0.3770 0.000252
-0.3744 0.000207
-0.3720 0.000170
-0.3531 0.389442
-0.2854 0.314666
-0.2337 0.257594
-0.1918 0.211404
-0.1553 0.171243
-0.1208 0.133288
-0.0733 0.162446
-0.0172 0.039010
0.0371 -0.080498
0.0816 -0.178628
0.0962 -0.317344
0.0962 -0.317608
0.0911 -0.300903
0.0834 -0.275418
0.0744 -0.245676
0.0634 -0.274562
0.0463 -0.192380
0.0350 -0.140285
0.0264 -0.102624
0.0191 -0.072539
0.0126 -0.046703
0.0065 -0.022776
0.0007 -0.002365
-0.0052 0.015871
-0.0113 0.032935
-0.0180 0.046749
-0.0256 0.060073
-0.0346 0.073638
-0.0451 0.087922
-0.0573 0.103228
-0.0713 0.115371
-0.0893 0.119476
-0.1122 0.124051
-0.1394 0.127444
-0.1695 0.128145
-0.2004 0.125342
-0.2304 0.119178
-0.2583 0.110470
-0.2834 0.100244
-0.3057 0.089414
-0.3252 0.078664
-0.3422 0.068444
-0.3569 0.059020
-0.3694 0.050519
-0.3801 0.042978
-0.3891 0.036374
-0.3965 0.030651
-0.4026 0.025731
-0.4074 0.021532
-0.4112 0.017967
-0.4139 0.014956
-0.4159 0.012423
-0.4170 0.010300
-0.4175 0.008526
-0.4174 0.007048
-0.4168 0.005819
-0.4157 0.004799
-0.4142 0.003954
-0.4124 0.003255
-0.4104 0.002678
-0.4081 0.002201
-0.4056 0.001809
-0.4029 0.001486
-0.4002 0.001220
-0.3973 0.001002
-0.3944 0.000822
-0.3914 0.000675
-0.3885 0.000554
-0.3855 0.000454
-0.3826 0.000373
-0.3798 0.000306
-0.3771 0.000251
-0.3745 0.000206
-0.3721 0.000169
-0.3494 0.385355
-0.2826 0.311633
-0.2315 0.255229
-0.1900 0.209438
-0.1537 0.169481
-0.1192 0.131563
-0.0706 0.156629
-0.0146 0.033284
0.0394 -0.085676
0.0832 -0.182298
0.0964 -0.318096
0.0961 -0.317187
0.0908 -0.299860
0.0830 -0.274058
0.0739 -0.244171
0.0626 -0.270458
0.0458 -0.189852
0.0346 -0.138457
0.0261 -0.101139
0.0188 -0.071231
0.0123 -0.045493
0.0062 -0.021643
0.0004 -0.001350
-0.0055 0.016831
-0.0117 0.033823
-0.0184 0.047551
-0.0261 0.060879
-0.0352 0.074475
-0.0457 0.088809
-0.0580 0.104172
-0.0722 0.115811
-0.0904 0.119935
-0.1135 0.124461
-0.1408 0.127730
-0.1709 0.128253
-0.2019 0.125261
-0.2318 0.118940
-0.2595 0.110124
-0.2845 0.099839
-0.3066 0.088989
-0.3260 0.078245
-0.3429 0.068049
-0.3575 0.058658
-0.3700 0.050194
-0.3805 0.042691
-0.3894 0.036124
-0.3968 0.030435
-0.4028 0.025546
-0.4076 0.021374
-0.4113 0.017834
-0.4141 0.014844
-0.4160 0.012329
-0.4171 0.010222
-0.4176 0.008461
-0.4174 0.006993
-0.4168 0.005773
-0.4157 0.004761
-0.4142 0.003923
-0.4124 0.003229
-0.4104 0.002656
-0.4080 0.002184
-0.4055 0.001795
-0.4029 0.001474
-0.4001 0.001211
-0.3973 0.000994
-0.3943 0.000816
-0.3914 0.000669
-0.3884 0.000549
-0.3855 0.000451
-0.3826 0.000370
-0.3798 0.000304
-0.3771 0.000249
-0.3745 0.000205
-0.3721 0.000168
-0.3450 0.380443
-0.2793 0.307971
-0.2289 0.252355
-0.1878 0.207030
-0.1517 0.167302
-0.1173 0.129408
-0.0676 0.149983
-0.0116 0.026740
0.0421 -0.091538
0.0851 -0.186394
0.0965 -0.318284
0.0958 -0.316358
0.0904 -0.298507
0.0825 -0.272451
0.0734 -0.242459
0.0614 -0.264431
0.0451 -0.186371
0.0341 -0.136135
0.0257 -0.099401
0.0185 -0.069809
0.0119 -0.044250
0.0059 -0.020533
0.0001 -0.000383
-0.0059 0.017726
-0.0120 0.034513
-0.0188 0.048218
-0.0266 0.061567
-0.0357 0.075215
-0.0464 0.089623
-0.0588 0.105073
-0.0731 0.115981
-0.0917 0.120191
-0.1150 0.124701
-0.1426 0.127850
