-0.0354 0.025208
-0.0556 0.037576
-0.0796 0.049205
-0.1077 0.059707
-0.1383 0.069449
-0.1692 0.075542
-0.1989 0.073445
-0.2262 0.069093
-0.2505 0.063268
-0.2716 0.056724
-0.2898 0.050046
-0.3055 0.043622
-0.3191 0.037678
-0.3310 0.032320
-0.3416 0.027579
-0.3511 0.023437
-0.3596 0.019847
-0.3670 0.016751
-0.3734 0.014090
-0.3785 0.011811
-0.3824 0.009865
-0.3849 0.008211
-0.3862 0.006811
-0.3862 0.005632
-0.3851 0.004643
-0.3830 0.003819
-0.3801 0.003133
-0.3764 0.002565
-0.3720 0.002096
-0.3666 0.001708
-0.3595 0.001385
-0.3501 0.001115
-0.3382 0.000891
-0.3239 0.000706
-0.3065 0.077241
-0.2748 0.069181
-0.2440 0.061368
-0.2131 0.053577
-0.1809 0.045467
-0.1452 0.036494
-0.0967 0.048695
-0.0315 0.016132
0.0591 -0.029069
0.1571 -0.078134
0.2286 -0.114082
0.2687 -0.134267
0.2831 -0.212348
0.2748 -0.206218
0.2623 -0.196832
0.2479 -0.186008
0.2329 -0.174780
0.2181 -0.163700
0.2039 -0.153033
0.1904 -0.142882
0.1769 -0.177069
0.1582 -0.158414
0.1431 -0.143269
0.1302 -0.130318
0.1187 -0.118789
0.1081 -0.108209
0.0982 -0.098271
0.0887 -0.088765
0.0794 -0.079529
0.0705 -0.068161
0.0621 -0.057689
0.0537 -0.048286
0.0452 -0.039474
0.0362 -0.030862
0.0264 -0.022098
0.0155 -0.012817
0.0031 -0.002616
-0.0115 0.008597
-0.0290 0.020632
-0.0506 0.032935
-0.0774 0.045045
-0.1095 0.057431
-0.1455 0.063172
-0.1827 0.065626
-0.2180 0.064770
-0.2494 0.061306
-0.2766 0.056215
-0.2996 0.050360
-0.3191 0.044359
-0.3358 0.038594
-0.3501 0.033275
-0.3626 0.028494
-0.3736 0.024272
-0.3832 0.020589
-0.3918 0.017404
-0.3994 0.014668
-0.4059 0.012328
-0.4116 0.010336
-0.4164 0.008645
-0.4202 0.007213
-0.4229 0.006002
-0.4243 0.004979
-0.4241 0.004115
-0.4222 0.003387
-0.4183 0.002775
-0.4124 0.002262
-0.4045 0.001835
-0.3948 0.001481
-0.3837 0.001190
-0.3713 0.000952
-0.3576 0.000758
-0.3427 0.000601
-0.3266 0.000473
-0.3091 0.000370
-0.2904 0.000288
-0.2704 0.000222
-0.2369 0.059461
-0.1997 0.100180
-0.1541 0.077334
-0.1029 0.051751
-0.0366 0.018719
0.0560 -0.027495
0.1581 -0.078603
0.2332 -0.116360
0.2677 -0.200627
0.2778 -0.208319
0.2754 -0.206611
0.2661 -0.199650
0.2532 -0.190035
0.2389 -0.179303
0.2243 -0.168319
0.2099 -0.157535
0.1954 -0.195639
0.1752 -0.175368
0.1589 -0.159088
0.1452 -0.145288
0.1330 -0.133090
0.1219 -0.121962
0.1115 -0.111565
0.1016 -0.101672
0.0920 -0.092116
0.0827 -0.082761
0.0734 -0.073481
0.0640 -0.064144
0.0546 -0.053302
0.0451 -0.042294
0.0352 -0.031902
0.0245 -0.021562
0.0125 -0.010436
-0.0014 0.000987
-0.0181 0.013018
-0.0388 0.025741
-0.0649 0.038449
-0.0975 0.048408
-0.1358 0.055822
-0.1767 0.060082
-0.2159 0.060745
-0.2509 0.058374
-0.2806 0.054003
-0.3054 0.048605
-0.3259 0.042893
-0.3429 0.037317
-0.3570 0.032128
-0.3688 0.027443
-0.3787 0.023299
-0.3870 0.019686
-0.3938 0.016566
-0.3994 0.013892
-0.4039 0.011614
-0.4071 0.009681
-0.4092 0.008045
-0.4099 0.006663
-0.4087 0.005494
-0.4053 0.004504
-0.3994 0.003670
-0.3911 0.002972
-0.3809 0.002393
-0.3693 0.001918
-0.3566 0.001532
-0.3432 0.001219
-0.3291 0.000966
-0.3145 0.000764
-0.2994 0.000601
-0.2839 0.000471
-0.2680 0.000368
-0.2515 0.000285
-0.2342 0.000220
-0.2054 0.103039
-0.1650 0.082772
-0.1213 0.060922
-0.0679 0.034266
0.0059 -0.002509
0.1019 -0.050483
0.1893 -0.094331
0.2394 -0.179343
0.2608 -0.195531
0.2658 -0.199359
0.2610 -0.195849
0.2510 -0.188316
0.2383 -0.178804
0.2245 -0.168509
0.2106 -0.158094
0.1971 -0.147900
0.1840 -0.138081
0.1715 -0.128689
0.1595 -0.119715
0.1480 -0.148164
0.1312 -0.131348
0.1171 -0.117200
0.1046 -0.104711
0.0932 -0.093264
0.0824 -0.082457
0.0719 -0.072010
0.0616 -0.061708
0.0513 -0.050459
0.0411 -0.038754
0.0305 -0.027829
0.0193 -0.017016
0.0069 -0.005678
-0.0074 0.005498
-0.0245 0.017323
-0.0454 0.030532
-0.0709 0.045431
-0.1015 0.058193
-0.1361 0.070397
-0.1719 0.075305
-0.2069 0.074977
-0.2391 0.071647
-0.2675 0.066302
-0.2922 0.059901
-0.3137 0.053170
-0.3323 0.046579
-0.3486 0.040396
-0.3627 0.034755
-0.3748 0.029699
-0.3850 0.025226
-0.3933 0.021305
-0.3995 0.017897
-0.4039 0.014958
-0.4062 0.012441
-0.4065 0.010294
-0.4045 0.008469
-0.4000 0.006926
-0.3934 0.005632
-0.3850 0.004556
-0.3751 0.003671
-0.3641 0.002946
-0.3524 0.002358
-0.3401 0.001881
-0.3273 0.001497
-0.3141 0.001188
-0.3007 0.000940
-0.2870 0.000742
-0.2731 0.000584
-0.2587 0.000457
-0.2413 0.060730
-0.2139 0.053792
-0.1858 0.046701
-0.1553 0.039029
-0.1196 0.030087
-0.0694 0.035007
0.0013 -0.000238
0.0941 -0.046590
0.1808 -0.090088
0.2383 -0.119008
0.2585 -0.193789
0.2627 -0.197043
0.2576 -0.193317
0.2476 -0.185767
0.2350 -0.176336
0.2214 -0.166159
0.2077 -0.155867
0.1942 -0.145787
0.1813 -0.136067
0.1689 -0.126756
0.1570 -0.117845
0.1456 -0.109298
0.1321 -0.132275
0.1169 -0.117054
0.1036 -0.103775
0.0916 -0.091679
0.0802 -0.080278
0.0691 -0.069237
0.0584 -0.056249
0.0480 -0.044477
0.0375 -0.033614
0.0265 -0.023135
0.0147 -0.012571
0.0016 -0.001459
-0.0132 0.010691
-0.0305 0.023347
-0.0512 0.036808
-0.0757 0.051576
-0.1037 0.067297
-0.1342 0.077864
-0.1654 0.085643
-0.1957 0.083800
-0.2240 0.079345
-0.2495 0.073096
-0.2720 0.065890
-0.2915 0.058401
-0.3084 0.051093
-0.3231 0.044252
-0.3357 0.038024
-0.3467 0.032466
-0.3561 0.027576
-0.3642 0.023321
-0.3712 0.019650
-0.3770 0.016503
-0.3819 0.013822
-0.3859 0.011548
-0.3891 0.009628
-0.3916 0.008012
-0.3935 0.006657
-0.3949 0.005523
-0.3959 0.004578
-0.3964 0.003790
-0.3967 0.003136
-0.3968 0.002594
-0.3966 0.002143
-0.3957 0.001768
-0.3936 0.001454
-0.3896 0.001190
-0.3832 0.000968
-0.3740 0.000781
-0.3621 0.000625
-0.3478 0.000497
-0.3316 0.000392
-0.3140 0.000307
-0.2842 0.071359
-0.2525 0.063366
-0.2215 0.055569
-0.1900 0.047657
-0.1559 0.039121
-0.1158 0.029091
-0.0629 0.015888
0.0161 -0.007566
0.1168 -0.057903
0.2036 -0.101491
0.2579 -0.128760
0.2756 -0.206702
0.2760 -0.207051
0.2682 -0.201247
0.2561 -0.192206
0.2421 -0.181688
0.2269 -0.227148
0.2042 -0.204411
0.1860 -0.186194
0.1707 -0.170822
0.1572 -0.157317
0.1450 -0.145092
0.1337 -0.133779
0.1230 -0.123139
0.1129 -0.112998
0.1031 -0.103223
0.0936 -0.093696
0.0843 -0.083062
0.0754 -0.071273
0.0668 -0.060913
0.0582 -0.051430
0.0493 -0.042431
0.0399 -0.033601
0.0298 -0.024652
0.0187 -0.015288
0.0064 -0.004962
-0.0078 0.005475
-0.0246 0.015825
-0.0452 0.026084
-0.0708 0.036864
-0.1017 0.046684
-0.1371 0.052077
-0.1744 0.054798
-0.2102 0.054631
-0.2423 0.052079
-0.2698 0.047968
-0.2930 0.043072
-0.3122 0.037960
-0.3282 0.032991
-0.3413 0.028369
-0.3520 0.024193
-0.3606 0.020493
-0.3674 0.017265
-0.3727 0.014481
-0.3767 0.012102
-0.3795 0.010083
-0.3814 0.008377
-0.3819 0.006937
-0.3808 0.005719
-0.3777 0.004689
-0.3724 0.003824
-0.3652 0.003100
-0.3564 0.002502
-0.3464 0.002011
-0.3356 0.001610
-0.3242 0.001286
-0.3125 0.001025
-0.3007 0.000816
-0.2863 0.072242
-0.2615 0.065896
-0.2384 0.060016
-0.2164 0.054417
-0.1946 0.048889
-0.1718 0.043143
-0.1465 0.036784
-0.1162 0.029212
-0.0769 0.019368
-0.0205 0.005294
0.0610 -0.015050
0.1485 -0.073882
0.2122 -0.105892
0.2486 -0.124184
0.2642 -0.132068
0.2663 -0.133176
0.2533 -0.190106
0.2360 -0.177109
0.2198 -0.164981
0.2047 -0.153666
0.1906 -0.143083
0.1774 -0.133148
0.1649 -0.123771
0.1530 -0.114870
0.1417 -0.106365
0.1270 -0.127163
0.1124 -0.111201
0.1002 -0.094924
0.0894 -0.081655
0.0794 -0.070301
0.0698 -0.060180
0.0603 -0.050838
0.0507 -0.041934
0.0407 -0.033180
0.0302 -0.024300
0.0188 -0.014997
0.0061 -0.004933
-0.0082 0.006286
-0.0248 0.019101
-0.0443 0.033927
-0.0667 0.050963
-0.0920 0.066764
-0.1194 0.081983
-0.1468 0.096083
-0.1726 0.101918
-0.1961 0.104231
-0.2171 0.096562
-0.2364 0.086939
-0.2536 0.077143
-0.2687 0.067595
-0.2817 0.058585
-0.2925 0.050297
-0.3012 0.042829
-0.3080 0.036214
-0.3131 0.030436
-0.3166 0.025448
-0.3187 0.021184
-0.3197 0.017572
-0.3198 0.014533
-0.3192 0.011993
-0.3128 0.087835
-0.2975 0.081973
-0.2840 0.077001
-0.2717 0.072661
-0.2599 0.068746
-0.2484 0.065070
-0.2364 0.061460
-0.2238 0.057789
-0.2101 0.053966
-0.1952 0.049928
-0.1790 0.045608
-0.1610 0.040906
-0.1406 0.035654
-0.1167 0.029542
-0.0868 0.021981
-0.0466 0.011861
0.0107 -0.002515
0.0859 -0.021390
0.1596 -0.039886
0.2070 -0.103473
0.2295 -0.114796
0.2373 -0.118722
0.2359 -0.118052
0.2292 -0.114710
0.2197 -0.106701
0.2098 -0.093343
0.1999 -0.082205
0.1849 -0.117156
0.1693 -0.103342
0.1559 -0.092186
0.1438 -0.082799
0.1327 -0.074641
0.1221 -0.067361
0.1118 -0.060713
0.1018 -0.054513
0.0918 -0.048612
0.0817 -0.042881
0.0714 -0.037193
0.0607 -0.031417
0.0493 -0.025400
0.0369 -0.018956
0.0231 -0.011842
0.0072 -0.003729
-0.0116 0.008623
-0.0332 0.024929
-0.0582 0.043731
-0.0863 0.064827
-0.1159 0.087013
-0.1444 0.104548
-0.1703 0.116707
-0.1920 0.125454
-0.2090 0.131038
-0.2215 0.134045
-0.2302 0.135127
-0.2358 0.134863
-0.2390 0.133712
-0.2411 0.123693
-0.2435 0.113842
-0.2461 0.105798
-0.2489 0.099222
-0.2517 0.093857
-0.2545 0.089503
-0.2578 0.080033
-0.2629 0.067476
-0.2695 0.057201
-0.2773 0.048662
-0.2859 0.041483
-0.2951 0.035397
-0.3046 0.030207
-0.3141 0.025757
-0.3233 0.021923
-0.3319 0.018605
-0.3393 0.015729
-0.3454 0.013237
-0.3498 0.011086
-0.3525 0.009238
-0.3533 0.007656
-0.3521 0.006307
-0.3487 0.005165
-0.3434 0.004206
-0.3364 0.003407
-0.3280 0.002747
-0.3186 0.002206
-0.3084 0.001765
-0.2974 0.001408
-0.2858 0.001119
-0.2712 0.068739
-0.2462 0.062273
-0.2221 0.056083
-0.1980 0.049929
-0.1726 0.043466
-0.1438 0.036204
-0.1087 0.027378
-0.0615 0.015566
0.0078 -0.001756
0.1009 -0.050041
0.1844 -0.091944
0.2389 -0.119319
0.2667 -0.133341
0.2760 -0.138054
0.2705 -0.203034
0.2524 -0.189489
0.2352 -0.176529
0.2189 -0.164304
0.2036 -0.152835
0.1893 -0.142085
0.1758 -0.131981
0.1621 -0.162287
0.1441 -0.144267
0.1291 -0.129273
0.1160 -0.116153
0.1041 -0.104215
0.0929 -0.093020
0.0822 -0.081555
0.0721 -0.068541
0.0624 -0.057203
0.0528 -0.046881
0.0429 -0.037083
0.0324 -0.027397
0.0210 -0.017434
0.0082 -0.006790
-0.0064 0.004990
-0.0234 0.018409
-0.0434 0.033958
-0.0668 0.051750
-0.0936 0.068043
-0.1228 0.082174
-0.1530 0.091338
-0.1821 0.097788
-0.2084 0.097213
-0.2324 0.089635
-0.2539 0.080975
-0.2728 0.071963
-0.2895 0.063135
-0.3040 0.054832
-0.3168 0.047244
-0.3281 0.040449
-0.3380 0.034457
-0.3468 0.029231
-0.3546 0.024713
-0.3615 0.020834
-0.3676 0.017515
-0.3725 0.014676
-0.3759 0.012247
-0.3776 0.010171
-0.3774 0.008406
-0.3754 0.006914
-0.3719 0.005663
-0.3671 0.004622
-0.3612 0.003760
-0.3545 0.003052
-0.3473 0.002471
-0.3396 0.001999
-0.3318 0.001614
-0.3240 0.001303
-0.3164 0.001052
-0.3090 0.000850
-0.3019 0.000686
-0.2950 0.000555
-0.2881 0.000448
-0.2811 0.000361
-0.2736 0.000291
-0.2655 0.000233
-0.2565 0.000186
-0.2467 0.000148
-0.2358 0.000117
-0.2238 0.000092
-0.2103 0.000071
-0.1948 0.000055
-0.1765 0.000041
-0.1494 0.037466
-0.1095 0.055024
-0.0534 0.040535
0.0254 -0.018361
0.1175 -0.087504
0.1919 -0.143479
0.2359 -0.176695
0.2557 -0.191722
0.2599 -0.194906
0.2547 -0.191064
0.2444 -0.183371
0.2316 -0.173780
0.2178 -0.163433
0.2038 -0.152962
0.1901 -0.142693
0.1769 -0.132769
0.1623 -0.162498
0.1445 -0.144621
0.1295 -0.129593
0.1162 -0.116330
0.1041 -0.104178
0.0926 -0.092712
0.0815 -0.081638
0.0706 -0.070732
0.0597 -0.059792
0.0485 -0.048611
0.0368 -0.036948
0.0244 -0.023958
0.0110 -0.010423
-0.0041 0.003426
-0.0219 0.017263
-0.0436 0.030399
-0.0705 0.043802
-0.1032 0.057480
-0.1399 0.070501
-0.1776 0.074981
-0.2139 0.074703
-0.2468 0.071268
-0.2754 0.065787
-0.3001 0.059280
-0.3213 0.052485
-0.3396 0.045871
-0.3555 0.039701
-0.3693 0.034101
-0.3813 0.029113
-0.3917 0.024732
-0.4008 0.020922
-0.4086 0.017637
-0.4154 0.014825
-0.4213 0.012433
-0.4265 0.010407
-0.4310 0.008695
-0.4341 0.007242
-0.4354 0.006005
-0.4344 0.004953
-0.4308 0.004063
-0.4249 0.003313
-0.4169 0.002687
-0.4070 0.002169
-0.3957 0.001744
-0.3832 0.001397
-0.3701 0.001115
-0.3566 0.000888
-0.3429 0.000706
-0.3293 0.000561
-0.3158 0.000445
-0.3024 0.000352
-0.2889 0.000278
-0.2753 0.000219
-0.2614 0.000172
-0.2469 0.000134
-0.2317 0.000104
-0.2152 0.000080
-0.1969 0.000061
-0.1677 0.042051
-0.1293 0.064910
-0.0776 0.039092
-0.0061 0.005245
0.0875 -0.064876
0.1739 -0.129862
0.2296 -0.171942
0.2574 -0.192919
0.2661 -0.199531
0.2631 -0.197406
0.2537 -0.190378
0.2410 -0.180857
0.2269 -0.170276
0.2124 -0.159437
0.1982 -0.148762
0.1845 -0.138444
0.1713 -0.128548
0.1566 -0.156791
0.1391 -0.139218
0.1242 -0.124320
0.1109 -0.111059
0.0987 -0.098805
0.0870 -0.087153
0.0757 -0.075831
0.0645 -0.064622
0.0532 -0.053329
0.0416 -0.041739
0.0295 -0.028758
0.0168 -0.015700
0.0028 -0.002490
-0.0133 0.010416
-0.0325 0.023943
-0.0559 0.036650
-0.0847 0.049574
-0.1182 0.062396
-0.1542 0.073987
-0.1897 0.075754
-0.2230 0.073630
-0.2525 0.068964
-0.2780 0.062803
-0.2999 0.056012
-0.3184 0.049184
-0.3342 0.042680
-0.3475 0.036698
-0.3587 0.031325
-0.3682 0.026584
-0.3761 0.022458
-0.3830 0.018906
-0.3890 0.015876
-0.3944 0.013310
-0.3996 0.011149
-0.4047 0.009337
-0.4100 0.007820
-0.4154 0.006552
-0.4210 0.005490
-0.4266 0.004600
-0.4321 0.003852
-0.4371 0.003222
-0.4416 0.002691
-0.4454 0.002244
-0.4485 0.001868
-0.4507 0.001553
-0.4520 0.001287
-0.4523 0.001065
-0.4515 0.000879
-0.4495 0.000724
-0.4464 0.000594
-0.4419 0.000486
-0.4359 0.000397
-0.4283 0.000322
-0.4187 0.000261
-0.4068 0.000209
-0.3920 0.000167
-0.3744 0.000132
-0.3544 0.000103
-0.3324 0.000080
-0.3054 0.076502
-0.2649 0.132740
-0.2155 0.108037
-0.1670 0.083768
-0.1140 0.057321
-0.0471 0.023932
0.0474 -0.023166
0.1558 -0.077387
0.2374 -0.118394
0.2838 -0.141763
0.2975 -0.223145
0.2908 -0.218173
0.2780 -0.208630
0.2624 -0.196953
0.2459 -0.184562
0.2295 -0.172228
0.2124 -0.212623
0.1899 -0.190103
0.1719 -0.172018
0.1566 -0.156700
0.1430 -0.143173
0.1307 -0.130850
0.1193 -0.119363
0.1084 -0.108462
0.0979 -0.097964
0.0876 -0.087720
0.0775 -0.077600
0.0674 -0.066745
0.0575 -0.054599
0.0477 -0.043629
0.0376 -0.032000
0.0271 -0.021422
0.0155 -0.011540
0.0023 -0.001699
-0.0133 0.008732
-0.0323 0.019825
-0.0560 0.030845
-0.0852 0.042524
-0.1194 0.054470
-0.1563 0.061169
-0.1930 0.062495
-0.2268 0.060759
-0.2563 0.056797
-0.2814 0.051556
-0.3023 0.045805
-0.3198 0.040066
-0.3344 0.034650
-0.3469 0.029718
-0.3576 0.025333
-0.3671 0.021499
-0.3755 0.018186
-0.3833 0.015348
-0.3905 0.012929
-0.3973 0.010876
-0.4037 0.009137
-0.4096 0.007665
-0.4149 0.006419
-0.4193 0.005365
-0.4226 0.004471
-0.4241 0.003710
-0.4230 0.003059
-0.4190 0.002506
-0.4120 0.002037
-0.4024 0.001645
-0.3908 0.001321
-0.3776 0.001056
-0.3634 0.000840
-0.3485 0.000666
-0.3331 0.000526
-0.3173 0.000415
-0.3013 0.000325
-0.2851 0.000255
-0.2686 0.000198
-0.2518 0.000154
-0.2250 0.056433
-0.1947 0.097632
-0.1548 0.077662
-0.1108 0.055684
-0.0558 0.028208
0.0210 -0.010077
0.1167 -0.057888
0.1985 -0.098947
0.2496 -0.124633
0.2745 -0.137182
0.2815 -0.140758
0.2737 -0.205409
0.2544 -0.190921
0.2361 -0.177228
0.2191 -0.164418
0.2031 -0.152470
0.1883 -0.141318
0.1744 -0.130876
0.1613 -0.121051
0.1489 -0.111746
0.1359 -0.136084
0.1194 -0.119583
0.1052 -0.105310
0.0923 -0.092386
0.0801 -0.080248
0.0685 -0.067131
0.0573 -0.053919
0.0462 -0.041993
0.0348 -0.030702
0.0226 -0.019509
0.0093 -0.007709
-0.0058 0.004259
-0.0234 0.016630
-0.0446 0.030125
-0.0701 0.045206
-0.0995 0.061733
-0.1312 0.078689
-0.1622 0.094500
-0.1898 0.107869
-0.2128 0.111606
-0.2335 0.101260
-0.2524 0.090530
-0.2695 0.079938
-0.2849 0.069862
-0.2985 0.060537
-0.3106 0.052089
-0.3214 0.044557
-0.3309 0.037929
-0.3392 0.032155
-0.3467 0.027169
-0.3533 0.022895
-0.3594 0.019254
-0.3649 0.016167
-0.3702 0.013561
-0.3752 0.011364
-0.3798 0.009510
-0.3833 0.007936
-0.3853 0.006597
-0.3856 0.005458
-0.3839 0.004493
-0.3804 0.003681
-0.3752 0.003002
-0.3685 0.002438
-0.3607 0.001973
-0.3520 0.001592
-0.3426 0.001281
-0.3329 0.001029
-0.3230 0.000826
-0.3132 0.000662
-0.3034 0.000530
-0.2937 0.000424
-0.2838 0.000339
-0.2737 0.000270
-0.2632 0.000215
-0.2524 0.000170
-0.2408 0.000134
-0.2282 0.000105
-0.2029 0.101696
-0.1673 0.083900
-0.1291 0.064802
-0.0835 0.042006
-0.0218 0.011263
0.0637 -0.031403
0.1550 -0.077120
0.2220 -0.110781
0.2599 -0.129863
0.2759 -0.137926
0.2775 -0.138770
0.2671 -0.200482
0.2464 -0.184943
0.2276 -0.170854
0.2105 -0.157989
0.1947 -0.146154
0.1801 -0.135188
0.1665 -0.124951
0.1536 -0.115320
0.1415 -0.106180
0.1298 -0.097426
0.1136 -0.113762
0.0991 -0.099268
0.0859 -0.086066
0.0735 -0.073584
0.0613 -0.060822
0.0494 -0.047019
0.0375 -0.034431
0.0251 -0.022319
0.0117 -0.009696
-0.0033 0.002360
-0.0207 0.014703
-0.0415 0.028076
-0.0666 0.042996
-0.0957 0.059424
-0.1274 0.076447
-0.1587 0.092516
-0.1868 0.106254
-0.2102 0.117048
-0.2286 0.120310
-0.2446 0.109288
-0.2598 0.095973
-0.2741 0.083719
-0.2873 0.072577
-0.2995 0.062562
-0.3107 0.053659
-0.3209 0.045820
-0.3301 0.038978
-0.3386 0.033054
-0.3464 0.027959
-0.3537 0.023605
-0.3607 0.019901
-0.3675 0.016764
-0.3741 0.014112
-0.3805 0.011867
-0.3860 0.009954
-0.3899 0.008314
-0.3917 0.006906
-0.3910 0.005701
-0.3880 0.004677
-0.3829 0.003816
-0.3760 0.003098
-0.3676 0.002505
-0.3582 0.002018
-0.3481 0.001621
-0.3374 0.001300
-0.3267 0.001040
-0.3159 0.000832
-0.3054 0.000665
-0.2951 0.000531
-0.2850 0.000424
-0.2750 0.000338
-0.2650 0.000270
-0.2546 0.000214
-0.2358 0.059162
-0.2126 0.053318
-0.1885 0.047264
-0.1541 0.077311
-0.1146 0.057553
