0.8574
0.8016
0.7375
0.7320
0.7222
0.7141
0.7084
0.7201
0.7239
0.7144
0.7258
0.7389
0.7228
0.6905
0.6859
0.7083
0.7162
0.7265
0.7626
0.7170
0.6830
0.7160
0.7443
0.6864
0.6982
0.7215
0.7130
0.6828
0.7011
0.7100
0.7367
0.7437
0.7180
0.7194
0.7276
0.7422
0.7226
0.7082
0.7148
0.6995
0.7146
0.7317
0.7151
0.6922
0.7109
0.6919
0.7049
0.7302
0.6801
0.6676
0.6901
0.7214
0.7202
0.6945
0.7139
0.6742
0.6790
0.6849
0.7118
0.7233
0.6811
0.6916
0.7265
0.7268
0.7017
0.7232
0.7159
0.7264
0.7299
0.7494
0.7263
0.7131
0.7166
0.6861
0.6880
0.7094
0.7311
0.7087
0.7061
0.7242
0.7109
0.6859
0.6939
0.7186
0.6813
0.6860
0.7043
0.7103
0.7181
0.7486
0.7355
0.7440
0.6871
0.7034
0.7005
0.7310
0.7255
0.7347
0.7391
0.6945
0.6836
0.7046
0.7342
0.7065
0.7082
0.6842
0.6814
0.6965
0.7151
0.7379
0.7341
0.6831
0.6815
0.6918
0.7144
0.7279
0.7140
0.7128
0.6999
0.7235
0.7217
0.7277
0.7324
0.7362
0.7084
0.7220
0.7457
0.7397
0.7322
0.7257
0.7210
0.7205
0.7182
0.7015
0.6949
0.7080
0.7168
0.7287
0.7325
0.7160
0.6944
0.6988
0.7143
0.7118
0.7177
0.7183
0.7196
0.7040
0.7004
0.7317
