0.0142 -0.040895
0.0013 -0.003874
-0.0115 0.028933
-0.0248 0.059694
-0.0388 0.086739
-0.0545 0.109584
-0.0723 0.131751
-0.0918 0.153092
-0.1124 0.172874
-0.1333 0.179918
-0.1566 0.174869
-0.1818 0.167837
-0.2074 0.158359
-0.2324 0.146711
-0.2559 0.133586
-0.2775 0.119776
-0.2969 0.105980
-0.3141 0.092724
-0.3292 0.080355
-0.3423 0.069076
-0.3534 0.058970
-0.3627 0.050045
-0.3703 0.042254
-0.3765 0.035516
-0.3812 0.029736
-0.3847 0.024811
-0.3870 0.020639
-0.3883 0.017123
-0.3887 0.014172
-0.3883 0.011705
-0.3872 0.009650
-0.3854 0.007942
-0.3831 0.006527
-0.3803 0.005358
-0.3772 0.004393
-0.3736 0.003598
-0.3699 0.002945
-0.3659 0.002409
-0.3617 0.001969
-0.3574 0.001609
-0.3530 0.001314
-0.3485 0.001072
-0.3441 0.000875
-0.3397 0.000714
-0.3353 0.000583
-0.3310 0.000476
-0.3269 0.000389
-0.3230 0.000317
-0.3193 0.000259
-0.3158 0.000212
-0.3128 0.000174
-0.3102 0.000142
-0.3080 0.000117
-0.2844 0.263598
-0.2374 0.220078
-0.1991 0.184503
-0.1659 0.153814
-0.1356 0.125739
-0.0972 0.180694
-0.0477 0.089182
0.0028 -0.004235
0.0515 -0.094520
0.0900 -0.165867
0.1027 -0.284924
0.0992 -0.275343
0.0913 -0.243465
0.0825 -0.208230
0.0726 -0.174856
0.0551 -0.178795
0.0373 -0.118203
0.0223 -0.066885
0.0090 -0.025501
-0.0037 0.009428
-0.0166 0.041144
-0.0301 0.071332
-0.0446 0.095473
-0.0612 0.117999
-0.0797 0.139893
-0.0997 0.160741
-0.1203 0.179668
-0.1419 0.178355
-0.1661 0.172558
-0.1915 0.164540
-0.2169 0.154139
-0.2413 0.141823
-0.2641 0.128345
-0.2849 0.114470
-0.3035 0.100833
-0.3199 0.087888
-0.3342 0.075922
-0.3465 0.065088
-0.3569 0.055437
-0.3656 0.046953
-0.3727 0.039574
-0.3783 0.033213
-0.3825 0.027771
-0.3856 0.023145
-0.3875 0.019234
-0.3885 0.015942
-0.3885 0.013184
-0.3879 0.010882
-0.3865 0.008966
-0.3845 0.007375
-0.3820 0.006059
-0.3791 0.004971
-0.3758 0.004074
-0.3722 0.003336
-0.3683 0.002730
-0.3643 0.002232
-0.3600 0.001824
-0.3557 0.001490
-0.3513 0.001217
-0.3468 0.000993
-0.3424 0.000811
-0.3380 0.000662
-0.3336 0.000540
-0.3294 0.000441
-0.3252 0.000360
-0.3213 0.000294
-0.3176 0.000240
-0.3143 0.000197
-0.3113 0.000161
-0.3087 0.000132
-0.3066 0.000108
-0.2790 0.258655
-0.2331 0.216040
-0.1953 0.181002
-0.1624 0.150579
-0.1321 0.122530
-0.0922 0.171504
-0.0426 0.079801
0.0081 -0.013971
0.0563 -0.103266
0.0933 -0.172011
0.1024 -0.284092
0.0984 -0.273243
0.0905 -0.240105
0.0815 -0.205017
0.0715 -0.171735
0.0529 -0.171508
0.0356 -0.112545
0.0208 -0.062239
0.0077 -0.021732
-0.0050 0.012705
-0.0179 0.044133
-0.0314 0.074024
-0.0461 0.097353
-0.0628 0.119804
-0.0815 0.141614
-0.1016 0.162313
-0.1222 0.181002
-0.1442 0.177156
-0.1685 0.171280
-0.1941 0.163099
-0.2195 0.152539
-0.2438 0.140119
-0.2664 0.126609
-0.2870 0.112769
-0.3053 0.099217
-0.3215 0.086392
-0.3356 0.074564
-0.3477 0.063875
-0.3579 0.054369
-0.3664 0.046022
-0.3733 0.038770
-0.3787 0.032524
-0.3829 0.027184
-0.3858 0.022648
-0.3876 0.018815
-0.3885 0.015591
-0.3885 0.012891
-0.3877 0.010637
-0.3862 0.008763
-0.3842 0.007207
-0.3817 0.005920
-0.3787 0.004856
-0.3754 0.003980
-0.3717 0.003259
-0.3678 0.002666
-0.3637 0.002180
-0.3595 0.001781
-0.3551 0.001455
-0.3507 0.001188
-0.3462 0.000970
-0.3417 0.000791
-0.3372 0.000646
-0.3328 0.000527
-0.3285 0.000430
-0.3244 0.000351
-0.3203 0.000287
-0.3165 0.000234
-0.3130 0.000191
-0.3098 0.000157
-0.3071 0.000128
-0.3048 0.000105
-0.3030 0.000087
-0.2542 0.235617
-0.2127 0.197159
-0.1776 0.164634
-0.1462 0.135490
-0.1160 0.107614
-0.0663 0.123547
-0.0160 0.030516
0.0345 -0.062996
0.0780 -0.143542
0.1015 -0.281557
0.1010 -0.280397
0.0944 -0.258320
0.0858 -0.221727
0.0762 -0.187424
0.0617 -0.202787
0.0428 -0.137128
0.0271 -0.083969
0.0135 -0.039053
0.0008 -0.002430
-0.0119 0.030018
-0.0251 0.060450
-0.0390 0.086532
-0.0547 0.109241
-0.0725 0.131294
-0.0920 0.152524
-0.1125 0.172203
-0.1335 0.177696
-0.1571 0.172923
-0.1824 0.166064
-0.2082 0.156706
-0.2332 0.145159
-0.2567 0.132133
-0.2782 0.118430
-0.2976 0.104748
-0.3147 0.091609
-0.3297 0.079360
-0.3427 0.068197
-0.3537 0.058202
-0.3629 0.049379
-0.3705 0.041680
-0.3765 0.035026
-0.3812 0.029319
-0.3846 0.024459
-0.3869 0.020343
-0.3881 0.016875
-0.3885 0.013965
-0.3880 0.011533
-0.3868 0.009507
-0.3850 0.007824
-0.3827 0.006430
-0.3799 0.005277
-0.3767 0.004327
-0.3732 0.003544
-0.3694 0.002900
-0.3654 0.002372
-0.3612 0.001939
-0.3568 0.001584
-0.3524 0.001293
-0.3479 0.001056
-0.3434 0.000861
-0.3389 0.000703
-0.3344 0.000573
-0.3300 0.000468
-0.3257 0.000382
-0.3216 0.000312
-0.3176 0.000255
-0.3138 0.000208
-0.3103 0.000170
-0.3071 0.000139
-0.3044 0.000114
-0.3021 0.000094
-0.3004 0.000077
-0.2533 0.234797
-0.2119 0.196347
-0.1767 0.163771
-0.1451 0.134511
-0.1147 0.106431
-0.0647 0.120539
-0.0141 0.027069
0.0365 -0.066591
0.0796 -0.146545
0.1013 -0.280876
0.1007 -0.279528
0.0940 -0.257467
0.0853 -0.220727
0.0758 -0.186324
0.0600 -0.197394
0.0416 -0.133276
0.0261 -0.080922
0.0127 -0.036747
0.0001 -0.000527
-0.0126 0.031691
-0.0257 0.061980
-0.0397 0.087426
-0.0555 0.110081
-0.0734 0.132079
-0.0930 0.153222
-0.1134 0.172768
-0.1347 0.175899
-0.1587 0.171324
-0.1842 0.164517
-0.2101 0.155146
-0.2351 0.143581
-0.2586 0.130566
-0.2800 0.116911
-0.2992 0.103310
-0.3162 0.090278
-0.3310 0.078150
-0.3438 0.067113
-0.3546 0.057244
-0.3637 0.048542
-0.3711 0.040955
-0.3770 0.034402
-0.3815 0.028787
-0.3848 0.024007
-0.3870 0.019962
-0.3881 0.016554
-0.3884 0.013696
-0.3878 0.011309
-0.3866 0.009320
-0.3847 0.007669
-0.3824 0.006302
-0.3795 0.005172
-0.3763 0.004240
-0.3727 0.003472
-0.3689 0.002841
-0.3649 0.002324
-0.3606 0.001899
-0.3563 0.001551
-0.3518 0.001266
-0.3473 0.001034
-0.3428 0.000844
-0.3383 0.000688
-0.3338 0.000562
-0.3294 0.000458
-0.3251 0.000374
-0.3210 0.000305
-0.3170 0.000249
-0.3132 0.000204
-0.3097 0.000166
-0.3065 0.000136
-0.3037 0.000112
-0.3013 0.000092
-0.2996 0.000075
-0.2590 0.240036
-0.2165 0.200618
-0.1807 0.167443
-0.1487 0.137856
-0.1183 0.109697
-0.0705 0.131284
-0.0200 0.038035
0.0309 -0.056179
0.0753 -0.138651
0.1007 -0.279344
0.1011 -0.280709
0.0949 -0.262132
0.0863 -0.224902
0.0769 -0.190195
0.0621 -0.205009
0.0433 -0.139206
0.0277 -0.086327
0.0141 -0.040996
0.0014 -0.004197
-0.0112 0.028301
-0.0242 0.058717
-0.0381 0.084872
-0.0537 0.107599
-0.0713 0.129643
-0.0907 0.150883
-0.1111 0.170628
-0.1322 0.175681
-0.1560 0.171423
-0.1815 0.164978
-0.2075 0.155935
-0.2327 0.144614
-0.2564 0.131744
-0.2780 0.118145
-0.2975 0.104531
-0.3147 0.091440
-0.3297 0.079224
-0.3427 0.068084
-0.3537 0.058107
-0.3629 0.049299
-0.3705 0.041612
-0.3765 0.034968
-0.3812 0.029270
-0.3846 0.024417
-0.3868 0.020307
-0.3881 0.016844
-0.3884 0.013939
-0.3879 0.011511
-0.3867 0.009489
-0.3849 0.007809
-0.3826 0.006417
-0.3798 0.005267
-0.3766 0.004318
-0.3730 0.003537
-0.3692 0.002894
-0.3652 0.002367
-0.3610 0.001935
-0.3567 0.001580
-0.3522 0.001290
-0.3477 0.001053
-0.3432 0.000860
-0.3387 0.000701
-0.3342 0.000572
-0.3298 0.000467
-0.3255 0.000381
-0.3213 0.000311
-0.3173 0.000254
-0.3135 0.000207
-0.3099 0.000170
-0.3067 0.000139
-0.3039 0.000114
-0.3015 0.000093
-0.2997 0.000077
-0.2642 0.244849
-0.2207 0.204554
-0.1843 0.170843
-0.1521 0.140973
-0.1216 0.112761
-0.0761 0.141764
-0.0259 0.048818
0.0252 -0.045659
0.0709 -0.130345
0.1000 -0.277262
0.1014 -0.281514
0.0958 -0.266116
0.0874 -0.228947
0.0780 -0.194062
0.0645 -0.213721
0.0453 -0.145860
0.0293 -0.092397
0.0156 -0.045657
0.0029 -0.008137
-0.0097 0.024727
-0.0227 0.055325
-0.0364 0.082175
-0.0518 0.105032
-0.0693 0.127170
-0.0885 0.148547
-0.1088 0.168521
-0.1298 0.175861
-0.1534 0.171830
-0.1788 0.165688
-0.2048 0.156939
-0.2302 0.145843
-0.2540 0.133105
-0.2759 0.119551
-0.2956 0.105915
-0.3130 0.092751
-0.3283 0.080434
-0.3415 0.069178
-0.3527 0.059080
-0.3621 0.050152
-0.3698 0.042353
-0.3760 0.035606
-0.3808 0.029815
-0.3843 0.024880
-0.3867 0.020698
-0.3880 0.017173
-0.3884 0.014214
-0.3880 0.011741
-0.3869 0.009679
-0.3852 0.007967
-0.3829 0.006548
-0.3801 0.005375
-0.3769 0.004407
-0.3734 0.003610
-0.3697 0.002955
-0.3656 0.002416
-0.3614 0.001975
-0.3571 0.001613
-0.3527 0.001317
-0.3482 0.001075
-0.3437 0.000878
-0.3391 0.000716
-0.3346 0.000584
-0.3302 0.000477
-0.3259 0.000389
-0.3216 0.000317
-0.3176 0.000259
-0.3137 0.000212
-0.3101 0.000173
-0.3067 0.000141
-0.3038 0.000116
-0.3013 0.000095
-0.2993 0.000078
-0.2783 0.257996
-0.2321 0.215146
-0.1940 0.179825
-0.1608 0.149035
-0.1299 0.120485
-0.0903 0.167975
-0.0402 0.075345
0.0110 -0.019340
0.0592 -0.108667
0.0956 -0.176316
0.1018 -0.282390
0.0979 -0.271807
0.0898 -0.239426
0.0807 -0.203876
0.0707 -0.170291
0.0501 -0.162701
0.0335 -0.106223
0.0192 -0.057588
0.0064 -0.018125
-0.0061 0.015691
-0.0189 0.046724
-0.0323 0.075307
-0.0472 0.098457
-0.0640 0.120759
-0.0828 0.142379
-0.1029 0.162826
-0.1235 0.175913
-0.1464 0.172448
-0.1716 0.167113
-0.1977 0.159183
-0.2233 0.148747
-0.2477 0.136430
-0.2702 0.123060
-0.2905 0.109414
-0.3086 0.096102
-0.3244 0.083548
-0.3382 0.072007
-0.3499 0.061606
-0.3598 0.052376
-0.3679 0.044290
-0.3745 0.037276
-0.3797 0.031245
-0.3835 0.026095
-0.3862 0.021726
-0.3878 0.018038
-0.3884 0.014939
-0.3882 0.012346
-0.3873 0.010183
-0.3857 0.008385
-0.3835 0.006894
-0.3809 0.005661
-0.3778 0.004643
-0.3744 0.003804
-0.3707 0.003114
-0.3667 0.002547
-0.3625 0.002082
-0.3582 0.001701
-0.3538 0.001389
-0.3493 0.001134
-0.3448 0.000925
-0.3402 0.000755
-0.3357 0.000616
-0.3312 0.000502
-0.3268 0.000410
-0.3225 0.000334
-0.3184 0.000273
-0.3144 0.000223
-0.3106 0.000182
-0.3071 0.000149
-0.3039 0.000122
-0.3010 0.000100
-0.2987 0.000082
-0.2969 0.000067
-0.2613 0.242147
-0.2182 0.202186
-0.1819 0.168605
-0.1496 0.138686
-0.1188 0.110230
-0.0728 0.135627
-0.0222 0.042096
0.0289 -0.052629
0.0740 -0.136251
0.1000 -0.277455
0.1011 -0.280686
0.0953 -0.264635
0.0867 -0.227052
0.0772 -0.191988
0.0623 -0.206054
0.0435 -0.140223
0.0279 -0.087786
0.0143 -0.042073
0.0018 -0.005137
-0.0108 0.027372
-0.0237 0.057732
-0.0375 0.083708
-0.0530 0.106426
-0.0705 0.128443
-0.0898 0.149668
-0.1102 0.169436
-0.1314 0.173965
-0.1553 0.170085
-0.1810 0.163938
-0.2072 0.155123
-0.2325 0.143970
-0.2562 0.131221
-0.2780 0.117711
-0.2975 0.104166
-0.3147 0.091127
-0.3298 0.078955
-0.3427 0.067853
-0.3538 0.057908
-0.3630 0.049128
-0.3705 0.041466
-0.3765 0.034843
-0.3812 0.029164
-0.3845 0.024328
-0.3868 0.020232
-0.3880 0.016781
-0.3883 0.013886
-0.3878 0.011467
-0.3866 0.009452
-0.3848 0.007778
-0.3824 0.006392
-0.3796 0.005246
-0.3764 0.004301
-0.3729 0.003522
-0.3690 0.002883
-0.3650 0.002357
-0.3608 0.001926
-0.3564 0.001574
-0.3520 0.001285
-0.3474 0.001049
-0.3429 0.000856
-0.3383 0.000698
-0.3338 0.000569
-0.3293 0.000464
-0.3249 0.000379
-0.3206 0.000309
-0.3164 0.000252
-0.3125 0.000206
-0.3087 0.000168
-0.3051 0.000137
-0.3019 0.000112
-0.2991 0.000092
-0.2967 0.000076
-0.2949 0.000062
-0.2660 0.246564
-0.2219 0.205694
-0.1851 0.171520
-0.1524 0.141230
-0.1214 0.112585
-0.0772 0.143664
-0.0266 0.050082
0.0249 -0.045059
0.0709 -0.130455
0.0992 -0.274996
0.1012 -0.280859
0.0959 -0.266358
0.0874 -0.230304
0.0780 -0.194972
0.0634 -0.210516
0.0445 -0.143866
0.0289 -0.091134
0.0152 -0.044940
0.0027 -0.007613
-0.0098 0.025075
-0.0227 0.055503
-0.0364 0.081761
-0.0517 0.104535
-0.0691 0.126574
-0.0883 0.147843
-0.1086 0.167718
-0.1297 0.172764
-0.1537 0.169268
-0.1795 0.163476
-0.2058 0.154956
-0.2313 0.144022
-0.2552 0.131419
-0.2771 0.117992
-0.2967 0.104485
-0.3141 0.091454
-0.3292 0.079270
-0.3423 0.068145
-0.3534 0.058173
-0.3627 0.049363
-0.3703 0.041671
-0.3763 0.035021
-0.3810 0.029316
-0.3844 0.024457
-0.3867 0.020341
-0.3879 0.016873
-0.3883 0.013963
-0.3878 0.011531
-0.3866 0.009505
-0.3848 0.007822
-0.3824 0.006428
-0.3796 0.005276
-0.3764 0.004325
-0.3729 0.003543
-0.3691 0.002899
-0.3650 0.002371
-0.3608 0.001938
-0.3565 0.001583
-0.3520 0.001292
-0.3475 0.001055
-0.3429 0.000861
-0.3383 0.000702
-0.3338 0.000573
-0.3293 0.000467
-0.3249 0.000381
-0.3206 0.000311
-0.3164 0.000254
-0.3123 0.000207
-0.3085 0.000169
-0.3049 0.000138
-0.3016 0.000113
-0.2986 0.000093
-0.2961 0.000076
-0.2942 0.000062
-0.2811 0.260581
-0.2341 0.216987
-0.1954 0.181110
-0.1617 0.149866
-0.1304 0.120899
-0.0917 0.170638
-0.0413 0.077328
0.0102 -0.017999
0.0589 -0.108109
0.0957 -0.176496
0.1016 -0.282029
0.0980 -0.272229
0.0899 -0.241231
0.0807 -0.204973
0.0692 -0.232000
0.0491 -0.159981
0.0328 -0.104334
0.0187 -0.056327
0.0060 -0.017107
-0.0064 0.016519
-0.0191 0.047381
-0.0325 0.075333
-0.0473 0.098361
-0.0641 0.120531
-0.0828 0.142004
-0.1028 0.162303
-0.1235 0.172857
-0.1469 0.169915
-0.1724 0.164916
-0.1987 0.157200
-0.2245 0.146910
-0.2490 0.134713
-0.2714 0.121458
-0.2917 0.107933
-0.3097 0.094750
-0.3254 0.082329
-0.3390 0.070920
-0.3506 0.060647
-0.3603 0.051539
-0.3684 0.043564
-0.3748 0.036652
-0.3799 0.030712
-0.3836 0.025642
-0.3861 0.021343
-0.3876 0.017715
-0.3882 0.014669
-0.3879 0.012120
-0.3869 0.009995
-0.3852 0.008229
-0.3830 0.006764
-0.3803 0.005554
-0.3772 0.004554
-0.3738 0.003731
-0.3700 0.003054
-0.3660 0.002498
-0.3619 0.002042
-0.3575 0.001668
-0.3531 0.001362
-0.3486 0.001112
-0.3441 0.000907
-0.3395 0.000740
-0.3350 0.000604
-0.3305 0.000493
-0.3261 0.000402
-0.3217 0.000328
-0.3175 0.000268
-0.3135 0.000218
-0.3097 0.000178
-0.3061 0.000146
-0.3028 0.000119
-0.2999 0.000098
-0.2974 0.000080
-0.2955 0.000066
-0.2793 0.258907
-0.2328 0.215725
-0.1944 0.180143
-0.1609 0.149118
-0.1298 0.120322
-0.0900 0.167525
-0.0397 0.074398
0.0117 -0.020755
0.0600 -0.110261
0.0963 -0.177674
0.1018 -0.282633
0.0979 -0.271790
0.0896 -0.239736
0.0804 -0.203579
0.0688 -0.230380
0.0488 -0.158597
0.0325 -0.103060
0.0184 -0.055035
0.0056 -0.016040
-0.0068 0.017508
-0.0196 0.048366
-0.0330 0.076423
-0.0479 0.099410
-0.0647 0.121556
-0.0835 0.142999
-0.1035 0.163245
-0.1242 0.173668
-0.1475 0.170531
-0.1730 0.165355
-0.1992 0.157490
-0.2250 0.147085
-0.2493 0.134805
-0.2718 0.121496
-0.2920 0.107937
-0.3099 0.094734
-0.3256 0.082302
-0.3392 0.070890
-0.3507 0.060616
-0.3605 0.051510
-0.3685 0.043537
-0.3749 0.036628
-0.3799 0.030690
-0.3836 0.025624
-0.3862 0.021327
-0.3877 0.017702
-0.3882 0.014658
-0.3879 0.012111
-0.3869 0.009987
-0.3853 0.008222
-0.3831 0.006759
-0.3804 0.005549
-0.3773 0.004551
-0.3738 0.003728
-0.3701 0.003052
-0.3661 0.002496
-0.3619 0.002040
-0.3576 0.001667
-0.3532 0.001361
-0.3487 0.001111
-0.3442 0.000907
-0.3397 0.000740
-0.3352 0.000604
-0.3307 0.000493
-0.3264 0.000402
-0.3221 0.000328
-0.3181 0.000268
-0.3142 0.000219
-0.3105 0.000179
-0.3071 0.000146
-0.3041 0.000120
-0.3015 0.000098
-0.2994 0.000081
-0.2914 0.270081
-0.2426 0.224836
-0.2029 0.188024
-0.1687 0.156404
-0.1376 0.127562
-0.1018 0.189215
-0.0517 0.096532
-0.0007 0.002213
0.0490 -0.089715
0.0887 -0.163425
0.1020 -0.283049
0.0994 -0.276092
0.0918 -0.247927
0.0828 -0.211564
0.0729 -0.177439
0.0539 -0.176158
0.0367 -0.116910
0.0220 -0.066720
0.0090 -0.025550
-0.0036 0.009156
-0.0163 0.040636
-0.0296 0.070566
-0.0440 0.094062
-0.0604 0.116461
-0.0788 0.138196
-0.0987 0.158901
-0.1192 0.176509
-0.1415 0.173262
-0.1663 0.168407
-0.1923 0.161035
-0.2181 0.151081
-0.2428 0.139089
-0.2657 0.125870
-0.2865 0.112224
-0.3051 0.098802
-0.3214 0.086065
-0.3355 0.074300
-0.3477 0.063657
-0.3579 0.054186
-0.3664 0.045868
-0.3733 0.038639
-0.3787 0.032413
-0.3828 0.027090
-0.3857 0.022568
-0.3875 0.018747
-0.3883 0.015534
-0.3883 0.012843
-0.3875 0.010597
-0.3860 0.008729
-0.3840 0.007179
-0.3814 0.005896
-0.3784 0.004837
-0.3751 0.003964
-0.3714 0.003245
-0.3675 0.002655
-0.3634 0.002171
-0.3592 0.001774
-0.3548 0.001449
-0.3504 0.001183
-0.3459 0.000966
-0.3414 0.000788
-0.3369 0.000643
-0.3325 0.000525
-0.3282 0.000428
-0.3241 0.000350
-0.3200 0.000285
-0.3162 0.000233
-0.3127 0.000191
-0.3094 0.000156
-0.3066 0.000128
-0.3043 0.000105
-0.3024 0.000086
-0.2652 0.245819
-0.2218 0.205528
-0.1855 0.171897
-0.1534 0.142188
-0.1232 0.114244
-0.0771 0.143538
-0.0271 0.051001
0.0238 -0.043168
0.0696 -0.128011
0.1006 -0.279032
0.1018 -0.282673
0.0961 -0.266912
0.0876 -0.229383
0.0783 -0.194514
0.0656 -0.217099
0.0460 -0.148109
0.0299 -0.093870
0.0159 -0.046742
0.0032 -0.008971
-0.0095 0.024077
-0.0225 0.054816
-0.0362 0.082238
-0.0516 0.105118
-0.0690 0.127271
-0.0882 0.148672
-0.1085 0.168684
-0.1293 0.177550
-0.1526 0.173265
-0.1779 0.166991
-0.2038 0.158177
-0.2290 0.147041
-0.2529 0.134262
-0.2748 0.120653
-0.2946 0.106946
-0.3122 0.093701
-0.3275 0.081294
-0.3408 0.069946
-0.3521 0.059758
-0.3616 0.050746
-0.3695 0.042867
-0.3758 0.036047
-0.3806 0.030192
-0.3842 0.025200
-0.3867 0.020969
-0.3881 0.017401
-0.3886 0.014405
-0.3882 0.011900
-0.3872 0.009812
-0.3855 0.008077
-0.3832 0.006640
-0.3805 0.005451
-0.3774 0.004470
-0.3739 0.003662
-0.3701 0.002997
-0.3662 0.002451
-0.3620 0.002004
-0.3577 0.001637
-0.3533 0.001337
-0.3489 0.001092
-0.3444 0.000891
-0.3400 0.000727
-0.3356 0.000593
-0.3312 0.000484
-0.3270 0.000395
-0.3230 0.000323
-0.3191 0.000264
-0.3155 0.000216
-0.3122 0.000176
-0.3093 0.000144
-0.3068 0.000119
-0.3049 0.000097
-0.2731 0.253168
-0.2283 0.211597
-0.1912 0.177209
-0.1587 0.147143
-0.1286 0.119203
-0.0862 0.160354
-0.0365 0.068467
0.0143 -0.025490
0.0616 -0.113178
0.0968 -0.178544
