0.1106
0.1092
0.1077
0.1061
0.1044
0.1028
0.1014
0.1002
0.0992
0.0983
0.0974
-0.1306
-0.1280
-0.1234
-0.1169
-0.1086
-0.0984
-0.0863
-0.0718
-0.0545
-0.0336
-0.0085
0.0206
0.0511
0.0798
0.1036
0.1211
0.1339
0.1426
0.1479
0.1506
0.1511
0.1501
0.1477
0.1443
0.1401
0.1353
0.1299
0.1239
0.1176
0.1108
0.1037
0.0961
0.0813
0.0593
0.0395
0.0207
0.0018
-0.0177
-0.0381
-0.0594
-0.0809
-0.1013
-0.1193
-0.1340
-0.1447
-0.1516
-0.1551
-0.1556
-0.1537
-0.1496
-0.1437
-0.1362
-0.1270
-0.1161
-0.1034
-0.0884
-0.0706
-0.0491
-0.0230
0.0081
0.0425
0.0755
0.1020
0.1198
0.1300
0.1355
0.1379
0.1394
0.1403
0.1403
0.1395
0.1378
0.1352
0.1319
0.1278
0.1231
0.1180
0.1125
0.1068
0.1010
0.0952
0.0814
0.0680
0.0503
0.0342
0.0187
0.0031
-0.0128
-0.0296
-0.0473
-0.0656
-0.0841
-0.1017
-0.1174
-0.1196
-0.1190
-0.1167
-0.1128
-0.1068
-0.0899
-0.0730
