0.8220 2.9641
0.8095 2.6495
0.7962 2.3762
0.7823 2.1394
0.7680 1.9351
0.7533 1.7595
0.7386 1.6099
0.7242 1.4831
0.7104 1.3766
0.6973 1.2873
0.6851 1.2127
0.6741 1.1501
0.6640 1.0973
0.6550 1.0519
0.6469 1.0125
0.6395 0.9779
0.6327 0.9483
0.6268 0.9241
0.6218 0.9059
0.6180 0.8972
0.6176 0.9257
0.6256 1.0277
0.6446 1.2052
0.6715 1.4404
0.7013 1.7146
0.7297 2.0131
0.7547 2.3237
0.7754 2.6346
0.7921 2.9343
0.8053 3.2165
0.8157 3.4825
0.8241 3.7296
0.8309 3.9481
0.8363 4.1238
0.8404 4.2405
0.8430 4.3011
0.8446 4.3307
0.8455 4.4046
0.8476 4.7052
0.8525 5.3175
0.8602 6.1150
0.8690 7.0378
0.8775 8.0206
0.8847 8.8747
0.8911 10.5626
0.8991 14.8867
0.9087 21.6863
0.9169 26.7604
0.9222 29.7552
0.9252 31.8517
0.9266 32.7107
0.9271 31.9259
0.9269 30.0910
0.9262 27.6849
0.9250 24.9909
0.9233 22.3011
0.9213 19.7780
0.9188 17.4545
0.9159 15.3481
0.9126 13.4637
0.9088 11.7826
0.9044 10.3193
0.8994 9.0532
0.8938 7.9619
0.8877 7.0261
0.8810 6.2246
0.8737 5.5351
0.8659 4.9370
0.8575 4.4135
0.8485 3.9520
0.8388 3.5437
0.8284 3.1819
0.8172 2.8617
0.8053 2.5788
0.7927 2.3292
0.7795 2.1098
0.7658 1.9178
0.7519 1.7511
0.7378 1.6075
0.7239 1.4848
0.7105 1.3806
0.6978 1.2929
0.6859 1.2202
0.6753 1.1616
0.6661 1.1163
0.6585 1.0827
0.6526 1.0593
0.6483 1.0443
0.6455 1.0359
0.6439 1.0321
0.6432 1.0304
0.6429 1.0313
0.6443 1.0626
0.6516 1.1610
0.6672 1.3270
0.6891 1.5443
0.7136 1.7969
0.7376 2.0718
0.7591 2.3581
0.7775 2.6469
0.7927 2.9309
0.8051 3.2092
0.8154 3.4840
0.8240 3.7452
0.8311 3.9614
0.8364 4.1039
0.8399 4.1642
0.8416 4.1668
0.8421 4.1643
0.8428 4.3408
0.8467 4.9118
0.8547 5.7520
0.8645 6.6861
0.8741 7.6641
0.8821 8.4811
0.8882 9.3800
0.8948 12.5419
0.9044 19.2000
0.9140 25.8293
0.9207 28.5683
0.9241 29.6068
0.9257 30.2641
0.9262 30.0096
0.9261 28.8905
0.9255 27.1520
0.9246 24.9119
0.9232 22.3618
0.9212 19.7385
0.9187 17.2109
0.9156 14.8634
0.9117 12.7234
0.9071 10.8913
0.9016 9.3631
0.8955 8.0970
0.8887 7.0498
0.8813 6.1807
0.8734 5.4536
0.8650 4.8403
0.8561 4.3191
0.8468 3.8728
0.8370 3.4870
0.8267 3.1503
0.8160 2.8539
0.8048 2.5913
0.7931 2.3574
0.7809 2.1488
0.7683 1.9628
0.7552 1.7969
0.7417 1.6490
0.7280 1.5173
0.7141 1.4000
0.7002 1.2958
0.6863 1.2032
0.6727 1.1210
0.6593 1.0480
0.6464 0.9838
0.6341 0.9292
0.6229 0.8854
0.6133 0.8526
0.6058 0.8304
0.6004 0.8180
0.5976 0.8186
0.5991 0.8526
0.6079 0.9311
0.6243 1.0471
0.6456 1.1875
0.6683 1.3391
0.6900 1.4935
0.7095 1.6568
0.7273 1.8442
0.7439 2.0459
0.7588 2.2417
0.7715 2.4195
0.7819 2.5783
0.7903 2.7279
0.7974 2.8747
0.8036 3.0167
0.8090 3.1477
0.8137 3.2612
0.8176 3.3620
0.8210 3.4755
0.8249 3.6880
0.8310 4.1248
0.8399 4.7141
0.8499 5.3029
0.8593 6.0140
0.8686 7.0256
0.8778 8.2901
0.8877 11.1452
0.8988 15.1091
0.9083 19.0582
0.9157 24.8212
0.9213 29.9811
0.9249 33.0136
0.9269 35.1884
0.9280 36.4758
0.9285 35.7636
0.9284 33.6711
0.9277 30.8820
0.9266 27.8090
0.9251 24.7670
0.9232 21.9070
0.9209 19.2681
0.9183 16.8726
0.9151 14.6898
0.9114 12.7249
0.9070 11.0138
0.9020 9.5568
0.8963 8.3376
0.8901 7.3237
0.8834 6.4739
0.8762 5.7503
0.8685 5.1240
0.8603 4.5761
0.8515 4.0941
0.8420 3.6696
0.8318 3.2962
0.8210 2.9685
0.8095 2.6811
0.7975 2.4286
0.7850 2.2055
0.7720 2.0074
0.7585 1.8315
0.7447 1.6763
0.7307 1.5408
0.7168 1.4238
0.7032 1.3234
0.6902 1.2368
0.6777 1.1611
0.6659 1.0937
0.6544 1.0328
0.6433 0.9769
0.6324 0.9253
0.6218 0.8803
0.6130 0.8603
0.6097 0.8821
0.6144 0.9441
0.6264 1.0362
0.6433 1.1471
0.6620 1.2675
0.6804 1.3910
0.6972 1.5134
0.7121 1.6353
0.7252 1.7601
0.7370 1.8903
0.7479 2.0243
0.7578 2.1553
0.7665 2.2771
0.7743 2.4040
0.7817 2.5552
0.7893 2.7272
0.7970 2.9046
0.8042 3.0678
0.8105 3.2150
0.8160 3.3805
0.8221 3.7125
0.8319 4.4793
0.8460 5.5686
0.8607 6.6661
0.8730 7.7054
0.8824 8.5971
0.8888 9.2729
0.8936 10.6352
0.9004 15.5072
0.9099 23.4743
0.9183 29.8504
0.9237 32.9811
0.9266 35.1439
0.9280 36.0475
0.9284 35.1982
0.9283 33.5243
0.9277 31.1946
0.9266 27.6566
0.9249 23.8331
0.9226 20.4184
0.9196 17.5312
0.9162 15.1165
0.9123 13.0887
0.9080 11.3726
0.9032 9.9116
0.8978 8.6638
0.8918 7.5966
0.8853 6.6821
0.8781 5.8952
0.8702 5.2136
0.8617 4.6192
0.8523 4.0979
0.8422 3.6391
0.8311 3.2345
0.8191 2.8775
0.8061 2.5628
0.7921 2.2860
0.7772 2.0450
0.7616 1.8386
0.7457 1.6651
0.7300 1.5215
0.7150 1.4045
0.7010 1.3103
0.6885 1.2352
0.6775 1.1754
0.6681 1.1264
0.6598 1.0833
0.6523 1.0426
0.6450 1.0059
0.6391 0.9926
0.6374 1.0168
0.6417 1.0767
0.6522 1.1791
0.6687 1.3319
0.6895 1.5268
0.7121 1.7485
0.7338 1.9820
0.7531 2.2152
0.7694 2.4385
0.7826 2.6443
0.7932 2.8268
0.8014 2.9838
0.8078 3.1162
0.8128 3.2254
0.8166 3.3103
0.8194 3.3674
0.8212 3.3933
0.8222 3.3933
0.8223 3.3778
0.8219 3.3493
0.8211 3.3150
0.8205 3.3559
0.8225 3.6273
0.8291 4.1201
0.8391 4.7755
0.8509 5.6358
0.8627 6.5326
0.8725 7.2591
0.8804 8.5815
0.8904 12.3166
0.9018 17.0703
0.9117 23.0573
0.9192 29.1924
0.9239 31.5686
0.9261 31.5669
0.9269 32.1430
0.9271 31.8243
0.9269 30.4465
0.9263 28.4015
0.9253 26.0242
0.9239 23.4681
0.9222 20.8811
0.9199 18.3926
0.9172 16.0858
0.9139 13.9388
0.9099 12.0164
0.9051 10.3554
0.8996 8.9555
0.8935 7.8024
0.8868 6.8658
0.8798 6.1046
0.8726 5.4771
0.8652 4.9470
0.8576 4.4856
0.8496 4.0713
0.8412 3.6905
0.8321 3.3370
0.8220 3.0094
0.8109 2.7091
0.7987 2.4382
0.7856 2.1988
0.7718 1.9925
0.7578 1.8196
0.7440 1.6777
0.7310 1.5618
0.7190 1.4652
0.7079 1.3820
0.6975 1.3080
0.6876 1.2407
0.6780 1.1786
0.6685 1.1211
0.6591 1.0680
0.6499 1.0187
0.6408 0.9732
0.6319 0.9316
0.6235 0.8995
0.6177 0.8966
0.6179 0.9354
0.6256 1.0126
0.6397 1.1189
0.6578 1.2453
0.6771 1.3840
0.6960 1.5285
0.7132 1.6737
0.7284 1.8151
0.7413 1.9479
0.7521 2.0678
0.7609 2.1730
0.7680 2.2640
0.7738 2.3486
0.7789 2.4395
0.7837 2.5366
0.7886 2.6408
0.7936 2.7626
0.7994 2.9731
0.8086 3.4303
0.8218 4.0679
0.8364 4.7559
0.8497 5.4311
0.8606 6.1037
0.8695 6.8497
0.8771 7.7894
0.8854 10.5118
0.8975 16.0547
0.9088 21.0520
0.9168 25.4532
0.9221 30.2541
0.9253 32.7551
0.9269 34.4630
0.9280 37.0991
0.9287 38.0773
0.9290 37.0341
0.9287 33.8036
0.9277 29.8148
0.9262 25.9818
0.9241 22.5592
0.9216 19.5211
0.9186 16.8507
0.9152 14.5539
0.9112 12.6133
0.9068 10.9826
0.9019 9.6082
0.8965 8.4431
0.8906 7.4489
0.8842 6.5951
0.8772 5.8568
0.8697 5.2130
0.8616 4.6463
0.8527 4.1422
0.8430 3.6907
0.8324 3.2859
0.8207 2.9246
0.8079 2.6049
0.7941 2.3245
0.7795 2.0802
0.7640 1.8683
0.7481 1.6851
0.7319 1.5275
0.7156 1.3928
0.6996 1.2789
0.6842 1.1846
0.6701 1.1092
0.6576 1.0521
0.6474 1.0122
0.6398 0.9873
0.6348 0.9752
0.6322 0.9727
0.6316 0.9775
0.6330 0.9999
0.6385 1.0588
0.6492 1.1532
0.6642 1.2714
0.6812 1.4001
0.6980 1.5303
0.7137 1.6715
0.7287 1.8376
0.7434 2.0264
0.7575 2.2280
0.7706 2.4317
0.7822 2.6277
0.7922 2.8073
0.8003 2.9620
0.8067 3.0852
0.8115 3.1749
0.8149 3.2333
0.8170 3.2735
0.8189 3.3767
0.8228 3.6780
0.8301 4.1611
0.8399 4.7240
0.8498 5.2419
0.8581 5.6097
0.8636 5.7529
0.8664 5.8277
0.8713 7.8795
0.8849 12.5967
0.8996 17.0485
0.9105 20.6515
0.9174 24.1456
0.9213 25.3705
0.9230 25.3545
0.9237 27.5621
0.9248 31.2201
0.9262 34.1215
0.9272 34.8134
0.9277 33.1765
0.9273 30.1467
0.9262 26.7491
0.9245 23.5275
0.9223 20.5545
0.9197 17.9297
0.9167 15.5868
0.9131 13.4927
0.9089 11.6715
0.9041 10.1367
0.8988 8.8624
0.8929 7.8005
0.8867 6.9055
0.8800 6.1432
0.8728 5.4885
0.8653 4.9217
0.8572 4.4291
0.8487 3.9987
0.8398 3.6181
0.8303 3.2769
0.8201 2.9678
0.8093 2.6863
0.7976 2.4302
0.7850 2.1982
0.7715 1.9889
0.7572 1.8011
0.7422 1.6334
0.7266 1.4857
0.7108 1.3590
0.6953 1.2535
0.6807 1.1684
0.6675 1.1019
0.6562 1.0515
0.6471 1.0148
0.6401 0.9893
0.6350 0.9728
0.6318 0.9666
0.6314 0.9867
0.6361 1.0469
0.6469 1.1431
0.6623 1.2633
0.6798 1.3956
0.6976 1.5434
0.7153 1.7196
0.7327 1.9206
0.7494 2.1346
0.7645 2.3497
0.7777 2.5568
0.7887 2.7491
0.7978 2.9204
0.8051 3.0639
0.8106 3.1652
0.8143 3.2024
0.8157 3.1698
0.8150 3.0811
0.8127 3.0076
0.8115 3.1376
0.8155 3.5098
0.8245 4.0042
0.8354 4.4933
0.8454 4.8991
0.8531 5.1395
0.8578 5.3086
0.8650 7.4855
0.8814 12.2963
0.8980 16.6781
0.9097 20.0364
0.9169 23.6569
0.9212 26.5458
0.9235 26.5975
0.9240 25.9361
0.9242 27.7288
0.9250 31.0400
0.9261 33.7209
0.9271 35.0023
0.9277 33.8599
0.9275 30.8546
0.9265 27.2229
0.9248 23.8021
0.9226 20.8568
0.9201 18.3255
0.9172 16.1088
0.9139 14.1398
0.9102 12.3601
0.9060 10.7824
0.9011 9.4286
0.8957 8.2979
0.8898 7.3588
0.8836 6.5708
0.8770 5.8983
0.8701 5.3128
0.8628 4.7935
0.8550 4.3260
0.8466 3.9012
0.8374 3.5130
0.8273 3.1573
0.8162 2.8312
0.8039 2.5331
0.7904 2.2631
0.7757 2.0227
0.7600 1.8139
0.7437 1.6373
0.7274 1.4911
0.7116 1.3706
0.6967 1.2701
0.6827 1.1838
0.6695 1.1074
0.6568 1.0386
0.6444 0.9761
0.6323 0.9198
0.6206 0.8711
0.6103 0.8394
0.6044 0.8468
0.6069 0.9034
0.6186 1.0027
0.6373 1.1321
0.6593 1.2788
0.6814 1.4319
0.7017 1.5826
0.7190 1.7238
0.7332 1.8510
0.7446 1.9623
0.7535 2.0574
0.7605 2.1354
0.7658 2.1940
0.7695 2.2299
0.7718 2.2405
0.7725 2.2243
0.7716 2.1802
0.7690 2.1127
0.7651 2.0534
0.7634 2.1641
0.7710 2.5485
0.7875 3.0814
0.8069 3.6289
0.8243 4.1204
0.8377 4.5102
0.8468 4.7524
0.8526 5.0325
0.8594 6.3839
0.8751 10.9386
0.8934 15.7303
0.9071 19.4226
0.9155 22.8633
0.9205 25.8350
0.9232 27.1020
0.9242 26.5709
0.9243 26.1233
0.9242 27.2885
0.9248 30.5714
0.9259 33.5224
0.9270 35.1602
0.9278 34.7372
0.9277 31.3499
0.9267 27.1372
0.9248 23.4371
0.9224 20.5068
0.9198 18.2247
0.9171 16.3194
0.9142 14.5262
0.9109 12.8154
0.9071 11.2746
0.9027 9.9653
0.8980 8.8854
0.8929 7.9783
0.8876 7.1797
0.8819 6.4556
0.8757 5.8007
0.8689 5.2195
0.8616 4.7146
0.8538 4.2818
0.8458 3.9089
0.8376 3.5801
0.8291 3.2820
0.8201 3.0063
0.8105 2.7500
0.8002 2.5126
0.7891 2.2945
0.7772 2.0959
0.7647 1.9166
0.7516 1.7571
0.7385 1.6285
0.7268 1.5513
0.7187 1.5290
0.7155 1.5533
0.7171 1.6126
0.7225 1.6957
0.7301 1.7934
0.7388 1.8977
0.7475 2.0029
0.7557 2.1046
0.7631 2.1993
0.7694 2.2832
0.7746 2.3508
0.7786 2.3953
0.7811 2.4104
0.7821 2.3925
0.7813 2.3405
0.7786 2.2567
0.7740 2.1492
0.7675 2.0274
0.7594 1.8997
0.7500 1.7810
0.7415 1.7456
0.7397 1.8692
0.7474 2.1045
0.7613 2.3818
0.7770 2.6572
0.7914 2.9066
0.8030 3.1080
0.8113 3.2360
0.8168 3.3506
0.8220 3.6499
0.8300 4.1774
0.8417 5.3239
0.8613 8.7695
0.8834 12.7573
0.8998 15.4980
0.9093 17.0325
0.9143 18.7100
0.9171 20.2897
0.9186 20.5264
0.9190 19.9944
0.9190 20.2936
0.9191 21.1553
0.9200 23.7253
0.9216 26.0854
0.9230 26.8225
0.9237 25.7748
0.9233 23.0546
0.9217 20.0505
0.9192 17.5126
0.9163 15.5538
0.9131 13.9477
0.9098 12.4852
0.9062 11.1176
0.9021 9.8835
0.8975 8.8077
0.8925 7.8717
0.8870 7.0460
0.8810 6.3123
0.8744 5.6630
0.8674 5.0923
0.8598 4.5916
0.8517 4.1509
0.8431 3.7597
0.8340 3.4088
0.8242 3.0912
0.8138 2.8027
0.8026 2.5409
0.7907 2.3049
0.7781 2.1016
0.7657 1.9512
0.7550 1.8598
0.7473 1.8192
0.7432 1.8172
0.7422 1.8425
0.7438 1.8859
0.7471 1.9409
0.7514 2.0022
0.7560 2.0661
0.7606 2.1290
0.7649 2.1867
0.7688 2.2342
0.7718 2.2652
0.7737 2.2733
0.7743 2.2542
0.7734 2.2070
0.7707 2.1343
0.7662 2.0415
0.7602 1.9383
0.7531 1.8506
0.7466 1.8024
0.7424 1.7969
0.7412 1.8297
0.7436 1.9150
0.7508 2.1149
0.7644 2.4710
0.7829 2.9406
0.8024 3.4160
0.8186 3.7657
0.8299 3.9627
0.8363 4.0542
0.8395 4.0987
0.8410 4.1480
0.8424 4.3325
0.8464 4.8848
0.8570 7.0472
0.8761 11.3771
0.8946 15.3620
0.9071 17.8541
0.9140 19.2002
0.9174 20.1819
0.9189 20.9042
0.9196 20.9482
0.9196 20.5410
0.9197 22.3839
0.9210 25.9465
0.9229 28.5363
0.9244 28.6528
0.9248 26.7571
0.9241 23.6362
0.9223 20.4917
0.9197 17.7401
0.9166 15.5406
0.9132 13.8194
0.9097 12.3934
0.9060 11.0828
0.9019 9.8325
0.8972 8.6926
0.8919 7.7157
0.8861 6.9151
0.8801 6.2633
0.8740 5.7056
0.8677 5.1974
0.8610 4.7208
0.8537 4.2763
0.8456 3.8703
0.8367 3.5075
0.8272 3.1885
0.8173 2.9097
0.8070 2.6637
0.7964 2.4427
0.7854 2.2416
0.7740 2.0595
0.7622 1.9076
0.7514 1.8090
0.7434 1.7701
0.7393 1.7823
0.7394 1.8319
0.7428 1.9052
0.7483 1.9909
0.7547 2.0800
0.7611 2.1660
0.7670 2.2441
0.7721 2.3108
0.7763 2.3628
0.7794 2.3971
0.7814 2.4105
0.7822 2.4003
0.7818 2.3657
0.7800 2.3080
0.7769 2.2314
0.7725 2.1406
0.7669 2.0405
0.7602 1.9351
0.7525 1.8272
0.7439 1.7227
0.7353 1.6550
0.7309 1.7229
0.7371 1.9716
0.7525 2.2842
0.7705 2.5708
0.7864 2.8061
0.7987 3.0013
0.8079 3.1755
0.8147 3.3360
0.8204 3.5301
0.8266 3.8724
0.8349 4.3914
0.8455 5.3347
0.8621 8.3598
0.8828 12.6898
0.8993 15.8011
0.9094 17.5298
0.9146 18.6813
0.9171 19.7142
0.9184 20.2733
0.9189 20.0276
0.9185 19.0126
0.9182 20.3016
0.9193 23.7249
0.9212 25.8803
0.9227 26.0933
0.9233 24.7436
0.9227 22.1441
0.9210 19.3818
0.9185 16.9461
0.9154 14.9834
0.9121 13.3764
0.9086 12.0119
0.9049 10.7692
0.9008 9.6140
0.8963 8.5772
0.8912 7.6838
0.8857 6.9204
0.8799 6.2512
0.8737 5.6454
0.8670 5.0892
0.8596 4.5809
0.8514 4.1231
0.8425 3.7168
0.8330 3.3602
0.8229 3.0488
0.8124 2.7752
0.8015 2.5355
0.7906 2.3433
0.7805 2.2121
0.7725 2.1381
0.7672 2.1100
0.7647 2.1149
0.7645 2.1415
0.7659 2.1806
0.7683 2.2251
0.7710 2.2699
0.7738 2.3107
0.7763 2.3438
0.7783 2.3652
0.7796 2.3699
0.7799 2.3529
0.7791 2.3111
0.7769 2.2443
0.7731 2.1556
0.7677 2.0502
0.7608 1.9344
0.7525 1.8149
0.7429 1.6978
0.7325 1.5877
0.7217 1.4875
0.7107 1.3986
0.7000 1.3220
0.6902 1.2653
0.6833 1.2646
0.6847 1.3747
0.6984 1.6270
0.7227 1.9953
0.7509 2.4056
0.7760 2.7395
0.7943 2.9596
0.8058 3.0982
0.8126 3.2123
0.8171 3.3448
0.8213 3.5214
0.8263 3.8020
0.8333 4.2521
0.8425 4.8794
0.8544 6.4143
0.8727 10.3515
0.8915 14.3921
0.9049 17.1202
0.9126 18.7312
0.9167 20.2919
0.9189 21.3653
0.9199 21.3746
0.9200 20.7837
0.9201 22.7015
0.9214 26.5960
0.9233 29.0955
0.9247 29.1228
0.9251 27.1002
0.9243 23.8411
0.9225 20.6188
0.9199 17.8905
0.9168 15.7412
0.9135 14.0103
0.9100 12.5187
0.9063 11.1318
0.9021 9.8529
0.8974 8.7308
0.8921 7.7872
0.8865 6.9970
0.8806 6.3145
0.8744 5.7043
0.8677 5.1508
0.8605 4.6513
0.8527 4.2068
0.8443 3.8179
0.8355 3.4813
0.8264 3.1898
0.8172 2.9347
0.8079 2.7183
0.7991 2.5568
0.7915 2.4519
0.7858 2.3941
0.7821 2.3710
0.7804 2.3713
0.7801 2.3858
0.7807 2.4070
0.7818 2.4294
0.7830 2.4488
0.7841 2.4625
0.7849 2.4683
0.7853 2.4632
0.7851 2.4435
0.7841 2.4055
0.7822 2.3473
0.7791 2.2692
0.7747 2.1737
0.7689 2.0647
0.7618 1.9466
0.7533 1.8236
0.7436 1.6996
0.7326 1.5806
0.7213 1.4872
0.7117 1.4390
0.7058 1.4372
0.7048 1.4742
0.7082 1.5425
0.7153 1.6459
0.7259 1.7963
0.7392 1.9898
0.7540 2.2079
0.7685 2.4342
0.7818 2.6592
0.7932 2.8724
0.8027 3.0636
0.8104 3.2276
0.8163 3.3646
0.8210 3.4922
0.8252 3.6829
0.8306 4.0122
