0.3929
0.4588
0.5072
0.5250
0.5311
0.5361
0.5385
0.5405
0.5449
0.5440
0.5449
0.5479
0.5443
0.5437
0.5448
0.5448
0.5433
0.5437
0.5439
0.5425
0.5454
0.5462
0.5437
0.5424
0.5446
0.5437
0.5427
0.5411
0.5412
0.5428
0.5452
0.5433
0.5431
0.5399
0.5421
0.5416
0.5395
0.5404
0.5394
0.5404
0.5418
0.5433
0.5429
0.5404
0.5396
0.5400
0.5379
0.5394
0.5376
0.5381
0.5376
0.5372
0.5364
0.5363
0.5354
0.5364
0.5358
0.5364
0.5353
0.5362
0.5360
0.5374
0.5392
0.5383
0.5382
0.5378
0.5381
0.5372
0.5382
0.5365
0.5363
0.5376
0.5375
0.5372
0.5376
0.5379
0.5385
0.5382
0.5394
0.5385
0.5376
0.5382
0.5375
0.5374
0.5381
0.5371
0.5369
0.5360
0.5368
0.5350
0.5359
0.5368
0.5367
0.5372
0.5359
0.5353
0.5353
0.5372
0.5345
0.5367
0.5356
0.5364
0.5373
0.5365
0.5366
0.5381
0.5391
0.5379
0.5367
0.5351
0.5353
0.5365
0.5360
0.5358
0.5367
0.5357
0.5376
0.5369
0.5352
0.5358
0.5369
0.5367
0.5349
0.5361
0.5362
0.5366
0.5356
0.5348
0.5350
0.5379
0.5357
0.5373
0.5358
0.5377
0.5386
0.5359
0.5368
0.5365
0.5354
0.5365
0.5342
0.5353
0.5364
0.5344
0.5360
0.5356
0.5378
0.5379
0.5372
0.5377
0.5371
0.5378
0.5371
0.5383
0.5358
0.5366
0.5386
0.5386
0.5388
0.5387
0.5385
0.5375
0.5374
0.5396
0.5380
0.5385
0.5381
0.5360
0.5367
0.5387
0.5394
0.5400
0.5389
0.5394
0.5402
0.5412
0.5405
0.5387
0.5378
0.5386
0.5377
0.5366
0.5384
0.5379
0.5377
0.5388
0.5384
0.5376
0.5377
0.5373
0.5379
0.5397
0.5405
0.5397
0.5393
0.5411
0.5385
0.5373
0.5379
0.5394
0.5390
0.5384
0.5403
0.5378
0.5382
0.5383
0.5373
0.5375
0.5385
0.5373
0.5382
0.5375
0.5373
0.5378
0.5374
0.5369
0.5391
0.5376
0.5392
0.5382
0.5381
0.5377
0.5384
0.5384
0.5377
0.5377
0.5384
0.5366
0.5364
0.5366
