0.9313 49.9500
0.9318 50.4496
0.9320 49.4769
0.9318 46.1278
0.9312 41.1133
0.9303 38.7391
0.9297 38.0459
0.9293 37.6668
0.9290 37.4415
0.9289 37.2670
0.9289 37.0188
0.9288 36.4587
0.9286 35.1246
0.9281 32.8884
0.9274 30.2749
0.9263 27.7529
0.9251 25.5119
0.9237 23.5216
0.9222 21.7010
0.9206 20.0413
0.9190 18.6683
0.9174 17.5348
0.9158 16.4979
0.9142 15.4816
0.9125 14.4731
0.9106 13.4756
0.9084 12.4722
0.9059 11.4263
0.9029 10.3434
0.8991 9.2855
0.8947 8.3301
0.8898 7.5179
0.8846 6.8506
0.8794 6.3081
0.8743 5.8612
0.8694 5.4779
0.8646 5.1287
0.8597 4.7906
0.8544 4.4515
0.8485 4.1089
0.8417 3.7667
0.8338 3.4310
0.8247 3.1081
0.8144 2.8030
0.8027 2.5200
0.7898 2.2644
0.7759 2.0417
0.7614 1.8554
0.7472 1.7059
0.7340 1.5920
0.7225 1.5111
0.7134 1.4579
0.7069 1.4257
0.7026 1.4072
0.7001 1.3956
0.6985 1.3853
0.6971 1.3722
0.6955 1.3532
0.6932 1.3268
0.6899 1.2922
0.6853 1.2501
0.6795 1.2048
0.6734 1.1767
0.6703 1.1987
0.6737 1.2817
0.6843 1.4151
0.7000 1.5811
0.7177 1.7620
0.7350 1.9415
0.7501 2.1036
0.7623 2.2322
0.7710 2.3136
0.7763 2.3403
0.7783 2.3136
0.7771 2.2427
0.7734 2.1476
0.7679 2.0563
0.7620 1.9870
0.7569 1.9438
0.7532 1.9230
0.7513 1.9323
0.7535 2.0948
0.7658 2.5848
0.7895 3.4772
0.8180 4.6345
0.8437 5.8440
0.8631 6.9654
0.8763 7.9153
0.8848 8.6334
0.8898 9.0671
0.8924 9.1763
0.8936 9.5299
0.8970 12.5061
0.9039 16.1537
0.9106 18.8781
0.9154 20.7303
0.9185 21.9111
0.9201 22.5360
0.9210 22.7117
0.9212 22.4348
0.9210 21.6629
0.9204 20.4884
0.9193 19.1284
0.9181 18.8356
0.9184 23.0758
0.9212 30.6092
0.9247 37.2743
0.9276 42.0724
0.9296 45.1961
0.9307 46.8376
0.9312 46.9476
0.9313 44.9273
0.9309 40.7941
0.9301 37.6168
0.9294 36.4005
0.9288 35.4203
0.9284 34.7565
0.9281 34.3788
0.9279 34.0972
0.9278 33.6373
0.9275 32.4241
0.9270 30.1159
0.9261 27.1823
0.9247 24.4781
0.9231 22.4129
0.9214 20.9148
0.9200 19.8195
0.9187 18.9936
0.9177 18.3152
0.9167 17.6675
0.9158 17.0345
0.9150 16.4767
0.9141 15.9379
0.9132 15.3661
0.9122 14.7497
0.9110 14.0862
0.9097 13.3556
0.9080 12.5172
0.9059 11.5646
0.9032 10.5558
0.8999 9.5811
0.8961 8.7038
0.8918 7.9483
0.8874 7.3126
0.8829 6.7797
0.8785 6.3246
0.8742 5.9190
0.8698 5.5373
0.8652 5.1634
0.8602 4.7946
0.8546 4.4421
0.8486 4.1389
0.8427 3.9174
0.8377 3.7815
0.8340 3.7141
0.8318 3.6908
0.8308 3.6868
0.8304 3.6788
0.8301 3.6458
0.8293 3.5728
0.8275 3.4544
0.8243 3.2955
0.8197 3.1072
0.8137 2.9026
0.8062 2.6936
0.7975 2.4890
0.7878 2.2948
0.7772 2.1154
0.7660 1.9535
0.7544 1.8103
0.7428 1.6857
0.7316 1.5867
0.7239 1.6270
0.7328 2.1130
0.7633 3.0800
0.8014 4.3081
0.8347 5.5947
0.8589 6.8074
0.8748 7.8666
0.8845 8.7025
0.8903 9.2361
0.8933 9.4122
0.8944 9.2423
0.8938 8.8033
0.8918 8.2623
0.8902 8.9418
0.8942 12.2545
0.9020 15.6339
0.9093 18.1714
0.9144 19.9033
0.9176 20.9078
0.9192 21.1775
0.9197 20.6500
0.9193 19.3230
0.9180 17.5094
0.9158 15.5923
0.9130 13.9332
0.9100 12.8172
0.9073 12.1954
0.9055 12.2232
0.9065 16.0974
0.9125 24.7124
0.9195 32.5735
0.9248 38.4292
0.9281 42.4306
0.9299 44.7920
0.9308 45.5414
0.9311 44.4934
0.9308 41.2154
0.9301 36.1052
0.9288 32.1385
0.9276 31.1722
0.9268 30.7725
0.9264 30.3182
0.9261 29.8431
0.9259 29.4923
0.9257 29.0864
0.9255 28.0265
0.9249 26.1365
0.9239 23.8665
0.9225 21.8569
0.9209 20.4304
0.9195 19.5599
0.9184 18.9887
0.9176 18.4972
0.9169 17.9542
0.9162 17.2793
0.9152 16.4253
0.9140 15.4514
0.9125 14.5681
0.9109 13.8889
0.9094 13.3819
0.9082 12.9829
0.9071 12.6271
0.9061 12.2493
0.9050 11.7873
0.9036 11.1990
0.9018 10.4838
0.8994 9.6881
0.8963 8.8809
0.8926 8.1187
0.8883 7.4327
0.8838 6.8410
0.8792 6.3700
0.8749 6.0289
0.8712 5.7940
0.8683 5.6272
0.8660 5.4927
0.8642 5.3640
0.8624 5.2242
0.8605 5.0628
0.8582 4.8735
0.8554 4.6551
0.8518 4.4126
0.8476 4.1548
0.8425 3.8905
0.8366 3.6265
0.8300 3.3670
0.8226 3.1143
0.8143 2.8700
0.8051 2.6365
0.7950 2.4173
0.7841 2.2166
0.7726 2.0396
0.7616 1.9465
0.7593 2.2501
0.7764 3.0964
0.8054 4.2477
0.8343 5.4690
0.8569 6.6138
0.8724 7.5956
0.8823 8.3575
0.8882 8.8462
0.8913 9.0188
0.8924 8.8847
0.8920 8.5130
0.8903 8.1524
0.8901 9.5861
0.8958 13.2040
0.9040 16.5059
0.9110 18.9433
0.9157 20.5779
0.9184 21.4556
0.9198 21.5334
0.9201 20.7486
0.9194 19.1202
0.9177 16.8738
0.9149 14.4308
0.9109 12.3133
0.9062 10.7535
0.9015 9.8112
0.8977 9.4880
0.8957 9.5810
0.8958 10.5597
0.9007 15.8389
0.9100 24.4449
0.9186 31.9997
0.9246 37.6141
0.9280 41.4696
0.9298 43.7450
0.9306 44.3987
0.9308 43.1956
0.9306 39.9996
0.9298 34.9909
0.9283 29.9687
0.9266 28.1486
0.9256 28.3404
0.9252 28.5687
0.9251 28.5786
0.9251 28.3735
0.9250 27.8578
0.9248 26.6429
0.9241 24.5538
0.9228 22.1040
0.9211 20.0975
0.9193 18.7893
0.9177 18.2196
0.9168 18.1995
0.9165 18.4157
0.9166 18.6104
0.9168 18.6015
0.9168 18.2812
0.9164 17.6122
0.9157 16.6548
0.9144 15.6547
0.9129 14.8265
0.9114 14.1773
0.9100 13.6658
0.9088 13.2435
0.9077 12.8503
0.9067 12.4095
0.9055 11.8585
0.9039 11.1895
0.9019 10.4536
0.8994 9.7100
0.8964 8.9977
0.8931 8.3362
0.8895 7.7436
0.8859 7.2497
0.8823 6.8625
0.8791 6.5638
0.8763 6.3277
0.8739 6.1317
0.8717 5.9576
0.8698 5.7883
0.8678 5.6057
0.8656 5.3929
0.8629 5.1410
0.8595 4.8519
0.8553 4.5365
0.8500 4.2094
0.8438 3.8846
0.8367 3.5731
0.8288 3.2822
0.8202 3.0154
0.8110 2.7753
0.8014 2.5653
0.7918 2.3876
0.7825 2.2417
0.7740 2.1374
0.7692 2.2379
0.7777 2.8634
0.8008 3.9241
0.8282 5.1572
0.8519 6.3761
0.8692 7.4699
0.8807 8.3648
0.8878 8.9916
0.8918 9.2761
0.8936 9.1664
0.8933 8.7070
0.8912 8.0387
0.8882 7.8972
0.8897 10.4301
0.8971 13.9670
0.9055 16.8545
0.9119 18.9568
0.9160 20.3409
0.9184 20.9981
0.9194 20.8583
0.9194 19.8559
0.9185 18.1023
0.9166 16.0587
0.9138 14.1912
0.9105 12.6667
0.9069 11.5142
0.9036 10.7702
0.9011 10.5327
0.8999 10.8706
0.9015 13.4271
0.9071 18.4734
0.9143 25.5068
0.9208 32.5401
0.9254 37.9076
0.9283 41.5399
0.9298 43.5290
0.9305 43.8134
0.9307 42.2749
0.9303 38.9575
0.9295 34.0944
0.9280 29.4018
0.9264 28.0263
0.9255 28.3642
0.9252 28.8803
0.9253 29.3972
0.9255 29.8008
0.9257 29.9423
0.9258 29.5245
0.9256 28.0974
0.9250 25.9995
0.9239 23.9010
0.9225 22.2294
0.9212 20.9918
0.9200 20.0317
0.9189 19.2202
0.9179 18.5457
0.9171 18.0388
0.9163 17.5511
0.9156 16.9635
0.9148 16.2546
0.9137 15.4556
0.9124 14.5994
0.9108 13.6944
0.9089 12.7335
0.9066 11.7287
0.9038 10.7231
0.9006 9.7631
0.8968 8.8814
0.8927 8.0941
0.8882 7.4064
0.8836 6.8266
0.8790 6.3657
0.8748 6.0149
0.8710 5.7476
0.8677 5.5337
0.8649 5.3468
0.8624 5.1668
0.8598 4.9919
0.8573 4.8424
0.8550 4.7269
0.8530 4.6377
0.8514 4.5641
0.8500 4.4980
0.8487 4.4342
0.8475 4.3679
0.8462 4.2907
0.8447 4.1926
0.8427 4.0662
0.8401 3.9107
0.8366 3.7314
0.8324 3.5385
0.8273 3.3449
0.8217 3.1618
0.8158 2.9957
0.8098 2.8501
0.8041 2.7258
0.7987 2.6214
0.7938 2.5334
0.7894 2.4605
0.7861 2.4606
0.7878 2.7253
0.7992 3.3943
0.8190 4.4213
0.8409 5.5951
0.8597 6.7422
0.8736 7.7545
0.8831 8.5555
0.8890 9.0671
0.8922 9.2129
0.8933 8.9803
0.8924 8.4512
0.8899 7.8292
0.8878 8.4782
0.8919 11.7243
0.9002 15.0927
0.9080 17.6877
0.9136 19.5317
0.9170 20.6787
0.9189 21.0832
0.9196 20.6601
0.9193 19.4056
0.9181 17.6297
0.9160 15.8186
0.9134 14.2189
0.9105 12.9524
0.9076 12.1914
0.9055 11.9352
0.9046 12.5450
0.9067 16.0056
0.9119 21.6111
0.9180 28.8472
0.9233 35.1192
0.9269 39.6161
0.9290 42.4206
0.9301 43.5770
0.9305 42.7767
0.9304 40.0603
0.9298 35.9049
0.9286 31.0951
0.9269 27.6561
0.9256 27.8509
0.9252 29.1947
0.9254 30.3898
0.9259 31.2816
0.9263 31.7298
0.9266 31.4322
0.9265 30.1812
0.9261 28.2797
0.9252 26.3177
0.9242 24.5817
0.9230 23.0929
0.9218 21.8288
0.9207 20.7680
0.9197 19.9542
0.9187 19.2733
0.9179 18.5423
0.9170 17.6788
0.9159 16.7015
0.9145 15.6606
0.9128 14.5938
0.9109 13.5178
0.9086 12.4440
0.9059 11.3946
0.9028 10.3966
0.8994 9.4689
0.8955 8.6194
0.8913 7.8498
0.8867 7.1705
0.8818 6.5995
0.8770 6.1378
0.8725 5.7690
0.8682 5.4702
0.8644 5.2181
0.8608 4.9906
0.8574 4.7687
0.8538 4.5399
0.8498 4.3006
0.8454 4.0565
0.8404 3.8332
0.8355 3.6704
0.8314 3.5840
0.8287 3.5664
0.8277 3.5991
0.8282 3.6606
0.8295 3.7288
0.8311 3.7797
0.8324 3.7892
0.8328 3.7424
0.8319 3.6401
0.8295 3.4958
0.8258 3.3265
0.8210 3.1480
0.8153 2.9719
0.8090 2.8055
0.8023 2.6519
0.7955 2.5107
0.7885 2.3793
0.7815 2.2545
0.7742 2.1339
0.7666 2.0165
0.7585 1.9040
0.7505 1.8299
0.7473 1.9593
0.7576 2.4369
0.7818 3.3002
0.8118 4.4123
0.8390 5.5776
0.8596 6.6481
0.8734 7.5202
0.8820 8.1274
0.8869 8.4455
0.8892 8.4866
0.8897 8.2917
0.8888 7.9270
0.8867 7.5205
0.8853 8.1882
0.8901 11.4844
0.8993 15.0550
0.9077 17.8055
0.9136 19.7085
0.9172 20.8403
0.9191 21.2013
0.9197 20.7297
0.9194 19.3900
0.9180 17.3315
0.9155 14.9478
0.9119 12.9047
0.9079 11.6534
0.9044 11.0731
0.9021 10.9354
0.9012 11.3264
0.9033 14.8576
0.9101 22.9940
0.9180 30.9443
0.9239 36.9043
0.9275 40.9344
0.9295 43.1544
0.9304 43.5439
0.9306 42.0475
0.9303 38.9129
0.9295 34.4269
0.9281 29.9143
0.9266 28.3073
0.9257 29.2755
0.9257 30.4044
0.9260 31.2241
0.9263 31.6600
0.9266 31.5871
0.9266 30.9224
0.9264 29.5539
0.9258 27.7556
0.9249 25.9145
0.9239 24.1845
0.9227 22.6627
0.9215 21.3686
0.9203 20.3224
0.9192 19.3633
0.9181 18.3579
0.9168 17.2847
0.9154 16.1769
0.9137 15.0425
0.9117 13.8728
0.9094 12.6871
0.9066 11.5481
0.9034 10.5174
0.8999 9.6211
0.8963 8.8557
0.8925 8.2020
0.8888 7.6343
0.8850 7.1254
0.8812 6.6517
0.8771 6.1973
0.8728 5.7541
0.8679 5.3211
0.8625 4.9012
0.8565 4.5002
0.8497 4.1261
0.8424 3.7859
0.8345 3.4835
0.8264 3.2199
0.8182 2.9935
0.8101 2.8008
0.8022 2.6361
0.7948 2.4940
0.7877 2.3706
0.7811 2.2689
0.7754 2.2112
0.7721 2.2216
0.7722 2.2987
0.7759 2.4237
0.7820 2.5726
0.7891 2.7225
0.7961 2.8525
0.8019 2.9436
0.8058 2.9805
0.8076 2.9556
0.8071 2.8716
0.8042 2.7400
0.7990 2.5766
0.7918 2.3974
0.7828 2.2158
0.7724 2.0412
0.7609 1.8800
0.7488 1.7394
0.7371 1.6369
0.7276 1.5857
0.7220 1.5831
0.7208 1.6178
0.7234 1.6765
0.7285 1.7469
0.7348 1.8179
0.7411 1.8802
0.7464 1.9284
0.7508 1.9795
0.7564 2.1400
0.7680 2.5073
0.7858 3.0217
0.8056 3.5939
0.8241 4.2303
0.8404 4.9888
0.8542 5.7913
0.8653 6.4980
0.8732 7.0062
0.8784 7.2716
0.8810 7.2911
0.8816 7.0807
0.8802 6.6741
0.8771 6.1263
0.8720 5.5011
0.8652 4.8861
0.8586 5.0310
0.8643 7.9435
0.8806 11.7115
0.8961 14.8167
0.9068 17.1511
0.9132 18.8170
0.9167 19.9601
0.9184 20.6423
0.9192 20.6453
0.9192 19.8095
0.9184 18.2886
0.9168 16.4612
0.9144 14.7237
0.9115 13.4317
0.9091 13.4084
0.9095 16.3110
0.9129 20.6362
0.9177 27.0036
0.9225 33.0894
0.9260 37.5340
0.9282 40.2664
0.9295 41.2910
0.9299 40.5933
0.9299 38.2910
0.9293 34.5296
0.9281 29.7237
0.9262 25.9846
0.9246 25.4986
0.9238 25.8545
0.9236 26.0385
0.9236 25.9822
0.9236 25.6553
0.9234 24.9375
0.9229 23.6987
0.9221 22.0110
0.9208 20.0559
0.9190 18.1448
0.9168 16.5143
0.9145 15.2049
0.9123 14.1965
0.9102 13.4571
0.9085 13.0224
0.9073 12.7615
0.9064 12.5180
0.9057 12.2144
0.9048 11.8281
0.9037 11.3564
0.9023 10.7953
0.9005 10.1371
0.8980 9.3917
0.8949 8.5984
0.8910 7.8341
0.8867 7.2776
0.8830 7.0432
0.8808 7.0450
0.8801 7.1672
0.8806 7.3184
0.8815 7.4319
0.8824 7.4715
0.8828 7.4312
0.8827 7.3234
0.8821 7.1726
0.8810 7.0030
0.8798 6.8253
0.8783 6.6348
0.8766 6.4178
0.8745 6.1631
0.8720 5.8755
0.8690 5.5751
0.8656 5.2795
0.8618 4.9979
0.8577 4.7340
0.8535 4.4878
0.8491 4.2562
0.8446 4.0335
0.8398 3.8124
0.8346 3.5868
0.8287 3.3545
0.8220 3.1176
0.8143 2.8805
0.8055 2.6486
0.7956 2.4264
0.7846 2.2175
0.7726 2.0240
0.7597 1.8467
0.7460 1.6855
0.7316 1.5395
0.7167 1.4086
0.7014 1.2941
0.6864 1.1977
0.6722 1.1206
0.6597 1.0624
0.6494 1.0215
0.6415 0.9951
0.6362 0.9794
0.6329 0.9703
0.6309 0.9636
0.6295 0.9562
0.6281 0.9467
0.6263 0.9351
0.6240 0.9220
0.6214 0.9085
0.6186 0.8953
0.6157 0.8835
0.6131 0.8740
0.6110 0.8681
0.6097 0.8662
0.6092 0.8682
0.6096 0.8731
0.6107 0.8799
0.6123 0.8894
0.6147 0.9050
0.6183 0.9289
0.6234 0.9612
0.6300 0.9997
0.6374 1.0405
0.6449 1.0795
0.6518 1.1125
0.6575 1.1354
0.6614 1.1452
0.6631 1.1404
0.6624 1.1215
0.6594 1.0905
0.6541 1.0503
0.6470 1.0044
0.6384 0.9560
0.6287 0.9078
0.6184 0.8618
0.6080 0.8197
0.5978 0.7825
0.5884 0.7508
0.5799 0.7246
0.5727 0.7039
0.5667 0.6878
0.5620 0.6754
0.5583 0.6659
0.5554 0.6581
0.5530 0.6513
0.5510 0.6448
0.5490 0.6387
0.5472 0.6334
0.5457 0.6295
0.5445 0.6271
0.5438 0.6262
0.5435 0.6265
0.5436 0.6274
0.5438 0.6282
0.5441 0.6283
0.5441 0.6275
0.5439 0.6263
0.5437 0.6260
0.5437 0.6278
0.5444 0.6327
0.5461 0.6414
0.5491 0.6565
0.5543 0.6826
0.5625 0.7223
0.5739 0.7749
0.5877 0.8370
0.6028 0.9039
0.6179 0.9710
0.6319 1.0342
0.6441 1.0916
0.6546 1.1438
0.6635 1.1910
0.6709 1.2322
0.6770 1.2658
0.6818 1.2905
0.6852 1.3048
0.6871 1.3078
0.6875 1.2981
0.6862 1.2752
0.6830 1.2393
0.6779 1.1927
0.6709 1.1396
0.6626 1.0842
0.6532 1.0299
0.6433 0.9790
0.6335 0.9357
0.6252 0.9141
0.6214 0.9276
0.6241 0.9759
0.6329 1.0495
0.6459 1.1366
0.6604 1.2263
0.6744 1.3082
0.6864 1.3732
0.6953 1.4131
0.7006 1.4231
0.7022 1.4034
0.7001 1.3580
0.6946 1.2943
0.6863 1.2227
0.6769 1.1816
0.6767 1.3496
0.6990 1.8117
0.7365 2.4559
0.7753 3.1713
0.8075 3.8835
0.8310 4.5422
0.8470 5.1065
0.8574 5.5337
0.8638 5.7714
0.8670 5.7821
0.8676 5.6779
0.8671 5.7029
0.8673 5.8601
0.8684 6.0640
0.8702 6.2618
0.8721 6.4311
0.8742 6.8307
0.8804 9.6683
0.8927 14.0419
0.9043 17.5462
0.9124 20.0074
0.9172 21.6175
0.9199 23.2990
0.9220 27.3278
0.9241 30.9453
0.9258 32.7035
0.9268 32.9049
0.9271 32.1843
0.9270 30.9921
0.9265 29.3502
0.9258 27.5926
0.9252 28.4477
0.9253 29.6416
0.9256 30.6451
0.9263 33.9606
0.9275 39.2258
0.9290 43.8945
0.9302 47.3214
0.9311 49.0624
0.9316 49.0734
0.9317 47.7372
0.9315 45.2546
0.9311 41.9115
0.9304 38.2624
0.9294 34.7979
0.9283 31.8510
0.9271 29.3811
0.9259 27.2213
0.9247 25.2795
0.9235 23.5216
0.9222 21.9294
0.9208 20.4847
0.9194 19.1614
0.9179 17.9279
0.9164 16.7632
0.9147 15.6545
0.9129 14.5934
0.9109 13.5739
0.9087 12.5927
0.9063 11.6491
0.9036 10.7453
0.9006 9.8847
0.8972 9.0710
0.8935 8.3061
0.8894 7.5904
0.8848 6.9228
0.8797 6.3013
0.8741 5.7239
0.8679 5.1893
0.8610 4.6974
0.8534 4.2495
0.8451 3.8533
0.8365 3.5292
0.8281 3.2929
0.8209 3.1395
0.8153 3.0500
0.8115 3.0000
0.8092 2.9653
0.8075 2.9241
0.8058 2.8603
0.8034 2.7655
0.7996 2.6399
0.7943 2.4898
0.7872 2.3238
0.7785 2.1502
0.7680 1.9760
0.7560 1.8063
0.7425 1.6447
0.7277 1.4951
0.7119 1.3627
0.6959 1.2523
0.6808 1.1657
0.6674 1.1018
0.6564 1.0574
0.6482 1.0280
0.6424 1.0085
0.6384 0.9936
0.6354 0.9788
0.6324 0.9607
0.6288 0.9377
0.6242 0.9098
0.6186 0.8835
0.6155 0.9119
0.6285 1.1364
0.6657 1.5899
0.7140 2.1738
0.7589 2.7865
0.7936 3.3545
0.8175 3.8221
0.8325 4.1387
0.8408 4.2561
0.8438 4.1789
0.8427 3.9631
0.8385 3.6843
0.8320 3.4018
0.8242 3.1464
0.8160 2.9289
