0.7822
0.6988
0.5469
0.3891
0.2932
0.2489
0.2403
0.2430
0.2446
0.2439
0.2453
0.2452
0.2444
0.2458
0.2461
0.2444
0.2449
0.2458
0.2445
0.2440
0.2442
0.2460
0.2450
0.2454
0.2453
0.2447
0.2460
0.2447
0.2456
0.2456
0.2441
0.2463
0.2442
0.2462
0.2448
0.2459
0.2444
0.2449
0.2455
0.2446
0.2450
0.2446
0.2454
0.2451
0.2439
0.2448
0.2443
0.2451
0.2460
0.2448
0.2453
0.2453
0.2444
0.2450
0.2452
0.2446
0.2461
0.2455
0.2443
0.2454
0.2460
0.2443
0.2452
0.2455
0.2450
0.2449
0.2455
0.2460
0.2450
0.2453
0.2437
0.2454
0.2450
0.2454
0.2462
0.2428
0.2456
0.2445
0.2440
0.2455
0.2454
0.2458
0.2451
0.2461
0.2448
0.2461
0.2445
0.2451
0.2447
0.2452
0.2459
0.2440
0.2459
0.2445
0.2457
0.2435
0.2464
0.2457
0.2447
0.2451
0.2453
0.2454
0.2454
0.2450
0.2452
0.2446
0.2449
0.2447
0.2459
0.2443
0.2447
0.2453
0.2446
0.2448
0.2449
0.2460
0.2450
0.2441
0.2459
0.2450
0.2456
0.2445
0.2461
0.2460
0.2453
0.2446
0.2442
0.2456
0.2457
0.2452
0.2455
0.2444
0.2464
0.2459
0.2436
0.2456
0.2452
0.2446
0.2450
0.2451
0.2446
0.2461
0.2439
0.2462
0.2449
0.2462
0.2464
0.2447
0.2459
0.2449
