0.8736 6.7537
0.8763 6.7015
0.8765 6.4200
0.8746 6.0427
0.8712 5.6425
0.8668 5.2731
0.8622 4.9822
0.8579 4.7847
0.8545 4.6660
0.8521 4.5994
0.8506 4.5578
0.8497 4.5191
0.8489 4.4691
0.8480 4.3997
0.8467 4.2970
0.8448 4.1569
0.8421 3.9934
0.8387 3.8186
0.8346 3.6348
0.8299 3.4409
0.8245 3.2376
0.8182 3.0356
0.8115 2.8695
0.8054 2.7715
0.8011 2.7367
0.7989 2.7354
0.7981 2.7377
0.7979 2.7307
0.7978 2.7287
0.7980 2.7489
0.7990 2.8051
0.8015 2.9356
0.8067 3.1975
0.8152 3.5725
0.8258 4.1164
0.8412 5.7563
0.8635 8.9628
0.8845 11.9951
0.8987 13.5353
0.9061 13.9723
0.9091 13.9680
0.9097 13.7340
0.9091 13.1022
0.9074 12.0581
0.9047 10.7720
0.9008 9.4518
0.8956 8.2401
0.8895 7.1968
0.8825 6.3261
0.8749 5.6029
0.8669 4.9997
0.8586 4.4969
0.8501 4.0824
0.8418 3.7447
0.8336 3.4729
0.8261 3.2574
0.8192 3.0887
0.8133 2.9573
0.8082 2.8543
0.8039 2.7719
0.8002 2.7026
0.7971 2.6398
0.7941 2.5772
0.7911 2.5098
0.7878 2.4365
0.7848 2.4424
0.7874 2.7488
0.7987 3.2641
0.8144 3.8356
0.8300 4.3813
0.8429 4.8666
0.8528 5.2807
0.8598 5.6283
0.8651 6.0513
0.8704 6.7044
0.8760 7.3971
0.8812 7.9611
0.8853 8.3507
0.8883 8.7963
0.8911 9.4221
0.8940 10.0978
0.8968 10.7356
0.8993 11.2808
0.9013 11.6836
0.9027 11.8994
0.9036 11.9033
0.9037 11.6805
0.9031 11.1203
0.9015 10.3145
0.8989 9.5168
0.8958 8.9298
0.8932 8.7350
0.8919 8.9268
0.8922 9.2645
0.8930 9.1941
0.8927 8.7359
0.8911 8.1790
0.8884 7.6622
0.8854 7.3129
0.8831 7.2974
0.8828 7.7527
0.8846 8.1304
0.8857 7.7160
0.8841 6.9086
0.8789 5.9353
0.8710 5.1986
0.8641 5.2829
0.8645 6.3037
0.8713 7.4512
0.8790 7.8702
0.8823 7.1343
0.8798 6.1086
0.8725 5.1863
0.8625 4.5280
0.8523 4.1321
0.8439 3.9157
0.8379 3.7872
0.8338 3.6792
0.8305 3.5613
0.8273 3.4268
0.8236 3.2799
0.8192 3.1259
0.8142 2.9727
0.8088 2.8305
0.8032 2.7081
0.7980 2.6091
0.7933 2.5380
0.7897 2.4973
0.7874 2.4808
0.7862 2.4752
0.7856 2.4659
0.7850 2.4398
0.7838 2.4098
0.7846 2.5806
0.7930 3.0330
0.8077 3.6019
0.8239 4.1750
0.8383 4.7005
0.8497 5.2261
0.8593 5.9866
0.8685 6.9171
0.8770 7.8517
0.8840 8.6756
0.8894 9.3089
0.8931 9.7148
0.8953 9.9073
0.8964 9.8727
0.8963 9.4357
0.8946 8.7124
0.8914 7.9018
0.8870 7.1118
0.8815 6.3897
0.8753 5.7547
0.8685 5.2133
0.8616 4.7695
0.8551 4.5425
0.8522 4.8500
0.8557 5.6923
0.8645 6.8783
0.8749 8.0785
0.8839 8.9807
0.8901 9.3265
0.8929 9.0371
0.8924 8.3088
0.8891 7.3960
0.8839 6.6154
0.8785 6.4053
0.8768 7.0960
0.8803 8.3667
0.8871 10.0871
0.8949 12.0668
0.9015 13.0423
0.9053 13.0003
0.9063 12.2122
0.9044 10.3402
0.8992 8.5599
0.8924 7.6446
0.8875 7.8132
0.8867 8.4215
0.8883 8.7653
0.8897 8.5298
0.8886 7.5495
0.8838 6.4386
0.8759 5.4631
0.8658 4.7010
0.8548 4.1382
0.8439 3.7166
0.8335 3.3811
0.8236 3.0977
0.8140 2.8507
0.8044 2.6344
0.7949 2.4469
0.7856 2.2864
0.7765 2.1502
0.7680 2.0348
0.7600 1.9363
0.7525 1.8502
0.7456 1.7767
0.7409 1.8250
0.7483 2.2133
0.7693 2.8230
0.7953 3.5078
0.8192 4.1882
0.8380 4.8252
0.8516 5.3998
0.8613 5.9012
0.8680 6.3168
0.8726 6.6238
0.8758 6.8753
0.8784 7.2723
0.8813 7.7070
0.8842 8.1950
0.8874 8.8293
0.8907 9.3732
0.8934 9.6784
0.8951 9.7773
0.8959 9.7495
0.8960 9.6555
0.8957 9.5267
0.8952 9.3573
0.8942 8.9473
0.8921 8.2513
0.8887 7.4392
0.8837 6.6389
0.8775 5.9212
0.8705 5.3089
0.8631 4.8011
0.8554 4.3882
0.8480 4.0590
0.8410 3.8019
0.8348 3.6035
0.8294 3.4482
0.8247 3.3183
0.8205 3.1956
0.8163 3.0650
0.8117 2.9172
0.8062 2.7505
0.7995 2.5697
0.7915 2.3944
0.7830 2.2547
0.7751 2.1637
0.7692 2.1221
0.7660 2.1258
0.7656 2.1676
0.7678 2.2382
0.7717 2.3267
0.7767 2.4217
0.7820 2.5121
0.7867 2.5864
0.7906 2.6321
0.7929 2.6339
0.7932 2.5904
0.7916 2.5107
0.7880 2.4069
0.7829 2.2908
0.7765 2.1740
0.7695 2.0683
0.7626 1.9856
0.7573 1.9904
0.7606 2.3122
0.7770 2.9115
0.8000 3.6141
0.8223 4.3137
0.8403 4.9605
0.8536 5.5315
0.8629 6.0137
0.8692 6.3985
0.8735 6.6822
0.8764 6.8831
0.8783 7.0215
0.8794 7.0803
0.8799 7.0297
0.8795 6.8306
0.8786 6.8845
0.8805 8.1669
0.8870 10.1801
0.8948 11.7985
0.9009 12.5252
0.9041 12.2826
0.9045 11.3017
0.9022 10.0022
0.8979 8.6656
0.8919 7.4404
0.8844 6.3916
0.8757 5.5032
0.8662 4.8812
0.8592 5.0533
0.8614 6.4045
0.8708 7.7254
0.8802 8.4585
0.8867 8.7510
0.8904 9.1993
0.8937 10.2571
0.8975 11.3286
0.9008 11.8684
0.9028 11.7360
0.9029 11.0003
0.9010 9.8526
0.8969 8.4177
0.8902 6.9764
0.8809 5.7548
0.8694 4.7711
0.8560 4.0042
0.8413 3.4178
0.8259 2.9650
0.8103 2.6018
0.7944 2.2975
0.7780 2.0358
0.7609 1.8095
0.7433 1.6193
0.7258 1.4699
0.7096 1.3635
0.6965 1.3005
0.6878 1.2818
0.6847 1.3061
0.6872 1.3663
0.6944 1.4527
0.7046 1.5608
0.7166 1.6904
0.7298 1.8535
0.7442 2.0548
0.7590 2.2796
0.7732 2.5067
0.7856 2.7175
0.7960 2.8989
0.8040 3.0436
0.8099 3.1493
0.8139 3.2163
0.8164 3.2456
0.8175 3.2374
0.8174 3.1907
0.8159 3.1053
0.8131 2.9937
0.8104 3.0221
0.8124 3.3522
0.8205 3.8368
0.8315 4.3512
0.8426 4.8360
0.8519 5.2690
0.8593 5.6452
0.8648 5.9606
0.8688 6.2026
0.8716 6.3429
0.8731 6.3475
0.8734 6.2617
0.8733 6.3453
0.8740 6.6051
0.8758 6.9106
0.8781 7.1985
0.8804 7.5059
0.8830 8.0026
0.8865 8.8979
0.8909 9.8576
0.8950 10.4072
0.8976 10.5208
0.8986 10.2626
0.8981 9.7659
0.8964 9.1800
0.8943 8.9584
0.8941 10.2051
0.8980 12.6210
0.9031 13.5131
0.9061 13.0172
0.9063 11.9982
0.9047 11.1249
0.9025 10.8425
0.9014 11.0866
0.9010 10.8676
0.9000 10.0757
0.8973 8.9660
0.8928 7.8040
0.8866 6.7379
0.8787 5.8088
0.8695 5.0148
0.8591 4.3410
0.8476 3.7718
0.8350 3.2928
0.8214 2.8910
0.8070 2.5557
0.7921 2.2777
0.7769 2.0488
0.7620 1.8616
0.7475 1.7083
0.7339 1.5813
0.7210 1.4747
0.7092 1.3877
0.6986 1.3226
0.6901 1.2798
0.6840 1.2578
0.6807 1.2567
0.6805 1.2786
0.6834 1.3235
0.6893 1.3883
0.6974 1.4680
0.7067 1.5564
0.7165 1.6481
0.7259 1.7391
0.7346 1.8263
0.7424 1.9067
0.7490 1.9771
0.7545 2.0346
0.7587 2.0767
0.7620 2.1296
0.7685 2.4251
0.7843 3.0284
0.8062 3.8552
0.8300 5.0291
0.8520 6.3994
0.8696 7.7762
0.8824 9.0533
0.8911 10.1738
0.8969 11.0903
0.9005 11.5133
0.9020 11.1807
0.9014 10.3552
0.8989 9.3310
0.8949 8.2839
0.8896 7.3154
0.8833 6.4803
0.8764 5.7905
0.8691 5.2271
0.8618 4.7575
0.8545 4.3531
0.8471 4.0185
0.8405 3.8538
0.8373 4.0356
0.8402 4.5504
0.8475 5.1037
0.8550 5.2896
0.8576 4.8039
0.8534 4.1886
0.8453 3.8636
0.8400 4.0898
0.8423 4.6909
0.8497 5.2640
0.8573 5.5533
0.8621 5.5117
0.8632 5.2650
0.8612 4.9310
0.8569 4.5820
0.8514 4.2669
0.8455 4.0081
0.8401 3.8694
0.8381 4.2095
0.8452 5.4880
0.8608 7.6620
0.8784 10.2547
0.8928 12.3667
0.9021 13.4896
0.9068 13.5825
0.9080 12.7220
0.9064 11.1779
0.9023 9.4641
0.8960 7.9871
0.8884 6.8124
0.8799 5.9649
0.8718 5.4164
0.8649 5.1114
0.8601 4.9695
0.8572 4.8994
0.8555 4.8315
0.8542 4.7344
0.8526 4.6027
0.8506 4.4417
0.8478 4.2641
0.8450 4.2248
0.8449 4.4971
0.8485 4.9390
0.8545 5.4224
0.8610 5.8826
0.8669 6.2905
0.8718 6.6344
0.8754 6.9074
0.8780 7.0095
0.8788 6.7448
0.8771 6.2425
0.8731 5.6547
0.8671 5.0635
0.8594 4.5079
0.8504 4.0055
0.8402 3.5650
0.8293 3.1915
0.8178 2.8859
0.8065 2.6393
0.7956 2.4342
0.7850 2.2569
0.7748 2.1006
0.7647 1.9638
0.7549 1.8479
0.7458 1.7575
0.7381 1.6958
0.7328 1.7049
0.7379 2.0326
0.7590 2.6417
0.7871 3.3482
0.8135 4.0445
0.8342 4.6803
0.8489 5.2317
0.8588 5.6030
0.8642 5.6571
0.8657 5.4984
0.8646 5.2803
0.8621 5.0809
0.8592 4.9245
0.8566 4.8079
0.8545 4.7108
0.8526 4.6050
0.8506 4.4721
0.8482 4.3063
0.8452 4.1077
0.8412 3.8793
0.8361 3.6273
0.8299 3.3605
0.8223 3.0884
0.8134 2.8205
0.8032 2.5653
0.7918 2.3291
0.7794 2.1156
0.7662 1.9266
0.7526 1.7617
0.7388 1.6199
0.7253 1.5038
0.7130 1.4186
0.7030 1.3672
0.6963 1.3497
0.6951 1.4330
0.7094 1.8282
0.7408 2.4704
0.7768 3.2026
0.8081 3.9347
0.8317 4.6308
0.8483 5.2906
0.8599 5.9070
0.8681 6.4530
0.8739 6.8919
0.8779 7.2153
0.8810 7.6327
0.8841 8.2240
0.8875 8.8520
0.8908 9.4435
0.8938 9.9297
0.8959 10.0098
0.8966 9.7107
0.8961 9.5556
0.8961 10.0973
0.8978 11.2842
0.9011 12.6596
0.9046 13.4482
0.9066 13.1331
0.9069 12.4645
0.9058 11.8768
0.9044 11.5006
0.9030 11.1549
0.9017 10.7467
0.9001 10.1463
0.8978 9.3045
0.8943 8.3104
0.8894 7.3108
0.8830 6.3834
0.8753 5.5496
0.8663 4.8123
0.8558 4.1693
0.8440 3.6160
0.8309 3.1465
0.8166 2.7541
0.8014 2.4328
0.7860 2.1799
0.7712 1.9918
0.7581 1.8610
0.7475 1.7771
0.7397 1.7284
0.7347 1.7018
0.7318 1.6839
0.7297 1.6631
0.7277 1.6326
0.7249 1.5901
0.7208 1.5369
0.7156 1.4845
0.7106 1.4585
0.7079 1.4694
0.7086 1.5142
0.7129 1.5889
0.7203 1.6906
0.7299 1.8147
0.7407 1.9544
0.7518 2.1023
0.7627 2.2862
0.7769 2.7474
0.7974 3.4652
0.8196 4.2560
0.8390 5.0302
0.8541 5.7502
0.8652 6.5227
0.8743 7.5264
0.8822 8.6134
0.8888 9.4718
0.8934 9.9203
0.8961 10.0874
0.8973 10.0958
0.8975 10.0107
0.8973 9.8611
0.8967 9.6594
0.8958 9.3854
0.8945 9.0063
0.8926 8.4662
0.8899 7.8265
0.8862 7.1721
0.8817 6.5415
0.8764 5.9551
0.8706 5.4220
0.8643 4.9854
0.8589 4.8858
0.8569 5.0966
0.8585 5.4452
0.8622 5.8309
0.8666 6.2057
0.8709 6.5502
0.8745 6.8597
0.8775 7.0818
0.8793 7.0113
0.8791 6.7185
0.8773 6.3605
0.8744 6.0134
0.8710 5.6993
0.8673 5.4163
0.8637 5.1571
0.8600 4.9184
0.8564 4.6974
0.8527 4.4960
0.8492 4.3219
0.8459 4.2133
0.8442 4.3070
0.8458 4.6818
0.8512 5.2597
0.8587 5.8651
0.8662 6.4988
0.8743 7.9156
0.8846 10.1876
0.8945 11.9134
0.9008 11.8599
0.9026 10.9053
0.9011 9.9959
0.8984 9.4182
0.8955 8.8816
0.8923 8.1734
0.8882 7.3308
0.8828 6.4414
0.8756 5.5789
0.8665 4.7915
0.8555 4.1020
0.8427 3.5142
0.8283 3.0210
0.8123 2.6102
0.7950 2.2694
0.7768 1.9870
0.7579 1.7528
0.7386 1.5585
0.7193 1.3971
0.7004 1.2629
0.6820 1.1512
0.6648 1.0639
0.6536 1.1094
0.6689 1.5171
0.7102 2.1858
0.7571 2.9513
0.7967 3.7162
0.8254 4.4302
0.8446 5.0690
0.8570 5.6265
0.8654 6.2361
0.8724 7.0473
0.8789 7.8609
0.8843 8.3891
0.8880 8.6151
0.8899 8.6718
0.8907 8.6699
0.8910 8.8662
0.8921 9.3878
0.8939 9.8305
0.8956 10.0683
0.8969 10.1814
0.8976 10.1839
0.8976 9.8902
0.8965 9.2875
0.8942 8.6313
0.8913 8.1189
0.8884 7.7712
0.8858 7.4609
0.8834 7.1043
0.8806 6.6782
0.8771 6.1921
0.8726 5.6760
0.8671 5.1617
0.8605 4.6764
0.8531 4.2382
0.8449 3.8512
0.8363 3.5129
0.8274 3.2187
0.8182 2.9635
0.8090 2.7427
0.8000 2.5610
0.7917 2.4343
0.7851 2.3632
0.7808 2.3432
0.7796 2.4189
0.7866 3.0273
0.8122 5.0743
0.8473 8.1322
0.8764 11.0493
0.8947 12.4040
0.9029 11.8429
0.9039 10.4341
0.9005 9.1298
0.8951 8.1042
0.8892 7.3280
0.8836 6.7238
0.8783 6.2155
0.8731 5.7382
0.8677 5.2596
0.8616 4.7801
0.8547 4.3648
0.8481 4.1951
0.8452 4.4302
0.8478 4.9159
0.8536 5.3170
0.8588 5.4191
0.8611 5.2243
0.8602 4.9941
0.8585 5.0324
0.8587 5.2736
0.8609 5.6084
0.8645 5.9711
0.8685 6.3253
0.8723 6.6505
0.8756 6.9298
0.8782 7.1405
0.8801 7.2457
0.8810 7.1983
0.8808 6.9663
0.8792 6.5609
0.8759 6.0106
0.8708 5.3927
0.8638 4.8103
0.8557 4.3377
0.8475 4.0020
0.8402 3.7753
0.8342 3.6004
0.8289 3.4279
0.8237 3.2323
0.8176 3.0100
0.8100 2.7696
0.8007 2.5249
0.7898 2.3009
0.7785 2.1530
0.7703 2.1408
0.7688 2.2796
0.7747 2.4959
0.7835 2.6335
0.7905 2.6863
0.7944 2.6714
0.7950 2.6122
0.7932 2.5442
0.7904 2.4911
0.7876 2.4561
0.7854 2.4344
0.7840 2.4201
0.7830 2.4094
0.7823 2.3996
0.7818 2.3891
0.7812 2.3762
0.7805 2.3605
0.7797 2.3426
0.7787 2.3209
0.7774 2.2924
0.7758 2.2562
0.7737 2.2129
0.7712 2.1649
0.7682 2.1153
0.7650 2.0678
0.7618 2.0247
0.7588 1.9860
0.7558 1.9491
0.7530 1.9095
0.7498 1.8630
0.7461 1.8093
0.7418 1.7541
0.7372 1.7032
0.7326 1.6572
0.7281 1.6132
0.7235 1.5673
0.7188 1.5205
0.7141 1.4917
0.7135 1.6065
0.7288 2.0888
0.7595 2.8220
0.7932 3.6376
0.8217 4.4278
0.8425 5.1263
0.8566 5.7146
0.8657 6.2127
0.8718 6.6571
0.8764 7.2218
0.8809 7.9140
0.8854 8.6554
0.8897 9.4094
0.8935 10.0876
0.8966 10.6235
0.8988 10.8071
0.8997 10.5880
0.8997 10.6083
0.9001 11.2487
0.9016 11.9473
0.9032 12.1981
0.9041 12.0766
0.9043 12.0254
0.9044 12.0200
0.9037 11.1531
0.9015 10.0501
0.8987 9.8270
0.8980 10.7741
0.8999 11.9866
0.9029 12.9530
0.9056 13.3994
0.9069 12.9085
0.9064 12.0372
0.9046 11.0354
0.9017 10.0590
0.8981 9.1350
0.8939 8.2255
0.8890 7.3366
0.8831 6.5119
0.8764 5.7895
0.8691 5.1860
0.8614 4.6991
0.8538 4.3212
0.8467 4.0416
0.8406 3.8441
0.8357 3.7072
0.8318 3.6078
0.8288 3.5135
0.8259 3.3991
0.8226 3.2632
0.8186 3.1164
0.8139 2.9713
0.8087 2.8348
0.8033 2.7067
0.7977 2.5821
0.7918 2.4559
0.7854 2.3257
0.7783 2.1921
0.7703 2.0573
0.7615 1.9247
0.7518 1.7987
0.7424 1.7366
0.7396 1.8651
0.7473 2.1101
0.7612 2.3665
0.7755 2.5590
0.7867 2.6732
0.7939 2.7325
0.7978 2.7670
0.8000 2.8021
0.8016 2.8552
0.8043 3.0387
0.8119 3.5463
0.8251 4.2707
0.8406 5.2075
0.8565 6.4347
0.8707 7.7378
0.8821 8.9704
0.8904 10.0778
0.8962 10.9172
0.8997 11.1598
0.9009 10.7712
0.9001 10.0036
0.8976 9.1403
0.8941 8.3487
0.8899 7.6675
0.8855 7.0619
0.8809 6.5495
0.8773 6.5931
0.8784 7.9756
0.8856 10.3689
0.8949 12.6260
0.9025 13.6151
0.9061 12.5461
0.9053 10.8148
0.9010 9.0482
0.8944 7.7183
0.8876 7.1978
0.8839 7.6314
0.8847 8.3549
0.8873 8.7125
0.8893 8.5685
0.8893 8.0352
0.8869 7.2735
0.8823 6.4453
0.8754 5.5296
0.8660 4.7057
0.8545 4.0327
0.8416 3.5027
0.8282 3.0929
0.8149 2.7775
0.8022 2.5297
0.7903 2.3258
0.7790 2.1501
0.7681 1.9984
0.7576 1.8724
0.7479 1.7770
0.7400 1.7212
0.7350 1.7141
0.7338 1.7544
0.7366 1.8293
0.7422 1.9180
0.7489 1.9998
0.7551 2.0615
0.7599 2.0999
0.7632 2.1305
0.7658 2.1726
0.7686 2.2271
0.7718 2.2966
0.7768 2.4749
0.7860 2.7802
0.7983 3.1461
0.8121 3.6396
0.8273 4.3552
0.8425 5.1211
0.8556 5.8140
0.8655 6.3888
0.8725 6.8380
0.8773 7.1676
0.8803 7.3840
0.8822 7.4849
0.8830 7.4534
0.8829 7.2638
0.8816 6.9182
0.8791 6.4680
0.8753 5.9726
0.8705 5.4791
0.8648 5.0154
0.8585 4.5991
0.8517 4.2414
0.8449 3.9426
0.8383 3.7002
0.8322 3.5125
0.8269 3.3726
0.8225 3.2658
0.8188 3.1747
0.8156 3.0852
0.8124 2.9921
0.8091 2.9153
0.8081 3.0949
0.8140 3.5911
0.8258 4.2308
0.8395 4.9027
0.8521 5.5872
0.8627 6.3167
0.8715 7.0600
0.8785 7.7201
0.8836 8.1956
0.8874 8.7951
0.8916 10.2786
0.8973 12.1894
0.9027 13.4675
0.9064 13.7670
0.9079 13.2020
0.9073 12.1130
0.9049 10.7784
0.9009 9.4009
0.8955 8.1115
0.8887 6.9774
0.8808 6.0185
0.8719 5.2285
0.8623 4.5888
0.8522 4.0725
0.8421 3.7158
0.8359 4.0341
0.8439 5.9008
0.8631 8.5806
0.8821 11.0562
0.8959 12.8898
0.9042 13.9272
0.9083 14.1162
0.9095 13.6555
0.9089 12.8842
0.9071 11.9450
0.9046 11.0129
0.9017 10.2214
0.8988 9.6209
0.8962 9.2016
0.8941 8.9259
0.8925 8.7452
0.8913 8.6021
0.8903 8.3327
0.8886 7.7834
0.8855 7.1082
0.8810 6.4291
0.8755 5.8027
0.8690 5.2485
0.8620 4.7666
0.8547 4.3469
