0.9230 25.0676
0.9229 24.0032
0.9222 22.0063
0.9207 19.4461
0.9183 16.7962
0.9150 14.3645
0.9109 12.2810
0.9060 10.5623
0.9005 9.1699
0.8946 8.0544
0.8885 7.2115
0.8828 6.7454
0.8788 6.6352
0.8771 6.7324
0.8771 6.9078
0.8782 7.0736
0.8794 7.1690
0.8803 7.1483
0.8803 6.9902
0.8793 6.7171
0.8773 6.3818
0.8745 6.0396
0.8711 5.7303
0.8677 5.4743
0.8645 5.2771
0.8617 5.1342
0.8595 5.0443
0.8581 5.0098
0.8574 5.0181
0.8573 5.0466
0.8575 5.0736
0.8579 5.0820
0.8580 5.0579
0.8577 4.9900
0.8568 4.8717
0.8551 4.7039
0.8525 4.4942
0.8490 4.2545
0.8445 3.9973
0.8391 3.7334
0.8328 3.4710
0.8257 3.2215
0.8182 3.0127
0.8111 2.8732
0.8056 2.8077
0.8023 2.8033
0.8015 2.8422
0.8025 2.9099
0.8050 2.9985
0.8082 3.0981
0.8118 3.1923
0.8150 3.2614
0.8174 3.2893
0.8185 3.2670
0.8181 3.1941
0.8160 3.0763
0.8122 2.9246
0.8068 2.7516
0.7999 2.5706
0.7920 2.4268
0.7868 2.5050
0.7904 2.8844
0.8044 3.7115
0.8277 5.2820
0.8538 7.4866
0.8762 9.9795
0.8924 12.4549
0.9030 14.7114
0.9096 16.6062
0.9136 18.0120
0.9159 18.8042
0.9170 18.8922
0.9173 18.9113
0.9180 21.5407
0.9199 24.8143
0.9220 27.3419
0.9238 29.1564
0.9251 30.3924
0.9259 31.1185
0.9264 31.6991
0.9268 33.5687
0.9275 35.8385
0.9281 36.9066
0.9285 36.6814
0.9286 35.3663
0.9282 33.2334
0.9276 31.8448
0.9272 32.3622
0.9271 32.7007
0.9271 32.4180
0.9270 32.0911
0.9271 33.6890
0.9276 36.4301
0.9283 37.8821
0.9288 37.8021
0.9289 36.6243
0.9287 34.7032
0.9281 32.3125
0.9272 29.4851
0.9259 26.3287
0.9242 23.0777
0.9219 20.0073
0.9191 17.3163
0.9159 15.0522
0.9122 13.1518
0.9081 11.5139
0.9035 10.0666
0.8983 8.7932
0.8926 7.7832
0.8868 7.1157
0.8819 6.7319
0.8782 6.5313
0.8759 6.4268
0.8745 6.3454
0.8735 6.2248
0.8722 6.0234
0.8702 5.7335
0.8672 5.3770
0.8630 4.9860
0.8577 4.5880
0.8513 4.2005
0.8439 3.8325
0.8357 3.4886
0.8266 3.1707
0.8166 2.8793
0.8058 2.6139
0.7942 2.3733
0.7819 2.1556
0.7688 1.9592
0.7550 1.7832
0.7406 1.6280
0.7261 1.4942
0.7118 1.3822
0.6982 1.2920
0.6861 1.2242
0.6762 1.1795
0.6692 1.1581
0.6656 1.1591
0.6655 1.1819
0.6690 1.2270
0.6757 1.2936
0.6849 1.3777
0.6958 1.4744
0.7087 1.6517
0.7306 2.1160
0.7619 2.7933
0.7937 3.5234
0.8200 4.2122
0.8391 4.8146
0.8521 5.3110
0.8606 5.6875
0.8658 5.9202
0.8687 5.9721
0.8694 5.8298
0.8684 5.6565
0.8671 5.6746
0.8669 5.8236
0.8679 6.0188
0.8697 6.2156
0.8716 6.3923
0.8735 6.5347
0.8749 6.6250
0.8758 6.6328
0.8760 6.5156
0.8750 6.2427
0.8726 5.8250
0.8684 5.3147
0.8624 4.7740
0.8547 4.2513
0.8454 3.7755
0.8348 3.3614
0.8234 3.0215
0.8121 2.7730
0.8023 2.6305
0.7955 2.5981
0.7947 2.8981
0.8121 4.9183
0.8466 8.7403
0.8777 12.4526
0.8981 15.3788
0.9094 17.4238
0.9149 18.5234
0.9170 18.5513
0.9171 17.4665
0.9157 15.5596
0.9129 13.5017
0.9091 11.8294
0.9048 10.6130
0.9007 9.7661
0.8971 9.1939
0.8942 8.8361
0.8921 8.6357
0.8908 8.5505
0.8903 8.7017
0.8909 9.0514
0.8923 9.3953
0.8939 9.8019
0.8970 12.2021
0.9038 16.6360
0.9112 20.4524
0.9168 23.2449
0.9206 26.4544
0.9237 32.5867
0.9266 40.3023
0.9290 47.0552
0.9308 51.3112
0.9319 53.3562
0.9324 53.7421
0.9326 52.5233
0.9324 49.3617
0.9319 44.4399
0.9310 38.7783
0.9296 33.4033
0.9279 28.8271
0.9258 25.1495
0.9236 22.2915
0.9214 20.1182
0.9193 18.5577
0.9174 17.4452
0.9158 16.5462
0.9143 15.7011
0.9128 14.8344
0.9112 13.9134
0.9093 12.9197
0.9070 11.8515
0.9042 10.7330
0.9006 9.6089
0.8962 8.5272
0.8909 7.5344
0.8848 6.6686
0.8780 5.9459
0.8709 5.3636
0.8638 4.9073
0.8570 4.5560
0.8509 4.2850
0.8455 4.0686
0.8407 3.8823
0.8362 3.7067
0.8317 3.5301
0.8269 3.3484
0.8216 3.1637
0.8157 2.9810
0.8092 2.8051
0.8022 2.6394
0.7949 2.4857
0.7873 2.3441
0.7797 2.2145
0.7721 2.1172
0.7676 2.1858
0.7723 2.5165
0.7865 3.0126
0.8048 3.5633
0.8225 4.1193
0.8380 4.8295
0.8522 5.7626
0.8647 6.7177
0.8747 7.5331
0.8818 8.1275
0.8865 8.4897
0.8892 8.6508
0.8904 8.6460
0.8906 8.4860
0.8897 8.1558
0.8879 7.6532
0.8848 7.0193
0.8803 6.3218
0.8743 5.6230
0.8668 4.9648
0.8580 4.3752
0.8481 3.8814
0.8377 3.4975
0.8277 3.2314
0.8194 3.0903
0.8141 3.0834
0.8130 3.2017
0.8159 3.4131
0.8216 3.6828
0.8292 4.1278
0.8428 5.9229
0.8653 9.6445
0.8871 13.3881
0.9023 16.2905
0.9112 18.2393
0.9158 19.2097
0.9176 19.1132
0.9177 17.9219
0.9163 15.9767
0.9136 14.0110
0.9102 12.4058
0.9064 11.2163
0.9027 10.3884
0.8996 9.8360
0.8971 9.4754
0.8952 9.2358
0.8939 9.0504
0.8928 8.8265
0.8915 8.4907
0.8900 8.2229
0.8887 8.2143
0.8885 8.4936
0.8909 10.5044
0.8985 14.9844
0.9076 19.1816
0.9147 22.4910
0.9197 26.8423
0.9235 32.5593
0.9263 36.5995
0.9281 38.5246
0.9290 38.6580
0.9293 37.5753
0.9290 35.8114
0.9285 33.6003
0.9277 30.8849
0.9266 27.6195
0.9249 24.0064
0.9226 20.4361
0.9196 17.3593
0.9161 15.0360
0.9124 13.5252
0.9092 12.7406
0.9071 12.5492
0.9061 12.7099
0.9061 13.0045
0.9066 13.2688
0.9072 13.3711
0.9075 13.2145
0.9073 12.7568
0.9063 12.0200
0.9044 11.0890
0.9017 10.0763
0.8981 9.0839
0.8937 8.1738
0.8888 7.3711
0.8835 6.6773
0.8778 6.0803
0.8720 5.5611
0.8659 5.0992
0.8596 4.6883
0.8535 4.4557
0.8499 4.5501
0.8504 4.8659
0.8541 5.2802
0.8594 5.7164
0.8650 6.1300
0.8700 6.4915
0.8739 6.7719
0.8768 6.9318
0.8783 6.9269
0.8785 6.7351
0.8772 6.3785
0.8742 5.9138
0.8697 5.4024
0.8638 4.8973
0.8568 4.4544
0.8497 4.1823
0.8447 4.1887
0.8439 4.4518
0.8474 4.8770
0.8534 5.3605
0.8601 5.8077
0.8659 6.1392
0.8701 6.3097
0.8726 6.4422
0.8746 6.7240
0.8770 7.0638
0.8794 7.3684
0.8817 7.6054
0.8835 7.7735
0.8849 7.8767
0.8857 7.9083
0.8860 7.8478
0.8857 7.6885
0.8847 7.4425
0.8831 7.1392
0.8810 6.8194
0.8785 6.5161
0.8758 6.2434
0.8731 5.9981
0.8704 5.7670
0.8678 5.5361
0.8649 5.2979
0.8618 5.0521
0.8583 4.8029
0.8545 4.5548
0.8503 4.3120
0.8457 4.0777
0.8409 3.8557
0.8358 3.6529
0.8310 3.5490
0.8292 3.7512
0.8330 4.2017
0.8409 4.7486
0.8502 5.3040
0.8589 5.8332
0.8662 6.3187
0.8720 6.7443
0.8765 7.1857
0.8805 7.7696
0.8845 8.3986
0.8883 8.9682
0.8914 9.4325
0.8939 9.7835
0.8957 10.0268
0.8969 10.1716
0.8976 10.2044
0.8978 10.1007
0.8975 9.8589
0.8968 9.8357
0.8984 12.4883
0.9044 16.5131
0.9111 19.6802
0.9162 21.8971
0.9194 23.3475
0.9214 24.8337
0.9230 28.0603
0.9246 30.8439
0.9259 31.8390
0.9265 31.6856
0.9267 31.1180
0.9266 30.2654
0.9262 28.9110
0.9255 26.8577
0.9244 24.2581
0.9227 21.5285
0.9206 18.9851
0.9179 16.7187
0.9149 14.6967
0.9114 12.8904
0.9074 11.2958
0.9028 9.9219
0.8978 8.7977
0.8927 8.0134
0.8882 7.5854
0.8850 7.4066
0.8832 7.3553
0.8824 7.4427
0.8842 8.8916
0.8919 12.5982
0.9019 16.1968
0.9100 18.8412
0.9154 20.5713
0.9184 21.4911
0.9199 21.6084
0.9202 20.9475
0.9197 19.5479
0.9183 17.5908
0.9160 15.4954
0.9129 13.6070
0.9092 12.0586
0.9053 10.8349
0.9013 9.8221
0.8971 8.8667
0.8925 7.9455
0.8874 7.2082
0.8826 6.7715
0.8788 6.6013
0.8768 6.6179
0.8763 6.7381
0.8769 6.8740
0.8779 6.9444
0.8785 6.8978
0.8783 6.7223
0.8771 6.4353
0.8747 6.0657
0.8712 5.6430
0.8666 5.1930
0.8608 4.7368
0.8539 4.2905
0.8458 3.8657
0.8366 3.4701
0.8263 3.1284
0.8168 3.0225
0.8135 3.2445
0.8179 3.6447
0.8270 4.1046
0.8374 4.5623
0.8470 4.9901
0.8549 5.3855
0.8612 5.7427
0.8661 6.0216
0.8694 6.1647
0.8712 6.1460
0.8713 5.9850
0.8699 5.7216
0.8672 5.3921
0.8633 5.0237
0.8582 4.6370
0.8521 4.2480
0.8448 3.8694
0.8365 3.5107
0.8272 3.1781
0.8169 2.8747
0.8057 2.6013
0.7937 2.3570
0.7810 2.1397
0.7678 1.9472
0.7541 1.7787
0.7403 1.6369
0.7272 1.5261
0.7155 1.4474
0.7063 1.3984
0.6999 1.3740
0.6963 1.3680
0.6952 1.3735
0.6956 1.3835
0.6967 1.3918
0.6978 1.3943
0.6983 1.3889
0.6978 1.3751
0.6963 1.3540
0.6937 1.3276
0.6904 1.2989
0.6866 1.2715
0.6829 1.2518
0.6806 1.2595
0.6822 1.3123
0.6888 1.4091
0.7001 1.5395
0.7142 1.6926
0.7293 1.8577
0.7438 2.0245
0.7568 2.1828
0.7678 2.3218
0.7764 2.4305
0.7827 2.5024
0.7868 2.5392
0.7890 2.5474
0.7896 2.5336
0.7890 2.5033
0.7876 2.4612
0.7855 2.4129
0.7830 2.3640
0.7803 2.3224
0.7781 2.3034
0.7770 2.3165
0.7774 2.3568
0.7792 2.4126
0.7820 2.4730
0.7850 2.5293
0.7879 2.5731
0.7902 2.5966
0.7914 2.5934
0.7915 2.5616
0.7902 2.5049
0.7876 2.4324
0.7841 2.3543
0.7800 2.2800
0.7758 2.2232
0.7725 2.1985
0.7707 2.2083
0.7709 2.2440
0.7725 2.2918
0.7751 2.3380
0.7776 2.3726
0.7798 2.4001
0.7817 2.4406
0.7841 2.5041
0.7872 2.5848
0.7908 2.6703
0.7946 2.7481
0.7981 2.8070
0.8007 2.8369
0.8023 2.8591
0.8049 3.0648
0.8123 3.5071
0.8237 4.0384
0.8359 4.5579
0.8468 5.0446
0.8559 5.5831
0.8639 6.2257
0.8710 6.8793
0.8770 7.4024
0.8814 7.6866
0.8838 7.6944
0.8843 7.4476
0.8830 7.0001
0.8799 6.4217
0.8751 5.8096
0.8693 5.3686
0.8643 5.2207
0.8618 5.4081
0.8660 7.4037
0.8805 11.7714
0.8964 15.9064
0.9082 19.1183
0.9154 21.4352
0.9193 22.9245
0.9212 23.5919
0.9219 23.3694
0.9218 22.1837
0.9208 20.1304
0.9189 17.5626
0.9160 14.9258
0.9119 12.5448
0.9067 10.5704
0.9008 9.1547
0.8950 8.3617
0.8905 8.0050
0.8877 7.9122
0.8865 7.9816
0.8865 8.1744
0.8881 9.1719
0.8941 12.7726
0.9032 16.9430
0.9112 20.1957
0.9168 22.4431
0.9201 23.8004
0.9218 24.2985
0.9224 23.8319
0.9221 22.2935
0.9209 19.8660
0.9187 17.0724
0.9154 14.4646
0.9113 12.7599
0.9083 13.2504
0.9086 15.5012
0.9113 18.0209
0.9147 20.0641
0.9175 21.2931
0.9192 21.5041
0.9198 20.6589
0.9192 18.9789
0.9176 16.8583
0.9150 14.6593
0.9113 12.6054
0.9067 10.7954
0.9013 9.2516
0.8950 7.9592
0.8879 6.8878
0.8801 6.0029
0.8716 5.2713
0.8627 4.6646
0.8533 4.1598
0.8436 3.7387
0.8337 3.3875
0.8238 3.0960
0.8141 2.8576
0.8050 2.6687
0.7968 2.5447
0.7914 2.5528
0.7916 2.7470
0.7985 3.0835
0.8095 3.4719
0.8213 3.8253
0.8312 4.0759
0.8380 4.1849
0.8413 4.1503
0.8414 4.0010
0.8388 3.7791
0.8340 3.5340
0.8278 3.3116
0.8213 3.1334
0.8152 3.0018
0.8102 2.9110
0.8063 2.8546
0.8038 2.8280
0.8024 2.8250
0.8021 2.8395
0.8028 2.9185
0.8072 3.2558
0.8177 3.8543
0.8317 4.5608
0.8458 5.2614
0.8576 5.8902
0.8666 6.4083
0.8728 6.7850
0.8768 6.9868
0.8789 6.9805
0.8791 6.7561
0.8775 6.3458
0.8740 5.8052
0.8685 5.2002
0.8611 4.5962
0.8519 4.0440
0.8413 3.5779
0.8301 3.2527
0.8220 3.2885
0.8218 3.6649
0.8290 4.2267
0.8401 4.9003
0.8520 5.6391
0.8628 6.3951
0.8718 7.1148
0.8788 7.7346
0.8838 8.1766
0.8870 8.3728
0.8886 8.3085
0.8885 8.0271
0.8871 7.5942
0.8844 7.0709
0.8807 6.5051
0.8759 5.9312
0.8702 5.3731
0.8635 4.8460
0.8559 4.3820
0.8486 4.1691
0.8449 4.3697
0.8476 5.0606
0.8562 6.0570
0.8671 7.1390
0.8773 8.1851
0.8855 9.1512
0.8917 10.0181
0.8962 10.8499
0.9007 13.4649
0.9073 18.1180
0.9138 21.9384
0.9187 24.6159
0.9218 26.3960
0.9236 27.4774
0.9245 27.9302
0.9248 27.5322
0.9246 26.1499
0.9241 25.7693
0.9239 26.9471
0.9242 27.7032
0.9245 27.9035
0.9247 27.7125
0.9247 27.1716
0.9244 26.1675
0.9238 24.4864
0.9227 22.0207
0.9208 19.0059
0.9178 15.9113
0.9136 13.1197
0.9083 11.0038
0.9037 11.3671
0.9041 14.1008
0.9079 16.6657
0.9122 18.5925
0.9155 19.8882
0.9177 20.5574
0.9188 20.5222
0.9190 19.6549
0.9182 18.0469
0.9165 16.1359
0.9139 14.3284
0.9107 12.7862
0.9072 11.5045
0.9035 10.4132
0.8996 9.4311
0.8953 8.4975
0.8905 7.5896
0.8849 6.7170
0.8781 5.9020
0.8702 5.1632
0.8610 4.5097
0.8506 3.9417
0.8389 3.4536
0.8262 3.0367
0.8125 2.6813
0.7980 2.3828
0.7836 2.1966
0.7748 2.2721
0.7775 2.6006
0.7900 3.0615
0.8066 3.5775
0.8232 4.1301
0.8378 4.6979
0.8496 5.2338
0.8586 5.6850
0.8651 6.0135
0.8693 6.2047
0.8717 6.2632
0.8725 6.1956
0.8721 6.0303
0.8706 5.8305
0.8687 5.7001
0.8672 5.6802
0.8666 5.7250
0.8667 5.7706
0.8671 5.7775
0.8671 5.7262
0.8667 5.6098
0.8654 5.4377
0.8635 5.2304
0.8609 5.0545
0.8591 5.1295
0.8598 5.4713
0.8632 5.9285
0.8678 6.3930
0.8725 6.8084
0.8766 7.1476
0.8798 7.3907
0.8819 7.5085
0.8830 7.4612
0.8828 7.2287
0.8813 6.8380
0.8785 6.3515
0.8743 5.8417
0.8692 5.3644
0.8635 4.9477
0.8575 4.5998
0.8516 4.3168
0.8462 4.0883
0.8412 3.9011
0.8368 3.7415
0.8327 3.6015
0.8290 3.4997
0.8262 3.4601
0.8249 3.4780
0.8249 3.5334
0.8261 3.6050
0.8279 3.6762
0.8298 3.7347
0.8314 3.7736
0.8325 3.7960
0.8333 3.8118
0.8338 3.8217
0.8342 3.8617
0.8360 4.1460
0.8425 4.9033
0.8536 5.9988
0.8662 7.1771
0.8774 8.2811
0.8861 9.2348
0.8922 10.0126
0.8967 11.4332
0.9027 15.3372
0.9098 19.3963
0.9157 22.3645
0.9196 24.2890
0.9219 25.3427
0.9230 25.5936
0.9233 24.9748
0.9230 23.4011
0.9219 21.0219
0.9199 18.2767
0.9170 15.6304
0.9132 13.3613
0.9089 11.7039
0.9045 10.6755
0.9009 10.0654
0.8981 9.6966
0.8962 9.4708
0.8951 9.4574
0.8959 11.1361
0.9013 15.0628
0.9085 18.6924
0.9145 21.4055
0.9188 24.4654
0.9221 29.2416
0.9249 33.4032
0.9269 35.8653
0.9280 36.5690
0.9285 35.8567
0.9284 34.1904
0.9279 31.8020
0.9270 28.7127
0.9255 25.0840
0.9234 21.3404
0.9205 17.9042
0.9167 15.0695
0.9125 12.9657
0.9080 11.4728
0.9036 10.4014
0.8997 9.5922
0.8961 8.9219
0.8927 8.3035
0.8893 7.8628
0.8881 8.9215
0.8929 11.9325
0.9009 14.9421
0.9081 17.2157
0.9131 18.7005
0.9161 19.3913
0.9175 19.1923
0.9175 18.0088
0.9162 15.9920
0.9134 13.5887
0.9090 11.2564
0.9029 9.2448
0.8952 7.6151
0.8860 6.3331
0.8755 5.3335
0.8641 4.5505
0.8518 3.9291
0.8390 3.4269
0.8256 3.0140
0.8117 2.6706
0.7974 2.3840
0.7829 2.1461
0.7685 1.9507
0.7546 1.7922
0.7415 1.6649
0.7296 1.5629
0.7189 1.4805
0.7096 1.4172
0.7036 1.4434
0.7106 1.7298
0.7346 2.2516
0.7664 2.8801
0.7965 3.5216
0.8205 4.1209
0.8378 4.6431
0.8495 5.0616
0.8573 5.4533
0.8635 5.9934
0.8693 6.5506
0.8744 7.0046
0.8785 7.3276
0.8813 7.5350
0.8832 7.6500
0.8842 7.6844
0.8845 7.6257
0.8841 7.4345
0.8828 7.0748
0.8802 6.5576
0.8761 5.9396
0.8701 5.2863
0.8624 4.6482
0.8528 4.0564
0.8414 3.5271
0.8283 3.0666
0.8137 2.6740
0.7979 2.3453
0.7812 2.0781
0.7645 1.8720
0.7492 1.7327
0.7373 1.6732
0.7314 1.7005
0.7327 1.8060
0.7404 1.9697
0.7522 2.1671
0.7653 2.3741
0.7779 2.5703
0.7887 2.7484
0.7979 2.9636
0.8077 3.3361
0.8198 3.8811
0.8332 4.5166
0.8460 5.1581
0.8568 5.7438
0.8651 6.2303
0.8711 6.5915
0.8752 6.9070
0.8787 7.4217
0.8824 8.1113
0.8866 8.8456
0.8906 9.5552
0.8942 10.2298
0.8974 11.0476
0.9005 12.0326
0.9035 12.9723
0.9061 13.6956
0.9080 14.1155
0.9091 14.2336
0.9096 14.0966
0.9094 13.7505
0.9089 13.7503
0.9100 16.7330
0.9135 20.3817
0.9174 23.1939
0.9204 25.3180
0.9226 27.3907
0.9244 31.2640
0.9262 35.5956
0.9278 38.5344
0.9289 39.7045
0.9294 39.3272
0.9294 37.7793
0.9291 35.2711
0.9283 31.9416
0.9271 28.1793
0.9253 24.5449
0.9231 21.3747
0.9206 18.7403
0.9178 16.6229
0.9151 15.9281
0.9143 17.9779
0.9158 20.4787
0.9180 22.3144
0.9200 23.4359
0.9213 23.9038
0.9219 23.6811
0.9219 22.6449
0.9212 20.7591
0.9195 18.2724
0.9169 15.6406
0.9132 13.2398
0.9084 11.2315
0.9029 9.6388
0.8969 8.4224
0.8908 7.5082
0.8848 6.8175
0.8792 6.2843
0.8740 5.8591
0.8693 5.5036
0.8648 5.1871
0.8605 4.8872
0.8559 4.5913
0.8510 4.2957
0.8454 4.0021
0.8393 3.7141
0.8324 3.4349
0.8247 3.1669
0.8162 2.9118
0.8069 2.6717
0.7967 2.4494
0.7859 2.2474
0.7745 2.0686
