0.2803 -0.048884
0.2755 -0.048572
0.2621 -0.047720
0.2442 -0.046585
0.2242 -0.045327
0.2037 -0.044035
0.1833 -0.042753
0.1633 -0.041494
0.1435 -0.040255
0.1238 -0.039018
0.1036 -0.037753
0.0822 -0.036413
0.0584 -0.034925
0.0302 -0.033162
-0.0061 -0.030904
-0.0552 -0.023461
-0.1204 -0.016732
-0.1942 -0.011264
-0.2623 -0.007312
-0.3176 -0.004686
-0.3598 -0.003008
-0.3910 -0.001953
-0.4135 -0.001293
-0.4294 -0.000882
-0.4401 -0.000625
-0.4469 -0.000462
-0.4506 -0.000359
-0.4520 -0.000291
-0.4516 -0.000245
-0.4497 -0.000213
-0.4466 -0.000189
-0.4425 -0.000169
-0.4376 -0.000154
-0.4321 -0.000140
-0.4259 -0.000127
-0.4192 -0.000116
-0.4121 -0.000105
-0.4045 -0.000096
-0.3965 -0.000086
-0.3880 -0.000078
-0.3793 -0.000070
-0.3701 -0.000063
-0.3606 -0.000057
-0.3507 -0.000051
-0.3405 -0.000045
-0.3300 -0.000040
-0.3191 -0.000036
-0.3078 -0.000032
-0.2962 -0.000028
-0.2867 -0.026674
-0.2800 -0.027513
-0.2744 -0.042312
-0.2728 -0.042611
-0.2739 -0.042402
-0.2779 -0.041670
-0.2839 -0.040544
-0.2910 -0.039202
-0.2985 -0.037798
-0.3058 -0.036438
-0.3124 -0.035186
-0.3184 -0.034071
-0.3235 -0.033105
-0.3279 -0.032285
-0.3315 -0.031603
-0.3344 -0.031048
-0.3368 -0.030609
-0.3386 -0.030272
-0.3398 -0.028995
-0.3404 -0.027421
-0.3403 -0.025472
-0.3395 -0.023030
-0.3381 -0.020729
-0.3360 -0.017536
-0.3333 -0.014890
-0.3300 -0.012675
-0.3264 -0.010810
-0.3225 -0.009231
-0.3184 -0.007888
-0.3141 -0.006744
-0.3096 -0.005767
-0.3051 -0.004932
-0.3004 -0.004218
-0.2956 -0.003607
-0.2907 -0.003084
-0.2857 -0.002638
-0.2805 -0.002256
-0.2752 -0.001930
-0.2696 -0.001651
-0.2639 -0.001413
-0.2578 -0.001211
-0.2515 -0.001038
-0.2447 -0.000890
-0.2374 -0.000764
-0.2296 -0.000657
-0.2211 -0.000566
-0.2118 -0.000489
-0.2015 -0.000423
-0.1899 -0.000367
-0.1766 -0.000319
-0.1610 -0.000280
-0.1422 -0.000246
-0.1182 -0.000220
-0.0856 -0.000199
-0.0375 -0.000185
0.0372 -0.000180
0.1327 -0.039663
0.2088 -0.044426
0.2561 -0.047382
0.2772 -0.048697
0.2797 -0.048839
0.2704 -0.048247
0.2546 -0.047243
0.2355 -0.046038
0.2151 -0.044756
0.1946 -0.043465
0.1744 -0.042193
0.1545 -0.040945
0.1348 -0.039710
0.1150 -0.038465
0.0944 -0.037175
0.0721 -0.035782
0.0467 -0.034193
0.0155 -0.032248
-0.0258 -0.027612
-0.0819 -0.020340
-0.1525 -0.014126
-0.2253 -0.009329
-0.2882 -0.006010
-0.3375 -0.003849
-0.3746 -0.002481
-0.4017 -0.001624
-0.4211 -0.001089
-0.4345 -0.000754
-0.4433 -0.000545
-0.4487 -0.000412
-0.4513 -0.000326
-0.4519 -0.000269
-0.4507 -0.000230
-0.4482 -0.000202
-0.4447 -0.000180
-0.4402 -0.000162
-0.4350 -0.000147
-0.4292 -0.000134
-0.4228 -0.000122
-0.4159 -0.000111
-0.4085 -0.000101
-0.4007 -0.000092
-0.3925 -0.000083
-0.3840 -0.000075
-0.3750 -0.000067
-0.3657 -0.000060
-0.3560 -0.000054
-0.3460 -0.000048
-0.3356 -0.000043
-0.3249 -0.000038
-0.3138 -0.000034
-0.3024 -0.000030
-0.2906 -0.000027
-0.2837 -0.027056
-0.2771 -0.027874
-0.2736 -0.042458
-0.2733 -0.042527
-0.2758 -0.042057
-0.2808 -0.041115
-0.2875 -0.039867
-0.2949 -0.038484
-0.3022 -0.037099
-0.3092 -0.035794
-0.3155 -0.034615
-0.3210 -0.033580
-0.3257 -0.032693
-0.3297 -0.031948
-0.3329 -0.031335
-0.3355 -0.030843
-0.3376 -0.030460
-0.3391 -0.029993
-0.3400 -0.028208
-0.3402 -0.026816
-0.3398 -0.024227
-0.3386 -0.022037
-0.3369 -0.019075
-0.3344 -0.016170
-0.3314 -0.013750
-0.3280 -0.011717
-0.3242 -0.010000
-0.3202 -0.008543
-0.3159 -0.007302
-0.3115 -0.006244
-0.3070 -0.005340
-0.3024 -0.004567
-0.2976 -0.003905
-0.2928 -0.003340
-0.2878 -0.002856
-0.2827 -0.002443
-0.2774 -0.002089
-0.2720 -0.001787
-0.2664 -0.001530
-0.2605 -0.001310
-0.2542 -0.001122
-0.2476 -0.000962
-0.2406 -0.000826
-0.2331 -0.000710
-0.2249 -0.000611
-0.2160 -0.000527
-0.2061 -0.000455
-0.1951 -0.000394
-0.1826 -0.000343
-0.1682 -0.000299
-0.1509 -0.000263
-0.1295 -0.000233
-0.1014 -0.000209
-0.0613 -0.000192
0.0005 -0.000183
0.0905 -0.000181
0.1785 -0.042535
0.2389 -0.046311
0.2708 -0.048298
0.2805 -0.048898
0.2757 -0.048582
0.2622 -0.047726
0.2442 -0.046589
0.2242 -0.045330
0.2037 -0.044038
0.1833 -0.042755
0.1633 -0.041497
0.1436 -0.040258
0.1239 -0.039022
0.1037 -0.037758
0.0823 -0.036420
0.0585 -0.034934
0.0304 -0.033175
-0.0057 -0.030923
-0.0547 -0.023445
-0.1197 -0.016733
-0.1934 -0.011272
-0.2616 -0.007321
-0.3170 -0.004694
-0.3593 -0.003014
-0.3905 -0.001958
-0.4131 -0.001298
-0.4290 -0.000886
-0.4397 -0.000627
-0.4465 -0.000465
-0.4503 -0.000361
-0.4517 -0.000292
-0.4512 -0.000246
-0.4493 -0.000214
-0.4462 -0.000190
-0.4421 -0.000170
-0.4372 -0.000154
-0.4317 -0.000140
-0.4255 -0.000128
-0.4188 -0.000116
-0.4116 -0.000106
-0.4040 -0.000096
-0.3960 -0.000087
-0.3876 -0.000078
-0.3788 -0.000070
-0.3696 -0.000063
-0.3601 -0.000057
-0.3502 -0.000051
-0.3400 -0.000045
-0.3294 -0.000040
-0.3185 -0.000036
-0.3072 -0.000032
-0.2956 -0.000028
-0.2866 -0.026687
-0.2799 -0.027528
-0.2747 -0.042251
-0.2733 -0.042519
-0.2747 -0.042268
-0.2788 -0.041501
-0.2849 -0.040358
-0.2920 -0.039017
-0.2994 -0.037627
-0.3065 -0.036289
-0.3131 -0.035063
-0.3189 -0.033976
-0.3239 -0.033036
-0.3281 -0.032241
-0.3316 -0.031582
-0.3344 -0.031049
-0.3367 -0.030627
-0.3384 -0.030307
-0.3395 -0.028902
-0.3400 -0.027364
-0.3398 -0.025280
-0.3389 -0.022887
-0.3375 -0.020397
-0.3352 -0.017265
-0.3324 -0.014665
-0.3291 -0.012488
-0.3255 -0.010653
-0.3215 -0.009098
-0.3173 -0.007775
-0.3130 -0.006648
-0.3085 -0.005685
-0.3039 -0.004862
-0.2992 -0.004158
-0.2943 -0.003556
-0.2894 -0.003041
-0.2843 -0.002601
-0.2791 -0.002224
-0.2738 -0.001903
-0.2682 -0.001628
-0.2624 -0.001394
-0.2563 -0.001194
-0.2498 -0.001024
-0.2429 -0.000878
-0.2356 -0.000755
-0.2276 -0.000649
-0.2190 -0.000559
-0.2095 -0.000483
-0.1989 -0.000418
-0.1870 -0.000363
-0.1732 -0.000316
-0.1570 -0.000277
-0.1372 -0.000245
-0.1117 -0.000219
-0.0765 -0.000199
-0.0233 -0.000187
0.0581 -0.000183
0.1519 -0.040873
0.2221 -0.045262
0.2630 -0.047817
0.2793 -0.048827
0.2786 -0.048769
0.2674 -0.048060
0.2506 -0.046994
0.2311 -0.045763
0.2106 -0.044474
0.1902 -0.043186
0.1700 -0.041919
0.1502 -0.040675
0.1305 -0.039441
0.1106 -0.038191
0.0897 -0.036885
0.0670 -0.035461
0.0406 -0.033814
0.0077 -0.031763
-0.0363 -0.025952
-0.0959 -0.018898
-0.1682 -0.012966
-0.2396 -0.008503
-0.2996 -0.005465
-0.3461 -0.003504
-0.3809 -0.002266
-0.4061 -0.001490
-0.4241 -0.001006
-0.4364 -0.000704
-0.4444 -0.000513
-0.4491 -0.000392
-0.4513 -0.000314
-0.4514 -0.000261
-0.4499 -0.000225
-0.4472 -0.000198
-0.4434 -0.000177
-0.4388 -0.000160
-0.4334 -0.000145
-0.4275 -0.000132
-0.4209 -0.000120
-0.4139 -0.000109
-0.4064 -0.000099
-0.3985 -0.000090
-0.3903 -0.000081
-0.3816 -0.000073
-0.3725 -0.000066
-0.3631 -0.000059
-0.3533 -0.000053
-0.3432 -0.000047
-0.3327 -0.000042
-0.3219 -0.000037
-0.3107 -0.000033
-0.2992 -0.000029
-0.2889 -0.026409
-0.2821 -0.027256
-0.2758 -0.042047
-0.2737 -0.042444
-0.2742 -0.042358
-0.2775 -0.041736
-0.2831 -0.040689
-0.2900 -0.039394
-0.2974 -0.038012
-0.3046 -0.036658
-0.3113 -0.035402
-0.3173 -0.034279
-0.3225 -0.033302
-0.3269 -0.032471
-0.3306 -0.031778
-0.3336 -0.031213
-0.3360 -0.030764
-0.3378 -0.030419
-0.3391 -0.029455
-0.3397 -0.027803
-0.3398 -0.026112
-0.3391 -0.023558
-0.3377 -0.021435
-0.3357 -0.018123
-0.3330 -0.015381
-0.3299 -0.013090
-0.3263 -0.011162
-0.3224 -0.009530
-0.3183 -0.008144
-0.3140 -0.006962
-0.3095 -0.005954
-0.3049 -0.005092
-0.3002 -0.004355
-0.2954 -0.003724
-0.2905 -0.003185
-0.2855 -0.002724
-0.2803 -0.002330
-0.2749 -0.001993
-0.2694 -0.001705
-0.2637 -0.001460
-0.2576 -0.001250
-0.2513 -0.001071
-0.2445 -0.000919
-0.2373 -0.000789
-0.2295 -0.000679
-0.2210 -0.000585
-0.2117 -0.000504
-0.2014 -0.000436
-0.1898 -0.000378
-0.1766 -0.000330
-0.1610 -0.000288
-0.1422 -0.000254
-0.1183 -0.000226
-0.0858 -0.000205
-0.0378 -0.000191
0.0367 -0.000185
0.1321 -0.039632
0.2085 -0.044413
0.2561 -0.047386
0.2774 -0.048712
0.2800 -0.048861
0.2708 -0.048271
0.2549 -0.047267
0.2358 -0.046061
0.2155 -0.044778
0.1949 -0.043487
0.1747 -0.042214
0.1548 -0.040966
0.1352 -0.039732
0.1153 -0.038489
0.0948 -0.037201
0.0726 -0.035813
0.0473 -0.034232
0.0163 -0.032300
-0.0246 -0.027731
-0.0802 -0.020458
-0.1505 -0.014234
-0.2233 -0.009414
-0.2865 -0.006069
-0.3361 -0.003890
-0.3734 -0.002508
-0.4007 -0.001643
-0.4203 -0.001102
-0.4338 -0.000764
-0.4427 -0.000552
-0.4481 -0.000417
-0.4508 -0.000330
-0.4514 -0.000272
-0.4503 -0.000233
-0.4478 -0.000204
-0.4442 -0.000182
-0.4398 -0.000164
-0.4346 -0.000149
-0.4287 -0.000135
-0.4223 -0.000123
-0.4154 -0.000112
-0.4080 -0.000102
-0.4002 -0.000092
-0.3920 -0.000083
-0.3834 -0.000075
-0.3745 -0.000068
-0.3651 -0.000061
-0.3554 -0.000054
-0.3454 -0.000048
-0.3350 -0.000043
-0.3242 -0.000038
-0.3131 -0.000034
-0.3017 -0.000030
-0.2904 -0.026218
-0.2836 -0.027066
-0.2770 -0.027883
-0.2742 -0.042356
-0.2741 -0.042379
-0.2768 -0.041860
-0.2821 -0.040886
-0.2888 -0.039630
-0.2961 -0.038260
-0.3033 -0.036900
-0.3101 -0.035628
-0.3162 -0.034484
-0.3215 -0.033484
-0.3260 -0.032630
-0.3298 -0.031916
-0.3329 -0.031332
-0.3354 -0.030866
-0.3373 -0.030504
-0.3387 -0.029847
-0.3395 -0.028117
-0.3396 -0.026696
-0.3391 -0.024030
-0.3378 -0.021892
-0.3359 -0.018698
-0.3334 -0.015860
-0.3302 -0.013492
-0.3267 -0.011502
-0.3229 -0.009819
-0.3188 -0.008389
-0.3145 -0.007172
-0.3100 -0.006133
-0.3055 -0.005245
-0.3008 -0.004486
-0.2960 -0.003837
-0.2911 -0.003281
-0.2861 -0.002806
-0.2809 -0.002400
-0.2756 -0.002053
-0.2701 -0.001756
-0.2644 -0.001503
-0.2584 -0.001287
-0.2520 -0.001103
-0.2453 -0.000946
-0.2382 -0.000813
-0.2305 -0.000699
-0.2221 -0.000601
-0.2129 -0.000519
-0.2028 -0.000449
-0.1914 -0.000389
-0.1784 -0.000339
-0.1632 -0.000296
-0.1450 -0.000261
-0.1219 -0.000232
-0.0909 -0.000209
-0.0455 -0.000194
0.0250 -0.000187
0.1201 -0.000185
0.1999 -0.043875
0.2514 -0.047098
0.2759 -0.048620
0.2805 -0.048899
0.2725 -0.048386
0.2573 -0.047422
0.2385 -0.046233
0.2183 -0.044956
0.1977 -0.043663
0.1775 -0.042387
0.1575 -0.041136
0.1379 -0.039901
0.1181 -0.038661
0.0977 -0.037383
0.0758 -0.036013
0.0511 -0.034467
0.0211 -0.032598
-0.0181 -0.028774
-0.0714 -0.021380
-0.1401 -0.015003
-0.2135 -0.009980
-0.2783 -0.006449
-0.3299 -0.004134
-0.3688 -0.002663
-0.3973 -0.001739
-0.4178 -0.001163
-0.4321 -0.000802
-0.4416 -0.000576
-0.4474 -0.000433
-0.4504 -0.000340
-0.4513 -0.000279
-0.4503 -0.000238
-0.4480 -0.000208
-0.4446 -0.000185
-0.4403 -0.000166
-0.4352 -0.000151
-0.4294 -0.000137
-0.4231 -0.000125
-0.4162 -0.000114
-0.4089 -0.000103
-0.4011 -0.000093
-0.3930 -0.000085
-0.3844 -0.000076
-0.3755 -0.000069
-0.3662 -0.000062
-0.3565 -0.000055
-0.3465 -0.000049
-0.3362 -0.000044
-0.3254 -0.000039
-0.3144 -0.000035
-0.3030 -0.000031
-0.2913 -0.013067
-0.2844 -0.026961
-0.2778 -0.027788
-0.2745 -0.042287
-0.2741 -0.042366
-0.2766 -0.041902
-0.2816 -0.040969
-0.2882 -0.039737
-0.2954 -0.038377
-0.3027 -0.037018
-0.3095 -0.035741
-0.3156 -0.034589
-0.3210 -0.033580
-0.3256 -0.032717
-0.3294 -0.031994
-0.3326 -0.031402
-0.3351 -0.030928
-0.3370 -0.030560
-0.3385 -0.030071
-0.3393 -0.028299
-0.3395 -0.026917
-0.3390 -0.024283
-0.3378 -0.022100
-0.3359 -0.018994
-0.3334 -0.016107
-0.3303 -0.013700
-0.3268 -0.011677
-0.3230 -0.009968
-0.3189 -0.008516
-0.3146 -0.007280
-0.3102 -0.006226
-0.3056 -0.005325
-0.3009 -0.004554
-0.2961 -0.003895
-0.2912 -0.003331
-0.2862 -0.002849
-0.2811 -0.002436
-0.2757 -0.002084
-0.2702 -0.001783
-0.2645 -0.001526
-0.2585 -0.001307
-0.2522 -0.001120
-0.2456 -0.000961
-0.2384 -0.000825
-0.2307 -0.000709
-0.2224 -0.000610
-0.2133 -0.000526
-0.2032 -0.000455
-0.1919 -0.000395
-0.1790 -0.000343
-0.1639 -0.000300
-0.1458 -0.000264
-0.1229 -0.000235
-0.0924 -0.000212
-0.0478 -0.000196
0.0215 -0.000189
0.1161 -0.000186
0.1971 -0.043704
0.2499 -0.047005
0.2754 -0.048591
0.2807 -0.048911
0.2731 -0.048423
0.2581 -0.047472
0.2394 -0.046289
0.2192 -0.045013
0.1986 -0.043720
0.1783 -0.042443
0.1584 -0.041191
0.1387 -0.039956
0.1190 -0.038717
0.0986 -0.037442
0.0768 -0.036078
0.0523 -0.034544
0.0227 -0.032694
-0.0160 -0.029108
-0.0686 -0.021679
-0.1366 -0.015257
-0.2101 -0.010170
-0.2755 -0.006578
-0.3277 -0.004218
-0.3671 -0.002716
-0.3961 -0.001773
-0.4169 -0.001184
-0.4314 -0.000816
-0.4411 -0.000585
-0.4471 -0.000439
-0.4502 -0.000344
-0.4511 -0.000282
-0.4503 -0.000240
-0.4480 -0.000209
-0.4446 -0.000186
-0.4403 -0.000167
-0.4353 -0.000152
-0.4295 -0.000138
-0.4232 -0.000126
-0.4164 -0.000114
-0.4090 -0.000104
-0.4013 -0.000094
-0.3932 -0.000085
-0.3846 -0.000077
-0.3757 -0.000069
-0.3664 -0.000062
-0.3567 -0.000055
-0.3467 -0.000050
-0.3364 -0.000044
-0.3257 -0.000039
-0.3146 -0.000035
-0.3032 -0.000031
-0.2915 -0.013051
-0.2847 -0.026932
-0.2780 -0.027762
-0.2748 -0.042245
-0.2743 -0.042332
-0.2768 -0.041875
-0.2817 -0.040949
-0.2883 -0.039722
-0.2955 -0.038368
-0.3027 -0.037014
-0.3095 -0.035741
-0.3156 -0.034594
-0.3209 -0.033589
-0.3255 -0.032730
-0.3293 -0.032011
-0.3325 -0.031422
-0.3350 -0.030951
-0.3369 -0.030586
-0.3383 -0.030099
-0.3391 -0.028327
-0.3393 -0.026945
-0.3388 -0.024310
-0.3376 -0.022126
-0.3357 -0.019001
-0.3332 -0.016114
-0.3301 -0.013706
-0.3266 -0.011683
-0.3228 -0.009973
-0.3187 -0.008521
-0.3144 -0.007284
-0.3099 -0.006229
-0.3053 -0.005328
-0.3006 -0.004557
-0.2958 -0.003897
-0.2909 -0.003333
-0.2859 -0.002850
-0.2807 -0.002438
-0.2754 -0.002085
-0.2699 -0.001784
-0.2642 -0.001527
-0.2582 -0.001308
-0.2519 -0.001121
-0.2452 -0.000961
-0.2380 -0.000825
-0.2303 -0.000710
-0.2219 -0.000611
-0.2128 -0.000527
-0.2026 -0.000456
-0.1912 -0.000395
-0.1782 -0.000344
-0.1631 -0.000301
-0.1448 -0.000265
-0.1217 -0.000235
-0.0906 -0.000213
-0.0451 -0.000197
0.0256 -0.000190
0.1208 -0.038929
0.2004 -0.043910
0.2518 -0.047124
0.2761 -0.048637
0.2807 -0.048909
0.2726 -0.048391
0.2574 -0.047424
0.2385 -0.046233
0.2183 -0.044955
0.1977 -0.043661
0.1774 -0.042386
0.1575 -0.041135
0.1378 -0.039900
0.1181 -0.038661
0.0977 -0.037383
0.0758 -0.036015
0.0511 -0.034470
0.0212 -0.032603
-0.0179 -0.028731
-0.0712 -0.021354
-0.1398 -0.014991
-0.2131 -0.009975
-0.2780 -0.006448
-0.3295 -0.004135
-0.3684 -0.002664
-0.3970 -0.001741
-0.4175 -0.001165
-0.4318 -0.000804
-0.4413 -0.000578
-0.4471 -0.000434
-0.4502 -0.000342
-0.4510 -0.000281
-0.4501 -0.000239
-0.4477 -0.000208
-0.4443 -0.000185
-0.4400 -0.000167
-0.4349 -0.000151
-0.4291 -0.000138
-0.4227 -0.000125
-0.4159 -0.000114
-0.4085 -0.000103
-0.4008 -0.000094
-0.3926 -0.000085
-0.3840 -0.000076
-0.3751 -0.000069
-0.3658 -0.000062
-0.3561 -0.000055
-0.3461 -0.000049
-0.3357 -0.000044
-0.3249 -0.000039
-0.3139 -0.000035
-0.3024 -0.000031
-0.2911 -0.026128
-0.2843 -0.026980
-0.2776 -0.027806
-0.2748 -0.042239
-0.2746 -0.042287
-0.2772 -0.041790
-0.2823 -0.040836
-0.2889 -0.039597
-0.2961 -0.038243
-0.3033 -0.036898
-0.3100 -0.035640
-0.3160 -0.034508
-0.3213 -0.033520
-0.3258 -0.032677
-0.3295 -0.031973
-0.3326 -0.031397
-0.3350 -0.030938
-0.3369 -0.030584
-0.3383 -0.029966
-0.3390 -0.028229
-0.3391 -0.026821
-0.3385 -0.024143
-0.3373 -0.021995
-0.3354 -0.018740
-0.3328 -0.015898
-0.3296 -0.013526
-0.3261 -0.011531
-0.3222 -0.009845
-0.3181 -0.008412
-0.3138 -0.007192
-0.3093 -0.006150
-0.3047 -0.005260
-0.3000 -0.004499
-0.2951 -0.003848
-0.2902 -0.003291
-0.2852 -0.002814
-0.2800 -0.002407
-0.2746 -0.002059
-0.2691 -0.001762
-0.2633 -0.001508
-0.2573 -0.001292
-0.2509 -0.001107
-0.2442 -0.000950
-0.2369 -0.000815
-0.2292 -0.000701
-0.2207 -0.000604
-0.2114 -0.000521
-0.2011 -0.000451
-0.1896 -0.000391
-0.1763 -0.000340
-0.1608 -0.000298
-0.1420 -0.000263
-0.1181 -0.000234
-0.0856 -0.000212
-0.0374 -0.000197
0.0373 -0.000191
0.1326 -0.039668
0.2090 -0.044448
0.2565 -0.047419
0.2778 -0.048740
0.2803 -0.048883
0.2710 -0.048288
0.2551 -0.047280
0.2359 -0.046071
0.2156 -0.044787
0.1950 -0.043494
0.1748 -0.042221
0.1549 -0.040973
0.1353 -0.039740
0.1155 -0.038498
0.0950 -0.037213
0.0728 -0.035828
0.0476 -0.034252
0.0168 -0.032328
-0.0239 -0.027721
-0.0792 -0.020472
-0.1492 -0.014262
-0.2220 -0.009442
-0.2853 -0.006092
-0.3351 -0.003907
-0.3725 -0.002522
-0.4000 -0.001653
-0.4195 -0.001110
-0.4331 -0.000770
-0.4421 -0.000556
-0.4475 -0.000421
-0.4503 -0.000333
-0.4508 -0.000275
-0.4497 -0.000235
-0.4472 -0.000206
-0.4437 -0.000183
-0.4392 -0.000165
-0.4340 -0.000150
-0.4281 -0.000136
-0.4217 -0.000124
-0.4148 -0.000113
-0.4074 -0.000102
-0.3996 -0.000093
-0.3913 -0.000084
-0.3827 -0.000075
-0.3737 -0.000068
-0.3643 -0.000061
-0.3546 -0.000054
-0.3445 -0.000049
-0.3341 -0.000043
-0.3233 -0.000039
-0.3122 -0.000034
-0.3007 -0.000030
-0.2902 -0.026241
-0.2833 -0.027097
-0.2771 -0.041806
-0.2747 -0.042250
-0.2750 -0.042213
-0.2780 -0.041635
-0.2834 -0.040625
-0.2902 -0.039361
-0.2974 -0.038005
-0.3045 -0.036675
-0.3111 -0.035441
-0.3169 -0.034337
-0.3220 -0.033378
-0.3264 -0.032562
-0.3300 -0.031883
-0.3329 -0.031331
-0.3353 -0.030893
-0.3370 -0.030557
-0.3383 -0.029682
-0.3389 -0.028014
-0.3389 -0.026359
-0.3382 -0.023777
-0.3368 -0.021558
-0.3348 -0.018230
-0.3321 -0.015474
-0.3288 -0.013171
-0.3252 -0.011233
-0.3213 -0.009591
-0.3171 -0.008197
-0.3128 -0.007008
-0.3083 -0.005994
-0.3036 -0.005126
-0.2989 -0.004385
-0.2941 -0.003750
-0.2891 -0.003207
-0.2840 -0.002743
-0.2788 -0.002346
-0.2734 -0.002007
-0.2678 -0.001717
-0.2620 -0.001470
-0.2559 -0.001259
-0.2495 -0.001079
-0.2426 -0.000926
-0.2353 -0.000795
-0.2274 -0.000684
-0.2187 -0.000589
-0.2093 -0.000509
-0.1988 -0.000440
-0.1869 -0.000382
-0.1732 -0.000333
-0.1571 -0.000292
-0.1374 -0.000258
-0.1120 -0.000230
-0.0769 -0.000210
-0.0240 -0.000197
0.0571 -0.000192
0.1510 -0.040822
0.2217 -0.045245
0.2631 -0.047831
0.2797 -0.048859
0.2791 -0.048810
0.2681 -0.048103
0.2512 -0.047037
0.2317 -0.045803
0.2112 -0.044513
0.1907 -0.043223
0.1706 -0.041956
0.1508 -0.040712
0.1311 -0.039479
0.1112 -0.038232
0.0905 -0.036932
0.0678 -0.035516
0.0417 -0.033884
0.0092 -0.031858
-0.0341 -0.026074
-0.0928 -0.019041
-0.1647 -0.013104
-0.2362 -0.008612
-0.2967 -0.005543
-0.3438 -0.003557
-0.3789 -0.002302
-0.4045 -0.001516
-0.4227 -0.001024
-0.4352 -0.000717
-0.4434 -0.000523
-0.4482 -0.000399
-0.4504 -0.000319
0.1898 -0.172512
0.1650 -0.166314
0.1386 -0.159716
0.1109 -0.152786
0.0808 -0.145291
0.0462 -0.136649
0.0024 -0.123225
-0.0576 -0.102472
-0.1369 -0.071530
-0.2224 -0.045699
-0.2975 -0.027846
-0.3571 -0.016414
-0.4027 -0.009343
-0.4369 -0.005059
-0.4625 -0.002516
-0.4813 -0.001047
-0.4950 -0.000236
-0.5047 0.000180
-0.5112 0.000362
-0.5151 0.000409
-0.5170 0.000383
-0.5170 0.000322
-0.5156 0.000246
-0.5128 0.000169
-0.5088 0.000097
-0.5036 0.000034
-0.4974 -0.000020
-0.4900 -0.000063
-0.4816 -0.000098
-0.4721 -0.000124
-0.4614 -0.000144
-0.4495 -0.000157
-0.4364 -0.000165
-0.4220 -0.000169
-0.4062 -0.000170
-0.3890 -0.000168
-0.3703 -0.000164
-0.3500 -0.000158
-0.3281 -0.000152
-0.3043 -0.000144
-0.2785 -0.000136
-0.2501 -0.000128
-0.2188 -0.000121
-0.1838 -0.000113
-0.1440 -0.000107
-0.0966 -0.000101
-0.0340 -0.000097
0.0472 -0.034219
0.1284 -0.156940
0.1813 -0.170230
0.2085 -0.177080
0.2141 -0.178528
0.2052 -0.176323
0.1877 -0.171979
0.1658 -0.166502
0.1414 -0.160424
0.1154 -0.153912
0.0870 -0.146836
0.0546 -0.138748
0.0143 -0.128694
-0.0409 -0.113109
-0.1165 -0.086893
-0.2035 -0.059826
-0.2830 -0.038831
-0.3468 -0.024491
-0.3954 -0.014328
-0.4318 -0.007809
-0.4587 -0.003951
-0.4785 -0.001723
-0.4928 -0.000485
-0.5029 0.000156
-0.5097 0.000446
-0.5138 0.000534
-0.5158 0.000510
-0.5160 0.000432
-0.5146 0.000330
-0.5119 0.000225
-0.5079 0.000125
-0.5028 0.000038
-0.4966 -0.000037
-0.4892 -0.000098
-0.4808 -0.000146
-0.4712 -0.000183
-0.4605 -0.000210
-0.4485 -0.000229
-0.4353 -0.000240
-0.4208 -0.000245
-0.4049 -0.000246
-0.3876 -0.000243
-0.3687 -0.000237
-0.3483 -0.000229
-0.3262 -0.000219
-0.3023 -0.000208
-0.2763 -0.000197
-0.2479 -0.000185
-0.2168 -0.000174
-0.1826 -0.000162
-0.1457 -0.000151
-0.1059 -0.000141
-0.0604 -0.000131
-0.0027 -0.000124
0.0670 -0.035489
0.1361 -0.039805
0.1883 -0.043076
0.2185 -0.044965
0.2302 -0.045694
0.2286 -0.045594
0.2185 -0.044958
0.2032 -0.043996
0.1850 -0.042851
0.1651 -0.041603
0.1441 -0.040290
0.1222 -0.038915
0.0988 -0.037452
0.0732 -0.031718
0.0441 -0.025148
0.0078 -0.019606
-0.0419 -0.014776
-0.1115 -0.010473
-0.1950 -0.006873
-0.2744 -0.004247
-0.3399 -0.002517
-0.3908 -0.001435
-0.4292 -0.000777
-0.4578 -0.000388
-0.4786 -0.000165
-0.4934 -0.000043
-0.5034 0.000018
-0.5096 0.000043
-0.5128 0.000048
-0.5135 0.000042
-0.5120 0.000031
-0.5086 0.000019
-0.5036 0.000007
-0.4969 -0.000005
-0.4888 -0.000014
-0.4793 -0.000022
-0.4684 -0.000028
-0.4560 -0.000032
-0.4422 -0.000035
-0.4270 -0.000037
-0.4104 -0.000038
-0.3922 -0.000038
-0.3726 -0.000038
-0.3514 -0.000037
-0.3285 -0.000036
-0.3040 -0.000034
-0.2779 -0.000032
-0.2535 -0.015420
-0.2295 -0.016919
-0.2138 -0.053667
-0.2065 -0.055045
-0.2087 -0.054647
-0.2212 -0.052327
-0.2431 -0.064284
-0.2719 -0.057095
-0.3017 -0.049644
-0.3301 -0.042546
-0.3557 -0.036133
-0.3781 -0.030534
-0.3972 -0.025754
-0.4132 -0.021740
-0.4265 -0.018414
-0.4373 -0.015690
-0.4461 -0.013487
-0.4531 -0.011222
-0.4584 -0.008960
-0.4623 -0.007169
-0.4651 -0.005912
-0.4668 -0.004900
-0.4677 -0.003980
-0.4679 -0.003306
-0.4674 -0.002800
-0.4664 -0.002412
-0.4648 -0.002107
-0.4628 -0.001861
-0.4603 -0.001658
-0.4574 -0.001487
-0.4540 -0.001342
-0.4501 -0.001215
-0.4457 -0.001104
-0.4407 -0.001006
-0.4352 -0.000918
-0.4290 -0.000840
-0.4222 -0.000769
-0.4146 -0.000705
-0.4061 -0.000647
-0.3967 -0.000595
-0.3863 -0.000547
-0.3748 -0.000503
-0.3621 -0.000462
-0.3481 -0.000425
-0.3326 -0.000392
-0.3155 -0.000360
-0.2965 -0.000332
-0.2755 -0.000306
-0.2520 -0.000282
-0.2254 -0.000261
-0.1945 -0.000242
-0.1571 -0.000227
-0.1089 -0.000216
-0.0400 -0.000212
0.0642 -0.000218
0.1826 -0.000220
0.2673 -0.000207
0.3102 -0.000182
0.3211 -0.000154
0.3119 -0.000127
0.2915 -0.000104
0.2661 -0.000084
0.2391 -0.000068
0.2123 -0.000054
0.1865 -0.000044
0.1615 -0.000035
0.1371 -0.000028
0.1126 -0.000023
0.0867 -0.000018
0.0578 -0.000014
0.0226 -0.000011
-0.0246 -0.000009
-0.0916 -0.000006
-0.1764 -0.000004
-0.2609 -0.000003
-0.3318 -0.000001
-0.3870 -0.000001
-0.4288 -0.000000
-0.4598 -0.000000
-0.4825 -0.000000
-0.4988 -0.000000
-0.5102 0.000000
-0.5177 0.000000
-0.5221 0.000000
-0.5241 0.000000
-0.5240 0.000000
-0.5221 0.000000
-0.5188 0.000000
-0.5141 0.000000
-0.5082 0.000000
-0.5011 0.000000
-0.4929 -0.000000
-0.4835 -0.000000
-0.4730 -0.000000
-0.4613 -0.000000
-0.4485 -0.000000
-0.4343 -0.000000
-0.4189 -0.000000
-0.4022 -0.000000
-0.3841 -0.000000
-0.3645 -0.000000
-0.3434 -0.000000
-0.3207 -0.000000
-0.2963 -0.000000
-0.2706 -0.014325
-0.2464 -0.015835
-0.2229 -0.034619
-0.2089 -0.054566
-0.2027 -0.074331
-0.2090 -0.072772
-0.2252 -0.068756
-0.2489 -0.062847
-0.2766 -0.055927
-0.3050 -0.048809
-0.3321 -0.042048
-0.3564 -0.035946
-0.3777 -0.030616
-0.3959 -0.026064
-0.4112 -0.022240
-0.4238 -0.019069
-0.4342 -0.016470
-0.4426 -0.014368
-0.4492 -0.012213
-0.4543 -0.010275
-0.4581 -0.008326
-0.4606 -0.006933
-0.4621 -0.005563
-0.4628 -0.004561
-0.4628 -0.003814
-0.4621 -0.003242
-0.4609 -0.002795
-0.4591 -0.002437
-0.4569 -0.002144
-0.4543 -0.001901
-0.4512 -0.001695
-0.4476 -0.001519
-0.4436 -0.001366
-0.4391 -0.001232
-0.4340 -0.001114
-0.4284 -0.001009
-0.4222 -0.000916
-0.4153 -0.000833
-0.4077 -0.000758
-0.3993 -0.000691
-0.3899 -0.000631
-0.3796 -0.000576
-0.3683 -0.000526
-0.3557 -0.000482
-0.3419 -0.000441
-0.3266 -0.000404
-0.3098 -0.000370
-0.2911 -0.000339
-0.2704 -0.000311
-0.2472 -0.000286
-0.2208 -0.000264
-0.1901 -0.000245
-0.1527 -0.000229
-0.1043 -0.000218
-0.0349 -0.000214
0.0691 -0.000218
0.1845 -0.000219
0.2662 -0.000205
0.3074 -0.000181
0.3179 -0.000153
0.3089 -0.000126
0.2891 -0.000103
0.2643 -0.000083
0.2378 -0.000067
0.2116 -0.000054
0.1861 -0.000044
0.1615 -0.000035
0.1374 -0.000028
0.1130 -0.000023
0.0875 -0.000018
0.0589 -0.000014
0.0243 -0.000011
-0.0220 -0.000009
-0.0875 -0.000006
-0.1714 -0.000004
-0.2560 -0.000003
-0.3274 -0.000002
-0.3832 -0.000001
-0.4253 -0.000000
-0.4566 -0.000000
-0.4795 -0.000000
-0.4959 -0.000000
-0.5072 0.000000
-0.5147 0.000000
-0.5191 0.000000
-0.5209 0.000000
-0.5207 0.000000
-0.5187 0.000000
-0.5153 0.000000
-0.5104 0.000000
-0.5044 0.000000
-0.4972 -0.000000
-0.4888 -0.000000
-0.4794 -0.000000
-0.4688 -0.000000
-0.4571 -0.000000
-0.4441 -0.000000
-0.4300 -0.000000
-0.4146 -0.000000
-0.3980 -0.000000
-0.3799 -0.000000
-0.3605 -0.000000
-0.3396 -0.000000
-0.3171 -0.000000
-0.2929 -0.000000
-0.2684 -0.014463
-0.2449 -0.015931
-0.2238 -0.051764
-0.2123 -0.053923
-0.2094 -0.072653
-0.2184 -0.070429
-0.2364 -0.065950
-0.2607 -0.059888
-0.2879 -0.053098
-0.3151 -0.046294
-0.3405 -0.039935
-0.3632 -0.034251
-0.3829 -0.029319
-0.3996 -0.025126
-0.4137 -0.021616
-0.4252 -0.018714
-0.4347 -0.016344
-0.4423 -0.014351
-0.4483 -0.012341
-0.4528 -0.010399
-0.4561 -0.008544
-0.4582 -0.007198
-0.4593 -0.005842
-0.4597 -0.004837
-0.4593 -0.004073
-0.4584 -0.003480
-0.4569 -0.003008
-0.4550 -0.002624
-0.4526 -0.002307
-0.4498 -0.002040
-0.4466 -0.001812
-0.4430 -0.001616
-0.4390 -0.001445
-0.4345 -0.001296
-0.4295 -0.001164
-0.4240 -0.001048
-0.4180 -0.000945
-0.4113 -0.000854
-0.4039 -0.000772
-0.3957 -0.000700
-0.3868 -0.000635
-0.3769 -0.000576
-0.3659 -0.000524
-0.3539 -0.000477
-0.3406 -0.000435
-0.3259 -0.000396
-0.3097 -0.000362
-0.2918 -0.000331
-0.2719 -0.000302
-0.2496 -0.000277
-0.2243 -0.000255
-0.1949 -0.000236
-0.1597 -0.000219
-0.1152 -0.000207
-0.0539 -0.000201
0.0379 -0.000202
0.1520 -0.000204
0.2426 -0.000195
0.2935 -0.000174
0.3118 -0.000148
0.3084 -0.000124
0.2923 -0.000101
0.2697 -0.000082
0.2445 -0.000066
0.2188 -0.000053
0.1937 -0.000043
0.1693 -0.000035
0.1455 -0.000028
0.1217 -0.000022
0.0971 -0.000018
0.0703 -0.000014
0.0388 -0.000011
-0.0017 -0.000009
-0.0584 -0.000006
-0.1358 -0.000004
-0.2221 -0.000003
-0.2993 -0.000002
-0.3611 -0.000001
-0.4082 -0.000001
-0.4435 -0.000000
-0.4694 -0.000000
-0.4882 -0.000000
-0.5014 0.000000
-0.5103 0.000000
-0.5158 0.000000
-0.5186 0.000000
-0.5191 0.000000
-0.5178 0.000000
-0.5149 0.000000
-0.5107 0.000000
-0.5051 0.000000
-0.4984 -0.000000
-0.4905 -0.000000
-0.4815 -0.000000
-0.4713 -0.000000
-0.4601 -0.000000
-0.4477 -0.000000
-0.4340 -0.000000
-0.4192 -0.000000
-0.4030 -0.000000
-0.3855 -0.000000
-0.3666 -0.000000
-0.3463 -0.000000
-0.3244 -0.000000
-0.3010 -0.000000
-0.2767 -0.013940
-0.2542 -0.015346
-0.2330 -0.033349
-0.2214 -0.052226
-0.2168 -0.053108
-0.2240 -0.069022
-0.2401 -0.065027
-0.2625 -0.059432
-0.2881 -0.053031
-0.3142 -0.046521
-0.3387 -0.040373
-0.3609 -0.034838
-0.3801 -0.030008
-0.3966 -0.025886
-0.4104 -0.022423
-0.4219 -0.019553
-0.4313 -0.017203
-0.4389 -0.015304
-0.4449 -0.013337
-0.4494 -0.011540
-0.4527 -0.009575
-0.4549 -0.008089
-0.4562 -0.006736
-0.4566 -0.005569
-0.4564 -0.004678
-0.4555 -0.003983
-0.4541 -0.003429
-0.4523 -0.002979
-0.4500 -0.002607
-0.4473 -0.002295
-0.4441 -0.002031
-0.4406 -0.001804
-0.4366 -0.001607
-0.4321 -0.001437
-0.4272 -0.001287
-0.4217 -0.001156
-0.4157 -0.001040
-0.4090 -0.000937
-0.4016 -0.000847
-0.3934 -0.000766
-0.3843 -0.000694
-0.3743 -0.000629
-0.3633 -0.000572
-0.3511 -0.000520
-0.3377 -0.000474
-0.3228 -0.000432
-0.3064 -0.000394
-0.2882 -0.000360
-0.2679 -0.000329
-0.2451 -0.000302
-0.2192 -0.000278
-0.1890 -0.000257
-0.1525 -0.000240
-0.1054 -0.000227
-0.0388 -0.000222
0.0611 -0.000225
0.1755 -0.000227
0.2591 -0.000213
0.3029 -0.000188
0.3158 -0.000160
0.3087 -0.000132
0.2903 -0.000108
0.2665 -0.000087
0.2407 -0.000071
0.2149 -0.000057
0.1897 -0.000046
0.1654 -0.000037
0.1417 -0.000030
0.1178 -0.000024
0.0931 -0.000019
0.0658 -0.000015
0.0334 -0.000012
-0.0088 -0.000009
-0.0682 -0.000007
-0.1477 -0.000005
-0.2332 -0.000003
-0.3082 -0.000002
-0.3675 -0.000001
-0.4126 -0.000001
-0.4462 -0.000000
-0.4708 -0.000000
-0.4886 -0.000000
-0.5010 0.000000
-0.5092 0.000000
-0.5141 0.000000
-0.5164 0.000000
-0.5166 0.000000
-0.5149 0.000000
-0.5117 0.000000
-0.5070 0.000000
-0.5011 0.000000
-0.4941 -0.000000
-0.4858 -0.000000
-0.4764 -0.000000
-0.4659 -0.000000
-0.4542 -0.000000
-0.4414 -0.000000
-0.4272 -0.000000
-0.4118 -0.000000
-0.3951 -0.000000
-0.3770 -0.000000
-0.3575 -0.000000
-0.3364 -0.000000
-0.3138 -0.000000
-0.2897 -0.000000
-0.2663 -0.014593
-0.2439 -0.015995
-0.2270 -0.051160
-0.2183 -0.052811
-0.2195 -0.070132
-0.2312 -0.067248
-0.2506 -0.062415
-0.2748 -0.056372
-0.3007 -0.049899
-0.3259 -0.043586
-0.3491 -0.037784
-0.3696 -0.032654
-0.3872 -0.028234
-0.4021 -0.024497
-0.4146 -0.021383
-0.4248 -0.018820
-0.4331 -0.016738
-0.4398 -0.014932
-0.4449 -0.013104
-0.4488 -0.011072
-0.4514 -0.009277
-0.4530 -0.007857
-0.4537 -0.006462
-0.4536 -0.005402
-0.4529 -0.004579
-0.4517 -0.003925
-0.4499 -0.003396
-0.4477 -0.002960
-0.4451 -0.002596
-0.4421 -0.002289
-0.4386 -0.002025
-0.4347 -0.001798
-0.4304 -0.001602
-0.4256 -0.001430
-0.4202 -0.001280
-0.4143 -0.001147
-0.4078 -0.001031
-0.4007 -0.000928
-0.3927 -0.000837
-0.3840 -0.000756
-0.3743 -0.000684
-0.3636 -0.000620
-0.3518 -0.000563
-0.3387 -0.000511
-0.3243 -0.000465
-0.3083 -0.000424
-0.2906 -0.000387
-0.2708 -0.000353
-0.2486 -0.000324
-0.2234 -0.000297
-0.1941 -0.000275
-0.1588 -0.000256
-0.1138 -0.000242
-0.0508 -0.000235
0.0443 -0.000237
0.1605 -0.000241
0.2505 -0.000229
0.3000 -0.000204
0.3167 -0.000174
0.3119 -0.000144
0.2946 -0.000118
0.2712 -0.000096
0.2455 -0.000077
0.2195 -0.000062
0.1943 -0.000050
0.1699 -0.000040
0.1461 -0.000033
0.1225 -0.000026
0.0981 -0.000021
0.0716 -0.000017
0.0407 -0.000013
0.0013 -0.000010
-0.0535 -0.000008
-0.1290 -0.000005
-0.2146 -0.000003
-0.2924 -0.000002
-0.3548 -0.000001
-0.4026 -0.000001
-0.4383 -0.000000
-0.4645 -0.000000
-0.4835 -0.000000
-0.4968 -0.000000
-0.5057 0.000000
-0.5111 0.000000
-0.5138 0.000000
-0.5143 0.000000
-0.5128 0.000000
-0.5098 0.000000
-0.5053 0.000000
-0.4995 -0.000000
-0.4925 -0.000000
-0.4843 -0.000000
-0.4750 -0.000000
-0.4646 -0.000000
-0.4529 -0.000000
-0.4401 -0.000000
-0.4260 -0.000000
-0.4106 -0.000000
-0.3939 -0.000000
-0.3758 -0.000000
-0.3563 -0.000000
-0.3352 -0.000000
-0.3126 -0.000000
-0.2884 -0.000000
-0.2651 -0.014666
-0.2426 -0.016073
-0.2268 -0.051198
-0.2184 -0.052792
-0.2210 -0.069762
-0.2334 -0.066699
-0.2532 -0.061754
-0.2775 -0.055694
-0.3031 -0.049285
-0.3279 -0.043087
-0.3505 -0.037421
-0.3705 -0.032432
-0.3876 -0.028145
-0.4020 -0.024530
-0.4140 -0.021524
-0.4239 -0.019056
-0.4318 -0.017057
-0.4382 -0.015292
-0.4431 -0.013515
-0.4467 -0.011391
-0.4491 -0.009610
-0.4505 -0.008111
-0.4510 -0.006704
-0.4507 -0.005625
-0.4499 -0.004781
-0.4484 -0.004105
-0.4465 -0.003555
-0.4442 -0.003100
-0.4414 -0.002718
-0.4382 -0.002394
-0.4346 -0.002116
-0.4305 -0.001876
-0.4260 -0.001668
-0.4210 -0.001487
-0.4155 -0.001329
-0.4095 -0.001189
-0.4028 -0.001067
-0.3954 -0.000959
-0.3872 -0.000863
-0.3782 -0.000778
-0.3682 -0.000703
-0.3572 -0.000636
-0.3450 -0.000577
-0.3316 -0.000523
-0.3167 -0.000476
-0.3002 -0.000433
-0.2818 -0.000395
-0.2613 -0.000361
-0.2381 -0.000331
-0.2115 -0.000304
-0.1802 -0.000282
-0.1415 -0.000264
-0.0902 -0.000252
-0.0149 -0.000249
0.0949 -0.000255
0.2052 -0.000252
0.2779 -0.000232
0.3120 -0.000203
0.3181 -0.000171
0.3068 -0.000141
0.2861 -0.000114
0.2613 -0.000092
0.2352 -0.000075
0.2094 -0.000060
0.1845 -0.000048
0.1604 -0.000039
0.1369 -0.000031
0.1131 -0.000025
0.0883 -0.000020
0.0606 -0.000016
0.0273 -0.000013
-0.0167 -0.000010
-0.0789 -0.000007
-0.1599 -0.000005
-0.2441 -0.000003
-0.3162 -0.000002
-0.3728 -0.000001
-0.4157 -0.000001
-0.4475 -0.000000
-0.4707 -0.000000
-0.4873 -0.000000
-0.4987 -0.000000
-0.5061 0.000000
-0.5104 0.000000
-0.5121 0.000000
-0.5117 0.000000
-0.5095 0.000000
-0.5057 0.000000
-0.5006 0.000000
-0.4943 -0.000000
-0.4867 -0.000000
-0.4780 -0.000000
-0.4681 -0.000000
-0.4570 -0.000000
-0.4447 -0.000000
-0.4312 -0.000000
-0.4165 -0.000000
-0.4004 -0.000000
-0.3829 -0.000000
-0.3640 -0.000000
-0.3436 -0.000000
-0.3216 -0.000000
-0.2981 -0.000000
-0.2741 -0.014106
-0.2512 -0.015535
-0.2319 -0.050239
-0.2207 -0.052357
-0.2189 -0.070285
-0.2278 -0.068089
-0.2451 -0.063788
-0.2679 -0.058078
-0.2932 -0.051766
-0.3183 -0.045492
-0.3416 -0.039660
-0.3623 -0.034467
-0.3803 -0.029973
-0.3955 -0.026161
-0.4082 -0.022979
-0.4187 -0.020358
-0.4272 -0.018226
-0.4340 -0.016517
-0.4393 -0.014660
-0.4433 -0.012723
-0.4460 -0.010674
-0.4476 -0.009123
-0.4484 -0.007515
-0.4483 -0.006286
-0.4475 -0.005327
-0.4462 -0.004561
-0.4443 -0.003940
-0.4420 -0.003426
-0.4393 -0.002996
-0.4361 -0.002632
-0.4325 -0.002321
-0.4285 -0.002053
-0.4241 -0.001821
-0.4192 -0.001619
-0.4138 -0.001443
-0.4078 -0.001289
-0.4012 -0.001153
-0.3939 -0.001034
-0.3859 -0.000929
-0.3771 -0.000836
-0.3673 -0.000753
-0.3565 -0.000680
-0.3446 -0.000615
-0.3313 -0.000558
-0.3167 -0.000506
-0.3005 -0.000460
-0.2825 -0.000419
-0.2623 -0.000382
-0.2395 -0.000350
-0.2133 -0.000322
-0.1825 -0.000297
-0.1445 -0.000278
-0.0942 -0.000265
-0.0205 -0.000261
0.0885 -0.000268
0.2010 -0.000267
0.2765 -0.000247
0.3127 -0.000216
0.3199 -0.000182
0.3092 -0.000150
0.2886 -0.000122
0.2637 -0.000099
0.2375 -0.000080
0.2116 -0.000064
0.1866 -0.000052
0.1625 -0.000042
0.1390 -0.000034
0.1154 -0.000027
0.0908 -0.000022
0.0636 -0.000017
0.0312 -0.000014
-0.0111 -0.000010
-0.0707 -0.000008
-0.1498 -0.000005
-0.2343 -0.000003
-0.3080 -0.000002
-0.3661 -0.000001
-0.4103 -0.000001
-0.4430 -0.000000
-0.4670 -0.000000
-0.4841 -0.000000
-0.4959 -0.000000
-0.5037 0.000000
-0.5081 0.000000
-0.5100 0.000000
-0.5097 0.000000
-0.5076 0.000000
-0.5039 0.000000
-0.4989 -0.000000
-0.4925 -0.000000
-0.4850 -0.000000
-0.4763 -0.000000
-0.4664 -0.000000
-0.4553 -0.000000
-0.4430 -0.000000
-0.4295 -0.000000
-0.4148 -0.000000
-0.3986 -0.000000
-0.3812 -0.000000
-0.3622 -0.000000
-0.3418 -0.000000
-0.3198 -0.000000
-0.2961 -0.000000
-0.2723 -0.014216
-0.2493 -0.015653
-0.2309 -0.050425
-0.2199 -0.052503
-0.2195 -0.070144
-0.2291 -0.067759
-0.2469 -0.063317
-0.2700 -0.057556
-0.2952 -0.051272
-0.3199 -0.045082
-0.3428 -0.039360
-0.3630 -0.034285
-0.3805 -0.029906
-0.3953 -0.026202
-0.4077 -0.023115
-0.4178 -0.020577
-0.4260 -0.018519
-0.4326 -0.016874
-0.4377 -0.015041
-0.4414 -0.012999
-0.4439 -0.010968
-0.4454 -0.009333
-0.4459 -0.007718
-0.4457 -0.006476
-0.4447 -0.005500
-0.4432 -0.004717
-0.4412 -0.004077
-0.4388 -0.003547
-0.4359 -0.003101
-0.4326 -0.002723
-0.4289 -0.002399
-0.4248 -0.002120
-0.4202 -0.001878
-0.4152 -0.001667
-0.4096 -0.001484
-0.4035 -0.001323
-0.3967 -0.001182
-0.3893 -0.001058
-0.3811 -0.000949
-0.3721 -0.000853
-0.3621 -0.000768
-0.3510 -0.000693
-0.3388 -0.000626
-0.3253 -0.000566
-0.3104 -0.000514
-0.2937 -0.000467
-0.2752 -0.000425
-0.2544 -0.000387
-0.2308 -0.000355
-0.2034 -0.000326
-0.1708 -0.000302
-0.1296 -0.000284
-0.0732 -0.000273
0.0123 -0.000274
0.1292 -0.000281
0.2320 -0.000273
0.2937 -0.000247
0.3188 -0.000213
0.3189 -0.000178
0.3040 -0.000146
0.2814 -0.000119
0.2557 -0.000096
0.2294 -0.000077
0.2038 -0.000062
0.1791 -0.000050
0.1553 -0.000040
0.1319 -0.000033
0.1083 -0.000026
0.0832 -0.000021
0.0550 -0.000017
0.0205 -0.000013
-0.0257 -0.000010
-0.0909 -0.000007
-0.1732 -0.000005
-0.2556 -0.000003
-0.3248 -0.000002
-0.3787 -0.000001
-0.4192 -0.000001
-0.4492 -0.000000
-0.4709 -0.000000
-0.4863 -0.000000
-0.4968 -0.000000
-0.5035 0.000000
-0.5071 0.000000
-0.5082 0.000000
-0.5073 0.000000
-0.5046 0.000000
-0.5005 0.000000
-0.4950 -0.000000
-0.4882 -0.000000
-0.4802 -0.000000
-0.4711 -0.000000
-0.4608 -0.000000
-0.4493 -0.000000
-0.4366 -0.000000
-0.4227 -0.000000
-0.4074 -0.000000
-0.3909 -0.000000
-0.3729 -0.000000
-0.3534 -0.000000
-0.3324 -0.000000
-0.3098 -0.000000
-0.2856 -0.000000
-0.2626 -0.014824
-0.2414 -0.032306
-0.2259 -0.051367
-0.2191 -0.070227
-0.2235 -0.069145
-0.2370 -0.065783
-0.2575 -0.060688
-0.2816 -0.054666
-0.3065 -0.048441
-0.3302 -0.042509
-0.3516 -0.037142
-0.3704 -0.032449
-0.3864 -0.028441
-0.3998 -0.025076
-0.4109 -0.022292
-0.4200 -0.020019
-0.4273 -0.018189
-0.4331 -0.016557
-0.4375 -0.014853
-0.4406 -0.012498
-0.4425 -0.010693
