0.1000 -0.000000
0.0939 -0.000000
0.0880 -0.000000
0.0824 -0.000000
0.0769 -0.000000
0.0715 -0.000000
0.0663 -0.000000
0.0611 -0.000000
0.0560 -0.000000
0.0510 -0.000000
0.0459 -0.000000
0.0408 -0.000000
0.0356 -0.000000
0.0302 -0.000000
0.0245 -0.000000
0.0183 -0.000000
0.0115 -0.000000
0.0038 -0.000000
-0.0052 -0.000000
-0.0161 -0.000000
-0.0295 -0.000000
-0.0466 -0.000000
-0.0681 -0.000000
-0.0949 -0.000000
-0.1261 -0.000000
-0.1594 -0.000000
-0.1915 -0.000000
-0.2198 -0.000000
-0.2433 -0.000000
-0.2618 -0.000000
-0.2761 -0.000000
-0.2866 -0.000000
-0.2944 -0.000000
-0.2999 -0.000000
-0.3038 -0.000000
-0.3064 -0.000000
-0.3082 -0.000000
-0.3094 -0.000000
-0.3102 -0.000000
-0.3107 -0.000000
-0.3110 -0.000000
-0.3113 -0.000000
-0.3115 -0.000000
-0.3117 -0.000000
-0.3119 -0.000000
-0.3121 -0.000000
-0.3122 -0.000000
-0.3123 -0.000000
-0.3123 -0.000000
-0.3122 -0.000000
-0.3120 -0.000000
-0.3117 -0.000000
-0.3113 -0.000000
-0.3107 -0.000000
-0.3099 -0.000000
-0.3089 -0.000000
-0.3077 -0.000000
-0.3063 -0.000000
-0.3046 -0.000000
-0.3025 -0.000000
-0.2999 -0.000000
-0.2967 -0.000000
-0.2924 -0.000000
-0.2867 -0.000000
-0.2790 -0.000000
-0.2687 -0.000000
-0.2551 -0.000000
-0.2374 -0.000000
-0.2147 -0.000000
-0.1860 -0.000000
-0.1489 -0.000000
-0.0983 -0.000000
-0.0215 -0.000000
0.0968 -0.000000
0.2215 -0.000000
0.3101 -0.000000
0.3614 -0.000000
0.3844 -0.000000
0.3880 -0.000000
0.3792 -0.000000
0.3633 -0.000000
0.3438 -0.000000
0.3230 -0.000000
0.3025 -0.000000
0.2829 -0.000000
0.2646 -0.000000
0.2476 -0.000000
0.2320 -0.000000
0.2177 -0.000000
0.2045 -0.000000
0.1923 -0.000000
0.1810 -0.000000
0.1705 -0.000000
0.1606 -0.000000
0.1514 -0.000000
0.1427 -0.000000
0.1344 -0.000000
0.1266 -0.000000
0.1191 -0.000000
0.1120 -0.000000
0.1051 -0.000000
0.0898 -0.000043
0.0899 -0.000036
0.0901 -0.000030
0.0902 -0.000025
0.0904 -0.000021
0.0904 -0.000018
0.0904 -0.000015
0.0903 -0.000012
0.0901 -0.000010
0.0897 -0.000009
0.0893 -0.000007
0.0887 -0.000006
0.0881 -0.000005
0.0874 -0.000004
0.0866 -0.000003
0.0859 -0.000003
0.0852 -0.000002
0.0846 -0.000002
0.0840 -0.000002
0.0836 -0.000001
0.0833 -0.000001
0.0831 -0.000001
0.0831 -0.000001
0.0832 -0.000001
0.0835 -0.000001
0.0838 -0.000000
0.0842 -0.000000
0.0846 -0.000000
0.0851 -0.000000
0.0855 -0.000000
0.0859 -0.000000
0.0862 -0.000000
0.0863 -0.000000
0.0864 -0.000000
0.0862 -0.000000
0.0860 -0.000000
0.0855 -0.000000
0.0849 -0.000000
0.0841 -0.000000
0.0832 -0.000000
0.0822 -0.000000
0.0812 -0.000000
0.0801 -0.000000
0.0790 -0.000000
0.0780 -0.000000
0.0771 -0.000000
0.0762 -0.000000
0.0753 -0.000000
0.0746 -0.000000
0.0740 -0.000000
0.0735 -0.000000
0.0731 -0.000000
0.0727 -0.000000
0.0725 -0.000000
0.0723 -0.000000
0.0722 -0.000000
0.0721 -0.000000
0.0720 -0.000000
0.0720 -0.000000
0.0720 -0.000000
0.0720 -0.000000
0.0721 -0.000000
0.0723 -0.000000
0.0726 -0.000000
0.0733 -0.000000
0.0743 -0.000000
0.0757 -0.000000
0.0776 -0.000000
0.0799 -0.000000
0.0826 -0.000000
0.0856 -0.000000
0.0889 -0.000000
0.0921 -0.000000
0.0952 -0.000000
0.0981 -0.000000
0.1005 -0.000000
0.1026 -0.000000
0.1042 -0.000000
0.0691 -0.284796
0.0171 -0.258798
-0.0389 -0.230838
-0.1455 -0.355510
-0.2336 -0.267123
-0.2914 -0.209041
-0.3294 -0.256436
-0.3584 -0.212722
-0.3752 -0.249977
-0.3879 -0.224271
-0.3922 -0.215539
-0.3924 -0.215233
-0.3904 -0.219071
-0.3875 -0.224893
-0.3842 -0.231597
-0.3807 -0.238618
-0.3771 -0.245666
-0.3737 -0.252594
-0.3703 -0.259332
-0.3670 -0.265847
-0.3639 -0.272125
-0.3609 -0.278164
-0.3580 -0.283965
0.0898 -0.000043
0.0899 -0.000036
0.0901 -0.000030
0.0902 -0.000025
0.0904 -0.000021
0.0904 -0.000018
0.0904 -0.000015
0.0903 -0.000012
0.0901 -0.000010
0.0897 -0.000009
0.0893 -0.000007
0.0887 -0.000006
0.0881 -0.000005
0.0874 -0.000004
0.0866 -0.000003
0.0859 -0.000003
0.0852 -0.000002
0.0846 -0.000002
0.0840 -0.000002
0.0836 -0.000001
0.0833 -0.000001
0.0831 -0.000001
0.0831 -0.000001
0.0832 -0.000001
0.0835 -0.000001
0.0838 -0.000000
0.0842 -0.000000
0.0846 -0.000000
0.0851 -0.000000
0.0855 -0.000000
0.0859 -0.000000
0.0862 -0.000000
0.0863 -0.000000
0.0864 -0.000000
0.0862 -0.000000
0.0860 -0.000000
0.0855 -0.000000
0.0849 -0.000000
0.0841 -0.000000
0.0832 -0.000000
0.0822 -0.000000
0.0812 -0.000000
0.0801 -0.000000
0.0790 -0.000000
0.0780 -0.000000
0.0771 -0.000000
0.0762 -0.000000
0.0753 -0.000000
0.0746 -0.000000
0.0740 -0.000000
0.0735 -0.000000
0.0731 -0.000000
0.0727 -0.000000
0.0725 -0.000000
0.0723 -0.000000
0.0722 -0.000000
0.0721 -0.000000
0.0720 -0.000000
0.0720 -0.000000
0.0720 -0.000000
0.0720 -0.000000
0.0721 -0.000000
0.0723 -0.000000
0.0726 -0.000000
0.0733 -0.000000
0.0743 -0.000000
0.0757 -0.000000
0.0776 -0.000000
0.0799 -0.000000
0.0826 -0.000000
0.0856 -0.000000
0.0889 -0.000000
0.0921 -0.000000
0.0952 -0.000000
0.0981 -0.000000
0.1005 -0.000000
0.1026 -0.000000
0.1042 -0.000000
0.0691 -0.284796
0.0171 -0.258798
-0.0389 -0.230838
-0.1455 -0.355510
-0.2336 -0.267123
-0.2914 -0.209041
-0.3294 -0.256436
-0.3584 -0.212722
-0.3752 -0.249977
-0.3879 -0.224271
-0.3922 -0.215539
-0.3924 -0.215233
-0.3904 -0.219071
-0.3875 -0.224893
-0.3842 -0.231597
-0.3807 -0.238618
-0.3771 -0.245666
-0.3737 -0.252594
-0.3703 -0.259332
-0.3670 -0.265847
-0.3639 -0.272125
-0.3609 -0.278164
-0.3580 -0.283965
