0.1143 -0.0258
0.1142 -0.0258
0.1140 -0.0257
0.1138 -0.0257
0.1135 -0.0256
0.1132 -0.0255
0.1129 -0.0254
0.1125 -0.0242
0.1124 -0.0220
0.1125 -0.0197
0.1128 -0.0178
0.2574 -0.0290
0.2466 -0.0262
0.2344 -0.0237
0.2196 -0.0378
0.2050 -0.0345
0.1914 -0.0316
0.1788 -0.0291
0.1670 -0.0268
0.1558 -0.0248
0.1452 -0.0229
0.1351 -0.0211
0.1254 -0.0195
0.1160 -0.0179
0.1069 -0.0164
0.0980 -0.0150
0.0891 -0.0136
0.0803 -0.0122
0.0714 -0.0108
0.0622 -0.0094
0.0527 -0.0080
0.0426 -0.0064
0.0316 -0.0048
0.0193 -0.0029
0.0051 -0.0008
-0.0117 0.0017
-0.0324 0.0048
-0.0581 0.0081
-0.0896 0.0115
-0.1260 0.0134
-0.1641 0.0144
-0.1996 0.0145
-0.2297 0.0138
-0.2534 0.0126
-0.2711 0.0111
-0.2834 0.0096
-0.2913 0.0082
-0.2957 0.0069
-0.2971 0.0057
-0.2960 0.0269
-0.2892 0.0255
-0.2815 0.0242
-0.2731 0.0229
-0.2640 0.0218
-0.2543 0.0206
-0.2440 0.0195
-0.2330 0.0185
-0.2214 0.0174
-0.2090 0.0163
-0.1956 0.0151
-0.1811 0.0139
-0.1649 0.0126
-0.1464 0.0112
-0.1243 0.0095
-0.0965 0.0073
-0.0587 0.0045
-0.0038 0.0003
0.0729 -0.0054
0.1544 -0.0116
0.2155 -0.0323
0.2500 -0.0375
0.2657 -0.0392
0.2690 -0.0365
0.2648 -0.0333
0.2560 -0.0300
0.2447 -0.0270
0.2323 -0.0243
0.2194 -0.0219
0.2066 -0.0198
0.1918 -0.0321
0.1782 -0.0293
0.1657 -0.0269
0.1541 -0.0247
0.1431 -0.0227
0.1327 -0.0208
0.1227 -0.0191
0.1130 -0.0175
0.1036 -0.0160
0.0944 -0.0145
0.0852 -0.0130
0.0759 -0.0116
0.0666 -0.0101
0.0569 -0.0086
0.0467 -0.0071
0.0357 -0.0054
0.0236 -0.0036
0.0097 -0.0015
-0.0067 0.0010
-0.0266 0.0040
-0.0514 0.0077
-0.0818 0.0118
-0.1174 0.0155
-0.1551 0.0190
-0.1909 0.0203
-0.2218 0.0195
-0.2467 0.0179
-0.2655 0.0159
-0.2791 0.0139
-0.2883 0.0118
-0.2939 0.0100
-0.2966 0.0083
-0.2969 0.0069
