-0.3138 -0.069847
-0.3336 -0.124945
-0.3513 -0.111634
-0.3650 -0.101307
-0.3754 -0.093542
-0.3829 -0.087899
-0.3881 -0.083938
-0.3964 -0.116624
-0.4042 -0.107794
-0.4096 -0.101764
-0.4133 -0.097565
-0.4160 -0.094536
-0.4180 -0.092305
-0.4194 -0.090696
-0.4203 -0.089622
-0.4209 -0.089022
-0.4210 -0.088835
-0.4209 -0.088996
-0.4205 -0.089444
-0.4194 -0.085543
-0.4175 -0.083137
-0.4150 -0.081855
-0.4121 -0.080848
-0.4084 -0.075922
-0.4036 -0.072524
-0.3981 -0.070202
-0.3921 -0.068693
-0.3855 -0.067840
-0.3782 -0.062676
-0.3692 -0.056139
-0.3587 -0.050598
-0.3468 -0.045774
-0.3335 -0.041500
-0.3188 -0.037670
-0.3028 -0.034213
-0.2853 -0.031076
-0.2663 -0.028222
-0.2456 -0.025626
-0.2231 -0.023274
-0.1992 -0.133878
-0.1950 -0.132204
-0.1904 -0.131192
-0.1867 -0.130242
-0.1859 -0.128487
-0.1891 -0.125417
-0.1965 -0.121023
-0.2073 -0.115586
-0.2204 -0.109505
-0.2347 -0.103182
-0.2493 -0.096954
-0.2633 -0.091073
-0.2764 -0.085700
-0.2881 -0.080926
-0.2983 -0.076790
-0.3070 -0.073296
-0.3142 -0.070424
-0.3199 -0.068129
-0.3244 -0.066353
-0.3276 -0.065032
-0.3299 -0.062743
-0.3301 -0.052335
-0.3280 -0.044244
-0.3242 -0.037769
-0.3190 -0.032460
-0.3130 -0.028012
-0.3064 -0.024221
-0.2994 -0.020954
-0.2923 -0.018121
-0.2851 -0.015659
-0.2778 -0.013518
-0.2706 -0.011660
-0.2632 -0.010050
-0.2558 -0.008657
-0.2481 -0.007456
-0.2402 -0.006423
-0.2317 -0.005538
-0.2226 -0.004782
-0.2125 -0.004139
-0.2010 -0.003595
-0.1878 -0.003135
-0.1722 -0.002748
-0.1538 -0.002424
-0.1317 -0.002153
-0.1041 -0.001933
-0.0668 -0.001766
-0.0123 -0.001660
0.0673 -0.001612
0.1250 -0.235720
0.1575 -0.247781
0.1751 -0.254246
0.1802 -0.256013
0.1762 -0.254387
0.1662 -0.250499
0.1522 -0.245157
0.1356 -0.238860
0.1172 -0.231853
0.0968 -0.224163
0.0741 -0.215599
0.0477 -0.205686
0.0152 -0.193492
-0.0278 -0.177389
-0.0863 -0.155467
-0.1583 -0.128489
-0.2296 -0.101673
-0.2889 -0.079379
-0.3336 -0.062547
-0.3656 -0.050494
-0.3875 -0.039175
-0.4007 -0.028579
-0.4074 -0.022006
-0.4095 -0.017784
-0.4079 -0.014952
-0.4035 -0.012955
-0.3966 -0.011469
-0.3877 -0.010301
-0.3769 -0.009338
-0.3643 -0.008512
-0.3499 -0.007783
-0.3338 -0.007126
-0.3220 -0.073059
-0.3150 -0.074762
-0.3069 -0.077054
-0.3099 -0.146430
-0.3177 -0.139787
-0.3272 -0.132081
-0.3482 -0.172716
-0.3669 -0.151187
-0.3826 -0.133201
-0.3953 -0.118563
-0.4054 -0.107005
-0.4131 -0.098189
-0.4188 -0.091717
-0.4227 -0.087177
-0.4254 -0.084175
-0.4269 -0.082370
-0.4277 -0.081478
-0.4278 -0.081274
-0.4275 -0.081585
-0.4269 -0.082285
-0.4259 -0.081477
-0.4241 -0.079081
-0.4216 -0.077888
-0.4187 -0.077520
-0.4150 -0.072938
-0.4103 -0.069794
-0.4049 -0.065108
-0.3980 -0.058286
-0.3899 -0.052546
-0.3808 -0.047528
-0.3707 -0.043038
-0.3598 -0.038968
-0.3482 -0.035254
-0.3357 -0.031859
-0.3224 -0.028759
-0.3082 -0.025937
-0.2930 -0.023376
-0.2767 -0.021065
-0.2589 -0.018992
-0.2394 -0.017147
-0.2175 -0.015522
-0.1923 -0.014117
-0.1621 -0.012943
-0.1236 -0.012040
-0.0691 -0.011506
0.0169 -0.011520
0.1365 -0.011850
0.2421 -0.011547
0.3073 -0.010496
0.3047 -0.310633
0.2705 -0.296061
0.2364 -0.281874
0.2043 -0.268669
0.1743 -0.256540
0.1462 -0.245288
0.1191 -0.234550
0.0918 -0.223834
0.0624 -0.212457
0.0282 -0.199360
-0.0154 -0.182794
-0.0745 -0.160449
-0.1492 -0.132277
-0.2254 -0.103538
-0.2894 -0.079370
-0.3381 -0.061002
-0.3733 -0.047699
-0.3981 -0.038358
-0.4149 -0.031997
-0.4259 -0.027853
-0.4325 -0.025356
-0.4355 -0.020293
-0.4354 -0.016785
-0.4331 -0.014369
-0.4291 -0.012597
-0.4236 -0.011214
-0.4170 -0.010077
-0.4093 -0.009103
-0.4007 -0.008245
-0.3911 -0.007475
-0.3805 -0.006778
-0.3690 -0.006143
-0.3565 -0.005564
-0.3429 -0.005038
-0.3281 -0.004559
-0.3118 -0.004125
-0.2941 -0.003733
-0.2745 -0.003379
-0.2571 -0.094095
-0.2512 -0.095826
-0.2436 -0.098311
-0.2403 -0.196685
-0.2543 -0.185803
-0.2747 -0.254857
-0.3052 -0.220278
-0.3314 -0.190547
-0.3534 -0.165533
-0.3715 -0.145002
-0.3860 -0.128632
-0.3971 -0.115983
-0.4055 -0.106510
-0.4116 -0.099646
-0.4158 -0.094854
-0.4186 -0.091668
-0.4203 -0.089704
-0.4212 -0.088661
-0.4215 -0.088311
-0.4214 -0.088486
-0.4208 -0.087319
-0.4192 -0.084304
-0.4170 -0.082669
-0.4142 -0.081970
-0.4109 -0.078883
-0.4065 -0.074852
-0.4010 -0.067069
-0.3939 -0.060027
-0.3856 -0.054056
-0.3762 -0.048816
-0.3661 -0.044120
-0.3551 -0.039865
-0.3434 -0.035990
-0.3309 -0.032456
-0.3175 -0.029238
-0.3034 -0.026316
-0.2882 -0.023675
-0.2718 -0.021300
-0.2540 -0.019178
-0.2343 -0.017297
-0.2121 -0.015650
-0.1864 -0.014234
-0.1554 -0.013061
-0.1155 -0.012170
-0.0592 -0.011647
0.0267 -0.011619
0.1398 -0.011788
0.2367 -0.011343
0.2786 -0.302016
0.2641 -0.294818
0.2428 -0.285298
0.2185 -0.274902
0.1934 -0.264444
0.1685 -0.254275
0.1441 -0.244447
0.1199 -0.234810
0.0951 -0.225060
0.0684 -0.214700
0.0377 -0.202919
-0.0006 -0.188340
-0.0521 -0.168860
-0.1202 -0.143160
-0.1961 -0.114555
-0.2642 -0.088871
-0.3177 -0.068685
-0.3571 -0.053797
-0.3852 -0.043200
-0.4046 -0.035880
-0.4175 -0.031019
-0.4252 -0.024631
-0.4286 -0.019428
-0.4288 -0.016012
-0.4266 -0.013650
-0.4224 -0.011923
-0.4167 -0.010590
-0.4095 -0.009508
-0.4011 -0.008595
-0.3914 -0.007799
-0.3806 -0.007092
-0.3686 -0.006452
-0.3557 -0.005860
-0.3422 -0.005298
-0.3285 -0.004760
-0.3151 -0.004245
-0.3021 -0.003756
-0.2899 -0.003297
-0.2790 -0.002868
-0.2697 -0.002472
-0.2620 -0.002112
-0.2559 -0.001791
-0.2513 -0.001509
-0.2479 -0.001265
-0.2454 -0.001056
-0.2437 -0.000879
-0.2425 -0.000730
-0.2569 -0.091786
-0.2731 -0.085586
-0.2872 -0.080185
-0.2993 -0.075557
-0.3097 -0.071601
-0.3186 -0.068227
-0.3261 -0.065377
-0.3323 -0.063004
-0.3374 -0.061064
-0.3415 -0.059513
-0.3447 -0.058305
-0.3471 -0.057398
-0.3488 -0.056756
-0.3498 -0.056353
-0.3503 -0.056176
-0.3501 -0.056217
-0.3494 -0.056476
-0.3481 -0.056955
-0.3463 -0.057654
-0.3438 -0.058571
-0.3408 -0.059700
-0.3366 -0.053048
-0.3301 -0.046041
-0.3219 -0.040323
-0.3120 -0.035540
-0.3007 -0.031466
-0.2880 -0.027953
-0.2738 -0.024900
-0.2581 -0.022237
-0.2407 -0.019910
-0.2327 -0.117386
-0.2499 -0.201072
-0.2651 -0.186797
-0.2782 -0.174741
-0.2908 -0.163509
-0.3037 -0.152423
-0.3167 -0.141549
-0.3292 -0.131268
-0.3407 -0.121957
-0.3508 -0.113852
-0.3594 -0.107029
-0.3664 -0.101444
-0.3720 -0.096981
-0.3764 -0.093497
-0.3797 -0.090838
-0.3822 -0.088865
-0.3851 -0.129736
-0.3933 -0.120410
-0.3989 -0.114009
-0.4026 -0.109772
-0.4049 -0.107016
-0.4053 -0.096331
-0.4033 -0.088102
-0.3998 -0.082430
-0.3953 -0.078360
-0.3903 -0.075346
-0.3850 -0.073073
-0.3796 -0.071354
-0.3741 -0.070077
-0.3687 -0.069174
-0.3633 -0.068600
-0.3579 -0.068326
-0.3525 -0.068325
-0.3472 -0.068579
-0.3418 -0.069068
-0.3364 -0.069781
-0.3306 -0.065701
-0.3229 -0.056838
-0.3134 -0.049580
-0.3022 -0.043502
-0.2894 -0.038333
-0.2750 -0.033894
-0.2589 -0.030065
-0.2408 -0.026760
-0.2201 -0.023915
-0.1962 -0.021487
-0.1677 -0.019455
-0.1319 -0.017836
-0.0831 -0.016717
-0.0086 -0.016304
0.1024 -0.016545
0.2148 -0.016263
0.2915 -0.014918
0.3308 -0.012969
0.3420 -0.010885
0.3349 -0.008937
0.3172 -0.007243
0.2945 -0.005830
0.2701 -0.004679
0.2458 -0.003751
0.2225 -0.003009
0.2004 -0.002415
0.1796 -0.001940
0.1598 -0.001560
0.1408 -0.001254
0.1221 -0.001008
0.1034 -0.000810
0.0838 -0.000649
0.0626 -0.000518
0.0381 -0.000410
0.0080 -0.000321
-0.0320 -0.000245
-0.0866 -0.000179
-0.1546 -0.000124
-0.2239 -0.000082
-0.2835 -0.000053
-0.3299 -0.000035
-0.3642 -0.000023
-0.3887 -0.000016
-0.4053 -0.000011
-0.4158 -0.000008
-0.4216 -0.000006
-0.4235 -0.000005
-0.4224 -0.000004
-0.4186 -0.000004
-0.4126 -0.000003
-0.4046 -0.000003
-0.3948 -0.000003
-0.3833 -0.000002
-0.3707 -0.000002
-0.3578 -0.000002
-0.3452 -0.000002
-0.3335 -0.000002
-0.3293 -0.064036
-0.3315 -0.063200
-0.3338 -0.062333
-0.3447 -0.116594
-0.3569 -0.107420
-0.3674 -0.099513
-0.3779 -0.137508
-0.3930 -0.120506
-0.4043 -0.107810
-0.4125 -0.098464
-0.4185 -0.091749
-0.4226 -0.087092
-0.4253 -0.084036
-0.4269 -0.082221
-0.4277 -0.081357
-0.4278 -0.081215
-0.4275 -0.081608
-0.4268 -0.082392
-0.4258 -0.083455
-0.4247 -0.084720
-0.4234 -0.084781
-0.4209 -0.077971
-0.4171 -0.073383
-0.4124 -0.070198
-0.4070 -0.067976
-0.4011 -0.066469
-0.3948 -0.065534
-0.3882 -0.065085
-0.3807 -0.059126
-0.3718 -0.053094
-0.3614 -0.047912
-0.3498 -0.043356
-0.3370 -0.039293
-0.3230 -0.035642
-0.3076 -0.032353
-0.2907 -0.029391
-0.2721 -0.026733
-0.2513 -0.024364
-0.2277 -0.022276
-0.2003 -0.020472
-0.1673 -0.018975
-0.1251 -0.017855
-0.0652 -0.017288
0.0294 -0.017569
0.1561 -0.018189
0.2622 -0.017661
0.3253 -0.015981
0.3513 -0.013772
0.3515 -0.011507
0.3362 -0.009438
0.3130 -0.007664
0.2869 -0.006195
0.2605 -0.005000
0.2298 -0.277984
0.1639 -0.252217
0.1123 -0.232154
0.0656 -0.214095
0.0155 -0.194882
-0.0475 -0.170984
-0.1285 -0.140346
-0.2145 -0.107831
-0.2871 -0.080365
-0.3414 -0.059832
-0.3798 -0.045288
-0.4062 -0.035323
-0.4237 -0.028731
-0.4346 -0.024602
-0.4407 -0.022281
-0.4433 -0.021303
-0.4431 -0.021338
-0.4409 -0.022155
-0.4371 -0.023593
-0.4319 -0.025538
-0.4254 -0.025006
-0.4171 -0.022973
-0.4071 -0.021270
-0.3957 -0.019753
-0.3828 -0.018348
-0.3685 -0.017022
-0.3527 -0.015761
-0.3354 -0.014561
-0.3165 -0.013425
-0.2957 -0.012356
-0.2730 -0.011355
-0.2488 -0.010389
-0.2411 -0.105923
-0.2458 -0.197985
-0.2636 -0.183004
-0.2818 -0.168030
-0.3003 -0.153093
-0.3187 -0.138516
-0.3359 -0.124966
-0.3512 -0.113035
-0.3641 -0.103033
-0.3745 -0.094989
-0.3825 -0.088749
-0.3886 -0.084070
-0.3930 -0.080686
-0.3960 -0.078350
-0.3979 -0.076852
-0.3989 -0.076024
-0.3992 -0.075736
-0.3985 -0.070400
-0.3963 -0.066446
-0.3932 -0.063775
-0.3893 -0.062025
-0.3849 -0.060965
-0.3794 -0.053340
-0.3724 -0.047125
-0.3642 -0.041875
-0.3551 -0.037330
-0.3450 -0.033333
-0.3342 -0.029785
-0.3226 -0.026621
-0.3101 -0.023793
-0.2967 -0.021268
-0.2824 -0.019018
-0.2668 -0.017020
-0.2497 -0.015256
-0.2306 -0.013708
-0.2090 -0.012366
-0.1837 -0.011225
-0.1527 -0.010293
-0.1118 -0.009605
-0.0722 -0.169157
-0.0307 -0.183895
0.0305 -0.206329
0.1043 -0.233625
0.1658 -0.256193
0.2016 -0.268914
0.2145 -0.272951
0.2118 -0.271112
0.1996 -0.265825
0.1823 -0.258735
0.1626 -0.250802
0.1068 -0.457288
0.0473 -0.412239
-0.0193 -0.362062
-0.1025 -0.282451
-0.1914 -0.202380
-0.2668 -0.142173
-0.3227 -0.101261
-0.3618 -0.074441
-0.3885 -0.057067
-0.4061 -0.045909
-0.4173 -0.038861
-0.4239 -0.034571
-0.4271 -0.032170
-0.4277 -0.031094
-0.4264 -0.030975
-0.4236 -0.031571
-0.4196 -0.032720
-0.4146 -0.034312
-0.4086 -0.036277
-0.4020 -0.038564
-0.3940 -0.034683
-0.3842 -0.031328
-0.3729 -0.028441
-0.3603 -0.025874
-0.3463 -0.023544
-0.3311 -0.021404
-0.3146 -0.019432
-0.2968 -0.017617
-0.2776 -0.015954
-0.2566 -0.014443
-0.2334 -0.013087
-0.2074 -0.011880
-0.1880 -0.127483
-0.1837 -0.127386
-0.1826 -0.126319
-0.1860 -0.123745
-0.1943 -0.117457
-0.2046 -0.094745
-0.2150 -0.076300
-0.2252 -0.061427
-0.2347 -0.049511
-0.2432 -0.040005
-0.2506 -0.032435
-0.2568 -0.026402
-0.2618 -0.021584
-0.2657 -0.017722
-0.2686 -0.014616
-0.2704 -0.012107
-0.2712 -0.010072
-0.2710 -0.008413
-0.2700 -0.007054
-0.2682 -0.005936
-0.2656 -0.005010
-0.2624 -0.004241
-0.2585 -0.003598
-0.2540 -0.003059
-0.2490 -0.002606
-0.2434 -0.002224
-0.2372 -0.001902
-0.2304 -0.001629
-0.2230 -0.001397
-0.2147 -0.001201
-0.2056 -0.001035
-0.1955 -0.000894
-0.1839 -0.000775
-0.1703 -0.000674
-0.1541 -0.000591
-0.1338 -0.000522
-0.1069 -0.000468
-0.0685 -0.000429
-0.0089 -0.000407
0.0812 -0.000402
0.1807 -0.000393
0.2565 -0.000365
0.3000 -0.000323
0.2532 -0.565765
0.1806 -0.511095
0.1227 -0.467570
0.0699 -0.427912
0.0130 -0.385285
-0.0585 -0.331778
-0.1475 -0.265124
-0.2350 -0.199389
-0.3042 -0.147293
-0.3538 -0.109972
-0.3878 -0.084374
-0.4105 -0.067298
-0.4251 -0.056244
-0.4342 -0.049407
-0.4393 -0.045516
-0.4418 -0.043688
-0.4423 -0.043306
-0.4414 -0.043942
-0.4396 -0.045299
-0.4371 -0.046218
-0.4335 -0.044673
-0.4291 -0.044018
-0.4239 -0.043966
-0.4179 -0.040264
-0.4107 -0.036461
-0.4024 -0.033153
-0.3933 -0.030181
-0.3833 -0.027462
-0.3727 -0.024951
-0.3613 -0.022625
-0.3492 -0.020471
-0.3365 -0.018482
-0.3230 -0.016653
-0.3087 -0.014980
-0.2936 -0.013456
-0.2775 -0.012078
-0.2602 -0.010837
-0.2414 -0.009729
-0.2496 -0.195789
-0.2632 -0.183861
-0.2731 -0.175202
-0.2816 -0.167834
-0.2916 -0.159528
-0.3039 -0.149626
-0.3176 -0.138801
-0.3313 -0.128088
-0.3439 -0.118300
-0.3548 -0.109884
-0.3637 -0.102974
-0.3708 -0.097513
-0.3762 -0.093347
-0.3801 -0.090293
-0.3828 -0.088174
-0.3845 -0.086834
-0.3854 -0.086146
-0.3855 -0.086004
-0.3851 -0.086327
-0.3841 -0.087049
-0.3825 -0.085010
-0.3789 -0.074645
-0.3729 -0.065432
-0.3650 -0.058059
-0.3555 -0.051897
-0.3446 -0.046585
-0.3327 -0.041903
-0.3197 -0.037712
-0.3058 -0.033917
-0.2912 -0.030458
-0.2759 -0.027297
-0.2600 -0.024415
-0.2434 -0.021796
-0.2262 -0.019426
-0.2083 -0.017285
-0.1896 -0.015362
-0.1696 -0.013654
-0.1475 -0.012166
-0.1214 -0.010911
-0.0880 -0.009915
-0.0403 -0.009236
0.0326 -0.008932
0.1281 -0.008798
0.2140 -0.008357
0.2713 -0.007543
0.3012 -0.006546
0.3104 -0.005531
0.3054 -0.004591
0.2916 -0.003769
0.2731 -0.003074
0.2523 -0.002498
0.2311 -0.002027
0.2101 -0.001645
0.1899 -0.001334
0.1704 -0.001083
0.1516 -0.000879
0.0991 -0.225566
0.0411 -0.203630
-0.0249 -0.178815
-0.1091 -0.147185
-0.2021 -0.112204
-0.2819 -0.082163
-0.3411 -0.059841
-0.3825 -0.044224
-0.4105 -0.033655
-0.4289 -0.026735
-0.4403 -0.022420
-0.4468 -0.019974
-0.4497 -0.018880
-0.4499 -0.018781
-0.4482 -0.019431
-0.4449 -0.020657
-0.4404 -0.022340
-0.4349 -0.024395
-0.4286 -0.026760
-0.4215 -0.026962
-0.4129 -0.024713
-0.4031 -0.022740
-0.3922 -0.020923
-0.3803 -0.019198
-0.3678 -0.017539
-0.3547 -0.015933
-0.3415 -0.014372
-0.3286 -0.012857
-0.3161 -0.011404
-0.3131 -0.079669
-0.3224 -0.140837
-0.3338 -0.130521
-0.3431 -0.122271
-0.3517 -0.114875
-0.3600 -0.107815
-0.3680 -0.101186
-0.3753 -0.095258
-0.3815 -0.090228
-0.3866 -0.086162
-0.3905 -0.083012
-0.3934 -0.080658
-0.3955 -0.078964
-0.3968 -0.077818
-0.3977 -0.077130
-0.3980 -0.076835
-0.3978 -0.076881
-0.3973 -0.077230
-0.3964 -0.077849
-0.3952 -0.078712
-0.3938 -0.079795
-0.3913 -0.071679
-0.3865 -0.062483
-0.3800 -0.055203
-0.3720 -0.049166
-0.3628 -0.043987
-0.3527 -0.039446
-0.3417 -0.035405
-0.3299 -0.031773
-0.3174 -0.028486
-0.3043 -0.025499
-0.2906 -0.022782
-0.2764 -0.020315
-0.2617 -0.018084
-0.2463 -0.016076
-0.2302 -0.014280
-0.2130 -0.012685
-0.1943 -0.011284
-0.1733 -0.010070
-0.1486 -0.009043
-0.1178 -0.008213
-0.0758 -0.007612
-0.0120 -0.007310
0.0841 -0.007304
0.1609 -0.254572
0.2007 -0.268772
0.2201 -0.275247
0.2228 -0.275473
0.2140 -0.271433
0.1982 -0.264869
0.1787 -0.257013
0.1575 -0.248583
0.1238 -0.469866
0.0601 -0.421680
-0.0073 -0.370903
-0.0917 -0.307535
-0.1875 -0.235461
-0.2709 -0.172566
-0.3325 -0.126186
-0.3748 -0.094264
-0.4029 -0.073055
-0.4210 -0.059408
-0.4321 -0.051019
-0.4384 -0.046281
-0.4413 -0.044089
-0.4415 -0.040852
-0.4396 -0.038979
-0.4360 -0.038406
-0.4313 -0.038686
-0.4256 -0.039563
-0.4192 -0.040888
-0.4121 -0.042576
-0.4044 -0.043972
-0.3954 -0.039857
-0.3848 -0.036369
-0.3727 -0.033280
-0.3594 -0.030469
-0.3447 -0.027875
-0.3288 -0.025467
-0.3115 -0.023231
-0.2927 -0.021164
-0.2723 -0.019262
-0.2501 -0.017524
-0.2359 -0.114375
-0.2382 -0.209041
-0.2486 -0.198623
-0.2579 -0.189681
-0.2676 -0.180738
-0.2796 -0.170401
-0.2941 -0.158442
-0.3099 -0.145674
-0.3252 -0.127039
-0.3378 -0.108494
-0.3475 -0.094589
-0.3547 -0.084227
-0.3598 -0.076548
-0.3631 -0.070888
-0.3649 -0.066744
-0.3656 -0.063743
-0.3655 -0.061612
-0.3645 -0.057181
-0.3617 -0.048720
-0.3573 -0.041979
-0.3516 -0.036449
-0.3449 -0.031807
-0.3374 -0.027846
-0.3293 -0.024426
-0.3205 -0.021449
-0.3111 -0.018844
-0.3013 -0.016558
-0.2909 -0.014548
-0.2800 -0.012781
-0.2686 -0.011228
-0.2565 -0.009866
-0.2437 -0.008674
-0.2299 -0.007633
-0.2149 -0.006727
-0.1987 -0.005938
-0.1807 -0.005255
-0.1604 -0.004668
-0.1363 -0.004174
-0.1059 -0.003776
-0.0640 -0.003488
-0.0002 -0.003338
0.0927 -0.003305
0.1894 -0.003211
0.2598 -0.002957
0.2997 -0.002600
0.3149 -0.002214
0.3128 -0.001844
0.3000 -0.001516
0.2813 -0.001236
0.2599 -0.001004
0.2378 -0.000814
0.2161 -0.000660
0.1818 -0.256437
0.1225 -0.234030
0.0714 -0.214775
0.0185 -0.194874
-0.0468 -0.170403
-0.1301 -0.139149
-0.2176 -0.106277
-0.2906 -0.078825
-0.3445 -0.058498
-0.3824 -0.044218
-0.4082 -0.034508
-0.4251 -0.028129
-0.4357 -0.024148
-0.4417 -0.021892
-0.4443 -0.020881
-0.4446 -0.020774
-0.4431 -0.021329
-0.4403 -0.022371
-0.4366 -0.023776
-0.4321 -0.025454
-0.4270 -0.025080
-0.4207 -0.022514
-0.4134 -0.020315
-0.4054 -0.018348
-0.3969 -0.016548
-0.3878 -0.014884
-0.3784 -0.013341
-0.3686 -0.011915
-0.3586 -0.010603
-0.3484 -0.009403
-0.3379 -0.008312
-0.3272 -0.007326
-0.3257 -0.071461
-0.3259 -0.070352
-0.3315 -0.130485
-0.3393 -0.123729
-0.3450 -0.118860
-0.3545 -0.165867
-0.3678 -0.150354
-0.3788 -0.137594
-0.3879 -0.127026
-0.3955 -0.118334
-0.4016 -0.111312
-0.4064 -0.105798
-0.4100 -0.101628
-0.4126 -0.098624
-0.4143 -0.096612
-0.4153 -0.095428
-0.4157 -0.094927
-0.4157 -0.094977
-0.4152 -0.094157
-0.4137 -0.090644
-0.4114 -0.088692
-0.4081 -0.083323
-0.4034 -0.075628
-0.3969 -0.067394
-0.3890 -0.060593
-0.3800 -0.054705
-0.3701 -0.049453
-0.3595 -0.044684
-0.3482 -0.040311
-0.3364 -0.036289
-0.3241 -0.032589
-0.3113 -0.029195
-0.2980 -0.026096
-0.2842 -0.023283
-0.2698 -0.020746
-0.2545 -0.018474
-0.2381 -0.016456
-0.2203 -0.014679
-0.2003 -0.013135
-0.1772 -0.011815
-0.1491 -0.010725
-0.1124 -0.009890
-0.0596 -0.009382
0.0244 -0.009325
0.1396 -0.009500
0.2414 -0.009203
0.3057 -0.008356
0.3354 -0.007239
0.3402 -0.006081
0.3291 -0.005012
0.3093 -0.004087
0.2857 -0.003313
0.2610 -0.002680
0.2369 -0.002167
0.2139 -0.001753
0.1558 -0.247505
0.1020 -0.226961
0.0520 -0.207990
-0.0038 -0.186906
-0.0755 -0.159901
-0.1629 -0.127020
-0.2466 -0.095488
-0.3127 -0.070547
-0.3606 -0.052477
-0.3939 -0.039917
-0.4164 -0.031456
-0.4309 -0.025974
-0.4397 -0.022648
-0.4444 -0.020886
-0.4460 -0.020266
-0.4454 -0.020489
-0.4431 -0.021341
-0.4395 -0.022667
-0.4350 -0.024358
-0.4295 -0.022957
-0.4226 -0.020834
-0.4146 -0.019014
