-0.2680 0.000000
-0.2663 0.000000
-0.2642 0.000000
-0.2615 0.000000
-0.2586 0.000000
-0.2553 0.000000
-0.2518 0.000000
-0.2483 0.000000
-0.2447 0.000000
-0.2411 0.000000
-0.2376 0.000000
-0.2342 0.000000
-0.2309 0.000000
-0.2259 0.028253
-0.2173 0.027172
-0.2088 0.026110
-0.2004 0.025055
-0.1919 0.023992
-0.1831 0.022899
-0.1739 0.021751
-0.1640 0.020517
-0.1525 0.038154
-0.1360 0.034050
-0.1168 0.029242
-0.0929 0.023281
-0.0610 0.015351
-0.0157 0.004050
0.0488 -0.012012
0.1238 -0.030775
0.1868 -0.046579
0.2272 -0.056719
0.2471 -0.061738
0.2521 -0.063021
0.2469 -0.089517
0.2302 -0.107790
0.2107 -0.095283
0.1925 -0.084488
0.1753 -0.075010
0.1589 -0.066534
0.1430 -0.058805
0.1274 -0.051605
0.1119 -0.043108
0.0966 -0.034949
0.0807 -0.027668
0.0637 -0.020838
0.0446 -0.014034
0.0221 -0.006758
-0.0060 0.001664
-0.0428 0.012115
-0.0911 0.025297
-0.1483 0.040516
-0.2054 0.055333
-0.2542 0.067662
-0.2921 0.076943
-0.3203 0.077356
-0.3418 0.069838
-0.3587 0.060616
-0.3721 0.051990
-0.3825 0.044196
-0.3906 0.037314
-0.3967 0.031335
-0.4012 0.026201
-0.4043 0.021832
-0.4062 0.018139
-0.4072 0.015035
-0.4074 0.012436
-0.4069 0.010268
-0.4057 0.008465
-0.4039 0.006969
-0.4016 0.005729
-0.3988 0.004704
-0.3957 0.003859
-0.3923 0.003163
-0.3886 0.002591
-0.3847 0.002121
-0.3807 0.001735
-0.3766 0.001419
-0.3725 0.001161
-0.3684 0.000949
-0.3644 0.000776
-0.3604 0.000635
-0.3566 0.000519
-0.3528 0.000425
-0.3492 0.000348
-0.3457 0.000285
-0.3423 0.000233
-0.3391 0.000191
-0.3360 0.000156
-0.3332 0.000128
-0.3305 0.000105
-0.3280 0.000086
-0.3258 0.000071
-0.3238 0.000058
-0.3221 0.000048
-0.3206 0.000039
-0.3194 0.000032
-0.3183 0.000027
-0.3175 0.000022
-0.3167 0.000018
-0.3159 0.000015
-0.3151 0.000012
-0.3142 0.000010
-0.3133 0.000008
-0.3122 0.000007
-0.3111 0.000006
-0.3099 0.000005
-0.3086 0.000004
-0.3073 0.000003
-0.3060 0.000003
-0.3046 0.000002
-0.3032 0.000002
-0.3018 0.000001
-0.3002 0.000001
-0.2986 0.000001
-0.2970 0.000001
-0.2952 0.000001
-0.2935 0.000001
-0.2917 0.000000
-0.2899 0.000000
-0.2882 0.000000
-0.2866 0.000000
-0.2851 0.000000
-0.2837 0.000000
-0.2825 0.000000
-0.2814 0.000000
-0.2806 0.000000
-0.2799 0.000000
-0.2795 0.000000
-0.2793 0.000000
-0.2793 0.000000
-0.2796 0.000000
-0.2801 0.000000
-0.2809 0.000000
-0.2819 0.000000
-0.2830 0.000000
-0.2840 0.000000
-0.2847 0.000000
-0.2850 0.000000
-0.2847 0.000000
-0.2838 0.000000
-0.2822 0.000000
-0.2801 0.000000
-0.2775 0.000000
-0.2746 0.000000
-0.2715 0.000000
-0.2683 0.000000
-0.2650 0.000000
-0.2619 0.000000
-0.2588 0.000000
-0.2560 0.000000
-0.2534 0.000000
-0.2510 0.000000
-0.2490 0.000000
-0.2473 0.000000
-0.2459 0.000000
-0.2449 0.000000
-0.2440 0.000000
-0.2431 0.000000
-0.2421 0.000000
-0.2409 0.000000
-0.2395 0.000000
-0.2378 0.000000
-0.2360 0.000000
-0.2341 0.000000
-0.2321 0.000000
-0.2301 0.000000
-0.2282 0.000000
-0.2243 0.028053
-0.2169 0.027123
-0.2096 0.026205
-0.2023 0.025295
-0.1950 0.024387
-0.1839 0.046014
-0.1713 0.042865
-0.1579 0.039522
-0.1432 0.035849
-0.1264 0.031644
-0.1061 0.026581
-0.0801 0.020096
-0.0443 0.011182
0.0074 -0.001700
0.0771 -0.019092
0.1489 -0.037058
0.2028 -0.050587
0.2343 -0.058532
0.2478 -0.061927
0.2485 -0.062144
0.2412 -0.060324
0.2294 -0.052787
0.2157 -0.045698
0.2008 -0.039536
0.1820 -0.056344
0.1640 -0.047014
0.1474 -0.038142
0.1316 -0.031017
0.1161 -0.025141
0.1004 -0.020147
0.0839 -0.015745
0.0660 -0.011679
0.0450 -0.013223
0.0196 -0.005658
-0.0122 0.003293
-0.0537 0.014597
-0.1071 0.028761
-0.1674 0.044447
-0.2241 0.058936
-0.2704 0.070545
-0.3053 0.079090
-0.3302 0.085048
-0.3473 0.089004
-0.3584 0.091468
-0.3650 0.092838
-0.3690 0.086097
-0.3717 0.079751
-0.3733 0.074300
-0.3739 0.069629
-0.3737 0.065630
-0.3728 0.062206
-0.3713 0.059268
-0.3693 0.056740
-0.3677 0.046851
-0.3670 0.038657
-0.3667 0.031941
-0.3668 0.026411
-0.3669 0.021844
-0.3670 0.018067
-0.3671 0.014940
-0.3670 0.012350
-0.3667 0.010204
-0.3663 0.008427
-0.3656 0.006955
-0.3647 0.005736
-0.3636 0.004728
-0.3622 0.003894
-0.3606 0.003205
-0.3587 0.002637
-0.3566 0.002167
-0.3544 0.001781
-0.3519 0.001462
-0.3494 0.001200
-0.3468 0.000985
-0.3442 0.000808
-0.3417 0.000663
-0.3392 0.000545
-0.3369 0.000447
-0.3347 0.000367
-0.3327 0.000302
-0.3308 0.000248
-0.3292 0.000204
-0.3277 0.000168
-0.3263 0.000138
-0.3250 0.000114
-0.3235 0.000094
-0.3220 0.000077
-0.3201 0.000063
-0.3179 0.000052
-0.3153 0.000043
-0.3124 0.000035
-0.3093 0.000029
-0.3060 0.000023
-0.3026 0.000019
-0.2992 0.000016
-0.2959 0.000013
-0.2928 0.000010
-0.2898 0.000009
-0.2870 0.000007
-0.2845 0.000006
-0.2821 0.000005
-0.2800 0.000004
-0.2781 0.000003
-0.2763 0.000003
-0.2747 0.000002
-0.2733 0.000002
-0.2721 0.000001
-0.2711 0.000001
-0.2700 0.000001
-0.2688 0.000001
-0.2672 0.000001
-0.2653 0.000001
-0.2629 0.000000
-0.2602 0.000000
-0.2572 0.000000
-0.2540 0.000000
-0.2507 0.000000
-0.2475 0.000000
-0.2442 0.000000
-0.2412 0.000000
-0.2383 0.000000
-0.2357 0.000000
-0.2334 0.000000
-0.2315 0.000000
-0.2285 0.028572
-0.2217 0.027724
-0.2120 0.053022
-0.2008 0.050231
-0.1900 0.047517
-0.1789 0.044765
-0.1672 0.041830
-0.1541 0.038563
-0.1391 0.034806
-0.1212 0.030340
-0.0989 0.024793
-0.0696 0.017480
-0.0282 0.007163
0.0316 -0.007732
0.1061 -0.026338
0.1737 -0.043276
0.2195 -0.054789
0.2438 -0.060902
0.2518 -0.062940
0.2489 -0.062241
0.2393 -0.058570
0.2264 -0.050728
0.2120 -0.042116
0.1974 -0.032428
0.1829 -0.024838
0.1683 -0.018906
0.1538 -0.014281
0.1391 -0.010680
0.1241 -0.007880
0.1057 -0.032040
0.0849 -0.024969
0.0633 -0.018169
0.0395 -0.011123
0.0113 -0.003197
-0.0244 0.006480
-0.0713 0.018869
-0.1294 0.033969
-0.1905 0.049652
-0.2444 0.063297
-0.2867 0.073836
-0.3178 0.081434
-0.3395 0.086650
-0.3541 0.090057
-0.3632 0.092123
-0.3684 0.093208
-0.3706 0.093576
-0.3706 0.093423
-0.3690 0.092890
-0.3662 0.092081
-0.3627 0.087781
-0.3601 0.073649
-0.3592 0.060732
-0.3592 0.050218
-0.3597 0.041582
-0.3604 0.034449
-0.3611 0.028537
-0.3617 0.023629
-0.3619 0.019551
-0.3619 0.016164
-0.3615 0.013350
-0.3608 0.011016
-0.3597 0.009082
-0.3583 0.007480
-0.3566 0.006155
-0.3546 0.005061
-0.3524 0.004158
-0.3499 0.003414
-0.3473 0.002801
-0.3445 0.002297
-0.3415 0.001883
-0.3385 0.001543
-0.3353 0.001264
-0.3321 0.001035
-0.3288 0.000847
-0.3256 0.000694
-0.3223 0.000568
-0.3191 0.000465
-0.3159 0.000380
-0.3127 0.000311
-0.3097 0.000255
-0.3067 0.000209
-0.3038 0.000171
-0.3010 0.000140
-0.2982 0.000115
-0.2955 0.000094
-0.2928 0.000077
-0.2902 0.000063
-0.2875 0.000052
-0.2848 0.000042
-0.2821 0.000035
-0.2794 0.000028
-0.2768 0.000023
-0.2742 0.000019
-0.2717 0.000016
-0.2692 0.000013
-0.2669 0.000010
-0.2647 0.000009
-0.2626 0.000007
-0.2607 0.000006
-0.2590 0.000005
-0.2574 0.000004
-0.2559 0.000003
-0.2547 0.000003
-0.2537 0.000002
-0.2529 0.000002
-0.2523 0.000001
-0.2518 0.000001
-0.2515 0.000001
-0.2513 0.000001
-0.2509 0.000001
-0.2505 0.000001
-0.2500 0.000000
-0.2493 0.000000
-0.2486 0.000000
-0.2478 0.000000
-0.2470 0.000000
-0.2462 0.000000
-0.2455 0.000000
-0.2448 0.000000
-0.2443 0.000000
-0.2438 0.000000
-0.2436 0.000000
-0.2435 0.000000
-0.2435 0.000000
-0.2437 0.000000
-0.2398 0.029980
-0.2342 0.029286
-0.2289 0.028619
-0.2238 0.027975
-0.2187 0.027345
-0.2137 0.026714
-0.2085 0.026067
-0.2031 0.025395
-0.1975 0.024695
-0.1916 0.023963
-0.1855 0.023199
-0.1791 0.022402
-0.1725 0.021567
-0.1654 0.020687
-0.1579 0.019751
-0.1498 0.018740
-0.1409 0.017623
-0.1307 0.016356
-0.1188 0.014869
-0.1042 0.013051
-0.0857 0.009014
-0.0607 0.005296
-0.0248 0.001811
0.0280 -0.001626
0.0967 -0.004707
0.1636 -0.006610
0.2127 -0.007117
0.2414 -0.006686
0.2537 -0.005812
0.2541 -0.004816
0.2469 -0.003870
0.2349 -0.003044
0.2163 -0.056468
0.1928 -0.049964
0.1717 -0.044226
0.1522 -0.039018
0.1338 -0.034157
0.1158 -0.029485
0.0979 -0.024856
0.0793 -0.020105
0.0593 -0.015014
0.0365 -0.009268
0.0091 -0.002369
-0.0261 0.006452
-0.0720 0.026878
-0.1270 0.047516
-0.1841 0.068957
-0.2340 0.087743
-0.2729 0.102360
-0.3010 0.112933
-0.3203 0.120177
-0.3328 0.124861
-0.3402 0.127634
-0.3446 0.118891
-0.3485 0.106933
-0.3518 0.096864
-0.3544 0.088363
-0.3563 0.081176
-0.3576 0.075089
-0.3581 0.069928
-0.3579 0.065542
-0.3572 0.061806
-0.3558 0.058613
-0.3540 0.055874
-0.3517 0.051557
-0.3501 0.042431
-0.3492 0.034993
-0.3487 0.028893
-0.3485 0.023871
-0.3483 0.019726
-0.3481 0.016299
-0.3477 0.013464
-0.3473 0.011117
-0.3466 0.009174
-0.3457 0.007566
-0.3446 0.006235
-0.3432 0.005135
-0.3416 0.004226
-0.3398 0.003475
-0.3377 0.002855
-0.3353 0.002345
-0.3328 0.001924
-0.3300 0.001577
-0.3271 0.001293
-0.3241 0.001059
-0.3210 0.000867
-0.3179 0.000710
-0.3147 0.000581
-0.3116 0.000476
-0.3086 0.000390
-0.3056 0.000319
-0.3028 0.000261
-0.3001 0.000214
-0.2975 0.000176
-0.2950 0.000144
-0.2927 0.000118
-0.2904 0.000097
-0.2883 0.000080
-0.2863 0.000065
-0.2843 0.000054
-0.2825 0.000044
-0.2807 0.000036
-0.2789 0.000030
-0.2772 0.000024
-0.2756 0.000020
-0.2739 0.000016
-0.2722 0.000014
-0.2703 0.000011
-0.2684 0.000009
-0.2664 0.000007
-0.2643 0.000006
-0.2621 0.000005
-0.2599 0.000004
-0.2577 0.000003
-0.2556 0.000003
-0.2535 0.000002
-0.2516 0.000002
-0.2499 0.000002
-0.2483 0.000001
-0.2470 0.000001
-0.2459 0.000001
-0.2450 0.000001
-0.2444 0.000001
-0.2441 0.000000
-0.2442 0.000000
-0.2445 0.000000
-0.2452 0.000000
-0.2462 0.000000
-0.2475 0.000000
-0.2489 0.000000
-0.2502 0.000000
-0.2513 0.000000
-0.2520 0.000000
-0.2525 0.000000
-0.2526 0.000000
-0.2525 0.000000
-0.2523 0.000000
-0.2519 0.000000
-0.2514 0.000000
-0.2510 0.000000
-0.2506 0.000000
-0.2504 0.000000
-0.2504 0.000000
-0.2506 0.000000
-0.2512 0.000000
-0.2521 0.000000
-0.2534 0.000000
-0.2551 0.000000
-0.2572 0.000000
-0.2599 0.000000
-0.2630 0.000000
-0.2665 0.000000
-0.2704 0.000000
-0.2728 0.034101
-0.2705 0.033816
-0.2686 0.033576
-0.2669 0.033365
-0.2652 0.033148
-0.2629 0.032868
-0.2598 0.032476
-0.2556 0.031960
-0.2506 0.031332
-0.2449 0.030616
-0.2387 0.029840
-0.2321 0.029027
-0.2255 0.028194
-0.2188 0.027355
-0.2121 0.026518
-0.2055 0.025690
-0.1989 0.024874
-0.1925 0.024073
-0.1863 0.023289
-0.1801 0.022523
-0.1741 0.021284
-0.1688 0.017056
-0.1643 0.013727
-0.1606 0.011096
-0.1578 0.009014
-0.1559 0.007362
-0.1550 0.006051
-0.1552 0.005009
-0.1567 0.004181
-0.1597 0.003521
-0.1642 0.002995
-0.1706 0.002571
-0.1787 0.002227
-0.1886 0.001943
-0.2000 0.001704
-0.2127 0.001498
-0.2261 0.001317
-0.2398 0.001155
-0.2530 0.001007
-0.2652 0.000873
-0.2762 0.000752
-0.2856 0.000643
-0.2934 0.000546
-0.2997 0.000461
-0.3046 0.000388
-0.3082 0.000324
-0.3108 0.000270
-0.3125 0.000225
-0.3135 0.000186
-0.3140 0.000154
-0.3141 0.000128
-0.3139 0.000106
-0.3135 0.000087
-0.3130 0.000072
-0.3124 0.000059
-0.3119 0.000049
-0.3114 0.000040
-0.3110 0.000033
-0.3107 0.000028
-0.3105 0.000023
-0.3105 0.000019
-0.3106 0.000016
-0.3105 0.000013
-0.3101 0.000011
-0.3091 0.000009
-0.3072 0.000007
-0.3044 0.000006
-0.3009 0.000005
-0.2968 0.000004
-0.2924 0.000003
-0.2877 0.000003
-0.2829 0.000002
-0.2781 0.000002
-0.2734 0.000001
-0.2688 0.000001
-0.2645 0.000001
-0.2603 0.000001
-0.2563 0.000001
-0.2525 0.000000
-0.2489 0.000000
-0.2453 0.030668
-0.2361 0.029530
-0.2274 0.028441
-0.2191 0.027393
-0.2093 0.052359
-0.1959 0.049018
-0.1824 0.045626
-0.1682 0.042075
-0.1527 0.038225
-0.1353 0.033882
-0.1147 0.028739
-0.0888 0.022269
-0.0536 0.013512
-0.0029 0.000875
0.0675 -0.016691
0.1435 -0.035709
0.2025 -0.050501
0.2379 -0.059401
0.2536 -0.063390
0.2556 -0.063920
0.2488 -0.061580
0.2372 -0.053694
0.2233 -0.046630
0.2081 -0.040450
0.1888 -0.057453
0.1708 -0.046660
0.1541 -0.038163
0.1383 -0.031310
0.1228 -0.025643
0.1046 -0.033448
0.0864 -0.026585
0.0673 -0.020055
0.0462 -0.013428
0.0216 -0.006183
-0.0090 0.002395
-0.0491 0.013238
-0.1010 0.026953
-0.1608 0.042458
-0.2181 0.057098
-0.2655 0.069015
-0.3016 0.077884
-0.3275 0.084126
-0.3454 0.088317
-0.3571 0.090971
-0.3642 0.092491
-0.3684 0.086593
-0.3713 0.080201
-0.3731 0.074707
-0.3739 0.070000
-0.3740 0.063308
-0.3745 0.052411
-0.3754 0.043438
-0.3764 0.036011
-0.3773 0.029845
-0.3779 0.024719
-0.3783 0.020455
-0.3782 0.016909
-0.3777 0.013963
-0.3768 0.011518
-0.3756 0.009492
-0.3740 0.007815
-0.3721 0.006429
-0.3700 0.005285
-0.3676 0.004342
-0.3651 0.003566
-0.3625 0.002927
-0.3598 0.002402
-0.3570 0.001971
-0.3542 0.001616
-0.3513 0.001326
-0.3484 0.001087
-0.3454 0.000891
-0.3423 0.000730
-0.3392 0.000598
-0.3361 0.000490
-0.3329 0.000401
-0.3298 0.000329
-0.3267 0.000269
-0.3237 0.000221
-0.3208 0.000181
-0.3180 0.000148
-0.3154 0.000121
-0.3129 0.000100
-0.3105 0.000082
-0.3083 0.000067
-0.3061 0.000055
-0.3040 0.000045
-0.3021 0.000037
-0.3002 0.000031
-0.2983 0.000025
-0.2966 0.000021
-0.2951 0.000017
-0.2936 0.000014
-0.2923 0.000011
-0.2913 0.000009
-0.2904 0.000008
-0.2897 0.000006
-0.2892 0.000005
-0.2889 0.000004
-0.2888 0.000004
-0.2888 0.000003
-0.2889 0.000002
-0.2892 0.000002
-0.2895 0.000002
-0.2899 0.000001
-0.2902 0.000001
-0.2904 0.000001
-0.2904 0.000001
-0.2900 0.000001
-0.2893 0.000001
-0.2881 0.000000
-0.2866 0.000000
-0.2848 0.000000
-0.2828 0.000000
-0.2807 0.000000
-0.2784 0.000000
-0.2763 0.000000
-0.2742 0.000000
-0.2723 0.000000
-0.2706 0.000000
-0.2693 0.000000
-0.2682 0.000000
-0.2674 0.000000
-0.2668 0.000000
-0.2664 0.000000
-0.2659 0.000000
-0.2653 0.000000
-0.2643 0.000000
-0.2630 0.000000
-0.2614 0.000000
-0.2595 0.000000
-0.2574 0.000000
-0.2552 0.000000
-0.2530 0.000000
-0.2508 0.000000
-0.2487 0.000000
-0.2469 0.000000
-0.2453 0.000000
-0.2440 0.000000
-0.2430 0.000000
-0.2395 0.029945
-0.2335 0.029195
-0.2281 0.028520
-0.2233 0.027916
-0.2188 0.027358
-0.2144 0.026803
-0.2096 0.026212
-0.2044 0.025563
-0.1987 0.024846
-0.1924 0.024061
-0.1856 0.023212
-0.1783 0.022297
-0.1704 0.021314
-0.1619 0.020252
-0.1526 0.019092
-0.1423 0.017800
-0.1305 0.016324
-0.1165 0.014579
-0.0992 0.012419
-0.0765 0.009590
-0.0447 0.005574
0.0018 -0.000127
0.0670 -0.005598
0.1393 -0.009682
0.1982 -0.011416
0.2358 -0.011249
0.2539 -0.041746
0.2539 -0.040034
0.2448 -0.067839
0.2283 -0.062207
0.2110 -0.056698
0.1937 -0.051429
0.1754 -0.068056
0.1555 -0.060004
0.1371 -0.052651
0.1195 -0.045722
0.1022 -0.038980
0.0846 -0.032194
0.0660 -0.025099
0.0456 -0.017336
0.0219 -0.008380
-0.0071 0.002571
-0.0445 0.016612
-0.0923 0.034543
-0.1474 0.055269
-0.2013 0.075500
-0.2464 0.092462
-0.2811 0.099933
-0.3070 0.103537
-0.3258 0.101201
-0.3400 0.094694
-0.3507 0.088361
-0.3586 0.082305
-0.3651 0.069274
-0.3708 0.058176
-0.3757 0.048739
-0.3798 0.040736
-0.3830 0.033969
-0.3854 0.028265
-0.3871 0.023471
-0.3881 0.019454
-0.3884 0.016098
-0.3881 0.013301
-0.3873 0.010975
-0.3861 0.009045
-0.3844 0.007447
-0.3825 0.006126
-0.3803 0.005036
-0.3778 0.004137
-0.3751 0.003396
-0.3722 0.002786
-0.3692 0.002285
-0.3661 0.001873
-0.3629 0.001535
-0.3595 0.001258
-0.3560 0.001030
-0.3525 0.000843
-0.3489 0.000690
-0.3453 0.000564
-0.3416 0.000462
-0.3380 0.000378
-0.3343 0.000309
-0.3308 0.000253
-0.3273 0.000207
-0.3240 0.000169
-0.3207 0.000138
-0.3177 0.000113
-0.3147 0.000093
-0.3120 0.000076
-0.3095 0.000062
-0.3071 0.000051
-0.3049 0.000042
-0.3028 0.000035
-0.3006 0.000028
-0.2984 0.000023
-0.2959 0.000019
-0.2933 0.000016
-0.2905 0.000013
-0.2875 0.000010
-0.2843 0.000009
-0.2811 0.000007
-0.2779 0.000006
-0.2748 0.000005
-0.2718 0.000004
-0.2689 0.000003
-0.2663 0.000003
-0.2640 0.000002
-0.2620 0.000002
-0.2604 0.000001
-0.2592 0.000001
-0.2584 0.000001
-0.2581 0.000001
-0.2582 0.000001
-0.2587 0.000001
-0.2596 0.000000
-0.2606 0.000000
-0.2616 0.000000
-0.2626 0.000000
-0.2635 0.000000
-0.2641 0.000000
-0.2645 0.000000
-0.2647 0.000000
-0.2647 0.000000
-0.2647 0.000000
-0.2645 0.000000
-0.2644 0.000000
-0.2643 0.000000
-0.2644 0.000000
-0.2646 0.000000
-0.2651 0.000000
-0.2659 0.000000
-0.2669 0.000000
-0.2683 0.000000
-0.2698 0.000000
-0.2711 0.000000
-0.2720 0.000000
-0.2722 0.000000
-0.2718 0.000000
-0.2708 0.000000
-0.2693 0.000000
-0.2673 0.000000
-0.2651 0.000000
-0.2626 0.000000
-0.2601 0.000000
-0.2577 0.000000
-0.2553 0.000000
-0.2530 0.000000
-0.2510 0.000000
-0.2492 0.000000
-0.2446 0.030580
-0.2372 0.029665
-0.2303 0.028799
-0.2237 0.027972
-0.2173 0.027169
-0.2109 0.026370
-0.2044 0.025554
-0.1976 0.024709
-0.1905 0.023824
-0.1831 0.022892
-0.1752 0.021906
-0.1667 0.020853
-0.1576 0.019715
-0.1476 0.018463
-0.1363 0.017053
-0.1232 0.015412
-0.1072 0.013423
-0.0868 0.010880
-0.0590 0.007418
-0.0188 0.002408
0.0397 -0.004755
0.1118 -0.011199
0.1774 -0.014745
0.2231 -0.015356
0.2487 -0.014162
0.2586 -0.012181
0.2575 -0.010034
0.2493 -0.008033
0.2367 -0.006308
0.2217 -0.004885
0.2054 -0.003743
0.1870 -0.026224
0.1668 -0.022953
0.1478 -0.020019
0.1295 -0.017308
0.1113 -0.014722
0.0928 -0.012163
0.0731 -0.009521
0.0513 -0.006646
0.0253 -0.006486
-0.0076 0.001829
-0.0506 0.012639
-0.1060 0.026554
-0.1688 0.042294
-0.2275 0.057033
-0.2751 0.068972
-0.3107 0.077867
-0.3359 0.084157
-0.3529 0.088409
-0.3639 0.091124
-0.3702 0.092697
-0.3732 0.093428
-0.3743 0.086916
-0.3747 0.080060
-0.3746 0.074277
-0.3738 0.069390
-0.3726 0.065248
-0.3709 0.061728
-0.3687 0.058725
-0.3662 0.056151
-0.3639 0.047226
-0.3626 0.038907
-0.3619 0.032105
