0.9393 99.5092
0.9377 93.2707
0.9366 83.2355
0.9358 72.9315
0.9349 63.5340
0.9340 55.2468
0.9330 48.0134
0.9318 41.7203
0.9304 36.2511
0.9289 31.4996
0.9270 27.3721
0.9250 23.7871
0.9226 20.6735
0.9198 17.9696
0.9167 15.6216
0.9132 13.5828
0.9091 11.8125
0.9045 10.2754
0.8992 8.9409
0.8933 7.7823
0.8865 6.7764
0.8789 5.9031
0.8704 5.1451
0.8608 4.4870
0.8501 3.9157
0.8383 3.4198
0.8251 2.9894
0.8107 2.6157
0.7949 2.2914
0.7778 2.0099
0.7593 1.7655
0.7396 1.5535
0.7187 1.3694
0.6968 1.2096
0.6741 1.0709
0.6509 0.9506
0.6273 0.8461
0.6037 0.7554
0.5803 0.6767
0.5575 0.6085
0.5355 0.5492
0.5144 0.4977
0.4946 0.4531
0.4760 0.4144
0.4588 0.3807
0.4430 0.3516
0.4287 0.3262
0.4157 0.3043
0.4048 0.2934
0.4447 0.8946
0.6564 9.9362
0.8229 29.9821
0.9050 52.1339
0.9347 71.4062
0.9416 87.2923
0.9411 97.7184
0.9392 99.4275
0.9377 92.9415
0.9366 82.8500
0.9357 72.5688
0.9349 63.2113
0.9340 54.9642
0.9330 47.7670
0.9318 41.5059
0.9304 36.0646
0.9288 31.3374
0.9270 27.2312
0.9249 23.6646
0.9225 20.5672
0.9197 17.8772
0.9166 15.5414
0.9130 13.5131
0.9089 11.7520
0.9043 10.2229
0.8990 8.8953
0.8930 7.7427
0.8863 6.7420
0.8787 5.8733
0.8701 5.1192
0.8605 4.4645
0.8497 3.8962
0.8378 3.4029
0.8246 2.9747
0.8101 2.6030
0.7943 2.2804
0.7771 2.0003
0.7586 1.7572
0.7388 1.5463
0.7179 1.3631
0.6960 1.2042
0.6733 1.0662
0.6500 0.9465
0.6264 0.8426
0.6028 0.7524
0.5795 0.6741
0.5567 0.6061
0.5347 0.5472
0.5137 0.4960
0.4939 0.4516
0.4753 0.4131
0.4582 0.3796
0.4425 0.3506
0.4282 0.3254
0.4153 0.3036
0.4048 0.2964
0.4568 1.1130
0.6721 11.0693
0.8317 31.6983
0.9085 53.6627
0.9357 72.7107
0.9417 88.2944
0.9410 98.1876
0.9391 99.2297
0.9376 92.3318
0.9365 82.1519
0.9357 71.9145
0.9348 62.6296
0.9339 54.4549
0.9329 47.3233
0.9317 41.1199
0.9303 35.7291
0.9287 31.0459
0.9268 26.9778
0.9247 23.4445
0.9223 20.3760
0.9195 17.7112
0.9164 15.3971
0.9128 13.3878
0.9086 11.6432
0.9040 10.1284
0.8986 8.8133
0.8926 7.6715
0.8858 6.6803
0.8781 5.8197
0.8695 5.0727
0.8598 4.4242
0.8490 3.8612
0.8370 3.3725
0.8237 2.9483
0.8091 2.5801
0.7932 2.2605
0.7759 1.9831
0.7573 1.7423
0.7375 1.5333
0.7165 1.3519
0.6945 1.1944
0.6718 1.0577
0.6485 0.9391
0.6249 0.8362
0.6013 0.7468
0.5780 0.6693
0.5552 0.6020
0.5333 0.5436
0.5123 0.4929
0.4926 0.4489
0.4742 0.4107
0.4571 0.3776
0.4415 0.3488
0.4273 0.3239
0.4145 0.3023
0.4048 0.3026
0.4759 1.5239
0.6930 12.7499
0.8431 34.0728
0.9130 55.7602
0.9370 74.4928
0.9418 89.6359
0.9408 98.7517
0.9389 98.8649
0.9374 91.4281
0.9364 81.1481
0.9356 70.9804
0.9348 61.8009
0.9338 53.7299
0.9328 46.6919
0.9316 40.5709
0.9301 35.2519
0.9285 30.6312
0.9267 26.6175
0.9245 23.1316
0.9221 20.1041
0.9193 17.4751
0.9160 15.1922
0.9124 13.2098
0.9082 11.4887
0.9035 9.9943
0.8981 8.6968
0.8920 7.5704
0.8851 6.5925
0.8773 5.7435
0.8686 5.0065
0.8588 4.3668
0.8479 3.8114
0.8358 3.3293
0.8224 2.9108
0.8077 2.5476
0.7916 2.2323
0.7742 1.9586
0.7555 1.7210
0.7355 1.5148
0.7144 1.3358
0.6924 1.1805
0.6696 1.0457
0.6462 0.9287
0.6226 0.8271
0.5990 0.7390
0.5758 0.6625
0.5531 0.5961
0.5312 0.5384
0.5104 0.4884
0.4908 0.4450
0.4725 0.4073
0.4556 0.3747
0.4401 0.3463
0.4260 0.3217
0.4133 0.3006
0.4054 0.3170
0.5033 2.2568
0.7183 15.0794
0.8563 37.0782
0.9181 58.3938
0.9383 76.7149
0.9418 91.2580
0.9405 99.3271
0.9387 98.2731
0.9373 90.2179
0.9363 79.8484
0.9355 69.7813
0.9347 60.7397
0.9337 52.8025
0.9326 45.8846
0.9314 39.8690
0.9300 34.6420
0.9283 30.1013
0.9264 26.1573
0.9242 22.7318
0.9217 19.7569
0.9189 17.1736
0.9156 14.9303
0.9119 12.9825
0.9077 11.2913
0.9029 9.8229
0.8974 8.5480
0.8912 7.4413
0.8842 6.4804
0.8763 5.6462
0.8674 4.9221
0.8575 4.2935
0.8464 3.7478
0.8342 3.2741
0.8206 2.8629
0.8057 2.5060
0.7895 2.1962
0.7719 1.9272
0.7531 1.6938
0.7330 1.4912
0.7117 1.3154
0.6896 1.1627
0.6667 1.0303
0.6433 0.9153
0.6197 0.8155
0.5961 0.7289
0.5729 0.6537
0.5503 0.5885
0.5286 0.5319
0.5079 0.4827
0.4884 0.4401
0.4703 0.4031
0.4536 0.3709
0.4383 0.3430
0.4244 0.3189
0.4119 0.2985
0.4078 0.3507
0.5390 3.4739
0.7465 18.1547
0.8704 40.6549
0.9232 61.5104
0.9395 79.3196
0.9417 93.0734
0.9402 99.8053
0.9384 97.3903
0.9371 88.6954
0.9362 78.2691
0.9354 68.3372
0.9345 59.4650
0.9336 51.6893
0.9325 44.9158
0.9312 39.0269
0.9297 33.9102
0.9280 29.4656
0.9261 25.6050
0.9239 22.2521
0.9213 19.3403
0.9184 16.8118
0.9151 14.6162
0.9113 12.7098
0.9070 11.0545
0.9021 9.6173
0.8965 8.3696
0.8902 7.2863
0.8830 6.3459
0.8750 5.5295
0.8660 4.8207
0.8559 4.2055
0.8447 3.6714
0.8322 3.2078
0.8184 2.8054
0.8034 2.4561
0.7869 2.1528
0.7692 1.8896
0.7501 1.6612
0.7298 1.4629
0.7084 1.2908
0.6862 1.1414
0.6632 1.0118
0.6397 0.8992
0.6161 0.8016
0.5926 0.7168
0.5695 0.6432
0.5470 0.5794
0.5254 0.5240
0.5049 0.4759
0.4856 0.4341
0.4677 0.3979
0.4512 0.3665
0.4361 0.3392
0.4224 0.3155
0.4102 0.2967
0.4145 0.4332
0.5818 5.3474
0.7765 22.0789
0.8845 44.7493
0.9281 65.0599
0.9405 82.2422
0.9416 94.9724
0.9398 100.0593
0.9381 96.1524
0.9369 86.8570
0.9360 76.4259
0.9352 66.6671
0.9344 57.9948
0.9334 50.4066
0.9323 43.7998
0.9309 38.0570
0.9294 33.0675
0.9277 28.7335
0.9257 24.9691
0.9234 21.6998
0.9208 18.8607
0.9178 16.3953
0.9144 14.2546
0.9106 12.3958
0.9061 10.7819
0.9011 9.3806
0.8954 8.1641
0.8890 7.1079
0.8817 6.1910
0.8735 5.3951
0.8643 4.7041
0.8540 4.1042
0.8425 3.5835
0.8298 3.1315
0.8158 2.7392
0.8005 2.3986
0.7838 2.1030
0.7658 1.8464
0.7465 1.6236
0.7261 1.4303
0.7045 1.2625
0.6821 1.1169
0.6590 0.9905
0.6355 0.8808
0.6119 0.7855
0.5884 0.7029
0.5654 0.6312
0.5430 0.5689
0.5216 0.5149
0.5013 0.4680
0.4823 0.4273
0.4646 0.3920
0.4484 0.3613
0.4335 0.3347
0.4201 0.3116
0.4084 0.2964
0.4312 0.6495
0.6296 7.9898
0.8067 26.8601
0.8979 49.3008
0.9325 68.9822
0.9413 85.3984
0.9413 96.8133
0.9394 99.9550
0.9378 94.5138
0.9367 84.7123
0.9359 74.3407
0.9350 64.7937
0.9342 56.3498
0.9332 48.9725
0.9320 42.5526
0.9307 36.9731
0.9291 32.1259
0.9273 27.9155
0.9253 24.2587
0.9229 21.0828
0.9202 18.3249
0.9172 15.9300
0.9137 13.8505
0.9097 12.0450
0.9052 10.4773
0.9000 9.1162
0.8942 7.9346
0.8875 6.9087
0.8801 6.0181
0.8717 5.2449
0.8622 4.5737
0.8517 3.9911
0.8400 3.4853
0.8271 3.0463
0.8128 2.6652
0.7972 2.3344
0.7803 2.0472
0.7620 1.7980
0.7424 1.5817
0.7217 1.3939
0.7000 1.2309
0.6774 1.0894
0.6542 0.9667
0.6307 0.8601
0.6070 0.7676
0.5836 0.6873
0.5607 0.6177
0.5386 0.5572
0.5174 0.5047
0.4973 0.4592
0.4786 0.4196
0.4612 0.3853
0.4452 0.3555
0.4307 0.3297
0.4175 0.3074
0.4071 0.3024
0.4652 1.2444
0.6798 11.5219
0.8356 32.3601
0.9099 54.2497
0.9360 73.2122
0.9417 88.6815
0.9409 98.4256
0.9390 99.3657
0.9375 92.4534
0.9365 82.2819
0.9357 72.0396
0.9349 62.7416
0.9340 54.5520
0.9329 47.4065
0.9317 41.1910
0.9303 35.7899
0.9287 31.0980
0.9269 27.0227
0.9248 23.4832
0.9223 20.4093
0.9196 17.7400
0.9164 15.4222
0.9128 13.4096
0.9087 11.6621
0.9040 10.1449
0.8987 8.8276
0.8927 7.6840
0.8859 6.6912
0.8782 5.8293
0.8696 5.0810
0.8599 4.4315
0.8491 3.8676
0.8371 3.3781
0.8239 2.9533
0.8093 2.5844
0.7934 2.2643
0.7761 1.9864
0.7576 1.7452
0.7377 1.5359
0.7168 1.3541
0.6948 1.1964
0.6721 1.0595
0.6488 0.9407
0.6252 0.8375
0.6016 0.7480
0.5783 0.6703
0.5555 0.6029
0.5336 0.5444
0.5126 0.4936
0.4929 0.4495
0.4744 0.4113
0.4574 0.3781
0.4417 0.3492
0.4275 0.3242
0.4147 0.3030
0.4079 0.3314
0.5185 2.6771
0.7299 16.1713
0.8619 38.3787
0.9201 59.5316
0.9387 77.6702
0.9417 91.9461
0.9404 99.6097
0.9386 98.1855
0.9372 89.9754
0.9363 79.5926
0.9355 69.5487
0.9346 60.5344
0.9337 52.6223
0.9326 45.7267
0.9314 39.7309
0.9299 34.5213
0.9283 29.9960
0.9263 26.0655
0.9242 22.6519
0.9217 19.6874
0.9188 17.1131
0.9155 14.8778
0.9118 12.9369
0.9076 11.2517
0.9027 9.7886
0.8972 8.5183
0.8910 7.4155
0.8840 6.4581
0.8761 5.6269
0.8672 4.9054
0.8572 4.2790
0.8462 3.7353
0.8338 3.2633
0.8203 2.8536
0.8054 2.4979
0.7891 2.1892
0.7715 1.9212
0.7526 1.6886
0.7325 1.4868
0.7112 1.3115
0.6891 1.1594
0.6661 1.0274
0.6428 0.9128
0.6191 0.8134
0.5956 0.7271
0.5724 0.6521
0.5498 0.5871
0.5281 0.5307
0.5075 0.4817
0.4880 0.4392
0.4699 0.4023
0.4532 0.3703
0.4380 0.3425
0.4241 0.3184
0.4117 0.2993
0.4164 0.4402
0.5837 5.3483
0.7773 22.0951
0.8847 44.7565
0.9281 65.0685
0.9405 82.2499
0.9415 94.9950
0.9398 100.1563
0.9381 96.3548
0.9369 87.1148
0.9360 76.6826
0.9352 66.9003
0.9344 58.1996
0.9334 50.5844
0.9323 43.9537
0.9310 38.1900
0.9295 33.1826
0.9277 28.8331
0.9258 25.0555
0.9235 21.7747
0.9209 18.9257
0.9179 16.4517
0.9145 14.3035
0.9107 12.4382
0.9063 10.8188
0.9012 9.4127
0.8956 8.1920
0.8891 7.1322
0.8819 6.2121
0.8737 5.4134
0.8645 4.7201
0.8542 4.1181
0.8428 3.5956
0.8302 3.1421
0.8162 2.7484
0.8009 2.4066
0.7843 2.1099
0.7663 1.8525
0.7470 1.6289
0.7266 1.4349
0.7051 1.2666
0.6827 1.1204
0.6596 0.9935
0.6361 0.8834
0.6125 0.7879
0.5890 0.7049
0.5660 0.6329
0.5436 0.5704
0.5222 0.5162
0.5019 0.4691
0.4828 0.4283
0.4651 0.3928
0.4488 0.3621
0.4339 0.3354
0.4204 0.3123
0.4091 0.3001
0.4452 0.8498
0.6523 9.3871
0.8198 29.1664
0.9034 51.3982
0.9341 70.7813
0.9414 86.8146
0.9411 97.5815
0.9392 99.8807
0.9377 93.8741
0.9366 83.9247
0.9358 73.5906
0.9350 64.1239
0.9341 55.7622
0.9331 48.4598
0.9319 42.1061
0.9305 36.5846
0.9290 31.7880
0.9272 27.6217
0.9251 24.0033
0.9227 20.8609
0.9200 18.1322
0.9169 15.7627
0.9134 13.7052
0.9094 11.9188
0.9048 10.3678
0.8996 9.0212
0.8937 7.8521
0.8870 6.8371
0.8795 5.9560
0.8710 5.1911
0.8615 4.5270
0.8509 3.9506
0.8391 3.4502
0.8260 3.0158
0.8117 2.6388
0.7960 2.3115
0.7789 2.0274
0.7606 1.7808
0.7409 1.5668
0.7201 1.3810
0.6983 1.2197
0.6757 1.0797
0.6525 0.9583
0.6289 0.8528
0.6053 0.7613
0.5819 0.6819
0.5591 0.6129
0.5370 0.5531
0.5159 0.5011
0.4959 0.4561
0.4773 0.4169
0.4600 0.3830
0.4441 0.3535
0.4297 0.3280
0.4166 0.3061
0.4086 0.3232
0.5057 2.2445
0.7186 14.9374
0.8561 36.8812
0.9178 58.2256
0.9381 76.5752
0.9417 91.1723
0.9405 99.4199
0.9387 98.6586
0.9373 90.8037
0.9363 80.4695
0.9355 70.3573
0.9347 61.2498
0.9338 53.2469
0.9327 46.2697
0.9315 40.2023
0.9300 34.9305
0.9284 30.3511
0.9265 26.3737
0.9244 22.9194
0.9219 19.9197
0.9191 17.3148
0.9158 15.0529
0.9121 13.0890
0.9079 11.3838
0.9032 9.9033
0.8977 8.6179
0.8916 7.5020
0.8846 6.5332
0.8768 5.6921
0.8680 4.9620
0.8581 4.3282
0.8471 3.7780
0.8349 3.3004
0.8215 2.8858
0.8067 2.5259
0.7905 2.2135
0.7730 1.9424
0.7542 1.7070
0.7342 1.5027
0.7131 1.3254
0.6910 1.1715
0.6681 1.0379
0.6447 0.9219
0.6211 0.8213
0.5976 0.7339
0.5743 0.6581
0.5517 0.5923
0.5299 0.5352
0.5092 0.4856
0.4896 0.4426
0.4714 0.4053
0.4546 0.3728
0.4392 0.3447
0.4252 0.3203
0.4128 0.3011
0.4178 0.4477
0.5858 5.3950
0.7784 22.1981
0.8851 44.8525
0.9282 65.1528
0.9405 82.3192
0.9415 95.0508
0.9398 100.2259
0.9381 96.4647
0.9369 87.2509
0.9360 76.8189
0.9352 67.0244
0.9344 58.3088
0.9334 50.6791
0.9323 44.0355
0.9310 38.2606
0.9295 33.2436
0.9278 28.8859
0.9258 25.1011
0.9235 21.8142
0.9209 18.9599
0.9180 16.4814
0.9146 14.3293
0.9107 12.4606
0.9063 10.8382
0.9013 9.4296
0.8956 8.2067
0.8892 7.1450
0.8820 6.2233
0.8738 5.4231
0.8646 4.7285
0.8544 4.1255
0.8430 3.6021
0.8303 3.1477
0.8164 2.7532
0.8011 2.4109
0.7845 2.1137
0.7666 1.8557
0.7473 1.6318
0.7269 1.4374
0.7054 1.2687
0.6830 1.1223
0.6599 0.9952
0.6365 0.8849
0.6128 0.7891
0.5894 0.7060
0.5663 0.6339
0.5439 0.5713
0.5225 0.5169
0.5022 0.4698
0.4831 0.4289
0.4653 0.3933
0.4490 0.3625
0.4341 0.3357
0.4206 0.3126
0.4096 0.3040
0.4574 1.0530
0.6683 10.4839
0.8288 30.8609
0.9070 52.9176
0.9351 72.0801
0.9415 87.8224
0.9409 98.0960
0.9391 99.7794
0.9376 93.3807
0.9366 83.3370
0.9357 73.0350
0.9349 63.6285
0.9340 55.3278
0.9330 48.0809
0.9318 41.7762
0.9305 36.2975
0.9289 31.5383
0.9271 27.4046
0.9250 23.8147
0.9226 20.6970
0.9199 17.9898
0.9167 15.6390
0.9132 13.5978
0.9091 11.8256
0.9045 10.2869
0.8993 8.9509
0.8933 7.7911
0.8866 6.7842
0.8790 5.9101
0.8705 5.1512
0.8609 4.4925
0.8503 3.9206
0.8384 3.4242
0.8253 2.9933
0.8108 2.6192
0.7951 2.2945
0.7779 2.0127
0.7595 1.7681
0.7398 1.5557
0.7189 1.3714
0.6971 1.2114
0.6744 1.0725
0.6512 0.9520
0.6276 0.8474
0.6040 0.7566
0.5807 0.6778
0.5578 0.6094
0.5358 0.5500
0.5147 0.4985
0.4949 0.4538
0.4763 0.4150
0.4591 0.3813
0.4433 0.3520
0.4289 0.3267
0.4160 0.3054
0.4112 0.3542
0.5376 3.2759
0.7439 17.6381
0.8687 40.0485
0.9224 60.9891
0.9392 78.8880
0.9417 92.8062
0.9402 99.9246
0.9384 98.0024
0.9372 89.5821
0.9362 79.1824
0.9354 69.1751
0.9346 60.2044
0.9337 52.3331
0.9326 45.4739
0.9313 39.5102
0.9299 34.3288
0.9282 29.8282
0.9263 25.9194
0.9241 22.5248
0.9216 19.5769
0.9187 17.0171
0.9154 14.7944
0.9116 12.8645
0.9074 11.1889
0.9025 9.7340
0.8970 8.4710
0.8908 7.3745
0.8837 6.4225
0.8757 5.5961
0.8668 4.8787
0.8568 4.2559
0.8457 3.7152
0.8333 3.2459
0.8197 2.8385
0.8047 2.4849
0.7884 2.1780
0.7708 1.9115
0.7518 1.6802
0.7317 1.4795
0.7104 1.3052
0.6882 1.1540
0.6653 1.0227
0.6418 0.9088
0.6182 0.8099
0.5947 0.7240
0.5715 0.6495
0.5490 0.5848
0.5273 0.5287
0.5067 0.4800
0.4873 0.4377
0.4693 0.4010
0.4526 0.3692
0.4374 0.3416
0.4236 0.3176
0.4117 0.3021
0.4352 0.6707
0.6323 7.9424
0.8076 26.8404
0.8980 49.2768
0.9324 68.9661
0.9412 85.3898
0.9412 96.8687
0.9394 100.2100
0.9378 94.9905
0.9367 85.2793
0.9359 74.8904
0.9351 65.2881
0.9342 56.7827
0.9332 49.3479
0.9321 42.8773
0.9307 37.2538
0.9292 32.3687
0.9274 28.1257
0.9254 24.4408
0.9231 21.2407
0.9204 18.4618
0.9174 16.0488
0.9139 13.9537
0.9099 12.1345
0.9054 10.5551
0.9003 9.1838
0.8945 7.9933
0.8879 6.9598
0.8805 6.0625
0.8721 5.2836
0.8628 4.6074
0.8523 4.0204
0.8407 3.5108
0.8278 3.0685
0.8136 2.6845
0.7981 2.3512
0.7812 2.0619
0.7630 1.8108
0.7435 1.5928
0.7229 1.4036
0.7012 1.2394
0.6787 1.0968
0.6555 0.9731
0.6320 0.8657
0.6084 0.7725
0.5850 0.6916
0.5620 0.6214
0.5398 0.5604
0.5186 0.5075
0.4985 0.4616
0.4796 0.4218
0.4622 0.3872
0.4461 0.3572
0.4315 0.3311
0.4183 0.3089
0.4103 0.3285
0.5097 2.3187
0.7212 15.0996
0.8571 37.0772
0.9181 58.4000
0.9381 76.7235
0.9417 91.2885
0.9404 99.5251
0.9386 98.8028
0.9373 90.9939
0.9363 80.6704
0.9355 70.5445
0.9347 61.4156
0.9338 53.3910
0.9327 46.3940
0.9315 40.3094
0.9301 35.0228
0.9284 30.4308
0.9266 26.4426
0.9244 22.9790
0.9219 19.9712
0.9191 17.3595
0.9159 15.0917
0.9122 13.1226
0.9080 11.4129
0.9032 9.9286
0.8978 8.6399
0.8917 7.5211
0.8848 6.5498
0.8769 5.7066
0.8682 4.9746
0.8583 4.3392
0.8473 3.7876
0.8352 3.3087
0.8217 2.8931
0.8070 2.5323
0.7908 2.2191
0.7734 1.9472
0.7546 1.7112
0.7346 1.5064
0.7135 1.3286
0.6914 1.1743
0.6686 1.0403
0.6452 0.9240
0.6216 0.8231
0.5980 0.7355
0.5748 0.6595
0.5522 0.5935
0.5303 0.5363
0.5096 0.4866
0.4900 0.4434
0.4718 0.4060
0.4549 0.3735
0.4395 0.3453
0.4255 0.3208
0.4132 0.3032
0.4275 0.5554
0.6131 6.7544
0.7956 24.7818
0.8927 47.3527
0.9307 67.3134
