0.2133 -0.106832
0.1826 -0.091442
0.1535 -0.076913
0.1259 -0.063079
0.0986 -0.049441
0.0702 -0.035247
0.0384 -0.019363
-0.0005 0.000009
-0.0520 0.021325
-0.1206 0.041138
-0.1991 0.056266
-0.2724 0.063739
-0.3334 0.064557
-0.3821 0.061203
-0.4205 0.055714
-0.4509 0.049403
-0.4750 0.043032
-0.4940 0.037012
-0.5091 0.031540
-0.5210 0.026688
-0.5303 0.022458
-0.5372 0.018814
-0.5423 0.015702
-0.5457 0.013064
-0.5475 0.010838
-0.5480 0.008969
-0.5471 0.007404
-0.5450 0.006098
-0.5416 0.005011
-0.5370 0.004108
-0.5311 0.003359
-0.5239 0.002740
-0.5153 0.002228
-0.5054 0.001807
-0.4939 0.001460
-0.4809 0.001176
-0.4663 0.000942
-0.4499 0.000752
-0.4318 0.000597
-0.4118 0.000471
-0.3899 0.000368
-0.3660 0.000286
-0.3400 0.000220
-0.3117 0.000166
-0.2807 0.000124
-0.2465 0.000090
-0.2076 0.000063
-0.1614 0.000040
-0.1008 0.000021
-0.0065 0.001933
0.1270 -0.047137
0.2342 -0.116716
0.2846 -0.142163
0.2909 -0.145507
0.2725 -0.136400
0.2436 -0.121978
0.2122 -0.106232
0.1815 -0.090898
0.1526 -0.076428
0.1250 -0.062640
0.0978 -0.049030
0.0694 -0.034840
0.0375 -0.018929
-0.0015 0.000484
-0.0532 0.021745
-0.1221 0.041449
-0.2005 0.056393
-0.2735 0.063689
-0.3341 0.064393
-0.3825 0.060983
-0.4208 0.055476
-0.4509 0.049168
-0.4748 0.042812
-0.4938 0.036813
-0.5087 0.031364
-0.5205 0.026534
-0.5296 0.022324
-0.5365 0.018699
-0.5415 0.015605
-0.5448 0.012981
-0.5466 0.010768
-0.5470 0.008910
-0.5460 0.007354
-0.5438 0.006056
-0.5404 0.004976
-0.5357 0.004078
-0.5297 0.003335
-0.5225 0.002719
-0.5139 0.002211
-0.5038 0.001793
-0.4923 0.001448
-0.4792 0.001166
-0.4645 0.000934
-0.4481 0.000745
-0.4299 0.000591
-0.4098 0.000466
-0.3878 0.000365
-0.3638 0.000283
-0.3377 0.000217
-0.3093 0.000164
-0.2781 0.000122
-0.2436 0.000089
-0.2044 0.000061
-0.1575 0.000039
-0.0953 0.012023
0.0022 -0.000256
0.1366 -0.067641
0.2397 -0.119500
0.2863 -0.143020
0.2902 -0.145167
0.2707 -0.135497
0.2415 -0.120901
0.2100 -0.105169
0.1795 -0.089913
0.1508 -0.075525
0.1233 -0.061796
0.0961 -0.048206
0.0677 -0.033986
0.0356 -0.017917
-0.0038 0.001586
-0.0564 0.022803
-0.1259 0.042328
-0.2042 0.056887
-0.2766 0.063782
-0.3365 0.064216
-0.3843 0.060660
-0.4220 0.055092
-0.4517 0.048774
-0.4753 0.042436
-0.4940 0.036468
-0.5087 0.031055
-0.5203 0.026263
-0.5293 0.022090
-0.5360 0.018498
-0.5409 0.015433
-0.5440 0.012836
-0.5457 0.010645
-0.5460 0.008806
-0.5449 0.007267
-0.5426 0.005983
-0.5391 0.004915
-0.5343 0.004028
-0.5282 0.003292
-0.5209 0.002684
-0.5121 0.002182
-0.5020 0.001769
-0.4903 0.001428
-0.4771 0.001149
-0.4623 0.000921
-0.4457 0.000734
-0.4274 0.000582
-0.4072 0.000458
-0.3851 0.000359
-0.3609 0.000278
-0.3346 0.000213
-0.3060 0.000161
-0.2746 0.000120
-0.2397 0.000086
-0.2000 0.000060
-0.1519 0.000037
-0.0872 0.011020
0.0149 -0.003418
0.1495 -0.074110
0.2469 -0.123128
0.2882 -0.144034
0.2891 -0.144589
0.2681 -0.134184
0.2384 -0.119368
0.2070 -0.103659
0.1767 -0.088507
0.1482 -0.074224
0.1209 -0.060561
0.0937 -0.046982
0.0651 -0.032691
0.0326 -0.016373
-0.0076 0.003303
-0.0613 0.024451
-0.1320 0.043695
-0.2102 0.057649
-0.2816 0.063930
-0.3404 0.063952
-0.3872 0.060176
-0.4241 0.054517
-0.4533 0.048183
-0.4764 0.041872
-0.4946 0.035952
-0.5091 0.030595
-0.5204 0.025860
-0.5291 0.021741
-0.5357 0.018199
-0.5403 0.015179
-0.5434 0.012620
-0.5449 0.010464
-0.5450 0.008654
-0.5438 0.007140
-0.5414 0.005877
-0.5377 0.004826
-0.5327 0.003954
-0.5265 0.003231
-0.5190 0.002633
-0.5101 0.002140
-0.4998 0.001734
-0.4880 0.001400
-0.4747 0.001126
-0.4596 0.000901
-0.4429 0.000718
-0.4244 0.000569
-0.4040 0.000448
-0.3817 0.000350
-0.3573 0.000271
-0.3307 0.000207
-0.3018 0.000156
-0.2701 0.000116
-0.2347 0.000083
-0.1942 0.000057
-0.1447 0.000035
-0.0765 0.009676
0.0318 -0.007626
0.1653 -0.082042
0.2553 -0.127323
0.2902 -0.145027
0.2872 -0.143690
0.2646 -0.132436
0.2345 -0.117383
0.2031 -0.101718
0.1731 -0.086699
0.1448 -0.072539
0.1176 -0.058949
0.0904 -0.045363
0.0616 -0.030954
0.0286 -0.014291
-0.0128 0.005638
-0.0683 0.026667
-0.1404 0.045508
-0.2183 0.058635
-0.2883 0.064110
-0.3457 0.063602
-0.3912 0.059546
-0.4272 0.053771
-0.4556 0.047421
-0.4780 0.041146
-0.4958 0.035288
-0.5098 0.030004
-0.5208 0.025342
-0.5292 0.021294
-0.5355 0.017816
-0.5399 0.014853
-0.5427 0.012344
-0.5440 0.010232
-0.5440 0.008459
-0.5426 0.006976
-0.5400 0.005740
-0.5361 0.004712
-0.5310 0.003859
-0.5246 0.003153
-0.5169 0.002568
-0.5079 0.002086
-0.4974 0.001689
-0.4854 0.001363
-0.4718 0.001096
-0.4565 0.000877
-0.4396 0.000698
-0.4208 0.000552
-0.4002 0.000434
-0.3776 0.000339
-0.3529 0.000262
-0.3261 0.000200
-0.2968 0.000151
-0.2646 0.000111
-0.2286 0.000079
-0.1870 0.000054
-0.1355 0.000032
-0.0625 0.007940
0.0531 -0.019410
0.1833 -0.091106
0.2641 -0.131778
0.2917 -0.145816
0.2846 -0.142392
0.2602 -0.130239
0.2296 -0.114961
0.1984 -0.099370
0.1687 -0.084508
0.1407 -0.070487
0.1137 -0.056966
0.0864 -0.043349
0.0572 -0.028764
0.0234 -0.011656
-0.0195 0.008572
-0.0773 0.029416
-0.1510 0.047682
-0.2283 0.059743
-0.2966 0.064243
-0.3522 0.063112
-0.3963 0.058734
-0.4310 0.052833
-0.4584 0.046471
-0.4801 0.040246
-0.4973 0.034469
-0.5108 0.029276
-0.5214 0.024707
-0.5294 0.020746
-0.5354 0.017347
-0.5396 0.014455
-0.5421 0.012008
-0.5432 0.009948
-0.5429 0.008221
-0.5414 0.006778
-0.5385 0.005575
-0.5345 0.004575
-0.5291 0.003745
-0.5225 0.003058
-0.5146 0.002490
-0.5053 0.002022
-0.4946 0.001636
-0.4823 0.001319
-0.4685 0.001059
-0.4530 0.000847
-0.4357 0.000674
-0.4167 0.000533
-0.3957 0.000418
-0.3728 0.000326
-0.3478 0.000251
-0.3206 0.000192
-0.2909 0.000144
-0.2581 0.000106
-0.2213 0.000075
-0.1783 0.000050
-0.1242 0.000029
-0.0449 0.011473
0.0786 -0.028941
0.2026 -0.100823
0.2727 -0.136123
0.2924 -0.146194
0.2810 -0.140608
0.2549 -0.127576
0.2239 -0.112116
0.1930 -0.096638
0.1636 -0.081961
0.1359 -0.068088
0.1090 -0.054628
0.0816 -0.040945
0.0519 -0.026110
0.0170 -0.008463
-0.0279 0.012075
-0.0884 0.032653
-0.1637 0.050134
-0.2402 0.060902
-0.3063 0.064298
-0.3598 0.062484
-0.4021 0.057761
-0.4355 0.051733
-0.4618 0.045368
-0.4827 0.039208
-0.4991 0.033526
-0.5121 0.028441
-0.5222 0.023979
-0.5298 0.020119
-0.5355 0.016812
-0.5393 0.014000
-0.5416 0.011624
-0.5424 0.009626
-0.5418 0.007951
-0.5400 0.006552
-0.5370 0.005387
-0.5326 0.004418
-0.5271 0.003615
-0.5202 0.002950
-0.5121 0.002401
-0.5025 0.001948
-0.4915 0.001575
-0.4789 0.001269
-0.4648 0.001019
-0.4490 0.000814
-0.4314 0.000646
-0.4120 0.000510
-0.3907 0.000400
-0.3674 0.000311
-0.3420 0.000240
-0.3143 0.000182
-0.2840 0.000136
-0.2506 0.000099
-0.2127 0.000070
-0.1680 0.000046
-0.1103 0.000025
-0.0225 0.005905
0.1078 -0.039901
0.2223 -0.110707
0.2804 -0.140030
0.2919 -0.145996
0.2763 -0.138281
0.2486 -0.124445
0.2174 -0.108869
0.1868 -0.093547
0.1579 -0.079076
0.1304 -0.065353
0.1036 -0.051934
0.0760 -0.038138
0.0456 -0.022959
0.0092 -0.004626
-0.0381 0.016168
-0.1020 0.036318
-0.1786 0.052742
-0.2535 0.062000
-0.3172 0.064197
-0.3683 0.061670
-0.4087 0.056601
-0.4405 0.050455
-0.4657 0.044105
-0.4856 0.038027
-0.5013 0.032460
-0.5136 0.027500
-0.5231 0.023161
-0.5303 0.019415
-0.5356 0.016211
-0.5391 0.013491
-0.5410 0.011195
-0.5415 0.009265
-0.5407 0.007649
-0.5386 0.006300
-0.5353 0.005177
-0.5307 0.004244
-0.5248 0.003470
-0.5177 0.002830
-0.5092 0.002302
-0.4993 0.001866
-0.4880 0.001508
-0.4751 0.001214
-0.4606 0.000973
-0.4444 0.000776
-0.4265 0.000616
-0.4067 0.000486
-0.3850 0.000380
-0.3612 0.000295
-0.3354 0.000226
-0.3071 0.000172
-0.2762 0.000128
-0.2419 0.000092
-0.2028 0.000064
-0.1557 0.000041
-0.0932 0.011763
0.0052 -0.000994
0.1394 -0.069043
0.2411 -0.120198
0.2866 -0.143171
0.2900 -0.145071
0.2705 -0.135370
0.2414 -0.120854
0.2102 -0.105245
0.1800 -0.090124
0.1515 -0.075874
0.1243 -0.062295
0.0975 -0.048887
0.0695 -0.034912
0.0382 -0.019270
0.0000 -0.000207
-0.0505 0.020767
-0.1179 0.040282
-0.1954 0.055320
-0.2682 0.062885
-0.3290 0.063837
-0.3776 0.060601
-0.4159 0.055207
-0.4461 0.048970
-0.4699 0.042660
-0.4888 0.036690
-0.5036 0.031260
-0.5153 0.026445
-0.5242 0.022247
-0.5309 0.018630
-0.5357 0.015543
-0.5388 0.012926
-0.5404 0.010719
-0.5406 0.008866
-0.5395 0.007315
-0.5371 0.006021
-0.5334 0.004945
-0.5285 0.004051
-0.5224 0.003311
-0.5149 0.002698
-0.5061 0.002193
-0.4959 0.001776
-0.4842 0.001434
-0.4709 0.001153
-0.4560 0.000923
-0.4394 0.000736
-0.4210 0.000583
-0.4008 0.000459
-0.3786 0.000358
-0.3544 0.000277
-0.3279 0.000212
-0.2991 0.000160
-0.2674 0.000118
-0.2321 0.000085
-0.1913 0.000058
-0.1413 0.000035
-0.0717 0.009078
0.0390 -0.009416
0.1714 -0.085101
0.2582 -0.128800
0.2907 -0.145295
0.2865 -0.143328
0.2634 -0.131863
0.2333 -0.116825
0.2022 -0.101271
0.1725 -0.086390
0.1445 -0.072369
0.1176 -0.058914
0.0907 -0.045470
0.0622 -0.031230
0.0296 -0.014823
-0.0110 0.004842
-0.0654 0.025702
-0.1363 0.044490
-0.2138 0.057813
-0.2839 0.063564
-0.3416 0.063272
-0.3874 0.059356
-0.4235 0.053665
-0.4519 0.047362
-0.4744 0.041113
-0.4922 0.035268
-0.5061 0.029990
-0.5170 0.025332
-0.5254 0.021284
-0.5316 0.017806
-0.5359 0.014842
-0.5386 0.012333
-0.5398 0.010220
-0.5396 0.008448
-0.5381 0.006966
-0.5354 0.005730
-0.5314 0.004702
-0.5262 0.003850
-0.5197 0.003144
-0.5118 0.002560
-0.5027 0.002079
-0.4921 0.001683
-0.4799 0.001357
-0.4663 0.001090
-0.4509 0.000872
-0.4339 0.000694
-0.4150 0.000548
-0.3942 0.000431
-0.3715 0.000336
-0.3467 0.000259
-0.3197 0.000198
-0.2901 0.000148
-0.2576 0.000109
-0.2209 0.000077
-0.1781 0.000052
-0.1241 0.000030
-0.0450 0.011502
0.0782 -0.028804
0.2022 -0.100607
0.2724 -0.135984
0.2924 -0.146173
0.2812 -0.140704
0.2553 -0.127773
0.2245 -0.112396
0.1937 -0.096989
0.1645 -0.082380
0.1369 -0.068584
0.1102 -0.055223
0.0831 -0.041680
0.0538 -0.027062
0.0196 -0.009774
-0.0240 0.010490
-0.0829 0.031021
-0.1570 0.048729
-0.2335 0.060026
-0.3003 0.063917
-0.3546 0.062431
-0.3975 0.057892
-0.4313 0.051952
-0.4580 0.045618
-0.4791 0.039457
-0.4957 0.033759
-0.5087 0.028649
-0.5189 0.024160
-0.5266 0.020274
-0.5322 0.016942
-0.5360 0.014109
-0.5383 0.011715
-0.5391 0.009700
-0.5385 0.008012
-0.5366 0.006602
-0.5335 0.005427
-0.5292 0.004451
-0.5236 0.003641
-0.5167 0.002971
-0.5085 0.002417
-0.4989 0.001961
-0.4879 0.001586
-0.4753 0.001277
-0.4612 0.001025
-0.4453 0.000818
-0.4277 0.000650
-0.4083 0.000513
-0.3870 0.000402
-0.3637 0.000312
-0.3383 0.000240
-0.3106 0.000182
-0.2802 0.000136
-0.2465 0.000099
-0.2083 0.000069
-0.1628 0.000045
-0.1034 0.000024
-0.0114 0.003141
0.1209 -0.044848
0.2302 -0.114717
0.2831 -0.141410
0.2913 -0.145708
0.2742 -0.137210
0.2460 -0.123143
0.2149 -0.107610
0.1846 -0.092429
0.1559 -0.078112
0.1288 -0.064523
0.1021 -0.051207
0.0747 -0.037480
0.0443 -0.022334
0.0080 -0.004009
-0.0395 0.016689
-0.1033 0.036601
-0.1797 0.052762
-0.2541 0.061784
-0.3172 0.063837
-0.3679 0.061245
-0.4079 0.056164
-0.4394 0.050035
-0.4642 0.043716
-0.4838 0.037677
-0.4993 0.032150
-0.5114 0.027228
-0.5207 0.022925
-0.5278 0.019211
-0.5328 0.016036
-0.5361 0.013342
-0.5379 0.011068
-0.5382 0.009157
-0.5373 0.007558
-0.5350 0.006223
-0.5315 0.005111
-0.5268 0.004188
-0.5207 0.003424
-0.5135 0.002791
-0.5048 0.002269
-0.4948 0.001839
-0.4833 0.001485
-0.4702 0.001195
-0.4556 0.000957
-0.4392 0.000763
-0.4210 0.000605
-0.4011 0.000476
-0.3791 0.000372
-0.3552 0.000288
-0.3291 0.000221
-0.3005 0.000167
-0.2692 0.000124
-0.2342 0.000089
-0.1940 0.000061
-0.1449 0.000038
-0.0774 0.009787
0.0300 -0.007171
0.1633 -0.081030
0.2540 -0.126680
0.2898 -0.144831
0.2876 -0.143870
0.2655 -0.132892
0.2358 -0.118034
0.2047 -0.102516
0.1750 -0.087625
0.1469 -0.073605
0.1201 -0.060190
0.0934 -0.046852
0.0654 -0.032826
0.0336 -0.016892
-0.0056 0.002400
-0.0578 0.023214
-0.1267 0.042261
-0.2039 0.056373
-0.2752 0.062988
-0.3342 0.063301
-0.3812 0.059727
-0.4183 0.054199
-0.4475 0.047948
-0.4705 0.041689
-0.4886 0.035804
-0.5029 0.030471
-0.5141 0.025753
-0.5226 0.021647
-0.5289 0.018116
-0.5334 0.015105
-0.5361 0.012554
-0.5374 0.010405
-0.5373 0.008601
-0.5359 0.007093
-0.5332 0.005835
-0.5293 0.004789
-0.5241 0.003921
-0.5176 0.003202
-0.5099 0.002608
-0.5008 0.002118
-0.4903 0.001714
-0.4782 0.001383
-0.4647 0.001111
-0.4494 0.000888
-0.4325 0.000707
-0.4137 0.000559
-0.3931 0.000439
-0.3705 0.000342
-0.3459 0.000264
-0.3189 0.000202
-0.2895 0.000151
-0.2570 0.000111
-0.2205 0.000079
-0.1777 0.000053
-0.1237 0.000030
-0.0446 0.011408
0.0786 -0.028944
0.2024 -0.100677
0.2724 -0.135981
0.2923 -0.146161
0.2812 -0.140725
0.2554 -0.127843
0.2247 -0.112519
0.1940 -0.097163
0.1649 -0.082606
0.1375 -0.068865
0.1109 -0.055572
0.0840 -0.042121
0.0550 -0.027643
0.0212 -0.010582
-0.0216 0.009494
-0.0794 0.029971
-0.1527 0.047794
-0.2291 0.059416
-0.2964 0.063627
-0.3511 0.062358
-0.3945 0.057943
-0.4286 0.052065
-0.4554 0.045756
-0.4766 0.039598
-0.4934 0.033891
-0.5065 0.028768
-0.5166 0.024265
-0.5244 0.020363
-0.5300 0.017018
-0.5338 0.014172
-0.5360 0.011767
-0.5368 0.009743
-0.5362 0.008047
-0.5343 0.006630
-0.5311 0.005449
-0.5268 0.004469
-0.5211 0.003655
-0.5142 0.002982
-0.5060 0.002426
-0.4964 0.001968
-0.4853 0.001591
-0.4727 0.001281
-0.4586 0.001028
-0.4427 0.000820
-0.4252 0.000651
-0.4058 0.000514
-0.3844 0.000403
-0.3611 0.000313
-0.3357 0.000240
-0.3079 0.000182
-0.2774 0.000136
-0.2436 0.000099
-0.2050 0.000069
-0.1589 0.000044
-0.0981 0.000023
-0.0029 0.001031
0.1304 -0.064561
0.2358 -0.117491
0.2848 -0.142298
0.2908 -0.145428
0.2725 -0.136393
0.2440 -0.122177
0.2131 -0.106680
0.1829 -0.091602
0.1545 -0.077396
0.1275 -0.063901
0.1010 -0.050655
0.0737 -0.036971
0.0434 -0.021839
0.0069 -0.003506
-0.0406 0.017127
-0.1046 0.036882
-0.1807 0.052846
-0.2547 0.061679
-0.3174 0.063612
-0.3677 0.060963
-0.4074 0.055865
-0.4386 0.049744
-0.4633 0.043445
-0.4827 0.037431
-0.4980 0.031931
-0.5099 0.027036
-0.5191 0.022758
-0.5260 0.019067
-0.5309 0.015913
-0.5341 0.013236
-0.5357 0.010978
-0.5360 0.009080
-0.5349 0.007493
-0.5325 0.006168
-0.5289 0.005065
-0.5240 0.004149
-0.5179 0.003391
-0.5105 0.002763
-0.5017 0.002246
-0.4916 0.001819
-0.4799 0.001469
-0.4668 0.001181
-0.4520 0.000946
-0.4355 0.000753
-0.4172 0.000597
-0.3971 0.000470
-0.3750 0.000367
-0.3509 0.000284
-0.3246 0.000217
-0.2958 0.000164
-0.2641 0.000121
-0.2286 0.000086
-0.1876 0.000059
-0.1368 0.000035
-0.0652 0.008273
0.0486 -0.011810
0.1792 -0.089034
0.2619 -0.130657
0.2913 -0.145591
0.2854 -0.142805
0.2618 -0.131054
0.2317 -0.116019
0.2009 -0.100591
0.1715 -0.085868
0.1437 -0.072004
0.1171 -0.058696
0.0905 -0.045397
0.0623 -0.031318
0.0302 -0.015143
-0.0098 0.004290
-0.0632 0.024967
-0.1331 0.043655
-0.2100 0.057087
-0.2801 0.063038
-0.3379 0.062915
-0.3838 0.059114
-0.4199 0.053496
-0.4484 0.047239
-0.4708 0.041018
-0.4885 0.035192
-0.5024 0.029926
-0.5132 0.025276
-0.5214 0.021235
-0.5275 0.017762
-0.5317 0.014803
-0.5342 0.012298
-0.5353 0.010188
-0.5350 0.008419
-0.5333 0.006940
-0.5305 0.005707
-0.5263 0.004682
-0.5209 0.003832
-0.5143 0.003128
-0.5064 0.002546
-0.4970 0.002067
-0.4863 0.001672
-0.4740 0.001347
-0.4602 0.001082
-0.4448 0.000864
-0.4276 0.000687
-0.4086 0.000543
-0.3877 0.000426
-0.3648 0.000331
-0.3398 0.000255
-0.3125 0.000194
-0.2826 0.000145
-0.2495 0.000106
-0.2120 0.000075
-0.1676 0.000049
-0.1102 0.000027
-0.0229 0.006009
0.1068 -0.039552
0.2214 -0.110242
0.2799 -0.139780
0.2920 -0.146012
0.2769 -0.138543
0.2495 -0.124908
0.2187 -0.109495
0.1883 -0.094315
0.1597 -0.079986
0.1326 -0.066427
0.1062 -0.053223
0.0792 -0.039738
0.0498 -0.025047
0.0151 -0.007500
-0.0296 0.012780
-0.0898 0.032920
-0.1643 0.049942
-0.2397 0.060336
-0.3049 0.063523
-0.3576 0.061633
-0.3992 0.056913
-0.4320 0.050931
-0.4578 0.044633
-0.4781 0.038547
-0.4941 0.032941
-0.5066 0.027928
-0.5163 0.023533
-0.5236 0.019732
-0.5288 0.016479
-0.5323 0.013715
-0.5342 0.011380
-0.5346 0.009417
-0.5337 0.007773
-0.5316 0.006401
-0.5281 0.005259
-0.5235 0.004310
-0.5176 0.003523
-0.5104 0.002872
-0.5018 0.002335
-0.4919 0.001893
-0.4805 0.001529
-0.4676 0.001230
-0.4531 0.000986
-0.4369 0.000786
-0.4190 0.000623
-0.3992 0.000491
-0.3774 0.000384
-0.3537 0.000297
-0.3277 0.000228
-0.2994 0.000172
-0.2682 0.000128
-0.2334 0.000092
-0.1933 0.000063
-0.1442 0.000039
-0.0766 0.009692
0.0309 -0.007405
0.1639 -0.081365
0.2542 -0.126797
0.2898 -0.144839
0.2876 -0.143872
0.2656 -0.132946
0.2360 -0.118162
0.2051 -0.102722
0.1755 -0.087911
0.1477 -0.073974
0.1210 -0.060655
0.0946 -0.047442
0.0669 -0.033594
0.0357 -0.017997
-0.0026 0.000997
-0.0533 0.021668
-0.1205 0.040748
-0.1972 0.055255
-0.2689 0.062387
-0.3287 0.063093
-0.3763 0.059757
-0.4139 0.054353
-0.4434 0.048157
-0.4667 0.041912
-0.4850 0.036018
-0.4994 0.030666
-0.5106 0.025925
-0.5191 0.021796
-0.5255 0.018242
-0.5299 0.015210
-0.5326 0.012641
-0.5339 0.010476
-0.5337 0.008659
-0.5322 0.007140
-0.5295 0.005873
-0.5255 0.004820
-0.5203 0.003945
-0.5138 0.003221
-0.5060 0.002623
-0.4969 0.002130
-0.4863 0.001724
-0.4742 0.001390
-0.4606 0.001116
-0.4454 0.000892
-0.4284 0.000710
-0.4096 0.000561
-0.3890 0.000441
-0.3664 0.000343
-0.3417 0.000265
-0.3147 0.000202
-0.2851 0.000151
-0.2524 0.000111
-0.2154 0.000078
-0.1718 0.000052
-0.1161 0.000029
-0.0327 0.008441
0.0943 -0.034853
0.2131 -0.106097
0.2767 -0.138174
0.2923 -0.146152
