-0.2243 -0.000208
-0.2155 -0.000179
-0.2057 -0.000155
-0.1948 -0.000134
-0.1823 -0.000117
-0.1679 -0.000102
-0.1507 -0.000089
-0.1295 -0.000079
-0.1017 -0.000071
-0.0638 -0.021854
-0.0107 -0.024496
0.0675 -0.028389
0.1519 -0.065170
0.2140 -0.071402
0.2492 -0.074941
0.2622 -0.076255
0.2600 -0.076043
0.2486 -0.074902
0.2321 -0.073253
0.2132 -0.071361
0.1934 -0.069377
0.1734 -0.067375
0.1535 -0.065381
0.1336 -0.063388
0.1134 -0.061362
0.0922 -0.059245
0.0691 -0.056938
0.0424 -0.053601
0.0099 -0.046293
-0.0330 -0.039276
-0.0915 -0.030622
-0.1631 -0.021100
-0.2346 -0.013886
-0.2952 -0.008950
-0.3424 -0.005751
-0.3778 -0.003726
-0.4035 -0.002455
-0.4219 -0.001658
-0.4347 -0.001159
-0.4430 -0.000844
-0.4480 -0.000642
-0.4504 -0.000512
-0.4508 -0.000424
-0.4495 -0.000363
-0.4470 -0.000318
-0.4434 -0.000284
-0.4389 -0.000256
-0.4337 -0.000232
-0.4278 -0.000211
-0.4215 -0.000192
-0.4146 -0.000174
-0.4073 -0.000158
-0.3996 -0.000143
-0.3915 -0.000129
-0.3830 -0.000116
-0.3742 -0.000104
-0.3650 -0.000093
-0.3555 -0.000083
-0.3456 -0.000074
-0.3355 -0.000066
-0.3250 -0.000059
-0.3142 -0.000052
-0.3030 -0.000046
-0.2916 -0.000041
-0.2800 -0.000036
-0.2685 -0.011601
-0.2599 -0.012030
-0.2525 -0.012394
-0.2492 -0.025101
-0.2486 -0.025152
-0.2506 -0.024956
-0.2548 -0.024539
-0.2606 -0.023957
-0.2674 -0.023279
-0.2745 -0.022565
-0.2816 -0.021857
-0.2883 -0.021184
-0.2944 -0.020564
-0.3000 -0.020006
-0.3049 -0.019512
-0.3092 -0.019083
-0.3129 -0.018716
-0.3160 -0.018408
-0.3184 -0.017245
-0.3201 -0.015748
-0.3212 -0.014548
-0.3216 -0.012548
-0.3213 -0.010496
-0.3204 -0.008809
-0.3190 -0.007414
-0.3173 -0.006252
-0.3151 -0.005282
-0.3127 -0.004468
-0.3101 -0.003784
-0.3073 -0.003207
-0.3043 -0.002720
-0.3011 -0.002309
-0.2977 -0.001961
-0.2943 -0.001666
-0.2906 -0.001416
-0.2868 -0.001204
-0.2828 -0.001024
-0.2785 -0.000872
-0.2741 -0.000743
-0.2694 -0.000633
-0.2644 -0.000540
-0.2590 -0.000462
-0.2533 -0.000395
-0.2471 -0.000338
-0.2404 -0.000290
-0.2332 -0.000249
-0.2253 -0.000214
-0.2166 -0.000184
-0.2069 -0.000159
-0.1961 -0.000138
-0.1839 -0.000120
-0.1698 -0.000104
-0.1530 -0.000092
-0.1324 -0.000081
-0.1056 -0.000073
-0.0689 -0.021600
-0.0185 -0.024106
0.0567 -0.027853
0.1426 -0.064239
0.2079 -0.070790
0.2463 -0.074647
0.2616 -0.076195
0.2610 -0.076135
0.2504 -0.075082
0.2344 -0.073478
0.2157 -0.071605
0.1959 -0.069627
0.1759 -0.067626
0.1560 -0.065631
0.1361 -0.063640
0.1159 -0.061621
0.0949 -0.059521
0.0722 -0.057246
0.0461 -0.054594
0.0145 -0.047208
-0.0267 -0.040184
-0.0831 -0.031993
-0.1536 -0.022211
-0.2259 -0.014683
-0.2881 -0.009479
-0.3370 -0.006091
-0.3737 -0.003941
-0.4006 -0.002590
-0.4198 -0.001744
-0.4332 -0.001213
-0.4420 -0.000879
-0.4474 -0.000666
-0.4501 -0.000527
-0.4507 -0.000435
-0.4496 -0.000371
-0.4472 -0.000325
-0.4437 -0.000289
-0.4393 -0.000260
-0.4342 -0.000236
-0.4284 -0.000214
-0.4221 -0.000194
-0.4153 -0.000177
-0.4080 -0.000160
-0.4004 -0.000145
-0.3923 -0.000131
-0.3839 -0.000118
-0.3751 -0.000106
-0.3659 -0.000095
-0.3564 -0.000085
-0.3466 -0.000076
-0.3365 -0.000067
-0.3260 -0.000060
-0.3153 -0.000053
-0.3042 -0.000047
-0.2928 -0.000042
-0.2812 -0.000037
-0.2696 -0.000032
-0.2607 -0.011988
-0.2532 -0.012360
-0.2495 -0.025069
-0.2487 -0.025144
-0.2505 -0.024971
-0.2544 -0.024572
-0.2601 -0.024004
-0.2668 -0.023334
-0.2739 -0.022623
-0.2810 -0.021916
-0.2877 -0.021242
-0.2939 -0.020620
-0.2995 -0.020059
-0.3044 -0.019562
-0.3088 -0.019130
-0.3125 -0.018760
-0.3156 -0.018449
-0.3181 -0.017398
-0.3198 -0.015874
-0.3209 -0.014652
-0.3214 -0.012718
-0.3211 -0.010636
-0.3203 -0.008925
-0.3189 -0.007510
-0.3171 -0.006333
-0.3150 -0.005350
-0.3126 -0.004525
-0.3100 -0.003832
-0.3072 -0.003248
-0.3042 -0.002755
-0.3010 -0.002338
-0.2977 -0.001985
-0.2942 -0.001686
-0.2906 -0.001433
-0.2867 -0.001219
-0.2827 -0.001037
-0.2785 -0.000883
-0.2741 -0.000752
-0.2694 -0.000641
-0.2644 -0.000547
-0.2590 -0.000467
-0.2533 -0.000399
-0.2472 -0.000342
-0.2405 -0.000293
-0.2333 -0.000252
-0.2254 -0.000216
-0.2168 -0.000186
-0.2072 -0.000161
-0.1964 -0.000139
-0.1842 -0.000121
-0.1702 -0.000106
-0.1535 -0.000093
-0.1330 -0.000082
-0.1065 -0.000073
-0.0700 -0.021546
-0.0202 -0.024022
0.0544 -0.027735
0.1404 -0.064023
0.2065 -0.070646
0.2456 -0.074577
0.2615 -0.076181
0.2612 -0.076157
0.2508 -0.075124
0.2349 -0.073531
0.2163 -0.071664
0.1965 -0.069687
0.1765 -0.067686
0.1566 -0.065692
0.1367 -0.063701
0.1166 -0.061685
0.0956 -0.059589
0.0729 -0.057322
0.0470 -0.054734
0.0157 -0.047468
-0.0251 -0.040435
-0.0809 -0.032351
-0.1512 -0.022504
-0.2236 -0.014897
-0.2862 -0.009623
-0.3355 -0.006184
-0.3726 -0.004000
-0.3997 -0.002628
-0.4192 -0.001769
-0.4327 -0.001230
-0.4417 -0.000890
-0.4471 -0.000673
-0.4499 -0.000532
-0.4505 -0.000439
-0.4495 -0.000374
-0.4471 -0.000327
-0.4437 -0.000291
-0.4393 -0.000262
-0.4342 -0.000237
-0.4285 -0.000215
-0.4221 -0.000196
-0.4153 -0.000178
-0.4081 -0.000161
-0.4004 -0.000146
-0.3924 -0.000132
-0.3839 -0.000118
-0.3751 -0.000106
-0.3660 -0.000095
-0.3565 -0.000085
-0.3467 -0.000076
-0.3366 -0.000068
-0.3261 -0.000060
-0.3153 -0.000053
-0.3042 -0.000047
-0.2928 -0.000042
-0.2812 -0.000037
-0.2697 -0.000032
-0.2608 -0.011985
-0.2533 -0.012358
-0.2496 -0.025058
-0.2488 -0.025134
-0.2506 -0.024961
-0.2545 -0.024562
-0.2602 -0.023994
-0.2669 -0.023326
-0.2740 -0.022617
-0.2810 -0.021912
-0.2877 -0.021241
-0.2939 -0.020622
-0.2994 -0.020063
-0.3044 -0.019569
-0.3087 -0.019139
-0.3123 -0.018771
-0.3154 -0.018462
-0.3179 -0.017383
-0.3196 -0.015865
-0.3207 -0.014648
-0.3212 -0.012688
-0.3209 -0.010612
-0.3200 -0.008906
-0.3186 -0.007494
-0.3169 -0.006320
-0.3147 -0.005339
-0.3123 -0.004516
-0.3097 -0.003825
-0.3069 -0.003242
-0.3039 -0.002749
-0.3007 -0.002333
-0.2973 -0.001981
-0.2938 -0.001683
-0.2902 -0.001431
-0.2864 -0.001217
-0.2823 -0.001035
-0.2781 -0.000881
-0.2737 -0.000751
-0.2690 -0.000640
-0.2639 -0.000546
-0.2586 -0.000466
-0.2529 -0.000399
-0.2467 -0.000341
-0.2400 -0.000293
-0.2328 -0.000251
-0.2248 -0.000216
-0.2161 -0.000186
-0.2065 -0.000161
-0.1957 -0.000139
-0.1834 -0.000121
-0.1692 -0.000105
-0.1523 -0.000093
-0.1316 -0.000082
-0.1045 -0.000073
-0.0675 -0.021674
-0.0162 -0.024219
0.0599 -0.028011
0.1454 -0.064520
0.2098 -0.070982
0.2473 -0.074747
0.2619 -0.076227
0.2608 -0.076121
0.2500 -0.075041
0.2338 -0.073423
0.2151 -0.071545
0.1953 -0.069565
0.1753 -0.067564
0.1554 -0.065571
0.1355 -0.063580
0.1153 -0.061561
0.0943 -0.059458
0.0715 -0.057179
0.0453 -0.054418
0.0136 -0.047044
-0.0279 -0.040018
-0.0847 -0.031716
-0.1555 -0.021989
-0.2275 -0.014526
-0.2894 -0.009377
-0.3379 -0.006028
-0.3743 -0.003903
-0.4010 -0.002568
-0.4200 -0.001732
-0.4332 -0.001207
-0.4420 -0.000876
-0.4472 -0.000664
-0.4499 -0.000527
-0.4504 -0.000435
-0.4493 -0.000372
-0.4468 -0.000325
-0.4433 -0.000290
-0.4389 -0.000261
-0.4337 -0.000236
-0.4279 -0.000214
-0.4216 -0.000195
-0.4147 -0.000177
-0.4075 -0.000160
-0.3998 -0.000145
-0.3917 -0.000131
-0.3832 -0.000118
-0.3744 -0.000106
-0.3652 -0.000095
-0.3557 -0.000085
-0.3459 -0.000076
-0.3357 -0.000067
-0.3252 -0.000060
-0.3144 -0.000053
-0.3033 -0.000047
-0.2919 -0.000042
-0.2802 -0.000037
-0.2688 -0.011588
-0.2601 -0.012019
-0.2527 -0.012386
-0.2495 -0.025065
-0.2490 -0.025120
-0.2509 -0.024925
-0.2551 -0.024509
-0.2609 -0.023930
-0.2676 -0.023256
-0.2747 -0.022548
-0.2816 -0.021847
-0.2883 -0.021183
-0.2944 -0.020572
-0.2999 -0.020021
-0.3047 -0.019535
-0.3089 -0.019113
-0.3125 -0.018753
-0.3155 -0.018451
-0.3179 -0.017232
-0.3196 -0.015747
-0.3206 -0.014556
-0.3210 -0.012447
-0.3206 -0.010415
-0.3197 -0.008744
-0.3182 -0.007360
-0.3164 -0.006208
-0.3143 -0.005246
-0.3118 -0.004438
-0.3092 -0.003759
-0.3063 -0.003186
-0.3033 -0.002702
-0.3001 -0.002294
-0.2967 -0.001948
-0.2932 -0.001655
-0.2895 -0.001407
-0.2856 -0.001196
-0.2816 -0.001018
-0.2773 -0.000867
-0.2729 -0.000738
-0.2681 -0.000629
-0.2631 -0.000537
-0.2577 -0.000459
-0.2519 -0.000392
-0.2456 -0.000336
-0.2389 -0.000288
-0.2315 -0.000247
-0.2235 -0.000213
-0.2147 -0.000183
-0.2049 -0.000158
-0.1939 -0.000137
-0.1814 -0.000119
-0.1668 -0.000104
-0.1495 -0.000091
-0.1280 -0.000081
-0.0997 -0.000073
-0.0611 -0.021991
-0.0065 -0.024706
0.0731 -0.028673
0.1567 -0.065650
0.2171 -0.071719
0.2508 -0.075102
0.2626 -0.076299
0.2597 -0.076013
0.2479 -0.074829
0.2312 -0.073157
0.2122 -0.071256
0.1923 -0.069269
0.1724 -0.067269
0.1525 -0.065277
0.1326 -0.063285
0.1123 -0.061259
0.0911 -0.059138
0.0679 -0.056822
0.0411 -0.053327
0.0083 -0.046033
-0.0352 -0.039007
-0.0943 -0.030179
-0.1662 -0.020751
-0.2373 -0.013643
-0.2972 -0.008795
-0.3438 -0.005657
-0.3787 -0.003670
-0.4041 -0.002423
-0.4222 -0.001641
-0.4346 -0.001151
-0.4428 -0.000840
-0.4477 -0.000642
-0.4499 -0.000513
-0.4502 -0.000426
-0.4488 -0.000365
-0.4462 -0.000321
-0.4425 -0.000286
-0.4380 -0.000258
-0.4327 -0.000233
-0.4269 -0.000212
-0.4204 -0.000193
-0.4135 -0.000175
-0.4062 -0.000158
-0.3984 -0.000143
-0.3902 -0.000129
-0.3817 -0.000116
-0.3728 -0.000104
-0.3636 -0.000094
-0.3541 -0.000084
-0.3442 -0.000075
-0.3339 -0.000066
-0.3234 -0.000059
-0.3125 -0.000052
-0.3014 -0.000046
-0.2899 -0.000041
-0.2782 -0.000036
-0.2673 -0.011664
-0.2587 -0.012087
-0.2519 -0.024831
-0.2493 -0.025087
-0.2492 -0.025098
-0.2516 -0.024862
-0.2560 -0.024412
-0.2620 -0.023812
-0.2688 -0.023130
-0.2759 -0.022422
-0.2828 -0.021728
-0.2894 -0.021074
-0.2953 -0.020475
-0.3007 -0.019938
-0.3054 -0.019465
-0.3095 -0.019056
-0.3130 -0.018708
-0.3159 -0.018417
-0.3181 -0.016955
-0.3197 -0.015527
-0.3205 -0.014382
-0.3208 -0.012037
-0.3203 -0.010079
-0.3192 -0.008467
-0.3177 -0.007130
-0.3158 -0.006016
-0.3136 -0.005085
-0.3111 -0.004303
-0.3084 -0.003645
-0.3055 -0.003090
-0.3024 -0.002622
-0.2992 -0.002225
-0.2958 -0.001890
-0.2922 -0.001606
-0.2885 -0.001365
-0.2846 -0.001161
-0.2805 -0.000988
-0.2762 -0.000841
-0.2717 -0.000717
-0.2669 -0.000611
-0.2617 -0.000522
-0.2563 -0.000446
-0.2504 -0.000381
-0.2440 -0.000326
-0.2372 -0.000280
-0.2297 -0.000240
-0.2215 -0.000207
-0.2125 -0.000178
-0.2024 -0.000154
-0.1911 -0.000134
-0.1782 -0.000116
-0.1631 -0.000102
-0.1449 -0.000089
-0.1221 -0.000079
-0.0917 -0.000072
-0.0504 -0.022523
0.0099 -0.025522
0.0941 -0.029719
0.1732 -0.067310
0.2273 -0.072746
0.2553 -0.075558
0.2631 -0.076348
0.2576 -0.075805
0.2443 -0.074476
0.2269 -0.072733
0.2076 -0.070801
0.1877 -0.068807
0.1678 -0.066808
0.1479 -0.064818
0.1280 -0.062823
0.1075 -0.060782
0.0860 -0.058627
0.0622 -0.056246
0.0342 -0.051597
-0.0005 -0.044416
-0.0472 -0.037378
-0.1100 -0.027838
-0.1830 -0.018907
-0.2521 -0.012351
-0.3090 -0.007949
-0.3527 -0.005119
-0.3851 -0.003333
-0.4087 -0.002212
-0.4254 -0.001510
-0.4367 -0.001068
-0.4441 -0.000788
-0.4483 -0.000609
-0.4500 -0.000491
-0.4499 -0.000411
-0.4482 -0.000355
-0.4453 -0.000313
-0.4414 -0.000280
-0.4367 -0.000252
-0.4313 -0.000229
-0.4253 -0.000208
-0.4187 -0.000189
-0.4117 -0.000171
-0.4043 -0.000155
-0.3964 -0.000140
-0.3881 -0.000126
-0.3795 -0.000114
-0.3706 -0.000102
-0.3612 -0.000091
-0.3516 -0.000082
-0.3416 -0.000073
-0.3313 -0.000065
-0.3207 -0.000057
-0.3097 -0.000051
-0.2985 -0.000045
-0.2870 -0.000040
-0.2753 -0.000035
-0.2650 -0.011775
-0.2568 -0.012185
-0.2511 -0.024910
-0.2491 -0.025108
-0.2496 -0.025056
-0.2526 -0.024760
-0.2575 -0.024266
-0.2638 -0.023640
-0.2707 -0.022947
-0.2777 -0.022241
-0.2845 -0.021558
-0.2909 -0.020919
-0.2967 -0.020337
-0.3019 -0.019818
-0.3064 -0.019363
-0.3103 -0.018972
-0.3136 -0.018640
-0.3164 -0.018234
-0.3184 -0.016554
-0.3198 -0.015208
-0.3205 -0.013734
-0.3205 -0.011469
-0.3198 -0.009613
-0.3186 -0.008081
-0.3170 -0.006809
-0.3150 -0.005749
-0.3127 -0.004860
-0.3102 -0.004114
-0.3074 -0.003486
-0.3044 -0.002956
-0.3013 -0.002508
-0.2980 -0.002129
-0.2946 -0.001809
-0.2910 -0.001537
-0.2872 -0.001307
-0.2833 -0.001112
-0.2791 -0.000946
-0.2747 -0.000806
-0.2701 -0.000687
-0.2652 -0.000586
-0.2600 -0.000500
-0.2544 -0.000427
-0.2484 -0.000366
-0.2419 -0.000313
-0.2348 -0.000269
-0.2272 -0.000231
-0.2187 -0.000199
-0.2094 -0.000172
-0.1990 -0.000148
-0.1872 -0.000129
-0.1737 -0.000112
-0.1578 -0.000098
-0.1384 -0.000087
-0.1137 -0.000077
-0.0799 -0.000070
-0.0343 -0.023323
0.0341 -0.026728
0.1212 -0.062096
0.1931 -0.069303
0.2387 -0.073886
0.2596 -0.075992
0.2626 -0.076298
0.2542 -0.075460
0.2393 -0.073969
0.2211 -0.072148
0.2015 -0.070187
0.1815 -0.068188
0.1616 -0.066192
0.1417 -0.064203
0.1217 -0.062199
0.1011 -0.060133
0.0790 -0.057923
0.0541 -0.055441
0.0244 -0.049329
-0.0133 -0.042255
-0.0648 -0.035165
-0.1320 -0.024849
-0.2052 -0.016631
-0.2710 -0.010792
-0.3237 -0.006939
-0.3637 -0.004480
-0.3931 -0.002932
-0.4144 -0.001962
-0.4293 -0.001353
-0.4393 -0.000970
-0.4455 -0.000726
-0.4489 -0.000568
-0.4500 -0.000464
-0.4494 -0.000392
-0.4473 -0.000341
-0.4441 -0.000302
-0.4399 -0.000271
-0.4350 -0.000245
-0.4294 -0.000222
-0.4232 -0.000202
-0.4165 -0.000183
-0.4093 -0.000166
-0.4017 -0.000151
-0.3937 -0.000136
-0.3853 -0.000122
-0.3766 -0.000110
-0.3675 -0.000099
-0.3581 -0.000088
-0.3484 -0.000079
-0.3383 -0.000070
-0.3279 -0.000062
-0.3171 -0.000055
-0.3061 -0.000049
-0.2947 -0.000043
-0.2831 -0.000038
-0.2714 -0.000034
-0.2622 -0.011916
-0.2543 -0.012305
-0.2502 -0.024998
-0.2490 -0.025116
-0.2504 -0.024981
-0.2540 -0.024613
-0.2595 -0.024067
-0.2660 -0.023413
-0.2730 -0.022712
-0.2800 -0.022011
-0.2867 -0.021342
-0.2929 -0.020723
-0.2984 -0.020164
-0.3034 -0.019668
-0.3077 -0.019236
-0.3114 -0.018866
-0.3145 -0.018555
-0.3170 -0.017634
-0.3188 -0.016076
-0.3199 -0.014828
-0.3204 -0.012895
-0.3202 -0.010784
-0.3193 -0.009049
-0.3179 -0.007614
-0.3162 -0.006420
-0.3141 -0.005423
-0.3117 -0.004587
-0.3090 -0.003885
-0.3062 -0.003292
-0.3032 -0.002792
-0.3000 -0.002370
-0.2966 -0.002012
-0.2931 -0.001709
-0.2895 -0.001453
-0.2856 -0.001235
-0.2816 -0.001051
-0.2774 -0.000895
-0.2729 -0.000762
-0.2682 -0.000650
-0.2632 -0.000554
-0.2578 -0.000474
-0.2521 -0.000405
-0.2459 -0.000347
-0.2392 -0.000297
-0.2319 -0.000255
-0.2240 -0.000219
-0.2152 -0.000189
-0.2055 -0.000163
-0.1946 -0.000141
-0.1822 -0.000123
-0.1679 -0.000107
-0.1508 -0.000094
-0.1297 -0.000083
-0.1020 -0.000075
-0.0641 -0.021845
-0.0110 -0.024483
0.0672 -0.028376
0.1517 -0.065155
0.2141 -0.071411
0.2495 -0.074970
0.2626 -0.076293
0.2604 -0.076085
0.2490 -0.074946
0.2326 -0.073296
0.2136 -0.071403
0.1938 -0.069419
0.1739 -0.067418
0.1540 -0.065426
0.1341 -0.063436
0.1139 -0.061415
0.0928 -0.059306
0.0698 -0.057011
0.0434 -0.053982
0.0112 -0.046633
-0.0312 -0.039600
-0.0890 -0.031006
-0.1602 -0.021421
-0.2318 -0.014124
-0.2928 -0.009115
-0.3404 -0.005864
-0.3760 -0.003802
-0.4021 -0.002508
-0.4207 -0.001696
-0.4335 -0.001187
-0.4420 -0.000865
-0.4470 -0.000659
-0.4495 -0.000525
-0.4499 -0.000435
-0.4486 -0.000372
-0.4461 -0.000326
-0.4425 -0.000290
-0.4380 -0.000261
-0.4328 -0.000237
-0.4269 -0.000215
-0.4205 -0.000195
-0.4136 -0.000177
-0.4063 -0.000160
-0.3985 -0.000145
-0.3904 -0.000131
-0.3819 -0.000118
-0.3730 -0.000106
-0.3638 -0.000095
-0.3542 -0.000085
-0.3443 -0.000076
-0.3341 -0.000067
-0.3235 -0.000060
-0.3127 -0.000053
-0.3015 -0.000047
-0.2900 -0.000041
-0.2783 -0.000036
-0.2674 -0.011657
-0.2588 -0.012084
-0.2521 -0.024811
-0.2494 -0.025075
-0.2493 -0.025093
-0.2516 -0.024859
-0.2561 -0.024411
-0.2620 -0.023812
-0.2688 -0.023132
-0.2759 -0.022428
-0.2827 -0.021739
-0.2892 -0.021090
-0.2951 -0.020495
-0.3004 -0.019963
-0.3051 -0.019494
-0.3092 -0.019089
-0.3126 -0.018744
-0.3155 -0.018457
-0.3177 -0.016953
-0.3192 -0.015533
-0.3200 -0.014329
-0.3202 -0.011955
-0.3197 -0.010013
-0.3186 -0.008412
-0.3170 -0.007085
-0.3151 -0.005979
-0.3129 -0.005054
-0.3104 -0.004277
-0.3077 -0.003623
-0.3047 -0.003072
-0.3016 -0.002606
-0.2984 -0.002212
-0.2950 -0.001879
-0.2914 -0.001596
-0.2876 -0.001357
-0.2837 -0.001154
-0.2796 -0.000982
-0.2753 -0.000836
-0.2707 -0.000713
-0.2659 -0.000608
-0.2607 -0.000519
-0.2552 -0.000443
-0.2492 -0.000379
-0.2428 -0.000325
-0.2359 -0.000279
-0.2283 -0.000239
-0.2200 -0.000206
-0.2109 -0.000178
-0.2007 -0.000154
-0.1891 -0.000133
-0.1759 -0.000116
-0.1605 -0.000101
-0.1417 -0.000089
-0.1180 -0.000080
-0.0860 -0.000072
-0.0426 -0.022910
0.0218 -0.026113
0.1082 -0.030427
0.1836 -0.068354
0.2335 -0.073367
0.2579 -0.075817
0.2632 -0.076355
0.2561 -0.075656
0.2420 -0.074240
0.2241 -0.072453
0.2047 -0.070505
0.1847 -0.068507
0.1648 -0.066509
0.1449 -0.064520
0.1249 -0.062522
0.1044 -0.060470
0.0826 -0.058292
0.0584 -0.055867
0.0296 -0.050586
-0.0065 -0.043447
-0.0553 -0.036376
-0.1203 -0.026393
-0.1935 -0.017799
-0.2611 -0.011590
-0.3159 -0.007457
-0.3578 -0.004810
-0.3888 -0.003140
-0.4113 -0.002093
-0.4270 -0.001437
-0.4377 -0.001023
-0.4445 -0.000761
-0.4483 -0.000592
-0.4498 -0.000480
-0.4494 -0.000404
-0.4475 -0.000350
-0.4444 -0.000309
-0.4404 -0.000277
-0.4356 -0.000250
-0.4300 -0.000227
-0.4239 -0.000206
-0.4173 -0.000187
-0.4102 -0.000170
-0.4026 -0.000154
-0.3947 -0.000139
-0.3864 -0.000125
-0.3777 -0.000112
-0.3687 -0.000101
-0.3593 -0.000090
-0.3496 -0.000080
-0.3395 -0.000072
-0.3291 -0.000064
-0.3184 -0.000057
-0.3074 -0.000050
-0.2961 -0.000044
-0.2845 -0.000039
-0.2728 -0.000034
-0.2631 -0.011868
-0.2551 -0.012268
-0.2505 -0.024969
-0.2490 -0.025121
-0.2500 -0.025018
-0.2534 -0.024675
-0.2587 -0.024146
-0.2651 -0.023501
-0.2721 -0.022804
-0.2791 -0.022103
-0.2858 -0.021431
-0.2920 -0.020808
-0.2977 -0.020243
-0.3027 -0.019742
-0.3070 -0.019304
-0.3108 -0.018929
-0.3139 -0.018613
-0.3165 -0.017824
-0.3183 -0.016232
-0.3195 -0.014956
-0.3201 -0.013102
-0.3199 -0.010953
-0.3190 -0.009189
-0.3177 -0.007730
-0.3160 -0.006517
-0.3139 -0.005504
-0.3115 -0.004656
-0.3089 -0.003942
-0.3061 -0.003341
-0.3030 -0.002833
-0.2999 -0.002404
-0.2965 -0.002042
-0.2930 -0.001734
-0.2894 -0.001474
-0.2855 -0.001253
-0.2815 -0.001066
-0.2773 -0.000908
-0.2728 -0.000773
-0.2681 -0.000659
-0.2631 -0.000562
-0.2578 -0.000480
-0.2521 -0.000411
-0.2459 -0.000351
-0.2392 -0.000301
-0.2320 -0.000258
-0.2240 -0.000222
-0.2153 -0.000191
-0.2056 -0.000165
-0.1948 -0.000143
