0.9898
0.9652
0.8402
0.8201
0.8214
0.8332
0.8352
0.8341
0.8338
0.8327
0.8326
0.8323
0.8327
0.8327
0.8319
0.8321
0.8318
0.8323
0.8319
0.8315
0.8322
0.8322
0.8315
0.8314
0.8322
0.8326
0.8316
0.8324
0.8318
0.8324
0.8320
0.8321
0.8323
0.8322
0.8319
0.8317
0.8320
0.8320
0.8328
0.8316
0.8320
0.8319
0.8320
0.8317
0.8317
0.8318
0.8327
0.8325
0.8320
0.8318
0.8314
0.8325
0.8319
0.8321
0.8314
0.8319
0.8319
0.8318
0.8321
0.8324
0.8322
0.8317
0.8318
0.8315
0.8317
0.8321
0.8317
0.8323
0.8326
0.8319
0.8324
0.8329
0.8323
0.8325
0.8317
0.8319
0.8316
0.8316
0.8319
0.8320
0.8327
0.8328
0.8320
0.8323
0.8316
0.8326
0.8319
0.8326
0.8321
0.8324
0.8315
0.8317
0.8322
0.8325
0.8318
0.8313
0.8325
0.8318
0.8323
0.8319
0.8325
0.8321
0.8326
0.8324
0.8320
0.8319
0.8328
0.8317
0.8319
0.8323
0.8323
0.8312
0.8319
0.8325
0.8314
0.8323
0.8321
0.8321
0.8319
0.8320
0.8322
0.8314
0.8320
0.8324
0.8326
0.8326
0.8323
0.8322
0.8317
0.8321
0.8324
0.8316
0.8322
0.8323
0.8318
0.8325
0.8326
0.8318
0.8318
0.8322
0.8318
0.8319
0.8325
0.8320
0.8324
0.8316
0.8321
0.8323
0.8321
0.8329
