-0.2379 0.133821
-0.2463 0.122146
-0.2575 0.105605
-0.2711 0.091903
-0.2860 0.080187
-0.3018 0.069953
-0.3177 0.060901
-0.3335 0.052853
-0.3466 0.218638
-0.3297 0.200481
-0.3169 0.186762
-0.3071 0.176274
-0.2998 0.168242
-0.2943 0.161999
-0.2898 0.157005
-0.2860 0.152899
-0.2828 0.149458
-0.2731 0.279807
-0.2472 0.252287
-0.2264 0.230283
-0.2093 0.212220
-0.1948 0.197085
-0.1824 0.184167
-0.1715 0.172928
-0.1619 0.162959
-0.1531 0.151691
-0.1468 0.133504
-0.1432 0.120529
-0.1419 0.111471
-0.1429 0.105492
-0.1460 0.102019
-0.1516 0.092956
-0.1616 0.082724
-0.1758 0.075143
-0.1937 0.069105
-0.2142 0.063821
-0.2363 0.058800
-0.2589 0.053810
-0.2639 0.177812
-0.2617 0.168829
-0.2607 0.161947
-0.2606 0.156650
-0.2610 0.152569
-0.2619 0.149431
-0.2631 0.147025
-0.2644 0.145184
-0.2657 0.143773
-0.2671 0.142684
-0.2683 0.141830
-0.2694 0.141147
-0.2704 0.140583
-0.2712 0.140104
-0.2718 0.139681
-0.2722 0.139292
-0.2725 0.138913
-0.2727 0.134470
-0.2757 0.112393
-0.2821 0.095098
-0.2910 0.081124
-0.3017 0.069549
-0.3136 0.059778
-0.3261 0.051414
-0.3389 0.044187
-0.3516 0.037910
-0.3640 0.032448
-0.3580 0.205409
-0.3382 0.189710
-0.3224 0.177478
-0.3099 0.167897
-0.3001 0.160400
-0.2923 0.154471
-0.2859 0.149672
-0.2804 0.145690
-0.2757 0.142320
-0.2716 0.139435
-0.2680 0.136955
-0.2648 0.134824
-0.2620 0.132999
-0.2596 0.131435
-0.2575 0.130093
-0.2557 0.128937
-0.2541 0.127941
-0.2527 0.127087
-0.2515 0.126359
-0.2505 0.125747
-0.2340 0.234577
-0.2148 0.198689
-0.2015 0.172199
-0.1922 0.152986
-0.1859 0.138891
-0.1820 0.128557
-0.1801 0.121091
-0.1800 0.115872
-0.1813 0.112447
-0.1840 0.110464
-0.1878 0.109636
-0.1925 0.109717
-0.1979 0.110487
-0.2037 0.111747
-0.2096 0.113318
-0.2071 0.200504
-0.1976 0.176061
-0.1917 0.158438
-0.1886 0.145668
-0.1877 0.136549
-0.1888 0.130289
-0.1910 0.221527
-0.1775 0.201154
-0.1668 0.185393
-0.1583 0.173038
-0.1515 0.163257
-0.1460 0.155473
-0.1416 0.149279
-0.1382 0.144392
-0.1355 0.140619
-0.1336 0.137835
-0.1325 0.135962
-0.1322 0.130956
-0.1345 0.121807
-0.1397 0.116684
-0.1475 0.114648
-0.1577 0.114958
-0.1696 0.116948
-0.1827 0.119982
-0.1973 0.110141
-0.2149 0.099163
-0.2344 0.089463
-0.2551 0.080509
-0.2586 0.196840
-0.2569 0.183920
-0.2572 0.174474
-0.2590 0.167712
-0.2621 0.163008
-0.2658 0.159719
-0.2697 0.157318
-0.2732 0.155444
-0.2763 0.153886
-0.2788 0.152526
-0.2807 0.151298
-0.2821 0.150168
-0.2831 0.149113
-0.2837 0.148120
-0.2840 0.147180
-0.2840 0.146290
-0.2844 0.133274
-0.2884 0.112805
-0.2953 0.096417
-0.3041 0.082906
-0.3142 0.071510
-0.3249 0.061746
-0.3359 0.053297
-0.3468 0.045949
-0.3568 0.218027
-0.3347 0.198393
-0.3176 0.183360
-0.3041 0.171679
-0.2933 0.162486
-0.2847 0.155178
-0.2778 0.149321
-0.2721 0.144604
-0.2676 0.140790
-0.2639 0.137704
-0.2609 0.135205
-0.2585 0.133183
-0.2566 0.131548
-0.2550 0.130227
-0.2538 0.129157
-0.2528 0.128283
-0.2529 0.114220
-0.2565 0.096741
-0.2630 0.082826
-0.2717 0.071451
-0.2821 0.061953
-0.2841 0.194304
-0.2710 0.177094
-0.2615 0.164239
-0.2546 0.154541
-0.2498 0.147190
-0.2465 0.141629
-0.2445 0.137462
-0.2434 0.134382
-0.2432 0.132139
-0.2267 0.235101
-0.2079 0.214405
-0.1784 0.272583
-0.1498 0.228201
-0.1245 0.189232
-0.1004 0.152469
-0.0760 0.115338
-0.0499 0.075792
-0.0213 0.031966
0.0097 -0.013073
0.0414 -0.054621
0.0704 -0.089288
0.0931 -0.111312
0.1090 -0.117617
0.1192 -0.107212
0.1254 -0.093623
0.1279 -0.079309
0.1273 -0.065515
0.1239 -0.052922
0.1180 -0.041834
0.1098 -0.032313
0.0993 -0.024277
0.0865 -0.017562
0.0709 -0.011959
0.0516 -0.007232
0.0266 -0.003121
-0.0074 0.000674
-0.0564 0.004459
-0.1249 0.008228
-0.2049 0.011230
-0.2802 0.012770
-0.3428 0.012980
-0.3921 0.012332
-0.4301 0.011235
-0.4590 0.009958
-0.4809 0.008663
-0.4972 0.007438
-0.5093 0.006326
-0.5180 0.005343
-0.5241 0.004489
-0.5282 0.003757
-0.5308 0.003135
-0.5323 0.002611
-0.5329 0.002171
-0.5328 0.001802
-0.5139 0.258629
-0.4700 0.236308
-0.4354 0.218684
-0.4076 0.204598
-0.3852 0.193202
-0.3668 0.183881
-0.3516 0.176184
-0.3389 0.169772
-0.3283 0.164383
-0.3192 0.159812
-0.3115 0.155908
-0.3048 0.152557
-0.2991 0.149667
-0.2941 0.147144
-0.2897 0.144916
-0.2857 0.142937
-0.2825 0.133154
-0.2665 0.238302
-0.2481 0.205696
-0.2354 0.182408
-0.2268 0.165430
-0.2211 0.152904
-0.2176 0.143638
-0.1964 0.222849
-0.1789 0.198987
-0.1641 0.179541
-0.1512 0.163108
-0.1396 0.148742
-0.1287 0.135814
-0.1184 0.123886
-0.1084 0.112626
-0.0985 0.101756
-0.0886 0.091023
-0.0787 0.075923
-0.0696 0.061578
-0.0610 0.049958
-0.0527 0.040236
-0.0443 0.031811
-0.0356 0.024229
-0.0263 0.017142
-0.0164 0.010282
-0.0057 0.003227
0.0059 -0.002716
0.0186 -0.007169
0.0322 -0.010379
0.0463 -0.012464
0.0600 -0.013497
0.0724 -0.013575
0.0822 -0.012862
0.0887 -0.011583
0.0916 -0.009973
0.0907 -0.008235
0.0860 -0.006520
0.0778 -0.004918
0.0658 -0.003471
0.0495 -0.002181
0.0276 -0.001018
-0.0029 0.000078
-0.0471 0.001186
-0.1103 0.002326
-0.1879 0.003312
-0.2643 0.003891
-0.3294 0.004047
-0.3813 0.003909
-0.4016 0.204249
-0.4005 0.203093
-0.3982 0.201474
-0.3951 0.199546
-0.3915 0.197415
-0.3876 0.195153
-0.3834 0.192819
-0.3791 0.190468
-0.3747 0.188143
-0.3602 0.361188
-0.3279 0.328602
-0.3039 0.304421
-0.2855 0.285896
-0.2487 0.373487
-0.2208 0.331627
-0.1996 0.299646
-0.1828 0.268759
-0.1713 0.237837
-0.1607 0.293015
-0.1419 0.250732
-0.1273 0.218978
-0.1154 0.194128
-0.1054 0.174071
-0.0969 0.157525
-0.0896 0.143688
-0.0833 0.132059
-0.0779 0.122341
-0.0734 0.114376
-0.0701 0.104684
-0.0689 0.096564
-0.0706 0.088454
-0.0760 0.085672
-0.0853 0.087269
-0.0989 0.092570
-0.1170 0.096365
-0.1408 0.096313
-0.1696 0.096371
-0.2015 0.095073
-0.2340 0.091715
-0.2653 0.086358
-0.2942 0.079545
-0.3204 0.071946
-0.3438 0.064139
-0.3649 0.056534
-0.3837 0.049383
-0.4006 0.042820
-0.4156 0.036900
-0.4289 0.031631
-0.4406 0.026991
-0.4508 0.022939
-0.4596 0.019427
-0.4671 0.016402
-0.4735 0.013811
-0.4788 0.011602
-0.4832 0.009727
-0.4868 0.008141
-0.4896 0.006803
-0.4919 0.005678
-0.4935 0.004733
-0.4947 0.003942
-0.4716 0.238493
-0.4324 0.218271
-0.4006 0.201896
-0.3746 0.188555
-0.3534 0.177651
-0.3358 0.168655
-0.3210 0.161125
-0.3085 0.154734
-0.2977 0.149252
-0.2884 0.144519
-0.2803 0.140420
-0.2733 0.136865
-0.2672 0.133786
-0.2446 0.244908
-0.2200 0.211470
-0.2019 0.178768
-0.1888 0.155102
-0.1790 0.137609
-0.1720 0.124537
-0.1670 0.114764
-0.1639 0.107543
-0.1624 0.102371
-0.1624 0.098910
-0.1640 0.096919
-0.1671 0.096212
-0.1715 0.096621
-0.1772 0.097979
-0.1842 0.095187
-0.1942 0.083830
-0.2060 0.177335
-0.1909 0.248646
-0.1725 0.216115
-0.1580 0.191392
-0.1462 0.171987
-0.1363 0.156399
-0.1280 0.143706
-0.1209 0.133301
-0.1149 0.124746
-0.1098 0.117717
-0.1057 0.111991
-0.1023 0.107431
-0.0998 0.103977
-0.0982 0.101629
-0.0976 0.100438
-0.0981 0.100480
-0.0999 0.101851
-0.1030 0.104659
-0.1075 0.108998
-0.1143 0.106469
-0.1259 0.096974
-0.1398 0.158869
-0.1474 0.151272
-0.1581 0.147789
-0.1711 0.147025
-0.1855 0.147904
-0.2006 0.149610
-0.2156 0.151573
-0.2297 0.153439
-0.2427 0.155028
-0.2542 0.156276
-0.2642 0.157185
-0.2727 0.157791
-0.2799 0.158137
-0.2858 0.158265
-0.2915 0.143745
-0.2999 0.123415
-0.3105 0.106590
-0.3222 0.092289
-0.3343 0.079902
-0.3463 0.069062
-0.3578 0.059548
-0.3687 0.051211
-0.3791 0.043934
-0.3889 0.037609
-0.3981 0.032129
-0.4068 0.027396
-0.4149 0.023317
-0.4224 0.019808
-0.4292 0.016795
-0.4352 0.014213
-0.4405 0.012005
-0.4451 0.010122
-0.4219 0.219143
-0.3902 0.201426
-0.3645 0.187171
-0.3435 0.175616
-0.3263 0.166206
-0.3121 0.158492
-0.3003 0.152114
-0.2904 0.146788
-0.2820 0.142296
-0.2748 0.138477
-0.2687 0.135202
-0.2633 0.132375
-0.2587 0.129918
-0.2549 0.119285
-0.2549 0.099585
-0.2583 0.084273
-0.2643 0.072014
-0.2723 0.061949
-0.2817 0.053530
-0.2924 0.046390
-0.3038 0.040263
-0.2886 0.176329
-0.2760 0.163567
-0.2662 0.153725
-0.2587 0.146059
-0.2528 0.140059
-0.2484 0.135380
-0.2451 0.131772
-0.2428 0.129037
-0.2276 0.233809
-0.2070 0.211665
-0.1895 0.193084
-0.1741 0.176928
-0.1602 0.162419
-0.1474 0.149067
-0.1352 0.136533
-0.1235 0.124528
-0.1120 0.112770
-0.1005 0.097187
-0.0901 0.079879
-0.0806 0.066022
-0.0713 0.054522
-0.0620 0.044588
-0.0523 0.035610
-0.0416 0.026209
-0.0302 0.015835
-0.0173 0.007582
-0.0021 0.000831
0.0160 -0.004778
0.0373 -0.009345
0.0609 -0.012735
0.0844 -0.014732
0.1049 -0.015281
0.1204 -0.014615
0.1298 -0.013141
0.1335 -0.011267
0.1322 -0.009298
0.1266 -0.007425
0.1175 -0.005746
0.1053 -0.004294
0.0902 -0.003065
0.0716 -0.002031
0.0486 -0.001152
0.0187 -0.000374
-0.0229 0.000367
-0.0831 0.001124
-0.1621 0.001834
-0.2449 0.002314
-0.3170 0.002499
-0.3746 0.002463
-0.4190 0.002298
-0.4528 0.002070
-0.4781 0.001823
-0.4971 0.001580
-0.5110 0.001354
-0.5212 0.001151
-0.5285 0.000973
-0.5338 0.000819
-0.5375 0.000688
-0.5401 0.000576
-0.5173 0.258971
-0.4763 0.238415
-0.4442 0.222299
-0.4186 0.209432
-0.3975 0.198895
-0.3800 0.190087
-0.3651 0.182642
-0.3525 0.176309
-0.3417 0.170893
-0.3324 0.166237
-0.3047 0.305052
-0.2639 0.396586
-0.2208 0.331802
-0.1882 0.282666
-0.1526 0.298381
-0.1197 0.225232
-0.0919 0.167298
-0.0661 0.117050
-0.0406 0.070197
-0.0143 0.024596
0.0122 -0.019660
0.0372 -0.060110
0.0581 -0.093090
0.0733 -0.112897
0.0829 -0.120494
0.0877 -0.120860
0.0884 -0.111378
0.0869 -0.098255
0.0832 -0.085228
0.0782 -0.066449
0.0720 -0.050727
0.0641 -0.037456
0.0539 -0.026118
0.0405 -0.016301
0.0227 -0.007597
-0.0020 0.000459
-0.0372 0.008383
-0.0877 0.016458
-0.1534 0.023905
-0.2240 0.028973
-0.2881 0.030921
-0.3415 0.030394
-0.3844 0.028361
-0.4182 0.025585
-0.4449 0.022563
-0.4659 0.019584
-0.4823 0.016806
-0.4951 0.014302
-0.5052 0.012095
-0.5129 0.010180
-0.5188 0.008536
-0.4801 0.246491
-0.4475 0.228737
-0.4217 0.214762
-0.4009 0.203532
-0.3837 0.194303
-0.3692 0.186573
-0.3569 0.180008
-0.3462 0.174380
-0.3370 0.169522
-0.3289 0.165302
-0.3219 0.161615
-0.3156 0.158373
-0.3101 0.155503
-0.2844 0.284897
-0.2582 0.258570
-0.2373 0.237583
-0.2202 0.220457
-0.2060 0.206229
-0.1941 0.190204
-0.1861 0.167604
-0.1817 0.151635
-0.1802 0.140364
-0.1808 0.132543
-0.1833 0.127310
-0.1872 0.124019
-0.1923 0.119974
-0.2001 0.104276
-0.2114 0.091990
-0.2062 0.178088
-0.1949 0.254402
-0.1769 0.221957
-0.1628 0.197466
-0.1515 0.178403
-0.1421 0.163232
-0.1343 0.150991
-0.1278 0.141050
-0.1224 0.132992
-0.1180 0.126536
-0.1146 0.121497
-0.1121 0.117759
-0.1106 0.115260
-0.1101 0.113967
-0.1106 0.113859
-0.1122 0.114927
-0.1149 0.117178
-0.1188 0.114847
-0.1271 0.101568
-0.1409 0.093064
-0.1598 0.087291
-0.1831 0.082691
-0.2093 0.078170
-0.2368 0.073144
-0.2641 0.067482
-0.2903 0.061340
-0.3146 0.054989
-0.3369 0.048698
-0.3570 0.042679
-0.3750 0.037075
-0.3634 0.211383
-0.3483 0.197674
-0.3366 0.187126
-0.3278 0.179039
-0.3211 0.172803
-0.3157 0.167832
-0.3111 0.163693
-0.3070 0.160126
-0.3031 0.156993
-0.2996 0.154215
-0.2962 0.151747
-0.2789 0.281930
-0.2535 0.255825
-0.2332 0.234972
-0.2165 0.217910
-0.2026 0.203690
-0.1908 0.191634
-0.1806 0.181230
-0.1716 0.172095
-0.1637 0.159776
-0.1585 0.142303
-0.1563 0.129991
-0.1564 0.121530
-0.1587 0.116045
-0.1637 0.102993
-0.1731 0.090925
-0.1865 0.081770
-0.2031 0.074376
-0.2222 0.067953
-0.2428 0.062015
-0.2640 0.056315
-0.2850 0.050777
-0.3053 0.045419
-0.3243 0.040298
-0.3419 0.035482
-0.3493 0.205018
-0.3329 0.190613
-0.3200 0.179399
-0.2936 0.308762
-0.2625 0.273888
-0.2385 0.247123
-0.2193 0.225946
-0.2036 0.208723
-0.1904 0.194395
-0.1791 0.182272
-0.1694 0.171881
-0.1609 0.162875
-0.1534 0.154993
-0.1468 0.148039
-0.1408 0.141880
-0.1356 0.136429
-0.1310 0.131636
-0.1273 0.121805
-0.1262 0.110755
-0.1278 0.103795
-0.1326 0.092491
-0.1425 0.082157
-0.1577 0.075114
-0.1775 0.069930
-0.2010 0.065478
-0.2266 0.061041
-0.2440 0.176304
-0.2469 0.168877
-0.2505 0.163389
-0.2546 0.159343
-0.2589 0.156357
-0.2630 0.154121
-0.2669 0.152404
-0.2703 0.151041
-0.2733 0.149921
-0.2758 0.148971
-0.2778 0.148139
-0.2794 0.147388
-0.2806 0.146693
-0.2815 0.146034
-0.2820 0.145396
-0.2607 0.264288
-0.2404 0.243160
-0.2240 0.226063
-0.2119 0.196843
-0.2047 0.175629
-0.2010 0.160576
-0.2000 0.149880
-0.2010 0.142348
-0.2035 0.137158
-0.2073 0.133720
-0.2119 0.131597
-0.2170 0.130455
-0.2225 0.130034
-0.2299 0.112543
-0.2405 0.098311
-0.2535 0.086521
-0.2681 0.076414
-0.2837 0.067526
-0.2997 0.059583
-0.3158 0.052426
-0.3315 0.045960
-0.3465 0.040125
-0.3606 0.034879
-0.3737 0.030185
-0.3856 0.026013
-0.3964 0.022330
-0.4060 0.019100
-0.4144 0.016282
-0.4216 0.013836
-0.4279 0.011726
-0.4333 0.009917
-0.4381 0.008374
-0.4425 0.007064
-0.4466 0.005953
-0.4503 0.005013
-0.4536 0.004217
-0.4246 0.215802
-0.3922 0.198784
-0.3657 0.184960
-0.3439 0.173619
-0.3258 0.164227
-0.3106 0.156370
-0.2977 0.149714
-0.2866 0.143966
-0.2767 0.138884
-0.2677 0.134304
-0.2595 0.130144
-0.2522 0.126385
-0.2380 0.238437
-0.2113 0.211707
-0.1888 0.189143
-0.1693 0.169550
-0.1518 0.151575
-0.1369 0.124850
-0.1245 0.104696
-0.1137 0.088916
-0.1038 0.076099
-0.0942 0.065287
-0.0845 0.055774
-0.0743 0.046990
-0.0631 0.036577
-0.0509 0.024630
-0.0370 0.014962
-0.0201 0.006808
0.0015 -0.000343
0.0290 -0.006682
0.0618 -0.011947
0.0962 -0.015527
0.1264 -0.017035
0.1486 -0.016706
0.1617 -0.015163
0.1666 -0.013030
0.1629 -0.092193
0.1429 -0.079339
0.1232 -0.067315
0.1033 -0.055673
0.0824 -0.043937
0.0596 -0.031502
0.0332 -0.017493
0.0007 -0.000539
-0.0419 0.021353
-0.0976 0.049734
-0.1620 0.082388
-0.2232 0.113275
-0.2730 0.138267
-0.3101 0.156775
-0.3364 0.169794
-0.3543 0.178575
-0.3659 0.184185
-0.3736 0.170624
-0.3828 0.144545
-0.3932 0.122745
-0.4040 0.104277
-0.4147 0.088523
-0.4252 0.075042
-0.4351 0.063499
-0.4444 0.053624
-0.4529 0.045191
-0.4606 0.038006
-0.4270 0.242638
-0.4016 0.223442
-0.3820 0.208803
-0.3357 0.348935
-0.3011 0.310980
-0.2753 0.282718
-0.2553 0.261048
-0.2395 0.243981
-0.2096 0.318005
-0.1835 0.277782
-0.1622 0.245306
-0.1443 0.217927
-0.1286 0.194015
-0.1144 0.172432
-0.1011 0.152346
-0.0884 0.133134
-0.0759 0.114333
-0.0635 0.095608
-0.0512 0.073886
-0.0400 0.050673
-0.0301 0.031836
-0.0213 0.018790
-0.0132 0.009688
-0.0055 0.003365
0.0019 -0.000944
0.0090 -0.003754
0.0155 -0.005424
0.0213 -0.006217
0.0261 -0.006339
0.0294 -0.005961
0.0309 -0.005222
0.0301 -0.004234
0.0263 -0.003084
0.0186 -0.001830
0.0059 -0.000493
-0.0142 0.000943
-0.0451 0.002526
-0.0913 0.004269
-0.1434 0.077023
-0.1942 0.103177
-0.2394 0.125969
-0.2757 0.143936
-0.3033 0.157256
-0.3235 0.166724
-0.3377 0.173205
-0.3474 0.177439
-0.3536 0.180001
-0.3573 0.181324
-0.3589 0.181732
-0.3592 0.181464
-0.3583 0.180699
-0.3565 0.179570
-0.3541 0.178158
-0.3512 0.176483
-0.3476 0.174564
-0.3464 0.144886
-0.3493 0.120787
-0.3549 0.101476
-0.3464 0.255168
-0.3265 0.227084
-0.3126 0.206817
-0.3028 0.191881
-0.2960 0.180672
-0.2911 0.172131
-0.2877 0.165543
-0.2852 0.160410
-0.2835 0.156377
-0.2823 0.153178
-0.2692 0.278921
-0.2464 0.253786
-0.2283 0.233987
-0.2136 0.217972
-0.2013 0.204723
-0.1909 0.193555
-0.1719 0.260133
-0.1490 0.225164
-0.1288 0.194508
-0.1103 0.166354
-0.0925 0.139447
-0.0748 0.112774
-0.0567 0.085472
-0.0379 0.054788
-0.0185 0.025573
0.0017 -0.001923
0.0222 -0.027626
0.0419 -0.047731
0.0604 -0.057251
0.0768 -0.060673
0.0904 -0.059416
0.1004 -0.054906
0.1065 -0.048458
0.1087 -0.041154
0.1073 -0.033778
0.1024 -0.026818
0.0941 -0.020519
0.0825 -0.014963
0.0671 -0.010134
0.0471 -0.005931
0.0206 -0.002181
-0.0162 0.001370
-0.0695 0.004969
-0.1419 0.008472
-0.2223 0.011063
-0.2954 0.012241
-0.3551 0.012253
-0.4019 0.011545
-0.4381 0.010474
-0.4660 0.009270
-0.4873 0.008066
-0.5035 0.006936
-0.5158 0.005913
-0.5250 0.005008
-0.5316 0.004220
-0.5364 0.003543
-0.5395 0.002966
-0.5415 0.002477
-0.5425 0.002065
-0.5427 0.001719
-0.5422 0.001430
-0.5413 0.001188
-0.5399 0.000986
-0.5381 0.000818
-0.5216 0.261714
-0.4749 0.238145
-0.4375 0.219303
-0.4073 0.204090
-0.3827 0.191686
-0.3624 0.181482
-0.3456 0.173033
-0.3317 0.166009
-0.3200 0.160151
-0.2863 0.286725
-0.2564 0.256672
-0.2316 0.348046
-0.1917 0.288137
-0.1589 0.238840
-0.1298 0.195178
-0.1024 0.153966
-0.0692 0.136538
-0.0341 0.064893
0.0012 -0.001580
0.0357 -0.062220
0.0655 -0.111874
0.0872 -0.146038
0.0999 -0.164446
0.1057 -0.158346
0.1082 -0.144170
0.1079 -0.128914
0.1052 -0.113608
0.1004 -0.098770
0.0936 -0.084599
0.0849 -0.071077
0.0742 -0.058026
0.0613 -0.045131
0.0459 -0.029433
0.0273 -0.014592
0.0034 -0.001620
-0.0294 0.010566
-0.0757 0.022674
-0.1368 0.034060
-0.2049 0.042379
-0.2688 0.046139
-0.3228 0.045984
-0.3667 0.043325
-0.4017 0.039366
-0.4295 0.034914
-0.4517 0.030451
-0.4694 0.026244
-0.4836 0.022426
-0.4951 0.019041
-0.5045 0.016091
-0.5121 0.013547
-0.5183 0.011370
-0.5231 0.009519
-0.5268 0.007951
-0.5295 0.006628
-0.5313 0.005516
-0.5323 0.004584
-0.5326 0.003805
-0.5323 0.003154
-0.5316 0.002613
-0.5304 0.002162
-0.4855 0.244358
-0.4458 0.224129
-0.4138 0.207848
-0.3879 0.194683
-0.3668 0.183961
-0.3493 0.175104
-0.3346 0.167665
-0.3220 0.161324
-0.3112 0.155860
-0.3018 0.151121
-0.2937 0.146994
-0.2865 0.143395
-0.2803 0.140253
-0.2748 0.137510
-0.2701 0.135116
-0.2615 0.261796
-0.2348 0.235110
-0.2128 0.213020
-0.1939 0.194126
-0.1773 0.177459
-0.1622 0.162329
-0.1481 0.146026
