0.9700
0.9881
0.8261
0.6997
0.6673
0.6609
0.6576
0.6564
0.6553
0.6567
0.6561
0.6563
0.6572
0.6556
0.6569
0.6567
0.6567
0.6569
0.6557
0.6570
0.6567
0.6569
0.6566
0.6566
0.6558
0.6560
0.6563
0.6564
0.6563
0.6557
0.6578
0.6571
0.6565
0.6566
0.6558
0.6569
0.6566
0.6567
0.6556
0.6566
0.6562
0.6561
0.6555
0.6569
0.6571
0.6564
0.6574
0.6574
0.6565
0.6566
0.6567
0.6563
0.6562
0.6567
0.6567
0.6558
0.6559
0.6559
0.6572
0.6571
0.6561
0.6569
0.6568
0.6558
0.6561
0.6559
0.6567
0.6565
0.6565
0.6569
0.6567
0.6563
0.6571
0.6562
0.6560
0.6565
0.6567
0.6573
0.6560
0.6571
0.6560
0.6562
0.6569
0.6577
0.6558
0.6562
0.6578
0.6562
0.6566
0.6569
0.6565
0.6566
0.6562
0.6563
0.6569
0.6564
0.6567
0.6567
0.6569
0.6564
0.6559
0.6567
0.6572
0.6560
0.6563
0.6564
0.6560
0.6561
0.6560
0.6567
0.6561
0.6558
0.6568
0.6573
0.6574
0.6571
0.6571
0.6566
0.6570
0.6575
0.6561
0.6559
0.6566
0.6570
0.6560
0.6571
0.6562
0.6567
0.6569
0.6558
0.6561
0.6568
0.6566
0.6554
0.6565
0.6563
0.6560
0.6569
0.6568
0.6570
0.6565
0.6557
0.6567
0.6561
0.6567
0.6571
0.6563
0.6564
0.6554
0.6561
