0.9772
0.9142
0.9099
0.9187
0.9214
0.8995
0.8896
0.8888
0.8879
0.8878
0.8869
0.8864
0.8867
0.8876
0.8876
0.8880
0.8882
0.8869
0.8877
0.8878
0.8884
0.8876
0.8883
0.8893
0.8887
0.8891
0.8881
0.8890
0.8882
0.8864
0.8871
0.8862
0.8854
0.8861
0.8855
0.8859
0.8860
0.8861
0.8866
0.8875
0.8877
0.8870
0.8885
0.8876
0.8883
0.8887
0.8894
0.8899
0.8892
0.8902
0.8899
0.8885
0.8893
0.8891
0.8887
0.8886
0.8889
0.8881
0.8867
0.8867
0.8863
0.8859
0.8852
0.8857
0.8862
0.8868
0.8888
0.8878
0.8872
0.8872
0.8879
0.8882
0.8880
0.8879
0.8892
0.8874
0.8879
0.8886
0.8880
0.8868
0.8869
0.8868
0.8876
0.8877
0.8867
0.8861
0.8862
0.8875
0.8876
0.8877
0.8873
0.8874
0.8876
0.8887
0.8891
0.8883
0.8878
0.8890
0.8878
0.8880
0.8876
0.8894
0.8880
0.8880
0.8890
0.8885
0.8879
0.8888
0.8875
0.8877
0.8892
0.8884
0.8881
0.8888
0.8885
0.8883
0.8879
0.8883
0.8890
0.8884
0.8876
0.8864
0.8873
0.8868
0.8877
0.8862
0.8872
0.8878
0.8878
0.8874
0.8875
0.8891
0.8892
0.8881
0.8881
0.8872
0.8877
0.8883
0.8889
0.8879
0.8877
0.8875
0.8882
0.8877
0.8875
0.8874
0.8879
0.8878
0.8873
0.8887
0.9772
0.9142
0.9099
0.9193
0.9220
0.8991
0.8898
0.8882
0.8876
0.8871
0.8880
0.8875
0.8866
0.8844
0.8840
0.8832
0.8854
0.8842
0.8860
0.8869
0.8868
0.8875
0.8865
0.8870
0.8863
0.8852
0.8847
0.8858
0.8853
0.8850
0.8845
0.8850
0.8852
0.8846
0.8847
0.8861
0.8877
0.8881
0.8883
0.8891
0.8883
0.8876
0.8879
0.8884
0.8889
0.8891
0.8895
0.8889
0.8885
0.8879
0.8881
0.8866
0.8864
0.8859
0.8868
0.8862
0.8862
0.8873
0.8864
0.8874
0.8862
0.8877
0.8872
0.8866
0.8869
0.8865
0.8873
0.8868
0.8875
0.8876
0.8855
0.8855
0.8870
0.8871
0.8870
0.8869
0.8873
0.8870
0.8871
0.8871
0.8876
0.8862
0.8855
0.8854
0.8856
0.8868
0.8868
0.8856
0.8866
0.8868
0.8860
0.8877
0.8879
0.8880
0.8871
0.8855
0.8855
0.8865
0.8872
0.8852
0.8865
0.8882
0.8879
0.8876
0.8865
0.8854
0.8866
0.8872
0.8878
0.8877
0.8877
0.8873
0.8876
0.8874
0.8885
0.8890
0.8868
0.8858
0.8857
0.8863
0.8869
0.8871
0.8879
0.8886
0.8889
0.8887
0.8890
0.8882
0.8883
0.8876
0.8881
0.8882
0.8879
0.8877
0.8879
0.8873
0.8874
0.8882
0.8881
0.8883
0.8869
