-0.3136 0.000033
-0.3075 0.000027
-0.3013 0.000022
-0.2950 0.000018
-0.2885 0.000014
-0.2818 0.000012
-0.2749 0.000009
-0.2678 0.000008
-0.2604 0.000006
-0.2529 0.000005
-0.2450 0.000004
-0.2368 0.000003
-0.2283 0.000002
-0.2193 0.000002
-0.2097 0.000002
-0.1994 0.000001
-0.1883 0.000001
-0.1759 0.000001
-0.1621 0.000001
-0.1460 0.000000
-0.1265 0.000000
-0.1016 0.000000
-0.0674 0.000000
-0.0160 0.000000
0.0611 -0.000000
0.1501 -0.044807
0.2139 -0.064033
0.2328 -0.209509
0.2271 -0.204486
0.2042 -0.245319
0.1804 -0.216699
0.1585 -0.190438
0.1384 -0.166340
0.1198 -0.143931
0.1020 -0.122642
0.0847 -0.101885
0.0674 -0.081052
0.0494 -0.059473
0.0301 -0.036357
0.0087 -0.010724
-0.0157 0.018574
-0.0441 0.052011
-0.0769 0.087061
-0.1130 0.118214
-0.1512 0.138669
-0.1882 0.152550
-0.2217 0.152992
-0.2521 0.143897
-0.2792 0.131793
-0.3030 0.118287
-0.3238 0.104529
-0.3419 0.091261
-0.3576 0.078914
-0.3710 0.067707
-0.3825 0.057717
-0.3922 0.048936
-0.4003 0.041300
-0.4070 0.034717
-0.4124 0.029083
-0.4165 0.024289
-0.4196 0.020231
-0.4217 0.016811
-0.4229 0.013939
-0.4232 0.011535
-0.4228 0.009529
-0.4218 0.007859
-0.4202 0.006473
-0.4180 0.005324
-0.4153 0.004374
-0.4122 0.003590
-0.4088 0.002943
-0.4050 0.002411
-0.4008 0.001973
-0.3965 0.001613
-0.3919 0.001319
-0.3871 0.001077
-0.3821 0.000879
-0.3770 0.000717
-0.3718 0.000585
-0.3665 0.000476
-0.3611 0.000388
-0.3556 0.000316
-0.3501 0.000257
-0.3445 0.000209
-0.3388 0.000170
-0.3331 0.000138
-0.3274 0.000112
-0.3215 0.000091
-0.3156 0.000074
-0.3095 0.000060
-0.3034 0.000049
-0.2971 0.000039
-0.2907 0.000032
-0.2842 0.000026
-0.2775 0.000021
-0.2706 0.000017
-0.2635 0.000014
-0.2562 0.000011
-0.2486 0.000009
-0.2407 0.000007
-0.2325 0.000006
-0.2239 0.000004
-0.2148 0.000004
-0.2051 0.000003
-0.1946 0.000002
-0.1831 0.000002
-0.1703 0.000001
-0.1555 0.000001
-0.1379 0.000001
-0.1160 0.000001
-0.0867 0.000000
-0.0442 0.000000
0.0211 -0.000000
0.1064 -0.031673
0.1809 -0.108205
0.2209 -0.132381
0.2254 -0.270629
0.2063 -0.247820
0.1857 -0.223057
0.1653 -0.198587
0.1459 -0.175301
0.1276 -0.153301
0.1101 -0.132319
0.0931 -0.111932
0.0762 -0.091641
0.0589 -0.070882
0.0406 -0.048980
0.0207 -0.025100
-0.0017 0.001797
-0.0277 0.032454
-0.0580 0.065343
-0.0931 0.096533
-0.1315 0.123625
-0.1703 0.140305
-0.2076 0.141418
-0.2417 0.136213
-0.2719 0.126739
-0.2982 0.114932
-0.3208 0.102253
-0.3402 0.089670
-0.3568 0.077764
-0.3709 0.066848
-0.3829 0.057056
-0.3929 0.048413
-0.4012 0.040876
-0.4080 0.034366
-0.4133 0.028788
-0.4174 0.024039
-0.4204 0.020018
-0.4224 0.016629
-0.4234 0.013784
-0.4237 0.011405
-0.4233 0.009420
-0.4222 0.007769
-0.4206 0.006399
-0.4184 0.005264
-0.4158 0.004325
-0.4128 0.003550
-0.4093 0.002910
-0.4055 0.002384
-0.4014 0.001951
-0.3970 0.001596
-0.3924 0.001304
-0.3875 0.001065
-0.3824 0.000869
-0.3771 0.000708
-0.3717 0.000577
-0.3661 0.000470
-0.3603 0.000383
-0.3545 0.000311
-0.3485 0.000253
-0.3425 0.000206
-0.3364 0.000167
-0.3304 0.000136
-0.3246 0.000110
-0.3190 0.000089
-0.3137 0.000073
-0.3087 0.000059
-0.3041 0.000048
-0.2998 0.000039
-0.2958 0.000032
-0.2921 0.000026
-0.2884 0.000021
-0.2849 0.000017
-0.2813 0.000014
-0.2778 0.000012
-0.2741 0.000009
-0.2703 0.000008
-0.2664 0.000006
-0.2623 0.000005
-0.2581 0.000004
-0.2538 0.000003
-0.2494 0.000003
-0.2448 0.000002
-0.2402 0.000002
-0.2355 0.000001
-0.2307 0.000001
-0.2258 0.000001
-0.2209 0.000001
-0.2158 0.000001
-0.2106 0.000001
-0.2051 0.000000
-0.1994 0.000000
-0.1934 0.000000
-0.1868 0.000000
-0.1798 0.000000
-0.1719 0.000000
-0.1631 0.000000
-0.1530 0.000000
-0.1410 0.000000
-0.1264 0.000000
-0.1078 0.000000
-0.0826 0.000000
-0.0460 0.000000
0.0099 -0.000000
0.0859 -0.025531
0.1611 -0.048123
0.2054 -0.123050
0.2247 -0.134743
0.2153 -0.193910
0.1991 -0.239332
0.1717 -0.206291
0.1479 -0.177708
0.1267 -0.152285
0.1073 -0.128946
0.0888 -0.106781
0.0706 -0.084971
0.0521 -0.062713
0.0324 -0.039126
0.0107 -0.013172
-0.0139 0.016259
-0.0426 0.048347
-0.0761 0.082510
-0.1138 0.113868
-0.1525 0.142126
-0.1885 0.159207
-0.2206 0.165523
-0.2478 0.166679
-0.2705 0.159412
-0.2909 0.141776
-0.3097 0.124783
-0.3267 0.108839
-0.3419 0.094195
-0.3555 0.080976
-0.3674 0.069210
-0.3779 0.058858
-0.3870 0.049837
-0.3948 0.042036
-0.4014 0.035336
-0.4068 0.029612
-0.4111 0.024746
-0.4145 0.020627
-0.4169 0.017154
-0.4184 0.014236
-0.4192 0.011792
-0.4192 0.009751
-0.4186 0.008051
-0.4175 0.006638
-0.4159 0.005467
-0.4138 0.004498
-0.4114 0.003697
-0.4087 0.003037
-0.4057 0.002493
-0.4025 0.002045
-0.3992 0.001677
-0.3957 0.001374
-0.3921 0.001126
-0.3884 0.000922
-0.3847 0.000755
-0.3808 0.000618
-0.3769 0.000506
-0.3727 0.000414
-0.3685 0.000338
-0.3640 0.000276
-0.3593 0.000225
-0.3545 0.000184
-0.3495 0.000150
-0.3444 0.000122
-0.3393 0.000099
-0.3341 0.000081
-0.3288 0.000066
-0.3236 0.000054
-0.3182 0.000044
-0.3128 0.000035
-0.3073 0.000029
-0.3016 0.000023
-0.2958 0.000019
-0.2898 0.000015
-0.2837 0.000012
-0.2775 0.000010
-0.2712 0.000008
-0.2650 0.000007
-0.2588 0.000005
-0.2528 0.000004
-0.2469 0.000003
-0.2413 0.000003
-0.2359 0.000002
-0.2308 0.000002
-0.2260 0.000001
-0.2214 0.000001
-0.2171 0.000001
-0.2130 0.000001
-0.2093 0.000001
-0.2058 0.000001
-0.2027 0.000000
-0.2000 0.000000
-0.1978 0.000000
-0.1960 0.000000
-0.1947 0.000000
-0.1874 0.056260
-0.1751 0.052567
-0.1626 0.048812
-0.1497 0.044949
-0.1366 0.041032
-0.1235 0.037076
-0.1098 0.032973
-0.0948 0.028480
-0.0772 0.023206
-0.0549 0.016535
-0.0248 0.007536
0.0167 -0.004880
0.0696 -0.020699
0.1237 -0.036968
0.1664 -0.049822
0.1929 -0.057811
0.2049 -0.061455
0.2066 -0.054774
0.2024 -0.044377
0.1942 -0.035217
0.1834 -0.027494
0.1707 -0.021167
0.1568 -0.016081
0.1421 -0.012045
0.1265 -0.008868
0.1100 -0.006379
0.0923 -0.004428
0.0728 -0.002888
0.0502 -0.001651
0.0225 -0.000617
-0.0141 0.000306
-0.0652 0.001194
-0.1334 0.002028
-0.2057 0.064118
-0.2615 0.081046
-0.3043 0.093800
-0.3350 0.102821
-0.3562 0.108905
-0.3701 0.112803
-0.3787 0.115133
-0.3836 0.116363
-0.3859 0.116829
-0.3863 0.116758
-0.3852 0.116303
-0.3832 0.115562
-0.3803 0.114598
-0.3768 0.113453
-0.3727 0.112154
-0.3681 0.110720
-0.3631 0.109164
-0.3577 0.107494
-0.3518 0.105717
-0.3457 0.100362
-0.3415 0.081958
-0.3393 0.067331
-0.3383 0.055508
-0.3379 0.045838
-0.3377 0.037869
-0.3372 0.031270
-0.3364 0.025792
-0.3351 0.021241
-0.3332 0.017465
-0.3311 0.014347
-0.3292 0.011797
-0.3283 0.009724
-0.3284 0.008042
-0.3296 0.006674
-0.3317 0.005553
-0.3345 0.004630
-0.3376 0.003863
-0.3407 0.003224
-0.3438 0.002690
-0.3465 0.002242
-0.3489 0.001866
-0.3508 0.001551
-0.3522 0.001288
-0.3531 0.001068
-0.3537 0.000884
-0.3540 0.000732
-0.3540 0.000605
-0.3537 0.000500
-0.3534 0.000413
-0.3529 0.000341
-0.3522 0.000281
-0.3516 0.000232
-0.3509 0.000192
-0.3501 0.000158
-0.3494 0.000130
-0.3487 0.000108
-0.3479 0.000089
-0.3470 0.000073
-0.3461 0.000060
-0.3451 0.000050
-0.3440 0.000041
-0.3428 0.000034
-0.3416 0.000028
-0.3403 0.000023
-0.3390 0.000019
-0.3378 0.000016
-0.3366 0.000013
-0.3354 0.000011
-0.3343 0.000009
-0.3332 0.000007
-0.3321 0.000006
-0.3309 0.000005
-0.3297 0.000004
-0.3284 0.000003
-0.3270 0.000003
-0.3255 0.000002
-0.3239 0.000002
-0.3222 0.000002
-0.3204 0.000001
-0.3185 0.000001
-0.3166 0.000001
-0.3146 0.000001
-0.3128 0.000001
-0.3049 0.091543
-0.2868 0.086103
-0.2709 0.081329
-0.2569 0.077115
-0.2385 0.143253
-0.2141 0.128602
-0.1919 0.115246
-0.1707 0.102562
-0.1497 0.089937
-0.1275 0.076664
-0.1027 0.061781
-0.0727 0.043795
-0.0334 0.020333
0.0196 -0.011393
0.0842 -0.050114
0.1442 -0.086181
0.1857 -0.111257
0.2078 -0.124617
0.2150 -0.125993
0.2134 -0.114515
0.2065 -0.102368
0.1962 -0.090627
0.1844 -0.071946
0.1726 -0.055674
0.1605 -0.042804
0.1436 -0.074822
0.1200 -0.094066
0.0966 -0.072657
0.0746 -0.054224
0.0524 -0.037021
0.0283 -0.019569
0.0001 -0.000264
-0.0349 0.022738
-0.0790 0.050874
-0.1304 0.083085
-0.1819 0.114817
-0.2261 0.141536
-0.2599 0.161636
-0.2842 0.175657
-0.3005 0.184827
-0.3108 0.190357
-0.3165 0.193223
-0.3190 0.194169
-0.3197 0.183461
-0.3219 0.158053
-0.3271 0.132757
-0.3340 0.112080
-0.3418 0.094827
-0.3498 0.080251
-0.3577 0.067853
-0.3652 0.057273
-0.3720 0.048239
-0.3780 0.040533
-0.3832 0.033972
-0.3874 0.028399
-0.3907 0.023678
-0.3930 0.019692
-0.3943 0.016336
-0.3946 0.013518
-0.3940 0.011160
-0.3925 0.009192
-0.3901 0.007554
-0.3869 0.006194
-0.3829 0.005069
-0.3782 0.004140
-0.3729 0.003375
-0.3670 0.002746
-0.3606 0.002231
-0.3540 0.001811
-0.3472 0.001469
-0.3405 0.001191
-0.3341 0.000966
-0.3281 0.000784
-0.3226 0.000638
-0.3176 0.000519
-0.3131 0.000423
-0.3093 0.000346
-0.3061 0.000283
-0.3036 0.000232
-0.3019 0.000191
-0.3010 0.000157
-0.3010 0.000130
-0.3017 0.000108
-0.3030 0.000089
-0.3047 0.000074
-0.3066 0.000062
-0.3086 0.000051
-0.3106 0.000043
-0.3125 0.000036
-0.3142 0.000030
-0.3159 0.000025
-0.3175 0.000020
-0.3190 0.000017
-0.3203 0.000014
-0.3216 0.000012
-0.3228 0.000010
-0.3240 0.000008
-0.3250 0.000007
-0.3077 0.092376
-0.2925 0.087800
-0.2789 0.083726
-0.2667 0.080055
-0.2556 0.076715
-0.2454 0.073659
-0.2361 0.070856
-0.2275 0.068280
-0.2196 0.065910
-0.2123 0.063721
-0.2056 0.061688
-0.1992 0.059786
-0.1932 0.057989
-0.1875 0.056273
-0.1820 0.054616
-0.1766 0.053003
-0.1714 0.051429
-0.1663 0.049891
-0.1614 0.044552
-0.1582 0.036097
-0.1568 0.029571
-0.1571 0.024496
-0.1592 0.020522
-0.1631 0.017384
-0.1689 0.014880
-0.1764 0.012851
-0.1856 0.011175
-0.1960 0.009762
-0.2075 0.008541
-0.2194 0.007468
-0.2313 0.006511
-0.2429 0.005654
-0.2539 0.004886
-0.2641 0.004203
-0.2735 0.003598
-0.2820 0.003067
-0.2896 0.002605
-0.2965 0.002205
-0.3025 0.001860
-0.3077 0.001564
-0.3120 0.001312
-0.3156 0.001097
-0.3183 0.000915
-0.3202 0.000761
-0.3212 0.000631
-0.3214 0.000522
-0.3208 0.000431
-0.3194 0.000355
-0.3172 0.000291
-0.3143 0.000239
-0.3106 0.000195
-0.3065 0.000159
-0.3022 0.000130
-0.2983 0.000106
-0.2951 0.000087
-0.2930 0.000071
-0.2920 0.000059
-0.2920 0.000048
-0.2928 0.000040
-0.2943 0.000033
-0.2962 0.000028
-0.2983 0.000023
-0.3004 0.000019
-0.2947 0.088479
-0.2803 0.084132
-0.2671 0.080184
-0.2550 0.076547
-0.2438 0.073182
-0.2336 0.070109
-0.2244 0.067359
-0.2164 0.064938
-0.2094 0.062828
-0.2032 0.060991
-0.1979 0.059384
-0.1932 0.057970
-0.1890 0.056718
-0.1853 0.055602
-0.1820 0.054604
-0.1790 0.053709
-0.1763 0.052908
-0.1740 0.052198
-0.1720 0.049113
-0.1717 0.040540
-0.1736 0.033880
-0.1775 0.028642
-0.1834 0.024466
-0.1912 0.021079
-0.2005 0.018279
-0.2111 0.015915
-0.2227 0.013880
-0.2348 0.012099
-0.2470 0.010525
-0.2590 0.009126
-0.2706 0.007882
-0.2705 0.087690
-0.2597 0.161104
-0.2413 0.148852
-0.2251 0.138205
-0.2105 0.128733
-0.1971 0.120155
-0.1847 0.112295
-0.1731 0.105014
-0.1621 0.098171
-0.1515 0.091605
-0.1409 0.085136
-0.1302 0.078571
-0.1189 0.071678
-0.1065 0.064167
-0.0923 0.055638
-0.0755 0.045513
-0.0545 0.032927
-0.0274 0.016657
0.0081 -0.004507
0.0518 -0.027668
0.0983 -0.047120
0.1387 -0.055112
0.1680 -0.055252
0.1857 -0.050513
0.1935 -0.043557
0.1940 -0.036109
0.1890 -0.085858
0.1711 -0.073188
0.1540 -0.062457
0.1372 -0.053146
0.1204 -0.044845
0.1033 -0.037203
0.0854 -0.029885
0.0659 -0.022527
0.0437 -0.014675
0.0170 -0.005681
-0.0172 0.005434
-0.0629 0.019910
-0.1214 0.038120
-0.1851 0.057745
-0.2428 0.075277
-0.2887 0.089038
-0.3227 0.099078
-0.3467 0.106060
-0.3630 0.110694
-0.3735 0.113572
-0.3795 0.113859
-0.3844 0.095344
-0.3895 0.079885
-0.3945 0.066891
-0.3990 0.055937
-0.4029 0.046699
-0.4060 0.038912
-0.4083 0.032360
-0.4099 0.026858
-0.4107 0.022248
-0.4107 0.018396
-0.4100 0.015186
-0.4089 0.012521
-0.4074 0.010315
-0.4058 0.008494
-0.4041 0.006994
-0.4024 0.005759
-0.4008 0.004742
-0.3991 0.003904
-0.3973 0.003214
-0.3954 0.002644
-0.3933 0.002175
-0.3910 0.001788
-0.3885 0.001469
-0.3860 0.001206
-0.3834 0.000991
-0.3808 0.000814
-0.3782 0.000668
-0.3756 0.000549
-0.3729 0.000450
-0.3702 0.000370
-0.3675 0.000303
-0.3646 0.000249
-0.3617 0.000204
-0.3587 0.000167
-0.3557 0.000137
-0.3526 0.000112
-0.3495 0.000092
-0.3464 0.000076
-0.3431 0.000062
-0.3398 0.000051
-0.3363 0.000041
-0.3326 0.000034
-0.3287 0.000028
-0.3246 0.000023
-0.3202 0.000018
-0.3155 0.000015
-0.3106 0.000012
-0.3054 0.000010
-0.3001 0.000008
-0.2948 0.000007
-0.2896 0.000005
-0.2847 0.000004
-0.2655 0.079717
-0.2465 0.074006
-0.2289 0.068732
-0.2127 0.063859
-0.1980 0.059450
-0.1849 0.055496
-0.1729 0.051904
-0.1617 0.048549
-0.1509 0.045298
-0.1399 0.042015
-0.1284 0.038549
-0.1156 0.034712
-0.1006 0.030235
-0.0821 0.024697
-0.0577 0.017405
-0.0237 0.007245
0.0242 -0.007104
0.0848 -0.025246
0.1441 -0.037782
0.1895 -0.041142
0.2176 -0.039105
0.2309 -0.034323
0.2329 -0.028642
0.2272 -0.023107
0.2165 -0.018205
0.2027 -0.014095
0.1871 -0.010761
0.1706 -0.008113
0.1535 -0.006037
0.1360 -0.004422
0.1179 -0.003171
0.0989 -0.002201
0.0784 -0.001444
0.0552 -0.000842
0.0274 -0.000348
-0.0087 0.000086
-0.0584 0.000496
-0.1252 0.000883
-0.2006 0.001172
-0.2697 0.001305
-0.3254 0.001302
-0.3675 0.001217
-0.3984 0.001091
-0.4203 0.000952
-0.4316 0.130331
-0.4183 0.251828
-0.3855 0.231983
-0.3597 0.216337
-0.3391 0.203838
-0.3229 0.194055
-0.3107 0.186661
-0.3016 0.181158
-0.2947 0.176977
-0.2892 0.173627
-0.2844 0.170750
-0.2800 0.168114
-0.2758 0.165576
-0.2717 0.163060
-0.2674 0.160525
-0.2632 0.157957
-0.2588 0.155357
-0.2546 0.148371
-0.2535 0.122132
-0.2562 0.102050
-0.2616 0.086139
-0.2688 0.073179
-0.2772 0.062396
-0.2863 0.053283
-0.2957 0.045501
-0.3051 0.038812
-0.3141 0.033046
-0.3227 0.028072
-0.3307 0.023786
-0.3380 0.020099
-0.3445 0.016939
-0.3502 0.014238
-0.3552 0.011938
-0.3593 0.009987
-0.3628 0.008337
-0.3657 0.006947
-0.3679 0.005780
-0.3696 0.004801
-0.3709 0.003983
-0.3716 0.003300
-0.3720 0.002731
-0.3720 0.002258
-0.3717 0.001865
-0.3711 0.001540
-0.3702 0.001270
-0.3692 0.001048
-0.3681 0.000863
-0.3668 0.000711
-0.3505 0.105766
-0.3308 0.099742
-0.3136 0.094477
-0.2984 0.089824
-0.2847 0.085673
-0.2725 0.081944
-0.2614 0.078582
-0.2513 0.075538
-0.2422 0.072772
-0.2338 0.070245
-0.2262 0.067922
-0.2190 0.065769
-0.2123 0.063755
-0.2060 0.061853
-0.2000 0.060034
-0.1941 0.058269
-0.1883 0.056532
-0.1825 0.054790
-0.1766 0.053011
-0.1704 0.051156
-0.1641 0.044781
-0.1587 0.035808
-0.1541 0.028755
-0.1501 0.023155
-0.1464 0.018670
-0.1428 0.015052
-0.1389 0.012114
-0.1347 0.009714
-0.1299 0.007741
-0.1239 0.006109
-0.1165 0.004749
-0.1069 0.003602
-0.0939 0.002619
-0.0758 0.001750
-0.0493 0.000945
-0.0091 0.000151
0.0502 -0.000645
0.1220 -0.001305
0.1855 -0.001645
0.2276 -0.001672
0.2476 -0.001505
0.2502 -0.001258
0.2416 -0.001005
0.2185 -0.066387
0.1923 -0.058320
0.1682 -0.050921
0.1391 -0.083898
0.1122 -0.067656
0.0872 -0.052583
0.0622 -0.037554
0.0353 -0.021412
0.0037 -0.003680
-0.0341 0.030351
-0.0790 0.070714
-0.1283 0.115098
-0.1749 0.157124
-0.2129 0.191361
-0.2405 0.216325
-0.2591 0.233107
-0.2706 0.243535
-0.2770 0.249318
-0.2811 0.238516
-0.2845 0.229194
-0.2872 0.221153
-0.2899 0.203689
-0.2941 0.186089
-0.2989 0.171916
-0.3039 0.160282
-0.3085 0.150601
-0.3134 0.132143
-0.3202 0.111615
-0.3281 0.094570
-0.3365 0.080192
-0.3449 0.067956
-0.3530 0.057498
-0.3604 0.048548
-0.3672 0.040895
-0.3732 0.034365
-0.3784 0.028808
-0.3827 0.024093
-0.3862 0.020104
-0.3890 0.016741
-0.3910 0.013913
-0.3923 0.011541
-0.3929 0.009559
-0.3930 0.007905
-0.3926 0.006528
-0.3917 0.005386
-0.3904 0.004438
-0.3888 0.003655
-0.3869 0.003007
-0.3848 0.002472
-0.3824 0.002032
-0.3799 0.001669
-0.3773 0.001370
-0.3745 0.001125
-0.3718 0.000923
-0.3690 0.000758
-0.3663 0.000622
-0.3636 0.000510
-0.3609 0.000419
-0.3583 0.000344
-0.3558 0.000282
-0.3533 0.000232
-0.3507 0.000190
-0.3481 0.000156
-0.3454 0.000128
-0.3426 0.000105
-0.3397 0.000086
-0.3367 0.000071
-0.3337 0.000058
-0.3309 0.000047
-0.3284 0.000039
-0.3262 0.000032
-0.3245 0.000026
-0.3230 0.000022
-0.3219 0.000018
-0.3209 0.000015
-0.3200 0.000012
-0.3191 0.000010
-0.3181 0.000008
-0.3170 0.000007
-0.3158 0.000006
-0.3143 0.000005
-0.3126 0.000004
-0.3107 0.000003
-0.3021 0.090695
-0.2829 0.084939
-0.2653 0.079639
-0.2488 0.074694
-0.2335 0.070100
-0.2196 0.065910
-0.2070 0.062131
-0.1956 0.058722
-0.1853 0.055609
-0.1756 0.052713
-0.1664 0.049954
-0.1574 0.047252
-0.1483 0.044529
-0.1389 0.041693
-0.1287 0.038634
-0.1172 0.035198
-0.1037 0.031161
-0.0870 0.026170
-0.0652 0.019637
-0.0350 0.009634
0.0079 -0.001664
0.0661 -0.012176
0.1299 -0.019893
0.1828 -0.023206
0.2175 -0.022857
0.2350 -0.020436
0.2392 -0.017207
0.2342 -0.013931
0.2232 -0.010982
0.2088 -0.008494
0.1924 -0.006473
0.1665 -0.054650
0.1426 -0.046117
0.1203 -0.038445
0.0986 -0.031195
0.0763 -0.023964
0.0521 -0.016285
0.0240 -0.007510
-0.0113 0.003348
-0.0581 0.017607
-0.1182 0.035850
-0.1843 0.055849
-0.2357 0.141968
-0.2710 0.163218
-0.2955 0.177887
-0.3114 0.187393
-0.3210 0.193085
-0.3261 0.196060
-0.3280 0.197139
-0.3277 0.196909
-0.3259 0.195775
-0.3241 0.180915
-0.3239 0.166359
-0.3248 0.154761
-0.3259 0.145348
-0.3271 0.137594
-0.3280 0.131129
-0.3286 0.125680
-0.3287 0.121044
-0.3284 0.117061
-0.3289 0.099442
-0.3316 0.082892
-0.3357 0.069377
-0.3405 0.058182
-0.3456 0.048823
-0.3506 0.040954
-0.3553 0.034318
