0.2568 -0.205365
0.2541 -0.203366
0.2342 -0.187574
0.2080 -0.166601
0.1808 -0.144826
0.1546 -0.123903
0.1299 -0.104088
0.1060 -0.084993
0.0822 -0.065916
0.0571 -0.045891
0.0292 -0.023564
-0.0042 0.002893
-0.0465 0.029814
-0.1017 0.054158
-0.1669 0.073621
-0.2317 0.084606
-0.2882 0.087104
-0.3347 0.083687
-0.3722 0.076974
-0.4024 0.068812
-0.4267 0.060336
-0.4462 0.052180
-0.4620 0.044672
-0.4747 0.037950
-0.4847 0.032043
-0.4925 0.026923
-0.4984 0.022528
-0.5026 0.018784
-0.5053 0.015614
-0.5066 0.012943
-0.5066 0.010701
-0.5053 0.008826
-0.5028 0.007262
-0.4992 0.005961
-0.4944 0.004882
-0.4885 0.003988
-0.4814 0.003249
-0.4732 0.002641
-0.4637 0.002140
-0.4530 0.001728
-0.4412 0.001392
-0.4281 0.001117
-0.4137 0.000892
-0.3982 0.000710
-0.3814 0.000562
-0.3635 0.000443
-0.3443 0.000347
-0.3240 0.000270
-0.3023 0.000208
-0.2793 0.000159
-0.2545 0.000120
-0.2276 0.000089
-0.1976 0.000064
-0.1626 0.000043
-0.1187 0.000026
-0.0569 0.000010
0.0403 -0.023516
0.1516 -0.120487
0.2275 -0.181549
0.2570 -0.205545
0.2539 -0.203241
0.2339 -0.187322
0.2076 -0.166324
0.1804 -0.144567
0.1543 -0.123677
0.1296 -0.103894
0.1058 -0.084826
0.0820 -0.065772
0.0569 -0.045764
0.0290 -0.023451
-0.0043 0.002988
-0.0466 0.029872
-0.1018 0.054176
-0.1669 0.073598
-0.2316 0.084552
-0.2881 0.087035
-0.3346 0.083612
-0.3720 0.076899
-0.4022 0.068743
-0.4264 0.060272
-0.4459 0.052123
-0.4617 0.044621
-0.4743 0.037905
-0.4843 0.032004
-0.4921 0.026889
-0.4980 0.022499
-0.5022 0.018759
-0.5049 0.015593
-0.5061 0.012924
-0.5061 0.010685
-0.5048 0.008813
-0.5023 0.007251
-0.4987 0.005952
-0.4939 0.004874
-0.4879 0.003981
-0.4808 0.003244
-0.4725 0.002636
-0.4631 0.002136
-0.4524 0.001725
-0.4405 0.001389
-0.4274 0.001114
-0.4131 0.000890
-0.3975 0.000709
-0.3807 0.000561
-0.3628 0.000442
-0.3436 0.000346
-0.3233 0.000269
-0.3016 0.000208
-0.2785 0.000159
-0.2537 0.000120
-0.2267 0.000088
-0.1966 0.000063
-0.1614 0.000043
-0.1172 0.000026
-0.0546 0.000010
0.0438 -0.025604
0.1546 -0.122895
0.2290 -0.182812
0.2574 -0.205825
0.2535 -0.202953
0.2332 -0.186794
0.2069 -0.165740
0.1797 -0.144009
0.1537 -0.123167
0.1290 -0.103430
0.1053 -0.084396
0.0815 -0.065357
0.0564 -0.045344
0.0284 -0.022999
-0.0049 0.003475
-0.0474 0.030283
-0.1027 0.054499
-0.1679 0.073778
-0.2325 0.084570
-0.2887 0.086933
-0.3350 0.083442
-0.3723 0.076701
-0.4023 0.068539
-0.4264 0.060077
-0.4459 0.051944
-0.4616 0.044460
-0.4741 0.037763
-0.4841 0.031881
-0.4918 0.026783
-0.4977 0.022408
-0.5018 0.018682
-0.5044 0.015527
-0.5056 0.012869
-0.5056 0.010639
-0.5042 0.008773
-0.5017 0.007218
-0.4981 0.005924
-0.4932 0.004851
-0.4873 0.003962
-0.4801 0.003228
-0.4718 0.002623
-0.4623 0.002125
-0.4516 0.001717
-0.4397 0.001382
-0.4266 0.001108
-0.4122 0.000886
-0.3966 0.000705
-0.3799 0.000558
-0.3619 0.000440
-0.3427 0.000344
-0.3223 0.000268
-0.3006 0.000206
-0.2774 0.000158
-0.2526 0.000119
-0.2255 0.000088
-0.1952 0.000063
-0.1597 0.000042
-0.1150 0.000025
-0.0513 0.000009
0.0488 -0.028565
0.1588 -0.126239
0.2311 -0.184525
0.2578 -0.206165
0.2530 -0.202505
0.2323 -0.186014
0.2058 -0.164883
0.1787 -0.143185
0.1528 -0.122406
0.1282 -0.102727
0.1044 -0.083730
0.0806 -0.064700
0.0556 -0.044662
0.0275 -0.022243
-0.0060 0.004311
-0.0488 0.031027
-0.1045 0.055127
-0.1697 0.074179
-0.2340 0.084701
-0.2900 0.086855
-0.3360 0.083241
-0.3730 0.076441
-0.4028 0.068262
-0.4268 0.059806
-0.4461 0.051692
-0.4616 0.044233
-0.4741 0.037562
-0.4840 0.031706
-0.4916 0.026631
-0.4974 0.022278
-0.5015 0.018571
-0.5040 0.015434
-0.5052 0.012790
-0.5050 0.010573
-0.5037 0.008718
-0.5011 0.007172
-0.4974 0.005886
-0.4925 0.004819
-0.4865 0.003936
-0.4793 0.003206
-0.4710 0.002605
-0.4615 0.002110
-0.4507 0.001704
-0.4388 0.001372
-0.4256 0.001100
-0.4112 0.000879
-0.3956 0.000699
-0.3788 0.000553
-0.3607 0.000436
-0.3415 0.000341
-0.3211 0.000265
-0.2993 0.000204
-0.2761 0.000156
-0.2512 0.000117
-0.2240 0.000087
-0.1934 0.000062
-0.1576 0.000042
-0.1121 0.000025
-0.0468 0.009540
0.0551 -0.032345
0.1639 -0.130368
0.2337 -0.186575
0.2582 -0.206509
0.2522 -0.201882
0.2310 -0.184991
0.2044 -0.163772
0.1774 -0.142117
0.1515 -0.121416
0.1270 -0.101805
0.1033 -0.082849
0.0795 -0.063822
0.0544 -0.043738
0.0262 -0.021207
-0.0076 0.005455
-0.0508 0.032025
-0.1069 0.055950
-0.1723 0.074675
-0.2363 0.084814
-0.2919 0.086678
-0.3374 0.082897
-0.3741 0.076022
-0.4036 0.067825
-0.4274 0.059384
-0.4465 0.051302
-0.4619 0.043884
-0.4742 0.037254
-0.4840 0.031438
-0.4915 0.026401
-0.4972 0.022081
-0.5012 0.018404
-0.5037 0.015292
-0.5048 0.012672
-0.5046 0.010473
-0.5031 0.008635
-0.5005 0.007102
-0.4967 0.005828
-0.4918 0.004771
-0.4857 0.003896
-0.4785 0.003173
-0.4701 0.002578
-0.4605 0.002088
-0.4497 0.001686
-0.4377 0.001357
-0.4245 0.001088
-0.4100 0.000869
-0.3943 0.000691
-0.3775 0.000547
-0.3594 0.000431
-0.3401 0.000337
-0.3196 0.000262
-0.2978 0.000202
-0.2745 0.000154
-0.2494 0.000116
-0.2221 0.000085
-0.1913 0.000061
-0.1550 0.000041
-0.1086 0.000024
-0.0414 0.008447
0.0627 -0.036925
0.1699 -0.135219
0.2366 -0.188902
0.2586 -0.206823
0.2512 -0.201076
0.2294 -0.183729
0.2027 -0.162415
0.1758 -0.140814
0.1500 -0.120206
0.1256 -0.100673
0.1020 -0.081759
0.0782 -0.062727
0.0530 -0.042575
0.0246 -0.019889
-0.0096 0.006911
-0.0534 0.033335
-0.1101 0.057063
-0.1756 0.075388
-0.2392 0.085054
-0.2942 0.086558
-0.3393 0.082564
-0.3755 0.075588
-0.4047 0.067361
-0.4281 0.058931
-0.4470 0.050880
-0.4622 0.043503
-0.4744 0.036918
-0.4840 0.031144
-0.4915 0.026148
-0.4970 0.021865
-0.5009 0.018220
-0.5033 0.015137
-0.5043 0.012541
-0.5040 0.010363
-0.5025 0.008543
-0.4998 0.007026
-0.4960 0.005764
-0.4910 0.004718
-0.4848 0.003852
-0.4775 0.003137
-0.4691 0.002548
-0.4594 0.002063
-0.4486 0.001666
-0.4365 0.001340
-0.4232 0.001074
-0.4087 0.000858
-0.3929 0.000682
-0.3760 0.000540
-0.3579 0.000425
-0.3385 0.000332
-0.3179 0.000258
-0.2960 0.000199
-0.2726 0.000151
-0.2474 0.000114
-0.2198 0.000083
-0.1887 0.000059
-0.1519 0.000039
-0.1045 0.000022
-0.0347 0.007128
0.0715 -0.056316
0.1767 -0.140664
0.2396 -0.191400
0.2588 -0.207047
0.2499 -0.200059
0.2275 -0.182220
0.2007 -0.160815
0.1738 -0.139283
0.1482 -0.118781
0.1239 -0.099335
0.1003 -0.080464
0.0765 -0.061417
0.0512 -0.041173
0.0225 -0.018288
-0.0120 0.008664
-0.0565 0.034886
-0.1140 0.058355
-0.1796 0.076176
-0.2428 0.085266
-0.2972 0.086343
-0.3416 0.082102
-0.3773 0.075013
-0.4061 0.066757
-0.4292 0.058346
-0.4478 0.050339
-0.4628 0.043017
-0.4747 0.036489
-0.4842 0.030772
-0.4915 0.025828
-0.4969 0.021591
-0.5007 0.017988
-0.5030 0.014941
-0.5039 0.012376
-0.5035 0.010225
-0.5019 0.008428
-0.4991 0.006930
-0.4952 0.005684
-0.4901 0.004652
-0.4839 0.003797
-0.4765 0.003092
-0.4680 0.002511
-0.4582 0.002033
-0.4473 0.001641
-0.4351 0.001320
-0.4217 0.001058
-0.4071 0.000844
-0.3913 0.000671
-0.3743 0.000531
-0.3561 0.000417
-0.3367 0.000326
-0.3160 0.000253
-0.2940 0.000195
-0.2704 0.000148
-0.2451 0.000111
-0.2173 0.000081
-0.1858 0.000058
-0.1483 0.000038
-0.0995 0.000021
-0.0268 0.005553
0.0817 -0.064418
0.1842 -0.146692
0.2429 -0.194031
0.2589 -0.207146
0.2483 -0.198809
0.2253 -0.180452
0.1984 -0.158960
0.1716 -0.137513
0.1462 -0.117131
0.1220 -0.097778
0.0985 -0.078949
0.0746 -0.059873
0.0491 -0.039509
0.0201 -0.016371
-0.0150 0.010736
-0.0603 0.036736
-0.1186 0.059897
-0.1844 0.077114
-0.2470 0.085532
-0.3006 0.086115
-0.3443 0.081591
-0.3794 0.074372
-0.4077 0.066082
-0.4304 0.057691
-0.4487 0.049733
-0.4634 0.042472
-0.4752 0.036009
-0.4844 0.030355
-0.4916 0.025469
-0.4969 0.021285
-0.5005 0.017728
-0.5027 0.014722
-0.5035 0.012191
-0.5030 0.010070
-0.5013 0.008298
-0.4984 0.006822
-0.4944 0.005595
-0.4892 0.004578
-0.4829 0.003736
-0.4754 0.003041
-0.4667 0.002469
-0.4569 0.001998
-0.4459 0.001612
-0.4336 0.001296
-0.4201 0.001039
-0.4054 0.000829
-0.3895 0.000658
-0.3724 0.000520
-0.3541 0.000409
-0.3346 0.000320
-0.3138 0.000248
-0.2916 0.000191
-0.2680 0.000145
-0.2424 0.000108
-0.2143 0.000079
-0.1824 0.000056
-0.1440 0.000036
-0.0936 0.000020
-0.0175 0.003687
0.0931 -0.073560
0.1922 -0.153161
0.2462 -0.196675
0.2588 -0.207050
0.2464 -0.197291
0.2227 -0.178407
0.1958 -0.156845
0.1691 -0.135502
0.1438 -0.115253
0.1198 -0.096000
0.0963 -0.077209
0.0724 -0.058090
0.0467 -0.037572
0.0173 -0.014097
-0.0185 0.013135
-0.0649 0.038858
-0.1241 0.061640
-0.1899 0.078136
-0.2519 0.085785
-0.3046 0.085816
-0.3474 0.080979
-0.3819 0.073621
-0.4096 0.065297
-0.4319 0.056934
-0.4498 0.049034
-0.4642 0.041845
-0.4757 0.035457
-0.4848 0.029876
-0.4917 0.025057
-0.4969 0.020934
-0.5004 0.017430
-0.5024 0.014470
-0.5030 0.011980
-0.5024 0.009894
-0.5006 0.008151
-0.4976 0.006699
-0.4935 0.005493
-0.4882 0.004493
-0.4818 0.003666
-0.4742 0.002983
-0.4654 0.002421
-0.4554 0.001959
-0.4443 0.001580
-0.4319 0.001270
-0.4183 0.001017
-0.4035 0.000811
-0.3875 0.000644
-0.3703 0.000509
-0.3519 0.000400
-0.3322 0.000312
-0.3113 0.000242
-0.2890 0.000186
-0.2652 0.000141
-0.2394 0.000105
-0.2109 0.000077
-0.1784 0.000054
-0.1391 0.000035
-0.0868 0.000018
-0.0064 0.002956
0.1058 -0.083722
0.2007 -0.159962
0.2493 -0.199240
0.2583 -0.206698
0.2441 -0.195471
0.2198 -0.176071
0.1928 -0.154461
0.1663 -0.133243
0.1412 -0.113142
0.1173 -0.093994
0.0938 -0.075235
0.0698 -0.056052
0.0439 -0.035341
0.0141 -0.011440
-0.0226 0.015863
-0.0702 0.041245
-0.1304 0.063554
-0.1963 0.079200
-0.2574 0.085982
-0.3090 0.085409
-0.3510 0.080237
-0.3847 0.072735
-0.4118 0.064384
-0.4336 0.056058
-0.4511 0.048229
-0.4652 0.041125
-0.4764 0.034825
-0.4852 0.029327
-0.4920 0.024586
-0.4969 0.020532
-0.5002 0.017090
-0.5021 0.014184
-0.5026 0.011739
-0.5019 0.009692
-0.4999 0.007983
-0.4968 0.006559
-0.4925 0.005376
-0.4871 0.004397
-0.4805 0.003586
-0.4728 0.002918
-0.4639 0.002367
-0.4539 0.001915
-0.4426 0.001544
-0.4301 0.001240
-0.4164 0.000993
-0.4014 0.000792
-0.3853 0.000628
-0.3679 0.000496
-0.3494 0.000389
-0.3296 0.000304
-0.3085 0.000235
-0.2861 0.000180
-0.2621 0.000137
-0.2360 0.000102
-0.2071 0.000074
-0.1740 0.000051
-0.1335 0.000033
-0.0788 0.000016
0.0065 -0.002192
0.1196 -0.094796
0.2093 -0.166937
0.2522 -0.201615
0.2575 -0.206037
0.2414 -0.193336
0.2165 -0.173444
0.1895 -0.151815
0.1632 -0.130743
0.1383 -0.110801
0.1145 -0.091760
0.0910 -0.073023
0.0669 -0.053752
0.0407 -0.032801
0.0103 -0.008423
-0.0273 0.018838
-0.0763 0.043940
-0.1376 0.065691
-0.2033 0.080368
-0.2635 0.086203
-0.3140 0.084982
-0.3549 0.079455
-0.3878 0.071800
-0.4142 0.063420
-0.4354 0.055134
-0.4525 0.047381
-0.4663 0.040366
-0.4772 0.034158
-0.4857 0.028750
-0.4922 0.024090
-0.4970 0.020110
-0.5001 0.016733
-0.5018 0.013882
-0.5022 0.011486
-0.5013 0.009480
-0.4992 0.007806
-0.4959 0.006412
-0.4915 0.005254
-0.4859 0.004295
-0.4792 0.003503
-0.4714 0.002849
-0.4623 0.002310
-0.4521 0.001868
-0.4407 0.001505
-0.4281 0.001209
-0.4142 0.000967
-0.3991 0.000771
-0.3828 0.000611
-0.3654 0.000482
-0.3466 0.000378
-0.3267 0.000295
-0.3055 0.000228
-0.2829 0.000175
-0.2586 0.000132
-0.2322 0.000098
-0.2029 0.000071
-0.1690 0.000049
-0.1271 0.000030
-0.0694 0.000014
0.0213 -0.012127
0.1343 -0.106572
0.2179 -0.173871
0.2547 -0.203666
0.2562 -0.205006
0.2384 -0.190865
0.2129 -0.170528
0.1859 -0.148917
0.1598 -0.128013
0.1351 -0.108241
0.1114 -0.089305
0.0880 -0.070577
0.0637 -0.051189
0.0371 -0.029947
0.0061 -0.005032
-0.0327 0.022085
-0.0833 0.046863
-0.1457 0.067927
-0.2111 0.081501
-0.2701 0.086315
-0.3193 0.084418
-0.3592 0.078531
-0.3911 0.070729
-0.4168 0.062332
-0.4375 0.054099
-0.4541 0.046434
-0.4675 0.039522
-0.4780 0.033419
-0.4863 0.028110
-0.4926 0.023542
-0.4971 0.019643
-0.5000 0.016338
-0.5015 0.013549
-0.5017 0.011207
-0.5006 0.009247
-0.4984 0.007611
-0.4949 0.006250
-0.4904 0.005120
-0.4847 0.004184
-0.4778 0.003410
-0.4698 0.002773
-0.4606 0.002248
-0.4502 0.001817
-0.4387 0.001463
-0.4259 0.001175
-0.4119 0.000939
-0.3966 0.000748
-0.3802 0.000593
-0.3625 0.000467
-0.3437 0.000366
-0.3236 0.000285
-0.3022 0.000220
-0.2793 0.000168
-0.2548 0.000127
-0.2281 0.000094
-0.1982 0.000068
-0.1634 0.000046
-0.1198 0.000028
-0.0586 0.000011
0.0380 -0.022091
0.1495 -0.118792
0.2262 -0.180551
0.2567 -0.205276
0.2543 -0.203560
0.2348 -0.188054
0.2089 -0.167336
0.1820 -0.145783
0.1561 -0.125069
0.1316 -0.105472
0.1081 -0.086637
0.0846 -0.067901
0.0602 -0.048361
0.0332 -0.026767
0.0013 -0.001272
-0.0388 0.025591
-0.0912 0.049992
-0.1546 0.070230
-0.2195 0.082576
-0.2773 0.086314
-0.3251 0.083727
-0.3637 0.077482
-0.3947 0.069543
-0.4197 0.061140
-0.4397 0.052973
-0.4558 0.045409
-0.4687 0.038610
-0.4790 0.032622
-0.4869 0.027421
-0.4929 0.022952
-0.4972 0.019142
-0.4999 0.015914
-0.5012 0.013192
-0.5012 0.010908
-0.5000 0.008996
-0.4975 0.007402
-0.4939 0.006076
-0.4892 0.004976
-0.4833 0.004065
-0.4763 0.003312
-0.4681 0.002692
-0.4588 0.002181
-0.4482 0.001762
-0.4365 0.001419
-0.4235 0.001138
-0.4093 0.000909
-0.3939 0.000724
-0.3773 0.000573
-0.3595 0.000452
-0.3404 0.000354
-0.3202 0.000275
-0.2986 0.000212
-0.2755 0.000162
-0.2506 0.000122
-0.2235 0.000090
-0.1930 0.000064
-0.1571 0.000043
-0.1116 0.000025
-0.0459 0.009363
0.0564 -0.033172
0.1649 -0.131187
0.2339 -0.186786
0.2580 -0.206352
0.2519 -0.201669
0.2309 -0.184905
0.2046 -0.163879
0.1778 -0.142426
0.1522 -0.121921
0.1279 -0.102504
0.1045 -0.083760
0.0810 -0.064993
0.0563 -0.045260
0.0288 -0.023245
-0.0041 0.002818
-0.0457 0.029351
-0.1000 0.053317
-0.1642 0.072576
-0.2285 0.083585
-0.2848 0.086212
-0.3311 0.082933
-0.3685 0.076338
-0.3985 0.068273
-0.4226 0.059875
-0.4420 0.051784
-0.4576 0.044330
-0.4701 0.037653
-0.4800 0.031786
-0.4876 0.026701
-0.4933 0.022336
-0.4973 0.018618
-0.4998 0.015471
-0.5009 0.012820
-0.5007 0.010596
-0.4992 0.008736
-0.4966 0.007185
-0.4929 0.005896
-0.4879 0.004826
-0.4819 0.003941
-0.4747 0.003210
-0.4663 0.002607
-0.4568 0.002112
-0.4460 0.001705
-0.4341 0.001372
-0.4210 0.001100
-0.4066 0.000878
-0.3910 0.000699
-0.3742 0.000553
-0.3562 0.000435
-0.3370 0.000340
-0.3165 0.000264
-0.2947 0.000203
-0.2713 0.000155
-0.2462 0.000116
-0.2185 0.000085
-0.1873 0.000061
-0.1502 0.000040
-0.1022 0.000023
-0.0312 0.006416
0.0764 -0.060162
0.1801 -0.143426
0.2408 -0.192377
0.2585 -0.206810
0.2490 -0.199319
0.2265 -0.181431
0.2000 -0.160182
0.1733 -0.138870
0.1480 -0.118590
0.1240 -0.099352
0.1006 -0.080686
0.0771 -0.061860
0.0521 -0.041886
0.0239 -0.019371
-0.0100 0.007196
-0.0534 0.033310
-0.1097 0.056739
-0.1746 0.074845
-0.2379 0.084418
-0.2926 0.085918
-0.3374 0.081961
-0.3735 0.075039
-0.4025 0.066869
-0.4258 0.058494
-0.4445 0.050497
-0.4595 0.043167
-0.4715 0.036626
-0.4810 0.030892
-0.4883 0.025930
-0.4937 0.021678
-0.4975 0.018060
-0.4997 0.015000
-0.5006 0.012424
-0.5001 0.010264
-0.4985 0.008458
-0.4957 0.006954
-0.4917 0.005704
-0.4866 0.004667
-0.4804 0.003809
-0.4730 0.003101
-0.4644 0.002518
-0.4547 0.002038
-0.4437 0.001645
-0.4316 0.001323
-0.4182 0.001060
-0.4037 0.000846
-0.3879 0.000672
-0.3709 0.000531
-0.3527 0.000418
-0.3333 0.000326
-0.3126 0.000253
-0.2905 0.000195
-0.2669 0.000148
-0.2413 0.000111
-0.2132 0.000081
-0.1811 0.000057
-0.1425 0.000037
-0.0916 0.000020
-0.0141 0.006016
0.0971 -0.076798
0.1947 -0.155183
0.2467 -0.197158
0.2582 -0.206595
0.2454 -0.196508
0.2218 -0.177654
0.1951 -0.156268
0.1687 -0.135137
0.1436 -0.115092
0.1198 -0.096029
0.0965 -0.077422
0.0729 -0.058503
0.0475 -0.038233
0.0186 -0.015121
-0.0166 0.011832
-0.0620 0.037488
-0.1202 0.060280
-0.1856 0.077074
-0.2477 0.085148
-0.3007 0.085528
-0.3439 0.080918
-0.3786 0.073688
-0.4065 0.065428
-0.4290 0.057088
-0.4470 0.049191
-0.4615 0.041992
-0.4730 0.035589
-0.4820 0.029990
-0.4890 0.025154
-0.4941 0.021016
-0.4976 0.017498
-0.4995 0.014526
-0.5002 0.012026
-0.4995 0.009930
-0.4977 0.008180
-0.4946 0.006723
-0.4905 0.005511
-0.4852 0.004508
-0.4787 0.003678
-0.4711 0.002992
-0.4623 0.002428
-0.4524 0.001965
-0.4413 0.001584
-0.4289 0.001273
-0.4153 0.001020
-0.4006 0.000813
-0.3846 0.000645
-0.3674 0.000510
-0.3490 0.000400
-0.3293 0.000312
-0.3084 0.000242
-0.2860 0.000186
-0.2621 0.000141
-0.2361 0.000105
-0.2074 0.000076
-0.1744 0.000053
-0.1340 0.000034
-0.0795 0.000017
0.0054 -0.001751
0.1185 -0.093917
0.2084 -0.166150
0.2515 -0.200997
0.2570 -0.205674
0.2413 -0.193246
0.2167 -0.173594
0.1899 -0.152159
0.1638 -0.131244
0.1391 -0.111442
0.1154 -0.092542
0.0922 -0.073971
0.0684 -0.054920
0.0426 -0.034288
0.0128 -0.010396
-0.0239 0.016704
-0.0715 0.041817
-0.1316 0.063816
-0.1971 0.079127
-0.2577 0.085655
-0.3089 0.084940
-0.3505 0.079713
-0.3839 0.072208
-0.4107 0.063884
-0.4322 0.055599
-0.4496 0.047818
-0.4634 0.040761
-0.4745 0.034506
-0.4831 0.029051
-0.4897 0.024348
-0.4945 0.020328
-0.4977 0.016916
-0.4994 0.014035
-0.4998 0.011614
-0.4989 0.009586
-0.4968 0.007893
-0.4936 0.006483
-0.4892 0.005313
-0.4836 0.004343
-0.4770 0.003542
-0.4692 0.002880
-0.4602 0.002336
-0.4500 0.001889
-0.4386 0.001522
-0.4261 0.001223
-0.4123 0.000978
-0.3973 0.000779
-0.3811 0.000618
-0.3636 0.000488
-0.3450 0.000383
-0.3251 0.000298
-0.3039 0.000230
-0.2813 0.000176
-0.2570 0.000133
-0.2306 0.000099
-0.2011 0.000071
-0.1670 0.000049
-0.1245 0.000030
-0.0657 0.000013
0.0274 -0.015756
0.1399 -0.111095
0.2207 -0.176088
