0.8386
0.8474
0.8878
0.9244
0.9175
0.9089
0.9039
0.9015
0.9003
0.9000
0.8993
0.8993
0.8977
0.9009
0.9029
0.8988
0.8977
0.8975
0.8978
0.8979
0.8983
0.8987
0.8987
0.8988
0.8990
0.8990
0.8990
0.8990
0.8991
0.8990
0.8990
0.8991
0.8990
0.8990
0.8991
0.8990
0.8990
0.8991
0.8990
0.8990
0.8991
0.8990
0.8991
0.8992
0.8991
0.8993
0.8991
0.8991
0.8993
0.8992
0.8993
0.8994
0.8993
0.8993
0.8994
0.8994
0.8994
0.8996
0.8995
0.8995
0.8995
0.8996
0.8996
0.8997
0.8996
0.8996
0.8997
0.8997
0.8997
0.8997
0.8998
0.8998
0.8998
0.8997
0.8997
0.8998
0.8998
0.8998
0.8997
0.8998
0.8998
0.8997
0.8998
0.8999
0.8998
0.8998
0.8999
0.8998
0.8998
0.8999
0.8999
0.8998
0.8998
0.8999
0.8998
0.8998
0.8999
0.8998
0.8998
0.8999
0.8998
0.8999
0.8999
0.8998
0.8998
0.8999
0.8998
0.8998
0.8999
0.8998
0.8998
0.8999
0.8998
0.8997
0.8998
0.8998
0.8997
0.8998
0.8999
0.8997
0.8997
0.8998
0.8998
0.8997
0.8998
0.8998
0.8997
0.8997
0.8998
0.8997
0.8998
0.8997
0.8997
0.8997
0.8998
0.8996
0.8997
0.8998
0.8997
0.8996
0.8997
0.8997
0.8997
0.8996
0.8997
0.8997
0.8996
0.8997
0.8998
0.8996
0.8996
0.8997
0.8996
0.8995
0.8996
0.8997
0.8995
0.8995
0.8996
0.8995
0.8995
0.8997
0.8995
0.8995
0.8996
0.8996
0.8995
0.8995
0.8996
0.8996
0.8995
0.8996
0.8995
0.8996
0.8997
0.8996
0.8996
0.8997
0.8996
0.8996
0.8997
0.8997
0.8996
0.8997
0.8996
0.8996
0.8998
0.8996
0.8996
0.8997
0.8997
0.8997
0.8998
0.8997
0.8997
0.8998
0.8996
0.8997
0.8998
0.8997
0.8997
0.8997
0.8998
0.8997
0.8998
0.8999
0.8997
0.8997
0.8998
0.8999
0.8997
0.8998
0.8999
0.8999
0.9960
0.9639
0.9207
0.9100
0.9036
0.9074
0.9076
0.9065
0.9004
0.9031
0.8976
0.8962
0.9009
0.9054
0.8930
0.9056
0.9048
0.8971
0.9069
0.8995
0.8943
0.9041
0.9068
0.9076
0.9030
0.9143
0.9052
0.8943
0.8971
0.9043
0.9071
0.8897
0.9099
0.9092
0.9000
0.9086
0.9096
0.8967
0.9013
0.9035
0.8958
0.8982
0.9053
0.8977
0.9067
0.9013
0.9012
0.9002
0.8936
0.8927
0.9021
0.8975
0.8940
0.9062
0.9111
0.8975
0.9002
0.8998
0.8963
0.9019
0.9009
0.9078
0.9053
0.8980
0.9038
0.8967
0.9009
0.8979
0.9069
0.9049
0.9067
0.9012
0.9007
0.9021
0.8984
0.9105
0.8965
0.8914
0.8992
0.9141
0.9014
0.9030
0.9048
0.9057
0.8971
0.8945
0.9062
0.9058
0.8946
0.9006
0.9034
0.9053
0.9065
0.9108
0.9006
0.9007
0.9013
0.9006
0.9057
0.9046
0.9133
0.9038
0.9018
0.9073
0.9046
0.9022
0.8922
0.8948
0.9078
0.9004
0.9015
0.9048
0.9051
0.9028
0.8977
0.8968
0.9003
0.9081
0.9006
0.9018
0.8962
0.9007
0.8964
0.9066
0.9028
0.9097
0.8926
0.9026
0.8963
0.9028
0.8962
0.9012
0.9045
0.8993
0.8991
0.9024
0.9001
0.9036
0.8994
0.9054
0.9012
0.9037
0.9018
0.9064
0.9009
0.9010
0.9083
0.9114
0.8994
0.9038
