0.1225 -0.1839
0.1160 -0.1741
0.1121 -0.1681
0.1094 -0.1642
0.1074 -0.1612
0.1058 -0.1587
0.1042 -0.1563
0.1027 -0.1540
0.1012 -0.1518
0.0996 -0.1495
0.0981 -0.1472
0.0589 -0.0613
0.0583 -0.0553
0.0575 -0.0501
0.0563 -0.0454
0.0547 -0.0412
0.0526 -0.0374
0.0502 -0.0338
0.0477 -0.0307
0.0451 -0.0279
0.0425 -0.0254
0.0404 -0.0235
0.0389 -0.0220
0.0385 -0.0214
0.0399 -0.0217
0.0403 -0.0418
0.0415 -0.0428
0.0446 -0.0457
0.0496 -0.0506
0.0566 -0.0575
0.0652 -0.0661
0.0747 -0.0755
0.0840 -0.0848
0.0859 -0.1293
0.0866 -0.1303
0.0871 -0.1310
0.0873 -0.1313
0.0871 -0.1309
0.0869 -0.1246
0.0874 -0.1191
0.0881 -0.1148
0.0888 -0.1113
0.0895 -0.1084
0.0901 -0.1060
0.0906 -0.1039
0.0909 -0.1021
0.0911 -0.1004
0.0910 -0.0988
0.0906 -0.0971
0.0900 -0.0954
0.0892 -0.0936
0.0881 -0.0918
0.0797 -0.1224
0.0733 -0.1122
0.0684 -0.1044
0.0646 -0.0983
0.0616 -0.0934
0.0590 -0.0894
0.0567 -0.0848
0.0552 -0.0778
0.0544 -0.0728
0.0537 -0.0688
0.0531 -0.0654
0.0523 -0.0623
0.0510 -0.0591
0.0492 -0.0557
0.0469 -0.0506
0.0445 -0.0436
0.0420 -0.0376
0.0392 -0.0324
0.0360 -0.0278
0.0327 -0.0237
0.0294 -0.0201
0.0263 -0.0172
0.0237 -0.0149
0.0213 -0.0236
0.0189 -0.0206
0.0185 -0.0198
0.0203 -0.0215
0.0249 -0.0261
0.0328 -0.0340
0.0438 -0.0452
0.0571 -0.0585
0.0710 -0.0725
0.0840 -0.0855
0.0949 -0.0963
0.1011 -0.1460
0.1004 -0.1377
0.1005 -0.1316
0.1007 -0.1268
0.1009 -0.1227
0.1008 -0.1190
0.1005 -0.1156
0.0999 -0.1125
0.0991 -0.1095
0.0980 -0.1066
0.0968 -0.1039
0.0955 -0.1013
0.0940 -0.0988
0.0925 -0.0965
0.0910 -0.0942
0.0894 -0.0921
0.0877 -0.0899
0.0860 -0.0878
0.0842 -0.0857
0.0812 -0.1231
0.0728 -0.1101
0.0663 -0.1001
0.0612 -0.0923
0.0571 -0.0860
0.0537 -0.0809
0.0509 -0.0766
