0.6573
0.7489
0.8251
0.8701
0.8818
0.8805
0.8792
0.8779
0.8776
0.8768
0.8766
0.8770
0.8778
0.8779
0.8784
0.8780
0.8765
0.8777
0.8775
0.8783
0.8769
0.8785
0.8780
0.8769
0.8771
0.8765
0.8770
0.8773
0.8783
0.8783
0.8771
0.8768
0.8767
0.8766
0.8771
0.8777
0.8777
0.8764
0.8770
0.8770
0.8761
0.8772
0.8774
0.8779
0.8766
0.8778
0.8776
0.8780
0.8769
0.8766
0.8769
0.8769
0.8774
0.8767
0.8766
0.8766
0.8778
0.8776
0.8773
0.8770
0.8774
0.8779
0.8773
0.8767
0.8766
0.8776
0.8769
0.8772
0.8773
0.8775
0.8765
0.8761
0.8777
0.8766
0.8777
0.8770
0.8763
0.8781
0.8781
0.8777
0.8774
0.8778
0.8781
0.8774
0.8768
0.8771
0.8772
0.8765
0.8769
0.8778
0.8782
0.8775
0.8774
0.8777
0.8777
0.8769
0.8765
0.8767
0.8765
0.8761
0.8760
0.8768
0.8756
0.8766
0.8762
0.8762
0.8773
0.8767
0.8773
0.8771
0.8776
0.8759
0.8774
0.8773
0.8772
0.8769
0.8768
0.8766
0.8768
0.8765
0.8772
0.8773
0.8771
0.8776
0.8771
0.8774
0.8770
0.8774
0.8774
0.8769
0.8770
0.8759
0.8757
0.8766
0.8763
0.8765
0.8767
0.8771
0.8767
0.8774
0.8772
0.8766
0.8768
0.8765
0.8766
0.8771
0.8758
0.8765
0.8769
0.8770
0.8769
0.8773
0.8764
0.8769
0.8762
0.8775
0.8771
0.8767
0.8765
0.8766
0.8769
0.8766
0.8772
0.8777
0.8780
0.8765
0.8783
0.8781
0.8778
0.8779
0.8775
0.8771
0.8779
0.8772
0.8779
0.8775
0.8768
0.8759
0.8763
0.8769
0.8791
0.8787
0.8790
0.8779
0.8778
0.8785
0.8776
0.8770
0.8765
0.8770
0.8770
0.8779
0.8770
0.8767
0.8767
0.8774
0.8785
0.8771
0.8772
0.8771
0.8764
0.8773
0.8772
0.8770
0.8772
0.8767
0.8763
0.8780
0.8772
0.8765
0.8769
0.8775
0.8780
0.8772
0.8765
0.8768
0.8775
0.8771
0.8765
0.8760
0.8777
0.8785
0.8774
0.8772
0.8771
0.8768
0.8783
0.8775
0.8771
0.8771
0.8770
0.8777
0.8778
0.8776
0.8768
0.8770
0.8764
0.8776
0.8781
0.8774
0.8765
0.8766
0.8768
0.8764
0.8760
0.8764
0.8766
0.8757
0.8764
0.8775
0.8766
0.8772
0.8779
0.8786
0.8773
0.8774
0.8765
0.8770
0.8777
0.8775
0.8764
0.8776
0.8776
0.8771
0.8780
0.8771
0.8769
0.8765
0.8759
0.8770
0.8766
0.8775
0.8775
0.8780
0.8771
0.8777
0.8767
0.8769
0.8765
0.8770
0.8781
0.8783
0.8775
0.8772
0.8773
0.8766
0.8768
0.8769
0.8772
0.8770
0.8774
0.8779
0.8775
0.8769
0.8773
0.8758
0.8760
0.8764
0.8775
0.8768
0.8773
0.8766
0.8766
0.8758
0.8758
0.8771
0.8775
0.8783
0.8777
0.8774
0.8780
