0.0795 -0.000359
0.0612 -0.000290
0.0409 -0.000234
0.0170 -0.000187
-0.0132 -0.000147
-0.0536 -0.000112
-0.1071 -0.000083
-0.1696 -0.000058
-0.2305 -0.000040
-0.2819 -0.000027
-0.3220 -0.000018
-0.3519 -0.000013
-0.3735 -0.000009
-0.3886 -0.000007
-0.3987 -0.000005
-0.4051 -0.000004
-0.4088 -0.000003
-0.4103 -0.000003
-0.4103 -0.000002
-0.4090 -0.000002
-0.4066 -0.000002
-0.4033 -0.000001
-0.3993 -0.000001
-0.3945 -0.000001
-0.3893 -0.000001
-0.3835 -0.000001
-0.3773 -0.000001
-0.3708 -0.000001
-0.3640 -0.000001
-0.3570 -0.000000
-0.3496 -0.000000
-0.3463 -0.057653
-0.3490 -0.056647
-0.3504 -0.056121
-0.3508 -0.055952
-0.3505 -0.056057
-0.3496 -0.056379
-0.3483 -0.056881
-0.3465 -0.057540
-0.3444 -0.058342
-0.3419 -0.059278
-0.3478 -0.114230
-0.3535 -0.109916
-0.3573 -0.107063
-0.3598 -0.105154
-0.3617 -0.103711
-0.3634 -0.102461
-0.3649 -0.101304
-0.3664 -0.100231
-0.3675 -0.096236
-0.3673 -0.088303
-0.3659 -0.082526
-0.3635 -0.078308
-0.3604 -0.075269
-0.3568 -0.073147
-0.3527 -0.071746
-0.3484 -0.070202
-0.3428 -0.060663
-0.3356 -0.052880
-0.3271 -0.046337
-0.3177 -0.040722
-0.3075 -0.035838
-0.2967 -0.031555
-0.2853 -0.027782
-0.2733 -0.024451
-0.2607 -0.021511
-0.2475 -0.018919
-0.2336 -0.016640
-0.2187 -0.014647
-0.2025 -0.012913
-0.1844 -0.011420
-0.1635 -0.010151
-0.1380 -0.009101
-0.1049 -0.008280
-0.0574 -0.007729
0.0169 -0.007523
0.1215 -0.007541
0.2207 -0.007295
0.2883 -0.006656
0.3236 -0.005800
0.3337 -0.004896
0.3269 -0.004049
0.3101 -0.003308
0.2885 -0.002685
0.2651 -0.002172
0.2418 -0.001756
0.2194 -0.001420
0.1983 -0.001149
0.1784 -0.000931
0.1595 -0.000755
0.1414 -0.000612
0.1239 -0.000496
0.1066 -0.000403
0.0890 -0.000326
0.0706 -0.000263
0.0504 -0.000212
0.0269 -0.000169
-0.0021 -0.000133
-0.0404 -0.000103
-0.0915 -0.000076
-0.1533 -0.000054
-0.2157 -0.000037
-0.2693 -0.000025
-0.3113 -0.000017
-0.3425 -0.000012
-0.3649 -0.000008
-0.3804 -0.000006
-0.3907 -0.000005
-0.3970 -0.000004
-0.4002 -0.000003
-0.4010 -0.000003
-0.3998 -0.000002
-0.4022 -0.036672
-0.4042 -0.035922
-0.4044 -0.035838
-0.4036 -0.036162
-0.4022 -0.036676
-0.4007 -0.037232
-0.4031 -0.072720
-0.4072 -0.069608
-0.4099 -0.067602
-0.4113 -0.066523
-0.4117 -0.066249
-0.4111 -0.066685
-0.4097 -0.067742
-0.4075 -0.069328
-0.4045 -0.067106
-0.4002 -0.064754
-0.3949 -0.063441
-0.3889 -0.062838
-0.3826 -0.062658
-0.3753 -0.055585
-0.3667 -0.049608
-0.3573 -0.044350
-0.3474 -0.039605
-0.3374 -0.035255
-0.3274 -0.031247
-0.3177 -0.027566
-0.3083 -0.024215
-0.2990 -0.021198
-0.2899 -0.018508
-0.2807 -0.016130
-0.2714 -0.014044
-0.2618 -0.012222
-0.2517 -0.010640
-0.2409 -0.009271
-0.2293 -0.008090
-0.2165 -0.007075
-0.2022 -0.006206
-0.1859 -0.005466
-0.1668 -0.004843
-0.1433 -0.004329
-0.1128 -0.003924
-0.0777 -0.161857
-0.0569 -0.169187
-0.0268 -0.180106
0.0159 -0.195823
0.0691 -0.215562
0.1212 -0.234899
0.1595 -0.249083
0.1806 -0.256802
0.1872 -0.259079
0.1835 -0.257483
0.1731 -0.253384
0.1585 -0.247778
0.1416 -0.241304
0.1233 -0.234305
0.1038 -0.226896
0.0829 -0.218995
0.0617 -0.186332
0.0435 -0.150579
0.0267 -0.121861
0.0094 -0.098429
-0.0104 -0.079026
-0.0348 -0.062713
-0.0666 -0.048808
-0.1073 -0.036944
-0.1549 -0.027120
-0.2035 -0.019459
-0.2477 -0.013832
-0.2847 -0.009857
-0.3142 -0.007102
-0.3370 -0.005202
-0.3542 -0.003887
-0.3666 -0.002968
-0.3753 -0.002317
-0.3809 -0.001848
-0.3840 -0.001503
-0.3851 -0.001243
-0.3846 -0.001043
-0.3827 -0.000885
-0.3798 -0.000757
-0.3761 -0.000652
-0.3716 -0.000564
-0.3667 -0.000489
-0.3612 -0.000425
-0.3554 -0.000370
-0.3491 -0.000322
-0.3426 -0.000281
-0.3359 -0.000245
-0.3290 -0.000213
-0.3219 -0.000185
-0.3147 -0.000161
-0.3073 -0.000140
-0.2996 -0.000121
-0.2916 -0.000105
-0.2834 -0.000091
-0.2749 -0.000079
-0.2663 -0.000069
-0.2577 -0.000060
-0.2492 -0.000051
-0.2408 -0.000044
-0.2515 -0.093276
-0.2611 -0.089668
-0.2696 -0.086465
-0.2772 -0.083590
-0.2843 -0.080937
-0.2909 -0.078463
-0.2969 -0.076178
-0.3024 -0.074114
-0.3072 -0.072309
-0.3113 -0.070795
-0.3145 -0.069596
-0.3168 -0.068724
-0.3182 -0.068186
-0.3187 -0.067979
-0.3184 -0.068097
-0.3172 -0.068531
-0.3146 -0.060727
-0.3092 -0.052171
-0.3016 -0.045310
-0.2920 -0.039670
-0.2806 -0.034941
-0.2676 -0.030916
-0.2530 -0.027441
-0.2385 -0.122326
-0.2508 -0.206377
-0.2684 -0.188801
-0.2829 -0.174692
-0.2958 -0.162489
-0.3082 -0.151199
-0.3201 -0.140702
-0.3310 -0.131248
-0.3407 -0.123075
-0.3487 -0.116269
-0.3553 -0.110780
-0.3605 -0.106469
-0.3644 -0.103165
-0.3673 -0.100696
-0.3694 -0.098911
-0.3708 -0.097684
-0.3717 -0.096919
-0.3720 -0.096546
-0.3716 -0.091577
-0.3696 -0.085710
-0.3665 -0.081573
-0.3624 -0.078673
-0.3578 -0.076689
-0.3525 -0.069899
-0.3454 -0.061175
-0.3369 -0.053889
-0.3274 -0.047632
-0.3171 -0.042158
-0.3061 -0.037318
-0.2946 -0.033017
-0.2825 -0.029190
-0.2700 -0.025789
-0.2567 -0.022774
-0.2428 -0.020111
-0.2279 -0.017767
-0.2119 -0.015712
-0.1944 -0.013918
-0.1749 -0.012364
-0.1526 -0.011034
-0.1256 -0.009929
-0.0905 -0.009068
-0.0398 -0.008507
0.0381 -0.008304
0.1384 -0.008229
0.2255 -0.007814
0.2818 -0.007036
0.3102 -0.006092
0.3180 -0.005137
0.3120 -0.004259
0.2977 -0.003495
0.2789 -0.002850
0.2134 -0.269920
0.1634 -0.250624
0.1226 -0.234960
0.0858 -0.220843
0.0482 -0.206554
0.0049 -0.190157
-0.0508 -0.169157
-0.1225 -0.142184
-0.1998 -0.113074
-0.2668 -0.087800
-0.3178 -0.068563
-0.3542 -0.054847
-0.3791 -0.045461
-0.3954 -0.039297
-0.4055 -0.035485
-0.4111 -0.033383
-0.4133 -0.032535
-0.4130 -0.032616
-0.4106 -0.028846
-0.4059 -0.025103
-0.3995 -0.022159
-0.3919 -0.019703
-0.3835 -0.017566
-0.3744 -0.015659
-0.3699 -0.111028
-0.3766 -0.103100
-0.3799 -0.098570
-0.3812 -0.096025
-0.3822 -0.094039
-0.3838 -0.091824
-0.3860 -0.089270
-0.3886 -0.086605
-0.3911 -0.084113
-0.3933 -0.082006
-0.3950 -0.080391
-0.3961 -0.079289
-0.3966 -0.078669
-0.3966 -0.078475
-0.3961 -0.078650
-0.3953 -0.079145
-0.3941 -0.079927
-0.3926 -0.080974
-0.3908 -0.082279
-0.3879 -0.074164
-0.3825 -0.064879
-0.3753 -0.057529
-0.3665 -0.051402
-0.3567 -0.046090
-0.3460 -0.041357
-0.3347 -0.037073
-0.3229 -0.033168
-0.3107 -0.029606
-0.2982 -0.026366
-0.2852 -0.023435
-0.2717 -0.020800
-0.2575 -0.018448
-0.2425 -0.016362
-0.2262 -0.014525
-0.2226 -0.116329
-0.2248 -0.113416
-0.2260 -0.111232
-0.2271 -0.109405
-0.2290 -0.107492
-0.2322 -0.105258
-0.2368 -0.102667
-0.2426 -0.099791
-0.2491 -0.096744
-0.2561 -0.093640
-0.2631 -0.090581
-0.2701 -0.087647
-0.2767 -0.084898
-0.2828 -0.082380
-0.2884 -0.080124
-0.2933 -0.078152
-0.2974 -0.076479
-0.3008 -0.075108
-0.3035 -0.074032
-0.3052 -0.067410
-0.3043 -0.056552
-0.3011 -0.047993
-0.2961 -0.041080
-0.2897 -0.035382
-0.2822 -0.030606
-0.2737 -0.026553
-0.2644 -0.023082
-0.2544 -0.020095
-0.2437 -0.017518
-0.2321 -0.015292
-0.2194 -0.013374
-0.2054 -0.011725
-0.1897 -0.010315
-0.1715 -0.009119
-0.1499 -0.008116
-0.1392 -0.142266
-0.1404 -0.140670
-0.1423 -0.138968
-0.1455 -0.136936
-0.1509 -0.134234
-0.1590 -0.130593
-0.1701 -0.125931
-0.1838 -0.120365
-0.1994 -0.114165
-0.2159 -0.107682
-0.2324 -0.101261
-0.2481 -0.095186
-0.2625 -0.089650
-0.2752 -0.084766
-0.2861 -0.080587
-0.2951 -0.077121
-0.3023 -0.074357
-0.3078 -0.072266
-0.3116 -0.070813
-0.3138 -0.069957
-0.3145 -0.069655
-0.3139 -0.069864
-0.3120 -0.070541
-0.3085 -0.063681
-0.3020 -0.054985
-0.2930 -0.048015
-0.2818 -0.042256
-0.2689 -0.037378
-0.2544 -0.033171
-0.2384 -0.029503
-0.2209 -0.026290
-0.2015 -0.023483
-0.1852 -0.138718
-0.1854 -0.135236
-0.1847 -0.132663
-0.1997 -0.236906
-0.2218 -0.217714
-0.2437 -0.199197
-0.2652 -0.181459
-0.2857 -0.164877
-0.3043 -0.149921
-0.3207 -0.136939
-0.3344 -0.126060
-0.3457 -0.117218
-0.3546 -0.110218
-0.3615 -0.104819
-0.3666 -0.100776
-0.3703 -0.097859
-0.3725 -0.090886
-0.3726 -0.083721
-0.3711 -0.078679
-0.3686 -0.075113
-0.3653 -0.072609
-0.3616 -0.070889
-0.3575 -0.069762
-0.3532 -0.068597
-0.3478 -0.059383
-0.3506 -0.104743
-0.3516 -0.096039
-0.3508 -0.089887
-0.3486 -0.085493
-0.3457 -0.082317
-0.3423 -0.079978
-0.3389 -0.078216
-0.3355 -0.076871
-0.3322 -0.075853
-0.3290 -0.075113
-0.3259 -0.074625
-0.3229 -0.074371
-0.3198 -0.074343
-0.3165 -0.074532
-0.3132 -0.074933
-0.3096 -0.075543
-0.3058 -0.076357
-0.3017 -0.077373
-0.2973 -0.077157
-0.2910 -0.065789
-0.2822 -0.056692
-0.2714 -0.049211
-0.2588 -0.042937
-0.2446 -0.037605
-0.2287 -0.033040
-0.2108 -0.029129
-0.1904 -0.025795
-0.1662 -0.022995
-0.1364 -0.020720
-0.0964 -0.019016
-0.0370 -0.018037
0.0566 -0.017926
0.1712 -0.017888
0.2632 -0.016833
0.3185 -0.014940
0.3420 -0.012717
0.3429 -0.010532
0.3296 -0.008575
0.3088 -0.006915
0.2849 -0.005551
0.2604 -0.004448
0.2367 -0.003565
0.2143 -0.002859
0.1934 -0.002296
0.1737 -0.001845
0.1550 -0.001484
0.1372 -0.001194
0.1198 -0.000961
0.1024 -0.000772
0.0847 -0.000620
0.0658 -0.000496
0.0446 -0.000395
0.0192 -0.000312
-0.0134 -0.000242
-0.0576 -0.000182
-0.1160 -0.000131
-0.1827 -0.000089
-0.2453 -0.000059
-0.2967 -0.000039
-0.3360 -0.000026
-0.3647 -0.000018
-0.3850 -0.000013
-0.3988 -0.000009
-0.4074 -0.000007
-0.4121 -0.000005
-0.4136 -0.000004
-0.4126 -0.000004
-0.4096 -0.000003
-0.4056 -0.035424
-0.4061 -0.035195
-0.4048 -0.035677
-0.4023 -0.036624
-0.3993 -0.037756
-0.3964 -0.038845
-0.3939 -0.039783
-0.3918 -0.040565
-0.3900 -0.041236
-0.3884 -0.041859
-0.3866 -0.042502
-0.3847 -0.043222
-0.3825 -0.044062
-0.3799 -0.045044
-0.3768 -0.046172
-0.3732 -0.043190
-0.3681 -0.037532
-0.3651 -0.082689
-0.3664 -0.076649
-0.3657 -0.072636
-0.3637 -0.069966
-0.3612 -0.068094
-0.3586 -0.066665
-0.3562 -0.065511
-0.3540 -0.064576
-0.3519 -0.063847
-0.3499 -0.063321
-0.3479 -0.062988
-0.3459 -0.062835
-0.3438 -0.062845
-0.3416 -0.063014
-0.3392 -0.063346
-0.3367 -0.063848
-0.3336 -0.059650
-0.3286 -0.051308
-0.3218 -0.044543
-0.3135 -0.038914
-0.3104 -0.104166
-0.3129 -0.097416
-0.3134 -0.092671
-0.3124 -0.089407
-0.3103 -0.087229
-0.3076 -0.085776
-0.3048 -0.084736
-0.3023 -0.083901
-0.3002 -0.083162
-0.2986 -0.082477
-0.2973 -0.081847
-0.2963 -0.081297
-0.2953 -0.080871
-0.2942 -0.080613
-0.2929 -0.080561
-0.2915 -0.158925
-0.3035 -0.149384
-0.3124 -0.142290
-0.3188 -0.137210
-0.3230 -0.126952
-0.3247 -0.115354
-0.3248 -0.106665
-0.3242 -0.099921
-0.3232 -0.094579
-0.3220 -0.090311
-0.3206 -0.086896
-0.3191 -0.084177
-0.3176 -0.082030
-0.3160 -0.080360
-0.3144 -0.079093
-0.3126 -0.078178
-0.3108 -0.077580
-0.3087 -0.077279
-0.3063 -0.077257
-0.3037 -0.077491
-0.3008 -0.077944
-0.2966 -0.067114
-0.2903 -0.057781
-0.2891 -0.127673
-0.2940 -0.116805
-0.2967 -0.108826
-0.2978 -0.102872
-0.2982 -0.098247
-0.2990 -0.169620
-0.3125 -0.155317
-0.3233 -0.144078
-0.3319 -0.135237
-0.3388 -0.128242
-0.3444 -0.122644
-0.3489 -0.118127
-0.3526 -0.114481
-0.3555 -0.111574
-0.3578 -0.109308
-0.3593 -0.104969
-0.3592 -0.096415
-0.3576 -0.090233
-0.3550 -0.085706
-0.3517 -0.082375
-0.3479 -0.079936
-0.3439 -0.078185
-0.3396 -0.076980
-0.3353 -0.076209
-0.3309 -0.075786
-0.3266 -0.075640
-0.3223 -0.075720
-0.3176 -0.069367
-0.3112 -0.059974
-0.3031 -0.052221
-0.2938 -0.045687
-0.2833 -0.040098
-0.2717 -0.035269
-0.2592 -0.031066
-0.2458 -0.027392
-0.2313 -0.024179
-0.2156 -0.021373
-0.1983 -0.018937
-0.1786 -0.016842
-0.1556 -0.015074
-0.1269 -0.013636
-0.0882 -0.012566
-0.0302 -0.011966
0.0602 -0.011912
0.1691 -0.011886
0.2563 -0.011228
0.3095 -0.010041
0.3333 -0.008634
0.3356 -0.007233
0.3244 -0.005959
0.3055 -0.004863
0.2832 -0.003949
0.2599 -0.003200
0.2370 -0.002592
0.2152 -0.002101
0.1947 -0.001704
0.1753 -0.001383
0.1569 -0.001124
0.1393 -0.000913
0.1222 -0.000742
0.1053 -0.000603
0.0883 -0.000490
0.0706 -0.000397
0.0513 -0.000320
0.0291 -0.000257
0.0019 -0.000203
-0.0339 -0.000158
-0.0820 -0.000118
-0.1422 -0.000084
-0.2053 -0.000058
-0.2613 -0.000039
-0.3060 -0.000027
-0.3396 -0.000018
-0.3640 -0.000013
-0.3809 -0.000010
-0.3920 -0.000007
-0.3985 -0.000006
-0.4013 -0.000005
-0.4013 -0.000004
-0.3993 -0.000003
-0.3961 -0.000003
-0.3920 -0.000002
-0.3878 -0.042109
-0.3905 -0.041077
-0.3917 -0.040631
-0.3918 -0.040588
-0.3914 -0.040711
-0.3911 -0.040819
-0.3910 -0.040870
-0.3909 -0.040912
-0.3906 -0.041014
-0.3900 -0.041233
-0.3891 -0.041599
-0.3877 -0.042122
-0.3859 -0.042796
-0.3837 -0.043608
-0.3812 -0.044542
-0.3784 -0.045588
-0.3751 -0.042628
-0.3704 -0.036955
-0.3643 -0.032305
-0.3572 -0.028384
-0.3494 -0.025006
-0.3410 -0.022045
-0.3323 -0.019419
-0.3234 -0.017078
-0.3144 -0.014990
-0.3053 -0.013130
-0.2962 -0.011482
-0.2911 -0.088203
-0.2963 -0.084424
-0.3016 -0.155452
-0.3170 -0.142348
-0.3287 -0.132469
-0.3376 -0.124948
-0.3445 -0.119147
-0.3499 -0.114630
-0.3541 -0.111092
-0.3574 -0.108329
-0.3598 -0.106220
-0.3616 -0.104706
-0.3627 -0.103757
-0.3630 -0.103348
-0.3628 -0.103447
-0.3619 -0.104009
-0.3597 -0.097058
-0.3558 -0.092235
-0.3506 -0.089039
-0.3444 -0.087039
-0.3371 -0.079567
-0.3275 -0.069867
-0.3229 -0.125962
-0.3217 -0.116558
-0.3186 -0.109983
-0.3145 -0.105145
-0.3105 -0.101205
-0.3072 -0.097726
-0.3048 -0.094575
-0.3031 -0.091742
-0.3018 -0.089247
-0.3009 -0.087093
-0.3003 -0.085268
-0.2997 -0.083742
-0.2992 -0.082481
-0.2987 -0.081454
-0.2982 -0.080636
-0.2976 -0.080015
-0.2969 -0.079587
-0.2960 -0.079359
-0.2948 -0.079342
-0.2932 -0.079550
-0.2911 -0.079997
-0.2885 -0.080696
-0.2854 -0.081661
-0.2816 -0.082900
-0.2771 -0.083230
-0.2703 -0.071616
-0.2604 -0.062373
-0.2479 -0.054785
-0.2335 -0.048369
-0.2175 -0.042815
-0.2177 -0.141629
-0.2214 -0.133938
-0.2251 -0.127386
-0.2292 -0.121552
-0.2341 -0.116097
-0.2401 -0.110873
-0.2467 -0.105875
-0.2614 -0.187687
-0.2838 -0.168757
-0.3024 -0.153222
-0.3175 -0.140745
-0.3296 -0.130849
-0.3391 -0.123055
-0.3466 -0.116960
-0.3524 -0.112245
-0.3568 -0.108655
-0.3600 -0.104156
-0.3612 -0.094809
-0.3605 -0.088163
-0.3586 -0.083380
-0.3558 -0.079924
-0.3524 -0.077447
-0.3486 -0.075717
-0.3444 -0.074574
-0.3394 -0.065493
-0.3326 -0.057009
-0.3244 -0.049913
-0.3154 -0.043840
-0.3055 -0.038563
-0.2951 -0.033934
-0.2841 -0.029858
-0.2726 -0.026262
-0.2606 -0.023092
-0.2480 -0.020303
-0.2346 -0.017855
-0.2203 -0.015714
-0.2048 -0.013852
-0.1875 -0.012244
-0.1677 -0.010872
-0.1442 -0.009722
-0.1145 -0.008795
-0.0968 -0.158841
-0.0867 -0.161534
-0.0742 -0.165278
-0.0584 -0.170420
-0.0389 -0.350147
-0.0541 -0.337977
-0.0784 -0.319136
-0.1127 -0.292817
-0.1551 -0.260528
-0.2002 -0.226346
-0.2420 -0.194570
-0.2776 -0.167592
-0.3062 -0.145959
-0.3283 -0.129239
-0.3449 -0.116659
-0.3571 -0.107415
-0.3659 -0.100798
-0.3719 -0.096252
-0.3752 -0.087122
-0.3755 -0.079886
-0.3731 -0.068133
-0.3681 -0.058929
-0.3610 -0.051615
-0.3526 -0.045536
-0.3431 -0.040317
-0.3328 -0.035747
-0.3217 -0.031698
-0.3154 -0.096571
-0.3157 -0.091814
-0.3143 -0.088656
-0.3120 -0.157127
-0.3216 -0.146537
-0.3289 -0.138475
-0.3348 -0.132060
-0.3398 -0.126723
-0.3443 -0.122095
-0.3484 -0.118013
-0.3521 -0.114446
-0.3553 -0.111401
-0.3579 -0.108878
-0.3601 -0.106860
-0.3617 -0.105312
-0.3628 -0.104195
-0.3635 -0.103465
-0.3637 -0.103082
-0.3636 -0.103015
-0.3626 -0.096583
-0.3598 -0.088607
-0.3547 -0.076700
-0.3474 -0.067282
-0.3383 -0.059517
-0.3279 -0.052914
-0.3162 -0.047175
-0.3036 -0.042101
-0.2902 -0.037553
-0.2764 -0.033434
-0.2623 -0.029686
-0.2480 -0.026279
-0.2336 -0.023199
-0.2190 -0.020437
-0.2039 -0.017983
-0.1880 -0.015826
-0.1706 -0.013954
-0.1507 -0.012356
-0.1267 -0.011026
-0.0955 -0.009978
-0.0507 -0.009251
0.0185 -0.008913
0.1146 -0.008822
0.2066 -0.008475
0.2704 -0.007721
0.3056 -0.006744
0.3184 -0.005723
0.3157 -0.004765
0.3033 -0.003919
0.2854 -0.003200
0.2651 -0.002603
0.2440 -0.002114
0.2232 -0.001716
0.1757 -0.254970
0.1216 -0.234296
0.0747 -0.216493
0.0270 -0.198406
-0.0304 -0.176789
-0.1044 -0.148981
-0.1875 -0.117694
-0.2614 -0.089868
-0.3177 -0.068613
-0.3578 -0.053487
-0.3852 -0.043153
-0.4032 -0.036369
-0.4143 -0.032177
-0.4204 -0.029881
-0.4227 -0.028987
-0.4223 -0.029150
-0.4197 -0.030124
-0.4153 -0.031734
-0.4097 -0.033850
-0.4029 -0.033420
-0.3943 -0.030057
-0.3845 -0.027164
-0.3739 -0.024524
-0.3631 -0.022004
-0.3530 -0.019542
-0.3439 -0.017163
-0.3358 -0.014926
-0.3286 -0.012880
-0.3221 -0.011056
-0.3160 -0.009456
-0.3101 -0.008069
-0.3043 -0.006876
-0.2984 -0.005855
-0.2925 -0.004983
-0.2865 -0.004240
-0.2803 -0.003607
-0.2739 -0.003069
-0.2672 -0.002613
-0.2601 -0.002226
-0.2526 -0.001898
-0.2445 -0.001621
-0.2356 -0.001387
-0.2259 -0.001188
-0.2152 -0.001021
-0.2033 -0.000880
-0.1898 -0.000760
-0.1745 -0.000659
-0.1567 -0.000575
-0.1351 -0.000505
-0.1331 -0.138036
-0.1368 -0.136559
-0.1417 -0.134652
-0.1488 -0.131967
-0.1590 -0.128094
-0.1727 -0.122924
-0.1894 -0.116673
-0.2077 -0.109761
-0.2266 -0.102666
-0.2448 -0.095805
-0.2617 -0.089475
-0.2766 -0.083849
-0.2895 -0.078996
-0.3004 -0.074919
-0.3092 -0.071578
-0.3163 -0.068912
-0.3210 -0.057616
-0.3225 -0.047707
-0.3216 -0.040040
-0.3189 -0.033946
-0.3148 -0.028989
-0.3096 -0.024879
-0.3037 -0.021422
-0.2972 -0.018482
-0.2903 -0.015962
-0.2831 -0.013791
-0.2756 -0.011916
-0.2678 -0.010294
-0.2599 -0.008891
-0.2516 -0.007680
-0.2431 -0.006634
-0.2342 -0.005732
-0.2248 -0.004956
-0.2149 -0.004288
-0.2042 -0.003715
-0.1926 -0.003224
-0.1810 -0.122447
-0.1918 -0.117883
-0.2027 -0.113347
-0.2134 -0.108972
-0.2236 -0.104864
-0.2331 -0.101066
-0.2420 -0.097547
-0.2504 -0.094263
-0.2582 -0.091189
-0.2656 -0.088335
-0.2723 -0.085731
-0.2783 -0.083420
-0.2834 -0.081451
-0.2875 -0.079862
-0.2907 -0.078656
-0.2930 -0.077770
-0.2946 -0.077133
-0.2957 -0.076691
-0.2964 -0.076407
-0.2968 -0.074680
-0.2953 -0.062188
-0.2916 -0.052346
-0.2863 -0.044381
-0.2799 -0.037797
-0.2727 -0.032270
-0.2650 -0.027587
-0.2568 -0.023603
-0.2482 -0.020209
-0.2389 -0.017319
-0.2290 -0.014863
-0.2183 -0.012778
-0.2064 -0.011010
-0.1931 -0.009515
-0.1780 -0.008253
-0.1605 -0.007194
-0.1397 -0.006313
-0.1135 -0.005598
-0.0782 -0.005051
-0.0259 -0.004692
0.0535 -0.004528
0.1497 -0.004395
0.2294 -0.004082
0.2796 -0.003609
0.3039 -0.003078
0.3090 -0.002561
0.3014 -0.002098
0.2863 -0.001702
0.2673 -0.001374
0.2469 -0.001105
0.2263 -0.000889
0.2062 -0.000715
0.1869 -0.000575
0.1685 -0.000462
0.1509 -0.000372
0.1338 -0.000300
0.1171 -0.000241
