0.6177
0.7800
0.8463
0.8930
0.9126
0.9138
0.9108
0.9102
0.9098
0.9099
0.9099
0.9092
0.9097
0.9099
0.9096
0.9095
0.9093
0.9089
0.9092
0.9099
0.9098
0.9096
0.9096
0.9101
0.9091
0.9093
0.9098
0.9096
0.9096
0.9099
0.9097
0.9093
0.9096
0.9093
0.9094
0.9097
0.9096
0.9102
0.9095
0.9098
0.9094
0.9098
0.9094
0.9093
0.9089
0.9092
0.9096
0.9098
0.9098
0.9098
0.9095
0.9092
0.9094
0.9094
0.9097
0.9099
0.9097
0.9096
0.9094
0.9094
0.9093
0.9099
0.9096
0.9095
0.9098
0.9100
0.9096
0.9097
0.9096
0.9099
0.9097
0.9098
0.9099
0.9091
0.9095
0.9096
0.9102
0.9103
0.9098
0.9098
0.9096
0.9094
0.9093
0.9101
0.9106
0.9099
0.9095
0.9095
0.9102
0.9099
0.9100
0.9098
0.9089
0.9096
0.9100
0.9092
0.9097
0.9094
0.9094
0.9093
0.9096
0.9101
0.9095
0.9097
0.9098
0.9092
0.9096
0.9100
0.9101
0.9100
0.9102
0.9096
0.9094
0.9095
0.9090
0.9097
0.9095
0.9094
0.9097
0.9099
0.9094
0.9097
0.9099
0.9094
0.9099
0.9096
0.9099
0.9100
0.9104
0.9097
0.9091
0.9097
0.9095
0.9097
0.9098
0.9096
0.9094
0.9092
0.9099
0.9096
0.9094
0.9097
0.9096
0.9097
0.9095
0.9094
0.9095
0.9095
0.9095
0.9102
0.9101
0.9095
0.9092
0.9098
0.9103
0.9100
0.9100
0.9091
0.9091
0.9093
0.9098
0.9092
0.9094
0.9101
0.9095
0.9104
0.9097
0.9096
0.9095
0.9098
0.9098
0.9100
0.9097
0.9090
0.9097
0.9094
0.9090
0.9095
0.9096
0.9095
0.9101
0.9102
0.9100
0.9095
0.9097
0.9100
0.9099
0.9094
0.9099
0.9092
0.9093
0.9096
0.9103
0.9095
0.9103
0.9099
0.9098
0.9096
0.9093
0.9100
0.9090
0.9096
0.9099
0.9099
0.9097
0.9091
0.9099
0.9095
0.9096
0.9094
0.9100
0.9094
0.9099
0.9095
0.9097
0.9095
0.9096
0.9094
0.9097
0.9100
0.9100
0.9094
0.9093
0.9092
0.9091
0.9099
0.9095
0.9095
0.9097
0.9094
0.9090
0.9096
0.9095
0.9094
0.9095
0.9093
0.9094
0.9100
0.9097
0.9095
0.9091
0.9093
0.9098
0.9099
0.9096
0.9095
0.9093
0.9097
0.9097
0.9097
0.9095
0.9092
0.9095
0.9100
0.9097
0.9100
0.9101
0.9092
0.9094
0.9100
0.9096
0.9099
0.9101
0.9094
0.9096
0.9098
0.9098
0.9091
0.9096
0.9097
0.9096
0.9099
0.9098
0.9096
0.9100
0.9103
0.9097
0.9095
0.9095
0.9096
0.9090
0.9098
0.9098
0.9096
0.9095
0.9093
0.9097
0.9098
0.9096
0.9097
0.9093
0.9097
0.9094
0.9091
0.9093
0.9098
0.9098
0.9094
0.9095
0.9097
0.9092
0.9093
0.9099
0.9099
0.9097
0.9098
0.9093
0.9097
0.9095
0.9092
0.9098
0.9099
0.9092
0.9092
0.9095
0.9098
0.9090
0.9095
0.9100
