0.3677
0.3309
0.3238
0.2921
0.2648
0.2487
0.2412
0.2386
0.2387
0.2382
0.2394
0.2393
0.2396
0.2393
0.2394
0.2399
0.2396
0.2394
0.2396
0.2395
0.2393
0.2395
0.2400
0.2399
0.2395
0.2396
0.2399
0.2395
0.2394
0.2394
0.2397
0.2394
0.2399
0.2395
0.2397
0.2396
0.2398
0.2394
0.2395
0.2398
0.2394
0.2398
0.2395
0.2396
0.2393
0.2398
0.2397
0.2399
0.2399
0.2397
0.2394
0.2397
0.2396
0.2396
0.2392
0.2397
0.2396
0.2398
0.2395
0.2399
0.2398
0.2400
0.2392
0.2397
0.2395
0.2395
0.2397
0.2393
0.2398
0.2395
0.2393
0.2399
0.2398
0.2396
0.2394
0.2394
0.2395
0.2396
0.2394
0.2396
0.2397
0.2393
0.2396
0.2397
0.2400
0.2397
0.2401
0.2396
0.2395
0.2398
0.2395
0.2398
0.2395
0.2397
0.2393
0.2398
0.2393
0.2395
0.2397
0.2397
0.2400
0.2394
0.2396
0.2394
0.2394
0.2395
0.2393
0.2394
0.2395
0.2393
0.2394
0.2399
0.2399
0.2398
0.2401
0.2397
0.2392
0.2393
0.2398
0.2395
0.2400
0.2392
0.2396
0.2399
0.2396
0.2395
0.2400
0.2393
0.2393
0.2398
0.2394
0.2394
0.2394
0.2394
0.2398
0.2399
0.2395
0.2395
0.2397
0.2396
0.2397
0.2394
0.2396
0.2396
0.2394
0.2394
0.2396
0.2398
0.2395
0.2396
