0.1291 -0.025585
0.2293 -0.045696
0.2830 -0.056542
0.2985 -0.059689
0.2901 -0.058042
0.2694 -0.053930
0.2438 -0.048817
0.2171 -0.043480
0.1911 -0.038262
0.1660 -0.033258
0.1419 -0.028428
0.1180 -0.023658
0.0936 -0.018769
0.0672 -0.013489
0.0365 -0.007373
-0.0022 0.000319
-0.0551 0.009054
-0.1266 0.017291
-0.2077 0.023501
-0.2820 0.026424
-0.3426 0.026567
-0.3899 0.025007
-0.4261 0.022602
-0.4536 0.019899
-0.4744 0.017210
-0.4900 0.014699
-0.5016 0.012441
-0.5100 0.010459
-0.5158 0.008747
-0.5196 0.007286
-0.5217 0.006049
-0.5224 0.005008
-0.5219 0.004136
-0.5203 0.003410
-0.5178 0.002806
-0.5144 0.002305
-0.5102 0.001890
-0.5053 0.001548
-0.4995 0.001265
-0.4930 0.001032
-0.4857 0.000841
-0.4776 0.000684
-0.4687 0.000555
-0.4589 0.000449
-0.4481 0.000363
-0.4364 0.000292
-0.4237 0.000234
-0.4100 0.000188
-0.3952 0.000149
-0.3793 0.000119
-0.3622 0.000094
-0.3440 0.000074
-0.3246 0.000057
-0.3039 0.000044
-0.2817 0.000034
-0.2577 0.000026
-0.2316 0.000019
-0.2024 0.000014
-0.1684 0.000010
-0.1261 0.000006
-0.0675 0.003412
0.0248 -0.002366
0.1454 -0.028850
0.2397 -0.047793
0.2874 -0.057426
0.2987 -0.059743
0.2880 -0.057631
0.2663 -0.053303
0.2403 -0.048118
0.2136 -0.042779
0.1877 -0.037586
0.1628 -0.032608
0.1387 -0.027795
0.1149 -0.023024
0.0903 -0.018104
0.0635 -0.012749
0.0321 -0.006466
-0.0081 0.001391
-0.0633 0.010147
-0.1369 0.018224
-0.2178 0.024031
-0.2905 0.026538
-0.3493 0.026403
-0.3949 0.024695
-0.4298 0.022230
-0.4564 0.019518
-0.4764 0.016849
-0.4914 0.014372
-0.5025 0.012152
-0.5105 0.010208
-0.5161 0.008532
-0.5196 0.007103
-0.5215 0.005894
-0.5220 0.004878
-0.5213 0.004028
-0.5196 0.003320
-0.5170 0.002731
-0.5135 0.002243
-0.5092 0.001839
-0.5041 0.001505
-0.4982 0.001230
-0.4916 0.001004
-0.4842 0.000817
-0.4760 0.000664
-0.4669 0.000539
-0.4569 0.000436
-0.4460 0.000352
-0.4342 0.000283
-0.4213 0.000227
-0.4074 0.000182
-0.3925 0.000145
-0.3764 0.000115
-0.3592 0.000091
-0.3408 0.000071
-0.3212 0.000055
-0.3003 0.000043
-0.2778 0.000033
-0.2536 0.000025
-0.2270 0.000018
-0.1971 0.000013
-0.1621 0.000009
-0.1179 0.000005
-0.0550 0.005579
0.0440 -0.004280
0.1641 -0.032605
0.2509 -0.050055
0.2917 -0.058290
0.2984 -0.059685
0.2852 -0.057071
0.2624 -0.052521
0.2361 -0.047268
0.2094 -0.041936
0.1836 -0.036774
0.1589 -0.031829
0.1349 -0.027034
0.1110 -0.022255
0.0862 -0.017292
0.0589 -0.011835
0.0265 -0.005302
-0.0155 0.002719
-0.0736 0.011467
-0.1494 0.019312
-0.2298 0.024613
-0.3004 0.026637
-0.3570 0.026189
-0.4008 0.024319
-0.4342 0.021791
-0.4596 0.019074
-0.4788 0.016430
-0.4931 0.013992
-0.5036 0.011817
-0.5112 0.009918
-0.5164 0.008283
-0.5196 0.006892
-0.5213 0.005717
-0.5215 0.004729
-0.5207 0.003904
-0.5188 0.003216
-0.5160 0.002645
-0.5124 0.002171
-0.5079 0.001780
-0.5027 0.001456
-0.4967 0.001190
-0.4900 0.000970
-0.4824 0.000790
-0.4740 0.000642
-0.4648 0.000520
-0.4547 0.000421
-0.4436 0.000340
-0.4316 0.000273
-0.4186 0.000219
-0.4045 0.000175
-0.3894 0.000139
-0.3731 0.000110
-0.3557 0.000087
-0.3371 0.000068
-0.3172 0.000053
-0.2960 0.000041
-0.2733 0.000031
-0.2486 0.000024
-0.2215 0.000017
-0.1909 0.000012
-0.1545 0.000008
-0.1077 0.000005
-0.0392 0.004009
0.0673 -0.006604
0.1845 -0.036702
0.2623 -0.052350
0.2954 -0.059050
0.2973 -0.059472
0.2815 -0.056347
0.2576 -0.051581
0.2311 -0.046272
0.2045 -0.040957
0.1789 -0.035836
0.1544 -0.030926
0.1305 -0.026147
0.1065 -0.021354
0.0814 -0.016330
0.0534 -0.010737
0.0196 -0.003892
-0.0248 0.004321
-0.0863 0.012996
-0.1642 0.020510
-0.2436 0.025200
-0.3117 0.026689
-0.3657 0.025909
-0.4074 0.023873
-0.4392 0.021284
-0.4633 0.018567
-0.4814 0.015955
-0.4950 0.013564
-0.5049 0.011440
-0.5120 0.009592
-0.5167 0.008005
-0.5197 0.006656
-0.5210 0.005518
-0.5211 0.004563
-0.5200 0.003765
-0.5179 0.003101
-0.5150 0.002549
-0.5112 0.002092
-0.5066 0.001714
-0.5012 0.001402
-0.4950 0.001145
-0.4881 0.000934
-0.4804 0.000760
-0.4719 0.000617
-0.4625 0.000500
-0.4522 0.000404
-0.4409 0.000326
-0.4287 0.000262
-0.4155 0.000210
-0.4012 0.000168
-0.3858 0.000133
-0.3693 0.000105
-0.3517 0.000083
-0.3328 0.000065
-0.3127 0.000050
-0.2912 0.000039
-0.2681 0.000030
-0.2430 0.000022
-0.2152 0.000016
-0.1836 0.000011
-0.1455 0.000008
-0.0953 0.000004
-0.0195 0.002048
0.0944 -0.013967
0.2058 -0.040967
0.2732 -0.054548
0.2982 -0.059628
0.2952 -0.059066
0.2770 -0.055445
0.2521 -0.050483
0.2254 -0.045135
0.1990 -0.039849
0.1736 -0.034775
0.1493 -0.029902
0.1254 -0.025136
0.1013 -0.020318
0.0758 -0.015210
0.0469 -0.009439
0.0114 -0.002255
-0.0361 0.006207
-0.1016 0.014703
-0.1812 0.021752
-0.2589 0.025734
-0.3240 0.026655
-0.3752 0.025539
-0.4146 0.023341
-0.4446 0.020699
-0.4673 0.017991
-0.4843 0.015421
-0.4970 0.013085
-0.5063 0.011021
-0.5128 0.009230
-0.5172 0.007697
-0.5197 0.006395
-0.5208 0.005299
-0.5205 0.004379
-0.5192 0.003612
-0.5170 0.002973
-0.5138 0.002443
-0.5098 0.002004
-0.5050 0.001642
-0.4995 0.001343
-0.4932 0.001096
-0.4861 0.000893
-0.4782 0.000726
-0.4694 0.000590
-0.4598 0.000478
-0.4493 0.000386
-0.4379 0.000311
-0.4254 0.000250
-0.4120 0.000200
-0.3974 0.000160
-0.3818 0.000127
-0.3650 0.000100
-0.3471 0.000079
-0.3280 0.000062
-0.3076 0.000048
-0.2857 0.000037
-0.2622 0.000028
-0.2365 0.000021
-0.2079 0.000015
-0.1750 0.000011
-0.1347 0.000007
-0.0801 0.000003
0.0049 -0.000381
0.1242 -0.024598
0.2268 -0.045191
0.2829 -0.056513
0.2998 -0.059952
0.2920 -0.058436
0.2715 -0.054357
0.2459 -0.049230
0.2191 -0.043866
0.1929 -0.038622
0.1678 -0.033599
0.1436 -0.028764
0.1198 -0.024004
0.0955 -0.019145
0.0693 -0.013925
0.0393 -0.007921
0.0016 -0.000379
-0.0497 0.008272
-0.1194 0.016542
-0.2001 0.022971
-0.2753 0.026168
-0.3370 0.026512
-0.3852 0.025069
-0.4221 0.022723
-0.4502 0.020042
-0.4715 0.017355
-0.4874 0.014836
-0.4992 0.012564
-0.5077 0.010567
-0.5137 0.008840
-0.5176 0.007364
-0.5197 0.006114
-0.5204 0.005062
-0.5199 0.004182
-0.5184 0.003447
-0.5159 0.002836
-0.5125 0.002330
-0.5083 0.001911
-0.5033 0.001564
-0.4976 0.001279
-0.4911 0.001043
-0.4838 0.000850
-0.4757 0.000691
-0.4667 0.000561
-0.4569 0.000454
-0.4462 0.000366
-0.4345 0.000295
-0.4218 0.000237
-0.4080 0.000189
-0.3932 0.000151
-0.3773 0.000120
-0.3603 0.000095
-0.3421 0.000074
-0.3226 0.000058
-0.3018 0.000045
-0.2796 0.000034
-0.2555 0.000026
-0.2292 0.000019
-0.1997 0.000014
-0.1652 0.000009
-0.1220 0.000006
-0.0612 0.003100
0.0346 -0.003346
0.1556 -0.030895
0.2466 -0.049178
0.2909 -0.058135
0.2998 -0.059969
0.2876 -0.057565
0.2652 -0.053083
0.2389 -0.047830
0.2121 -0.042471
0.1861 -0.037281
0.1613 -0.032315
0.1373 -0.027513
0.1135 -0.022749
0.0889 -0.017828
0.0620 -0.012456
0.0304 -0.006132
-0.0101 0.001766
-0.0659 0.010477
-0.1399 0.018456
-0.2205 0.024103
-0.2925 0.026469
-0.3505 0.026249
-0.3956 0.024501
-0.4300 0.022027
-0.4561 0.019322
-0.4758 0.016668
-0.4905 0.014210
-0.5014 0.012010
-0.5092 0.010085
-0.5146 0.008426
-0.5179 0.007013
-0.5197 0.005818
-0.5201 0.004814
-0.5193 0.003974
-0.5174 0.003274
-0.5147 0.002693
-0.5111 0.002211
-0.5067 0.001812
-0.5015 0.001483
-0.4955 0.001212
-0.4888 0.000988
-0.4813 0.000805
-0.4729 0.000654
-0.4637 0.000530
-0.4537 0.000429
-0.4427 0.000346
-0.4307 0.000278
-0.4177 0.000223
-0.4037 0.000178
-0.3886 0.000142
-0.3724 0.000112
-0.3550 0.000089
-0.3365 0.000069
-0.3167 0.000054
-0.2955 0.000042
-0.2727 0.000032
-0.2481 0.000024
-0.2210 0.000018
-0.1902 0.000013
-0.1537 0.000008
-0.1067 0.000005
-0.0376 0.003843
0.0698 -0.006858
0.1870 -0.037202
0.2642 -0.052742
0.2968 -0.059322
0.2981 -0.059643
0.2820 -0.056443
0.2579 -0.051628
0.2312 -0.046291
0.2045 -0.040961
0.1789 -0.035834
0.1544 -0.030925
0.1305 -0.026151
0.1066 -0.021367
0.0815 -0.016356
0.0536 -0.010782
0.0200 -0.003982
-0.0241 0.004217
-0.0852 0.012854
-0.1628 0.020365
-0.2421 0.025085
-0.3102 0.026608
-0.3644 0.025855
-0.4061 0.023835
-0.4379 0.021257
-0.4620 0.018546
-0.4802 0.015939
-0.4937 0.013551
-0.5036 0.011429
-0.5106 0.009582
-0.5154 0.007997
-0.5182 0.006649
-0.5196 0.005511
-0.5196 0.004557
-0.5185 0.003760
-0.5163 0.003096
-0.5133 0.002545
-0.5095 0.002088
-0.5048 0.001711
-0.4994 0.001400
-0.4932 0.001143
-0.4863 0.000932
-0.4785 0.000758
-0.4699 0.000615
-0.4605 0.000499
-0.4501 0.000403
-0.4388 0.000325
-0.4266 0.000261
-0.4133 0.000209
-0.3990 0.000167
-0.3835 0.000133
-0.3670 0.000105
-0.3492 0.000083
-0.3303 0.000065
-0.3101 0.000050
-0.2885 0.000039
-0.2652 0.000029
-0.2398 0.000022
-0.2117 0.000016
-0.1795 0.000011
-0.1404 0.000007
-0.0882 0.000004
-0.0081 0.000914
0.1090 -0.021551
0.2168 -0.043178
0.2790 -0.055721
0.3001 -0.060006
0.2946 -0.058954
0.2751 -0.055076
0.2498 -0.050003
0.2229 -0.044625
0.1965 -0.039346
0.1712 -0.034290
0.1469 -0.029435
0.1231 -0.024678
0.0990 -0.019852
0.0733 -0.014714
0.0440 -0.008872
0.0079 -0.001572
-0.0408 0.006966
-0.1078 0.015340
-0.1877 0.022155
-0.2644 0.025842
-0.3282 0.026547
-0.3782 0.025311
-0.4166 0.023061
-0.4458 0.020409
-0.4679 0.017713
-0.4845 0.015166
-0.4968 0.012859
-0.5057 0.010824
-0.5120 0.009061
-0.5161 0.007552
-0.5185 0.006273
-0.5194 0.005195
-0.5190 0.004292
-0.5175 0.003539
-0.5151 0.002913
-0.5118 0.002393
-0.5077 0.001963
-0.5028 0.001607
-0.4972 0.001314
-0.4907 0.001072
-0.4835 0.000873
-0.4755 0.000710
-0.4666 0.000576
-0.4569 0.000467
-0.4462 0.000377
-0.4347 0.000303
-0.4221 0.000244
-0.4084 0.000195
-0.3938 0.000155
-0.3780 0.000123
-0.3610 0.000097
-0.3429 0.000077
-0.3236 0.000060
-0.3029 0.000046
-0.2808 0.000035
-0.2569 0.000027
-0.2307 0.000020
-0.2014 0.000014
-0.1673 0.000010
-0.1247 0.000006
-0.0654 0.003307
0.0282 -0.002708
0.1495 -0.029667
0.2433 -0.048524
0.2903 -0.058000
0.3007 -0.060155
0.2893 -0.057905
0.2671 -0.053476
0.2408 -0.048224
0.2140 -0.042846
0.1879 -0.037634
0.1630 -0.032652
0.1390 -0.027845
0.1152 -0.023089
0.0907 -0.018194
0.0641 -0.012879
0.0330 -0.006678
-0.0065 0.001116
-0.0608 0.009792
-0.1334 0.017846
-0.2140 0.023722
-0.2869 0.026330
-0.3460 0.026274
-0.3919 0.024618
-0.4270 0.022184
-0.4536 0.019490
-0.4737 0.016831
-0.4888 0.014359
-0.4998 0.012143
-0.5078 0.010200
-0.5133 0.008525
-0.5168 0.007097
-0.5186 0.005888
-0.5190 0.004873
-0.5183 0.004023
-0.5165 0.003315
-0.5138 0.002726
-0.5102 0.002239
-0.5058 0.001835
-0.5006 0.001502
-0.4947 0.001227
-0.4880 0.001001
-0.4805 0.000815
-0.4722 0.000662
-0.4630 0.000537
-0.4530 0.000434
-0.4420 0.000350
-0.4301 0.000282
-0.4171 0.000226
-0.4032 0.000181
-0.3881 0.000144
-0.3719 0.000114
-0.3546 0.000090
-0.3361 0.000070
-0.3163 0.000055
-0.2951 0.000042
-0.2724 0.000032
-0.2477 0.000024
-0.2206 0.000018
-0.1898 0.000013
-0.1532 0.000008
-0.1060 0.000005
-0.0365 0.003734
0.0715 -0.007025
0.1887 -0.037532
0.2656 -0.053005
0.2977 -0.059509
0.2987 -0.059763
0.2824 -0.056514
0.2581 -0.051666
0.2313 -0.046308
0.2046 -0.040968
0.1789 -0.035837
0.1544 -0.030927
0.1305 -0.026157
0.1066 -0.021378
0.0816 -0.016376
0.0538 -0.010817
0.0203 -0.004049
-0.0236 0.004141
-0.0845 0.012746
-0.1618 0.020253
-0.2410 0.024993
-0.3092 0.026541
-0.3634 0.025807
-0.4052 0.023801
-0.4370 0.021231
-0.4612 0.018526
-0.4793 0.015923
-0.4928 0.013537
-0.5027 0.011418
-0.5097 0.009573
-0.5144 0.007989
-0.5173 0.006642
-0.5186 0.005505
-0.5185 0.004552
-0.5174 0.003755
-0.5153 0.003092
-0.5122 0.002541
-0.5083 0.002085
-0.5037 0.001708
-0.4982 0.001397
-0.4920 0.001141
-0.4850 0.000930
-0.4772 0.000757
-0.4686 0.000614
-0.4591 0.000498
-0.4487 0.000402
-0.4374 0.000324
-0.4251 0.000260
-0.4118 0.000209
-0.3974 0.000166
-0.3819 0.000132
-0.3654 0.000105
-0.3476 0.000082
-0.3286 0.000064
-0.3083 0.000050
-0.2866 0.000038
-0.2632 0.000029
-0.2377 0.000022
-0.2093 0.000016
-0.1767 0.000011
-0.1368 0.000007
-0.0831 0.000004
0.0000 0.000102
0.1189 -0.023535
0.2240 -0.044625
0.2827 -0.056466
0.3012 -0.060227
0.2941 -0.058856
0.2738 -0.054814
0.2481 -0.049673
0.2211 -0.044277
0.1948 -0.039002
0.1696 -0.033959
0.1453 -0.029116
0.1216 -0.024364
0.0974 -0.019534
0.0716 -0.014373
0.0421 -0.008479
0.0054 -0.001101
-0.0442 0.007467
-0.1120 0.015762
-0.1921 0.022408
-0.2681 0.025895
-0.3310 0.026458
-0.3802 0.025144
-0.4180 0.022862
-0.4467 0.020205
-0.4684 0.017519
-0.4846 0.014989
-0.4966 0.012702
-0.5054 0.010687
-0.5114 0.008943
-0.5154 0.007452
-0.5176 0.006188
-0.5184 0.005124
-0.5179 0.004233
-0.5164 0.003489
-0.5139 0.002871
-0.5105 0.002358
-0.5063 0.001934
-0.5013 0.001583
-0.4956 0.001294
-0.4890 0.001056
-0.4817 0.000860
-0.4736 0.000699
-0.4647 0.000567
-0.4549 0.000459
-0.4441 0.000371
-0.4324 0.000298
-0.4197 0.000239
-0.4060 0.000191
-0.3912 0.000153
-0.3753 0.000121
-0.3583 0.000096
-0.3400 0.000075
-0.3205 0.000058
-0.2997 0.000045
-0.2773 0.000035
-0.2532 0.000026
-0.2266 0.000019
-0.1968 0.000014
-0.1617 0.000009
-0.1174 0.000006
-0.0543 0.005514
0.0452 -0.004406
0.1661 -0.033002
0.2535 -0.050573
0.2944 -0.058836
0.3008 -0.060180
0.2872 -0.057481
0.2640 -0.052847
0.2374 -0.047527
0.2105 -0.042149
0.1846 -0.036962
0.1598 -0.032007
0.1359 -0.027218
0.1121 -0.022460
0.0874 -0.017537
0.0604 -0.012148
0.0286 -0.005781
-0.0123 0.002165
-0.0688 0.010826
-0.1431 0.018701
-0.2234 0.024182
-0.2946 0.026403
-0.3519 0.026095
-0.3962 0.024307
-0.4301 0.021822
-0.4558 0.019124
-0.4751 0.016486
-0.4896 0.014046
-0.5002 0.011866
-0.5078 0.009960
-0.5130 0.008320
-0.5162 0.006922
-0.5178 0.005741
-0.5180 0.004749
-0.5171 0.003920
-0.5151 0.003229
-0.5123 0.002655
-0.5085 0.002179
-0.5040 0.001786
-0.4987 0.001461
-0.4927 0.001193
-0.4858 0.000973
-0.4782 0.000792
-0.4698 0.000643
-0.4605 0.000521
-0.4503 0.000421
-0.4391 0.000340
-0.4270 0.000273
-0.4139 0.000219
-0.3998 0.000175
-0.3845 0.000139
-0.3681 0.000110
-0.3506 0.000087
-0.3319 0.000068
-0.3118 0.000053
-0.2904 0.000041
-0.2673 0.000031
-0.2422 0.000023
-0.2145 0.000017
-0.1827 0.000012
-0.1444 0.000008
-0.0939 0.000004
-0.0173 0.001826
0.0977 -0.014463
0.2092 -0.041648
0.2762 -0.055157
0.3007 -0.060118
0.2970 -0.059430
0.2783 -0.055700
0.2530 -0.050658
0.2260 -0.045258
0.1995 -0.039943
0.1740 -0.034855
0.1497 -0.029983
0.1259 -0.025227
0.1019 -0.020430
0.0765 -0.015359
0.0479 -0.009647
0.0130 -0.002574
-0.0336 0.005823
-0.0979 0.014252
-0.1769 0.021343
-0.2546 0.025444
-0.3201 0.026476
-0.3717 0.025436
-0.4113 0.023285
-0.4415 0.020670
-0.4644 0.017977
-0.4815 0.015414
-0.4942 0.013082
-0.5035 0.011019
-0.5100 0.009229
-0.5143 0.007695
-0.5167 0.006393
-0.5177 0.005296
-0.5174 0.004377
-0.5161 0.003609
-0.5137 0.002971
-0.5105 0.002441
-0.5064 0.002002
-0.5015 0.001639
-0.4959 0.001340
-0.4895 0.001094
-0.4823 0.000891
-0.4744 0.000725
-0.4655 0.000588
-0.4559 0.000476
-0.4453 0.000385
-0.4337 0.000310
-0.4212 0.000249
-0.4077 0.000199
-0.3930 0.000159
-0.3773 0.000126
-0.3604 0.000099
-0.3424 0.000078
-0.3231 0.000061
-0.3025 0.000047
-0.2803 0.000036
-0.2564 0.000027
-0.2303 0.000020
-0.2009 0.000015
-0.1667 0.000010
-0.1240 0.000006
-0.0644 0.003258
0.0298 -0.002866
0.1514 -0.030049
0.2451 -0.048883
0.2918 -0.058299
0.3019 -0.060382
0.2901 -0.058065
0.2677 -0.053584
0.2412 -0.048295
0.2142 -0.042896
0.1881 -0.037672
0.1632 -0.032687
0.1392 -0.027882
0.1154 -0.023133
0.0910 -0.018252
0.0645 -0.012958
0.0336 -0.006794
-0.0056 0.000955
-0.0594 0.009590
-0.1315 0.017634
-0.2119 0.023553
-0.2849 0.026221
-0.3441 0.026212
-0.3902 0.024585
-0.4254 0.022169
-0.4521 0.019484
-0.4723 0.016830
-0.4873 0.014360
-0.4984 0.012144
-0.5064 0.010202
-0.5118 0.008526
-0.5153 0.007097
-0.5170 0.005889
-0.5174 0.004873
-0.5167 0.004023
-0.5148 0.003314
-0.5121 0.002726
-0.5084 0.002238
-0.5040 0.001834
-0.4988 0.001501
-0.4928 0.001226
-0.4861 0.001000
-0.4785 0.000814
-0.4702 0.000661
-0.4610 0.000536
-0.4509 0.000433
-0.4399 0.000350
-0.4279 0.000281
-0.4149 0.000225
-0.4009 0.000180
-0.3858 0.000143
-0.3695 0.000114
-0.3521 0.000089
-0.3335 0.000070
-0.3137 0.000054
-0.2924 0.000042
-0.2695 0.000032
-0.2446 0.000024
-0.2171 0.000018
-0.1858 0.000012
-0.1483 0.000008
-0.0993 0.000005
-0.0259 0.002686
0.0863 -0.012752
0.2008 -0.039967
0.2724 -0.054391
0.3003 -0.060035
0.2986 -0.059739
0.2807 -0.056190
0.2558 -0.051206
0.2287 -0.045804
0.2021 -0.040464
0.1765 -0.035350
0.1521 -0.030459
0.1283 -0.025700
0.1044 -0.020920
0.0792 -0.015894
0.0511 -0.010277
0.0170 -0.003388
-0.0280 0.004899
-0.0903 0.013397
-0.1682 0.020708
-0.2467 0.025155
-0.3136 0.026468
-0.3666 0.025596
-0.4073 0.023526
-0.4384 0.020939
-0.4619 0.018243
-0.4795 0.015661
-0.4926 0.013304
-0.5021 0.011214
-0.5089 0.009397
-0.5134 0.007838
-0.5160 0.006514
-0.5171 0.005397
-0.5169 0.004461
-0.5156 0.003679
-0.5133 0.003029
-0.5102 0.002489
-0.5062 0.002042
-0.5014 0.001672
-0.4958 0.001367
-0.4895 0.001116
-0.4823 0.000909
-0.4744 0.000739
-0.4657 0.000600
-0.4561 0.000486
-0.4456 0.000393
-0.4341 0.000316
-0.4216 0.000254
-0.4082 0.000203
-0.3936 0.000162
-0.3780 0.000129
-0.3612 0.000102
-0.3432 0.000080
-0.3240 0.000062
-0.3035 0.000048
-0.2815 0.000037
-0.2577 0.000028
-0.2317 0.000021
-0.2026 0.000015
-0.1687 0.000010
-0.1266 0.000006
-0.0682 0.000003
0.0238 -0.002270
0.1454 -0.028848
0.2417 -0.048194
0.2908 -0.058098
0.3024 -0.060493
0.2915 -0.058335
0.2693 -0.053914
0.2429 -0.048634
0.2158 -0.043221
0.1896 -0.037980
0.1647 -0.032980
0.1406 -0.028168
0.1169 -0.023423
0.0926 -0.018560
0.0663 -0.013308
