-0.0296 0.038968
-0.0727 0.082377
-0.1251 0.117506
-0.1825 0.141888
-0.2376 0.152889
-0.2864 0.152442
-0.3280 0.144449
-0.3634 0.132345
-0.3935 0.118497
-0.4191 0.104366
-0.4409 0.090796
-0.4595 0.078236
-0.4751 0.066890
-0.4880 0.056815
-0.4985 0.047983
-0.5065 0.040319
-0.5124 0.033720
-0.5160 0.028078
-0.5174 0.023282
-0.5168 0.019226
-0.5140 0.015812
-0.5092 0.012952
-0.5023 0.010564
-0.4934 0.008580
-0.4825 0.006938
-0.4697 0.005584
-0.4550 0.004473
-0.4385 0.003564
-0.4202 0.002824
-0.4004 0.002225
-0.3790 0.001741
-0.3561 0.001353
-0.3318 0.001042
-0.3059 0.000795
-0.2785 0.000598
-0.2490 0.000442
-0.2167 0.000318
-0.1801 0.000219
-0.1362 0.000137
-0.0678 0.027502
0.0275 -0.031673
0.1283 -0.152952
0.1832 -0.292729
0.1945 -0.311191
0.1817 -0.290993
0.1580 -0.253149
0.1308 -0.209743
0.1034 -0.165814
0.0762 -0.122351
0.0487 -0.078006
0.0198 -0.030613
-0.0126 0.017253
-0.0514 0.062902
-0.0991 0.102001
-0.1545 0.131708
-0.2110 0.148870
-0.2627 0.153330
-0.3074 0.148418
-0.3453 0.137918
-0.3775 0.124687
-0.4048 0.110575
-0.4281 0.096684
-0.4478 0.083628
-0.4644 0.071712
-0.4782 0.061053
-0.4893 0.051660
-0.4980 0.043474
-0.5043 0.036404
-0.5084 0.030344
-0.5103 0.025182
-0.5100 0.020809
-0.5075 0.017124
-0.5030 0.014032
-0.4964 0.011450
-0.4877 0.009302
-0.4771 0.007524
-0.4645 0.006057
-0.4501 0.004853
-0.4339 0.003868
-0.4159 0.003066
-0.3964 0.002416
-0.3753 0.001891
-0.3527 0.001470
-0.3287 0.001133
-0.3032 0.000864
-0.2760 0.000650
-0.2468 0.000481
-0.2149 0.000346
-0.1788 0.000238
-0.1338 0.053894
-0.0666 0.027006
0.0260 -0.029917
0.1237 -0.147421
0.1796 -0.286876
0.1908 -0.305350
0.1788 -0.286419
0.1560 -0.249986
0.1295 -0.207698
0.1026 -0.164554
0.0758 -0.121645
0.0485 -0.077225
0.0200 -0.030703
-0.0121 0.016466
-0.0505 0.061535
-0.0976 0.101333
-0.1524 0.131020
-0.2084 0.148353
-0.2599 0.153038
-0.3044 0.148302
-0.3423 0.137907
-0.3743 0.124724
-0.4015 0.110623
-0.4245 0.096722
-0.4439 0.083643
-0.4602 0.071701
-0.4737 0.061016
-0.4844 0.051600
-0.4927 0.043394
-0.4986 0.036310
-0.5022 0.030239
-0.5036 0.025071
-0.5027 0.020696
-0.4998 0.017011
-0.4947 0.013923
-0.4875 0.011346
-0.4784 0.009205
-0.4673 0.007434
-0.4542 0.005976
-0.4394 0.004779
-0.4228 0.003803
-0.4046 0.003009
-0.3847 0.002366
-0.3634 0.001848
-0.3406 0.001432
-0.3164 0.001100
-0.2907 0.000836
-0.2632 0.000626
-0.2335 0.000459
-0.2007 0.000326
-0.1632 0.000220
-0.1092 0.044018
-0.0361 0.014821
0.0605 -0.071459
0.1456 -0.173940
0.1833 -0.292984
0.1846 -0.295485
0.1684 -0.269735
0.1446 -0.231705
0.1185 -0.189950
0.0921 -0.147744
0.0656 -0.105392
0.0385 -0.059811
0.0093 -0.014269
-0.0242 0.031758
-0.0651 0.075643
-0.1147 0.112373
-0.1702 0.138027
-0.2247 0.150842
-0.2736 0.151944
-0.3155 0.144961
-0.3511 0.133395
-0.3811 0.119759
-0.4066 0.105640
-0.4280 0.091970
-0.4461 0.079253
-0.4610 0.067729
-0.4732 0.057478
-0.4827 0.048482
-0.4897 0.040672
-0.4944 0.033950
-0.4968 0.028206
-0.4969 0.023329
-0.4949 0.019210
-0.4907 0.015750
-0.4845 0.012857
-0.4762 0.010450
-0.4660 0.008454
-0.4538 0.006808
-0.4398 0.005456
-0.4241 0.004350
-0.4067 0.003450
-0.3878 0.002719
-0.3673 0.002130
-0.3454 0.001656
-0.3221 0.001277
-0.2973 0.000975
-0.2709 0.000734
-0.2425 0.000544
-0.2116 0.000392
-0.1770 0.000272
-0.1310 0.052765
-0.0665 0.026954
0.0216 -0.016500
0.1158 -0.137966
0.1764 -0.281775
0.1874 -0.299944
0.1762 -0.282186
0.1542 -0.247099
0.1284 -0.205857
0.1019 -0.163421
0.0753 -0.120986
0.0484 -0.076179
0.0202 -0.030739
-0.0115 0.015623
-0.0495 0.060066
-0.0959 0.101834
-0.1496 0.131544
-0.2048 0.149042
-0.2556 0.153925
-0.2998 0.149309
-0.3373 0.138934
-0.3689 0.125696
-0.3957 0.111494
-0.4184 0.097469
-0.4374 0.084262
-0.4532 0.072195
-0.4661 0.061397
-0.4764 0.051880
-0.4841 0.043589
-0.4893 0.036434
-0.4923 0.030306
-0.4930 0.025094
-0.4915 0.020686
-0.4878 0.016977
-0.4821 0.013873
-0.4743 0.011286
-0.4646 0.009141
-0.4530 0.007369
-0.4396 0.005913
-0.4244 0.004720
-0.4076 0.003748
-0.3892 0.002959
-0.3693 0.002322
-0.3479 0.001809
-0.3252 0.001398
-0.3010 0.001070
-0.2753 0.000809
-0.2478 0.000602
-0.2183 0.000439
-0.1859 0.000309
-0.1491 0.060026
-0.0929 0.037510
-0.0200 0.008351
0.0733 -0.086858
0.1510 -0.180548
0.1838 -0.293967
0.1830 -0.292976
0.1660 -0.266002
0.1419 -0.227460
0.1155 -0.185300
0.0889 -0.142590
0.0619 -0.099543
0.0342 -0.053024
0.0042 -0.006698
-0.0306 0.039597
-0.0731 0.083730
-0.1238 0.119480
-0.1792 0.143126
-0.2325 0.153664
-0.2797 0.152951
-0.3201 0.144769
-0.3542 0.132496
-0.3830 0.118486
-0.4073 0.104204
-0.4278 0.090497
-0.4449 0.077819
-0.4589 0.066377
-0.4702 0.056229
-0.4788 0.047345
-0.4849 0.039649
-0.4887 0.033038
-0.4901 0.027399
-0.4894 0.022620
-0.4865 0.018591
-0.4814 0.015213
-0.4743 0.012394
-0.4653 0.010052
-0.4543 0.008115
-0.4415 0.006521
-0.4269 0.005214
-0.4107 0.004147
-0.3929 0.003281
-0.3736 0.002579
-0.3528 0.002014
-0.3307 0.001561
-0.3071 0.001199
-0.2820 0.000910
-0.2550 0.000681
-0.2260 0.000499
-0.1944 0.000355
-0.1594 0.064150
-0.1077 0.043403
-0.0460 0.018740
0.0343 -0.040140
0.1125 -0.134216
0.1615 -0.258083
0.1708 -0.273227
0.1621 -0.259591
0.1439 -0.230558
0.1214 -0.194650
0.0973 -0.156147
0.0725 -0.116452
0.0471 -0.072645
0.0200 -0.029963
-0.0107 0.014315
-0.0475 0.057180
-0.0927 0.097807
-0.1454 0.127067
-0.2002 0.144792
-0.2510 0.150222
-0.2953 0.146173
-0.3328 0.136280
-0.3645 0.123428
-0.3912 0.109536
-0.4136 0.095764
-0.4323 0.082768
-0.4477 0.070881
-0.4602 0.060238
-0.4698 0.050858
-0.4770 0.042689
-0.4816 0.035642
-0.4839 0.029611
-0.4840 0.024486
-0.4818 0.020155
-0.4775 0.016517
-0.4711 0.013475
-0.4628 0.010944
-0.4525 0.008848
-0.4404 0.007120
-0.4265 0.005702
-0.4109 0.004543
-0.3938 0.003599
-0.3752 0.002835
-0.3551 0.002219
-0.3336 0.001724
-0.3107 0.001328
-0.2863 0.001012
-0.2601 0.000760
-0.2317 0.000560
-0.2001 0.000400
-0.1620 0.065251
-0.1060 0.042783
-0.0377 0.030813
0.0492 -0.038637
0.1245 -0.148775
0.1662 -0.199159
0.1679 -0.268752
0.1539 -0.246500
0.1335 -0.213946
0.1107 -0.177550
0.0872 -0.139842
0.0631 -0.099249
0.0383 -0.057937
0.0112 -0.016469
-0.0201 0.026171
-0.0583 0.067568
-0.1049 0.107992
-0.1573 0.135781
-0.2103 0.150222
-0.2588 0.152953
-0.3010 0.147115
-0.3368 0.136179
-0.3672 0.122784
-0.3930 0.108651
-0.4147 0.094814
-0.4329 0.081848
-0.4481 0.070040
-0.4603 0.059498
-0.4699 0.050224
-0.4770 0.042156
-0.4818 0.035203
-0.4842 0.029256
-0.4845 0.024202
-0.4826 0.019933
-0.4786 0.016345
-0.4726 0.013345
-0.4646 0.010849
-0.4547 0.008780
-0.4431 0.007073
-0.4296 0.005671
-0.4146 0.004525
-0.3979 0.003591
-0.3797 0.002833
-0.3601 0.002222
-0.3391 0.001730
-0.3167 0.001336
-0.2928 0.001021
-0.2673 0.000771
-0.2396 0.000572
-0.2091 0.000413
-0.1741 0.000284
-0.1299 0.052340
-0.0611 0.024815
0.0376 -0.029202
0.1363 -0.162666
0.1915 -0.229412
0.1931 -0.309166
0.1753 -0.280856
0.1496 -0.239866
0.1221 -0.195760
0.0947 -0.151913
0.0675 -0.108444
0.0397 -0.062812
0.0100 -0.015379
-0.0239 0.032103
-0.0649 0.077628
-0.1142 0.119264
-0.1687 0.145873
-0.2224 0.159125
-0.2707 0.160250
-0.3124 0.152985
-0.3480 0.140945
-0.3784 0.126729
-0.4043 0.111986
-0.4265 0.097685
-0.4454 0.084357
-0.4614 0.072256
-0.4747 0.061470
-0.4856 0.051986
-0.4941 0.043735
-0.5003 0.036617
-0.5043 0.030522
-0.5063 0.025334
-0.5061 0.020941
-0.5040 0.017241
-0.4998 0.014138
-0.4937 0.011546
-0.4856 0.009391
-0.4757 0.007606
-0.4639 0.006134
-0.4504 0.004924
-0.4352 0.003934
-0.4183 0.003127
-0.3999 0.002472
-0.3801 0.001942
-0.3588 0.001516
-0.3361 0.001174
-0.3120 0.000901
-0.2864 0.000684
-0.2589 0.000512
-0.2291 0.000374
-0.1957 0.000265
-0.1565 0.000175
-0.1063 0.000099
-0.0312 0.025726
0.0799 -0.094524
0.1737 -0.276929
0.2123 -0.339392
0.2115 -0.338640
0.1891 -0.303062
0.1588 -0.254553
0.1273 -0.204198
0.0969 -0.155504
0.0673 -0.108147
0.0372 -0.060091
0.0050 -0.008300
-0.0317 0.043865
-0.0761 0.089602
-0.1292 0.126131
-0.1864 0.150619
-0.2407 0.160952
-0.2885 0.159612
-0.3294 0.150752
-0.3643 0.137876
-0.3942 0.123354
-0.4198 0.108638
-0.4419 0.094557
-0.4609 0.081550
-0.4771 0.069810
-0.4909 0.059390
-0.5024 0.050253
-0.5117 0.042320
-0.5189 0.035485
-0.5241 0.029634
-0.5273 0.024653
-0.5286 0.020434
-0.5279 0.016875
-0.5254 0.013886
-0.5209 0.011384
-0.5146 0.009298
-0.5063 0.007565
-0.4962 0.006130
-0.4842 0.004946
-0.4705 0.003973
-0.4549 0.003177
-0.4377 0.002527
-0.4188 0.002000
-0.3984 0.001573
-0.3765 0.001229
-0.3532 0.000953
-0.3284 0.000733
-0.3022 0.000558
-0.2742 0.000418
-0.2440 0.000308
-0.2108 0.000220
-0.1727 0.000149
-0.1256 0.000090
-0.0599 0.000036
0.0422 -0.049268
0.1458 -0.231939
0.2080 -0.332170
0.2240 -0.358492
0.2088 -0.334548
0.1795 -0.287775
0.1467 -0.235309
0.1148 -0.184104
0.0842 -0.135273
0.0543 -0.087309
0.0232 -0.037572
-0.0110 0.016457
-0.0512 0.064731
-0.1006 0.105561
-0.1575 0.136850
-0.2149 0.154536
-0.2669 0.158847
-0.3118 0.153518
-0.3501 0.142542
-0.3827 0.128858
-0.4106 0.114338
-0.4347 0.100089
-0.4555 0.086718
-0.4734 0.074523
-0.4887 0.063616
-0.5017 0.054001
-0.5125 0.045614
-0.5213 0.038361
-0.5281 0.032132
-0.5330 0.026815
-0.5360 0.022297
-0.5372 0.018477
-0.5365 0.015258
-0.5340 0.012557
-0.5297 0.010298
-0.5235 0.008415
-0.5154 0.006851
-0.5055 0.005556
-0.4937 0.004487
-0.4801 0.003608
-0.4647 0.002887
-0.4476 0.002299
-0.4287 0.001821
-0.4083 0.001434
-0.3863 0.001122
-0.3628 0.000871
-0.3378 0.000671
-0.3113 0.000511
-0.2832 0.000385
-0.2530 0.000284
-0.2199 0.000204
-0.1824 0.000140
-0.1370 0.000087
-0.0755 0.000040
0.0201 -0.022768
0.1292 -0.205119
0.2012 -0.321170
0.2251 -0.360039
0.2140 -0.342815
0.1863 -0.298522
0.1537 -0.246522
0.1217 -0.195236
0.0913 -0.146506
0.0617 -0.099171
0.0314 -0.050808
-0.0013 0.001572
-0.0391 0.051274
-0.0857 0.093293
-0.1410 0.127207
-0.1991 0.148681
-0.2531 0.156428
-0.3002 0.153480
-0.3404 0.143915
-0.3745 0.130962
-0.4037 0.116747
-0.4288 0.102546
-0.4505 0.089078
-0.4692 0.076710
-0.4852 0.065597
-0.4989 0.055765
-0.5103 0.047168
-0.5197 0.039717
-0.5271 0.033308
-0.5326 0.027828
-0.5363 0.023167
-0.5381 0.019220
-0.5381 0.015892
-0.5363 0.013096
-0.5326 0.010755
-0.5272 0.008801
-0.5198 0.007176
-0.5107 0.005829
-0.4996 0.004715
-0.4868 0.003798
-0.4721 0.003046
-0.4556 0.002431
-0.4374 0.001929
-0.4175 0.001523
-0.3960 0.001194
-0.3730 0.000930
-0.3485 0.000719
-0.3225 0.000550
-0.2948 0.000416
-0.2652 0.000309
-0.2332 0.000225
-0.1974 0.000157
-0.1552 0.000102
-0.1008 0.000055
-0.0197 0.000009
0.0926 -0.146393
0.1814 -0.289192
0.2215 -0.354206
0.2205 -0.353030
0.1969 -0.315438
0.1653 -0.264948
0.1330 -0.213292
0.1022 -0.164055
0.0727 -0.116852
0.0432 -0.069632
0.0119 -0.019598
-0.0232 0.032398
-0.0657 0.076583
-0.1178 0.113805
-0.1756 0.140505
-0.2318 0.153520
-0.2818 0.154411
-0.3247 0.147140
-0.3611 0.135343
-0.3922 0.121553
-0.4188 0.107343
-0.4417 0.093622
-0.4615 0.080879
-0.4785 0.069339
-0.4930 0.059071
-0.5052 0.050055
-0.5154 0.042216
-0.5235 0.035454
-0.5296 0.029660
-0.5339 0.024723
-0.5364 0.020536
-0.5370 0.017000
-0.5358 0.014025
-0.5328 0.011531
-0.5279 0.009448
-0.5212 0.007713
-0.5127 0.006272
-0.5023 0.005081
-0.4900 0.004098
-0.4759 0.003291
-0.4599 0.002630
-0.4423 0.002091
-0.4229 0.001653
-0.4019 0.001299
-0.3793 0.001014
-0.3552 0.000785
-0.3296 0.000602
-0.3023 0.000457
-0.2733 0.000342
-0.2419 0.000250
-0.2072 0.000177
-0.1670 0.000118
-0.1165 0.000068
-0.0442 0.000022
0.0641 -0.100723
0.1631 -0.259772
0.2159 -0.345033
0.2236 -0.357890
0.2040 -0.326811
0.1735 -0.278114
0.1411 -0.226297
0.1100 -0.176529
0.0804 -0.129133
0.0512 -0.082368
0.0207 -0.033605
-0.0130 0.018828
-0.0529 0.064707
-0.1023 0.103779
-0.1591 0.133710
-0.2164 0.150498
-0.2683 0.154397
-0.3131 0.149028
-0.3511 0.138243
-0.3835 0.124874
-0.4112 0.110727
-0.4351 0.096865
-0.4556 0.083873
-0.4732 0.072037
-0.4883 0.061460
-0.5010 0.052143
-0.5116 0.044022
-0.5201 0.037005
-0.5266 0.030982
-0.5312 0.025843
-0.5340 0.021480
-0.5350 0.017791
-0.5341 0.014686
-0.5313 0.012081
-0.5267 0.009902
-0.5203 0.008088
-0.5120 0.006580
-0.5018 0.005332
-0.4897 0.004303
-0.4758 0.003457
-0.4601 0.002764
-0.4426 0.002198
-0.4233 0.001739
-0.4025 0.001367
-0.3800 0.001067
-0.3560 0.000827
-0.3304 0.000634
-0.3033 0.000482
-0.2743 0.000360
-0.2430 0.000264
-0.2085 0.000187
-0.1685 0.000125
-0.1185 0.000073
-0.0473 0.000024
0.0605 -0.094962
0.1606 -0.255658
0.2146 -0.342906
0.2232 -0.357207
0.2041 -0.327004
0.1739 -0.278783
0.1417 -0.227230
0.1107 -0.177648
0.0812 -0.130444
0.0522 -0.083936
0.0219 -0.035544
-0.0114 0.016618
-0.0508 0.062514
-0.0996 0.101639
-0.1561 0.131922
-0.2134 0.149284
-0.2655 0.153719
-0.3106 0.148732
-0.3489 0.138182
-0.3815 0.124944
-0.4093 0.110862
-0.4332 0.097026
-0.4538 0.084035
-0.4714 0.072186
-0.4864 0.061592
-0.4991 0.052254
-0.5096 0.044113
-0.5180 0.037076
-0.5244 0.031035
-0.5289 0.025881
-0.5315 0.021505
-0.5322 0.017806
-0.5311 0.014691
-0.5281 0.012079
-0.5233 0.009896
-0.5165 0.008077
-0.5079 0.006566
-0.4974 0.005317
-0.4849 0.004287
-0.4707 0.003440
-0.4546 0.002747
-0.4367 0.002182
-0.4171 0.001724
-0.3959 0.001353
-0.3731 0.001054
-0.3488 0.000815
-0.3228 0.000624
-0.2953 0.000472
-0.2658 0.000351
-0.2337 0.000255
-0.1980 0.000179
-0.1559 0.000117
-0.1016 0.000063
-0.0203 0.008546
0.0925 -0.146289
0.1806 -0.287895
0.2191 -0.350285
0.2172 -0.347814
0.1938 -0.310551
0.1629 -0.261150
0.1314 -0.210701
0.1013 -0.162550
0.0724 -0.116305
0.0435 -0.070007
0.0128 -0.020947
-0.0215 0.030059
-0.0630 0.073474
-0.1141 0.110245
-0.1713 0.137098
-0.2275 0.150678
-0.2777 0.152179
-0.3208 0.145402
-0.3573 0.133966
-0.3884 0.120434
-0.4150 0.106409
-0.4379 0.092826
-0.4574 0.080187
-0.4742 0.068729
-0.4883 0.058528
-0.5002 0.049567
-0.5098 0.041775
-0.5174 0.035054
-0.5230 0.029297
-0.5266 0.024392
-0.5283 0.020234
-0.5281 0.016724
-0.5261 0.013774
-0.5221 0.011303
-0.5162 0.009241
-0.5084 0.007525
-0.4987 0.006103
-0.4871 0.004929
-0.4736 0.003963
-0.4583 0.003171
-0.4411 0.002524
-0.4223 0.001997
-0.4017 0.001571
-0.3795 0.001227
-0.3558 0.000951
-0.3305 0.000731
-0.3036 0.000555
-0.2748 0.000416
-0.2438 0.000305
-0.2095 0.000217
-0.1699 0.000145
-0.1206 0.000086
-0.0497 0.020275
0.0595 -0.069978
0.1583 -0.252037
0.2090 -0.333997
0.2160 -0.345704
0.1974 -0.316286
0.1687 -0.270343
0.1379 -0.221174
0.1082 -0.173581
0.0797 -0.127948
0.0514 -0.082736
0.0219 -0.035517
-0.0106 0.015181
-0.0490 0.060406
-0.0966 0.098841
-0.1521 0.128963
-0.2091 0.146694
-0.2612 0.151678
-0.3064 0.147177
-0.3449 0.136992
-0.3775 0.124011
-0.4053 0.110106
-0.4291 0.096392
-0.4495 0.083488
-0.4668 0.071702
-0.4815 0.061155
-0.4938 0.051854
-0.5038 0.043743
-0.5116 0.036732
-0.5174 0.030715
-0.5212 0.025583
-0.5230 0.021227
-0.5229 0.017547
-0.5208 0.014451
-0.5168 0.011857
-0.5109 0.009691
-0.5030 0.007890
-0.4932 0.006397
-0.4815 0.005163
-0.4679 0.004149
-0.4525 0.003317
-0.4352 0.002638
-0.4162 0.002086
-0.3955 0.001639
-0.3733 0.001279
-0.3495 0.000990
-0.3241 0.000759
-0.2970 0.000575
-0.2681 0.000430
-0.2367 0.000314
-0.2017 0.000221
-0.1609 0.000146
-0.1090 0.000082
-0.0286 0.023666
0.0843 -0.099863
0.1710 -0.272625
0.2076 -0.331876
0.2065 -0.330605
0.1855 -0.297233
0.1572 -0.252059
0.1279 -0.205127
0.0995 -0.159681
0.0720 -0.115574
0.0442 -0.071164
0.0148 -0.023568
-0.0181 0.025166
-0.0576 0.068347
-0.1064 0.104768
-0.1623 0.132289
-0.2183 0.147247
-0.2689 0.150098
-0.3126 0.144313
-0.3496 0.133509
-0.3811 0.120344
-0.4078 0.106510
-0.4307 0.093009
-0.4502 0.080385
-0.4667 0.068907
-0.4805 0.058667
-0.4919 0.049659
-0.5010 0.041820
-0.5080 0.035057
-0.5128 0.029261
-0.5155 0.024325
-0.5163 0.020143
-0.5151 0.016615
-0.5118 0.013652
-0.5067 0.011174
-0.4995 0.009108
-0.4904 0.007394
-0.4793 0.005976
-0.4664 0.004808
-0.4516 0.003849
-0.4350 0.003065
-0.4166 0.002428
-0.3965 0.001911
-0.3749 0.001494
-0.3516 0.001158
-0.3268 0.000890
-0.3004 0.000677
-0.2722 0.000507
-0.2416 0.000372
-0.2077 0.000265
-0.1686 0.000178
-0.1200 0.000105
-0.0441 0.036045
0.0640 -0.075504
0.1570 -0.250230
0.1979 -0.316278
0.2009 -0.321624
0.1832 -0.293431
0.1571 -0.251739
0.1291 -0.207014
0.1016 -0.163053
0.0748 -0.120154
0.0479 -0.077003
0.0195 -0.030663
-0.0120 0.016663
-0.0494 0.060910
-0.0958 0.097893
-0.1500 0.126992
-0.2059 0.144285
-0.2574 0.149255
-0.3022 0.144924
-0.3402 0.134954
-0.3724 0.122181
-0.3998 0.108460
-0.4231 0.094906
-0.4428 0.082140
-0.4595 0.070476
-0.4734 0.060036
-0.4847 0.050830
-0.4937 0.042806
-0.5004 0.035875
-0.5049 0.029931
-0.5073 0.024866
-0.5076 0.020574
-0.5059 0.016954
-0.5022 0.013915
-0.4964 0.011374
-0.4887 0.009258
-0.4790 0.007503
-0.4674 0.006053
-0.4538 0.004860
-0.4385 0.003882
-0.4213 0.003085
-0.4025 0.002437
-0.3820 0.001912
-0.3600 0.001490
-0.3364 0.001151
-0.3112 0.000881
-0.2843 0.000665
-0.2554 0.000494
-0.2238 0.000358
-0.1882 0.000249
-0.1461 0.000160
-0.0848 0.034295
0.0063 -0.004226
0.1127 -0.134159
0.1782 -0.284474
0.1965 -0.314444
0.1878 -0.300709
0.1660 -0.265937
0.1397 -0.223963
0.1129 -0.181047
0.0866 -0.138911
0.0604 -0.097017
0.0334 -0.052722
0.0043 -0.006727
-0.0292 0.038406
-0.0702 0.079481
-0.1200 0.112680
-0.1753 0.136197
-0.2290 0.147300
-0.2770 0.147391
-0.3181 0.140015
-0.3530 0.128479
-0.3825 0.115120
-0.4074 0.101409
-0.4285 0.088201
