0.8943 24.2582
0.9237 33.0970
0.9325 40.4848
0.9339 46.3623
0.9335 50.3155
0.9329 51.6462
0.9325 50.0285
0.9320 46.0363
0.9312 40.8741
0.9301 35.6498
0.9286 30.9203
0.9268 26.8168
0.9247 23.2939
0.9222 20.2653
0.9194 17.6504
0.9163 15.3838
0.9127 13.4136
0.9087 11.6982
0.9041 10.2034
0.8989 8.9008
0.8931 7.7655
0.8864 6.7764
0.8789 5.9149
0.8705 5.1647
0.8611 4.5117
0.8506 3.9433
0.8389 3.4487
0.8260 3.0185
0.8118 2.6442
0.7962 2.3187
0.7793 2.0357
0.7611 1.7896
0.7417 1.5757
0.7211 1.3897
0.6994 1.2281
0.6770 1.0876
0.6539 0.9656
0.6304 0.8595
0.6069 0.7674
0.5836 0.6873
0.5607 0.6178
0.5386 0.5574
0.5175 0.5050
0.4974 0.4594
0.4787 0.4199
0.4613 0.3855
0.4453 0.3557
0.4308 0.3298
0.4176 0.3077
0.4068 0.2957
0.4364 0.7409
0.6260 4.8314
0.7874 10.3016
0.8755 17.3150
0.9144 26.4930
0.9284 35.4540
0.9323 43.2832
0.9329 49.2715
0.9329 52.5203
0.9327 52.4583
0.9324 49.5864
0.9319 45.1351
0.9311 40.1779
0.9300 35.3272
0.9285 30.8580
0.9267 26.8628
0.9247 23.3467
0.9222 20.2772
0.9194 17.6085
0.9162 15.2925
0.9126 13.2843
0.9084 11.5434
0.9037 10.0344
0.8983 8.7262
0.8922 7.5919
0.8853 6.6084
0.8775 5.7554
0.8687 5.0155
0.8589 4.3736
0.8480 3.8168
0.8359 3.3336
0.8225 2.9143
0.8078 2.5504
0.7917 2.2346
0.7743 1.9605
0.7556 1.7226
0.7357 1.5162
0.7146 1.3370
0.6925 1.1814
0.6697 1.0464
0.6463 0.9292
0.6227 0.8275
0.5991 0.7392
0.5758 0.6626
0.5531 0.5961
0.5312 0.5384
0.5104 0.4883
0.4907 0.4448
0.4724 0.4071
0.4554 0.3743
0.4399 0.3459
0.4258 0.3213
0.4132 0.3005
0.4040 0.3010
0.4614 1.0531
0.6555 5.7724
0.8070 13.1446
0.8878 22.9952
0.9214 32.0092
0.9320 39.5796
0.9339 45.6703
0.9336 49.9206
0.9330 51.6403
0.9325 50.4059
0.9321 46.6709
0.9314 41.5949
0.9303 36.3383
0.9288 31.5318
0.9271 27.3468
0.9250 23.7515
0.9226 20.6612
0.9198 17.9941
0.9168 15.6830
0.9133 13.6744
0.9093 11.9258
0.9048 10.4021
0.8997 9.0741
0.8939 7.9167
0.8874 6.9083
0.8800 6.0299
0.8718 5.2650
0.8625 4.5990
0.8521 4.0194
0.8406 3.5150
0.8279 3.0762
0.8139 2.6945
0.7985 2.3625
0.7818 2.0738
0.7638 1.8228
0.7445 1.6046
0.7241 1.4149
0.7026 1.2500
0.6802 1.1067
0.6572 0.9822
0.6338 0.8740
0.6103 0.7799
0.5869 0.6983
0.5640 0.6273
0.5418 0.5657
0.5205 0.5122
0.5003 0.4657
0.4814 0.4253
0.4638 0.3903
0.4476 0.3598
0.4328 0.3334
0.4194 0.3107
0.4081 0.2961
0.4271 0.6047
0.6084 4.3542
0.7762 9.8096
0.8701 16.6063
0.9123 25.7309
0.9278 34.7642
0.9322 42.7162
0.9330 48.8957
0.9329 52.4139
0.9327 52.6310
0.9325 49.9476
0.9320 45.5723
0.9312 40.6185
0.9301 35.7379
0.9286 31.2271
0.9269 27.1887
0.9248 23.6321
0.9225 20.5262
0.9197 17.8253
0.9165 15.4812
0.9129 13.4485
0.9088 11.6864
0.9041 10.1587
0.8988 8.8344
0.8927 7.6861
0.8859 6.6903
0.8782 5.8267
0.8696 5.0776
0.8599 4.4276
0.8490 3.8638
0.8370 3.3745
0.8238 2.9499
0.8092 2.5814
0.7933 2.2616
0.7760 1.9840
0.7574 1.7431
0.7375 1.5339
0.7166 1.3524
0.6946 1.1949
0.6718 1.0581
0.6485 0.9394
0.6249 0.8364
0.6013 0.7469
0.5780 0.6693
0.5552 0.6019
0.5332 0.5434
0.5123 0.4927
0.4925 0.4486
0.4741 0.4104
0.4570 0.3772
0.4413 0.3485
0.4271 0.3235
0.4143 0.3023
0.4047 0.3000
0.4573 0.9896
0.6503 5.6025
0.8038 12.9020
0.8863 22.7322
0.9208 31.7708
0.9318 39.3732
0.9339 45.5075
0.9336 49.8234
0.9330 51.6318
0.9326 50.4866
0.9321 46.8138
0.9314 41.7626
0.9303 36.5034
0.9289 31.6824
0.9271 27.4804
0.9250 23.8689
0.9227 20.7643
0.9199 18.0846
0.9169 15.7624
0.9134 13.7441
0.9094 11.9869
0.9050 10.4556
0.8999 9.1210
0.8942 7.9578
0.8877 6.9442
0.8803 6.0613
0.8721 5.2924
0.8629 4.6230
0.8526 4.0404
0.8411 3.5333
0.8284 3.0922
0.8144 2.7085
0.7991 2.3747
0.7825 2.0845
0.7646 1.8321
0.7453 1.6127
0.7249 1.4220
0.7035 1.2562
0.6812 1.1121
0.6582 0.9869
0.6348 0.8781
0.6113 0.7835
0.5879 0.7014
0.5649 0.6301
0.5427 0.5681
0.5213 0.5143
0.5011 0.4675
0.4821 0.4269
0.4645 0.3916
0.4482 0.3610
0.4334 0.3345
0.4200 0.3116
0.4086 0.2970
0.4287 0.6229
0.6113 4.4283
0.7780 9.8962
0.8710 16.7636
0.9126 25.9224
0.9279 34.9494
0.9322 42.8790
0.9330 49.0224
0.9329 52.4902
0.9327 52.6511
0.9325 49.9213
0.9320 45.5174
0.9312 40.5509
0.9301 35.6680
0.9286 31.1610
0.9269 27.1290
0.9248 23.5797
0.9224 20.4809
0.9197 17.7865
0.9165 15.4482
0.9129 13.4205
0.9087 11.6625
0.9040 10.1385
0.8987 8.8172
0.8926 7.6715
0.8858 6.6780
0.8781 5.8162
0.8694 5.0686
0.8597 4.4201
0.8489 3.8573
0.8369 3.3690
0.8236 2.9452
0.8090 2.5774
0.7931 2.2582
0.7758 1.9811
0.7572 1.7406
0.7373 1.5319
0.7163 1.3507
0.6944 1.1934
0.6716 1.0568
0.6483 0.9383
0.6247 0.8354
0.6011 0.7461
0.5778 0.6686
0.5550 0.6013
0.5330 0.5430
0.5121 0.4923
0.4923 0.4483
0.4739 0.4101
0.4568 0.3770
0.4412 0.3482
0.4270 0.3233
0.4142 0.3022
0.4052 0.3049
0.4692 1.1715
0.6643 6.0577
0.8122 13.5856
0.8902 23.4362
0.9222 32.3586
0.9321 39.8514
0.9339 45.8709
0.9335 50.0355
0.9330 51.6448
0.9325 50.2997
0.9321 46.4913
0.9313 41.3965
0.9302 36.1582
0.9288 31.3814
0.9270 27.2244
0.9249 23.6515
0.9225 20.5788
0.9198 17.9253
0.9167 15.6249
0.9132 13.6250
0.9092 11.8835
0.9047 10.3658
0.8996 9.0428
0.8938 7.8898
0.8872 6.8851
0.8798 6.0100
0.8716 5.2478
0.8623 4.5843
0.8519 4.0067
0.8403 3.5042
0.8276 3.0669
0.8135 2.6865
0.7981 2.3557
0.7814 2.0680
0.7634 1.8178
0.7441 1.6003
0.7236 1.4112
0.7021 1.2469
0.6798 1.1040
0.6568 0.9799
0.6334 0.8720
0.6099 0.7783
0.5865 0.6969
0.5636 0.6261
0.5414 0.5647
0.5201 0.5113
0.4999 0.4649
0.4810 0.4247
0.4635 0.3897
0.4473 0.3594
0.4326 0.3330
0.4193 0.3104
0.4082 0.2985
0.4422 0.8127
0.6337 5.0354
0.7920 10.5473
0.8777 17.7594
0.9153 27.0155
0.9288 35.9560
0.9324 43.7210
0.9330 49.6066
0.9329 52.7145
0.9327 52.4997
0.9324 49.5051
0.9319 44.9793
0.9311 39.9893
0.9299 35.1339
0.9284 30.6757
0.9267 26.6985
0.9246 23.2027
0.9221 20.1530
0.9193 17.5023
0.9161 15.2022
0.9124 13.2077
0.9082 11.4786
0.9035 9.9795
0.8980 8.6797
0.8919 7.5526
0.8850 6.5750
0.8772 5.7271
0.8684 4.9916
0.8586 4.3533
0.8476 3.7996
0.8355 3.3190
0.8220 2.9019
0.8073 2.5399
0.7912 2.2257
0.7738 1.9530
0.7550 1.7163
0.7351 1.5108
0.7140 1.3324
0.6919 1.1775
0.6691 1.0431
0.6457 0.9264
0.6221 0.8251
0.5985 0.7372
0.5753 0.6609
0.5526 0.5947
0.5307 0.5372
0.5099 0.4873
0.4903 0.4439
0.4720 0.4064
0.4551 0.3737
0.4396 0.3454
0.4256 0.3209
0.4130 0.3005
0.4063 0.3239
0.4998 1.7098
0.6949 7.1290
0.8300 15.2131
0.8981 25.0377
0.9249 33.7076
0.9328 40.9562
0.9339 46.7022
0.9334 50.4925
0.9329 51.6180
0.9325 49.8058
0.9320 45.6966
0.9312 40.5157
0.9300 35.3323
0.9285 30.6587
0.9267 26.6053
0.9245 23.1223
0.9221 20.1243
0.9193 17.5331
0.9161 15.2850
0.9126 13.3298
0.9085 11.6267
0.9039 10.1422
0.8987 8.8483
0.8928 7.7205
0.8861 6.7378
0.8786 5.8818
0.8701 5.1363
0.8607 4.4873
0.8501 3.9225
0.8384 3.4309
0.8254 3.0033
0.8112 2.6313
0.7956 2.3077
0.7787 2.0263
0.7605 1.7816
0.7410 1.5689
0.7203 1.3840
0.6987 1.2232
0.6762 1.0835
0.6531 0.9621
0.6297 0.8566
0.6062 0.7649
0.5829 0.6852
0.5601 0.6160
0.5380 0.5559
0.5169 0.5037
0.4969 0.4584
0.4782 0.4190
0.4609 0.3848
0.4450 0.3551
0.4304 0.3293
0.4174 0.3075
0.4076 0.3058
0.4748 1.3409
0.6725 6.1614
0.8150 11.8036
0.8885 19.6586
0.9195 28.9918
0.9300 37.7400
0.9327 45.1762
0.9330 50.5566
0.9329 52.9843
0.9327 52.1015
0.9324 48.6698
0.9318 43.9644
0.9309 38.9594
0.9296 34.1688
0.9281 29.8060
0.9262 25.9306
0.9241 22.5317
0.9216 19.5699
0.9187 16.9969
0.9154 14.7647
0.9116 12.8291
0.9073 11.1509
0.9024 9.6959
0.8968 8.4343
0.8906 7.3401
0.8835 6.3911
0.8755 5.5678
0.8665 4.8536
0.8564 4.2338
0.8452 3.6960
0.8328 3.2293
0.8192 2.8242
0.8041 2.4726
0.7878 2.1673
0.7701 1.9024
0.7511 1.6724
0.7309 1.4728
0.7096 1.2994
0.6874 1.1490
0.6644 1.0184
0.6410 0.9050
0.6174 0.8065
0.5939 0.7211
0.5707 0.6469
0.5482 0.5825
0.5265 0.5267
0.5059 0.4782
0.4866 0.4361
0.4685 0.3995
0.4519 0.3678
0.4367 0.3403
0.4230 0.3165
0.4108 0.2979
0.4122 0.3993
0.5515 2.8336
0.7373 8.8777
0.8532 17.7953
0.9079 27.4171
0.9281 35.7043
0.9334 42.5792
0.9338 47.8817
0.9333 51.0545
0.9328 51.4189
0.9323 48.9236
0.9318 44.4184
0.9309 39.1607
0.9297 34.0847
0.9281 29.5726
0.9262 25.6747
0.9239 22.3249
0.9214 19.4379
0.9185 16.9396
0.9153 14.7701
0.9116 12.8821
0.9074 11.2370
0.9027 9.8029
0.8973 8.5528
0.8912 7.4632
0.8843 6.5139
0.8766 5.6869
0.8679 4.9669
0.8582 4.3400
0.8473 3.7944
0.8353 3.3196
0.8220 2.9065
0.8075 2.5471
0.7916 2.2346
0.7743 1.9628
0.7558 1.7265
0.7360 1.5210
0.7151 1.3424
0.6932 1.1871
0.6706 1.0522
0.6474 0.9349
0.6239 0.8329
0.6005 0.7444
0.5773 0.6674
0.5546 0.6006
0.5328 0.5425
0.5119 0.4921
0.4923 0.4483
0.4739 0.4102
0.4569 0.3772
0.4413 0.3485
0.4271 0.3236
0.4145 0.3033
0.4095 0.3476
0.5318 2.4717
0.7222 7.7639
0.8426 13.7970
0.9008 22.4313
0.9240 31.7146
0.9313 40.1419
0.9329 47.0602
0.9330 51.6580
0.9328 53.0961
0.9326 51.3326
0.9322 47.3853
0.9315 42.5025
0.9305 37.5170
0.9292 32.8356
0.9276 28.6131
0.9256 24.8810
0.9234 21.6161
0.9208 18.7747
0.9177 16.3076
0.9143 14.1676
0.9104 12.3121
0.9059 10.7033
0.9008 9.3084
0.8951 8.0986
0.8886 7.0494
0.8812 6.1392
0.8729 5.3496
0.8637 4.6644
0.8533 4.0699
0.8418 3.5539
0.8290 3.1061
0.8149 2.7173
0.7996 2.3799
0.7828 2.0870
0.7647 1.8328
0.7454 1.6120
0.7249 1.4204
0.7033 1.2540
0.6808 1.1096
0.6577 0.9842
0.6342 0.8754
0.6106 0.7809
0.5872 0.6988
0.5642 0.6276
0.5419 0.5658
0.5205 0.5121
0.5003 0.4656
0.4813 0.4251
0.4637 0.3901
0.4475 0.3596
0.4327 0.3332
0.4193 0.3104
0.4081 0.2981
0.4376 0.7069
0.6208 4.6890
0.7852 11.5515
0.8774 21.2113
0.9175 30.4081
0.9309 38.2019
0.9338 44.5740
0.9336 49.2342
0.9331 51.5156
0.9326 50.8668
0.9322 47.5576
0.9315 42.6614
0.9305 37.3945
0.9292 32.4936
0.9275 28.1960
0.9254 24.4949
0.9231 21.3117
0.9205 18.5638
0.9175 16.1823
0.9141 14.1122
0.9102 12.3095
0.9059 10.7383
0.9009 9.3685
0.8953 8.1744
0.8890 7.1337
0.8819 6.2270
0.8738 5.4373
0.8648 4.7496
0.8547 4.1510
0.8435 3.6300
0.8311 3.1767
0.8174 2.7823
0.8024 2.4392
0.7860 2.1408
0.7683 1.8813
0.7494 1.6557
0.7292 1.4595
0.7080 1.2890
0.6859 1.1407
0.6630 1.0119
0.6397 0.8999
0.6162 0.8026
0.5928 0.7180
0.5698 0.6446
0.5474 0.5807
0.5259 0.5253
0.5054 0.4771
0.4861 0.4353
0.4682 0.3990
0.4517 0.3674
0.4366 0.3400
0.4228 0.3164
0.4110 0.3001
0.4282 0.5985
0.6079 4.3249
0.7756 9.8234
0.8699 16.7656
0.9123 25.9894
0.9279 35.0468
0.9323 42.9895
0.9330 49.1490
0.9330 52.6416
0.9328 52.8178
0.9325 50.0737
0.9320 45.6340
0.9312 40.6311
0.9301 35.7223
0.9286 31.1998
0.9269 27.1599
0.9248 23.6069
0.9224 20.5066
0.9197 17.8116
0.9165 15.4728
0.9129 13.4444
0.9088 11.6857
0.9041 10.1607
0.8988 8.8383
0.8928 7.6913
0.8859 6.6964
0.8783 5.8332
0.8696 5.0843
0.8600 4.4345
0.8492 3.8705
0.8372 3.3810
0.8240 2.9561
0.8094 2.5873
0.7935 2.2671
0.7763 1.9892
0.7578 1.7479
0.7380 1.5384
0.7170 1.3565
0.6951 1.1986
0.6724 1.0615
0.6492 0.9425
0.6256 0.8392
0.6020 0.7495
0.5787 0.6716
0.5559 0.6040
0.5339 0.5453
0.5130 0.4944
0.4932 0.4501
0.4747 0.4118
0.4576 0.3785
0.4419 0.3495
0.4277 0.3245
0.4148 0.3034
0.4078 0.3268
0.5038 1.7896
0.6984 7.2550
0.8319 15.4557
0.8989 25.2360
0.9252 33.8368
0.9328 41.0395
0.9339 46.7558
0.9334 50.5194
0.9329 51.6115
0.9324 49.7646
0.9319 45.6359
0.9312 40.4597
0.9300 35.2939
0.9285 30.6384
0.9267 26.5987
0.9245 23.1245
0.9221 20.1318
0.9193 17.5433
0.9161 15.2965
0.9126 13.3416
0.9085 11.6382
0.9039 10.1533
0.8987 8.8587
0.8928 7.7302
0.8862 6.7468
0.8787 5.8901
0.8702 5.1440
0.8608 4.4944
0.8503 3.9290
0.8386 3.4369
0.8256 3.0087
0.8114 2.6362
0.7958 2.3122
0.7790 2.0304
0.7608 1.7854
0.7413 1.5723
0.7207 1.3871
0.6991 1.2260
0.6766 1.0860
0.6536 0.9644
0.6302 0.8586
0.6067 0.7667
0.5834 0.6869
0.5606 0.6175
0.5385 0.5573
0.5174 0.5049
0.4974 0.4594
0.4787 0.4200
0.4613 0.3857
0.4454 0.3559
0.4308 0.3300
0.4177 0.3081
0.4087 0.3157
0.4954 1.7085
0.6917 6.7547
0.8259 12.5795
0.8935 20.8674
0.9214 30.2365
0.9307 38.8687
0.9329 46.1010
0.9331 51.1720
0.9329 53.1951
0.9327 51.9230
0.9323 48.2326
0.9317 43.4112
0.9307 38.3854
0.9295 33.6241
0.9279 29.3125
0.9260 25.4945
0.9238 22.1516
0.9212 19.2411
0.9183 16.7136
0.9149 14.5210
0.9111 12.6197
0.9067 10.9710
0.9018 9.5414
0.8962 8.3015
0.8898 7.2260
0.8826 6.2929
0.8745 5.4834
0.8654 4.7809
0.8553 4.1713
0.8439 3.6422
0.8314 3.1829
0.8176 2.7843
0.8025 2.4382
0.7860 2.1378
0.7682 1.8769
0.7491 1.6505
0.7287 1.4539
0.7074 1.2832
0.6851 1.1350
0.6621 1.0063
0.6386 0.8946
0.6150 0.7976
0.5916 0.7134
0.5685 0.6403
0.5460 0.5768
0.5245 0.5217
0.5040 0.4739
0.4848 0.4324
0.4669 0.3964
0.4505 0.3651
0.4354 0.3380
0.4218 0.3145
0.4100 0.2988
0.4290 0.5927
0.6038 4.1970
0.7740 10.8582
0.8720 20.4101
0.9154 29.6852
0.9303 37.5776
0.9337 44.0712
0.9337 48.9070
0.9331 51.4345
0.9327 51.0507
0.9322 47.9399
0.9316 43.1328
0.9306 37.8672
0.9293 32.9261
0.9276 28.5782
0.9256 24.8291
0.9234 21.6033
0.9207 18.8185
0.9178 16.4049
0.9145 14.3068
0.9107 12.4797
0.9064 10.8870
0.9015 9.4984
0.8959 8.2879
0.8897 7.2328
0.8826 6.3135
0.8747 5.5128
0.8658 4.8155
0.8558 4.2085
0.8447 3.6802
0.8324 3.2205
0.8188 2.8205
0.8040 2.4725
0.7878 2.1699
0.7702 1.9067
0.7514 1.6778
0.7314 1.4788
0.7103 1.3058
0.6882 1.1554
0.6655 1.0247
0.6422 0.9110
0.6187 0.8123
0.5953 0.7265
0.5722 0.6520
0.5498 0.5872
0.5281 0.5309
0.5076 0.4820
0.4882 0.4396
0.4701 0.4027
0.4534 0.3707
0.4382 0.3429
0.4243 0.3188
0.4122 0.3014
0.4261 0.5626
0.6020 4.1623
0.7717 9.6760
0.8680 16.6410
0.9116 25.9001
0.9277 34.9898
0.9323 42.9628
0.9331 49.1651
0.9330 52.7177
0.9328 52.9486
0.9325 50.2251
0.9320 45.7748
0.9312 40.7499
0.9301 35.8199
0.9287 31.2807
0.9269 27.2283
0.9249 23.6659
0.9225 20.5582
0.9197 17.8571
0.9166 15.5133
0.9130 13.4805
0.9089 11.7179
0.9042 10.1894
0.8989 8.8638
0.8929 7.7140
0.8861 6.7165
0.8784 5.8511
0.8698 5.1002
0.8602 4.4485
0.8494 3.8829
0.8375 3.3919
0.8243 2.9658
0.8098 2.5958
0.7939 2.2747
0.7768 1.9958
0.7583 1.7537
0.7385 1.5436
0.7176 1.3611
0.6957 1.2026
0.6730 1.0651
0.6498 0.9456
0.6262 0.8419
0.6027 0.7519
0.5794 0.6737
0.5566 0.6059
0.5346 0.5469
0.5136 0.4958
0.4938 0.4514
0.4753 0.4129
0.4581 0.3794
0.4424 0.3504
0.4281 0.3252
0.4152 0.3042
0.4093 0.3402
0.5176 2.0704
0.7102 7.7139
0.8385 16.1943
0.9018 25.9060
0.9261 34.3803
0.9330 41.4733
0.9339 47.0752
0.9333 50.6865
0.9328 51.5846
0.9324 49.5537
0.9319 45.3135
0.9311 40.1159
0.9299 34.9823
0.9284 30.3733
0.9265 26.3767
0.9244 22.9379
0.9219 19.9734
0.9191 17.4076
0.9159 15.1795
0.9124 13.2402
0.9083 11.5502
0.9037 10.0768
0.8984 8.7921
0.8925 7.6723
0.8858 6.6964
0.8782 5.8463
0.8697 5.1060
0.8602 4.4614
0.8497 3.9004
0.8379 3.4121
0.8249 2.9872
0.8106 2.6176
0.7950 2.2961
0.7780 2.0165
0.7597 1.7733
0.7402 1.5619
0.7196 1.3780
0.6979 1.2182
0.6754 1.0793
0.6524 0.9585
0.6290 0.8536
0.6055 0.7624
0.5822 0.6831
