0.0745 -0.074729
0.0553 -0.055540
0.0344 -0.033975
0.0106 -0.009867
-0.0179 0.014668
-0.0536 0.041427
-0.0979 0.071152
-0.1479 0.096761
-0.1986 0.107503
-0.2450 0.109756
-0.2850 0.105582
-0.3183 0.097534
-0.3458 0.087635
-0.3685 0.077221
-0.3871 0.067091
-0.4025 0.057675
-0.4150 0.049177
-0.4252 0.041659
-0.4333 0.035104
-0.4397 0.029449
-0.4444 0.024613
-0.4477 0.020504
-0.4498 0.017032
-0.4507 0.014112
-0.4506 0.011665
-0.4495 0.009622
-0.4476 0.007920
-0.4448 0.006508
-0.4412 0.005338
-0.4370 0.004371
-0.4320 0.003573
-0.4265 0.002917
-0.4204 0.002377
-0.4138 0.001934
-0.4067 0.001572
-0.3992 0.001276
-0.3912 0.001034
-0.3830 0.000837
-0.3745 0.000676
-0.3657 0.000546
-0.3567 0.000440
-0.3475 0.000355
-0.3382 0.000286
-0.3289 0.000230
-0.3194 0.000184
-0.3099 0.000148
-0.3003 0.000118
-0.2907 0.000095
-0.2811 0.000076
-0.2714 0.000061
-0.2617 0.000048
-0.2519 0.000038
-0.2420 0.000031
-0.2319 0.000024
-0.2215 0.000019
-0.2107 0.000015
-0.1995 0.000012
-0.1875 0.000009
-0.1744 0.000007
-0.1598 0.000005
-0.1430 0.000004
-0.1226 0.000003
-0.0962 0.000002
-0.0554 0.027972
0.0064 -0.002847
0.0862 -0.042673
0.1605 -0.079951
0.2013 -0.150769
0.2082 -0.208244
0.2000 -0.200126
0.1853 -0.185454
0.1679 -0.168115
0.1499 -0.150052
0.1319 -0.132045
0.1141 -0.114250
0.0963 -0.096498
0.0782 -0.078424
0.0593 -0.059492
0.0387 -0.038948
0.0156 -0.014748
-0.0117 0.009741
-0.0458 0.036034
-0.0884 0.065293
-0.1379 0.090535
-0.1892 0.104098
-0.2371 0.107931
-0.2786 0.104903
-0.3132 0.097567
-0.3419 0.088062
-0.3654 0.077836
-0.3847 0.067768
-0.4006 0.058345
-0.4135 0.049801
-0.4239 0.042219
-0.4323 0.035595
-0.4387 0.029872
-0.4436 0.024972
-0.4470 0.020806
-0.4491 0.017283
-0.4500 0.014319
-0.4498 0.011835
-0.4487 0.009761
-0.4466 0.008033
-0.4437 0.006599
-0.4400 0.005411
-0.4357 0.004430
-0.4306 0.003620
-0.4249 0.002954
-0.4187 0.002406
-0.4120 0.001958
-0.4048 0.001590
-0.3971 0.001290
-0.3891 0.001045
-0.3808 0.000846
-0.3722 0.000683
-0.3633 0.000552
-0.3543 0.000445
-0.3451 0.000358
-0.3358 0.000288
-0.3263 0.000232
-0.3168 0.000186
-0.3073 0.000149
-0.2977 0.000119
-0.2881 0.000096
-0.2784 0.000076
-0.2687 0.000061
-0.2590 0.000049
-0.2491 0.000039
-0.2391 0.000031
-0.2289 0.000024
-0.2185 0.000019
-0.2076 0.000015
-0.1961 0.000012
-0.1839 0.000009
-0.1705 0.000007
-0.1555 0.000005
-0.1380 0.000004
-0.1168 0.000003
-0.0895 0.000002
-0.0484 0.024483
0.0129 -0.006103
0.0895 -0.044349
0.1579 -0.118062
0.1953 -0.195135
0.2013 -0.201310
0.1946 -0.194724
0.1813 -0.181404
0.1649 -0.165091
0.1476 -0.147750
0.1301 -0.130230
0.1126 -0.112756
0.0950 -0.095208
0.0771 -0.077255
0.0582 -0.058376
0.0376 -0.037826
0.0144 -0.013793
-0.0131 0.011092
-0.0474 0.037732
-0.0901 0.065737
-0.1399 0.089936
-0.1915 0.101919
-0.2395 0.105471
-0.2809 0.102347
-0.3155 0.095064
-0.3439 0.085707
-0.3673 0.075682
-0.3864 0.065837
-0.4020 0.056638
-0.4146 0.048309
-0.4248 0.040926
-0.4329 0.034481
-0.4391 0.028918
-0.4436 0.024159
-0.4467 0.020115
-0.4485 0.016698
-0.4491 0.013825
-0.4486 0.011419
-0.4472 0.009411
-0.4448 0.007740
-0.4416 0.006353
-0.4376 0.005206
-0.4329 0.004258
-0.4276 0.003477
-0.4217 0.002835
-0.4152 0.002308
-0.4082 0.001876
-0.4008 0.001523
-0.3930 0.001235
-0.3849 0.001000
-0.3765 0.000809
-0.3678 0.000653
-0.3590 0.000527
-0.3501 0.000425
-0.3410 0.000342
-0.3318 0.000275
-0.3226 0.000221
-0.3134 0.000178
-0.3041 0.000143
-0.2949 0.000114
-0.2856 0.000092
-0.2763 0.000073
-0.2669 0.000059
-0.2575 0.000047
-0.2480 0.000037
-0.2384 0.000030
-0.2286 0.000023
-0.2185 0.000019
-0.2080 0.000015
-0.1970 0.000011
-0.1852 0.000009
-0.1724 0.000007
-0.1580 0.000005
-0.1412 0.000004
-0.1208 0.000003
-0.0943 0.000002
-0.0561 0.014152
0.0036 -0.001448
0.0825 -0.040832
0.1580 -0.078674
0.1979 -0.197673
0.2064 -0.206421
0.2002 -0.200288
0.1862 -0.186362
0.1689 -0.169115
0.1507 -0.150866
0.1324 -0.132590
0.1143 -0.114526
0.0963 -0.096529
0.0780 -0.078231
0.0589 -0.059082
0.0381 -0.038307
0.0146 -0.014425
-0.0131 0.011442
-0.0475 0.038874
-0.0902 0.068203
-0.1397 0.090853
-0.1914 0.102999
-0.2394 0.106610
-0.2809 0.103468
-0.3155 0.096120
-0.3440 0.086676
-0.3674 0.076555
-0.3866 0.066614
-0.4023 0.057323
-0.4151 0.048908
-0.4255 0.041449
-0.4337 0.034935
-0.4401 0.029312
-0.4449 0.024499
-0.4482 0.020408
-0.4502 0.016950
-0.4511 0.014042
-0.4509 0.011605
-0.4497 0.009570
-0.4476 0.007876
-0.4446 0.006469
-0.4409 0.005304
-0.4365 0.004341
-0.4314 0.003548
-0.4257 0.002894
-0.4194 0.002358
-0.4125 0.001918
-0.4052 0.001557
-0.3975 0.001263
-0.3894 0.001023
-0.3810 0.000828
-0.3722 0.000669
-0.3633 0.000540
-0.3541 0.000435
-0.3448 0.000350
-0.3354 0.000282
-0.3258 0.000226
-0.3162 0.000181
-0.3066 0.000145
-0.2969 0.000116
-0.2872 0.000093
-0.2775 0.000074
-0.2677 0.000059
-0.2578 0.000047
-0.2479 0.000038
-0.2378 0.000030
-0.2275 0.000024
-0.2169 0.000019
-0.2059 0.000015
-0.1943 0.000011
-0.1818 0.000009
-0.1681 0.000007
-0.1525 0.000005
-0.1342 0.000004
-0.1113 0.000003
-0.0806 0.000002
-0.0338 0.017186
0.0362 -0.017695
0.1181 -0.058636
0.1794 -0.134226
0.2034 -0.203250
0.2052 -0.205282
0.1953 -0.195447
0.1797 -0.179863
0.1619 -0.162072
0.1436 -0.143779
0.1254 -0.125614
0.1075 -0.107637
0.0894 -0.089608
0.0709 -0.071089
0.0513 -0.051457
0.0296 -0.029830
0.0048 -0.004727
-0.0251 0.021367
-0.0626 0.049662
-0.1084 0.076357
-0.1600 0.093597
-0.2114 0.102332
-0.2575 0.103127
-0.2966 0.098241
-0.3288 0.090095
-0.3553 0.080504
-0.3769 0.070627
-0.3946 0.061141
-0.4090 0.052400
-0.4207 0.044560
-0.4299 0.037658
-0.4372 0.031663
-0.4427 0.026510
-0.4466 0.022114
-0.4492 0.018389
-0.4505 0.015249
-0.4507 0.012613
-0.4498 0.010409
-0.4480 0.008573
-0.4454 0.007046
-0.4419 0.005780
-0.4377 0.004734
-0.4328 0.003870
-0.4273 0.003159
-0.4212 0.002575
-0.4145 0.002095
-0.4074 0.001703
-0.3998 0.001382
-0.3919 0.001120
-0.3836 0.000906
-0.3750 0.000732
-0.3661 0.000591
-0.3571 0.000477
-0.3478 0.000384
-0.3385 0.000309
-0.3290 0.000248
-0.3195 0.000199
-0.3099 0.000160
-0.3003 0.000128
-0.2907 0.000103
-0.2810 0.000082
-0.2713 0.000065
-0.2615 0.000052
-0.2517 0.000041
-0.2417 0.000033
-0.2316 0.000026
-0.2212 0.000021
-0.2104 0.000016
-0.1991 0.000013
-0.1871 0.000010
-0.1741 0.000008
-0.1595 0.000006
-0.1426 0.000004
-0.1221 0.000003
-0.0955 0.000002
-0.0577 0.014556
0.0026 -0.000930
0.0818 -0.040501
0.1549 -0.115741
0.1952 -0.194977
0.2053 -0.205261
0.2000 -0.200055
0.1865 -0.186653
0.1695 -0.169692
0.1514 -0.151602
0.1332 -0.133423
0.1153 -0.115431
0.0973 -0.097505
0.0791 -0.079295
0.0601 -0.060265
0.0394 -0.039663
0.0162 -0.015972
-0.0111 0.009640
-0.0450 0.036699
-0.0874 0.063726
-0.1374 0.085639
-0.1900 0.098033
-0.2391 0.102077
-0.2814 0.099408
-0.3167 0.092520
-0.3456 0.083506
-0.3692 0.073782
-0.3885 0.064202
-0.4043 0.055237
-0.4170 0.047113
-0.4272 0.039912
-0.4353 0.033625
-0.4415 0.028199
-0.4461 0.023558
-0.4492 0.019615
-0.4511 0.016285
-0.4518 0.013485
-0.4514 0.011141
-0.4501 0.009185
-0.4479 0.007557
-0.4449 0.006207
-0.4411 0.005089
-0.4367 0.004165
-0.4317 0.003404
-0.4260 0.002778
-0.4198 0.002263
-0.4131 0.001841
-0.4060 0.001496
-0.3984 0.001214
-0.3905 0.000984
-0.3822 0.000796
-0.3737 0.000644
-0.3649 0.000520
-0.3559 0.000419
-0.3467 0.000338
-0.3375 0.000272
-0.3280 0.000218
-0.3186 0.000175
-0.3090 0.000141
-0.2994 0.000113
-0.2898 0.000090
-0.2801 0.000072
-0.2704 0.000057
-0.2606 0.000046
-0.2507 0.000036
-0.2407 0.000029
-0.2305 0.000023
-0.2201 0.000018
-0.2092 0.000014
-0.1978 0.000011
-0.1856 0.000009
-0.1723 0.000007
-0.1573 0.000005
-0.1399 0.000004
-0.1185 0.000003
-0.0906 0.000002
-0.0494 0.012475
0.0143 -0.006789
0.0954 -0.047289
0.1634 -0.122143
0.1974 -0.197265
0.2051 -0.205067
0.1984 -0.198475
0.1843 -0.184441
0.1671 -0.167267
0.1490 -0.149156
0.1308 -0.131018
0.1129 -0.113065
0.0950 -0.095139
0.0767 -0.076865
0.0575 -0.057686
0.0366 -0.036814
0.0129 -0.012744
-0.0151 0.013113
-0.0500 0.040434
-0.0936 0.066773
-0.1444 0.086502
-0.1971 0.097738
-0.2457 0.100780
-0.2872 0.097474
-0.3217 0.090291
-0.3499 0.081224
-0.3730 0.071592
-0.3918 0.062182
-0.4070 0.053423
-0.4194 0.045515
-0.4293 0.038521
-0.4370 0.032428
-0.4430 0.027177
-0.4473 0.022691
-0.4502 0.018883
-0.4518 0.015670
-0.4523 0.012970
-0.4518 0.010711
-0.4502 0.008826
-0.4479 0.007259
-0.4447 0.005959
-0.4408 0.004884
-0.4362 0.003996
-0.4310 0.003265
-0.4253 0.002663
-0.4190 0.002170
-0.4124 0.001766
-0.4053 0.001435
-0.3979 0.001165
-0.3902 0.000944
-0.3822 0.000765
-0.3739 0.000619
-0.3655 0.000500
-0.3569 0.000404
-0.3481 0.000326
-0.3391 0.000262
-0.3301 0.000211
-0.3210 0.000170
-0.3118 0.000136
-0.3025 0.000109
-0.2932 0.000088
-0.2838 0.000070
-0.2744 0.000056
-0.2648 0.000045
-0.2552 0.000036
-0.2455 0.000028
-0.2355 0.000022
-0.2254 0.000018
-0.2148 0.000014
-0.2039 0.000011
-0.1922 0.000009
-0.1796 0.000007
-0.1657 0.000005
-0.1499 0.000004
-0.1310 0.000003
-0.1072 0.000002
-0.0748 0.000001
-0.0258 0.006602
0.0465 -0.022868
0.1246 -0.092912
0.1792 -0.178853
0.2020 -0.201885
0.2045 -0.204500
0.1947 -0.194883
0.1791 -0.179265
0.1612 -0.161334
0.1427 -0.142879
0.1244 -0.124559
0.1063 -0.106434
0.0881 -0.088250
0.0694 -0.069552
0.0495 -0.049686
0.0275 -0.027734
0.0022 -0.002368
-0.0283 0.025034
-0.0666 0.051767
-0.1136 0.074850
-0.1665 0.090777
-0.2184 0.098558
-0.2644 0.098746
-0.3032 0.093648
-0.3351 0.085593
-0.3611 0.076281
-0.3823 0.066784
-0.3995 0.057716
-0.4135 0.049395
-0.4248 0.041954
-0.4337 0.035419
-0.4406 0.029754
-0.4458 0.024892
-0.4495 0.020751
-0.4518 0.017246
-0.4529 0.014293
-0.4528 0.011817
-0.4518 0.009748
-0.4498 0.008025
-0.4470 0.006593
-0.4433 0.005407
-0.4390 0.004427
-0.4339 0.003618
-0.4282 0.002952
-0.4219 0.002405
-0.4151 0.001956
-0.4078 0.001589
-0.4001 0.001289
-0.3920 0.001044
-0.3836 0.000845
-0.3748 0.000683
-0.3659 0.000551
-0.3568 0.000444
-0.3475 0.000358
-0.3381 0.000288
-0.3286 0.000231
-0.3191 0.000186
-0.3095 0.000149
-0.2999 0.000119
-0.2904 0.000095
-0.2808 0.000076
-0.2712 0.000061
-0.2615 0.000049
-0.2518 0.000039
-0.2419 0.000031
-0.2319 0.000024
-0.2217 0.000019
-0.2111 0.000015
-0.1999 0.000012
-0.1881 0.000009
-0.1753 0.000007
-0.1610 0.000005
-0.1445 0.000004
-0.1246 0.000003
-0.0990 0.000002
-0.0628 0.015818
-0.0063 0.001756
0.0710 -0.035097
0.1463 -0.109259
0.1898 -0.189509
0.2035 -0.203506
0.2006 -0.200665
0.1884 -0.188518
0.1719 -0.172116
0.1540 -0.154221
0.1359 -0.136082
0.1179 -0.118088
0.1000 -0.100179
0.0819 -0.082042
0.0630 -0.063174
0.0426 -0.042859
0.0199 -0.019668
-0.0067 0.005961
-0.0394 0.033251
-0.0803 0.060519
-0.1293 0.082337
-0.1821 0.095987
-0.2321 0.101274
-0.2757 0.099515
-0.3121 0.093176
-0.3420 0.084441
-0.3665 0.074821
-0.3864 0.065241
-0.4027 0.056219
-0.4159 0.048010
-0.4265 0.040713
-0.4350 0.034329
-0.4415 0.028812
-0.4464 0.024086
-0.4498 0.020068
-0.4519 0.016671
-0.4529 0.013814
-0.4528 0.011419
-0.4517 0.009419
-0.4498 0.007754
-0.4470 0.006372
-0.4434 0.005226
-0.4392 0.004280
-0.4343 0.003499
-0.4288 0.002856
-0.4227 0.002328
-0.4161 0.001895
-0.4090 0.001540
-0.4015 0.001250
-0.3936 0.001013
-0.3854 0.000820
-0.3769 0.000663
-0.3681 0.000536
-0.3592 0.000432
-0.3501 0.000348
-0.3409 0.000280
-0.3316 0.000226
-0.3223 0.000181
-0.3129 0.000145
-0.3035 0.000117
-0.2941 0.000093
-0.2846 0.000075
-0.2752 0.000060
-0.2657 0.000048
-0.2561 0.000038
-0.2464 0.000030
-0.2366 0.000024
-0.2265 0.000019
-0.2162 0.000015
-0.2054 0.000012
-0.1940 0.000009
-0.1817 0.000007
-0.1682 0.000005
-0.1529 0.000004
-0.1349 0.000003
-0.1124 0.000002
-0.0824 0.000001
-0.0350 0.017786
0.0344 -0.016792
0.1157 -0.057437
0.1815 -0.090484
0.2029 -0.202829
0.2042 -0.204207
0.1942 -0.194321
0.1788 -0.178989
0.1614 -0.161543
0.1434 -0.143580
0.1255 -0.125696
0.1078 -0.107951
0.0899 -0.090120
0.0716 -0.071787
0.0521 -0.052351
0.0307 -0.030557
0.0063 -0.006096
-0.0232 0.019533
-0.0601 0.047381
-0.1053 0.076557
-0.1563 0.094090
-0.2076 0.103407
-0.2539 0.104638
-0.2933 0.099983
-0.3260 0.091898
-0.3528 0.082255
-0.3748 0.072262
-0.3928 0.062627
-0.4075 0.053727
-0.4195 0.045730
-0.4291 0.038679
-0.4367 0.032549
-0.4426 0.027273
-0.4469 0.022770
-0.4498 0.018950
-0.4515 0.015728
-0.4521 0.013021
-0.4517 0.010756
-0.4503 0.008867
-0.4481 0.007296
-0.4452 0.005992
-0.4414 0.004913
-0.4370 0.004022
-0.4320 0.003287
-0.4264 0.002683
-0.4203 0.002186
-0.4136 0.001779
-0.4065 0.001446
-0.3990 0.001173
-0.3912 0.000951
-0.3830 0.000770
-0.3745 0.000622
-0.3658 0.000503
-0.3569 0.000405
-0.3478 0.000327
-0.3386 0.000263
-0.3293 0.000211
-0.3199 0.000170
-0.3105 0.000136
-0.3009 0.000109
-0.2914 0.000087
-0.2818 0.000070
-0.2721 0.000056
-0.2624 0.000045
-0.2526 0.000035
-0.2426 0.000028
-0.2324 0.000022
-0.2220 0.000018
-0.2112 0.000014
-0.1999 0.000011
-0.1878 0.000008
-0.1747 0.000006
-0.1600 0.000005
-0.1430 0.000004
-0.1223 0.000003
-0.0956 0.000002
-0.0560 0.014131
0.0050 -0.002156
0.0846 -0.041901
0.1595 -0.079440
0.1980 -0.197802
0.2057 -0.205721
0.1993 -0.199399
0.1855 -0.185686
0.1686 -0.168807
0.1508 -0.150942
0.1328 -0.133008
0.1151 -0.115237
0.0973 -0.097500
0.0793 -0.079455
0.0604 -0.060581
0.0399 -0.040142
0.0169 -0.016541
-0.0102 0.008714
-0.0437 0.035428
-0.0856 0.064903
-0.1345 0.088247
-0.1863 0.101164
-0.2350 0.105566
-0.2772 0.103024
-0.3125 0.096063
-0.3416 0.086840
-0.3654 0.076830
-0.3850 0.066932
-0.4010 0.057646
-0.4140 0.049214
-0.4245 0.041727
-0.4329 0.035181
-0.4394 0.029525
-0.4442 0.024682
-0.4476 0.020563
-0.4497 0.017081
-0.4505 0.014150
-0.4504 0.011695
-0.4492 0.009645
-0.4471 0.007938
-0.4442 0.006521
-0.4406 0.005347
-0.4362 0.004377
-0.4312 0.003578
-0.4256 0.002920
-0.4195 0.002379
-0.4129 0.001936
-0.4058 0.001574
-0.3984 0.001277
-0.3906 0.001036
-0.3825 0.000838
-0.3741 0.000678
-0.3655 0.000548
-0.3567 0.000442
-0.3477 0.000356
-0.3386 0.000287
-0.3294 0.000231
-0.3201 0.000185
-0.3107 0.000149
-0.3012 0.000119
-0.2917 0.000095
-0.2822 0.000076
-0.2726 0.000061
-0.2629 0.000049
-0.2532 0.000039
-0.2433 0.000031
-0.2332 0.000024
-0.2229 0.000019
-0.2122 0.000015
-0.2010 0.000012
-0.1890 0.000009
-0.1761 0.000007
-0.1617 0.000005
-0.1451 0.000004
-0.1251 0.000003
-0.0994 0.000002
-0.0621 0.015641
-0.0050 0.002834
0.0723 -0.035748
0.1491 -0.074221
0.1899 -0.189666
0.2023 -0.202307
0.1989 -0.198987
0.1868 -0.186927
0.1707 -0.170856
0.1532 -0.153341
0.1354 -0.135544
0.1177 -0.117834
0.1000 -0.100157
0.0820 -0.082216
0.0633 -0.063529
0.0432 -0.043401
0.0207 -0.020338
-0.0057 0.004879
-0.0380 0.031563
-0.0784 0.060827
-0.1268 0.082369
-0.1792 0.096390
-0.2293 0.102033
-0.2730 0.100512
-0.3096 0.094280
-0.3397 0.085553
-0.3643 0.075878
-0.3844 0.066209
-0.4008 0.057083
-0.4141 0.048767
-0.4248 0.041366
-0.4333 0.034886
-0.4399 0.029281
-0.4447 0.024478
-0.4481 0.020393
-0.4501 0.016938
-0.4509 0.014030
-0.4507 0.011593
-0.4494 0.009558
-0.4472 0.007864
-0.4441 0.006458
-0.4403 0.005294
-0.4357 0.004331
-0.4305 0.003538
-0.4246 0.002886
-0.4182 0.002350
-0.4113 0.001911
-0.4039 0.001551
-0.3961 0.001258
-0.3879 0.001019
-0.3795 0.000824
-0.3708 0.000666
-0.3619 0.000537
-0.3528 0.000433
-0.3437 0.000349
-0.3344 0.000281
-0.3251 0.000226
-0.3157 0.000181
-0.3063 0.000145
-0.2969 0.000116
-0.2874 0.000093
-0.2780 0.000075
-0.2685 0.000059
-0.2589 0.000047
-0.2492 0.000038
-0.2394 0.000030
-0.2294 0.000024
-0.2192 0.000019
-0.2085 0.000015
-0.1975 0.000012
-0.1859 0.000009
-0.1737 0.000007
-0.1608 0.000005
-0.1469 0.000004
-0.1315 0.000003
-0.1137 0.000002
-0.0919 0.000001
-0.0632 0.000001
-0.0209 0.005352
0.0391 -0.009610
0.1100 -0.027331
0.1630 -0.121975
0.1893 -0.141841
0.1979 -0.148416
0.1945 -0.145937
0.1839 -0.138047
0.1695 -0.127273
0.1533 -0.115126
0.1363 -0.102385
0.1190 -0.089354
0.1012 -0.076036
0.0828 -0.062222
0.0631 -0.047508
0.0414 -0.031242
0.0163 -0.012235
-0.0143 0.009761
-0.0532 0.035037
-0.1023 0.057534
-0.1594 0.074205
-0.2164 0.083406
-0.2669 0.085121
-0.3089 0.081474
-0.3428 0.074779
-0.3699 0.066739
-0.3916 0.058421
-0.4088 0.050436
-0.4224 0.043098
-0.4331 0.036538
-0.4414 0.030785
-0.4475 0.025808
-0.4518 0.021545
-0.4546 0.017923
-0.4559 0.014863
-0.4560 0.012292
-0.4550 0.010141
-0.4530 0.008348
-0.4501 0.006858
-0.4464 0.005623
-0.4419 0.004603
-0.4368 0.003762
-0.4311 0.003070
-0.4249 0.002502
-0.4182 0.002036
-0.4112 0.001655
-0.4039 0.001344
-0.3963 0.001090
-0.3884 0.000884
-0.3804 0.000716
-0.3722 0.000579
-0.3639 0.000468
-0.3554 0.000378
-0.3469 0.000305
-0.3383 0.000246
-0.3295 0.000198
-0.3208 0.000159
-0.3119 0.000128
-0.3030 0.000103
-0.2941 0.000083
-0.2851 0.000066
-0.2760 0.000053
-0.2669 0.000042
-0.2577 0.000034
-0.2483 0.000027
-0.2392 0.000021
-0.2312 0.000017
-0.2252 0.000014
-0.2218 0.000011
-0.2132 0.053342
-0.2043 0.051094
-0.1977 0.049438
-0.1931 0.048299
-0.1905 0.047626
-0.1896 0.047398
-0.1904 0.047603
-0.1929 0.048213
-0.1968 0.049184
-0.2018 0.050449
-0.2078 0.051938
-0.2144 0.053576
-0.2212 0.055293
-0.2282 0.057028
-0.2350 0.058727
-0.2415 0.060349
-0.2475 0.061865
-0.2531 0.061829
-0.2594 0.052402
-0.2671 0.044599
-0.2755 0.038043
-0.2845 0.032473
-0.2935 0.027708
-0.3026 0.023613
-0.3113 0.020089
-0.3197 0.017055
-0.3275 0.014446
-0.3347 0.012208
-0.3413 0.010292
-0.3472 0.008657
-0.3524 0.007265
