-0.4737 0.039912
-0.4771 0.033243
-0.4712 0.027148
-0.4573 0.021789
-0.4374 0.017232
-0.4131 0.013459
-0.3861 0.010401
-0.3575 0.007963
-0.3280 0.006042
-0.2982 0.004542
-0.2681 0.003376
-0.2374 0.002473
-0.2057 0.001772
-0.1715 0.001222
-0.1289 0.065118
-0.0658 0.033419
0.0193 -0.009202
0.1212 -0.120389
0.1959 -0.195444
0.2318 -0.347534
0.2369 -0.355363
0.2351 -0.352733
0.2213 -0.443118
0.2026 -0.405472
0.1896 -0.379336
0.1793 -0.358772
0.1705 -0.341070
0.1624 -0.325002
0.1549 -0.310022
0.1479 -0.295886
0.1412 -0.282475
0.1348 -0.269724
0.1287 -0.257581
0.1229 -0.245999
0.1174 -0.234931
0.1121 -0.224333
0.1070 -0.214157
0.1021 -0.204357
0.0974 -0.194880
0.0928 -0.183849
0.0893 -0.169402
0.0865 -0.158169
0.0840 -0.148750
0.0814 -0.140323
0.0785 -0.132373
0.0753 -0.124547
0.0716 -0.116580
0.0674 -0.108250
0.0626 -0.099343
0.0570 -0.089631
0.0505 -0.078854
0.0430 -0.066693
0.0341 -0.052748
0.0239 -0.034880
0.0118 -0.016353
-0.0032 0.003951
-0.0216 0.026837
-0.0434 0.046677
-0.0690 0.061432
-0.0975 0.071802
-0.1269 0.077322
-0.1548 0.078017
-0.1791 0.074671
-0.1988 0.068554
-0.2137 0.060954
-0.2242 0.052888
-0.2309 0.045035
-0.2343 0.037791
-0.2351 0.031351
-0.2337 0.025777
-0.2308 0.021049
-0.2268 0.017100
-0.2220 0.013840
-0.2168 0.011173
-0.2113 0.009004
-0.1961 0.103818
-0.1720 0.090229
-0.1487 0.077384
-0.1243 0.064292
-0.0963 0.049586
-0.0604 0.031092
-0.0105 0.005669
0.0570 -0.028577
0.1296 -0.065299
0.1842 -0.184412
0.1999 -0.300007
0.1944 -0.291667
0.1879 -0.281974
0.1811 -0.271706
0.1721 -0.344666
0.1539 -0.308100
0.1419 -0.283938
0.1330 -0.266076
0.1257 -0.251522
0.1193 -0.238791
0.1135 -0.227153
0.1081 -0.216248
0.1029 -0.205893
0.0979 -0.195979
0.0932 -0.186428
0.0885 -0.177174
0.0840 -0.168159
0.0796 -0.159323
0.0753 -0.150607
0.0709 -0.141948
0.0666 -0.133274
0.0624 -0.121520
0.0589 -0.110054
0.0555 -0.100284
0.0521 -0.091303
0.0482 -0.082495
0.0439 -0.073415
0.0388 -0.063747
0.0331 -0.051198
0.0271 -0.039327
0.0204 -0.028144
0.0133 -0.017545
0.0062 -0.007886
-0.0004 0.000369
-0.0059 0.006884
-0.0101 0.010831
-0.0130 0.012603
-0.0143 0.012715
-0.0142 0.010435
-0.0126 0.007659
-0.0087 0.008418
-0.0029 0.002579
0.0044 -0.003537
0.0129 -0.009695
0.0219 -0.015611
0.0310 -0.020961
0.0394 -0.025437
0.0465 -0.028827
0.0518 -0.031068
0.0553 -0.032236
0.0572 -0.032501
0.0576 -0.032060
0.0569 -0.031097
0.0552 -0.029751
0.0528 -0.028103
0.0497 -0.026170
0.0458 -0.023901
0.0408 -0.021189
0.0346 -0.017867
0.0267 -0.013715
0.0165 -0.008456
0.0033 -0.001740
-0.0138 0.006888
-0.0358 0.017998
-0.0639 0.032107
-0.0987 0.041260
-0.1391 0.048118
-0.1809 0.051779
-0.2195 0.051977
-0.2521 0.049390
-0.2780 0.045049
-0.2975 0.039867
-0.3111 0.034474
-0.3190 0.029235
-0.2943 0.169516
-0.2700 0.152023
-0.2273 0.239408
-0.1853 0.193627
-0.1449 0.150401
-0.1018 0.105256
-0.0511 0.052877
0.0127 -0.012192
0.0850 -0.085632
0.1460 -0.147449
0.1845 -0.186272
0.2037 -0.205483
0.2103 -0.211847
0.2035 -0.306778
0.1737 -0.347781
0.1546 -0.309415
0.1417 -0.283603
0.1321 -0.264277
0.1242 -0.248510
0.1174 -0.234849
0.1112 -0.222555
0.1056 -0.211229
0.1003 -0.200636
0.0953 -0.190613
0.0905 -0.181034
0.0858 -0.171785
0.0813 -0.162769
0.0769 -0.153906
0.0725 -0.145136
0.0683 -0.133658
0.0649 -0.121841
0.0619 -0.112194
0.0590 -0.103772
0.0560 -0.095977
0.0527 -0.088403
0.0490 -0.080752
0.0449 -0.072781
0.0401 -0.064280
0.0347 -0.055037
0.0288 -0.042757
0.0222 -0.031166
0.0145 -0.019438
0.0053 -0.006525
-0.0061 0.006522
-0.0209 0.020380
-0.0402 0.036008
-0.0658 0.050062
-0.0994 0.062571
-0.1405 0.073136
-0.1854 0.079865
-0.2298 0.081883
-0.2703 0.079660
-0.3045 0.074230
-0.3311 0.066755
-0.3498 0.058326
-0.3611 0.049801
-0.3661 0.041756
-0.3660 0.034512
-0.3617 0.028203
-0.3542 0.022839
-0.3443 0.018358
-0.3326 0.014664
-0.3195 0.011647
-0.3053 0.009201
-0.2900 0.007228
-0.2739 0.005644
-0.2569 0.004377
-0.2393 0.003371
-0.2209 0.002574
-0.2018 0.001944
-0.1814 0.001445
-0.1587 0.001046
-0.1314 0.000716
-0.0929 0.047093
-0.0315 0.016231
0.0527 -0.051815
0.1367 -0.136058
0.1956 -0.195236
0.2278 -0.227682
0.2418 -0.241864
0.2348 -0.352507
0.2193 -0.329127
0.1952 -0.390813
0.1767 -0.353779
0.1641 -0.328458
0.1544 -0.309002
0.1463 -0.292671
0.1390 -0.278153
0.1323 -0.264807
0.1261 -0.252316
0.1202 -0.240516
0.1146 -0.229314
0.1093 -0.218648
0.1042 -0.208465
0.0993 -0.198721
0.0946 -0.189370
0.0901 -0.180372
0.0858 -0.171683
0.0818 -0.159783
0.0788 -0.147769
0.0764 -0.138303
0.0742 -0.130316
0.0719 -0.123156
0.0695 -0.116399
0.0667 -0.109751
0.0636 -0.102990
0.0600 -0.095931
0.0558 -0.088401
0.0511 -0.080223
0.0457 -0.071199
0.0394 -0.061095
0.0322 -0.049693
0.0241 -0.037049
0.0155 -0.022598
0.0069 -0.009546
-0.0017 0.002102
-0.0101 0.012565
-0.0184 0.020877
-0.0269 0.025960
-0.0362 0.028929
-0.0467 0.030866
-0.0587 0.032061
-0.0724 0.032677
-0.0878 0.032798
-0.1051 0.032449
-0.1239 0.031623
-0.1435 0.030302
-0.1633 0.028510
-0.1823 0.026329
-0.2001 0.023889
-0.2161 0.021336
-0.2302 0.018800
-0.2426 0.016380
-0.2534 0.014144
-0.2627 0.012125
-0.2708 0.010336
-0.2779 0.008771
-0.2841 0.007413
-0.2891 0.006239
-0.2705 0.139391
-0.2517 0.129006
-0.2350 0.119945
-0.2190 0.111437
-0.2023 0.102664
-0.1832 0.092759
-0.1601 0.080946
-0.1315 0.066441
-0.0949 0.047991
-0.0454 0.023110
0.0242 -0.011765
0.1072 -0.106612
0.1676 -0.167198
0.2026 -0.202464
0.2186 -0.218567
0.2231 -0.223130
0.2166 -0.325170
0.1978 -0.296985
0.1845 -0.276946
0.1740 -0.261186
0.1618 -0.324078
0.1436 -0.287493
0.1313 -0.262882
0.1222 -0.244595
0.1149 -0.229854
0.1085 -0.217216
0.1029 -0.205897
0.0977 -0.195453
0.0928 -0.185620
0.0881 -0.176229
0.0835 -0.167155
0.0791 -0.158298
0.0747 -0.149569
0.0704 -0.140875
0.0660 -0.132119
0.0616 -0.123195
0.0569 -0.113982
0.0521 -0.104358
0.0471 -0.092900
0.0423 -0.079926
0.0374 -0.068231
0.0322 -0.056980
0.0265 -0.045603
0.0200 -0.033295
0.0127 -0.019842
0.0045 -0.006648
-0.0053 0.007072
-0.0169 0.021800
-0.0313 0.035356
-0.0499 0.046673
-0.0744 0.057520
-0.1055 0.067485
-0.1423 0.075332
-0.1819 0.079657
-0.2207 0.079940
-0.2562 0.076775
-0.2876 0.071279
-0.3148 0.064516
-0.3379 0.057272
-0.3570 0.050034
-0.3715 0.043052
-0.3803 0.036450
-0.3830 0.030353
-0.3796 0.024878
-0.3710 0.020104
-0.3582 0.016049
-0.3423 0.012683
-0.3244 0.009938
-0.3052 0.007731
-0.2852 0.005975
-0.2649 0.004589
-0.2444 0.003500
-0.2237 0.002650
-0.2018 0.102763
-0.1614 0.081973
-0.1199 0.060860
-0.0722 0.036681
-0.0096 0.005215
0.0729 -0.036243
0.1476 -0.147195
0.1969 -0.196745
0.2238 -0.223806
0.2262 -0.339537
0.2160 -0.324135
0.2068 -0.310412
0.1853 -0.371035
0.1698 -0.339905
0.1587 -0.317559
0.1497 -0.299627
0.1420 -0.284065
0.1349 -0.269908
0.1283 -0.256696
0.1220 -0.244200
0.1161 -0.232291
0.1104 -0.220885
0.1049 -0.209914
0.0996 -0.199317
0.0945 -0.189046
0.0895 -0.179060
0.0846 -0.169327
0.0799 -0.159817
0.0754 -0.147295
0.0718 -0.134734
0.0688 -0.124594
0.0659 -0.115840
0.0630 -0.107821
0.0597 -0.100100
0.0561 -0.092374
0.0521 -0.084429
0.0476 -0.076112
0.0425 -0.067313
0.0369 -0.057935
0.0307 -0.047885
0.0239 -0.037042
0.0164 -0.024729
0.0081 -0.011607
-0.0013 0.001594
-0.0123 0.015700
-0.0257 0.030073
-0.0425 0.043577
-0.0646 0.054730
-0.0931 0.065314
-0.1280 0.074274
-0.1664 0.079878
-0.2038 0.080912
-0.2363 0.077614
-0.2622 0.071244
-0.2815 0.063239
-0.2946 0.054741
-0.3026 0.046499
-0.3064 0.038938
-0.3069 0.032248
-0.3048 0.026477
-0.3005 0.021588
-0.2947 0.017502
-0.2876 0.014125
-0.2798 0.011361
-0.2716 0.009119
-0.2635 0.007315
-0.2559 0.005873
-0.2488 0.004722
-0.2425 0.003804
-0.2366 0.003069
-0.2305 0.002473
-0.2232 0.001980
-0.2059 0.104370
-0.1735 0.087797
-0.1378 0.069669
-0.0948 0.047980
-0.0375 0.019183
0.0429 -0.021112
0.1282 -0.127570
0.1890 -0.188673
0.2227 -0.222639
0.2372 -0.237304
0.2255 -0.338447
0.2119 -0.318090
0.2005 -0.300848
0.1799 -0.360250
0.1625 -0.325211
0.1502 -0.300618
0.1406 -0.281462
0.1326 -0.265322
0.1254 -0.250993
0.1189 -0.237861
0.1127 -0.225587
0.1069 -0.213963
0.1014 -0.202849
0.0960 -0.192151
0.0909 -0.181807
0.0858 -0.171767
0.0809 -0.161972
0.0761 -0.152350
0.0715 -0.140501
0.0676 -0.127403
0.0641 -0.116614
0.0607 -0.107023
0.0570 -0.097913
0.0528 -0.088775
0.0480 -0.079215
0.0424 -0.068904
0.0359 -0.057652
0.0287 -0.044608
0.0214 -0.031163
0.0139 -0.019228
0.0064 -0.008449
-0.0013 0.001489
-0.0092 0.010223
-0.0180 0.017089
-0.0287 0.022559
-0.0426 0.027666
-0.0610 0.032803
-0.0855 0.038016
-0.1167 0.042889
-0.1532 0.046584
-0.1920 0.048300
-0.2299 0.047825
-0.2647 0.045553
-0.2960 0.042122
-0.3239 0.038118
-0.3491 0.033969
-0.3721 0.029941
-0.3933 0.026170
-0.4127 0.022707
-0.4299 0.019556
-0.4442 0.016710
-0.4553 0.014162
-0.4629 0.011906
-0.4671 0.009933
-0.4681 0.008230
-0.4663 0.006779
-0.4621 0.005555
-0.4559 0.004531
-0.4480 0.003682
-0.4385 0.002980
-0.4277 0.002403
-0.4157 0.001931
-0.4025 0.001546
-0.3883 0.001233
-0.3727 0.000979
-0.3553 0.000772
-0.3072 0.154142
-0.2608 0.130830
-0.2165 0.108619
-0.1708 0.085755
-0.1182 0.059435
-0.0480 0.024449
0.0547 -0.026764
0.1641 -0.163248
0.2235 -0.334716
0.2475 -0.371109
0.2457 -0.491727
0.2292 -0.458658
0.2157 -0.431575
0.2038 -0.407881
0.1931 -0.386327
0.1831 -0.366310
0.1737 -0.347531
0.1648 -0.329819
0.1564 -0.313063
0.1485 -0.297176
0.1410 -0.282081
0.1338 -0.267710
0.1269 -0.253998
0.1204 -0.240883
0.1141 -0.228306
0.1080 -0.216208
0.1022 -0.204531
0.0966 -0.193212
0.0910 -0.182186
0.0856 -0.170743
0.0811 -0.154659
0.0772 -0.141878
0.0736 -0.130938
0.0699 -0.120955
0.0658 -0.111349
0.0613 -0.101701
0.0562 -0.091667
0.0503 -0.080931
0.0435 -0.069165
0.0357 -0.054150
0.0269 -0.038532
0.0167 -0.022740
0.0044 -0.005891
-0.0105 0.012776
-0.0286 0.032406
-0.0510 0.050842
-0.0791 0.065302
-0.1131 0.077260
-0.1504 0.084958
-0.1863 0.087074
-0.2171 0.083970
-0.2414 0.077216
-0.2591 0.068548
-0.2711 0.059310
-0.2784 0.050356
-0.2818 0.042155
-0.2822 0.034910
-0.2803 0.028667
-0.2765 0.023381
-0.2712 0.018964
-0.2648 0.015309
-0.2575 0.012311
-0.2497 0.009869
-0.2415 0.007892
-0.2264 0.118633
-0.1974 0.102609
-0.1700 0.087861
-0.1425 0.073252
-0.1121 0.057427
-0.0748 0.038286
-0.0240 0.012493
0.0463 -0.023027
0.1255 -0.063008
0.1830 -0.183088
0.2083 -0.208500
0.2140 -0.321173
0.2011 -0.301846
0.1901 -0.285368
0.1691 -0.338593
0.1531 -0.306492
0.1417 -0.283596
0.1327 -0.265534
0.1250 -0.250139
0.1181 -0.236318
0.1117 -0.223515
0.1057 -0.211447
0.0999 -0.199963
0.0944 -0.188973
0.0892 -0.178417
0.0841 -0.168245
0.0792 -0.158408
0.0744 -0.148855
0.0697 -0.139531
0.0651 -0.130372
0.0607 -0.119339
0.0569 -0.107345
0.0536 -0.097433
0.0502 -0.088632
0.0467 -0.080299
0.0428 -0.071404
0.0389 -0.060311
0.0347 -0.050591
0.0301 -0.041527
0.0248 -0.032648
0.0187 -0.023643
0.0119 -0.014457
0.0044 -0.005303
-0.0032 0.003526
-0.0106 0.011790
-0.0177 0.018743
-0.0247 0.021826
-0.0321 0.023506
-0.0404 0.024412
-0.0497 0.024862
-0.0606 0.025055
-0.0734 0.025105
-0.0886 0.025054
-0.1064 0.024876
-0.1267 0.024489
-0.1488 0.023783
-0.1716 0.022681
-0.1832 0.110258
-0.1867 0.109063
-0.1892 0.107798
-0.1909 0.106469
-0.1919 0.105075
-0.1921 0.103612
-0.1916 0.102066
-0.1905 0.100402
-0.1887 0.098578
-0.1863 0.096579
-0.1833 0.094444
-0.1799 0.092254
-0.1765 0.090113
-0.1733 0.088133
-0.1704 0.086433
-0.1683 0.085141
-0.1672 0.084394
-0.1674 0.082299
-0.1710 0.069496
-0.1789 0.060125
-0.1909 0.053016
-0.2061 0.047325
-0.2236 0.042455
-0.2422 0.038020
-0.2605 0.033815
-0.2772 0.029761
-0.2911 0.025844
-0.3008 0.022083
-0.2952 0.165613
-0.2682 0.147680
-0.2399 0.130029
-0.2091 0.111860
-0.1745 0.092371
-0.1258 0.129376
-0.0617 0.063606
0.0206 -0.020015
0.1144 -0.114981
0.1877 -0.189120
0.2190 -0.330284
0.2252 -0.339511
0.2229 -0.335821
0.2162 -0.325575
0.2038 -0.408218
0.1820 -0.364274
0.1669 -0.334115
0.1554 -0.311031
0.1458 -0.291821
0.1374 -0.274915
0.1297 -0.259515
0.1225 -0.245195
0.1158 -0.231711
0.1094 -0.218903
0.1033 -0.206659
0.0974 -0.194884
0.0917 -0.183491
0.0863 -0.168844
0.0820 -0.153987
0.0783 -0.141902
0.0748 -0.131411
0.0711 -0.121802
0.0672 -0.112608
0.0629 -0.103493
0.0581 -0.094180
0.0527 -0.084417
0.0467 -0.073947
0.0398 -0.061939
0.0323 -0.047144
0.0238 -0.032871
0.0136 -0.018063
0.0013 -0.001738
-0.0143 0.015800
-0.0345 0.034599
-0.0612 0.050963
-0.0962 0.066368
-0.1384 0.078977
-0.1825 0.086172
-0.2227 0.087024
-0.2559 0.082721
-0.2814 0.075240
-0.2999 0.066311
-0.3124 0.057123
-0.3200 0.048387
-0.3237 0.040467
-0.3241 0.033510
-0.3221 0.027535
-0.3182 0.022491
-0.3130 0.018295
-0.3072 0.014845
-0.3013 0.012037
-0.2957 0.009768
-0.2907 0.007940
-0.2864 0.006468
-0.2828 0.005280
-0.2795 0.004314
-0.2759 0.003521
-0.2710 0.002860
-0.2639 0.002303
-0.2541 0.001834
-0.2412 0.001439
-0.2050 0.103548
-0.1664 0.083988
-0.1242 0.062691
-0.0728 0.036843
-0.0023 0.001555
0.0908 -0.045059
0.1767 -0.176229
0.2198 -0.219636
0.2237 -0.335637
0.2196 -0.329544
0.2126 -0.318952
0.2041 -0.306353
0.1952 -0.292983
0.1858 -0.372226
0.1640 -0.328447
0.1495 -0.299200
0.1386 -0.277400
0.1297 -0.259651
0.1221 -0.244254
0.1151 -0.230324
0.1086 -0.217387
0.1025 -0.205175
0.0967 -0.193523
0.0911 -0.182311
0.0857 -0.171436
0.0804 -0.160806
0.0751 -0.150327
0.0699 -0.139910
0.0647 -0.129466
0.0597 -0.115609
0.0552 -0.102863
0.0510 -0.091734
0.0465 -0.081359
0.0417 -0.071140
0.0363 -0.060610
0.0300 -0.049359
0.0228 -0.036914
0.0145 -0.021985
0.0047 -0.006830
-0.0073 0.009633
-0.0224 0.026718
-0.0421 0.044387
-0.0684 0.059664
-0.1028 0.074192
-0.1444 0.086222
-0.1894 0.093573
-0.2335 0.095405
-0.2739 0.092579
-0.3100 0.086661
-0.3421 0.079085
-0.3708 0.070886
-0.3967 0.062718
-0.4204 0.054952
-0.4419 0.047757
-0.4608 0.041183
-0.4766 0.035222
-0.4886 0.029857
-0.4961 0.025069
-0.4989 0.020845
-0.4969 0.017168
-0.4906 0.014014
-0.4804 0.011349
-0.4672 0.009125
-0.4512 0.007287
-0.4325 0.005776
-0.4115 0.004543
-0.3882 0.003545
-0.3631 0.002742
-0.3366 0.002101
-0.3087 0.001594
-0.2797 0.001194
-0.2492 0.000880
-0.1980 0.099662
-0.1390 0.139876
-0.0598 0.060736
0.0399 -0.058221
0.1393 -0.207620
0.2008 -0.401132
0.2179 -0.435550
0.2205 -0.441013
0.2159 -0.432008
0.2081 -0.416279
0.1988 -0.397766
0.1891 -0.378421
0.1795 -0.359185
0.1702 -0.340493
0.1612 -0.322521
0.1526 -0.305314
0.1443 -0.288849
0.1365 -0.273067
0.1289 -0.257893
0.1215 -0.243241
0.1144 -0.229020
0.1075 -0.215131
0.1007 -0.201470
0.0941 -0.184385
0.0885 -0.166376
0.0833 -0.151211
0.0781 -0.137497
0.0725 -0.124358
0.0662 -0.111173
0.0591 -0.097432
0.0509 -0.082649
0.0413 -0.066297
0.0301 -0.046833
0.0169 -0.024847
0.0009 -0.001428
-0.0196 0.021768
-0.0472 0.043618
-0.0847 0.064819
-0.1324 0.083868
-0.1859 0.097482
-0.2388 0.103650
-0.2871 0.103073
-0.3283 0.097504
-0.3609 0.088630
-0.3839 0.077993
-0.3980 0.066866
-0.4042 0.056152
-0.4038 0.046389
-0.3982 0.037829
-0.3887 0.030534
-0.3764 0.024447
-0.3621 0.019447
-0.3465 0.015387
-0.3301 0.012121
-0.3132 0.009509
-0.2961 0.007432
-0.2787 0.005784
-0.2612 0.004483
-0.2437 0.003459
-0.2262 0.002654
-0.2084 0.002022
-0.1899 0.001523
-0.1593 0.080658
-0.1191 0.060257
-0.0706 0.035818
-0.0042 0.002529
0.0810 -0.080206
0.1575 -0.157002
0.2070 -0.206832
0.2323 -0.232326
0.2249 -0.337577
0.2152 -0.322985
0.2053 -0.308098
0.1863 -0.373010
0.1677 -0.335647
0.1545 -0.309189
0.1441 -0.288416
0.1353 -0.270802
0.1275 -0.255081
0.1202 -0.240594
0.1134 -0.226979
0.1069 -0.214023
0.1007 -0.201580
0.0947 -0.189543
0.0889 -0.177816
0.0831 -0.166311
0.0774 -0.154934
0.0717 -0.143585
0.0660 -0.132152
0.0604 -0.117545
0.0553 -0.103376
0.0503 -0.090776
0.0449 -0.078745
0.0389 -0.066556
0.0320 -0.053608
0.0239 -0.038463
0.0146 -0.022048
0.0035 -0.005099
-0.0101 0.013254
-0.0272 0.031940
-0.0486 0.051570
-0.0748 0.069717
-0.1057 0.081463
-0.1393 0.088818
-0.1723 0.090925
-0.2020 0.088163
-0.2267 0.081842
-0.2461 0.073481
-0.2605 0.064336
-0.2707 0.055273
-0.2773 0.046817
-0.2810 0.039239
-0.2827 0.032638
-0.2829 0.027003
-0.2821 0.022262
-0.2806 0.018314
-0.2789 0.015050
-0.2771 0.012363
-0.2754 0.010159
-0.2739 0.008354
-0.2727 0.006877
-0.2719 0.005668
-0.2714 0.004678
-0.2710 0.003863
-0.2700 0.137815
-0.2444 0.124306
-0.2215 0.112355
-0.1998 0.101153
-0.1780 0.089946
-0.1540 0.077744
-0.1253 0.063197
-0.0877 0.044296
-0.0346 0.017703
0.0417 -0.020475
0.1306 -0.065049
0.2017 -0.100830
0.2254 -0.338193
0.2185 -0.327935
0.2098 -0.314901
0.1939 -0.388274
0.1739 -0.348034
0.1600 -0.320241
0.1493 -0.298860
0.1404 -0.280929
0.1324 -0.264975
0.1251 -0.250263
0.1181 -0.236425
0.1116 -0.223268
0.1053 -0.210686
0.0992 -0.198612
0.0934 -0.187002
0.0879 -0.175821
0.0825 -0.165042
0.0773 -0.154636
0.0722 -0.144578
0.0674 -0.134838
0.0627 -0.123405
0.0589 -0.111139
0.0557 -0.101309
0.0527 -0.092949
0.0497 -0.085441
0.0466 -0.078353
0.0432 -0.071365
0.0395 -0.064223
0.0357 -0.054255
0.0317 -0.045442
0.0275 -0.037374
0.0229 -0.029658
0.0177 -0.022028
0.0118 -0.014267
0.0052 -0.006165
-0.0023 0.002510
-0.0109 0.012019
-0.0209 0.021430
-0.0330 0.030382
-0.0484 0.036848
-0.0684 0.043043
-0.0938 0.048810
-0.1244 0.053549
-0.1584 0.056419
-0.1930 0.056863
-0.2256 0.054974
-0.2547 0.051341
-0.2801 0.046682
-0.3018 0.041596
-0.3201 0.036486
-0.3353 0.031599
-0.3474 0.027071
-0.3565 0.022975
-0.3630 0.019341
