-0.3990 -0.045572
-0.4219 -0.032677
-0.4390 -0.023810
-0.4518 -0.016959
-0.4610 -0.012267
-0.4674 -0.009217
-0.4717 -0.006872
-0.4742 -0.005234
-0.4752 -0.004202
-0.4749 -0.003547
-0.4735 -0.003127
-0.4711 -0.002850
-0.4677 -0.002660
-0.4633 -0.002521
-0.4580 -0.002411
-0.4516 -0.002317
-0.4442 -0.002230
-0.4357 -0.002147
-0.4260 -0.002064
-0.4150 -0.001982
-0.4024 -0.001898
-0.3883 -0.001815
-0.3724 -0.001732
-0.3545 -0.001649
-0.3344 -0.001568
-0.3116 -0.001489
-0.2859 -0.001414
-0.2564 -0.001343
-0.2220 -0.001280
-0.1804 -0.001229
-0.1265 -0.001199
-0.0467 -0.001215
0.0832 -0.001305
0.2206 -0.091128
0.3083 -0.102079
0.3387 -0.210472
0.3199 -0.205683
0.2852 -0.196909
0.2453 -0.186829
0.2057 -0.176854
0.1685 -0.167463
0.1332 -0.158582
0.0984 -0.146157
0.0630 -0.126461
0.0230 -0.108908
-0.0288 -0.091714
-0.1000 -0.070099
-0.1853 -0.046081
-0.2666 -0.028560
-0.3331 -0.017059
-0.3843 -0.009878
-0.4228 -0.005511
-0.4512 -0.002910
-0.4719 -0.001401
-0.4866 -0.000558
-0.4967 -0.000116
-0.5031 0.000089
-0.5067 0.000160
-0.5079 0.000159
-0.5072 0.000121
-0.5049 0.000069
-0.5013 0.000016
-0.4965 -0.000034
-0.4906 -0.000076
-0.4837 -0.000111
-0.4756 -0.000138
-0.4665 -0.000159
-0.4562 -0.000174
-0.4445 -0.000184
-0.4314 -0.000190
-0.4167 -0.000193
-0.4001 -0.000193
-0.3816 -0.000191
-0.3607 -0.000188
-0.3374 -0.000183
-0.3111 -0.000178
-0.2812 -0.000172
-0.2471 -0.000166
-0.2069 -0.000160
-0.1685 -0.082886
-0.1295 -0.138895
-0.0967 -0.201519
-0.0787 -0.210600
-0.0734 -0.213294
-0.0851 -0.207538
-0.1155 -0.192443
-0.1622 -0.169148
-0.2173 -0.141627
-0.2714 -0.114575
-0.3189 -0.090789
-0.3581 -0.071106
-0.3896 -0.055356
-0.4141 -0.041871
-0.4327 -0.030203
-0.4464 -0.022282
-0.4565 -0.016892
-0.4638 -0.012906
-0.4687 -0.009954
-0.4718 -0.007843
-0.4733 -0.006200
-0.4734 -0.005140
-0.4725 -0.004442
-0.4706 -0.003970
-0.4677 -0.003636
-0.4640 -0.003389
-0.4593 -0.003194
-0.4538 -0.003030
-0.4474 -0.002884
-0.4399 -0.002750
-0.4314 -0.002623
-0.4217 -0.002499
-0.4107 -0.002380
-0.3983 -0.002263
-0.3844 -0.002149
-0.3688 -0.002037
-0.3512 -0.001930
-0.3313 -0.001826
-0.3090 -0.001727
-0.2837 -0.001633
-0.2547 -0.001547
-0.2209 -0.001470
-0.1799 -0.001408
-0.1267 -0.001371
-0.0482 -0.001385
0.0789 -0.001481
0.2225 -0.001545
0.3197 -0.001465
0.3632 -0.001289
0.3523 -0.107471
0.3198 -0.103249
0.2813 -0.098295
0.2428 -0.093356
0.2066 -0.088738
0.1733 -0.084491
0.1420 -0.080525
0.1116 -0.076674
0.0801 -0.072703
0.0447 -0.068248
0.0002 -0.061674
-0.0599 -0.045336
-0.1395 -0.031044
-0.2257 -0.019738
-0.3015 -0.011936
-0.3613 -0.006964
-0.4067 -0.003915
-0.4404 -0.002091
-0.4649 -0.001028
-0.4824 -0.000431
-0.4945 -0.000114
-0.5023 0.000037
-0.5067 0.000095
-0.5085 0.000101
-0.5082 0.000081
-0.5061 0.000050
-0.5025 0.000018
-0.4976 -0.000013
-0.4916 -0.000040
-0.4844 -0.000063
-0.4760 -0.000080
-0.4665 -0.000094
-0.4557 -0.000103
-0.4435 -0.000110
-0.4298 -0.000114
-0.4144 -0.000116
-0.3972 -0.000117
-0.3778 -0.000116
-0.3562 -0.000114
-0.3319 -0.000111
-0.3045 -0.000108
-0.2735 -0.000105
-0.2434 -0.032134
-0.2097 -0.036342
-0.1822 -0.079482
-0.1652 -0.125594
-0.1681 -0.166035
-0.1881 -0.156087
-0.2195 -0.140444
-0.2571 -0.121631
-0.2957 -0.102326
-0.3315 -0.084396
-0.3628 -0.068753
-0.3889 -0.055644
-0.4103 -0.044954
-0.4273 -0.036412
-0.4407 -0.029705
-0.4510 -0.023969
-0.4586 -0.019298
-0.4640 -0.015498
-0.4676 -0.012980
-0.4698 -0.010920
-0.4707 -0.009446
-0.4705 -0.008022
-0.4694 -0.006952
-0.4674 -0.006176
-0.4647 -0.005589
-0.4613 -0.005125
-0.4571 -0.004741
-0.4522 -0.004412
-0.4465 -0.004121
-0.4400 -0.003858
-0.4327 -0.003616
-0.4244 -0.003391
-0.4151 -0.003182
-0.4046 -0.002985
-0.3929 -0.002800
-0.3797 -0.002626
-0.3649 -0.002463
-0.3483 -0.002310
-0.3296 -0.002166
-0.3085 -0.002033
-0.2846 -0.001910
-0.2572 -0.001798
-0.2252 -0.001699
-0.1867 -0.001618
-0.1373 -0.001564
-0.0664 -0.001561
0.0491 -0.001649
0.1952 -0.001745
0.3040 -0.001687
0.3583 -0.001505
0.3695 -0.001274
0.3536 -0.001045
0.3240 -0.000842
0.2896 -0.000674
0.2550 -0.000538
0.2223 -0.000430
0.1921 -0.000344
0.1640 -0.000276
0.1372 -0.000221
0.1108 -0.000177
0.0833 -0.000141
0.0526 -0.000112
0.0149 -0.000087
-0.0361 -0.000065
-0.1075 -0.000046
-0.1936 -0.000030
-0.2754 -0.000018
-0.3422 -0.000011
-0.3934 -0.000006
-0.4315 -0.000003
-0.4593 -0.000002
-0.4791 -0.000001
-0.4928 -0.000000
-0.5016 0.000000
-0.5067 0.000000
-0.5088 0.000000
-0.5086 0.000000
-0.5064 0.000000
-0.5026 0.000000
-0.4973 -0.000000
-0.4908 -0.000000
-0.4829 -0.000000
-0.4738 -0.000000
-0.4633 -0.000000
-0.4513 -0.000000
-0.4379 -0.000000
-0.4227 -0.000000
-0.4056 -0.000000
-0.3864 -0.000000
-0.3650 -0.000000
-0.3409 -0.000000
-0.3138 -0.000000
-0.2869 -0.026606
-0.2576 -0.030263
-0.2288 -0.067741
-0.2165 -0.106294
-0.2204 -0.139876
-0.2365 -0.131857
-0.2620 -0.119168
-0.2926 -0.103865
-0.3242 -0.088072
-0.3537 -0.073289
-0.3797 -0.060289
-0.4016 -0.049322
-0.4195 -0.040330
-0.4339 -0.033112
-0.4453 -0.027420
-0.4540 -0.022644
-0.4606 -0.018653
-0.4653 -0.015357
-0.4684 -0.012962
-0.4703 -0.011390
-0.4712 -0.010043
-0.4712 -0.008991
-0.4704 -0.008333
-0.4688 -0.007699
-0.4666 -0.006892
-0.4637 -0.006260
-0.4601 -0.005744
-0.4558 -0.005307
-0.4509 -0.004925
-0.4453 -0.004584
-0.4389 -0.004274
-0.4317 -0.003989
-0.4236 -0.003726
-0.4146 -0.003481
-0.4044 -0.003252
-0.3931 -0.003040
-0.3803 -0.002841
-0.3660 -0.002656
-0.3500 -0.002484
-0.3319 -0.002323
-0.3116 -0.002175
-0.2885 -0.002039
-0.2622 -0.001915
-0.2316 -0.001805
-0.1949 -0.001713
-0.1487 -0.001647
-0.0841 -0.001628
0.0202 -0.001699
0.1676 -0.001822
0.2897 -0.001802
0.3559 -0.001632
0.3747 -0.001393
0.3626 -0.001148
0.3342 -0.000927
0.2994 -0.000742
0.2639 -0.000592
0.2303 -0.000473
0.1993 -0.000378
0.1707 -0.000303
0.1437 -0.000243
0.1173 -0.000194
0.0903 -0.000155
0.0607 -0.000123
0.0253 -0.000096
-0.0216 -0.000073
-0.0876 -0.000053
-0.1716 -0.000035
-0.2559 -0.000022
-0.3268 -0.000013
-0.3817 -0.000007
-0.4229 -0.000004
-0.4531 -0.000002
-0.4748 -0.000001
-0.4899 -0.000000
-0.5000 -0.000000
-0.5060 0.000000
-0.5089 0.000000
-0.5093 0.000000
-0.5076 0.000000
-0.5043 0.000000
-0.4995 -0.000000
-0.4933 -0.000000
-0.4858 -0.000000
-0.4772 -0.000000
-0.4672 -0.000000
-0.4558 -0.000000
-0.4429 -0.000000
-0.4284 -0.000000
-0.4121 -0.000000
-0.3939 -0.000000
-0.3734 -0.000000
-0.3504 -0.000000
-0.3246 -0.000000
-0.2968 -0.025366
-0.2690 -0.028838
-0.2387 -0.065258
-0.2201 -0.104928
-0.2154 -0.142317
-0.2270 -0.136601
-0.2492 -0.125556
-0.2783 -0.110981
-0.3100 -0.095141
-0.3406 -0.079828
-0.3681 -0.066080
-0.3916 -0.054317
-0.4110 -0.044575
-0.4268 -0.036693
-0.4392 -0.030434
-0.4490 -0.025546
-0.4564 -0.021056
-0.4618 -0.017410
-0.4655 -0.014548
-0.4679 -0.012643
-0.4691 -0.011349
-0.4694 -0.010012
-0.4689 -0.009148
-0.4676 -0.008617
-0.4657 -0.007769
-0.4630 -0.006994
-0.4596 -0.006371
-0.4556 -0.005851
-0.4509 -0.005405
-0.4455 -0.005011
-0.4393 -0.004658
-0.4323 -0.004337
-0.4245 -0.004042
-0.4156 -0.003771
-0.4057 -0.003521
-0.3945 -0.003288
-0.3820 -0.003073
-0.3679 -0.002872
-0.3520 -0.002687
-0.3341 -0.002515
-0.3139 -0.002356
-0.2910 -0.002210
-0.2647 -0.002077
-0.2342 -0.001960
-0.1978 -0.001861
-0.1519 -0.001790
-0.0882 -0.001768
0.0141 -0.001842
0.1616 -0.001980
0.2867 -0.001968
0.3558 -0.001789
0.3764 -0.001531
0.3652 -0.001263
0.3370 -0.001020
0.3021 -0.000817
0.2664 -0.000652
0.2326 -0.000520
0.2014 -0.000416
0.1726 -0.000333
0.1456 -0.000267
0.1193 -0.000214
0.0925 -0.000171
0.0633 -0.000136
0.0287 -0.000106
-0.0166 -0.000081
-0.0803 -0.000059
-0.1629 -0.000040
-0.2478 -0.000025
-0.3199 -0.000015
-0.3760 -0.000008
-0.4182 -0.000005
-0.4492 -0.000002
-0.4714 -0.000001
-0.4869 -0.000000
-0.4971 -0.000000
-0.5033 0.000000
-0.5063 0.000000
-0.5067 0.000000
-0.5050 0.000000
-0.5015 0.000000
-0.4966 -0.000000
-0.4903 -0.000000
-0.4827 -0.000000
-0.4738 -0.000000
-0.4636 -0.000000
-0.4520 -0.000000
-0.4388 -0.000000
-0.4241 -0.000000
-0.4075 -0.000000
-0.3889 -0.000000
-0.3681 -0.000000
-0.3449 -0.000000
-0.3187 -0.000000
-0.2918 -0.025998
-0.2638 -0.029493
-0.2370 -0.065688
-0.2228 -0.103925
-0.2244 -0.137874
-0.2398 -0.130201
-0.2643 -0.118007
-0.2938 -0.103264
-0.3243 -0.088002
-0.3529 -0.073667
-0.3782 -0.061025
-0.3995 -0.050332
-0.4171 -0.041548
-0.4312 -0.034488
-0.4423 -0.028915
-0.4509 -0.024593
-0.4574 -0.020697
-0.4620 -0.017141
-0.4651 -0.014595
-0.4669 -0.012911
-0.4678 -0.011774
-0.4677 -0.010517
-0.4668 -0.009702
-0.4652 -0.009175
-0.4630 -0.008159
-0.4600 -0.007359
-0.4564 -0.006703
-0.4521 -0.006148
-0.4471 -0.005666
-0.4415 -0.005238
-0.4351 -0.004853
-0.4279 -0.004502
-0.4198 -0.004180
-0.4108 -0.003883
-0.4008 -0.003609
-0.3895 -0.003355
-0.3770 -0.003121
-0.3629 -0.002903
-0.3472 -0.002703
-0.3296 -0.002517
-0.3098 -0.002347
-0.2873 -0.002192
-0.2616 -0.002052
-0.2317 -0.001928
-0.1960 -0.001824
-0.1510 -0.001749
-0.0886 -0.001721
0.0114 -0.001785
0.1556 -0.001912
0.2784 -0.001898
0.3467 -0.001725
0.3683 -0.001478
0.3589 -0.001221
0.3329 -0.000989
0.2999 -0.000794
0.2657 -0.000634
0.2330 -0.000507
0.2026 -0.000406
0.1744 -0.000325
0.1478 -0.000261
0.1220 -0.000209
0.0958 -0.000167
0.0674 -0.000133
0.0342 -0.000105
-0.0086 -0.000080
-0.0687 -0.000059
-0.1486 -0.000040
-0.2341 -0.000025
-0.3084 -0.000015
-0.3670 -0.000009
-0.4111 -0.000005
-0.4437 -0.000003
-0.4671 -0.000001
-0.4835 -0.000001
-0.4944 -0.000000
-0.5011 0.000000
-0.5045 0.000000
-0.5051 0.000000
-0.5036 0.000000
-0.5003 0.000000
-0.4956 -0.000000
-0.4895 -0.000000
-0.4821 -0.000000
-0.4736 -0.000000
-0.4639 -0.000000
-0.4529 -0.000000
-0.4405 -0.000000
-0.4265 -0.000000
-0.4109 -0.000000
-0.3933 -0.000000
-0.3736 -0.000000
-0.3515 -0.000000
-0.3266 -0.000000
-0.3010 -0.024846
-0.2745 -0.028147
-0.2491 -0.062683
-0.2340 -0.099713
-0.2338 -0.133132
-0.2491 -0.125530
-0.2723 -0.113967
-0.3000 -0.100147
-0.3286 -0.085835
-0.3556 -0.072326
-0.3795 -0.060337
-0.3999 -0.050134
-0.4167 -0.041707
-0.4303 -0.034902
-0.4411 -0.029510
-0.4494 -0.025314
-0.4558 -0.022113
-0.4605 -0.018717
-0.4636 -0.015907
-0.4654 -0.014039
-0.4662 -0.012833
-0.4662 -0.011734
-0.4654 -0.010750
-0.4639 -0.010116
-0.4617 -0.009309
-0.4588 -0.008359
-0.4552 -0.007585
-0.4510 -0.006934
-0.4461 -0.006371
-0.4405 -0.005875
-0.4341 -0.005432
-0.4269 -0.005032
-0.4188 -0.004668
-0.4097 -0.004335
-0.3995 -0.004031
-0.3880 -0.003751
-0.3751 -0.003493
-0.3605 -0.003257
-0.3442 -0.003039
-0.3257 -0.002839
-0.3047 -0.002656
-0.2808 -0.002490
-0.2533 -0.002341
-0.2209 -0.002211
-0.1815 -0.002107
-0.1303 -0.002042
-0.0551 -0.002051
0.0682 -0.002187
0.2156 -0.002302
0.3193 -0.002203
0.3678 -0.001950
0.3744 -0.001641
0.3554 -0.001341
0.3242 -0.001079
0.2889 -0.000863
0.2542 -0.000689
0.2216 -0.000550
0.1917 -0.000441
0.1639 -0.000353
0.1376 -0.000283
0.1116 -0.000227
0.0847 -0.000181
0.0548 -0.000144
0.0184 -0.000112
-0.0304 -0.000085
-0.0989 -0.000061
-0.1834 -0.000040
-0.2655 -0.000025
-0.3334 -0.000015
-0.3856 -0.000008
-0.4246 -0.000005
-0.4530 -0.000002
-0.4733 -0.000001
-0.4872 -0.000000
-0.4962 -0.000000
-0.5015 0.000000
-0.5037 0.000000
-0.5034 0.000000
-0.5012 0.000000
-0.4972 -0.000000
-0.4918 -0.000000
-0.4849 -0.000000
-0.4767 -0.000000
-0.4671 -0.000000
-0.4560 -0.000000
-0.4435 -0.000000
-0.4292 -0.000000
-0.4131 -0.000000
-0.3950 -0.000000
-0.3747 -0.000000
-0.3519 -0.000000
-0.3262 -0.000000
-0.2981 -0.025211
-0.2704 -0.028660
-0.2424 -0.064330
-0.2247 -0.103205
-0.2210 -0.139507
-0.2330 -0.133571
-0.2552 -0.122516
-0.2839 -0.108221
-0.3145 -0.092886
-0.3439 -0.078184
-0.3701 -0.065057
-0.3925 -0.053868
-0.4109 -0.044627
-0.4258 -0.037170
-0.4376 -0.031264
-0.4467 -0.026669
-0.4537 -0.023163
-0.4589 -0.019709
-0.4623 -0.016628
-0.4644 -0.014583
-0.4654 -0.013259
-0.4655 -0.011804
-0.4647 -0.010811
-0.4631 -0.010176
-0.4609 -0.009165
-0.4580 -0.008230
-0.4544 -0.007466
-0.4501 -0.006823
-0.4451 -0.006266
-0.4394 -0.005776
-0.4329 -0.005337
-0.4257 -0.004940
-0.4175 -0.004579
-0.4083 -0.004249
-0.3980 -0.003948
-0.3864 -0.003671
-0.3734 -0.003416
-0.3588 -0.003182
-0.3424 -0.002967
-0.3238 -0.002770
-0.3027 -0.002590
-0.2787 -0.002426
-0.2510 -0.002279
-0.2185 -0.002153
-0.1788 -0.002051
-0.1269 -0.001989
-0.0501 -0.002002
0.0759 -0.002139
0.2237 -0.002246
0.3265 -0.002145
0.3737 -0.001895
0.3786 -0.001592
0.3580 -0.001298
0.3254 -0.001043
0.2892 -0.000833
0.2537 -0.000664
0.2207 -0.000531
0.1905 -0.000425
0.1626 -0.000340
0.1361 -0.000273
0.1100 -0.000218
0.0829 -0.000174
0.0526 -0.000138
0.0157 -0.000108
-0.0342 -0.000081
-0.1040 -0.000058
-0.1888 -0.000038
-0.2701 -0.000023
-0.3367 -0.000014
-0.3879 -0.000008
-0.4259 -0.000004
-0.4536 -0.000002
-0.4733 -0.000001
-0.4868 -0.000000
-0.4955 -0.000000
-0.5005 0.000000
-0.5025 0.000000
-0.5021 0.000000
-0.4998 -0.000000
-0.4959 -0.000000
-0.4905 -0.000000
-0.4837 -0.000000
-0.4757 -0.000000
-0.4663 -0.000000
-0.4555 -0.000000
-0.4433 -0.000000
-0.4295 -0.000000
-0.4140 -0.000000
-0.3966 -0.000000
-0.3770 -0.000000
-0.3550 -0.000000
-0.3304 -0.000000
-0.3027 -0.000000
-0.2762 -0.027946
-0.2470 -0.031593
-0.2266 -0.102488
-0.2185 -0.105542
-0.2274 -0.136390
-0.2469 -0.126680
-0.2739 -0.113189
-0.3042 -0.098062
-0.3340 -0.083137
-0.3611 -0.069558
-0.3845 -0.057834
-0.4041 -0.048062
-0.4199 -0.040120
-0.4325 -0.033793
-0.4424 -0.028840
-0.4500 -0.025036
-0.4557 -0.022070
-0.4597 -0.018513
-0.4621 -0.016066
-0.4635 -0.014454
-0.4638 -0.012778
-0.4632 -0.011595
-0.4619 -0.010811
-0.4599 -0.009954
-0.4573 -0.008867
-0.4539 -0.007985
-0.4499 -0.007247
-0.4453 -0.006612
-0.4400 -0.006056
-0.4340 -0.005563
-0.4272 -0.005120
-0.4197 -0.004719
-0.4112 -0.004356
-0.4018 -0.004026
-0.3912 -0.003725
-0.3793 -0.003450
-0.3660 -0.003199
-0.3510 -0.002970
-0.3341 -0.002761
-0.3151 -0.002571
-0.2934 -0.002399
-0.2686 -0.002243
-0.2399 -0.002106
-0.2057 -0.001990
-0.1632 -0.001901
-0.1058 -0.001858
-0.0165 -0.001902
0.1232 -0.002047
0.2594 -0.002086
0.3428 -0.001935
0.3747 -0.001678
0.3706 -0.001395
0.3461 -0.001132
0.3126 -0.000908
0.2772 -0.000726
0.2431 -0.000579
0.2115 -0.000463
0.1825 -0.000371
0.1554 -0.000298
0.1295 -0.000239
0.1036 -0.000191
0.0763 -0.000152
0.0452 -0.000120
0.0064 -0.000093
-0.0469 -0.000070
-0.1204 -0.000049
-0.2056 -0.000032
-0.2840 -0.000019
-0.3472 -0.000011
-0.3952 -0.000007
-0.4308 -0.000004
-0.4565 -0.000002
-0.4747 -0.000001
-0.4870 -0.000000
-0.4947 -0.000000
-0.4988 -0.000000
-0.5001 0.000000
-0.4991 -0.000000
-0.4961 -0.000000
-0.4914 -0.000000
-0.4853 -0.000000
-0.4777 -0.000000
-0.4686 -0.000000
-0.4582 -0.000000
-0.4461 -0.000000
-0.4325 -0.000000
-0.4171 -0.000000
-0.3997 -0.000000
-0.3802 -0.000000
-0.3583 -0.000000
-0.3337 -0.000000
-0.3061 -0.000000
-0.2786 -0.027636
-0.2499 -0.062474
-0.2285 -0.101757
-0.2187 -0.140672
-0.2258 -0.137153
-0.2445 -0.127883
-0.2714 -0.114444
-0.3020 -0.099172
-0.3322 -0.084049
-0.3597 -0.070285
-0.3834 -0.058416
-0.4031 -0.048542
-0.4191 -0.040534
-0.4318 -0.034167
-0.4417 -0.029195
-0.4493 -0.025385
-0.4550 -0.022168
-0.4589 -0.018691
-0.4613 -0.016287
-0.4625 -0.014709
-0.4628 -0.013124
-0.4621 -0.011932
-0.4607 -0.011143
-0.4586 -0.010148
-0.4558 -0.009053
-0.4523 -0.008160
-0.4481 -0.007410
-0.4433 -0.006762
-0.4378 -0.006193
-0.4316 -0.005687
-0.4247 -0.005231
-0.4169 -0.004819
-0.4082 -0.004445
-0.3985 -0.004104
-0.3877 -0.003794
-0.3755 -0.003511
-0.3619 -0.003252
-0.3467 -0.003017
-0.3295 -0.002802
-0.3100 -0.002606
-0.2880 -0.002430
-0.2626 -0.002271
-0.2332 -0.002132
-0.1979 -0.002016
-0.1535 -0.001931
-0.0921 -0.001897
0.0059 -0.001964
0.1515 -0.002112
0.2800 -0.002114
0.3533 -0.001933
0.3772 -0.001661
0.3681 -0.001373
0.3410 -0.001111
0.3066 -0.000890
0.2711 -0.000710
0.2374 -0.000567
0.2063 -0.000454
0.1776 -0.000364
0.1509 -0.000292
0.1251 -0.000234
0.0991 -0.000187
0.0714 -0.000149
0.0395 -0.000118
-0.0010 -0.000091
-0.0572 -0.000067
-0.1335 -0.000047
-0.2185 -0.000030
-0.2946 -0.000018
-0.3551 -0.000011
-0.4009 -0.000006
-0.4346 -0.000003
-0.4590 -0.000002
-0.4760 -0.000001
-0.4875 -0.000000
-0.4945 -0.000000
-0.4981 -0.000000
-0.4990 -0.000000
-0.4977 -0.000000
-0.4945 -0.000000
-0.4896 -0.000000
-0.4833 -0.000000
-0.4756 -0.000000
-0.4665 -0.000000
-0.4559 -0.000000
-0.4439 -0.000000
-0.4302 -0.000000
-0.4147 -0.000000
-0.3973 -0.000000
-0.3777 -0.000000
-0.3557 -0.000000
-0.3310 -0.000000
-0.3032 -0.000000
-0.2759 -0.027977
-0.2475 -0.063051
-0.2265 -0.102516
-0.2174 -0.141332
-0.2251 -0.137496
-0.2444 -0.127926
-0.2717 -0.114306
-0.3023 -0.098986
-0.3325 -0.083911
-0.3598 -0.070247
-0.3832 -0.058498
-0.4027 -0.048742
-0.4185 -0.040842
-0.4310 -0.034569
-0.4407 -0.029678
-0.4482 -0.025935
-0.4537 -0.022681
-0.4575 -0.019193
-0.4598 -0.016810
-0.4610 -0.015244
-0.4611 -0.013612
-0.4604 -0.012400
-0.4589 -0.011594
-0.4567 -0.010536
-0.4538 -0.009394
-0.4501 -0.008462
-0.4458 -0.007676
-0.4408 -0.006998
-0.4352 -0.006402
-0.4288 -0.005873
-0.4217 -0.005397
-0.4137 -0.004968
-0.4047 -0.004580
-0.3947 -0.004226
-0.3835 -0.003905
-0.3709 -0.003613
-0.3568 -0.003347
-0.3410 -0.003104
-0.3231 -0.002883
-0.3029 -0.002683
-0.2798 -0.002503
-0.2533 -0.002343
-0.2221 -0.002203
-0.1842 -0.002090
-0.1354 -0.002015
-0.0648 -0.002008
0.0514 -0.002124
0.2007 -0.002255
0.3129 -0.002187
0.3689 -0.001954
0.3800 -0.001653
0.3630 -0.001354
0.3319 -0.001090
0.2962 -0.000871
0.2606 -0.000695
0.2274 -0.000555
0.1969 -0.000444
0.1689 -0.000356
0.1425 -0.000286
0.1167 -0.000229
0.0904 -0.000183
0.0616 -0.000145
0.0275 -0.000114
-0.0172 -0.000087
-0.0799 -0.000063
-0.1611 -0.000043
-0.2446 -0.000027
-0.3157 -0.000016
-0.3711 -0.000009
-0.4126 -0.000005
-0.4430 -0.000003
-0.4647 -0.000002
-0.4798 -0.000001
-0.4897 -0.000000
-0.4955 -0.000000
-0.4982 -0.000000
-0.4983 -0.000000
-0.4964 -0.000000
-0.4927 -0.000000
-0.4874 -0.000000
-0.4807 -0.000000
-0.4726 -0.000000
-0.4632 -0.000000
-0.4523 -0.000000
-0.4399 -0.000000
-0.4258 -0.000000
-0.4100 -0.000000
-0.3922 -0.000000
-0.3722 -0.000000
-0.3497 -0.000000
-0.3245 -0.000000
