0.0505 -0.068927
0.0135 -0.055576
-0.0342 -0.042112
-0.0993 -0.030273
-0.1784 -0.020309
-0.2553 -0.012907
-0.3194 -0.007958
-0.3690 -0.004821
-0.4062 -0.002884
-0.4334 -0.001710
-0.4529 -0.001010
-0.4663 -0.000603
-0.4750 -0.000374
-0.4799 -0.000251
-0.4818 -0.000189
-0.4814 -0.000162
-0.4790 -0.000152
-0.4750 -0.000151
-0.4697 -0.000153
-0.4634 -0.000154
-0.4561 -0.000155
-0.4480 -0.000153
-0.4390 -0.000150
-0.4291 -0.000145
-0.4183 -0.000140
-0.4063 -0.000134
-0.3932 -0.000128
-0.3786 -0.000121
-0.3623 -0.000115
-0.3442 -0.000108
-0.3239 -0.000102
-0.3016 -0.000096
-0.2793 -0.000089
-0.2650 -0.029437
-0.2552 -0.030662
-0.2503 -0.031265
-0.2563 -0.060995
-0.2670 -0.058324
-0.2811 -0.054785
-0.2977 -0.050643
-0.3154 -0.046220
-0.3329 -0.041821
-0.3495 -0.037676
-0.3645 -0.033925
-0.3776 -0.030637
-0.3888 -0.027824
-0.3982 -0.025465
-0.4060 -0.023524
-0.4122 -0.021958
-0.4171 -0.020670
-0.4207 -0.018152
-0.4230 -0.016307
-0.4242 -0.014962
-0.4246 -0.013992
-0.4241 -0.012097
-0.4227 -0.010289
-0.4205 -0.008833
-0.4176 -0.007639
-0.4142 -0.006645
-0.4102 -0.005808
-0.4056 -0.005097
-0.4005 -0.004490
-0.3947 -0.003968
-0.3882 -0.003519
-0.3809 -0.003130
-0.3727 -0.002794
-0.3635 -0.002502
-0.3531 -0.002248
-0.3414 -0.002027
-0.3282 -0.001834
-0.3131 -0.001666
-0.2960 -0.001519
-0.2763 -0.001391
-0.2534 -0.001280
-0.2266 -0.001185
-0.1941 -0.001107
-0.1530 -0.001049
-0.0963 -0.001018
-0.0193 -0.060985
0.0968 -0.075493
0.2136 -0.090126
0.2861 -0.099165
0.3146 -0.102645
0.3128 -0.102312
0.2938 -0.099827
0.2669 -0.096361
0.2376 -0.092602
0.2085 -0.088888
0.1806 -0.085340
0.1539 -0.081958
0.1279 -0.078670
0.1016 -0.075358
0.0736 -0.071838
0.0379 -0.131235
-0.0167 -0.108500
-0.0888 -0.085631
-0.1766 -0.062974
-0.2607 -0.043878
-0.3287 -0.029781
-0.3799 -0.019932
-0.4172 -0.013187
-0.4440 -0.008611
-0.4628 -0.005540
-0.4758 -0.003520
-0.4842 -0.002243
-0.4892 -0.001504
-0.4915 -0.001166
-0.4916 -0.001132
-0.4899 -0.001337
-0.4868 -0.001735
-0.4824 -0.002288
-0.4770 -0.002971
-0.4707 -0.003212
-0.4634 -0.003314
-0.4553 -0.003350
-0.4464 -0.003327
-0.4365 -0.003258
-0.4257 -0.003154
-0.4138 -0.003027
-0.4007 -0.002885
-0.3861 -0.002735
-0.3700 -0.002583
-0.3520 -0.002432
-0.3320 -0.002284
-0.3096 -0.002141
-0.2857 -0.001994
-0.2649 -0.031174
-0.2508 -0.032716
-0.2415 -0.033670
-0.2413 -0.065808
-0.2487 -0.063743
-0.2607 -0.060580
-0.2762 -0.056548
-0.2939 -0.051984
-0.3124 -0.047264
-0.3303 -0.042695
-0.3470 -0.038477
-0.3618 -0.034714
-0.3747 -0.031444
-0.3858 -0.028661
-0.3950 -0.026334
-0.4026 -0.024422
-0.4087 -0.022882
-0.4134 -0.020785
-0.4167 -0.018406
-0.4188 -0.016658
-0.4199 -0.015383
-0.4200 -0.013710
-0.4191 -0.011574
-0.4174 -0.009875
-0.4149 -0.008496
-0.4117 -0.007356
-0.4080 -0.006402
-0.4037 -0.005594
-0.3990 -0.004904
-0.3936 -0.004312
-0.3876 -0.003803
-0.3810 -0.003363
-0.3736 -0.002984
-0.3653 -0.002656
-0.3559 -0.002371
-0.3454 -0.002125
-0.3335 -0.001911
-0.3200 -0.001726
-0.3045 -0.001565
-0.2868 -0.001425
-0.2664 -0.001304
-0.2425 -0.001200
-0.2141 -0.001113
-0.1792 -0.001043
-0.1337 -0.000994
-0.0712 -0.054485
0.0163 -0.065384
0.1356 -0.080301
0.2356 -0.092822
0.2907 -0.099667
0.3081 -0.101754
0.3010 -0.100764
0.2806 -0.098105
0.2542 -0.094718
0.2262 -0.091138
0.1986 -0.087616
0.1719 -0.084236
0.1462 -0.080980
0.1209 -0.077775
0.0948 -0.074497
0.0666 -0.070949
0.0337 -0.061743
-0.0066 -0.047682
-0.0608 -0.035464
-0.1326 -0.024792
-0.2119 -0.016242
-0.2833 -0.010207
-0.3405 -0.006276
-0.3840 -0.003811
-0.4162 -0.002299
-0.4395 -0.001386
-0.4559 -0.000844
-0.4668 -0.000531
-0.4733 -0.000355
-0.4765 -0.000261
-0.4770 -0.000214
-0.4752 -0.000192
-0.4717 -0.000183
-0.4668 -0.000179
-0.4606 -0.000178
-0.4534 -0.000175
-0.4453 -0.000172
-0.4363 -0.000167
-0.4264 -0.000161
-0.4154 -0.000155
-0.4034 -0.000148
-0.3901 -0.000140
-0.3754 -0.000133
-0.3589 -0.000126
-0.3406 -0.000119
-0.3201 -0.000112
-0.2983 -0.000105
-0.2788 -0.027728
-0.2675 -0.029131
-0.2608 -0.029966
-0.2590 -0.060330
-0.2673 -0.058245
-0.2791 -0.055295
-0.2935 -0.051701
-0.3095 -0.047699
-0.3260 -0.043557
-0.3421 -0.039519
-0.3571 -0.035764
-0.3705 -0.032402
-0.3822 -0.029478
-0.3921 -0.026997
-0.4004 -0.024934
-0.4070 -0.023256
-0.4124 -0.021923
-0.4164 -0.020900
-0.4193 -0.018621
-0.4208 -0.016883
-0.4213 -0.015638
-0.4208 -0.014772
-0.4193 -0.012929
-0.4169 -0.011126
-0.4135 -0.009667
-0.4094 -0.008460
-0.4045 -0.007443
-0.3990 -0.006573
-0.3930 -0.005819
-0.3863 -0.005161
-0.3791 -0.004582
-0.3714 -0.004073
-0.3629 -0.003624
-0.3538 -0.003229
-0.3437 -0.002882
-0.3327 -0.002577
-0.3206 -0.002307
-0.3077 -0.002066
-0.2941 -0.001847
-0.2802 -0.001647
-0.2662 -0.001463
-0.2520 -0.001296
-0.2375 -0.001146
-0.2223 -0.001012
-0.2060 -0.000895
-0.1890 -0.039658
-0.1778 -0.040950
-0.1660 -0.042332
-0.1538 -0.043771
-0.1422 -0.045160
-0.1320 -0.046368
-0.1243 -0.047280
-0.1199 -0.047780
-0.1198 -0.047759
-0.1246 -0.047126
-0.1349 -0.045807
-0.1510 -0.043772
-0.1724 -0.041081
-0.1977 -0.037900
-0.2250 -0.034472
-0.2523 -0.031041
-0.2781 -0.027796
-0.3016 -0.024855
-0.3222 -0.022270
-0.3396 -0.017264
-0.3537 -0.013150
-0.3649 -0.010142
-0.3735 -0.007926
-0.3800 -0.006280
-0.3845 -0.005046
-0.3874 -0.004110
-0.3887 -0.003391
-0.3887 -0.002833
-0.3874 -0.002392
-0.3850 -0.002040
-0.3816 -0.001754
-0.3772 -0.001519
-0.3721 -0.001322
-0.3661 -0.001155
-0.3595 -0.001013
-0.3522 -0.000890
-0.3442 -0.000783
-0.3355 -0.000690
-0.3260 -0.000610
-0.3155 -0.000540
-0.3040 -0.000479
-0.2910 -0.000427
-0.2764 -0.000381
-0.2597 -0.000342
-0.2405 -0.000309
-0.2182 -0.000280
-0.1935 -0.000254
-0.1676 -0.000230
-0.1408 -0.000208
-0.1119 -0.000187
-0.0777 -0.000170
-0.0320 -0.000158
0.0229 -0.065437
0.0884 -0.073606
0.1517 -0.081521
0.1972 -0.087221
0.2220 -0.090325
0.2298 -0.091308
0.2258 -0.090802
0.2142 -0.089346
0.1981 -0.087330
0.1796 -0.085006
0.1597 -0.082519
0.1390 -0.079930
0.1175 -0.077239
0.0948 -0.074391
0.0697 -0.071259
0.0404 -0.067604
0.0036 -0.058943
-0.0451 -0.044486
-0.1104 -0.031842
-0.1867 -0.021395
-0.2589 -0.013752
-0.3182 -0.008663
-0.3635 -0.005431
-0.3969 -0.003426
-0.4206 -0.002202
-0.4368 -0.001465
-0.4468 -0.001028
-0.4520 -0.000775
-0.4531 -0.000631
-0.4508 -0.000553
-0.4455 -0.000511
-0.4376 -0.000489
-0.4271 -0.000476
-0.4143 -0.000468
-0.3990 -0.000460
-0.3814 -0.000452
-0.3613 -0.000441
-0.3386 -0.000429
-0.3133 -0.023721
-0.2901 -0.026603
-0.2703 -0.057742
-0.2542 -0.061732
-0.2454 -0.063908
-0.2468 -0.063557
-0.2577 -0.060797
-0.2755 -0.056316
-0.2969 -0.050943
-0.3191 -0.045367
-0.3402 -0.040048
-0.3594 -0.035246
-0.3760 -0.031073
-0.3900 -0.027550
-0.4016 -0.024648
-0.4109 -0.022309
-0.4182 -0.020468
-0.4238 -0.019058
-0.4279 -0.016372
-0.4302 -0.013224
-0.4312 -0.010891
-0.4310 -0.009117
-0.4299 -0.007736
-0.4280 -0.006636
-0.4254 -0.005743
-0.4221 -0.005004
-0.4183 -0.004384
-0.4139 -0.003857
-0.4091 -0.003403
-0.4037 -0.003009
-0.3979 -0.002665
-0.3916 -0.002362
-0.3849 -0.002095
-0.3777 -0.001860
-0.3700 -0.001651
-0.3617 -0.001466
-0.3529 -0.001302
-0.3436 -0.001157
-0.3337 -0.001027
-0.3233 -0.000911
-0.3123 -0.000808
-0.3008 -0.000717
-0.2885 -0.000635
-0.2755 -0.000563
-0.2615 -0.000500
-0.2462 -0.000444
-0.2293 -0.000396
-0.2100 -0.000354
-0.1877 -0.000318
-0.1616 -0.000288
-0.1305 -0.000263
-0.0913 -0.000243
-0.0365 -0.000230
0.0455 -0.000226
0.1458 -0.000223
0.2261 -0.090913
0.2602 -0.095185
0.2706 -0.096473
0.2647 -0.095729
0.2491 -0.093769
0.2285 -0.091175
0.2057 -0.088309
0.1823 -0.085367
0.1588 -0.082429
0.1355 -0.079499
0.1117 -0.076523
0.0867 -0.073393
0.0589 -0.069917
0.0256 -0.065757
-0.0181 -0.060309
-0.0789 -0.052734
-0.1569 -0.042995
-0.2370 -0.030904
-0.3044 -0.019200
-0.3562 -0.011787
-0.3946 -0.007215
-0.4225 -0.004431
-0.4423 -0.002753
-0.4561 -0.001751
-0.4651 -0.001160
-0.4706 -0.000817
-0.4732 -0.000621
-0.4735 -0.000513
-0.4718 -0.000455
-0.4684 -0.000425
-0.4635 -0.000410
-0.4571 -0.000403
-0.4493 -0.000398
-0.4399 -0.000393
-0.4291 -0.000388
-0.4166 -0.000381
-0.4023 -0.000373
-0.3861 -0.000363
-0.3679 -0.000352
-0.3474 -0.000339
-0.3247 -0.000325
-0.3008 -0.025190
-0.2802 -0.027731
-0.2603 -0.030196
-0.2431 -0.032325
-0.2310 -0.033817
-0.2281 -0.068159
-0.2361 -0.066140
-0.2498 -0.062707
-0.2676 -0.058229
-0.2878 -0.053157
-0.3086 -0.047941
-0.3286 -0.042936
-0.3468 -0.038365
-0.3629 -0.034340
-0.3766 -0.030890
-0.3882 -0.027996
-0.3977 -0.025617
-0.4053 -0.023701
-0.4113 -0.022117
-0.4156 -0.019300
-0.4185 -0.017255
-0.4200 -0.015781
-0.4205 -0.014114
-0.4198 -0.011883
-0.4182 -0.010126
-0.4158 -0.008708
-0.4127 -0.007540
-0.4090 -0.006560
-0.4049 -0.005727
-0.4003 -0.005013
-0.3953 -0.004398
-0.3898 -0.003866
-0.3837 -0.003405
-0.3771 -0.003005
-0.3698 -0.002658
-0.3617 -0.002358
-0.3527 -0.002098
-0.3426 -0.001872
-0.3312 -0.001676
-0.3184 -0.001507
-0.3037 -0.001360
-0.2869 -0.001233
-0.2676 -0.001123
-0.2450 -0.001029
-0.2182 -0.000949
-0.1856 -0.000885
-0.1438 -0.000837
-0.0856 -0.000813
0.0066 -0.000829
0.1380 -0.080472
0.2442 -0.093768
0.3063 -0.101508
0.3274 -0.104077
0.3200 -0.103073
0.2969 -0.100085
0.2669 -0.096260
0.2355 -0.092261
0.2050 -0.088396
0.1763 -0.084756
0.1491 -0.081313
0.1226 -0.077974
0.0958 -0.074600
0.0670 -0.070984
0.0335 -0.065010
-0.0079 -0.050092
-0.0633 -0.037146
-0.1359 -0.025881
-0.2150 -0.016929
-0.2853 -0.010652
-0.3412 -0.006579
-0.3835 -0.004031
-0.4146 -0.002468
-0.4370 -0.001521
-0.4526 -0.000955
-0.4631 -0.000621
-0.4695 -0.000429
-0.4728 -0.000319
-0.4735 -0.000259
-0.4723 -0.000226
-0.4694 -0.000208
-0.4650 -0.000199
-0.4592 -0.000194
-0.4521 -0.000190
-0.4436 -0.000187
-0.4337 -0.000183
-0.4224 -0.000179
-0.4094 -0.000175
-0.3949 -0.000169
-0.3787 -0.000163
-0.3611 -0.000156
-0.3419 -0.000148
-0.3216 -0.000140
-0.3004 -0.000131
-0.2791 -0.027712
-0.2640 -0.029584
-0.2508 -0.031236
-0.2403 -0.032537
-0.2342 -0.033285
-0.2341 -0.033300
-0.2402 -0.032533
-0.2516 -0.031103
-0.2666 -0.029221
-0.2835 -0.027108
-0.3007 -0.024949
-0.3173 -0.022872
-0.3326 -0.020956
-0.3462 -0.019243
-0.3582 -0.017749
-0.3683 -0.016475
-0.3768 -0.015415
-0.3837 -0.014554
-0.3890 -0.013880
-0.3929 -0.011825
-0.3952 -0.009661
-0.3962 -0.007994
-0.3960 -0.006690
-0.3947 -0.005652
-0.3927 -0.004812
-0.3899 -0.004123
-0.3865 -0.003550
-0.3825 -0.003069
-0.3780 -0.002662
-0.3729 -0.002315
-0.3672 -0.002020
-0.3609 -0.001767
-0.3538 -0.001551
-0.3458 -0.001366
-0.3369 -0.001207
-0.3267 -0.001071
-0.3151 -0.000954
-0.3019 -0.000854
-0.2866 -0.000768
-0.2690 -0.000694
-0.2483 -0.000631
-0.2238 -0.000579
-0.1941 -0.000535
-0.1566 -0.000502
-0.1063 -0.000480
-0.0326 -0.000476
0.0788 -0.000492
0.1943 -0.087174
0.2538 -0.188821
0.2724 -0.193472
0.2679 -0.192326
0.2498 -0.187773
0.2252 -0.181569
0.1982 -0.174775
0.1708 -0.167904
0.1437 -0.161108
0.1166 -0.154306
0.0884 -0.147242
0.0572 -0.139442
0.0197 -0.130062
-0.0302 -0.117624
-0.0986 -0.094143
-0.1794 -0.063619
-0.2555 -0.040529
-0.3173 -0.025299
-0.3642 -0.015703
-0.3988 -0.009777
-0.4236 -0.006159
-0.4410 -0.003971
-0.4526 -0.002664
-0.4596 -0.001895
-0.4629 -0.001450
-0.4633 -0.001200
-0.4610 -0.001062
-0.4566 -0.000989
-0.4501 -0.000949
-0.4417 -0.000926
-0.4314 -0.000908
-0.4194 -0.000892
-0.4055 -0.000873
-0.3898 -0.000851
-0.3720 -0.000825
-0.3520 -0.000797
-0.3296 -0.000766
-0.3046 -0.000734
-0.2764 -0.000701
-0.2496 -0.031919
-0.2202 -0.035547
-0.1904 -0.039226
-0.1645 -0.042422
-0.1497 -0.087788
-0.1477 -0.088286
-0.1549 -0.086459
-0.1710 -0.082435
-0.1944 -0.076558
-0.2229 -0.069420
-0.2535 -0.061766
-0.2834 -0.054263
-0.3109 -0.047361
-0.3352 -0.041288
-0.3558 -0.036109
-0.3730 -0.031798
-0.3870 -0.028280
-0.3983 -0.024904
-0.4068 -0.020972
-0.4130 -0.017349
-0.4170 -0.013814
-0.4193 -0.011221
-0.4201 -0.009279
-0.4196 -0.007791
-0.4181 -0.006626
-0.4157 -0.005696
-0.4125 -0.004937
-0.4086 -0.004307
-0.4041 -0.003774
-0.3991 -0.003318
-0.3935 -0.002922
-0.3876 -0.002577
-0.3812 -0.002275
-0.3743 -0.002009
-0.3670 -0.001776
-0.3592 -0.001570
-0.3507 -0.001390
-0.3415 -0.001233
-0.3314 -0.001095
-0.3202 -0.000975
-0.3077 -0.000871
-0.2937 -0.000781
-0.2777 -0.000702
-0.2594 -0.000635
-0.2382 -0.000577
-0.2131 -0.000528
-0.1826 -0.000488
-0.1448 -0.000456
-0.0963 -0.000432
-0.0288 -0.000421
0.0697 -0.000425
0.1783 -0.000423
0.2496 -0.094031
0.2786 -0.097644
0.2836 -0.098244
0.2733 -0.096913
0.2543 -0.094502
0.2312 -0.091586
0.2068 -0.088501
0.1823 -0.085415
0.1582 -0.082381
0.1343 -0.079384
0.1102 -0.076354
0.0848 -0.073171
0.0564 -0.069627
0.0223 -0.065362
-0.0228 -0.059735
-0.0856 -0.051909
-0.1648 -0.042013
-0.2439 -0.027203
-0.3097 -0.016889
-0.3600 -0.010374
-0.3972 -0.006364
-0.4239 -0.003934
-0.4425 -0.002481
-0.4548 -0.001626
-0.4623 -0.001133
-0.4659 -0.000856
-0.4664 -0.000703
-0.4645 -0.000621
-0.4606 -0.000574
-0.4553 -0.000544
-0.4488 -0.000521
-0.4414 -0.000498
-0.4333 -0.000473
-0.4246 -0.000447
-0.4152 -0.000420
-0.4052 -0.000392
-0.3943 -0.000365
-0.3826 -0.000338
-0.3699 -0.000313
-0.3560 -0.000289
-0.3423 -0.019963
-0.3303 -0.021434
-0.3185 -0.022890
-0.3086 -0.024099
-0.3025 -0.024845
-0.3006 -0.025056
-0.3027 -0.024780
-0.3078 -0.024125
-0.3149 -0.023219
-0.3232 -0.022174
-0.3318 -0.021082
-0.3403 -0.020004
-0.3485 -0.018975
-0.3562 -0.018014
-0.3631 -0.017134
-0.3694 -0.016349
-0.3748 -0.015666
-0.3794 -0.015087
-0.3832 -0.014350
-0.3860 -0.011701
-0.3877 -0.009626
-0.3885 -0.007981
-0.3885 -0.006663
-0.3878 -0.005597
-0.3865 -0.004729
-0.3846 -0.004015
-0.3821 -0.003425
-0.3792 -0.002932
-0.3757 -0.002519
-0.3718 -0.002170
-0.3674 -0.001874
-0.3627 -0.001620
-0.3576 -0.001403
-0.3523 -0.001216
-0.3468 -0.001053
-0.3413 -0.000911
-0.3358 -0.000788
-0.3303 -0.000679
-0.3251 -0.000585
-0.3202 -0.000502
-0.3156 -0.000430
-0.3113 -0.000368
-0.3074 -0.000313
-0.3038 -0.000267
-0.3003 -0.000227
-0.2967 -0.000193
-0.2928 -0.000164
-0.2884 -0.000140
-0.2834 -0.000120
-0.2777 -0.000102
-0.2715 -0.000088
-0.2651 -0.000076
-0.2587 -0.000065
-0.2522 -0.000056
-0.2459 -0.000048
-0.2396 -0.000041
-0.2336 -0.000035
-0.2277 -0.000030
-0.2222 -0.000025
-0.2171 -0.000022
-0.2124 -0.000018
-0.2084 -0.000015
-0.2051 -0.000013
-0.2029 -0.000011
-0.2020 -0.000009
-0.2096 -0.036314
-0.2193 -0.035104
-0.2303 -0.033728
-0.2424 -0.032223
-0.2552 -0.030619
-0.2685 -0.028960
-0.2818 -0.027298
-0.2947 -0.025684
-0.3069 -0.024160
-0.3181 -0.022754
-0.3282 -0.021484
-0.3372 -0.020361
-0.3450 -0.019390
-0.3515 -0.018573
-0.3568 -0.017912
-0.3608 -0.017407
-0.3636 -0.017056
-0.3652 -0.016854
-0.3656 -0.016796
-0.3649 -0.014915
-0.3626 -0.012663
-0.3590 -0.010852
-0.3542 -0.009372
-0.3482 -0.008147
-0.3411 -0.007121
-0.3329 -0.006255
-0.3235 -0.005516
-0.3132 -0.004877
-0.3022 -0.004313
-0.2910 -0.003805
-0.2801 -0.003344
-0.2697 -0.002924
-0.2602 -0.002544
-0.2514 -0.002202
-0.2435 -0.001897
-0.2365 -0.001628
-0.2303 -0.001392
-0.2247 -0.001186
-0.2199 -0.001008
-0.2157 -0.000855
-0.2122 -0.000723
-0.2096 -0.000609
-0.2080 -0.000511
-0.2079 -0.000427
-0.2094 -0.000355
-0.2128 -0.000293
-0.2180 -0.000240
-0.2248 -0.000196
-0.2329 -0.000159
-0.2420 -0.000128
-0.2516 -0.000103
-0.2615 -0.000083
-0.2713 -0.000066
-0.2808 -0.000053
-0.2896 -0.000042
-0.2977 -0.000034
-0.3048 -0.000027
-0.3108 -0.000022
-0.3158 -0.000018
-0.3196 -0.000015
-0.3223 -0.000012
-0.3239 -0.000010
-0.3244 -0.000008
-0.3237 -0.000007
-0.3219 -0.000006
-0.3188 -0.000005
-0.3144 -0.000004
-0.3085 -0.000004
-0.3011 -0.000003
-0.2920 -0.000003
-0.2808 -0.000002
-0.2674 -0.000002
-0.2513 -0.000002
-0.2321 -0.000002
-0.2099 -0.000002
-0.1860 -0.000001
-0.1613 -0.000001
-0.1408 -0.044886
-0.1255 -0.046801
-0.1110 -0.048602
-0.0969 -0.050365
-0.0824 -0.052180
-0.0703 -0.107425
-0.0671 -0.108214
-0.0675 -0.108121
-0.0726 -0.106876
-0.0837 -0.104116
-0.1025 -0.099444
-0.1298 -0.092631
-0.1647 -0.083929
-0.2037 -0.074177
-0.2427 -0.064420
-0.2785 -0.054857
-0.3092 -0.043409
-0.3343 -0.034897
-0.3544 -0.028600
-0.3703 -0.023956
-0.3825 -0.020547
-0.3916 -0.018065
-0.3980 -0.016289
-0.4022 -0.015057
-0.4044 -0.013367
-0.4046 -0.011138
-0.4030 -0.009456
-0.3999 -0.008155
-0.3952 -0.007124
-0.3892 -0.006289
-0.3819 -0.005599
-0.3733 -0.005017
-0.3633 -0.004520
-0.3519 -0.004090
-0.3390 -0.003713
-0.3244 -0.003381
-0.3080 -0.003088
-0.2895 -0.002827
-0.2685 -0.002597
-0.2444 -0.002394
-0.2164 -0.002218
-0.1881 -0.040985
-0.1585 -0.044509
-0.1239 -0.048677
-0.0832 -0.053635
-0.0321 -0.059904
0.0358 -0.068302
0.1148 -0.078116
0.1813 -0.086353
0.2227 -0.091423
0.2414 -0.093620
0.2434 -0.093734
0.2346 -0.092502
0.2193 -0.090480
0.2006 -0.088044
0.1803 -0.085418
0.1592 -0.082716
0.1387 -0.068628
0.1195 -0.055597
0.1008 -0.045027
0.0814 -0.036391
0.0601 -0.029283
0.0352 -0.023370
0.0037 -0.018370
-0.0394 -0.014035
-0.0992 -0.010205
-0.1728 -0.006963
-0.2498 -0.035819
-0.3159 -0.025818
-0.3662 -0.018442
-0.4029 -0.013177
-0.4291 -0.009501
-0.4472 -0.006996
-0.4593 -0.005343
-0.4670 -0.004304
-0.4713 -0.003706
-0.4733 -0.003427
-0.4735 -0.003385
-0.4723 -0.003528
-0.4698 -0.003827
-0.4663 -0.004269
-0.4616 -0.004852
-0.4557 -0.005580
-0.4486 -0.006461
-0.4402 -0.007509
-0.4304 -0.008737
-0.4189 -0.008826
-0.4054 -0.008512
-0.3899 -0.008192
-0.3726 -0.007837
-0.3546 -0.007397
-0.3375 -0.006835
-0.3258 -0.027833
-0.3183 -0.027933
-0.3141 -0.027656
-0.3143 -0.050082
-0.3202 -0.047889
-0.3279 -0.045373
-0.3368 -0.042640
-0.3465 -0.039803
-0.3565 -0.036996
-0.3661 -0.034353
-0.3748 -0.031964
-0.3826 -0.029878
-0.3892 -0.028111
-0.3947 -0.026652
-0.3991 -0.025479
-0.4025 -0.024566
-0.4051 -0.023886
-0.4069 -0.023417
-0.4078 -0.021798
-0.4077 -0.020122
-0.4067 -0.018899
-0.4050 -0.018032
-0.4025 -0.016371
-0.3990 -0.014156
-0.3947 -0.012332
-0.3895 -0.010801
-0.3837 -0.009496
-0.3773 -0.008368
-0.3703 -0.007384
-0.3629 -0.006518
-0.3551 -0.005752
-0.3470 -0.005074
-0.3384 -0.004474
-0.3295 -0.003943
-0.3200 -0.003476
-0.3100 -0.003065
-0.2991 -0.002706
-0.2872 -0.002394
-0.2740 -0.002123
-0.2592 -0.001889
-0.2422 -0.001689
-0.2225 -0.001518
-0.1992 -0.001374
-0.1738 -0.041986
-0.1496 -0.044889
-0.1202 -0.048443
-0.0841 -0.052866
