0.8954
0.8567
0.7615
0.7648
0.7737
0.7951
0.7707
0.7828
0.7809
0.7852
0.7650
0.7604
0.7898
0.7963
0.7962
0.7912
0.7832
0.7781
0.7662
0.7768
0.7851
0.7937
0.7918
0.7866
0.7794
0.7803
0.7871
0.7780
0.7765
0.7539
0.7614
0.7813
0.7680
0.7849
0.7728
0.7768
0.7830
0.7786
0.7624
0.7641
0.7868
0.7938
0.7710
0.7747
0.7730
0.7517
0.7570
0.7644
0.7832
0.7931
0.7689
0.7525
0.7725
0.7814
0.7775
0.7866
0.7756
0.7893
0.7850
0.7912
0.7925
0.7744
0.7651
0.7696
0.7917
0.7849
0.7722
0.7979
0.7747
0.7705
0.7876
0.7715
0.7586
0.7565
0.7624
0.7646
0.7582
0.7922
0.7803
0.7521
0.7661
0.7839
0.7765
0.7742
0.7845
0.7705
0.7693
0.7850
0.7637
0.7780
0.7715
0.7837
0.7688
0.7650
0.7658
0.7685
0.7641
0.7571
0.7667
0.7839
0.7684
0.7496
0.7745
0.7948
0.7789
0.7745
0.8023
0.7799
0.7605
0.7793
0.7465
0.7575
0.7591
0.7536
0.7636
0.7632
0.7646
0.7816
0.7834
0.7716
0.7948
0.7781
0.7573
0.7712
0.7887
0.7827
0.8025
0.7974
0.7935
0.7897
0.7831
0.7702
0.7903
0.7766
0.7876
0.7821
0.7940
0.7623
0.7879
0.7738
