0.9031 11.0650
0.9021 11.6034
0.9026 11.9040
0.9031 11.6102
0.9025 11.0440
0.9023 12.2186
0.9053 15.2060
0.9100 17.9865
0.9143 19.8939
0.9172 20.5700
0.9186 20.0529
0.9188 20.1161
0.9190 20.6641
0.9193 21.0968
0.9196 21.0835
0.9195 20.4147
0.9189 18.6444
0.9170 16.1554
0.9139 13.8227
0.9099 12.1018
0.9057 10.9622
0.9019 10.2490
0.8989 9.7586
0.8965 9.3221
0.8943 8.8492
0.8919 8.2999
0.8889 7.6729
0.8851 7.0153
0.8804 6.3841
0.8750 5.8335
0.8693 5.3861
0.8638 5.0397
0.8588 4.7758
0.8544 4.5690
0.8505 4.3978
0.8472 4.2482
0.8441 4.1116
0.8412 3.9814
0.8383 3.8491
0.8351 3.7051
0.8315 3.5438
0.8272 3.3688
0.8222 3.1886
0.8165 3.0109
0.8103 2.8404
0.8037 2.6783
0.7966 2.5238
0.7892 2.3758
0.7814 2.2336
0.7731 2.0971
0.7643 1.9698
0.7555 1.8710
0.7510 1.9963
0.7604 2.4570
0.7814 3.0850
0.8054 3.7545
0.8266 4.3972
0.8428 4.9775
0.8545 5.4774
0.8625 5.8879
0.8680 6.2045
0.8717 6.4198
0.8739 6.5103
0.8749 6.4492
0.8744 6.2353
0.8726 5.8986
0.8693 5.5108
0.8652 5.2020
0.8613 5.0397
0.8586 4.9903
0.8573 4.9905
0.8568 4.9903
0.8566 4.9611
0.8562 4.8865
0.8551 4.7595
0.8532 4.5757
0.8502 4.3363
0.8459 4.0502
0.8402 3.7328
0.8328 3.4023
0.8239 3.0901
0.8157 3.1174
0.8233 4.9335
0.8501 8.4178
0.8772 11.9021
0.8964 14.7699
0.9078 16.8976
0.9136 17.9223
0.9158 17.2221
0.9153 15.3928
0.9126 13.2356
0.9084 11.1647
0.9027 9.4449
0.8962 8.1700
0.8897 7.4388
0.8850 7.4020
0.8852 9.1501
0.8925 12.7661
0.9021 16.1596
0.9099 18.3842
0.9148 19.0303
0.9166 17.6558
0.9158 15.7977
0.9141 15.7088
0.9137 17.1212
0.9147 18.5664
0.9162 19.3705
0.9172 19.2334
0.9173 18.0814
0.9162 16.3193
0.9140 14.3956
0.9107 12.5208
0.9066 10.9649
0.9020 9.7843
0.8974 8.9702
0.8934 8.4259
0.8901 8.0090
0.8873 7.6137
0.8845 7.1941
0.8814 6.7497
0.8779 6.3017
0.8738 5.8762
0.8694 5.4986
0.8650 5.1899
0.8608 4.9549
0.8572 4.7829
0.8542 4.6529
0.8517 4.5403
0.8496 4.4246
0.8474 4.2930
0.8448 4.1414
0.8418 3.9715
0.8381 3.7886
0.8339 3.5997
0.8290 3.4128
0.8238 3.2370
0.8183 3.0829
0.8130 2.9544
0.8081 2.8473
0.8037 2.7552
0.7996 2.6730
0.7959 2.5980
0.7923 2.5280
0.7888 2.4581
0.7852 2.3849
0.7814 2.3174
0.7779 2.2790
0.7759 2.2904
0.7762 2.3534
0.7792 2.4637
0.7859 2.7715
0.7998 3.3863
0.8182 4.1190
0.8360 4.8283
0.8506 5.4940
0.8618 6.1911
0.8706 6.9314
0.8777 7.6366
0.8830 8.0933
0.8861 8.0601
0.8866 7.6826
0.8848 7.1271
0.8812 6.5137
0.8762 5.9202
0.8703 5.3835
0.8638 4.9092
0.8569 4.4861
0.8496 4.0985
0.8417 3.7349
0.8332 3.4123
0.8263 3.5269
0.8342 5.4727
0.8577 8.7993
0.8811 11.9896
0.8978 14.5588
0.9077 16.4009
0.9129 17.3769
0.9149 16.6721
0.9143 14.7352
0.9114 12.7282
0.9075 11.4842
0.9041 11.0001
0.9018 10.7285
0.9001 10.2619
0.8982 9.6176
0.8966 10.0467
0.8988 12.6386
0.9042 15.5119
0.9099 17.7083
0.9140 18.7400
0.9162 18.8988
0.9173 19.4458
0.9181 20.2432
0.9187 20.5325
0.9190 20.2931
0.9188 19.6142
0.9182 18.5610
0.9170 17.1648
0.9152 15.4825
0.9126 13.6808
0.9093 12.1597
0.9055 10.9805
0.9018 10.1087
0.8985 9.4889
0.8956 9.0350
0.8931 8.6480
0.8909 8.2604
0.8886 7.8525
0.8862 7.4434
0.8834 7.0422
0.8804 6.6542
0.8771 6.2826
0.8736 5.9370
0.8700 5.6355
0.8665 5.3867
0.8632 5.1848
0.8603 5.0164
0.8577 4.8662
0.8553 4.7180
0.8528 4.5565
0.8499 4.3735
0.8466 4.1686
0.8425 3.9464
0.8377 3.7134
0.8321 3.4770
0.8258 3.2449
0.8187 3.0256
0.8112 2.8290
0.8035 2.6613
0.7961 2.5230
0.7893 2.4104
0.7832 2.3186
0.7779 2.2429
0.7733 2.1805
0.7697 2.1733
0.7721 2.4564
0.7854 3.0062
0.8048 3.6517
0.8242 4.3012
0.8406 4.9192
0.8531 5.4915
0.8623 6.0082
0.8690 6.4245
0.8731 6.4674
0.8741 6.1905
0.8722 5.7740
0.8683 5.3247
0.8630 4.9173
0.8574 4.6522
0.8531 4.6004
0.8515 4.7048
0.8521 4.8519
0.8538 4.9431
0.8551 4.9230
0.8551 4.7793
0.8533 4.5319
0.8495 4.2126
0.8437 3.8529
0.8359 3.4762
0.8262 3.1069
0.8147 2.7756
0.8023 2.5234
0.7911 2.3861
0.7853 2.5807
0.8006 4.3681
0.8371 7.9472
0.8715 11.5771
0.8945 14.5203
0.9073 16.6537
0.9136 17.9405
0.9162 18.3018
0.9168 17.3647
0.9154 15.1018
0.9121 12.7343
0.9074 10.9856
0.9027 10.1703
0.8992 9.8977
0.8972 9.7701
0.8967 10.4576
0.8998 13.2436
0.9056 16.4126
0.9114 18.8625
0.9155 20.1057
0.9177 19.5627
0.9179 18.3420
0.9173 18.3708
0.9171 19.0672
0.9175 19.6627
0.9179 19.7302
0.9180 19.0206
0.9173 17.6134
0.9157 15.7971
0.9132 13.8492
0.9096 12.1346
0.9056 10.8599
0.9016 9.9649
0.8979 9.3421
0.8949 8.8809
0.8924 8.4893
0.8900 8.1022
0.8877 7.6922
0.8851 7.2736
0.8822 6.8774
0.8791 6.5165
0.8758 6.1829
0.8725 5.8706
0.8692 5.5914
0.8659 5.3506
0.8627 5.1371
0.8596 4.9335
0.8564 4.7268
0.8531 4.5108
0.8493 4.2869
0.8451 4.0617
0.8404 3.8424
0.8354 3.6332
0.8301 3.4355
0.8245 3.2507
0.8187 3.0848
0.8131 2.9474
0.8080 2.8431
0.8036 2.7664
0.8001 2.7065
0.7972 2.6528
0.7946 2.5964
0.7920 2.5372
0.7895 2.5098
0.7888 2.5785
0.7917 2.7528
0.7982 2.9790
0.8062 3.1871
0.8135 3.3239
0.8185 3.3760
0.8210 3.3662
0.8215 3.3205
0.8204 3.2539
0.8184 3.1749
0.8158 3.0905
0.8128 3.0031
0.8096 2.9113
0.8060 2.8121
0.8020 2.7024
0.7972 2.5798
0.7916 2.4503
0.7855 2.3415
0.7801 2.2951
0.7773 2.3223
0.7779 2.3924
0.7806 2.4608
0.7838 2.5037
0.7871 2.6333
0.7992 3.7007
0.8297 6.5730
0.8632 9.9829
0.8878 12.8721
0.9024 14.8394
0.9096 15.0957
0.9115 14.0627
0.9104 13.2824
0.9092 13.7043
0.9092 14.6260
0.9102 15.2991
0.9112 15.3847
0.9115 14.7676
0.9107 13.5586
0.9084 12.0469
0.9049 10.6264
0.9014 10.6377
0.9019 13.2896
0.9063 16.2648
0.9112 18.2622
0.9149 19.2389
0.9169 19.5609
0.9180 20.0263
0.9186 20.2898
0.9188 20.2254
0.9188 19.7794
0.9183 18.8434
0.9173 17.3966
0.9155 15.5768
0.9127 13.4568
0.9087 11.5842
0.9041 10.3363
0.8999 9.6252
0.8966 9.2825
0.8945 9.1362
0.8933 9.0400
0.8926 8.9071
0.8919 8.6951
0.8908 8.3770
0.8892 7.9750
0.8869 7.5293
0.8841 7.0802
0.8808 6.6569
0.8772 6.2745
0.8736 5.9320
0.8699 5.6209
0.8662 5.3361
0.8625 5.0768
0.8588 4.8391
0.8551 4.6112
0.8512 4.3798
0.8469 4.1361
0.8420 3.8782
0.8362 3.6097
0.8295 3.3418
0.8220 3.1085
0.8148 2.9667
0.8096 2.9370
0.8076 2.9834
0.8081 3.0465
0.8097 3.0772
0.8108 3.0515
0.8102 2.9651
0.8075 2.8256
0.8025 2.6486
0.7955 2.5038
0.7915 2.6459
0.7965 3.0539
0.8087 3.5685
0.8233 4.0951
0.8367 4.5874
0.8475 5.0247
0.8557 5.3976
0.8616 5.6976
0.8658 5.9073
0.8684 5.9943
0.8695 5.9208
0.8689 5.6747
0.8663 5.2861
0.8617 4.7953
0.8547 4.2780
0.8458 3.7947
0.8353 3.3759
0.8240 3.0440
0.8131 2.8157
0.8039 2.6867
0.7976 2.6325
0.7942 2.6198
0.7928 2.6159
0.7922 2.5955
0.7912 2.5442
0.7890 2.4616
0.7854 2.3704
0.7810 2.2977
0.7771 2.2565
0.7745 2.2514
0.7738 2.2774
0.7748 2.3221
0.7770 2.3815
0.7803 2.4607
0.7846 2.5607
0.7895 2.6739
0.7946 2.7867
0.7995 2.8849
0.8037 2.9602
0.8070 3.0240
0.8098 3.1151
0.8133 3.2572
0.8176 3.4275
0.8224 3.5788
0.8265 3.6683
0.8291 3.6733
0.8297 3.5979
0.8283 3.4710
0.8252 3.3310
0.8213 3.2037
0.8172 3.0881
0.8130 2.9819
0.8095 2.9539
0.8089 3.1015
0.8132 3.4153
0.8214 3.8068
0.8311 4.1913
0.8399 4.5058
0.8467 4.6987
0.8509 4.7469
0.8534 5.0409
0.8606 6.7360
0.8747 9.4069
0.8889 11.7311
0.8993 13.1334
0.9052 13.4874
0.9076 13.2250
0.9079 13.0184
0.9075 13.0066
0.9073 13.1494
0.9076 13.9539
0.9095 16.4785
0.9130 19.7177
0.9167 21.8699
0.9191 21.2361
0.9193 19.1568
0.9180 17.3639
0.9161 16.2426
0.9142 15.3380
0.9123 14.2681
0.9101 12.9842
0.9072 11.6231
0.9036 10.3231
0.8993 9.1571
0.8943 8.1334
0.8887 7.2306
0.8825 6.4253
0.8756 5.7002
0.8678 5.0447
0.8591 4.4523
0.8493 3.9244
0.8384 3.4786
0.8270 3.1259
0.8158 2.8596
0.8055 2.6654
0.7967 2.5282
0.7897 2.4343
0.7844 2.3719
0.7806 2.3306
0.7780 2.3008
0.7761 2.2729
0.7744 2.2408
0.7727 2.2120
0.7713 2.2050
0.7709 2.2250
0.7718 2.2665
0.7740 2.3212
0.7769 2.3804
0.7801 2.4379
0.7833 2.4913
0.7861 2.5352
0.7884 2.5598
0.7898 2.5663
0.7903 2.5626
0.7903 2.5554
0.7900 2.5480
0.7897 2.5430
0.7894 2.5425
0.7893 2.5450
0.7893 2.5451
0.7893 2.5433
0.7893 2.5438
0.7893 2.5475
0.7895 2.5499
0.7895 2.5432
0.7892 2.5255
0.7885 2.5078
0.7878 2.5051
0.7877 2.5212
0.7882 2.5481
0.7893 2.5712
0.7902 2.5755
0.7904 2.5539
0.7896 2.5102
0.7877 2.4517
0.7849 2.3832
0.7813 2.3055
0.7770 2.2187
0.7718 2.1231
0.7657 2.0199
0.7586 1.9107
0.7505 1.7993
0.7416 1.6972
0.7334 1.6545
0.7317 1.7952
0.7431 2.1707
0.7652 2.6993
0.7904 3.2739
0.8127 3.8048
0.8296 4.2210
0.8408 4.4706
0.8470 4.5349
0.8490 4.4356
0.8478 4.2201
0.8439 3.9449
0.8383 3.6745
0.8319 3.4536
0.8257 3.2899
0.8204 3.1906
0.8188 3.5714
0.8338 6.0587
0.8617 10.0160
0.8866 13.8957
0.9032 17.1596
0.9127 19.6580
0.9176 21.3528
0.9199 21.8718
0.9204 20.6865
0.9194 18.4100
0.9173 16.4186
0.9150 16.1588
0.9144 17.7620
0.9158 20.6371
0.9184 23.8519
0.9210 25.8296
0.9228 26.4305
0.9235 25.6977
0.9233 23.6576
0.9221 21.0301
0.9201 18.4098
0.9173 16.1185
0.9141 14.2727
0.9107 12.8149
0.9072 11.6105
0.9037 10.4989
0.8998 9.4209
0.8953 8.3975
0.8901 7.4773
0.8843 6.6894
0.8781 6.0338
0.8717 5.4911
0.8652 5.0328
0.8587 4.6308
0.8521 4.2690
0.8453 3.9468
0.8383 3.6686
0.8313 3.4282
0.8244 3.2090
0.8173 2.9937
0.8096 2.7733
0.8008 2.5485
0.7906 2.3262
0.7789 2.1141
0.7660 1.9177
0.7518 1.7398
0.7369 1.5817
0.7215 1.4483
0.7069 1.3501
0.6948 1.2950
0.6870 1.2783
0.6837 1.2848
0.6836 1.2977
0.6849 1.3051
0.6861 1.3072
0.6871 1.3134
0.6885 1.3323
0.6912 1.3674
0.6955 1.4166
0.7013 1.4743
0.7078 1.5339
0.7144 1.5902
0.7205 1.6474
0.7286 1.8347
0.7469 2.3195
0.7739 2.9711
0.8013 3.6484
0.8241 4.2776
0.8409 4.8302
0.8525 5.2988
0.8604 5.6791
0.8657 5.9555
0.8690 6.0964
0.8706 6.0662
0.8705 5.8562
0.8685 5.4989
0.8645 5.0508
0.8587 4.5667
0.8511 4.0874
0.8418 3.6366
0.8310 3.2272
0.8190 2.8715
0.8062 2.5824
0.7936 2.3716
0.7826 2.2430
0.7747 2.1880
0.7703 2.1851
0.7691 2.2080
0.7700 2.2400
0.7719 2.2794
0.7744 2.3280
0.7774 2.3888
0.7809 2.4736
0.7854 2.5892
0.7909 2.7265
0.7969 2.8669
0.8026 2.9852
0.8073 3.0565
0.8103 3.0756
0.8115 3.0648
0.8117 3.0572
0.8116 3.0718
0.8122 3.1521
0.8153 3.3914
0.8220 3.7740
0.8310 4.1985
0.8401 4.5581
0.8482 5.1033
0.8599 7.0692
0.8765 10.1128
0.8919 12.7957
0.9026 14.5423
0.9086 15.1917
0.9111 14.8674
0.9112 13.8926
0.9095 12.6698
0.9067 11.3028
0.9028 10.0718
0.8991 9.8700
0.8987 11.5647
0.9021 13.7998
0.9067 15.4696
0.9104 16.2265
0.9125 15.9797
0.9127 14.8345
0.9111 13.1446
0.9078 11.3514
0.9030 9.7047
0.8970 8.2974
0.8900 7.1366
0.8822 6.2068
0.8741 5.5719
0.8687 6.0387
0.8742 8.9122
0.8869 12.0029
0.8986 14.1985
0.9064 15.0508
0.9099 14.2931
0.9098 12.9365
0.9076 11.7003
0.9045 10.8961
0.9017 10.4305
0.8994 10.0071
0.8973 9.4218
0.8947 8.6431
0.8909 7.7494
0.8858 6.8389
0.8792 5.9866
0.8713 5.2381
0.8622 4.6055
0.8525 4.1004
0.8429 3.7811
0.8356 3.6789
0.8320 3.7322
0.8319 3.8480
0.8337 3.9437
0.8357 3.9615
0.8364 3.8760
0.8350 3.6944
0.8310 3.4394
0.8245 3.1486
0.8156 2.8547
0.8049 2.5786
0.7929 2.3413
0.7810 2.1815
0.7718 2.1339
0.7679 2.1877
0.7694 2.2947
0.7743 2.3988
0.7796 2.4565
0.7830 2.4469
0.7833 2.3713
0.7801 2.2458
0.7735 2.0914
0.7641 1.9273
0.7525 1.7672
0.7394 1.6194
0.7254 1.4879
0.7112 1.3736
0.6971 1.2756
0.6837 1.1920
0.6710 1.1208
0.6593 1.0604
0.6486 1.0090
0.6389 0.9652
0.6302 0.9277
0.6223 0.8960
0.6154 0.8696
0.6095 0.8487
0.6048 0.8336
0.6015 0.8292
0.6017 0.8554
0.6089 0.9286
0.6245 1.0495
0.6466 1.2115
0.6722 1.4052
0.6981 1.6197
0.7219 1.8430
0.7426 2.0618
0.7596 2.2632
0.7730 2.4425
0.7835 2.6028
0.7918 2.7590
0.7990 2.9255
0.8057 3.1098
0.8131 3.4479
0.8242 4.1202
0.8386 4.9930
0.8531 5.9114
0.8658 6.8763
0.8762 7.9366
0.8846 9.0044
0.8909 9.7653
0.8948 9.9652
0.8964 9.7692
0.8963 9.4924
0.8955 9.4007
0.8950 9.4843
0.8950 9.6592
0.8960 10.5810
0.8997 13.0470
0.9053 15.6111
0.9101 16.6526
0.9128 16.5829
0.9141 17.2865
0.9154 18.9097
0.9170 20.2354
0.9183 20.8111
0.9190 20.1370
0.9184 18.2525
0.9169 16.9517
0.9156 17.0182
0.9151 17.3905
0.9150 16.8470
0.9143 16.0262
0.9137 16.5041
0.9143 17.9719
0.9156 19.1786
0.9170 19.6118
0.9176 19.0995
0.9173 17.5624
0.9155 15.0681
0.9118 12.4624
0.9064 10.2332
0.8995 8.4795
0.8915 7.2364
0.8835 6.4349
0.8763 5.8805
0.8699 5.4215
0.8639 4.9779
0.8575 4.5298
0.8501 4.0918
0.8416 3.6834
0.8320 3.3130
0.8214 2.9798
0.8099 2.6799
0.7974 2.4100
0.7840 2.1675
0.7697 1.9505
0.7544 1.7571
0.7384 1.5859
0.7218 1.4357
0.7050 1.3072
0.6884 1.2023
0.6732 1.1229
0.6603 1.0690
0.6507 1.0378
0.6446 1.0244
0.6419 1.0299
0.6476 1.1882
0.6773 1.6716
0.7229 2.3332
0.7674 3.0315
0.8023 3.6925
0.8266 4.2826
0.8427 4.7892
0.8530 5.2072
0.8597 5.5284
0.8641 5.7309
0.8665 5.7800
0.8672 5.6539
0.8660 5.3851
0.8629 5.0397
0.8584 4.6752
0.8528 4.3267
0.8465 4.0067
0.8397 3.7114
0.8324 3.4324
0.8246 3.1654
0.8161 2.9105
0.8068 2.6700
0.7966 2.4471
0.7857 2.2452
0.7744 2.0691
0.7630 1.9227
0.7522 1.8102
0.7433 1.7527
0.7385 1.7759
0.7398 1.8786
0.7467 2.0387
0.7574 2.2271
0.7693 2.4191
0.7806 2.5976
0.7901 2.7480
0.7975 2.8544
0.8025 2.9150
0.8055 2.9499
0.8074 3.0019
0.8095 3.1026
0.8129 3.2683
0.8182 3.5382
0.8260 3.9651
0.8359 4.5197
0.8465 5.0956
0.8559 5.5843
0.8631 5.9148
0.8677 6.0556
0.8699 6.0175
0.8702 5.9207
0.8699 5.9752
0.8704 6.2386
0.8733 7.2137
0.8814 9.7899
0.8926 12.7374
0.9020 14.2775
0.9075 14.5081
0.9099 14.5942
0.9109 15.1891
0.9118 15.6506
0.9123 15.4711
0.9119 14.5559
0.9104 13.0976
0.9075 11.4185
0.9031 9.7989
0.8974 8.4407
0.8916 8.1049
0.8911 10.2774
0.8970 13.3783
0.9044 15.9615
0.9103 17.3081
0.9135 16.5652
0.9133 14.1010
0.9102 12.0961
0.9065 11.7458
0.9050 12.5822
0.9058 13.6196
0.9075 14.2228
0.9088 14.0998
0.9089 13.2402
0.9074 11.8558
0.9041 10.2465
0.8989 8.6700
0.8919 7.2650
0.8832 6.0677
0.8726 5.0708
0.8603 4.2512
0.8462 3.5818
0.8304 3.0363
0.8131 2.5912
0.7943 2.2274
0.7744 1.9297
0.7538 1.6899
0.7333 1.5095
0.7149 1.3940
0.7010 1.3395
0.6929 1.3271
0.6897 1.3314
0.6892 1.3310
0.6889 1.3148
0.6872 1.2823
0.6834 1.2388
0.6777 1.1915
0.6710 1.1459
0.6638 1.1052
0.6569 1.0702
0.6507 1.0407
0.6455 1.0256
0.6443 1.0697
0.6598 1.3956
0.7007 2.0492
0.7498 2.8455
0.7923 3.6607
0.8234 4.4274
0.8441 5.1019
0.8573 5.6585
0.8656 6.0901
0.8707 6.3933
0.8738 6.5529
0.8753 6.5431
0.8753 6.3589
0.8738 6.0354
0.8707 5.6032
0.8661 5.1430
0.8603 4.7090
0.8536 4.3209
0.8466 4.0006
0.8399 3.7749
0.8343 3.6386
0.8303 3.5631
0.8277 3.5151
0.8259 3.4650
0.8243 3.3919
0.8222 3.2857
0.8190 3.1472
0.8147 2.9931
0.8100 2.9050
0.8074 2.9776
0.8093 3.2072
0.8156 3.5433
0.8247 3.9416
0.8345 4.3512
0.8434 4.7183
0.8507 5.0106
0.8560 5.2182
0.8595 5.3405
0.8615 5.3891
0.8627 5.5295
0.8664 6.7155
0.8768 9.4157
0.8899 12.3050
0.9007 14.5357
0.9079 15.8426
0.9118 16.2165
0.9132 15.6130
0.9124 14.0242
