0.9813
0.9831
0.8324
0.7157
0.6834
0.6713
0.6684
0.6669
0.6654
0.6664
0.6672
0.6667
0.6656
0.6657
0.6650
0.6665
0.6670
0.6657
0.6671
0.6701
0.6678
0.6670
0.6663
0.6669
0.6653
0.6660
0.6663
0.6678
0.6657
0.6668
0.6674
0.6657
0.6659
0.6682
0.6684
0.6694
0.6667
0.6642
0.6648
0.6662
0.6674
0.6675
0.6680
0.6686
0.6685
0.6664
0.6673
0.6683
0.6668
0.6654
0.6685
0.6681
0.6681
0.6675
0.6658
0.6654
0.6653
0.6665
0.6655
0.6664
0.6681
0.6665
0.6678
0.6665
0.6666
0.6679
0.6655
0.6657
0.6685
0.6665
0.6658
0.6684
0.6681
0.6686
0.6653
0.6659
0.6647
0.6659
0.6648
0.6676
0.6667
0.6669
0.6675
0.6669
0.6649
0.6669
0.6672
0.6671
0.6656
0.6658
0.6673
0.6658
0.6652
0.6654
0.6651
0.6660
0.6655
0.6679
0.6678
0.6662
0.6659
0.6660
0.6654
0.6654
0.6664
0.6662
0.6665
0.6654
0.6668
0.6691
0.6666
0.6643
0.6651
0.6670
0.6681
0.6717
0.6682
0.6685
0.6669
0.6678
0.6680
0.6673
0.6651
0.6661
0.6677
0.6661
0.6660
0.6671
0.6675
0.6669
0.6666
0.6658
0.6668
0.6649
0.6645
0.6654
0.6669
0.6666
0.6659
0.6665
0.6658
0.6670
0.6652
0.6660
0.6662
0.6658
0.6664
0.6646
0.6659
0.6644
