-0.3809 0.031706
-0.3856 0.026536
-0.3891 0.022139
-0.3915 0.018419
-0.3930 0.015286
-0.3936 0.012658
-0.3934 0.010462
-0.3926 0.008632
-0.3912 0.007111
-0.3892 0.005851
-0.3869 0.004808
-0.3842 0.003948
-0.3811 0.003238
-0.3778 0.002654
-0.3743 0.002174
-0.3706 0.001780
-0.3668 0.001456
-0.3629 0.001191
-0.3590 0.000974
-0.3550 0.000797
-0.3510 0.000651
-0.3471 0.000533
-0.3433 0.000436
-0.3396 0.000356
-0.3360 0.000291
-0.3326 0.000238
-0.3294 0.000195
-0.3264 0.000160
-0.3238 0.000131
-0.3216 0.000108
-0.3199 0.000089
-0.2697 0.243228
-0.2273 0.204968
-0.1917 0.172884
-0.1602 0.144482
-0.1305 0.117746
-0.1004 0.090686
-0.0542 0.098519
-0.0036 0.007341
0.0473 -0.084253
0.0896 -0.160652
0.1021 -0.275525
0.1034 -0.279350
0.0983 -0.265608
0.0905 -0.231441
0.0820 -0.199082
0.0728 -0.168899
0.0542 -0.170068
0.0383 -0.117304
0.0247 -0.074252
0.0126 -0.035902
0.0014 -0.004057
-0.0098 0.024100
-0.0214 0.050641
-0.0342 0.072509
-0.0488 0.093310
-0.0657 0.113999
-0.0846 0.134587
-0.1050 0.154495
-0.1258 0.172749
-0.1473 0.171520
-0.1713 0.164858
-0.1964 0.156324
-0.2214 0.145780
-0.2455 0.133655
-0.2679 0.120622
-0.2884 0.107362
-0.3068 0.094428
-0.3230 0.082215
-0.3372 0.070969
-0.3495 0.060814
-0.3599 0.051786
-0.3686 0.043861
-0.3759 0.036976
-0.3817 0.031045
-0.3862 0.025973
-0.3895 0.021661
-0.3918 0.018016
-0.3932 0.014947
-0.3937 0.012375
-0.3934 0.010226
-0.3925 0.008435
-0.3911 0.006948
-0.3891 0.005716
-0.3867 0.004697
-0.3839 0.003856
-0.3809 0.003163
-0.3775 0.002592
-0.3740 0.002123
-0.3703 0.001738
-0.3665 0.001422
-0.3626 0.001163
-0.3586 0.000951
-0.3547 0.000778
-0.3507 0.000636
-0.3468 0.000520
-0.3430 0.000425
-0.3393 0.000348
-0.3357 0.000285
-0.3323 0.000233
-0.3291 0.000191
-0.3262 0.000156
-0.3236 0.000128
-0.3215 0.000105
-0.3180 0.286803
-0.2660 0.239854
-0.2242 0.202197
-0.1891 0.170483
-0.1578 0.142274
-0.1281 0.115571
-0.0979 0.088365
-0.0504 0.091539
0.0005 0.000005
0.0511 -0.091079
0.0915 -0.246660
0.1025 -0.276489
0.1032 -0.278721
0.0977 -0.264030
0.0898 -0.228909
0.0813 -0.196712
0.0721 -0.166655
0.0529 -0.165679
0.0372 -0.113796
0.0237 -0.071269
0.0117 -0.033297
0.0006 -0.001818
-0.0106 0.026158
-0.0223 0.052538
-0.0352 0.074038
-0.0500 0.094820
-0.0670 0.115520
-0.0861 0.136100
-0.1066 0.155937
-0.1274 0.174041
-0.1491 0.171353
-0.1731 0.164517
-0.1982 0.155793
-0.2232 0.145088
-0.2471 0.132854
-0.2694 0.119769
-0.2897 0.106504
-0.3080 0.093601
-0.3240 0.081443
-0.3381 0.070265
-0.3502 0.060183
-0.3605 0.051229
-0.3692 0.043375
-0.3763 0.036556
-0.3820 0.030685
-0.3865 0.025666
-0.3897 0.021401
-0.3920 0.017797
-0.3933 0.014763
-0.3937 0.012221
-0.3935 0.010098
-0.3925 0.008329
-0.3910 0.006860
-0.3890 0.005643
-0.3866 0.004637
-0.3838 0.003806
-0.3807 0.003122
-0.3774 0.002558
-0.3738 0.002096
-0.3701 0.001715
-0.3663 0.001404
-0.3624 0.001148
-0.3585 0.000939
-0.3545 0.000768
-0.3506 0.000628
-0.3467 0.000513
-0.3429 0.000420
-0.3392 0.000343
-0.3356 0.000281
-0.3322 0.000230
-0.3291 0.000188
-0.3262 0.000154
-0.3236 0.000127
-0.3215 0.000104
-0.3146 0.283776
-0.2634 0.237482
-0.2221 0.200252
-0.1872 0.168801
-0.1560 0.140731
-0.1264 0.114057
-0.0961 0.086755
-0.0479 0.087028
0.0031 -0.004667
0.0534 -0.095313
0.0924 -0.248930
0.1027 -0.277087
0.1030 -0.278275
0.0973 -0.262151
0.0895 -0.227166
0.0809 -0.195145
0.0716 -0.165206
0.0521 -0.162807
0.0365 -0.111510
0.0231 -0.069327
0.0112 -0.031603
0.0000 -0.000343
-0.0112 0.027536
-0.0229 0.053688
-0.0359 0.075131
-0.0508 0.095904
-0.0679 0.116610
-0.0871 0.137176
-0.1076 0.156953
-0.1285 0.174943
-0.1502 0.171100
-0.1743 0.164177
-0.1995 0.155343
-0.2245 0.144542
-0.2483 0.132244
-0.2705 0.119131
-0.2907 0.105870
-0.3088 0.092994
-0.3248 0.080878
-0.3388 0.069750
-0.3508 0.059723
-0.3611 0.050823
-0.3696 0.043021
-0.3767 0.036250
-0.3823 0.030423
-0.3867 0.025443
-0.3899 0.021212
-0.3921 0.017638
-0.3934 0.014630
-0.3938 0.012110
-0.3935 0.010005
-0.3925 0.008252
-0.3910 0.006796
-0.3890 0.005590
-0.3866 0.004593
-0.3838 0.003770
-0.3807 0.003092
-0.3773 0.002534
-0.3738 0.002076
-0.3701 0.001699
-0.3662 0.001390
-0.3623 0.001137
-0.3584 0.000930
-0.3544 0.000760
-0.3505 0.000622
-0.3466 0.000508
-0.3428 0.000416
-0.3391 0.000340
-0.3355 0.000278
-0.3321 0.000228
-0.3290 0.000186
-0.3261 0.000153
-0.3235 0.000125
-0.3214 0.000103
-0.3168 0.285730
-0.2651 0.239020
-0.2235 0.201517
-0.1884 0.169898
-0.1572 0.141740
-0.1275 0.115049
-0.0972 0.087811
-0.0497 0.090443
0.0011 -0.001102
0.0516 -0.092064
0.0916 -0.246815
0.1024 -0.276397
0.1031 -0.278494
0.0976 -0.263567
0.0898 -0.228455
0.0812 -0.196355
0.0720 -0.166353
0.0528 -0.165119
0.0371 -0.113357
0.0236 -0.070899
0.0116 -0.032980
0.0005 -0.001529
-0.0107 0.026437
-0.0225 0.052740
-0.0353 0.074238
-0.0502 0.095032
-0.0672 0.115749
-0.0863 0.136343
-0.1068 0.156183
-0.1277 0.174274
-0.1494 0.171348
-0.1734 0.164485
-0.1985 0.155728
-0.2235 0.144994
-0.2475 0.132740
-0.2697 0.119644
-0.2900 0.106377
-0.3082 0.093478
-0.3243 0.081328
-0.3383 0.070159
-0.3504 0.060089
-0.3607 0.051146
-0.3694 0.043303
-0.3765 0.036494
-0.3822 0.030632
-0.3866 0.025621
-0.3899 0.021364
-0.3921 0.017765
-0.3934 0.014737
-0.3939 0.012199
-0.3936 0.010080
-0.3927 0.008314
-0.3912 0.006848
-0.3892 0.005633
-0.3868 0.004629
-0.3840 0.003800
-0.3809 0.003116
-0.3775 0.002554
-0.3740 0.002092
-0.3703 0.001713
-0.3665 0.001401
-0.3626 0.001146
-0.3586 0.000937
-0.3547 0.000767
-0.3507 0.000627
-0.3468 0.000512
-0.3430 0.000419
-0.3393 0.000343
-0.3357 0.000280
-0.3323 0.000229
-0.3291 0.000188
-0.3262 0.000154
-0.3237 0.000126
-0.3215 0.000104
-0.3197 0.000085
-0.2696 0.243126
-0.2272 0.204881
-0.1916 0.172798
-0.1601 0.144383
-0.1304 0.117623
-0.1003 0.090523
-0.0546 0.099112
-0.0039 0.007964
0.0470 -0.083682
0.0894 -0.160267
0.1018 -0.274786
0.1034 -0.279123
0.0983 -0.265699
0.0906 -0.231696
0.0822 -0.199406
0.0730 -0.169240
0.0545 -0.171022
0.0385 -0.118013
0.0249 -0.074809
0.0128 -0.036383
0.0016 -0.004401
-0.0096 0.023819
-0.0213 0.050385
-0.0340 0.072219
-0.0487 0.093062
-0.0655 0.113800
-0.0845 0.134445
-0.1049 0.154413
-0.1258 0.172727
-0.1473 0.172081
-0.1711 0.165338
-0.1962 0.156753
-0.2212 0.146177
-0.2453 0.134026
-0.2677 0.120970
-0.2882 0.107686
-0.3066 0.094726
-0.3229 0.082486
-0.3371 0.071212
-0.3494 0.061030
-0.3599 0.051977
-0.3687 0.044027
-0.3759 0.037120
-0.3817 0.031169
-0.3863 0.026079
-0.3897 0.021752
-0.3920 0.018093
-0.3934 0.015012
-0.3939 0.012430
-0.3937 0.010272
-0.3929 0.008474
-0.3914 0.006981
-0.3895 0.005743
-0.3871 0.004719
-0.3843 0.003874
-0.3813 0.003178
-0.3780 0.002605
-0.3744 0.002134
-0.3707 0.001747
-0.3669 0.001429
-0.3630 0.001169
-0.3591 0.000956
-0.3551 0.000782
-0.3512 0.000639
-0.3472 0.000523
-0.3434 0.000427
-0.3397 0.000349
-0.3361 0.000286
-0.3326 0.000234
-0.3293 0.000192
-0.3264 0.000157
-0.3237 0.000129
-0.3214 0.000106
-0.3195 0.000087
-0.2841 0.256174
-0.2389 0.215449
-0.2016 0.181788
-0.1691 0.152458
-0.1390 0.125348
-0.1091 0.098498
-0.0690 0.125100
-0.0190 0.035175
0.0325 -0.057609
0.0784 -0.140482
0.0995 -0.268409
0.1037 -0.280026
0.1003 -0.270973
0.0929 -0.241874
0.0847 -0.208716
0.0757 -0.177917
0.0597 -0.188905
0.0428 -0.131976
0.0286 -0.086503
0.0161 -0.046833
0.0048 -0.013142
-0.0064 0.015878
-0.0178 0.042770
-0.0301 0.066026
-0.0442 0.086997
-0.0604 0.107733
-0.0788 0.128439
-0.0989 0.148691
-0.1197 0.167594
-0.1408 0.173373
-0.1641 0.167117
-0.1890 0.159174
-0.2142 0.149187
-0.2387 0.137453
-0.2617 0.124605
-0.2827 0.111338
-0.3017 0.098252
-0.3186 0.085787
-0.3334 0.074231
-0.3462 0.063741
-0.3572 0.054375
-0.3665 0.046125
-0.3741 0.038937
-0.3803 0.032730
-0.3852 0.027411
-0.3889 0.022882
-0.3916 0.019046
-0.3932 0.015814
-0.3939 0.013101
-0.3939 0.010832
-0.3932 0.008940
-0.3919 0.007367
-0.3901 0.006063
-0.3879 0.004984
-0.3852 0.004093
-0.3822 0.003358
-0.3790 0.002753
-0.3755 0.002255
-0.3718 0.001846
-0.3681 0.001511
-0.3642 0.001236
-0.3602 0.001011
-0.3562 0.000827
-0.3522 0.000676
-0.3483 0.000552
-0.3444 0.000452
-0.3406 0.000369
-0.3369 0.000302
-0.3333 0.000247
-0.3300 0.000202
-0.3268 0.000166
-0.3239 0.000136
-0.3214 0.000111
-0.3192 0.000091
-0.3175 0.000075
-0.2682 0.241877
-0.2260 0.203752
-0.1904 0.171701
-0.1588 0.143239
-0.1290 0.116342
-0.0986 0.088987
-0.0523 0.095025
-0.0014 0.003402
0.0495 -0.088176
0.0904 -0.243467
0.1020 -0.275335
0.1033 -0.278866
0.0980 -0.264925
0.0902 -0.230637
0.0816 -0.198184
0.0724 -0.167936
0.0531 -0.166694
0.0374 -0.114736
0.0240 -0.072177
0.0120 -0.034214
0.0009 -0.002584
-0.0103 0.025449
-0.0220 0.051760
-0.0348 0.073297
-0.0496 0.094092
-0.0665 0.114796
-0.0855 0.135390
-0.1060 0.155265
-0.1268 0.173439
-0.1486 0.170568
-0.1728 0.163957
-0.1980 0.155400
-0.2231 0.144813
-0.2472 0.132659
-0.2695 0.119627
-0.2899 0.106397
-0.3082 0.093518
-0.3243 0.081376
-0.3384 0.070209
-0.3505 0.060137
-0.3608 0.051191
-0.3695 0.043343
-0.3766 0.036529
-0.3823 0.030662
-0.3868 0.025647
-0.3901 0.021386
-0.3923 0.017784
-0.3936 0.014753
-0.3941 0.012213
-0.3938 0.010091
-0.3929 0.008324
-0.3914 0.006856
-0.3894 0.005640
-0.3870 0.004634
-0.3842 0.003804
-0.3811 0.003120
-0.3777 0.002557
-0.3742 0.002094
-0.3705 0.001714
-0.3667 0.001403
-0.3627 0.001147
-0.3588 0.000938
-0.3548 0.000767
-0.3508 0.000627
-0.3469 0.000513
-0.3430 0.000419
-0.3392 0.000343
-0.3355 0.000280
-0.3320 0.000229
-0.3287 0.000188
-0.3256 0.000154
-0.3228 0.000126
-0.3204 0.000103
-0.3184 0.000085
-0.3078 0.277595
-0.2578 0.232487
-0.2174 0.195991
-0.1829 0.164935
-0.1519 0.136980
-0.1221 0.110140
-0.0900 0.162837
-0.0407 0.074199
0.0107 -0.018338
0.0604 -0.107852
0.0943 -0.254258
0.1031 -0.278356
0.1025 -0.276952
0.0963 -0.257869
0.0882 -0.222953
0.0795 -0.190988
0.0675 -0.216499
0.0490 -0.152980
0.0340 -0.103812
0.0210 -0.062921
0.0093 -0.026177
-0.0018 0.004304
-0.0130 0.031806
-0.0248 0.056959
-0.0381 0.078209
-0.0533 0.098938
-0.0708 0.119631
-0.0902 0.140119
-0.1109 0.159681
-0.1317 0.174459
-0.1542 0.168865
-0.1787 0.161895
-0.2041 0.152875
-0.2291 0.141886
-0.2528 0.129476
-0.2747 0.116353
-0.2946 0.103175
-0.3123 0.090452
-0.3279 0.078536
-0.3416 0.067633
-0.3532 0.057837
-0.3632 0.049166
-0.3714 0.041579
-0.3782 0.035006
-0.3836 0.029357
-0.3877 0.024536
-0.3908 0.020445
-0.3928 0.016991
-0.3939 0.014088
-0.3941 0.011656
-0.3937 0.009627
-0.3926 0.007938
-0.3910 0.006536
-0.3889 0.005375
-0.3864 0.004416
-0.3835 0.003624
-0.3804 0.002972
-0.3770 0.002435
-0.3734 0.001994
-0.3697 0.001632
-0.3658 0.001336
-0.3619 0.001093
-0.3580 0.000893
-0.3540 0.000731
-0.3500 0.000597
-0.3462 0.000488
-0.3423 0.000399
-0.3386 0.000327
-0.3351 0.000267
-0.3317 0.000219
-0.3285 0.000179
-0.3256 0.000147
-0.3230 0.000120
-0.3209 0.000099
-0.3191 0.000081
-0.2728 0.245990
-0.2298 0.207201
-0.1938 0.174769
-0.1621 0.146149
-0.1323 0.119306
-0.1022 0.092255
-0.0577 0.104796
-0.0072 0.013878
0.0439 -0.078160
0.0872 -0.156227
0.1014 -0.273660
0.1035 -0.279469
0.0988 -0.266911
0.0910 -0.233943
0.0826 -0.201388
0.0735 -0.171043
0.0554 -0.174062
0.0392 -0.120463
0.0255 -0.076917
0.0134 -0.038282
0.0022 -0.006011
-0.0090 0.022350
-0.0206 0.048979
-0.0333 0.071084
-0.0479 0.091957
-0.0646 0.112703
-0.0834 0.133370
-0.1038 0.153404
-0.1247 0.171841
-0.1461 0.172022
-0.1700 0.165454
-0.1951 0.157034
-0.2202 0.146588
-0.2444 0.134523
-0.2669 0.121510
-0.2875 0.108232
-0.3060 0.095254
-0.3224 0.082980
-0.3367 0.071663
-0.3491 0.061435
-0.3597 0.052334
-0.3686 0.044340
-0.3759 0.037390
-0.3818 0.031401
-0.3864 0.026277
-0.3898 0.021920
-0.3922 0.018235
-0.3936 0.015132
-0.3942 0.012530
-0.3940 0.010355
-0.3932 0.008544
-0.3918 0.007039
-0.3899 0.005791
-0.3875 0.004760
-0.3848 0.003908
-0.3818 0.003205
-0.3785 0.002628
-0.3750 0.002152
-0.3713 0.001762
-0.3675 0.001442
-0.3637 0.001180
-0.3598 0.000965
-0.3558 0.000789
-0.3519 0.000645
-0.3481 0.000528
-0.3443 0.000432
-0.3407 0.000353
-0.3371 0.000289
-0.3338 0.000237
-0.3307 0.000194
-0.3279 0.000159
-0.3254 0.000130
-0.3233 0.000107
-0.3071 0.276943
-0.2575 0.232223
-0.2174 0.196049
-0.1833 0.165299
-0.1527 0.137676
-0.1233 0.111234
-0.0914 0.165418
-0.0426 0.077533
0.0084 -0.014241
0.0580 -0.103658
0.0940 -0.253327
0.1030 -0.277929
0.1025 -0.276919
0.0964 -0.257134
0.0886 -0.223083
0.0801 -0.191633
0.0702 -0.224602
0.0509 -0.158556
0.0354 -0.107916
0.0221 -0.066073
0.0102 -0.028583
-0.0010 0.002345
-0.0123 0.030131
-0.0242 0.055999
-0.0374 0.077431
-0.0526 0.098294
-0.0700 0.119118
-0.0895 0.139761
-0.1102 0.159503
-0.1311 0.177314
-0.1529 0.172312
-0.1769 0.164894
-0.2019 0.155621
-0.2267 0.144475
-0.2503 0.131936
-0.2723 0.118676
-0.2923 0.105342
-0.3102 0.092445
-0.3260 0.080343
-0.3398 0.069250
-0.3518 0.059268
-0.3619 0.050419
-0.3704 0.042667
-0.3774 0.035943
-0.3830 0.030160
-0.3873 0.025219
-0.3905 0.021024
-0.3926 0.017479
-0.3939 0.014498
-0.3943 0.012000
-0.3940 0.009914
-0.3930 0.008177
-0.3915 0.006735
-0.3895 0.005540
-0.3871 0.004552
-0.3843 0.003737
-0.3812 0.003065
-0.3779 0.002512
-0.3744 0.002058
-0.3707 0.001685
-0.3669 0.001379
-0.3631 0.001128
-0.3592 0.000923
-0.3553 0.000755
-0.3515 0.000617
-0.3477 0.000505
-0.3441 0.000413
-0.3405 0.000338
-0.3371 0.000277
-0.3340 0.000227
-0.3311 0.000186
-0.3285 0.000152
-0.3264 0.000125
-0.3160 0.285031
-0.2647 0.238750
-0.2236 0.201597
-0.1889 0.170299
-0.1580 0.142480
-0.1288 0.116189
-0.0991 0.089472
-0.0519 0.094264
-0.0015 0.003590
0.0489 -0.087121
0.0904 -0.162186
0.1022 -0.275815
0.1031 -0.278450
0.0977 -0.262782
0.0902 -0.228622
0.0818 -0.197075
0.0726 -0.167388
0.0550 -0.171861
0.0387 -0.118210
0.0249 -0.074548
0.0126 -0.035723
0.0013 -0.003681
-0.0100 0.024651
-0.0218 0.051371
-0.0347 0.073451
-0.0495 0.094417
-0.0665 0.115302
-0.0856 0.136091
-0.1062 0.156152
-0.1272 0.174473
-0.1483 0.175616
-0.1718 0.168133
-0.1964 0.159009
-0.2212 0.148044
-0.2450 0.135611
-0.2673 0.122343
-0.2877 0.108889
-0.3060 0.095788
-0.3223 0.083423
-0.3366 0.072037
-0.3490 0.061753
-0.3595 0.052606
-0.3684 0.044572
-0.3758 0.037589
-0.3817 0.031571
-0.3864 0.026422
-0.3898 0.022043
-0.3923 0.018339
-0.3937 0.015220
-0.3944 0.012605
-0.3942 0.010418
-0.3934 0.008597
-0.3921 0.007083
-0.3902 0.005829
-0.3879 0.004791
-0.3852 0.003934
-0.3822 0.003227
-0.3790 0.002646
-0.3755 0.002168
-0.3719 0.001775
-0.3682 0.001453
-0.3644 0.001189
-0.3605 0.000972
-0.3567 0.000795
-0.3528 0.000651
-0.3491 0.000532
-0.3454 0.000435
-0.3419 0.000356
-0.3385 0.000292
-0.3353 0.000239
-0.3325 0.000196
-0.3299 0.000161
-0.3278 0.000132
-0.3157 0.284716
-0.2646 0.238586
-0.2235 0.201554
-0.1889 0.170368
-0.1582 0.142665
-0.1291 0.116511
-0.0996 0.089968
-0.0522 0.094869
-0.0020 0.004446
0.0483 -0.086126
0.0899 -0.161276
0.1022 -0.275764
0.1031 -0.278387
0.0977 -0.262268
0.0903 -0.228431
0.0819 -0.197080
0.0728 -0.167514
0.0557 -0.173860
0.0392 -0.119613
0.0252 -0.075569
0.0129 -0.036439
0.0015 -0.004249
-0.0099 0.024191
-0.0217 0.050998
-0.0345 0.073343
-0.0493 0.094353
-0.0664 0.115280
-0.0855 0.136113
-0.1061 0.156223
-0.1271 0.174594
-0.1481 0.177134
-0.1713 0.169394
-0.1958 0.160116
-0.2204 0.149054
-0.2442 0.136552
-0.2664 0.123223
-0.2869 0.109708
-0.3053 0.096540
-0.3216 0.084107
-0.3360 0.072651
-0.3484 0.062297
-0.3591 0.053084
-0.3681 0.044989
-0.3755 0.037949
-0.3815 0.031880
-0.3862 0.026686
-0.3897 0.022267
-0.3922 0.018528
-0.3938 0.015379
-0.3944 0.012738
-0.3944 0.010530
-0.3936 0.008690
-0.3923 0.007161
-0.3904 0.005893
-0.3881 0.004844
-0.3855 0.003977
-0.3825 0.003263
-0.3793 0.002675
-0.3759 0.002192
-0.3723 0.001795
-0.3685 0.001469
-0.3647 0.001202
-0.3609 0.000984
-0.3570 0.000805
-0.3532 0.000658
-0.3495 0.000538
-0.3458 0.000440
-0.3422 0.000360
-0.3388 0.000295
-0.3356 0.000242
-0.3327 0.000198
-0.3302 0.000162
-0.3280 0.000133
-0.3221 0.290534
-0.2696 0.243158
-0.2277 0.205309
-0.1925 0.173612
-0.1615 0.145630
-0.1324 0.119404
-0.1030 0.093021
-0.0576 0.104644
-0.0077 0.014729
0.0430 -0.076444
0.0860 -0.154120
0.1015 -0.273894
0.1033 -0.279024
0.0985 -0.266175
0.0911 -0.232005
0.0829 -0.200443
0.0738 -0.170705
0.0578 -0.181060
0.0409 -0.125196
0.0267 -0.080201
0.0142 -0.040440
0.0028 -0.007599
-0.0086 0.021157
-0.0204 0.048105
-0.0331 0.071044
-0.0476 0.092117
-0.0644 0.113065
-0.0834 0.133951
-0.1039 0.154207
-0.1249 0.172834
-0.1458 0.178067
-0.1688 0.170429
-0.1932 0.161326
-0.2178 0.150433
-0.2417 0.138045
-0.2642 0.124761
-0.2848 0.111227
-0.3035 0.097992
-0.3200 0.085458
-0.3346 0.073881
-0.3473 0.063399
-0.3581 0.054058
-0.3673 0.045840
-0.3748 0.038686
-0.3810 0.032513
-0.3859 0.027225
-0.3895 0.022725
-0.3921 0.018915
-0.3938 0.015705
-0.3945 0.013010
-0.3945 0.010757
-0.3938 0.008879
-0.3926 0.007318
-0.3908 0.006023
-0.3885 0.004951
-0.3859 0.004066
-0.3830 0.003336
-0.3798 0.002736
-0.3764 0.002241
-0.3728 0.001836
-0.3691 0.001503
-0.3653 0.001229
-0.3614 0.001006
-0.3575 0.000823
-0.3537 0.000673
-0.3499 0.000550
-0.3462 0.000450
-0.3425 0.000368
-0.3391 0.000301
-0.3358 0.000247
-0.3328 0.000202
-0.3301 0.000166
-0.3277 0.000136
-0.3258 0.000112
-0.2911 0.262571
-0.2450 0.220961
-0.2072 0.186849
-0.1746 0.157430
-0.1448 0.130587
-0.1157 0.104427
-0.0784 0.141988
-0.0294 0.053771
0.0217 -0.038179
0.0693 -0.123914
