-50.6141
-50.5711
-50.2786
-49.8364
-49.3051
-48.6580
-47.9296
-47.1858
-46.3785
-45.4760
-44.5530
-43.6002
-42.6323
-41.6540
-40.6461
-39.6452
-38.6372
-37.6406
-36.6368
-35.6421
-34.6400
-33.6532
-32.6700
-31.6859
-30.6969
-29.7034
-28.7041
-27.6882
-26.6469
-25.5796
-24.4700
-23.3055
-22.0632
-20.7142
-19.2137
-17.4934
-15.4425
-12.8669
-9.4075
-4.3782
2.4512
6.1463
9.8695
13.0787
15.4922
16.6375
17.0451
16.1823
15.1906
14.5208
13.8894
13.3454
12.5580
11.7914
11.1137
10.2180
9.2008
8.4962
7.7215
7.0563
6.3131
5.5428
4.6122
3.5280
2.1725
0.4460
-1.9124
-5.1052
-9.4584
-15.0609
-21.3483
-27.3999
-32.5740
-36.6944
-39.8308
-42.1361
-43.7692
-44.8691
-45.5511
-45.9055
-46.0043
-45.9021
-45.6422
-45.3219
-45.2427
-45.0095
-44.6819
-44.2813
-43.8236
-43.3301
-42.8010
-42.2122
-41.6296
-41.0522
-40.4588
-39.8745
-39.2399
-38.5973
-37.9994
-37.7368
-38.3624
-38.8710
-39.1499
-39.2906
-39.2656
-39.0776
-38.7978
-38.5266
-38.2278
-37.8873
-37.5139
-37.1664
-36.7637
-36.3763
-36.0556
-35.6410
-35.2609
-34.9576
-34.6443
-34.3334
-33.9655
-33.7220
-33.3102
-32.7140
-31.9414
-31.0904
-30.1106
-29.0403
-27.8952
-26.6640
-25.3776
-23.9789
-22.4550
-20.7720
-18.8681
-16.6146
-13.8288
-10.1086
-4.7180
3.5531
14.4873
24.5321
31.3816
35.1134
36.5011
36.2736
35.0302
33.2007
31.0727
28.8370
26.6015
24.4222
22.3196
20.2980
18.3456
16.4419
14.5593
12.6628
10.7056
8.6205
6.3063
3.5998
0.2299
-4.2316
-10.2517
-17.7012
-25.3873
-32.0899
-37.3750
-41.3208
-44.1610
-46.1342
-47.4412
-48.2401
-48.6518
-48.7679
-48.6578
-48.3739
-47.9703
-47.7746
-47.4549
-47.0445
-46.5634
-46.0127
-45.4254
-44.8289
-44.5590
-44.2708
-43.9535
-43.5474
-43.1703
-42.7851
-42.3823
-41.8784
-41.4278
-41.0021
-40.6896
-41.0409
-41.5174
-41.8670
-41.9725
-42.0496
-41.9785
-41.7523
-41.5322
-41.2721
-40.9347
-40.6341
-40.2836
-39.9794
-39.5468
-38.9796
-38.5005
-37.9401
-37.4138
-36.8730
-36.4093
-35.9470
-35.3603
-34.8298
-34.1529
-33.3016
-32.3269
-31.2462
-30.0517
-28.8269
-27.5004
-26.1281
-24.6382
-23.0214
-21.2478
-19.2480
-16.9138
-14.0269
-10.1904
-4.6198
3.9397
15.1602
25.2865
32.0932
35.7548
37.0633
36.7638
35.4556
33.5686
31.3958
29.1223
26.8536
24.6472
22.5248
20.4878
18.5234
16.6121
14.7265
12.8311
10.8797
8.8080
6.5176
3.8528
0.5535
-3.7951
-9.6729
-17.0356
-24.7588
-31.5730
-36.9801
-41.0317
-43.9564
-45.9951
-47.3521
-48.1891
-48.6298
-48.7681
-48.6750
-48.4857
-48.3759
-48.0976
-47.8714
-47.7093
-47.4542
-47.1289
-46.7253
-46.2370
-45.7540
-45.3054
-44.7268
-44.2031
-43.6711
-43.1269
-42.5980
-42.0995
-41.6302
-41.2576
-41.2776
-41.2043
-41.4486
-41.7113
-41.8220
-41.8171
-41.7487
-41.6264
-41.2401
-40.8443
-40.3645
-39.8705
-39.2027
-38.6586
-38.1530
-37.4975
-36.9561
-36.4048
-35.9069
-35.4818
-34.9548
-34.5782
-34.0853
-33.5820
-32.9727
-32.3294
-31.5811
-30.6349
-29.5916
-28.4242
-27.1937
-25.8960
-24.4685
-22.9394
-21.2545
-19.3412
-17.1066
-14.3678
-10.7738
-5.6057
2.3279
13.2086
23.6620
30.9773
35.0828
36.7161
36.6451
35.4864
33.6950
31.5754
29.3265
27.0680
24.8648
22.7399
20.7001
18.7335
16.8199
14.9352
13.0447
11.1042
9.0516
6.7935
4.1835
0.9760
-3.2252
-8.9099
-16.1397
-23.8961
-30.8551
-36.4278
-40.6251
-43.6670
-45.7966
-47.2232
-48.1132
-48.5944
-48.7637
-48.6943
-48.4417
-48.0626
-47.8758
-47.5692
-47.1654
-46.6842
-46.1593
-45.5697
-44.9621
-44.3528
-43.7131
-43.0505
-42.5852
-42.3599
-42.5375
-42.7040
-42.6769
-42.5793
-42.4560
-42.4197
-42.5946
-42.6779
-42.7987
-42.9079
-42.8366
-42.6372
-42.3208
-41.9937
-41.7416
-41.3653
-40.9452
-40.5673
-40.1641
-39.7185
-39.4225
-39.0005
-38.5511
-38.0428
-37.3915
-36.6721
-35.8948
-35.1362
-34.2380
-33.2471
-32.1367
-30.9879
-29.7708
-28.4627
-27.0674
-25.6160
-24.0524
-22.3520
-20.4964
-18.3526
-15.7933
-12.5217
-8.0278
-1.2583
8.8206
20.0877
28.8316
34.1572
36.6711
37.1714
36.3492
34.7312
32.6782
30.4359
28.1490
25.8998
23.7249
21.6390
19.6339
17.6946
15.7974
13.9113
11.9976
10.0032
7.8507
5.4220
2.5220
-1.1717
-6.1340
-12.7250
-20.4268
-27.8713
-34.0938
-38.8909
-42.4234
-44.9363
-46.6570
-47.7711
-48.4231
-48.7227
-48.7531
-48.5772
-48.2427
-47.9929
-47.7362
-47.3635
-46.9086
-46.3850
-45.8176
-45.3509
-45.1309
-44.9616
-44.9435
-44.8085
-44.6639
-44.4776
-44.5264
-44.6315
-44.5787
-44.4476
-44.3688
-44.2187
-43.9450
-43.7385
-43.4594
-43.2244
-42.9085
-42.6027
-42.2598
-41.9165
-41.5344
-41.1321
-40.6886
-40.2235
-39.5960
-38.9442
-38.1683
-37.3643
-36.5001
-35.5783
-34.5528
-33.4013
-32.1559
-30.8896
-29.5683
-28.1962
-26.7621
-25.2422
-23.6280
-21.8703
-19.9130
-17.6508
-14.9077
-11.3477
-6.2987
1.4235
12.2748
23.0611
30.7613
35.1594
36.9915
37.0340
35.9224
34.1376
32.0050
29.7356
27.4519
25.2203
23.0713
21.0096
19.0261
17.1010
15.2105
13.3206
11.3879
9.3530
7.1293
4.5784
1.4718
-2.5636
-8.0217
-15.0758
-22.8495
-29.9740
-35.7468
-40.1233
-43.3100
-45.5521
-47.0649
-48.0205
-48.5516
-48.7590
-48.7188
-48.4887
-48.1123
-47.6231
-47.0467
-46.4028
-45.9868
-45.6011
-45.1449
-44.6349
-44.0838
-43.8548
-43.9832
-44.0713
-43.9927
-43.9217
-43.7427
-43.9981
-44.0603
-44.1046
-44.0379
-43.9037
-43.6852
-43.5245
-43.2885
-43.0859
-42.8206
-42.6226
-42.5203
-42.2690
-41.8953
-41.5442
-41.1722
-40.7174
-40.2917
-39.7215
-39.0548
-38.2915
-37.4162
-36.5237
-35.4466
-34.3182
-33.2040
-31.9701
-30.6841
-29.3467
-27.9547
-26.4991
-24.9261
-23.2856
-21.4813
-19.4625
-17.1010
-14.1998
-10.3613
-4.8113
3.7178
14.9756
25.2140
32.1225
35.8469
37.1986
36.9129
35.6074
33.7175
31.5329
29.2482
26.9682
24.7527
22.6218
20.5778
18.6086
16.6938
14.8061
12.9104
10.9612
8.8946
6.6143
3.9672
0.6982
-3.6012
-9.4154
-16.7366
-24.4739
-31.3377
-36.8003
-40.9002
-43.8636
-45.9321
-47.3120
-48.1664
-48.6203
-48.7688
-48.6834
-48.4185
-48.0154
-47.5055
-46.9131
-46.2568
-45.5513
-44.8079
-44.0357
-43.5928
-43.1807
-42.7089
-42.2243
-41.7454
-41.9749
-42.1913
-42.4367
-42.5022
-42.4515
-42.7547
-42.9070
-43.0094
-43.0554
-43.0487
-43.0565
-42.8354
-42.6020
-42.4504
-42.3190
-42.1785
-41.9681
-41.7360
-41.4874
-41.2457
-40.9317
-40.7008
-40.2393
-39.7210
-39.0294
-38.3115
-37.5158
-36.6966
-35.8228
-34.7651
-33.5912
-32.3836
-31.0837
-29.7639
-28.3537
-26.8709
-25.3559
-23.6971
-21.9057
-19.9093
-17.5959
-14.8009
-11.1536
-5.9355
2.0581
13.1179
23.8181
31.3107
35.5235
37.2110
37.1473
35.9720
34.1471
31.9879
29.7038
27.4122
25.1774
23.0268
20.9656
18.9824
17.0585
15.1677
13.2767
11.3416
9.3033
7.0734
4.5125
1.3891
-2.6741
-8.1708
-15.2564
-23.0292
-30.1265
-35.8653
-40.2108
-43.3725
-45.5951
-47.0930
-48.0372
-48.5596
-48.7604
-48.7151
-48.4811
-48.1017
-47.6102
-47.0320
-46.3867
-45.6896
-45.1757
-44.8091
-44.3690
-43.8453
-43.2962
-42.7416
-42.1663
-41.5643
-41.4130
-41.2474
-41.0495
-41.1423
-41.2469
-41.5894
-41.9747
-42.2602
-42.4300
-42.4623
-42.4506
-42.4169
-42.2568
-42.1285
-41.9403
-41.7281
-41.4167
-41.2555
-40.9733
-40.4787
-40.1654
-39.8250
-39.4556
-39.0724
-38.6087
-38.0237
-37.4129
-36.6840
-35.9573
-35.0353
-33.9865
-32.8571
-31.5856
-30.3408
-29.0205
-27.6220
-26.1543
-24.5861
-22.8993
-21.0575
-18.9567
-16.4812
-13.3959
-9.2315
-3.0572
6.3293
17.7555
27.2722
33.3474
36.4225
37.3138
36.7327
35.2462
33.2572
31.0300
28.7346
26.4625
24.2628
22.1530
20.1265
18.1707
16.2652
14.3789
12.4761
10.5075
8.4033
6.0569
3.2970
-0.1621
-4.7638
-10.9538
-18.4955
-26.1264
-32.6931
-37.8344
-41.6568
-44.3986
-46.2958
-47.5447
-48.2992
-48.6771
-48.7674
-48.6374
-48.3382
-47.9086
-47.3783
-46.7700
-46.1016
-45.3867
-44.6361
-44.1432
-43.7547
-43.3111
-42.8216
-42.2861
-41.7426
-41.5131
-41.6800
-41.9825
-42.1888
-42.2524
-42.2802
-42.6407
-42.7681
-42.8558
-42.8774
-42.8251
-42.7658
-42.5611
-42.3666
-42.2120
-42.0232
-41.8042
-41.7064
-41.3471
-40.9893
-40.6979
-40.3649
-39.9608
-39.5908
-39.0947
-38.4568
-37.7823
-36.9882
-36.1801
-35.1445
-34.0520
-32.8749
-31.6607
-30.3651
-29.0008
-27.5735
-26.0848
-24.4814
-22.7599
-20.8908
-18.7584
-16.2235
-13.0364
-8.7005
-2.2117
7.5624
18.9831
28.1588
33.8745
36.6699
37.3549
36.6519
35.0870
33.0558
30.8129
28.5125
26.2444
24.0507
21.9468
19.9280
17.9775
16.0743
14.1879
12.2801
10.3005
8.1766
5.7971
2.9810
-0.5724
-5.3206
-11.6798
-19.2991
-26.8609
-33.2865
-38.2836
-41.9836
-44.6286
-46.4510
-47.6428
-48.3538
-48.6985
-48.7634
-48.6140
-48.2998
-47.8587
-47.3194
-46.7042
-46.0304
-45.5867
-45.1758
-44.7262
-44.2338
-43.6785
-43.2334
-43.1240
-42.9003
-42.6118
-42.3314
-42.3914
-42.4321
-42.3951
-42.2608
-41.9640
-42.1117
-42.3923
-42.4260
-42.4692
-42.4148
-42.2746
-42.2348
-42.0822
-41.9081
-41.5619
-41.2631
-40.8194
-40.4333
-39.9542
-39.5211
-39.0112
-38.4927
-38.0552
-37.5095
-36.7573
-35.9709
-35.0919
-34.2836
-33.3981
-32.4134
-31.2617
-30.0600
-28.7532
-27.4079
-25.9950
-24.4761
-22.8516
-21.0519
-18.9784
-16.5596
-13.5416
-9.4904
-3.5170
5.6040
16.9689
26.6526
32.9351
36.1723
37.1806
36.6814
35.2568
33.2993
31.0938
28.8089
26.5440
24.3458
22.2334
20.2063
18.2501
16.3442
14.4590
12.5586
10.5950
8.4989
6.1668
3.4307
0.0114
-4.5280
-10.6434
-18.1462
-25.8029
-32.4296
-37.6339
-41.5102
-44.2950
-46.2253
-47.4995
-48.2734
-48.6660
-48.7676
-48.6463
-48.3538
-47.9294
-47.4030
-47.0387
-46.6812
-46.2381
-45.7558
-45.2167
-45.0754
-44.8174
-44.4330
-44.0692
-43.7000
-43.2933
-42.8379
-42.3667
-41.9430
-41.7505
-41.7747
-41.6282
-41.4880
-41.3523
-41.0499
-41.3377
-41.4730
-41.7235
-41.7669
-41.7207
-41.4813
-41.2581
-40.9203
-40.5326
-40.1315
-39.5754
-38.9569
-38.3590
-37.8088
-37.2112
-36.6693
-36.1101
-35.5044
-34.8722
-34.1684
-33.4606
-32.6856
-31.9179
-31.0304
-30.0425
-28.9566
-27.7393
-26.4274
-25.0684
-23.5807
-21.9538
-20.1126
-18.0131
-15.4690
-12.2038
-7.6705
-0.8283
9.2854
20.3952
28.9305
34.0896
36.4974
36.9344
36.0875
34.4621
32.4194
30.1907
27.9196
25.6877
23.5295
21.4567
19.4618
17.5301
15.6382
13.7540
11.8381
9.8357
7.6682
5.2120
2.2647
-1.5086
-6.5901
-13.3015
-21.0338
-28.4054
-34.5162
-39.2063
-42.6503
-45.0937
-46.7610
-47.8346
-48.4556
-48.7316
-48.7440
-48.5543
-48.2091
-47.9930
-47.7205
-47.3565
-46.8935
-46.5627
-46.2906
-46.0045
-45.6374
-45.1766
-44.6891
-44.2539
-43.7552
-43.2635
-42.7092
-42.2130
-41.7555
-41.2779
-40.7670
-40.3051
-40.4264
-40.5303
-40.4904
-40.4217
-40.2522
-39.9213
-40.0148
-40.1239
-40.1298
-39.9357
-39.6280
-39.2870
-38.7990
-38.2097
-37.6650
-37.1876
-36.6159
-36.1497
-35.6964
-35.2656
-34.8534
-34.4315
-33.9319
-33.4085
-32.8511
-32.2808
-31.6531
-31.0603
-30.3657
-29.5450
-28.6080
-27.5462
-26.4582
-25.2244
-23.8910
-22.3882
-20.7278
-18.8250
-16.5817
-13.7897
-10.0613
-4.6289
3.6927
14.6760
24.7135
31.5247
35.2292
36.5970
36.3592
35.1088
33.2707
31.1420
28.9039
26.6647
24.4804
22.3774
20.3543
18.4007
16.4971
14.6165
12.7233
10.7705
8.6923
6.3895
3.7019
0.3631
-4.0493
-10.0082
-17.4206
-25.1218
-31.8707
-37.2065
-41.1964
-44.0719
-46.0726
-47.4006
-48.2156
-48.6395
-48.7651
-48.7354
-48.7442
-48.5704
-48.2503
-47.8332
-48.0109
-48.0391
-47.9085
-47.6322
-47.2895
-46.9282
-46.5000
-46.1138
-45.6538
-45.2661
-44.7955
-44.2717
-43.8897
-43.5049
-43.1052
-42.6637
-42.2405
-41.8630
-41.4976
-41.1757
-40.6632
-40.0811
-39.5706
-39.1678
-38.8874
-38.4036
-37.8496
-37.2476
-36.5804
-35.8079
-35.0970
-34.2828
-33.5004
-32.7545
-32.0252
-31.2371
-30.4867
-29.7328
-29.0466
-28.3561
-27.6447
-26.9795
-26.3415
-25.7441
-25.1427
-24.5150
-23.8266
-22.9340
-21.8747
-20.6341
-19.2326
-17.5286
-15.4420
-12.7722
-9.1451
-3.7880
4.3881
14.9019
24.3827
30.7831
34.2534
35.5155
35.2556
34.0352
32.2652
30.2141
28.0598
25.8988
23.7835
21.7354
19.7583
17.8391
15.9586
14.0890
12.1939
10.2229
8.1033
5.7238
2.9022
-0.6643
-5.4350
-11.8186
-19.4429
-26.9845
-33.3801
-38.3492
-42.0266
-44.6542
-46.4635
-47.6456
-48.3495
-48.6889
-48.9112
-49.0258
-48.9276
-48.6650
-48.2910
-47.8357
-47.4552
-47.4169
-47.2930
-47.1193
-46.9214
-46.5906
-46.2764
-45.9260
-45.5671
-45.1623
-44.7093
-44.2426
-43.8449
-43.4364
-43.0532
-42.6836
-42.2749
-41.8693
-41.4160
-40.9277
-40.4168
-39.8914
-39.3540
-39.4012
-39.2198
-38.8427
-38.3110
-37.6701
-36.9860
-36.2827
-35.4837
-34.7567
-34.0223
-33.2029
-32.4276
-31.6643
-30.8919
-30.0986
-29.3549
-28.6606
-27.9903
-27.3811
-26.7321
-26.0378
-25.3991
-24.6815
-23.8806
-22.9537
-21.8347
-20.5350
-19.0406
-17.2616
-15.0492
-12.2025
-8.2456
-2.3199
6.5900
17.2765
26.2026
31.9317
34.8563
35.7123
35.1956
33.8195
31.9578
29.8615
27.6873
25.5220
23.4116
21.3717
19.4022
17.4891
15.6121
13.7401
11.8341
9.8410
7.6826
5.2367
2.3030
-1.4501
-6.5029
-13.1846
-20.9056
-28.2882
-34.4194
-39.1303
-42.5920
-45.0498
-46.7284
-47.8107
-48.4385
-48.8099
-49.1012
-49.1506
-48.9931
-48.6926
-48.2814
-48.0487
-47.8100
-47.4911
-47.4107
-47.2289
-46.9965
-46.6783
-46.2828
-45.8544
-45.4125
-44.9325
-44.4684
-44.1615
-43.7312
-43.2950
-43.0360
-43.1546
-43.1263
-42.9159
-42.6258
-42.2827
-41.8745
-41.5642
-41.1425
-40.6852
-40.1393
-39.4578
-38.7037
-37.9418
-37.1161
-36.2767
-35.4230
-34.5442
-33.7226
-32.9369
-32.1148
-31.3291
-30.5442
-29.7897
-28.8353
-27.8093
-26.6781
-25.4362
-24.1099
-22.6439
-21.0088
-19.1462
-16.9797
-14.2834
-10.7385
-5.6555
2.1134
12.8335
23.2562
30.6057
34.7639
36.4500
36.4265
35.2997
33.5362
31.4428
29.2153
26.9753
24.7841
22.6690
20.6356
18.6734
16.7649
14.8828
12.9936
11.0521
8.9961
6.7320
4.1111
0.8848
-3.3468
-9.0721
-16.3309
-24.0810
-31.0091
-36.5461
-40.7118
-43.7284
-45.8383
-47.2499
-48.1285
-48.6010
-48.7636
-48.6891
-48.7201
-48.5764
-48.2915
-48.0029
-47.7941
-47.5224
-47.1687
-46.9952
-46.8059
-46.5658
-46.2817
-45.9225
-45.4912
-45.1883
-44.7858
-44.3313
-43.9269
-43.4599
-43.1216
-42.7157
-42.3501
-42.3848
-42.4183
-42.3197
-42.1541
-41.8735
-41.6251
-41.1293
-40.5668
-40.0165
-39.4447
-38.6789
-37.9167
-37.1604
-36.2955
-35.5025
-34.6943
-33.8047
-32.9532
-32.0958
-31.2739
-30.5334
-29.7934
-29.0422
-28.2122
-27.2606
-26.1906
-25.0128
-23.6972
-22.2834
-20.6785
-18.8315
-16.6565
-13.9308
-10.3361
-5.1107
2.8866
13.6768
23.8534
30.9159
34.8422
36.3735
36.2480
35.0754
33.2894
31.1908
28.9680
26.7390
24.5605
22.4581
20.4371
18.4833
16.5801
14.7002
12.8095
10.8615
8.7920
6.5034
3.8392
0.5394
-3.8108
-9.6906
-17.0535
-24.7737
-31.5834
-36.9865
-41.0349
-43.9572
-45.9941
-47.3500
-48.1861
-48.6262
-48.7641
-48.6707
-48.6569
-48.5172
-48.2253
-48.0739
-47.8870
-47.5567
-47.2091
-46.8802
-46.7194
-46.5162
-46.1652
-45.8383
-45.4944
-45.0485
-44.6912
-44.2973
-43.8878
-43.4758
-43.0769
-42.6702
-42.2638
-41.8651
-41.5629
-41.1807
-40.7742
-40.2830
-40.2001
-40.0296
-39.7637
-39.4193
-38.9593
-38.4140
-37.7234
-37.0023
-36.2129
-35.4374
-34.6127
-33.8314
-33.0430
-32.2313
-31.4739
-30.6737
-29.9668
-29.2001
-28.5099
-27.8038
-27.0797
-26.4463
-25.7617
-24.9246
-23.9547
-22.8336
-21.5824
-20.1265
-18.4261
-16.3941
-13.8416
-10.4300
-5.5188
1.9951
12.3702
22.5839
29.8692
34.0370
35.7723
35.8110
34.7639
33.0715
31.0434
28.8727
26.6770
24.5241
22.4389
20.4302
18.4862
16.5905
14.7165
12.8308
10.8884
8.8251
6.5451
3.8931
0.6125
-3.7080
-9.5498
-16.8864
-24.6115
-31.4470
-36.8799
-40.9547
-43.8985
-45.9522
-47.3210
-48.1671
-48.6149
-48.7587
-48.9493
-48.9290
-48.7298
-48.3987
-48.2508
-47.9882
-47.6464
-47.2298
-46.7941
-46.5947
-46.3890
-46.1289
-45.8534
-45.5234
-45.0918
-44.6898
-44.2548
-43.8375
-43.4452
-43.0467
-42.6773
-42.2897
-41.9429
-41.4208
-40.9726
-40.3880
-39.8840
-39.2289
-39.0846
-38.9995
-38.7310
-38.3247
-37.8999
-37.3813
-36.7592
-35.9470
-35.2110
-34.4453
-33.7213
-32.9314
-32.2038
-31.4031
-30.6997
-29.9808
-29.2866
-28.6242
-27.9710
-27.3367
-26.6434
-26.0095
-25.3246
-24.5217
-23.5921
-22.4979
-21.2513
-19.7844
-18.0659
-15.9894
-13.3806
-9.8669
-4.7441
3.0955
13.5843
23.4788
30.3583
34.1988
35.7034
35.6021
34.4691
32.7362
30.6904
28.5217
26.3419
24.2002
22.1315
20.1337
18.1995
16.3112
14.4403
12.5510
10.5967
8.5101
6.1883
3.4653
0.0641
-4.4485
-10.5310
-18.0127
-25.6735
-32.3196
-37.5462
-41.4425
-44.2436
-46.1869
-47.4712
-48.2530
-48.6517
-49.0202
-49.1559
-49.0482
-48.7986
-48.4233
-48.2686
-47.9999
-47.6525
-47.2166
-46.7545
-46.6451
-46.4087
-46.0763
-45.7453
-45.4217
-45.0347
-44.6562
-44.2293
-43.8447
-43.4811
-43.0481
-42.6157
-42.2248
-41.8355
-41.3322
-40.8593
-40.3509
-39.8833
-39.3295
-39.1867
-38.9671
-38.6128
-38.2990
-37.7781
-37.2037
-36.5786
-35.8846
-35.1128
-34.3596
-33.5778
-32.8367
-32.0643
-31.3504
-30.6568
-29.8852
-29.1636
-28.4797
-27.7698
-27.1475
-26.4537
-25.8107
-25.1525
-24.3746
-23.3698
-22.2908
-20.9667
-19.4652
-17.6836
-15.5292
-12.7657
-8.9944
-3.4069
5.0857
15.7947
25.1730
31.3863
34.6814
35.7979
35.4401
34.1500
32.3313
30.2482
28.0714
25.8965
23.7703
21.7163
19.7351
17.8124
15.9294
14.0579
12.1604
10.1855
8.0604
5.6730
2.8387
-0.7487
-5.5509
-11.9695
-19.6082
-27.1345
-33.5012
-38.4412
-42.0939
-44.7020
-46.4962
-47.6668
-48.3618
-48.7557
-49.1115
-49.1937
-49.0675
-48.7707
-48.4043
-48.2121
-47.8976
-47.5187
-47.0902
-46.7004
-46.5195
-46.2622
-46.0192
-45.7432
-45.4032
-44.9609
-44.5933
-44.2443
-43.9100
-43.4408
-42.9833
-42.6307
-42.1834
-41.7981
-41.3043
-40.7832
-40.2721
-40.2572
-40.0618
-39.8000
-39.3172
-38.8948
-38.5015
-37.9702
-37.3161
-36.6250
-35.8652
-35.0388
-34.3068
-33.5204
-32.7198
-31.9352
-31.1328
-30.3874
-29.6091
-28.8848
-28.2320
-27.5083
-26.8954
-26.1954
-25.3733
-24.4324
-23.3630
-22.1269
-20.7292
-19.1107
-17.1976
-14.8258
-11.7510
-7.4432
-0.9225
8.6655
19.4086
27.8213
33.0003
35.4732
36.0128
35.2666
33.7448
31.7946
29.6490
27.4481
25.2707
23.1569
21.1192
19.1528
17.2420
15.3627
13.4847
11.5677
9.5539
7.3611
4.8586
1.8307
-2.0779
-7.3572
-14.2548
-22.0154
-29.2555
-35.1822
-39.7006
-43.0037
-45.3369
-46.9199
-47.9292
-48.5013
-48.8497
-49.1067
-49.1083
-48.9446
-48.6214
-48.3905
-48.1655
-47.8354
-47.4256
-46.9776
-46.7200
-46.5238
-46.2395
-45.9222
-45.5730
-45.1577
-44.8089
-44.4273
-44.0065
-43.6310
-43.2122
-42.8436
-42.4857
-41.9380
-41.5351
-41.0789
-40.6990
-40.6371
-40.4466
-40.2814
-39.8801
-39.4902
-38.9266
-38.4361
-37.7797
-37.0804
-36.3650
-35.5748
-34.7869
-33.9799
-33.1633
-32.3536
-31.5871
-30.7991
-30.0801
-29.4016
-28.6826
-28.0086
-27.3379
-26.6212
-25.7849
-24.8504
-23.7389
-22.5285
-21.1099
-19.5007
-17.5955
-15.3075
-12.3611
-8.2892
-2.1889
6.9960
17.8649
26.7928
32.4751
35.3262
36.1190
35.5359
34.0953
32.1844
30.0522
27.8445
25.6558
23.5266
21.4732
19.4936
17.5719
15.6881
13.8112
11.9027
9.9102
7.7555
5.3180
2.4001
-1.3257
-6.3373
-12.9778
-20.6902
-28.1005
-34.2726
-39.0220
-42.5154
-44.9978
-46.6953
-47.7919
-48.4306
-48.7592
-49.0805
-49.1188
-48.9820
-48.6988
-48.4802
-48.2554
-47.9455
-47.5476
-47.0817
-46.8367
-46.5915
-46.3633
-46.0235
-45.6193
-45.3072
-44.9383
-44.5208
-44.0831
-43.6570
-43.2704
-42.8029
-42.3590
-41.9760
-41.5002
-41.0671
-40.5851
-40.1682
-40.0993
-39.9065
-39.6456
-39.2545
-38.8490
-38.3647
-37.7637
-37.0336
-36.3256
-35.5887
-34.8303
-34.0747
-33.2721
-32.5469
-31.8046
-31.0577
-30.3504
-29.5849
-28.8594
-28.1765
-27.4588
-26.7685
-26.0678
-25.2547
-24.3128
-23.1741
-21.9033
-20.4811
-18.8217
-16.8439
-14.3690
-11.1585
-6.5625
0.4239
10.4517
20.9865
28.8694
33.5516
35.6541
35.9476
35.0467
33.4415
31.4460
29.2788
27.0786
24.9141
22.8150
20.7906
18.8360
16.9316
15.0557
13.1752
11.2472
9.2116
6.9797
4.4097
1.2675
-2.8286
-8.3715
-15.4920
-23.2573
-30.3149
-36.0074
-40.3123
-43.4415
-45.6392
-47.1182
-48.0482
-48.5600
-48.9250
-49.1417
-49.0997
-48.9164
-48.5707
-48.3718
-48.1173
-47.7909
-47.3916
-46.9408
-46.7449
-46.5123
-46.2114
-45.9009
-45.5195
-45.1622
-44.7842
-44.4055
-44.0136
-43.6434
-43.2440
-42.8590
-42.4216
-41.9686
-41.4909
-40.9759
-40.4782
-39.9278
-39.7231
-39.5451
-39.2703
-38.9036
-38.5667
-38.0196
-37.3988
-36.6874
-36.0128
-35.2752
-34.4688
-33.6993
-32.9314
-32.1759
-31.4216
-30.7042
-29.9752
-29.2872
-28.6367
-27.9046
-27.2772
-26.6111
-25.9020
-25.1100
-24.2130
-23.1455
-21.9430
-20.5299
-18.9076
-16.9906
-14.5909
-11.4812
-7.1086
-0.4770
9.2340
19.8772
28.0963
33.0926
35.4337
35.8951
35.1019
33.5614
31.6020
29.4611
27.2655
25.0987
22.9974
20.9693
19.0093
17.1022
15.2259
13.3478
11.4268
9.4046
7.1962
4.6658
1.5903
-2.3969
-7.7880
-14.7837
-22.5506
-29.7142
-35.5401
-39.9660
-43.1935
-45.4679
-47.0057
-47.9805
-48.5265
-48.9385
-49.1562
-49.1508
-48.9487
-48.6253
-48.3777
-48.1489
-47.8201
-47.4304
-47.0251
-46.6760
-46.4856
-46.2667
-45.9191
-45.5855
-45.1730
-44.8220
-44.3969
-44.0220
-43.5443
-43.1667
-42.7990
-42.4451
-42.0317
-41.4803
-41.0052
-40.5378
-40.1839
-40.0965
-39.8543
-39.5509
-39.2250
-38.7555
-38.2517
-37.5937
-36.9001
-36.1797
-35.4909
-34.7165
-33.9468
-33.1526
-32.3571
-31.6214
-30.8447
-30.0499
-29.3220
-28.6503
-27.9948
-27.3722
-26.7114
-26.0063
-25.1911
-24.1942
-23.0746
-21.7893
-20.3415
-18.6323
-16.6010
-14.0929
-10.7466
-5.9642
1.3347
11.6026
21.9685
29.5121
33.8912
35.7791
35.9106
34.9180
33.2473
31.2232
29.0515
26.8505
24.6887
22.5967
20.5801
18.6311
16.7313
14.8557
12.9725
11.0351
8.9831
6.7224
4.1037
0.8799
-3.3491
-9.0712
-16.3262
-24.0736
-31.0005
-36.5372
-40.7033
-43.7204
-45.8309
-47.2431
-48.1222
-48.5951
-49.0622
-49.2197
-49.1631
-48.9175
-48.5621
-48.3985
-48.1543
-47.8155
-47.3865
-46.9226
-46.6940
-46.5207
-46.1993
-45.8414
-45.5070
-45.1144
-44.6869
-44.3180
-43.9206
-43.5050
-43.1143
-42.6659
-42.2887
-41.9027
-41.3613
-40.8191
-40.2648
-39.9110
-39.8937
-39.6309
-39.3129
-38.9745
-38.5280
-38.0481
-37.4425
-36.6910
-35.9924
-35.2592
-34.4155
-33.6297
-32.8376
-32.1025
-31.3428
-30.6166
-29.8963
-29.1421
-28.4793
-27.8551
-27.1774
-26.5316
-25.8984
-25.0839
-24.1043
-22.9723
-21.6865
-20.2236
-18.5005
-16.4549
-13.9037
-10.5105
-5.6137
1.8741
12.2481
22.4824
29.8223
34.0347
35.7962
35.8485
34.8009
33.1089
31.0756
28.9016
26.7046
24.5465
22.4592
20.4468
18.5005
16.6033
14.7293
12.8431
10.9006
8.8377
6.5581
3.9082
0.6311
-3.6840
-9.5186
-16.8509
-24.5783
-31.4200
-36.8597
-40.9403
-43.8888
-45.9460
-47.3175
-48.1656
-48.6149
-49.0486
-49.1986
-49.1302
-48.8845
-48.5224
-48.3864
-48.1038
-47.7199
-47.3229
-46.9014
-46.7310
-46.4655
-46.1477
-45.7955
-45.4605
-45.0585
-44.6802
-44.2959
-43.9462
-43.5399
-43.1415
-42.7612
-42.3994
-41.9513
-41.4689
-40.9101
-40.3352
-40.2273
-40.1482
-39.8984
-39.4849
-39.0967
-38.6521
-38.0278
-37.4263
-36.7819
-36.0813
-35.2934
-34.4652
-33.6630
-32.8634
-32.0989
-31.3688
-30.6039
-29.8259
-29.1235
-28.3910
-27.7370
-27.0408
-26.3906
-25.6167
-24.7154
-23.6845
-22.4659
-21.0956
-19.5309
-17.6739
-15.4404
-12.5391
-8.5618
-2.6448
6.2848
17.1210
26.2333
32.1131
35.1232
36.0357
35.5289
34.1455
32.2655
30.1474
27.9459
25.7588
23.6279
21.5728
19.5902
17.6695
15.7851
13.9098
12.0052
10.0196
7.8765
5.4586
2.5739
-1.0969
-6.0258
-12.5810
-20.2684
-27.7266
-33.9752
-38.7987
-42.3538
-44.8847
-46.6196
-47.7447
-48.4051
-48.8257
-49.1354
-49.1821
-49.0268
-48.7389
-48.4389
-48.2368
-47.9442
-47.5911
-47.1682
-46.8590
-46.6556
-46.3890
-46.0396
-45.7067
-45.3760
-45.0021
-44.5332
-44.1536
-43.6908
-43.2780
-42.8866
-42.4757
-42.1289
-41.6774
-41.1755
-40.7433
-40.7310
-40.6229
-40.3613
-40.0462
-39.5683
-39.0557
-38.4833
-37.8750
-37.2220
-36.4733
-35.7509
-34.9881
-34.1966
-33.3792
-32.6065
-31.8364
-31.0072
-30.2207
-29.4957
-28.7648
-28.0397
-27.3715
-26.6734
-25.8742
-24.9296
-23.8159
-22.5788
-21.1856
-19.5822
-17.7268
-15.4421
-12.5208
-8.4918
-2.4868
6.5680
17.4528
26.5280
32.3417
35.2838
36.1377
35.5916
34.1831
32.2833
30.1544
27.9471
25.7523
23.6183
21.5607
19.5765
17.6539
15.7680
13.8918
11.9863
9.9988
7.8529
5.4309
2.5395
-1.1427
-6.0886
-12.6617
-20.3549
-27.8038
-34.0370
-38.8453
-42.3878
-44.9087
-46.6359
-47.7551
-48.4111
-48.7665
-49.0862
-49.1336
-48.9966
-48.6931
-48.3814
-48.1705
-47.8979
-47.5497
-47.1486
-46.9114
-46.7141
-46.5203
-46.1282
-45.6937
-45.2553
-44.8572
-44.4238
-44.0142
-43.6286
-43.2299
-42.9645
-42.4843
-42.0387
-41.5886
-41.0274
-40.8318
-40.8597
-40.7049
-40.4648
-40.1220
-39.7005
-39.2798
-38.7317
-38.0274
-37.3005
-36.6112
-35.8753
-35.0496
-34.2036
-33.4201
-32.6363
-31.8258
-31.0854
-30.3490
-29.5897
-28.8680
-28.1416
-27.4562
-26.6636
-25.7433
-24.6728
-23.4811
-22.1629
-20.6724
-18.9432
-16.8828
-14.3455
-11.0054
-6.2606
0.9873
11.2726
21.8001
29.4878
33.9837
35.9452
36.1188
35.1475
33.4819
31.4521
29.2653
27.0497
24.8746
22.7682
20.7403
18.7831
16.8768
14.9983
13.1144
11.1818
9.1393
6.8962
4.3094
1.1393
-3.0020
-8.6062
-15.7748
-23.5369
-30.5516
-36.1914
-40.4490
-43.5397
-45.7074
-47.1634
-48.0759
-48.5742
-48.8198
-49.0386
-49.0375
-48.8374
-48.5040
-48.3760
-48.1001
-47.7688
-47.3724
-46.8972
-46.6969
-46.4449
-46.2022
-45.8620
-45.5734
-45.1934
-44.8329
-44.4446
-44.0419
-43.6635
-43.2325
-42.7758
-42.3659
-41.9693
-41.5194
-41.2308
-41.2566
-41.0787
-40.9266
-40.5729
-40.1140
-39.5892
-38.9930
-38.3453
-37.6471
-36.9592
-36.2252
-35.4101
-34.6347
-33.8460
-33.0180
-32.1399
-31.3686
-30.6156
-29.8872
-29.1605
-28.3952
-27.6956
-26.9153
-26.0215
-24.9857
-23.8607
-22.5789
-21.1434
-19.4741
-17.5350
-15.1552
-12.1078
-7.8513
-1.4704
8.0433
18.9276
27.5982
32.9828
35.6032
36.2298
35.5341
34.0302
32.0794
29.9232
27.7073
25.5132
23.3846
21.3314
19.3529
17.4342
15.5500
13.6719
11.7588
9.7563
7.5850
5.1192
2.1535
-1.6515
-6.7806
-13.5377
-21.2776
-28.6164
-34.6808
-39.3276
-42.7361
-45.1518
-46.7981
-47.8556
-48.4644
-48.7312
-48.9360
-49.0038
-48.8611
-48.5743
-48.2961
-48.1113
-47.8336
-47.5002
-47.0349
-46.8169
-46.5801
-46.2971
-45.9404
-45.5604
-45.2150
-44.8330
-44.4254
-44.0186
-43.6546
-43.2320
-42.8907
-42.5490
-42.1502
-41.7677
-41.6263
-41.6051
-41.3521
-41.2447
-40.8373
-40.3756
-39.8709
-39.3673
-38.7681
-38.0121
-37.3349
-36.5424
-35.7628
-34.9196
-34.0509
-33.2077
-32.4213
-31.6400
-30.8860
-30.1619
-29.4240
-28.7083
-28.0024
-27.2134
-26.2802
-25.2568
-24.1010
-22.7906
-21.3429
-19.6692
-17.7120
-15.3504
-12.3477
-8.1672
-1.9070
7.4717
18.4119
27.2755
32.8388
35.5869
36.3017
35.6633
34.1855
32.2461
30.0874
27.8655
25.6653
23.5294
21.4698
19.4860
17.5614
15.6756
13.7973
11.8875
9.8930
7.7351
5.2931
2.3686
-1.3682
-6.3960
-13.0532
-20.7705
-28.1719
-34.3296
-39.0651
-42.5469
-45.0202
-46.7106
-47.8018
-48.4364
-48.7228
-48.8960
-48.9876
-48.8678
-48.6098
-48.3360
-48.1528
-47.8508
-47.4860
-47.0368
-46.7818
-46.5892
-46.3722
-46.0497
-45.6848
-45.3792
-44.9624
-44.6164
-44.1959
-43.7957
-43.3418
-42.8984
-42.4600
-42.1340
-41.7063
-41.5553
-41.4366
-41.3265
-41.0920
-40.7675
-40.2826
-39.7847
-39.2606
-38.7079
-38.0384
-37.3517
-36.6282
-35.8516
-34.9991
-34.1377
-33.3295
-32.5653
-31.8338
-31.1021
-30.3667
-29.6524
-28.9441
-28.2175
-27.4639
-26.5498
-25.4862
-24.3431
-23.0723
-21.6414
-19.9922
-18.0870
-15.8001
-12.8918
-8.9253
-3.0497
5.8732
16.8547
26.1826
32.2391
35.3660
36.3384
35.8534
34.4721
32.5779
30.4372
28.2164
26.0075
23.8567
21.7845
19.7891
17.8577
15.9678
14.0894
12.1873
10.2099
8.0836
5.6959
2.8632
-0.7203
-5.5162
-11.9283
-19.5663
-27.0991
-33.4749
-38.4232
-42.0826
-44.6957
-46.4938
-47.6671
-48.3642
-48.6983
-48.8268
-48.9535
-48.8686
-48.6339
-48.3561
-48.2363
-47.9168
-47.5401
-47.0953
-46.7768
-46.5957
-46.3338
-46.0597
-45.7432
-45.4095
-45.0015
-44.5371
-44.1420
-43.6417
-43.2439
-42.8966
-42.5084
-42.1879
-41.8348
-41.6919
-41.5707
-41.3851
-41.2192
-40.8607
-40.3234
-39.9166
-39.4784
-38.9272
-38.2984
-37.5236
-36.7870
-35.9799
-35.1973
-34.3865
-33.5761
-32.7167
-31.9140
-31.1626
-30.3462
-29.6333
-28.9307
-28.2142
-27.4558
-26.5460
-25.5081
-24.3448
-23.0521
-21.6237
-20.0176
-18.1417
-15.8835
-13.0157
-9.1113
-3.3303
5.4549
16.4103
25.8559
32.0443
35.2800
36.3226
35.8874
34.5282
32.6512
30.5183
28.2997
26.0914
23.9401
21.8664
19.8692
17.9346
16.0424
14.1647
12.2641
10.2905
8.1716
5.7970
2.9865
-0.5596
-5.2977
-11.6453
-19.2572
-26.8196
-33.2504
-38.2538
-41.9597
-44.6095
-46.4358
-47.6307
-48.3442
-48.6909
-48.7899
-48.9275
-48.8564
-48.6199
-48.3631
-48.1724
-47.9110
-47.5170
-47.0946
-46.7404
-46.5645
-46.3536
-46.0719
-45.7848
-45.5446
-45.1614
-44.7087
-44.2573
-43.8275
-43.4583
-43.0586
-42.6991
-42.3145
-41.8683
-41.5716
-41.4725
-41.4115
-41.1887
-40.8688
-40.4378
-39.9741
-39.4588
-38.9023
-38.2848
-37.5492
-36.7836
-36.0298
-35.1677
-34.3335
-33.5040
-32.6756
-31.8539
-31.0685
-30.3347
-29.5954
-28.8302
-28.1170
-27.3673
-26.4833
-25.5278
-24.4037
-23.1524
-21.7523
-20.1621
-18.3075
-16.0982
-13.3081
-9.5364
-4.0105
4.4398
15.3337
25.0442
31.5451
35.0350
36.2589
35.9438
34.6649
32.8281
30.7165
28.5042
26.2926
24.1354
22.0552
20.0498
18.1104
16.2168
14.3402
12.4444
10.4811
8.3801
6.0363
3.2774
-0.1819
-4.7851
-10.9767
-18.5168
-26.1427
-32.7033
-37.8395
-41.6580
-44.3971
-46.2924
-47.5400
-48.2936
-48.6709
-48.7608
-48.9166
-48.8708
-48.6399
-48.3247
-48.1679
-47.9226
-47.6084
-47.1994
-46.8061
-46.6640
-46.4082
-46.0733
-45.7706
-45.3014
-44.9637
-44.5786
-44.2170
-43.7587
-43.3616
-42.9756
-42.6554
-42.3407
-41.9296
-41.5330
-41.5149
-41.4355
-41.3320
-41.0402
-40.6285
-40.1786
-39.6777
-39.0228
-38.4943
-37.8097
-37.0249
-36.1626
-35.3065
-34.4437
-33.6155
-32.7698
-31.9736
-31.2128
-30.5005
-29.7693
-29.0142
-28.3465
-27.6184
-26.8186
-25.8848
-24.7751
-23.5524
-22.2017
-20.6759
-18.9095
-16.8289
-14.2600
-10.8571
-5.9960
1.4600
11.8955
22.3384
29.8765
34.2328
36.0732
36.1682
35.1414
33.4411
31.3918
29.1960
26.9739
24.7970
22.6925
20.6656
18.7090
16.8046
14.9255
13.0400
11.1040
9.0548
6.8010
4.1957
0.9945
-3.1970
-8.8688
-16.0882
-23.8437
-30.8093
-36.3908
-40.5963
-43.6450
-45.7800
-47.2109
-48.1042
-48.5880
-48.7592
-48.8405
-48.8746
-48.7113
-48.3939
-48.2586
-48.0280
-47.7217
-47.3224
-46.8642
-46.6414
-46.4404
-46.1304
-45.8374
-45.4915
-45.1269
-44.6970
-44.2844
-43.8875
-43.4449
-43.0916
-42.7148
-42.3067
-41.9488
-41.5024
-41.5146
-41.3978
-41.2773
-40.9980
-40.6066
-40.1337
-39.6983
-39.1827
-38.4762
-37.8188
-37.0856
-36.3196
-35.5756
-34.7419
-33.9566
-33.1857
-32.3763
-31.5489
-30.8328
-30.0514
-29.3283
-28.5975
-27.8954
-27.0380
-26.1098
-25.0615
-23.8920
-22.5583
-21.0670
-19.3774
-17.3898
-14.9686
-11.8050
-7.4040
-0.7419
9.0570
19.8870
28.2801
33.3950
35.8073
36.2848
35.4865
33.9217
31.9398
29.7659
27.5427
25.3485
23.2222
21.1750
19.2017
17.2842
15.4015
13.5211
11.6025
9.5894
7.3987
4.9008
1.8812
-2.0127
-7.2707
-14.1494
-21.9089
-29.1648
-35.1121
-39.6494
-42.9677
-45.3128
-46.9048
-47.9210
-48.4983
-48.7410
-48.7858
-48.8604
-48.7495
-48.5055
-48.3253
-48.1040
-47.7860
-47.4239
-46.9592
-46.6456
-46.3814
-46.1014
-45.7973
-45.5122
-45.1549
-44.8321
-44.4200
-44.0060
-43.5723
-43.1073
-42.7189
-42.3653
-42.0386
-41.6872
-41.5498
-41.5548
-41.4811
-41.2389
-40.8193
-40.3826
-39.9171
-39.4589
-38.9514
-38.2889
-37.4905
-36.7110
-35.8585
-35.0570
-34.2185
-33.4154
-32.5644
-31.7994
-31.0188
-30.2520
-29.5437
-28.8231
-28.0754
-27.3292
-26.4269
-25.4149
-24.2382
-22.9215
-21.4667
-19.8100
-17.8643
-15.5177
-12.5312
-8.4378
-2.3082
6.9361
17.9235
26.9390
32.6749
35.5554
36.3485
35.7523
34.3056
32.3778
30.2234
28.0005
25.7957
23.6526
21.5876
19.5985
17.6707
15.7827
13.9046
11.9977
10.0087
7.8620
5.4399
2.5491
-1.1313
-6.0744
-12.6447
-20.3377
-27.7893
-34.0262
-38.8379
-42.3829
-44.9059
-46.6346
-47.7549
-48.4117
-48.7150
-48.7483
-48.8451
-48.7718
-48.5178
-48.3232
-48.1553
-47.8463
-47.4972
-47.0982
-46.7605
-46.6034
-46.3642
-46.0547
-45.6833
-45.2766
-44.8654
-44.4369
-44.0674
-43.7685
-43.3761
-42.9794
-42.6685
-42.2513
-41.8933
-41.6870
-41.6440
-41.4160
-41.2079
-40.9211
-40.4894
-40.0238
-39.5086
-38.9773
-38.2764
-37.5945
-36.8069
-36.0219
-35.2137
-34.4314
-33.6688
-32.8796
-32.0315
-31.2362
-30.4490
-29.6981
-28.9375
-28.2276
-27.4926
-26.6238
-25.5710
-24.4620
-23.2026
-21.8082
-20.2135
-18.3524
-16.1320
-13.3233
-9.5355
-3.9939
4.4806
15.3875
25.1029
31.6053
35.0872
36.3028
35.9853
34.6963
32.8539
30.7347
28.5185
26.3064
24.1482
22.0662
20.0608
18.1212
16.2269
14.3493
12.4531
10.4895
8.3888
6.0459
3.2895
-0.1668
-4.7649
-10.9506
-18.4878
-26.1161
-32.6819
-37.8234
-41.6464
-44.3891
-46.2871
-47.5367
-48.2920
-48.6704
-48.7612
-48.8206
-48.7782
-48.5929
-48.3356
-48.2132
-47.9622
-47.5795
-47.1577
-46.7331
-46.5652
-46.3532
-46.0834
-45.7363
-45.4020
-45.0678
-44.6478
-44.2132
-43.8253
-43.4573
-43.0407
-42.6508
-42.2790
-41.8938
-41.7174
-41.6477
-41.5632
-41.3541
-41.0636
-40.6555
-40.1401
-39.7600
-39.1115
-38.4882
-37.7940
-37.0339
-36.2607
-35.4698
-34.6125
-33.7542
-32.8950
-32.1143
-31.3067
-30.5529
-29.7985
-29.0379
-28.3347
-27.5889
-26.7032
-25.6824
-24.5268
-23.2479
-21.8490
-20.2213
-18.3571
-16.1302
-13.3398
-9.5652
-4.0290
4.4263
15.3272
25.0652
31.5899
35.0907
36.3182
36.0019
34.7175
32.8789
30.7600
28.5410
26.3242
24.1636
22.0811
20.0753
18.1342
16.2405
14.3645
12.4695
10.5068
8.4082
6.0678
3.3159
-0.1324
-4.7181
-10.8891
-18.4189
-26.0524
-32.6301
-37.7840
-41.6177
-44.3688
-46.2733
-47.5279
-48.2869
-48.6683
-48.7613
-48.7744
-48.7417
-48.5487
-48.2796
-48.1733
-47.9256
-47.5666
-47.1722
-46.7014
-46.5919
-46.3604
-46.0761
-45.6802
-45.3347
-44.9783
-44.5834
-44.1687
-43.7773
-43.3366
-42.9277
-42.5866
-42.2020
-41.8428
-41.6358
-41.5865
-41.4615
-41.3135
-41.0609
-40.7308
-40.2205
-39.7168
-39.2119
-38.5625
-37.8542
-37.0597
-36.2680
-35.4537
-34.5847
-33.7688
-32.9348
-32.1259
-31.3827
-30.6145
-29.8862
-29.1993
