0.9856
0.9807
0.9033
0.8062
0.7998
0.8175
0.8123
0.8044
0.8006
0.7977
0.7966
0.7972
0.7966
0.7963
0.7971
0.7959
0.7963
0.7968
0.7969
0.7972
0.7964
0.7969
0.7969
0.7972
0.7960
0.7952
0.7968
0.7966
0.7966
0.7961
0.7959
0.7977
0.7969
0.7967
0.7956
0.7964
0.7966
0.7970
0.7967
0.7966
0.7961
0.7965
0.7967
0.7963
0.7963
0.7964
0.7972
0.7967
0.7966
0.7971
0.7968
0.7970
0.7956
0.7957
0.7964
0.7965
0.7975
0.7961
0.7964
0.7964
0.7964
0.7966
0.7965
0.7967
0.7966
0.7965
0.7965
0.7974
0.7962
0.7962
0.7972
0.7961
0.7960
0.7964
0.7966
0.7972
0.7959
0.7974
0.7979
0.7982
0.7971
0.7961
0.7958
0.7968
0.7967
0.7961
0.7964
0.7961
0.7965
0.7964
0.7964
0.7976
0.7967
0.7963
0.7961
0.7962
0.7961
0.7968
0.7964
0.7961
0.7971
0.7963
0.7962
0.7970
0.7973
0.7967
0.7962
0.7975
0.7963
0.7964
0.7963
0.7957
0.7963
0.7961
0.7967
0.7969
0.7966
0.7966
0.7982
0.7968
0.7968
0.7970
0.7971
0.7969
0.7971
0.7962
0.7963
0.7970
0.7976
0.7967
0.7976
0.7962
0.7969
0.7972
0.7961
0.7973
0.7972
0.7970
0.7970
0.7974
0.7974
0.7964
0.7965
0.7965
0.7970
0.7962
0.7966
0.7967
0.7963
0.7959
