-0.2514
-0.2866
-0.3127
-0.3310
-0.3432
-0.3537
-0.3600
-0.3637
-0.3685
-0.3713
-0.3719
-0.3730
-0.3721
-0.3698
-0.3665
-0.3624
-0.3580
-0.3533
-0.3484
-0.3435
-0.3386
-0.3336
-0.3288
-0.3240
-0.3193
-0.3147
-0.3103
-0.3059
-0.3017
-0.2976
-0.2937
-0.2899
-0.2862
-0.2820
-0.2774
-0.2723
-0.2659
-0.2579
-0.2486
-0.2375
-0.2246
-0.2100
-0.1935
-0.1747
-0.1526
-0.1255
-0.0900
-0.0385
0.0402
0.1401
0.2260
0.2819
0.3114
0.3218
0.3194
0.3090
0.2941
0.2769
0.2590
0.2412
0.2241
0.2077
0.1921
0.1774
0.1634
0.1500
0.1370
0.1244
0.1120
0.0995
0.0867
0.0734
0.0592
0.0433
0.0250
0.0026
-0.0262
-0.0640
-0.1122
-0.1664
-0.2181
-0.2614
-0.2948
-0.3192
-0.3362
-0.3474
-0.3568
-0.3625
-0.3651
-0.3691
-0.3720
-0.3723
-0.3735
-0.3728
-0.3706
-0.3673
-0.3634
-0.3591
-0.3545
-0.3497
-0.3448
