-0.4197 0.017146
-0.4197 0.014180
-0.4192 0.011714
-0.4183 0.009667
-0.4171 0.007970
-0.4155 0.006566
-0.4136 0.005406
-0.4115 0.004449
-0.4092 0.003659
-0.4067 0.003007
-0.4041 0.002471
-0.4013 0.002029
-0.3983 0.001666
-0.3951 0.001367
-0.3916 0.001120
-0.3879 0.000918
-0.3838 0.000751
-0.3794 0.000614
-0.3748 0.000502
-0.3701 0.000410
-0.3653 0.000334
-0.3605 0.000273
-0.3558 0.000223
-0.3514 0.000182
-0.3472 0.000149
-0.3434 0.000122
-0.3399 0.000100
-0.3369 0.000082
-0.3343 0.000067
-0.3321 0.000055
-0.3302 0.000045
-0.3286 0.000037
-0.3271 0.000031
-0.3256 0.000025
-0.3241 0.000021
-0.3224 0.000017
-0.3205 0.000014
-0.3185 0.000012
-0.3164 0.000009
-0.3139 0.000008
-0.3108 0.000006
-0.3068 0.000005
-0.3019 0.000004
-0.2963 0.000003
-0.2904 0.000003
-0.2845 0.000002
-0.2787 0.000002
-0.2732 0.000001
-0.2681 0.000001
-0.2633 0.000001
-0.2590 0.000001
-0.2551 0.000001
-0.2515 0.000001
-0.2484 0.000000
-0.2456 0.000000
-0.2432 0.000000
-0.2411 0.000000
-0.2395 0.000000
-0.2379 0.029740
-0.2311 0.028900
-0.2223 0.055597
-0.2110 0.052781
-0.2001 0.050052
-0.1890 0.047286
-0.1773 0.044365
-0.1646 0.041194
-0.1506 0.037687
-0.1347 0.033719
-0.1160 0.029062
-0.0929 0.023302
-0.0624 0.015679
-0.0190 0.004874
0.0428 -0.010529
0.1164 -0.028932
0.1800 -0.067317
0.2174 -0.081429
0.2352 -0.088162
0.2389 -0.089589
0.2334 -0.087572
0.2225 -0.083017
0.2090 -0.073549
0.1909 -0.083965
0.1742 -0.070889
0.1585 -0.060190
0.1433 -0.051215
0.1283 -0.043488
0.1132 -0.036646
0.0977 -0.030390
0.0813 -0.024443
0.0634 -0.018522
0.0431 -0.011639
0.0188 -0.004669
-0.0121 0.002651
-0.0536 0.011063
-0.1082 0.020909
-0.1712 0.031180
-0.2316 0.040016
-0.2821 0.046507
-0.3211 0.050818
-0.3500 0.053465
-0.3708 0.054941
-0.3855 0.053653
-0.3964 0.045676
-0.4049 0.038617
-0.4114 0.032475
-0.4161 0.027193
-0.4195 0.022692
-0.4217 0.018882
-0.4229 0.015674
-0.4232 0.012985
-0.4228 0.010738
-0.4217 0.008866
-0.4200 0.007310
-0.4178 0.006020
-0.4153 0.004953
-0.4123 0.004071
-0.4091 0.003344
-0.4057 0.002745
-0.4021 0.002253
-0.3985 0.001848
-0.3948 0.001516
-0.3911 0.001243
-0.3875 0.001020
-0.3841 0.000837
-0.3807 0.000687
-0.3775 0.000564
-0.3745 0.000463
-0.3717 0.000380
-0.3689 0.000313
-0.3661 0.000257
-0.3634 0.000211
-0.3605 0.000173
-0.3576 0.000142
-0.3546 0.000117
-0.3515 0.000096
-0.3484 0.000079
-0.3453 0.000065
-0.3423 0.000053
-0.3394 0.000044
-0.3368 0.000036
-0.3345 0.000029
-0.3325 0.000024
-0.3310 0.000020
-0.3299 0.000016
-0.3293 0.000014
-0.3292 0.000011
-0.3293 0.000009
-0.3291 0.000008
-0.3284 0.000006
-0.3269 0.000005
-0.3244 0.000004
-0.3212 0.000004
-0.3172 0.000003
-0.3128 0.000002
-0.3081 0.000002
-0.3034 0.000002
-0.2988 0.000001
-0.2945 0.000001
-0.2906 0.000001
-0.2872 0.000001
-0.2843 0.000001
-0.2821 0.000000
-0.2805 0.000000
-0.2797 0.000000
-0.2795 0.000000
-0.2801 0.000000
-0.2815 0.000000
-0.2835 0.000000
-0.2863 0.000000
-0.2897 0.000000
-0.2936 0.000000
-0.2981 0.000000
-0.3031 0.000000
-0.3083 0.000000
-0.3137 0.000000
-0.3188 0.000000
-0.3235 0.000000
-0.3276 0.000000
-0.3309 0.000000
-0.3333 0.000000
-0.3348 0.000000
-0.3354 0.000000
-0.3352 0.000000
-0.3342 0.000000
-0.3326 0.000000
-0.3307 0.000000
-0.3284 0.000000
-0.3260 0.000000
-0.3234 0.000000
-0.3208 0.000000
-0.3180 0.000000
-0.3151 0.000000
-0.3119 0.000000
-0.3029 0.037881
-0.2922 0.036536
-0.2818 0.035234
-0.2717 0.033972
-0.2619 0.032750
-0.2524 0.031565
-0.2432 0.030412
-0.2342 0.029283
-0.2253 0.028171
-0.2165 0.027071
-0.2077 0.025974
-0.1959 0.049000
-0.1818 0.045488
-0.1673 0.041852
-0.1517 0.037969
-0.1344 0.033644
-0.1140 0.028564
-0.0885 0.022198
-0.0540 0.013594
-0.0041 0.001172
0.0655 -0.015564
0.1418 -0.031109
0.2024 -0.041177
0.2400 -0.045607
0.2580 -0.046140
0.2618 -0.044394
0.2562 -0.041482
0.2448 -0.038086
0.2302 -0.034595
0.2093 -0.056740
0.1896 -0.050713
0.1709 -0.045200
0.1531 -0.038081
0.1362 -0.030975
0.1198 -0.025124
0.1033 -0.020152
0.0861 -0.015763
0.0675 -0.011695
0.0465 -0.007682
0.0213 -0.003395
-0.0110 0.001622
-0.0546 0.007964
-0.1120 0.015972
-0.1777 0.024826
-0.2397 0.032899
-0.2906 0.039289
-0.3294 0.043970
-0.3578 0.047246
-0.3780 0.049452
-0.3918 0.050865
-0.4010 0.047181
-0.4078 0.039680
-0.4130 0.033222
-0.4166 0.027712
-0.4190 0.023045
-0.4203 0.019114
-0.4207 0.015819
-0.4204 0.013068
-0.4193 0.010777
-0.4176 0.008876
-0.4155 0.007301
-0.4130 0.006000
-0.4101 0.004926
-0.4069 0.004041
-0.4035 0.003313
-0.3999 0.002715
-0.3962 0.002224
-0.3924 0.001821
-0.3886 0.001491
-0.3848 0.001221
-0.3810 0.001000
-0.3773 0.000818
-0.3736 0.000670
-0.3702 0.000549
-0.3648 0.046066
-0.3533 0.044536
-0.3430 0.043172
-0.3336 0.041945
-0.3251 0.040832
-0.3172 0.039808
-0.3097 0.038843
-0.3025 0.037914
-0.2954 0.037007
-0.2884 0.036120
-0.2815 0.035253
-0.2749 0.034411
-0.2684 0.033597
-0.2622 0.032814
-0.2563 0.032065
-0.2506 0.031353
-0.2453 0.030681
-0.2403 0.030054
-0.2357 0.029475
-0.2315 0.028950
-0.2278 0.028484
-0.2246 0.028081
-0.2218 0.027143
-0.2200 0.022480
-0.2192 0.018709
-0.2194 0.015633
-0.2203 0.013107
-0.2218 0.011020
-0.2238 0.009286
-0.2262 0.007839
-0.2289 0.006626
-0.2320 0.005607
-0.2300 0.033401
-0.2278 0.032315
-0.2258 0.031408
-0.2242 0.030662
-0.2229 0.030059
-0.2221 0.029582
-0.2215 0.029203
-0.2211 0.028896
-0.2207 0.028640
-0.2164 0.054983
-0.2106 0.053369
-0.2048 0.051791
-0.1991 0.050242
-0.1932 0.048699
-0.1873 0.047138
-0.1811 0.045539
-0.1747 0.043886
-0.1680 0.042165
-0.1609 0.040358
-0.1533 0.038440
-0.1451 0.036375
-0.1363 0.031732
-0.1271 0.027210
-0.1169 0.023233
-0.1052 0.019573
-0.0911 0.015996
-0.0731 0.012213
-0.0488 0.007817
-0.0141 0.002227
0.0350 -0.005108
0.0956 -0.011792
0.1534 -0.015698
0.1961 -0.016615
0.2214 -0.015528
0.2325 -0.013492
0.2334 -0.011200
0.2273 -0.009022
0.2168 -0.007116
0.2036 -0.031003
0.1848 -0.027274
0.1667 -0.023951
0.1490 -0.020937
0.1316 -0.018143
0.1141 -0.015484
0.0961 -0.012872
0.0770 -0.010202
0.0558 -0.007334
0.0309 -0.004053
-0.0002 -0.000015
-0.0418 0.005306
-0.0976 0.012396
-0.1643 0.020823
-0.2295 0.029046
-0.2841 0.035900
-0.3261 0.041138
-0.3569 0.044959
-0.3788 0.047657
-0.3938 0.049494
-0.4036 0.050682
-0.4095 0.051384
-0.4131 0.044011
-0.4158 0.036630
-0.4177 0.030426
-0.4189 0.025226
-0.4193 0.020880
-0.4191 0.017256
-0.4184 0.014242
-0.4171 0.011740
-0.4154 0.009668
-0.4133 0.007953
-0.4110 0.006538
-0.4083 0.005371
-0.4055 0.004410
-0.4025 0.003619
-0.3994 0.002969
-0.3962 0.002436
-0.3930 0.001998
-0.3898 0.001638
-0.3866 0.001343
-0.3834 0.001101
-0.3802 0.000903
-0.3769 0.000740
-0.3736 0.000607
-0.3703 0.000497
-0.3669 0.000407
-0.3636 0.000334
-0.3604 0.000273
-0.3573 0.000224
-0.3542 0.000184
-0.3513 0.000151
-0.3486 0.000124
-0.3461 0.000101
-0.3438 0.000083
-0.3418 0.000068
-0.3400 0.000056
-0.3385 0.000046
-0.3372 0.000038
-0.3361 0.000031
-0.3352 0.000026
-0.3344 0.000021
-0.3283 0.041067
-0.3204 0.040079
-0.3134 0.039197
-0.3072 0.038416
-0.3017 0.037724
-0.2965 0.037079
-0.2913 0.036425
-0.2857 0.035719
-0.2795 0.034948
-0.2729 0.034121
-0.2659 0.033254
-0.2589 0.032367
-0.2518 0.031479
-0.2447 0.030603
-0.2379 0.029750
-0.2314 0.028931
-0.2252 0.028153
-0.2193 0.027426
-0.2140 0.026759
-0.2093 0.026163
-0.2051 0.025648
-0.2018 0.025230
-0.1996 0.021722
-0.1993 0.018106
-0.2008 0.015235
-0.2043 0.012943
-0.2098 0.011099
-0.2172 0.009597
-0.2265 0.008358
-0.2374 0.007316
-0.2497 0.006425
-0.2629 0.005650
-0.2766 0.004965
-0.2906 0.004355
-0.3043 0.003810
-0.3176 0.003321
-0.3302 0.002883
-0.3419 0.002493
-0.3526 0.002147
-0.3621 0.001842
-0.3704 0.001573
-0.3774 0.001339
-0.3831 0.001135
-0.3876 0.000959
-0.3910 0.000808
-0.3934 0.000679
-0.3948 0.000569
-0.3952 0.000476
-0.3946 0.000397
-0.3931 0.000330
-0.3905 0.000274
-0.3872 0.000227
-0.3832 0.000187
-0.3786 0.000155
-0.3736 0.000127
-0.3684 0.000105
-0.3632 0.000086
-0.3580 0.000071
-0.3529 0.000059
-0.3479 0.000048
-0.3432 0.000040
-0.3387 0.000033
-0.3342 0.000027
-0.3298 0.000022
-0.3252 0.000018
-0.3203 0.000015
-0.3151 0.000012
-0.3097 0.000010
-0.3041 0.000008
-0.2985 0.000007
-0.2928 0.000006
-0.2872 0.000005
-0.2817 0.000004
-0.2764 0.000003
-0.2713 0.000003
-0.2662 0.000002
-0.2613 0.000002
-0.2564 0.000001
-0.2516 0.000001
-0.2469 0.000001
-0.2414 0.030187
-0.2298 0.057499
-0.2140 0.053530
-0.1983 0.049611
-0.1824 0.045641
-0.1658 0.041493
-0.1478 0.036990
-0.1272 0.031864
-0.1024 0.025667
-0.0700 0.017587
-0.0241 0.006161
0.0421 -0.010338
0.1218 -0.030260
0.1888 -0.070598
0.2288 -0.085690
0.2476 -0.092824
0.2514 -0.094296
0.2456 -0.092126
0.2340 -0.087791
0.2193 -0.082284
0.2031 -0.076222
0.1864 -0.069966
0.1698 -0.062094
0.1539 -0.051008
0.1389 -0.041083
0.1243 -0.033085
0.1095 -0.026481
0.0942 -0.020872
0.0777 -0.015931
0.0593 -0.011359
0.0379 -0.006844
0.0114 -0.001993
-0.0234 0.003729
-0.0708 0.010938
-0.1316 0.018880
-0.1980 0.023527
-0.2588 0.025456
-0.3088 0.025128
-0.3478 0.023410
-0.3775 0.021018
-0.4000 0.018415
-0.4168 0.015868
-0.4293 0.013514
-0.4385 0.011414
-0.4451 0.009581
-0.4499 0.008007
-0.4532 0.006669
-0.4554 0.005540
-0.4567 0.004595
-0.4574 0.003805
-0.4577 0.003148
-0.4576 0.002602
-0.4572 0.002150
-0.4567 0.001775
-0.4560 0.001466
-0.4553 0.001210
-0.4546 0.000999
-0.4538 0.000824
-0.4531 0.000681
-0.4524 0.000562
-0.4519 0.000464
-0.4514 0.000383
-0.4511 0.000317
-0.4508 0.000262
-0.4507 0.000216
-0.4507 0.000179
-0.4508 0.000148
-0.4510 0.000122
-0.4511 0.000101
-0.4511 0.000084
-0.4504 0.000069
-0.4490 0.000057
-0.4466 0.000047
-0.4433 0.000038
-0.4391 0.000031
-0.4343 0.000026
-0.4290 0.000021
-0.4233 0.000017
-0.4174 0.000014
-0.4114 0.000011
-0.4054 0.000009
-0.3994 0.000008
-0.3935 0.000006
-0.3876 0.000005
-0.3819 0.000004
-0.3763 0.000003
-0.3708 0.000003
-0.3655 0.000002
-0.3604 0.000002
-0.3554 0.000001
-0.3506 0.000001
-0.3458 0.000001
-0.3411 0.000001
-0.3365 0.000001
-0.3318 0.000001
-0.3271 0.000000
-0.3225 0.000000
-0.3179 0.000000
-0.3134 0.000000
-0.3090 0.000000
-0.3046 0.000000
-0.3002 0.000000
-0.2958 0.000000
-0.2911 0.000000
-0.2862 0.000000
-0.2809 0.000000
-0.2754 0.000000
-0.2696 0.000000
-0.2637 0.000000
-0.2577 0.000000
-0.2518 0.000000
-0.2417 0.030230
-0.2267 0.056719
-0.2099 0.052509
-0.1932 0.048341
-0.1762 0.044090
-0.1582 0.039593
-0.1382 0.034609
-0.1148 0.028758
-0.0851 0.032046
-0.0423 0.016048
0.0187 -0.006754
0.0970 -0.036055
0.1700 -0.063500
0.2198 -0.082273
0.2462 -0.090372
0.2557 -0.088974
0.2540 -0.084322
0.2454 -0.078151
0.2326 -0.071471
0.2176 -0.064828
0.2001 -0.083089
0.1803 -0.073687
0.1619 -0.064940
0.1448 -0.054342
0.1287 -0.045521
0.1128 -0.037916
0.0968 -0.031109
0.0800 -0.024751
0.0618 -0.018507
0.0411 -0.011992
0.0163 -0.004691
-0.0153 0.003842
-0.0573 0.013337
-0.1119 0.024032
-0.1741 0.034718
-0.2330 0.043512
-0.2820 0.049669
-0.3198 0.053520
-0.3479 0.055686
-0.3682 0.056715
-0.3825 0.057010
-0.3924 0.055558
-0.3997 0.046806
-0.4057 0.039283
-0.4105 0.032866
-0.4143 0.027427
-0.4172 0.022839
-0.4194 0.018985
-0.4211 0.015760
-0.4223 0.013069
-0.4231 0.010828
-0.4238 0.008967
-0.4243 0.007423
-0.4247 0.006144
-0.4251 0.005086
-0.4257 0.004211
-0.4264 0.003487
-0.4272 0.002889
-0.4282 0.002395
-0.4294 0.001985
-0.4307 0.001647
-0.4320 0.001366
-0.4334 0.001133
-0.4347 0.000940
-0.4360 0.000779
-0.4371 0.000646
-0.4380 0.000535
-0.4387 0.000443
-0.4393 0.000367
-0.4395 0.000304
-0.4396 0.000251
-0.4396 0.000208
-0.4393 0.000172
-0.4389 0.000142
-0.4383 0.000117
-0.4375 0.000097
-0.4362 0.000080
-0.4346 0.000066
-0.4323 0.000054
-0.4294 0.000044
-0.4257 0.000036
-0.4214 0.000030
-0.4164 0.000024
-0.4108 0.000020
-0.4047 0.000016
-0.3981 0.000013
-0.3911 0.000011
-0.3836 0.000009
-0.3758 0.000007
-0.3678 0.000006
-0.3597 0.000005
-0.3515 0.000004
-0.3434 0.000003
-0.3354 0.000002
-0.3275 0.000002
-0.3197 0.000002
-0.3120 0.000001
-0.3043 0.000001
-0.2965 0.000001
-0.2888 0.000001
-0.2811 0.000001
-0.2736 0.000000
-0.2662 0.000000
-0.2591 0.000000
-0.2521 0.000000
-0.2453 0.000000
-0.2387 0.000000
-0.2324 0.000000
-0.2229 0.027881
-0.2111 0.026398
-0.1991 0.024898
-0.1833 0.045868
-0.1651 0.041333
-0.1453 0.036376
-0.1220 0.045848
-0.0906 0.034097
-0.0490 0.018571
0.0099 -0.003460
0.0875 -0.032509
0.1630 -0.060877
0.2161 -0.080890
0.2451 -0.091833
0.2556 -0.095849
0.2539 -0.095223
0.2445 -0.091738
0.2310 -0.083869
0.2160 -0.074394
0.1981 -0.089955
0.1790 -0.078988
0.1614 -0.069444
0.1447 -0.058813
0.1291 -0.049003
0.1137 -0.040677
0.0983 -0.033349
0.0821 -0.026634
0.0647 -0.020177
0.0450 -0.013595
0.0217 -0.005966
-0.0075 0.001772
-0.0464 0.010351
-0.0979 0.020245
-0.1591 0.030682
-0.2196 0.039827
-0.2713 0.046587
-0.3118 0.051046
-0.3421 0.053740
-0.3642 0.055206
-0.3799 0.055854
-0.3909 0.052499
-0.3995 0.044368
-0.4064 0.037324
-0.4119 0.031284
-0.4163 0.026145
-0.4198 0.021801
-0.4225 0.018146
-0.4247 0.015083
-0.4265 0.012525
-0.4280 0.010394
-0.4293 0.008622
-0.4306 0.007151
-0.4319 0.005932
-0.4334 0.004921
-0.4350 0.004085
-0.4369 0.003393
-0.4390 0.002819
-0.4414 0.002344
-0.4441 0.001950
-0.4471 0.001623
-0.4503 0.001352
-0.4537 0.001127
-0.4573 0.000939
-0.4610 0.000783
-0.4648 0.000653
-0.4686 0.000544
-0.4724 0.000454
-0.4762 0.000378
-0.4798 0.000315
-0.4834 0.000263
-0.4868 0.000219
-0.4900 0.000182
-0.4930 0.000151
-0.4957 0.000126
-0.4982 0.000105
-0.5003 0.000087
-0.5020 0.000072
-0.5034 0.000060
-0.5045 0.000050
-0.5052 0.000041
-0.5056 0.000034
-0.5057 0.000028
-0.5055 0.000023
-0.5051 0.000019
-0.5044 0.000016
-0.5036 0.000013
-0.5025 0.000011
-0.5013 0.000009
-0.4998 0.000007
-0.4981 0.000006
-0.4961 0.000005
-0.4938 0.000004
-0.4910 0.000003
-0.4879 0.000003
-0.4842 0.000002
-0.4800 0.000002
-0.4754 0.000002
-0.4702 0.000001
-0.4646 0.000001
-0.4586 0.000001
-0.4522 0.000001
-0.4454 0.000001
-0.4384 0.000000
-0.4311 0.000000
-0.4236 0.000000
-0.4159 0.000000
-0.4080 0.000000
-0.4000 0.000000
-0.3917 0.000000
-0.3833 0.000000
-0.3747 0.000000
-0.3658 0.000000
-0.3568 0.000000
-0.3474 0.000000
-0.3378 0.000000
-0.3281 0.000000
-0.3182 0.000000
-0.3083 0.000000
-0.2983 0.000000
-0.2884 0.000000
-0.2786 0.000000
-0.2688 0.000000
-0.2590 0.000000
-0.2492 0.000000
-0.2375 0.029704
-0.2217 0.027735
-0.2059 0.025753
-0.1896 0.023715
-0.1723 0.021562
-0.1534 0.019202
-0.1280 0.048128
-0.0932 0.035109
-0.0470 0.017817
0.0193 -0.006954
0.1034 -0.051291
0.1784 -0.088866
0.2271 -0.113376
0.2514 -0.125626
0.2582 -0.128678
0.2543 -0.121589
0.2442 -0.112673
0.2308 -0.103214
0.2157 -0.093887
0.1998 -0.085006
0.1838 -0.076677
0.1679 -0.068890
0.1522 -0.061579
0.1367 -0.054644
0.1212 -0.047963
0.1054 -0.041399
0.0892 -0.034786
0.0720 -0.027913
0.0530 -0.020486
0.0313 -0.011276
0.0051 -0.001710
-0.0287 0.007630
-0.0741 0.016371
-0.1317 0.024125
-0.1943 0.029492
-0.2520 0.031660
-0.2997 0.031163
-0.3373 0.029012
-0.3661 0.026051
-0.3880 0.022838
-0.4045 0.019694
-0.4169 0.016787
-0.4261 0.014191
-0.4329 0.011924
-0.4378 0.009974
-0.4414 0.008315
-0.4438 0.006914
-0.4453 0.005738
-0.4462 0.004755
-0.4466 0.003936
-0.4465 0.003255
-0.4462 0.002690
-0.4456 0.002222
-0.4449 0.001834
-0.4440 0.001514
-0.4432 0.001250
-0.4423 0.001032
-0.4415 0.000852
-0.4407 0.000703
-0.4400 0.000581
-0.4394 0.000479
-0.4387 0.000396
-0.4381 0.000327
-0.4374 0.000270
-0.4366 0.000223
-0.4356 0.000184
-0.4345 0.000152
-0.4330 0.000125
-0.4314 0.000103
-0.4294 0.000085
-0.4272 0.000070
-0.4247 0.000057
-0.4220 0.000047
-0.4191 0.000039
-0.4161 0.000032
-0.4131 0.000026
-0.4101 0.000021
-0.4072 0.000018
-0.4044 0.000014
-0.4017 0.000012
-0.3992 0.000010
-0.3967 0.000008
-0.3944 0.000007
-0.3920 0.000005
-0.3895 0.000004
-0.3868 0.000004
-0.3838 0.000003
-0.3803 0.000002
-0.3764 0.000002
-0.3720 0.000002
-0.3670 0.000001
-0.3616 0.000001
-0.3558 0.000001
-0.3497 0.000001
-0.3434 0.000001
-0.3370 0.000000
-0.3305 0.000000
-0.3241 0.000000
-0.3176 0.000000
-0.3112 0.000000
-0.3049 0.000000
-0.2988 0.000000
-0.2927 0.000000
-0.2867 0.000000
-0.2808 0.000000
-0.2747 0.000000
-0.2685 0.000000
-0.2622 0.000000
-0.2557 0.000000
-0.2490 0.000000
-0.2422 0.000000
-0.2354 0.000000
-0.2286 0.000000
-0.2217 0.000000
-0.2144 0.026817
-0.1954 0.073361
-0.1723 0.064695
-0.1478 0.055525
-0.1202 0.045188
-0.0856 0.043006
-0.0378 0.019196
0.0287 -0.013963
0.1093 -0.054237
0.1789 -0.089167
0.2233 -0.111508
0.2449 -0.122403
0.2503 -0.125159
0.2454 -0.122723
0.2343 -0.117234
0.2201 -0.110108
0.2043 -0.102220
0.1880 -0.094075
0.1717 -0.085364
0.1560 -0.074446
0.1410 -0.064885
0.1262 -0.054845
0.1118 -0.045094
0.0975 -0.034960
0.0830 -0.024750
0.0677 -0.016732
0.0507 -0.010379
0.0305 -0.005188
0.0050 -0.000743
-0.0291 0.003322
-0.0760 0.007236
-0.1364 0.010783
-0.2021 0.013249
-0.2619 0.014237
-0.3110 0.014006
-0.3491 0.013027
-0.3781 0.011685
-0.3997 0.010232
-0.4157 0.008813
-0.4273 0.007503
-0.4357 0.006335
-0.4415 0.005317
-0.4454 0.004442
-0.4478 0.003698
-0.4490 0.003072
-0.4495 0.002546
-0.4492 0.002108
-0.4485 0.001743
-0.4475 0.001440
-0.4462 0.001189
-0.4449 0.000982
-0.4435 0.000811
-0.4421 0.000670
-0.4408 0.000553
-0.4396 0.000457
-0.4385 0.000377
-0.4375 0.000312
-0.4365 0.000258
-0.4356 0.000213
-0.4346 0.000176
-0.4335 0.000146
-0.4324 0.000120
-0.4313 0.000099
-0.4300 0.000082
-0.4287 0.000068
