0.3064 -0.076610
0.2946 -0.110554
0.2731 -0.102503
0.2515 -0.094396
0.2279 -0.114054
0.2046 -0.102405
0.1840 -0.092110
0.1654 -0.082789
0.1481 -0.074158
0.1319 -0.065149
0.1164 -0.055148
0.1015 -0.045341
0.0868 -0.035826
0.0717 -0.027574
0.0553 -0.020030
0.0369 -0.012687
0.0151 -0.004987
-0.0123 0.003762
-0.0481 0.014393
-0.0943 0.027452
-0.1482 0.042132
-0.2017 0.056176
-0.2475 0.067741
-0.2831 0.076364
-0.3096 0.078607
-0.3293 0.074665
-0.3447 0.064638
-0.3571 0.055368
-0.3670 0.047046
-0.3748 0.039727
-0.3808 0.033380
-0.3855 0.027937
-0.3890 0.023307
-0.3915 0.019394
-0.3931 0.016105
-0.3942 0.013352
-0.3948 0.011055
-0.3950 0.009145
-0.3949 0.007561
-0.3947 0.006248
-0.3945 0.005163
-0.3943 0.004267
-0.3942 0.003527
-0.3942 0.002916
-0.3942 0.002411
-0.3944 0.001995
-0.3947 0.001650
-0.3949 0.001365
-0.3952 0.001130
-0.3954 0.000934
-0.3956 0.000773
-0.3956 0.000639
-0.3956 0.000528
-0.3955 0.000437
-0.3955 0.000361
-0.3954 0.000299
-0.3955 0.000247
-0.3957 0.000204
-0.3961 0.000169
-0.3967 0.000140
-0.3976 0.000116
-0.3986 0.000096
-0.3996 0.000080
-0.4003 0.000066
-0.4006 0.000055
-0.4003 0.000045
-0.3994 0.000037
-0.3977 0.000031
-0.3948 0.000025
-0.3906 0.000021
-0.3850 0.000017
-0.3780 0.000014
-0.3700 0.000011
-0.3613 0.000009
-0.3520 0.000007
-0.3426 0.000006
-0.3332 0.000005
-0.3240 0.000004
-0.3151 0.000003
-0.3066 0.000002
-0.2987 0.000002
-0.2914 0.000002
-0.2846 0.000001
-0.2784 0.000001
-0.2725 0.000001
-0.2668 0.000001
-0.2613 0.000001
-0.2558 0.000000
-0.2502 0.000000
-0.2447 0.000000
-0.2391 0.000000
-0.2284 0.028562
-0.2168 0.027113
-0.2050 0.025637
-0.1927 0.024099
-0.1794 0.022444
-0.1646 0.020599
-0.1475 0.018463
-0.1269 0.015887
-0.0975 0.024457
-0.0574 0.014478
0.0010 -0.000080
0.0821 -0.020297
0.1653 -0.041147
0.2261 -0.056403
0.2607 -0.065111
0.2748 -0.068694
0.2751 -0.068778
0.2665 -0.066665
0.2530 -0.063282
0.2368 -0.059248
0.2196 -0.054943
0.2022 -0.049285
0.1824 -0.063537
0.1639 -0.054300
0.1469 -0.046609
0.1308 -0.039986
0.1151 -0.034087
0.0993 -0.028645
0.0831 -0.023426
0.0649 -0.026108
0.0442 -0.017026
0.0206 -0.007503
-0.0082 0.002704
-0.0453 0.014610
-0.0929 0.028865
-0.1484 0.044576
-0.2031 0.059265
-0.2495 0.071038
-0.2853 0.079549
-0.3114 0.085287
-0.3296 0.088912
-0.3416 0.090999
-0.3490 0.091990
-0.3530 0.091544
-0.3552 0.083860
-0.3566 0.077326
-0.3572 0.071775
-0.3571 0.067058
-0.3563 0.063046
-0.3551 0.058056
-0.3543 0.047896
-0.3542 0.039584
-0.3543 0.032743
-0.3546 0.027091
-0.3548 0.022413
-0.3549 0.018536
-0.3548 0.015323
-0.3546 0.012660
-0.3541 0.010454
-0.3534 0.008627
-0.3526 0.007116
-0.3515 0.005866
-0.3503 0.004833
-0.3489 0.003980
-0.3473 0.003276
-0.3457 0.002696
-0.3441 0.002218
-0.3424 0.001825
-0.3409 0.001503
-0.3395 0.001237
-0.3384 0.001020
-0.3375 0.000841
-0.3370 0.000694
-0.3370 0.000574
-0.3375 0.000475
-0.3385 0.000394
-0.3400 0.000327
-0.3422 0.000272
-0.3450 0.000227
-0.3484 0.000190
-0.3524 0.000158
-0.3568 0.000133
-0.3617 0.000111
-0.3670 0.000093
-0.3725 0.000078
-0.3781 0.000066
-0.3838 0.000055
-0.3892 0.000046
-0.3944 0.000039
-0.3990 0.000032
-0.4029 0.000027
-0.4055 0.000023
-0.4063 0.000019
-0.4050 0.000015
-0.4016 0.000013
-0.3963 0.000010
-0.3895 0.000008
-0.3815 0.000007
-0.3728 0.000005
-0.3636 0.000004
-0.3543 0.000004
-0.3452 0.000003
-0.3364 0.000002
-0.3282 0.000002
-0.3208 0.000002
-0.3142 0.000001
-0.3088 0.000001
-0.3045 0.000001
-0.3014 0.000001
-0.2995 0.000001
-0.2990 0.000000
-0.2998 0.000000
-0.3019 0.000000
-0.3051 0.000000
-0.3095 0.000000
-0.3148 0.000000
-0.3210 0.000000
-0.3276 0.000000
-0.3344 0.000000
-0.3411 0.000000
-0.3472 0.000000
-0.3527 0.000000
-0.3574 0.000000
-0.3611 0.000000
-0.3638 0.000000
-0.3656 0.000000
-0.3666 0.000000
-0.3669 0.000000
-0.3666 0.000000
-0.3659 0.000000
-0.3650 0.000000
-0.3639 0.000000
-0.3627 0.000000
-0.3616 0.000000
-0.3604 0.000000
-0.3593 0.000000
-0.3583 0.000000
-0.3571 0.000000
-0.3559 0.000000
-0.3543 0.000000
-0.3523 0.000000
-0.3498 0.000000
-0.3467 0.000000
-0.3429 0.000000
-0.3384 0.000000
-0.3332 0.000000
-0.3271 0.000000
-0.3204 0.000000
-0.3130 0.000000
-0.3052 0.000000
-0.2971 0.000000
-0.2888 0.000000
-0.2804 0.000000
-0.2721 0.000000
-0.2637 0.000000
-0.2553 0.000000
-0.2466 0.000000
-0.2376 0.000000
-0.2282 0.000000
-0.2169 0.054289
-0.1957 0.048969
-0.1734 0.043413
-0.1491 0.037334
-0.1207 0.030250
-0.0846 0.021265
-0.0341 0.008673
0.0404 -0.009875
0.1316 -0.032683
0.2086 -0.051993
0.2572 -0.064221
0.2811 -0.070234
0.2872 -0.071804
0.2819 -0.070487
0.2664 -0.099959
0.2465 -0.092494
0.2267 -0.085100
0.2077 -0.077963
0.1896 -0.071154
0.1723 -0.064668
0.1557 -0.058463
0.1398 -0.052475
0.1242 -0.045635
0.1072 -0.050532
0.0903 -0.039126
0.0736 -0.029574
0.0561 -0.021088
0.0366 -0.013014
0.0138 -0.004695
-0.0148 0.004642
-0.0519 0.015872
-0.0993 0.029468
-0.1537 0.044403
-0.2066 0.058328
-0.2513 0.069551
-0.2857 0.077771
-0.3108 0.081213
-0.3293 0.078292
-0.3429 0.074835
-0.3527 0.071271
-0.3594 0.067840
-0.3638 0.064659
-0.3664 0.061776
-0.3676 0.059197
-0.3683 0.049118
-0.3693 0.040722
-0.3703 0.033760
-0.3712 0.027975
-0.3717 0.023164
-0.3719 0.019165
-0.3718 0.015841
-0.3714 0.013083
-0.3707 0.010797
-0.3698 0.008904
-0.3687 0.007340
-0.3674 0.006048
-0.3661 0.004983
-0.3648 0.004105
-0.3636 0.003383
-0.3625 0.002788
-0.3616 0.002300
-0.3609 0.001898
-0.3605 0.001568
-0.3605 0.001296
-0.3607 0.001072
-0.3613 0.000888
-0.3621 0.000736
-0.3631 0.000610
-0.3644 0.000506
-0.3658 0.000420
-0.3673 0.000349
-0.3689 0.000290
-0.3706 0.000241
-0.3724 0.000200
-0.3742 0.000166
-0.3760 0.000138
-0.3778 0.000115
-0.3795 0.000095
-0.3812 0.000079
-0.3828 0.000066
-0.3842 0.000054
-0.3855 0.000045
-0.3867 0.000037
-0.3876 0.000031
-0.3885 0.000026
-0.3892 0.000021
-0.3898 0.000018
-0.3904 0.000015
-0.3909 0.000012
-0.3914 0.000010
-0.3917 0.000008
-0.3919 0.000007
-0.3918 0.000006
-0.3914 0.000005
-0.3904 0.000004
-0.3883 0.000003
-0.3847 0.000003
-0.3793 0.000002
-0.3721 0.000002
-0.3635 0.000001
-0.3537 0.000001
-0.3431 0.000001
-0.3321 0.000001
-0.3208 0.000001
-0.3094 0.000000
-0.2981 0.000000
-0.2870 0.000000
-0.2761 0.000000
-0.2655 0.000000
-0.2551 0.000000
-0.2449 0.000000
-0.2348 0.000000
-0.2247 0.000000
-0.2142 0.000000
-0.2033 0.000000
-0.1917 0.000000
-0.1768 0.022126
-0.1559 0.039024
-0.1292 0.032381
-0.0964 0.024203
-0.0520 0.013122
0.0134 -0.003155
0.1012 -0.025072
0.1850 -0.046068
0.2426 -0.060532
0.2736 -0.068354
0.2848 -0.071195
0.2828 -0.070706
0.2715 -0.101876
0.2469 -0.123553
0.2243 -0.112245
0.2037 -0.101966
0.1849 -0.092533
0.1674 -0.083772
0.1509 -0.075527
0.1351 -0.067652
0.1199 -0.060008
0.1047 -0.052450
0.0896 -0.043627
0.0741 -0.034685
0.0578 -0.025220
0.0400 -0.016180
0.0192 -0.007328
-0.0063 0.002115
-0.0391 0.013031
-0.0817 0.026121
-0.1331 0.040968
-0.1863 0.055527
-0.2336 0.067553
-0.2720 0.070945
-0.3018 0.071641
-0.3247 0.064914
-0.3429 0.056675
-0.3571 0.048814
-0.3683 0.041625
-0.3769 0.035228
-0.3836 0.029641
-0.3886 0.024828
-0.3922 0.020722
-0.3948 0.017245
-0.3965 0.014320
-0.3975 0.011869
-0.3979 0.009824
-0.3979 0.008123
-0.3976 0.006712
-0.3972 0.005543
-0.3966 0.004576
-0.3960 0.003778
-0.3954 0.003119
-0.3950 0.002576
-0.3948 0.002129
-0.3948 0.001760
-0.3950 0.001456
-0.3956 0.001206
-0.3965 0.000999
-0.3976 0.000828
-0.3989 0.000687
-0.4004 0.000570
-0.4020 0.000473
-0.4037 0.000393
-0.4053 0.000326
-0.4068 0.000271
-0.4083 0.000225
-0.4096 0.000186
-0.4108 0.000155
-0.4119 0.000128
-0.4129 0.000106
-0.4137 0.000088
-0.4145 0.000073
-0.4153 0.000060
-0.4160 0.000050
-0.4166 0.000041
-0.4173 0.000034
-0.4178 0.000028
-0.4183 0.000023
-0.4187 0.000019
-0.4189 0.000016
-0.4190 0.000013
-0.4188 0.000011
-0.4182 0.000009
-0.4172 0.000007
-0.4158 0.000006
-0.4139 0.000005
-0.4115 0.000004
-0.4086 0.000003
-0.4052 0.000003
-0.4012 0.000002
-0.3967 0.000002
-0.3916 0.000002
-0.3858 0.000001
-0.3791 0.000001
-0.3717 0.000001
-0.3635 0.000001
-0.3547 0.000001
-0.3454 0.000000
-0.3358 0.000000
-0.3260 0.000000
-0.3161 0.000000
-0.3061 0.000000
-0.2958 0.000000
-0.2853 0.000000
-0.2745 0.000000
-0.2635 0.000000
-0.2521 0.000000
-0.2306 0.057718
-0.2071 0.051824
-0.1829 0.045792
-0.1570 0.039317
-0.1272 0.031892
-0.0900 0.022601
-0.0381 0.009684
0.0386 -0.009426
0.1335 -0.033152
0.2136 -0.053241
0.2640 -0.065915
0.2887 -0.072127
0.2949 -0.073733
0.2893 -0.072352
0.2766 -0.069190
0.2601 -0.065074
0.2381 -0.089375
0.2163 -0.081192
0.1963 -0.073682
0.1778 -0.066729
0.1586 -0.079398
0.1394 -0.069799
0.1220 -0.058247
0.1060 -0.046450
0.0907 -0.036785
0.0752 -0.028479
0.0587 -0.020952
0.0404 -0.013692
0.0189 -0.006157
-0.0078 0.002316
-0.0423 0.012545
-0.0870 0.025167
-0.1402 0.039629
-0.1941 0.053809
-0.2410 0.065710
-0.2778 0.074691
-0.3050 0.081019
-0.3242 0.085239
-0.3371 0.085481
-0.3463 0.080101
-0.3528 0.075114
-0.3572 0.068308
-0.3610 0.057077
-0.3644 0.047637
-0.3673 0.039700
-0.3696 0.033033
-0.3714 0.027442
-0.3726 0.022762
-0.3732 0.018853
-0.3734 0.015595
-0.3731 0.012885
-0.3725 0.010635
-0.3715 0.008770
-0.3703 0.007227
-0.3688 0.005953
-0.3673 0.004901
-0.3656 0.004034
-0.3639 0.003320
-0.3622 0.002732
-0.3606 0.002248
-0.3590 0.001851
-0.3576 0.001524
-0.3563 0.001256
-0.3551 0.001035
-0.3542 0.000853
-0.3534 0.000704
-0.3528 0.000581
-0.3522 0.000480
-0.3516 0.000396
-0.3510 0.000327
-0.3503 0.000270
-0.3493 0.000222
-0.3482 0.000183
-0.3469 0.000151
-0.3453 0.000124
-0.3434 0.000102
-0.3413 0.000084
-0.3390 0.000069
-0.3364 0.000057
-0.3337 0.000046
-0.3307 0.000038
-0.3275 0.000031
-0.3240 0.000025
-0.3197 0.000021
-0.3148 0.000017
-0.3090 0.000014
-0.3025 0.000011
-0.2954 0.000009
-0.2880 0.000007
-0.2803 0.000006
-0.2726 0.000005
-0.2648 0.000004
-0.2570 0.000003
-0.2494 0.000002
-0.2418 0.000002
-0.2342 0.000002
-0.2266 0.000001
-0.2189 0.000001
-0.2110 0.000001
-0.1988 0.024869
-0.1832 0.045858
-0.1636 0.040957
-0.1420 0.035558
-0.1167 0.029235
-0.0845 0.021225
-0.0399 0.010112
0.0255 -0.006188
0.1097 -0.027200
0.1864 -0.046425
0.2378 -0.059351
0.2648 -0.066167
0.2738 -0.068456
0.2709 -0.067736
0.2606 -0.065172
0.2461 -0.061573
0.2297 -0.057467
0.2104 -0.078966
0.1898 -0.071242
0.1710 -0.064182
0.1535 -0.057609
0.1368 -0.050614
0.1191 -0.056508
0.1017 -0.045967
0.0850 -0.035450
0.0680 -0.026443
0.0499 -0.018237
0.0294 -0.010201
0.0048 -0.001651
-0.0266 0.008233
-0.0674 0.020288
-0.1182 0.034581
-0.1733 0.049460
-0.2239 0.062573
-0.2650 0.072742
-0.2960 0.080009
-0.3182 0.084902
-0.3334 0.087996
-0.3432 0.089770
-0.3497 0.083336
-0.3542 0.077469
-0.3572 0.072318
-0.3590 0.064184
-0.3608 0.053341
-0.3627 0.044330
-0.3643 0.036821
-0.3656 0.030554
-0.3665 0.025325
-0.3670 0.020963
-0.3669 0.017330
-0.3664 0.014308
-0.3654 0.011798
-0.3640 0.009718
-0.3622 0.007996
-0.3602 0.006574
-0.3579 0.005401
-0.3554 0.004435
-0.3528 0.003640
-0.3501 0.002986
-0.3473 0.002450
-0.3446 0.002009
-0.3418 0.001648
-0.3391 0.001352
-0.3365 0.001109
-0.3340 0.000910
-0.3316 0.000747
-0.3293 0.000613
-0.3271 0.000504
-0.3250 0.000414
-0.3230 0.000340
-0.3211 0.000280
-0.3193 0.000230
-0.3176 0.000189
-0.3160 0.000155
-0.3146 0.000128
-0.3134 0.000105
-0.3125 0.000087
-0.3117 0.000072
-0.3113 0.000059
-0.3110 0.000049
-0.3106 0.000040
-0.3101 0.000033
-0.3092 0.000027
-0.3077 0.000023
-0.3057 0.000019
-0.3031 0.000015
-0.3000 0.000012
-0.2965 0.000010
-0.2928 0.000008
-0.2888 0.000007
-0.2847 0.000006
-0.2803 0.000004
-0.2756 0.000004
-0.2705 0.000003
-0.2649 0.000002
-0.2587 0.000002
-0.2520 0.000002
-0.2450 0.000001
-0.2376 0.000001
-0.2301 0.000001
-0.2223 0.027808
-0.2089 0.052263
-0.1902 0.047609
-0.1711 0.042832
-0.1507 0.037718
-0.1274 0.031920
-0.0990 0.024836
-0.0611 0.015386
-0.0062 0.001707
0.0711 -0.017570
0.1541 -0.038331
0.2170 -0.054118
0.2539 -0.063421
0.2700 -0.067490
0.2717 -0.067936
0.2642 -0.066079
0.2514 -0.062875
0.2357 -0.058963
0.2175 -0.081643
0.1965 -0.073770
0.1743 -0.087282
0.1540 -0.077112
0.1359 -0.065702
0.1193 -0.054923
0.1038 -0.044004
0.0886 -0.034920
0.0731 -0.027002
0.0565 -0.019720
0.0378 -0.012587
0.0157 -0.005062
-0.0119 0.003536
-0.0479 0.014037
-0.0943 0.026992
-0.1484 0.041603
-0.2021 0.055613
-0.2479 0.067175
-0.2835 0.075816
-0.3096 0.081870
-0.3278 0.085886
-0.3400 0.088374
-0.3482 0.079302
-0.3554 0.066907
-0.3615 0.056272
-0.3666 0.047187
-0.3708 0.039461
-0.3740 0.032916
-0.3765 0.027394
-0.3781 0.022749
-0.3790 0.018854
-0.3792 0.015598
-0.3788 0.012882
-0.3778 0.010622
-0.3763 0.008747
-0.3743 0.007195
-0.3720 0.005911
-0.3693 0.004853
-0.3665 0.003981
-0.3634 0.003265
-0.3603 0.002676
-0.3572 0.002193
-0.3540 0.001798
-0.3509 0.001473
-0.3480 0.001208
-0.3451 0.000990
-0.3424 0.000813
-0.3400 0.000667
-0.3378 0.000548
-0.3359 0.000450
-0.3344 0.000371
-0.3332 0.000305
-0.3325 0.000252
-0.3323 0.000208
-0.3325 0.000172
-0.3333 0.000143
-0.3345 0.000118
-0.3363 0.000098
-0.3384 0.000082
-0.3409 0.000068
-0.3436 0.000057
-0.3464 0.000047
-0.3492 0.000040
-0.3519 0.000033
-0.3545 0.000027
-0.3567 0.000023
-0.3584 0.000019
-0.3598 0.000016
-0.3606 0.000013
-0.3608 0.000011
-0.3606 0.000009
-0.3600 0.000007
-0.3589 0.000006
-0.3574 0.000005
-0.3554 0.000004
-0.3526 0.000003
-0.3490 0.000003
-0.3445 0.000002
-0.3391 0.000002
-0.3331 0.000001
-0.3266 0.000001
-0.3197 0.000001
-0.3127 0.000001
-0.3057 0.000001
-0.2989 0.000001
-0.2925 0.000000
-0.2866 0.000000
-0.2814 0.000000
-0.2769 0.000000
-0.2729 0.000000
-0.2694 0.000000
-0.2663 0.000000
-0.2634 0.000000
-0.2606 0.000000
-0.2579 0.000000
-0.2553 0.000000
-0.2528 0.000000
-0.2505 0.000000
-0.2486 0.000000
-0.2470 0.000000
-0.2461 0.000000
-0.2458 0.000000
-0.2464 0.000000
-0.2479 0.000000
-0.2503 0.000000
-0.2536 0.000000
-0.2575 0.000000
-0.2620 0.000000
-0.2665 0.000000
-0.2705 0.000000
-0.2733 0.000000
-0.2746 0.000000
-0.2742 0.000000
-0.2724 0.000000
-0.2693 0.000000
-0.2651 0.000000
-0.2601 0.000000
-0.2545 0.000000
-0.2485 0.000000
-0.2422 0.000000
-0.2303 0.028805
-0.2178 0.027237
-0.2050 0.025646
-0.1919 0.024004
-0.1765 0.044178
-0.1567 0.039235
-0.1344 0.033665
-0.1076 0.026983
-0.0728 0.018299
-0.0234 0.005990
0.0481 -0.011820
0.1323 -0.032873
0.2019 -0.050327
0.2455 -0.061288
0.2665 -0.066601
0.2715 -0.067885
0.2661 -0.066557
0.2516 -0.094416
0.2327 -0.087352
0.2141 -0.080358
0.1961 -0.073586
0.1789 -0.064545
0.1629 -0.055671
0.1478 -0.048156
0.1331 -0.041624
0.1185 -0.035790
0.1038 -0.030423
0.0887 -0.023889
0.0729 -0.017831
0.0557 -0.012484
0.0359 -0.007459
0.0119 -0.002340
-0.0191 0.003379
-0.0605 0.010265
-0.1142 0.018514
-0.1746 0.027218
-0.2315 0.034880
-0.2786 0.040743
-0.3146 0.044863
-0.3413 0.042118
-0.3616 0.036895
-0.3767 0.031785
-0.3878 0.027058
-0.3957 0.022832
-0.3933 0.067938
-0.3895 0.064052
-0.3854 0.060753
-0.3812 0.057933
-0.3768 0.055503
-0.3722 0.053389
-0.3674 0.051528
-0.3623 0.049867
-0.3571 0.048366
-0.3517 0.046995
-0.3461 0.045730
-0.3404 0.044557
-0.3346 0.043465
-0.3289 0.042444
-0.3233 0.041491
-0.3178 0.040601
-0.3124 0.039772
-0.3073 0.039002
-0.3025 0.038289
-0.2979 0.037632
-0.2942 0.031600
-0.2918 0.025914
-0.2905 0.021329
-0.2900 0.017603
-0.2900 0.014558
-0.2905 0.012055
-0.2911 0.009989
-0.2918 0.008279
-0.2925 0.006862
-0.2931 0.005685
-0.2936 0.004708
-0.2940 0.003898
-0.2943 0.003226
-0.2946 0.002670
-0.2948 0.002209
-0.2951 0.001829
-0.2956 0.001514
-0.2962 0.001255
-0.2971 0.001040
-0.2982 0.000863
-0.2995 0.000717
-0.3010 0.000596
-0.3024 0.000495
-0.3034 0.000410
-0.3036 0.000340
-0.3030 0.000280
-0.3013 0.000230
-0.2987 0.000189
-0.2953 0.000154
-0.2913 0.000126
-0.2869 0.000103
-0.2821 0.000083
-0.2772 0.000068
-0.2723 0.000055
-0.2676 0.000045
-0.2630 0.000036
-0.2562 0.032063
-0.2460 0.030786
-0.2365 0.029589
-0.2275 0.028459
-0.2187 0.027364
-0.2099 0.026258
-0.2005 0.025087
-0.1903 0.023811
-0.1790 0.022397
-0.1663 0.020809
-0.1518 0.018997
-0.1341 0.033575
-0.1095 0.027445
-0.0779 0.019556
-0.0337 0.008547
0.0305 -0.007446
0.1111 -0.027576
0.1834 -0.045700
0.2316 -0.057814
0.2568 -0.064160
0.2650 -0.066238
0.2619 -0.065054
0.2524 -0.057324
0.2396 -0.050189
0.2250 -0.043843
0.2095 -0.038299
0.1938 -0.033487
0.1742 -0.050477
0.1562 -0.044195
0.1392 -0.038609
0.1228 -0.033488
0.1066 -0.028644
0.0900 -0.023906
0.0725 -0.018971
0.0536 -0.012776
0.0321 -0.007040
0.0059 -0.001244
-0.0280 0.005211
-0.0732 0.012899
-0.1299 0.021769
-0.1886 0.053770
-0.2386 0.066607
-0.2780 0.076225
-0.3070 0.082919
-0.3274 0.087309
-0.3411 0.089983
-0.3497 0.091408
-0.3543 0.091935
-0.3562 0.089446
-0.3569 0.081835
-0.3570 0.075407
-0.3564 0.069969
-0.3553 0.065360
-0.3536 0.061445
-0.3515 0.058109
-0.3490 0.055255
-0.3461 0.052802
-0.3429 0.050680
-0.3395 0.048831
-0.3358 0.047208
-0.3319 0.045455
-0.3287 0.037212
-0.3263 0.030549
-0.3246 0.025126
-0.3233 0.020690
-0.3222 0.017049
-0.3213 0.014054
-0.3204 0.011587
-0.3195 0.009554
-0.3186 0.007877
-0.3177 0.006494
-0.3167 0.005354
-0.3158 0.004413
-0.3148 0.003638
-0.3137 0.002997
-0.3124 0.002468
-0.3108 0.002030
-0.3088 0.001667
-0.3064 0.001368
-0.3037 0.001121
-0.3006 0.000918
-0.2974 0.000751
-0.2940 0.000613
-0.2905 0.000501
-0.2872 0.000410
-0.2839 0.000335
-0.2809 0.000274
-0.2781 0.000224
-0.2757 0.000184
-0.2726 0.034242
