0.0760 -0.129548
0.0572 -0.095242
0.0380 -0.060878
0.0177 -0.026247
-0.0052 0.006721
-0.0325 0.038697
-0.0663 0.070265
-0.1080 0.094819
-0.1560 0.113381
-0.2051 0.123341
-0.2505 0.124622
-0.2901 0.119366
-0.3237 0.110147
-0.3518 0.099013
-0.3753 0.087338
-0.3947 0.075961
-0.4106 0.065349
-0.4235 0.055729
-0.4336 0.047182
-0.4413 0.039702
-0.4467 0.033229
-0.4500 0.027680
-0.4514 0.022958
-0.4511 0.018968
-0.4491 0.015614
-0.4456 0.012809
-0.4407 0.010475
-0.4346 0.008541
-0.4273 0.006944
-0.4190 0.005631
-0.4099 0.004554
-0.4000 0.003674
-0.3894 0.002958
-0.3783 0.002376
-0.3667 0.001904
-0.3547 0.001523
-0.3424 0.001215
-0.3298 0.000968
-0.3170 0.000769
-0.3040 0.000610
-0.2907 0.000482
-0.2773 0.000380
-0.2636 0.000299
-0.2496 0.000234
-0.2352 0.000182
-0.2204 0.000141
-0.2049 0.000109
-0.1886 0.000083
-0.1709 0.000062
-0.1512 0.000045
-0.1281 0.000032
-0.0908 0.038790
-0.0334 0.028983
0.0404 -0.033634
0.1158 -0.097898
0.1674 -0.142001
0.1900 -0.161409
0.1860 -0.316739
0.1536 -0.261617
0.1256 -0.213992
0.1006 -0.171400
0.0773 -0.131829
0.0548 -0.093478
0.0321 -0.053105
0.0083 -0.012982
-0.0183 0.025264
-0.0497 0.064499
-0.0866 0.105837
-0.1271 0.147164
-0.1665 0.184029
-0.2007 0.213014
-0.2277 0.233477
-0.2478 0.246614
-0.2638 0.227978
-0.2810 0.200728
-0.2984 0.176297
-0.3155 0.154101
-0.3316 0.133914
-0.3463 0.115648
-0.3594 0.099250
-0.3708 0.084661
-0.3803 0.071798
-0.3879 0.060555
-0.3936 0.050808
-0.3975 0.042422
-0.3996 0.035259
-0.3999 0.029181
-0.3988 0.024058
-0.3963 0.019768
-0.3927 0.016197
-0.3883 0.013241
-0.3832 0.010805
-0.3777 0.008806
-0.3720 0.007170
-0.3662 0.005836
-0.3606 0.004751
-0.3555 0.003873
-0.3510 0.003161
-0.3470 0.002584
-0.3434 0.002114
-0.3399 0.001731
-0.3364 0.001416
-0.3328 0.001158
-0.3290 0.000947
-0.3256 0.000775
-0.3229 0.000635
-0.3216 0.000523
-0.3219 0.000433
-0.3241 0.000360
-0.3279 0.000301
-0.3331 0.000253
-0.3393 0.000213
-0.3462 0.000180
-0.3534 0.000152
-0.3605 0.000128
-0.3674 0.000108
-0.3741 0.000091
-0.3808 0.000076
-0.3695 0.157205
-0.3493 0.148579
-0.3333 0.141740
-0.3205 0.136303
-0.3103 0.131940
-0.3020 0.128391
-0.2951 0.125453
-0.2893 0.122972
-0.2842 0.120825
-0.2797 0.118910
-0.2756 0.117139
-0.2716 0.115434
-0.2675 0.113728
-0.2634 0.111959
-0.2589 0.110073
-0.2541 0.107206
-0.2508 0.087477
-0.2499 0.072067
-0.2506 0.059746
-0.2522 0.049711
-0.2542 0.041424
-0.2562 0.034516
-0.2578 0.028719
-0.2588 0.023841
-0.2591 0.019731
-0.2584 0.016271
-0.2567 0.013364
-0.2539 0.010930
-0.2500 0.008899
-0.2450 0.007211
-0.2389 0.005814
-0.2316 0.004661
-0.2232 0.003714
-0.2135 0.002938
-0.2025 0.002304
-0.1900 0.001787
-0.1755 0.001366
-0.1585 0.001020
-0.1378 0.000733
-0.1085 0.046784
-0.0565 0.048727
0.0140 -0.011284
0.0921 -0.116761
0.1446 -0.184253
0.1670 -0.213115
0.1680 -0.214452
0.1571 -0.200672
0.1408 -0.179857
0.1223 -0.156218
0.1029 -0.131524
0.0830 -0.106191
0.0624 -0.079874
0.0404 -0.049468
0.0166 -0.018175
-0.0116 0.010901
-0.0471 0.040787
-0.0926 0.067746
-0.1472 0.089196
-0.2043 0.102468
-0.2568 0.106587
-0.3017 0.103591
-0.3389 0.096247
-0.3694 0.086757
-0.3942 0.076575
-0.4144 0.066569
-0.4308 0.057215
-0.4438 0.048740
-0.4540 0.041225
-0.4616 0.034662
-0.4671 0.028997
-0.4705 0.024150
-0.4720 0.020035
-0.4719 0.016561
-0.4702 0.013644
-0.4671 0.011207
-0.4626 0.009177
-0.4569 0.007495
-0.4501 0.006104
-0.4422 0.004959
-0.4333 0.004018
-0.4236 0.003248
-0.4132 0.002619
-0.4020 0.002107
-0.3902 0.001691
-0.3779 0.001354
-0.3652 0.001082
-0.3520 0.000862
-0.3386 0.000686
-0.3248 0.000544
-0.3108 0.000430
-0.2965 0.000339
-0.2819 0.000267
-0.2670 0.000209
-0.2517 0.000163
-0.2359 0.000126
-0.2193 0.000097
-0.2015 0.000074
-0.1821 0.000055
-0.1600 0.000040
-0.1337 0.000028
-0.0918 0.039233
-0.0311 0.027047
0.0475 -0.079515
0.1134 -0.191924
0.1481 -0.251479
0.1561 -0.265401
0.1484 -0.252493
0.1333 -0.226924
0.1154 -0.196457
0.0966 -0.164512
0.0775 -0.132148
0.0582 -0.099259
0.0382 -0.063675
0.0172 -0.027569
-0.0059 0.008066
-0.0335 0.038884
-0.0685 0.065926
-0.1124 0.089578
-0.1627 0.107317
-0.2134 0.116508
-0.2597 0.117297
-0.2997 0.111937
-0.3332 0.102948
-0.3611 0.092267
-0.3842 0.081171
-0.4031 0.070423
-0.4184 0.060443
-0.4305 0.051429
-0.4398 0.043444
-0.4466 0.036474
-0.4510 0.030457
-0.4533 0.025310
-0.4536 0.020941
-0.4520 0.017256
-0.4488 0.014167
-0.4441 0.011589
-0.4379 0.009449
-0.4305 0.007681
-0.4219 0.006225
-0.4124 0.005030
-0.4020 0.004054
-0.3908 0.003259
-0.3790 0.002613
-0.3667 0.002091
-0.3539 0.001668
-0.3408 0.001328
-0.3273 0.001055
-0.3136 0.000836
-0.2997 0.000660
-0.2860 0.000521
-0.2730 0.000411
-0.2611 0.000325
-0.2509 0.000258
-0.2427 0.000207
-0.2367 0.000167
-0.2328 0.000135
-0.2310 0.000111
-0.2310 0.000092
-0.2324 0.000076
-0.2351 0.000064
-0.2387 0.000054
-0.2429 0.000045
-0.2431 0.103425
-0.2166 0.184430
-0.1872 0.159345
-0.1624 0.138229
-0.1419 0.120788
-0.1255 0.106801
-0.1127 0.095870
-0.1028 0.087457
-0.0953 0.081042
-0.0896 0.076211
-0.0855 0.072684
-0.0827 0.070305
-0.0812 0.069016
-0.0811 0.066176
-0.0837 0.060171
-0.0905 0.053765
-0.1025 0.050323
-0.1204 0.048847
-0.1442 0.048382
-0.1730 0.047997
-0.2046 0.046952
-0.2366 0.044900
-0.2669 0.041887
-0.2943 0.038189
-0.3181 0.034136
-0.3382 0.030013
-0.3547 0.026028
-0.3677 0.022314
-0.3776 0.018945
-0.3844 0.015949
-0.3886 0.013330
-0.3902 0.011069
-0.3896 0.009138
-0.3869 0.007504
-0.3825 0.006133
-0.3764 0.004991
-0.3689 0.004045
-0.3603 0.003266
-0.3281 0.142064
-0.2942 0.127013
-0.2640 0.113686
-0.2390 0.102671
-0.2211 0.094810
-0.2110 0.090316
-0.2079 0.088846
-0.2103 0.089783
-0.2167 0.092439
-0.2257 0.096168
-0.2358 0.100418
-0.2461 0.104760
-0.2558 0.108890
-0.2649 0.106249
-0.2755 0.091381
-0.2879 0.078947
-0.3012 0.068294
-0.3149 0.059029
-0.3285 0.050910
-0.3416 0.043779
-0.3541 0.037522
-0.3658 0.032049
-0.3766 0.027282
-0.3864 0.023147
-0.3953 0.019577
-0.4031 0.016507
-0.4099 0.013878
-0.4156 0.011635
-0.4203 0.009728
-0.4239 0.008113
-0.4264 0.006748
-0.4279 0.005599
-0.4283 0.004634
-0.4277 0.003826
-0.4261 0.003152
-0.4235 0.002590
-0.4198 0.002123
-0.4152 0.001736
-0.4096 0.001416
-0.4030 0.001152
-0.3956 0.000935
-0.3873 0.000757
-0.3781 0.000611
-0.3681 0.000492
-0.3574 0.000395
-0.3460 0.000316
-0.3339 0.000252
-0.3212 0.000201
-0.3080 0.000159
-0.2941 0.000126
-0.2796 0.000099
-0.2644 0.000077
-0.2485 0.000060
-0.2316 0.000046
-0.2134 0.000035
-0.1936 0.000026
-0.1711 0.000019
-0.1446 0.000014
-0.1111 0.000009
-0.0642 0.000004
0.0109 -0.008492
0.1052 -0.088650
0.1834 -0.155395
0.2209 -0.281583
0.2052 -0.349320
0.1795 -0.305590
0.1527 -0.260054
0.1271 -0.216546
0.1032 -0.175875
0.0806 -0.137383
0.0585 -0.099837
0.0361 -0.061781
0.0125 -0.021654
-0.0133 0.020829
-0.0427 0.062333
-0.0770 0.104347
-0.1154 0.139790
-0.1571 0.157536
-0.1995 0.165429
-0.2392 0.164149
-0.2750 0.156077
-0.3065 0.143864
-0.3340 0.129640
-0.3579 0.114871
-0.3786 0.100480
-0.3964 0.086998
-0.4117 0.074699
-0.4245 0.063690
-0.4351 0.053976
-0.4436 0.045500
-0.4500 0.038172
-0.4546 0.031884
-0.4574 0.026524
-0.4585 0.021982
-0.4579 0.018152
-0.4557 0.014938
-0.4521 0.012253
-0.4471 0.010019
-0.4408 0.008168
-0.4333 0.006638
-0.4247 0.005380
-0.4151 0.004348
-0.4047 0.003505
-0.3934 0.002817
-0.3815 0.002259
-0.3690 0.001806
-0.3560 0.001441
-0.3426 0.001146
-0.3288 0.000910
-0.3146 0.000720
-0.3002 0.000568
-0.2855 0.000447
-0.2705 0.000350
-0.2551 0.000273
-0.2392 0.000212
-0.2228 0.000163
-0.2055 0.000124
-0.1869 0.000093
-0.1662 0.000069
-0.1424 0.000049
-0.1130 0.000032
-0.0735 0.000017
-0.0143 0.012820
0.0682 -0.057261
0.1471 -0.124511
0.1798 -0.305437
0.1805 -0.306966
0.1669 -0.283994
0.1465 -0.249421
0.1239 -0.211094
0.1012 -0.172501
0.0789 -0.134513
0.0566 -0.096684
0.0339 -0.057942
0.0097 -0.016907
-0.0167 0.026506
-0.0467 0.068714
-0.0819 0.102470
-0.1234 0.127804
-0.1685 0.144477
-0.2130 0.151088
-0.2536 0.148827
-0.2892 0.140376
-0.3198 0.128382
-0.3459 0.114832
-0.3681 0.101034
-0.3867 0.087776
-0.4022 0.075494
-0.4149 0.064395
-0.4251 0.054543
-0.4328 0.045916
-0.4382 0.038445
-0.4416 0.032032
-0.4430 0.026569
-0.4425 0.021946
-0.4403 0.018057
-0.4366 0.014803
-0.4315 0.012096
-0.4254 0.009860
-0.4188 0.008027
-0.4125 0.006536
-0.4068 0.005330
-0.4021 0.004356
-0.3984 0.003568
-0.3954 0.002928
-0.3932 0.002407
-0.3915 0.001982
-0.3903 0.001633
-0.3894 0.001347
-0.3888 0.001112
-0.3886 0.000919
-0.3887 0.000760
-0.3890 0.000629
-0.3894 0.000521
-0.3900 0.000431
-0.3905 0.000357
-0.3911 0.000296
-0.3915 0.000245
-0.3919 0.000202
-0.3921 0.000167
-0.3921 0.000138
-0.3918 0.000114
-0.3911 0.000094
-0.3900 0.000078
-0.3885 0.000064
-0.3864 0.000053
-0.3837 0.000043
-0.3806 0.000036
-0.3770 0.000029
-0.3729 0.000024
-0.3684 0.000019
-0.3636 0.000016
-0.3585 0.000013
-0.3533 0.000011
-0.3482 0.000009
-0.3431 0.000007
-0.3384 0.000006
-0.3340 0.000005
-0.3300 0.000004
-0.3264 0.000003
-0.3232 0.000003
-0.3204 0.000002
-0.3179 0.000002
-0.3154 0.000001
-0.3129 0.000001
-0.3103 0.000001
-0.3074 0.000001
-0.3042 0.000001
-0.3005 0.000001
-0.2962 0.000000
-0.2914 0.000000
-0.2859 0.000000
-0.2798 0.000000
-0.2729 0.000000
-0.2653 0.000000
-0.2570 0.000000
-0.2477 0.000000
-0.2376 0.000000
-0.2266 0.000000
-0.2143 0.000000
-0.1886 0.080274
-0.1574 0.067019
-0.1181 0.100791
-0.0747 0.063904
-0.0274 0.023723
0.0265 -0.022063
0.0820 -0.069263
0.1268 -0.107476
0.1543 -0.130951
0.1660 -0.141038
0.1664 -0.141501
0.1596 -0.135751
0.1484 -0.124217
0.1357 -0.103916
0.1223 -0.086472
0.1084 -0.065934
0.0885 -0.082288
0.0652 -0.082838
0.0387 -0.046451
0.0104 -0.012162
-0.0222 0.023684
-0.0614 0.063685
-0.1071 0.107697
-0.1544 0.151228
-0.1967 0.188418
-0.2304 0.216494
-0.2552 0.235898
-0.2725 0.248363
-0.2838 0.255676
-0.2906 0.259271
-0.2940 0.260194
-0.2949 0.259172
-0.2937 0.256709
-0.2911 0.248607
-0.2899 0.225995
-0.2920 0.189356
-0.2977 0.159632
-0.3054 0.135384
-0.3138 0.115035
-0.3223 0.097670
-0.3302 0.082730
-0.3371 0.069841
-0.3429 0.058735
-0.3474 0.049204
-0.3508 0.041087
-0.3537 0.034252
-0.3567 0.028559
-0.3603 0.023850
-0.3647 0.019959
-0.3697 0.016732
-0.3753 0.014040
-0.3808 0.011781
-0.3861 0.009876
-0.3908 0.008264
-0.3945 0.006899
-0.3972 0.005743
-0.3987 0.004766
-0.3988 0.003942
-0.3976 0.003249
-0.3950 0.002669
-0.3911 0.002185
-0.3861 0.001784
-0.3801 0.001452
-0.3734 0.001179
-0.3663 0.000957
-0.3592 0.000776
-0.3522 0.000629
-0.3456 0.000510
-0.3392 0.000414
-0.3332 0.000336
-0.3273 0.000273
-0.3219 0.000222
-0.3174 0.000181
-0.3141 0.000148
-0.3124 0.000122
-0.3019 0.128513
-0.2811 0.119638
-0.2653 0.112865
-0.2536 0.107852
-0.2452 0.104289
-0.2397 0.101913
-0.2364 0.100515
-0.2351 0.099919
-0.2352 0.099954
-0.2363 0.100447
-0.2382 0.101236
-0.2404 0.102172
-0.2427 0.103134
-0.2448 0.104027
-0.2465 0.104780
-0.2494 0.088982
-0.2549 0.075181
-0.2622 0.063928
-0.2705 0.054542
-0.2794 0.046577
-0.2884 0.039741
-0.2969 0.033834
-0.3048 0.028717
-0.3117 0.024284
-0.3175 0.020453
-0.3221 0.017154
-0.3253 0.014326
-0.3272 0.011914
-0.3277 0.009866
-0.3268 0.008137
-0.3247 0.006683
-0.3213 0.005468
-0.3166 0.004456
-0.3109 0.003618
-0.3041 0.002926
-0.2963 0.002357
-0.2877 0.001892
-0.2781 0.001513
-0.2678 0.001204
-0.2567 0.000955
-0.2449 0.000753
-0.2322 0.000590
-0.2186 0.000460
-0.2038 0.000354
-0.1875 0.000270
-0.1691 0.000201
-0.1475 0.000145
-0.1207 0.000098
-0.0783 0.033532
-0.0117 0.010615
0.0729 -0.061290
0.1497 -0.126747
0.1885 -0.240223
0.1912 -0.243918
0.1794 -0.228955
0.1610 -0.205583
0.1405 -0.179367
0.1195 -0.152685
0.0987 -0.126157
0.0778 -0.099505
0.0562 -0.070843
0.0335 -0.039681
0.0082 -0.008829
-0.0224 0.020737
-0.0614 0.051740
-0.1100 0.079342
-0.1657 0.098962
-0.2211 0.109327
-0.2707 0.110742
-0.3127 0.105816
-0.3476 0.097270
-0.3763 0.087099
-0.4001 0.076568
-0.4196 0.066410
-0.4357 0.057013
-0.4487 0.048551
-0.4591 0.041074
-0.4671 0.034557
-0.4730 0.028935
-0.4770 0.024125
-0.4792 0.020039
-0.4797 0.016589
-0.4788 0.013691
-0.4766 0.011267
-0.4732 0.009249
-0.4687 0.007574
-0.4631 0.006189
-0.4567 0.005046
-0.4494 0.004106
-0.4413 0.003333
-0.4324 0.002701
-0.4228 0.002183
-0.4124 0.001761
-0.4014 0.001417
-0.3899 0.001138
-0.3780 0.000912
-0.3659 0.000730
-0.3539 0.000584
-0.3423 0.000467
-0.3313 0.000374
-0.3209 0.000299
-0.3113 0.000240
-0.3024 0.000193
-0.2941 0.000155
-0.2864 0.000125
-0.2794 0.000101
-0.2732 0.000081
-0.2679 0.000066
-0.2635 0.000054
-0.2600 0.000044
-0.2574 0.000036
-0.2556 0.000029
-0.2544 0.000024
-0.2536 0.000020
-0.2420 0.102932
-0.2220 0.094457
-0.2044 0.086947
-0.1903 0.080933
-0.1807 0.076828
-0.1758 0.074716
-0.1752 0.074459
-0.1784 0.075798
-0.1846 0.078409
-0.1929 0.081942
-0.2026 0.086047
-0.2128 0.090397
-0.2230 0.094715
-0.2329 0.090322
-0.2448 0.078489
-0.2583 0.068456
-0.2725 0.059714
-0.2868 0.051969
-0.3007 0.045054
-0.3138 0.038871
-0.3257 0.033362
-0.3363 0.028479
-0.3453 0.024181
-0.3527 0.020424
-0.3585 0.017164
-0.3626 0.014355
-0.3651 0.011950
-0.3659 0.009903
-0.3652 0.008172
-0.3630 0.006716
-0.3593 0.005498
-0.3544 0.004483
-0.3482 0.003642
-0.3410 0.002949
-0.3327 0.002380
-0.3237 0.001914
-0.3139 0.001535
-0.3036 0.001227
-0.2927 0.000978
-0.2813 0.000777
-0.2694 0.000616
-0.2570 0.000486
-0.2440 0.000381
-0.2305 0.000298
-0.2162 0.000231
-0.2010 0.000178
-0.1814 0.077355
-0.1477 0.063030
-0.1109 0.047369
-0.0636 0.054513
-0.0043 0.004165
0.0628 -0.052834
0.1225 -0.103709
0.1608 -0.136492
0.1779 -0.151164
0.1798 -0.152902
0.1724 -0.146665
0.1597 -0.135923
0.1443 -0.122787
0.1273 -0.108397
0.1096 -0.090498
0.0922 -0.069713
0.0743 -0.051992
0.0554 -0.032518
0.0344 -0.016747
0.0088 -0.003644
-0.0249 0.008094
-0.0713 0.019332
-0.1321 0.029685
-0.1997 0.037167
-0.2626 0.040454
-0.3150 0.040152
-0.3565 0.037584
-0.3885 0.033873
-0.4128 0.029765
-0.4310 0.025699
-0.4444 0.021911
-0.4540 0.018508
-0.4605 0.015523
-0.4645 0.012948
-0.4665 0.010751
-0.4667 0.008894
-0.4654 0.007334
-0.4629 0.006031
-0.4592 0.004946
-0.4544 0.004047
-0.4487 0.003305
-0.4422 0.002692
-0.4348 0.002189
-0.4268 0.001777
-0.4181 0.001439
-0.4087 0.001163
-0.3989 0.000939
-0.3885 0.000756
-0.3777 0.000608
-0.3665 0.000488
-0.3550 0.000390
-0.3431 0.000312
-0.3310 0.000249
-0.3185 0.000198
-0.3058 0.000157
-0.2928 0.000124
-0.2795 0.000098
-0.2659 0.000077
-0.2518 0.000060
-0.2372 0.000047
-0.2219 0.000036
-0.2056 0.000028
-0.1882 0.000021
-0.1698 0.000016
-0.1451 0.123696
-0.0946 0.121343
-0.0380 0.065658
0.0201 -0.033296
0.0696 -0.117608
0.1020 -0.173055
0.1171 -0.198910
0.1196 -0.203304
0.1143 -0.194514
0.1047 -0.178203
0.0926 -0.157649
0.0790 -0.134536
0.0643 -0.109578
0.0487 -0.079910
0.0332 -0.047584
0.0165 -0.020552
-0.0029 0.002721
-0.0276 0.022961
-0.0606 0.041839
-0.1041 0.059501
-0.1562 0.073929
-0.2104 0.082424
-0.2603 0.084379
-0.3031 0.081270
-0.3385 0.075068
-0.3673 0.067363
-0.3904 0.059217
-0.4088 0.051272
-0.4231 0.043881
-0.4339 0.037213
-0.4417 0.031323
-0.4469 0.026200
-0.4496 0.021798
-0.4503 0.018050
-0.4491 0.014884
-0.4462 0.012227
-0.4417 0.010009
-0.4359 0.008166
-0.4288 0.006643
-0.4207 0.005388
-0.4116 0.004359
-0.4017 0.003518
-0.3912 0.002833
-0.3803 0.002277
-0.3690 0.001826
-0.3575 0.001463
-0.3459 0.001170
-0.3342 0.000935
-0.3226 0.000746
-0.3110 0.000595
-0.2998 0.000474
-0.2891 0.000378
-0.2794 0.000302
-0.2709 0.000242
-0.2638 0.000195
-0.2584 0.000158
-0.2545 0.000129
-0.2521 0.000105
-0.2511 0.000087
-0.2512 0.000072
-0.2521 0.000059
-0.2535 0.000049
-0.2552 0.000041
-0.2569 0.000034
-0.2585 0.000029
-0.2598 0.000024
-0.2605 0.110806
-0.2396 0.203983
-0.2058 0.175217
-0.1787 0.152139
-0.1567 0.133351
-0.1384 0.117781
-0.1230 0.104681
-0.1099 0.093482
-0.0983 0.083677
-0.0879 0.074787
-0.0780 0.066361
-0.0681 0.057964
-0.0577 0.049156
-0.0463 0.039465
-0.0332 0.028372
-0.0181 0.014170
-0.0002 0.000269
0.0211 -0.012834
0.0460 -0.023227
0.0731 -0.030611
0.0997 -0.034555
0.1226 -0.035157
0.1397 -0.033154
0.1504 -0.029525
0.1547 -0.025124
0.1532 -0.020575
0.1466 -0.016287
0.1360 -0.012496
0.1223 -0.009294
0.1062 -0.006673
0.0879 -0.004571
0.0673 -0.002896
0.0433 -0.001547
0.0139 -0.000418
-0.0250 0.000596
-0.0789 0.001569
-0.1484 0.002447
-0.2221 0.003035
-0.2874 0.003250
-0.3398 0.003179
-0.3800 0.002941
-0.3864 0.166707
-0.3841 0.165309
-0.3808 0.163528
-0.3769 0.161579
-0.3734 0.159826
-0.3711 0.158632
-0.3703 0.158130
-0.3708 0.158218
-0.3721 0.158673
-0.3737 0.159250
-0.3750 0.159744
-0.3758 0.160014
-0.3758 0.159980
-0.3751 0.159607
-0.3735 0.158897
-0.3721 0.141747
-0.3742 0.117854
-0.3787 0.098629
-0.3847 0.082830
-0.3913 0.069664
-0.3981 0.058599
-0.4047 0.049253
-0.4109 0.041341
-0.4163 0.034638
-0.4210 0.028960
-0.4247 0.024156
-0.4275 0.020102
-0.4293 0.016691
-0.4303 0.013833
-0.4306 0.011447
-0.4305 0.009461
-0.4299 0.007812
-0.4289 0.006444
-0.4275 0.005310
-0.4255 0.004371
-0.4231 0.003593
-0.4200 0.002949
-0.4162 0.002416
-0.4116 0.001976
-0.4062 0.001612
-0.4000 0.001313
-0.3928 0.001066
-0.3848 0.000863
-0.3758 0.000697
-0.3660 0.000561
-0.3554 0.000451
-0.3440 0.000361
-0.3318 0.000288
-0.3190 0.000229
-0.3054 0.000181
-0.2912 0.000143
-0.2764 0.000112
-0.2608 0.000087
-0.2444 0.000068
-0.2270 0.000052
-0.2082 0.000039
-0.1874 0.000029
