-0.5632 0.021894
-0.5615 0.018048
-0.5574 0.014813
-0.5507 0.012102
-0.5416 0.009840
-0.5298 0.007960
-0.5156 0.006404
-0.4987 0.005122
-0.4792 0.004070
-0.4571 0.003210
-0.4326 0.002512
-0.4055 0.001947
-0.3760 0.001493
-0.3440 0.001130
-0.3094 0.000840
-0.2717 0.000610
-0.2302 0.000428
-0.1832 0.000282
-0.1163 0.044014
-0.0304 0.023570
0.0781 -0.057794
0.1632 -0.182995
0.1917 -0.287499
0.1864 -0.279785
0.1651 -0.248088
0.1377 -0.206959
0.1085 -0.163172
0.0787 -0.118575
0.0481 -0.070168
0.0148 -0.020811
-0.0242 0.030080
-0.0727 0.081153
-0.1316 0.123568
-0.1950 0.151656
-0.2546 0.163894
-0.3065 0.163243
-0.3506 0.154457
-0.3881 0.141383
-0.4200 0.126552
-0.4475 0.111490
-0.4711 0.097061
-0.4914 0.083717
-0.5088 0.071664
-0.5234 0.060954
-0.5353 0.051555
-0.5449 0.043386
-0.5520 0.036342
-0.5567 0.030306
-0.5591 0.025164
-0.5590 0.020806
-0.5566 0.017129
-0.5517 0.014039
-0.5444 0.011454
-0.5345 0.009299
-0.5222 0.007511
-0.5072 0.006033
-0.4897 0.004816
-0.4697 0.003820
-0.4471 0.003007
-0.4221 0.002347
-0.3946 0.001814
-0.3646 0.001386
-0.3322 0.001044
-0.2971 0.000772
-0.2588 0.000557
-0.2164 0.000385
-0.1653 0.062446
-0.0944 0.035807
0.0005 0.000459
0.1112 -0.082650
0.1819 -0.272356
0.1959 -0.293896
0.1836 -0.275675
0.1590 -0.238934
0.1302 -0.195749
0.1004 -0.151116
0.0702 -0.105827
0.0389 -0.056294
0.0042 -0.006148
-0.0373 0.045559
-0.0889 0.096729
-0.1496 0.134905
-0.2123 0.158460
-0.2695 0.166473
-0.3188 0.162912
-0.3606 0.152434
-0.3962 0.138510
-0.4267 0.123353
-0.4529 0.108273
-0.4755 0.093998
-0.4949 0.080898
-0.5115 0.069126
-0.5253 0.058707
-0.5367 0.049589
-0.5456 0.041682
-0.5521 0.034876
-0.5562 0.029055
-0.5580 0.024102
-0.5575 0.019909
-0.5546 0.016375
-0.5492 0.013409
-0.5414 0.010929
-0.5311 0.008865
-0.5182 0.007153
-0.5029 0.005739
-0.4850 0.004576
-0.4645 0.003625
-0.4416 0.002849
-0.4162 0.002220
-0.3884 0.001713
-0.3581 0.001306
-0.3253 0.000981
-0.2899 0.000723
-0.2513 0.000519
-0.2091 0.000357
-0.1584 0.059808
-0.0897 0.034024
0.0032 -0.001620
0.1098 -0.081663
0.1796 -0.268983
0.1935 -0.290229
0.1819 -0.273168
0.1582 -0.237746
0.1301 -0.195583
0.1008 -0.151670
0.0710 -0.106942
0.0400 -0.058009
0.0058 -0.008242
-0.0350 0.042567
-0.0855 0.094687
-0.1452 0.133254
-0.2074 0.157560
-0.2646 0.166314
-0.3139 0.163263
-0.3558 0.153063
-0.3914 0.139251
-0.4219 0.124105
-0.4480 0.108978
-0.4704 0.094626
-0.4896 0.081436
-0.5059 0.069573
-0.5194 0.059067
-0.5304 0.049871
-0.5388 0.041895
-0.5449 0.035030
-0.5485 0.029158
-0.5498 0.024164
-0.5487 0.019939
-0.5451 0.016379
-0.5391 0.013393
-0.5305 0.010899
-0.5195 0.008825
-0.5060 0.007107
-0.4899 0.005690
-0.4714 0.004526
-0.4503 0.003575
-0.4267 0.002802
-0.4008 0.002176
-0.3723 0.001672
-0.3415 0.001268
-0.3080 0.000945
-0.2715 0.000689
-0.2315 0.000486
-0.1864 0.070405
-0.1238 0.046824
-0.0496 0.037886
0.0439 -0.032179
0.1344 -0.100324
0.1758 -0.263505
0.1771 -0.265816
0.1614 -0.242471
0.1381 -0.207539
0.1119 -0.168257
0.0846 -0.127257
0.0563 -0.081673
0.0261 -0.036345
-0.0088 0.010623
-0.0517 0.060315
-0.1044 0.108716
-0.1646 0.141957
-0.2247 0.160394
-0.2787 0.164610
-0.3251 0.158823
-0.3645 0.147278
-0.3980 0.133010
-0.4267 0.117927
-0.4514 0.103146
-0.4725 0.089281
-0.4905 0.076634
-0.5056 0.065320
-0.5181 0.055340
-0.5280 0.046633
-0.5354 0.039101
-0.5404 0.032633
-0.5430 0.027114
-0.5432 0.022428
-0.5411 0.018471
-0.5365 0.015143
-0.5295 0.012357
-0.5200 0.010035
-0.5080 0.008106
-0.4936 0.006512
-0.4767 0.005200
-0.4573 0.004125
-0.4354 0.003248
-0.4112 0.002536
-0.3845 0.001961
-0.3555 0.001499
-0.3239 0.001130
-0.2896 0.000835
-0.2519 0.000601
-0.2094 0.000413
-0.1532 0.057933
-0.0770 0.029278
0.0251 -0.017974
0.1304 -0.145826
0.1899 -0.213342
0.1941 -0.291293
0.1762 -0.264685
0.1495 -0.224714
0.1203 -0.180907
0.0907 -0.136492
0.0606 -0.089845
0.0290 -0.041462
-0.0069 0.008693
-0.0506 0.059723
-0.1046 0.109319
-0.1659 0.144819
-0.2267 0.163856
-0.2812 0.168186
-0.3280 0.162268
-0.3678 0.150490
-0.4018 0.135957
-0.4310 0.120609
-0.4563 0.105575
-0.4781 0.091475
-0.4969 0.078614
-0.5129 0.067103
-0.5265 0.056945
-0.5375 0.048076
-0.5463 0.040399
-0.5528 0.033799
-0.5570 0.028160
-0.5590 0.023367
-0.5587 0.019312
-0.5562 0.015895
-0.5513 0.013028
-0.5441 0.010632
-0.5346 0.008637
-0.5226 0.006982
-0.5083 0.005614
-0.4914 0.004489
-0.4722 0.003566
-0.4505 0.002813
-0.4265 0.002202
-0.4000 0.001708
-0.3712 0.001311
-0.3400 0.000993
-0.3062 0.000739
-0.2692 0.000538
-0.2282 0.000377
-0.1808 0.000247
-0.1204 0.045545
-0.0258 0.010125
0.1027 -0.114123
0.2004 -0.299765
0.2276 -0.341402
0.2161 -0.324463
0.1866 -0.280392
0.1519 -0.228399
0.1173 -0.176494
0.0837 -0.126102
0.0500 -0.075450
0.0138 -0.020535
-0.0279 0.035987
-0.0792 0.089962
-0.1405 0.132273
-0.2048 0.159687
-0.2640 0.170383
-0.3151 0.168253
-0.3585 0.158331
-0.3955 0.144447
-0.4273 0.129051
-0.4549 0.113594
-0.4789 0.098886
-0.4998 0.085341
-0.5180 0.073137
-0.5338 0.062311
-0.5472 0.052819
-0.5585 0.044572
-0.5676 0.037458
-0.5747 0.031360
-0.5798 0.026159
-0.5829 0.021743
-0.5839 0.018009
-0.5828 0.014864
-0.5796 0.012223
-0.5743 0.010013
-0.5667 0.008170
-0.5569 0.006638
-0.5447 0.005369
-0.5301 0.004321
-0.5132 0.003458
-0.4937 0.002751
-0.4719 0.002174
-0.4476 0.001705
-0.4208 0.001326
-0.3917 0.001020
-0.3602 0.000776
-0.3261 0.000581
-0.2892 0.000426
-0.2487 0.000303
-0.2029 0.000205
-0.1478 0.000123
-0.0721 0.027461
0.0491 -0.053696
0.1729 -0.257880
0.2338 -0.350212
0.2403 -0.360681
0.2161 -0.324598
0.1803 -0.271001
0.1429 -0.214962
0.1072 -0.161298
0.0727 -0.109545
0.0375 -0.056850
-0.0010 0.000804
-0.0464 0.057963
-0.1027 0.106525
-0.1673 0.143747
-0.2311 0.164378
-0.2877 0.169349
-0.3359 0.163583
-0.3768 0.151769
-0.4118 0.137151
-0.4419 0.121719
-0.4682 0.106620
-0.4910 0.092474
-0.5111 0.079581
-0.5285 0.068049
-0.5436 0.057875
-0.5566 0.048992
-0.5674 0.041298
-0.5763 0.034680
-0.5832 0.029018
-0.5881 0.024198
-0.5912 0.020111
-0.5922 0.016659
-0.5913 0.013753
-0.5884 0.011314
-0.5833 0.009275
-0.5761 0.007574
-0.5666 0.006159
-0.5548 0.004987
-0.5407 0.004018
-0.5241 0.003221
-0.5051 0.002566
-0.4836 0.002032
-0.4596 0.001597
-0.4331 0.001244
-0.4042 0.000960
-0.3729 0.000732
-0.3390 0.000551
-0.3024 0.000406
-0.2624 0.000292
-0.2178 0.000200
-0.1653 0.000126
-0.0968 0.000061
0.0109 -0.007163
0.1432 -0.213153
0.2259 -0.338061
0.2480 -0.372065
0.2306 -0.346356
0.1961 -0.294726
0.1578 -0.237330
0.1209 -0.181930
0.0859 -0.129341
0.0512 -0.077257
0.0142 -0.021762
-0.0281 0.037058
-0.0802 0.088221
-0.1427 0.130177
-0.2080 0.157151
-0.2679 0.167458
-0.3193 0.165130
-0.3628 0.155204
-0.3998 0.141454
-0.4316 0.126279
-0.4592 0.111088
-0.4832 0.096662
-0.5042 0.083398
-0.5225 0.071464
-0.5384 0.060888
-0.5521 0.051624
-0.5636 0.043579
-0.5732 0.036644
-0.5808 0.030701
-0.5865 0.025633
-0.5902 0.021330
-0.5920 0.017691
-0.5919 0.014624
-0.5897 0.012047
-0.5855 0.009890
-0.5791 0.008088
-0.5705 0.006588
-0.5596 0.005344
-0.5464 0.004314
-0.5307 0.003465
-0.5126 0.002767
-0.4920 0.002196
-0.4689 0.001730
-0.4433 0.001353
-0.4152 0.001048
-0.3846 0.000802
-0.3515 0.000606
-0.3157 0.000450
-0.2768 0.000327
-0.2337 0.000228
-0.1842 0.000149
-0.1223 0.000082
-0.0309 0.012043
0.1023 -0.151469
0.2060 -0.307944
0.2475 -0.371025
0.2407 -0.361362
0.2098 -0.315282
0.1718 -0.258222
0.1341 -0.201662
0.0985 -0.148251
0.0640 -0.096479
0.0283 -0.042987
-0.0115 0.015603
-0.0592 0.069491
-0.1183 0.115097
-0.1836 0.148056
-0.2461 0.164250
-0.3007 0.166036
-0.3470 0.158483
-0.3862 0.145895
-0.4198 0.131130
-0.4487 0.115914
-0.4739 0.101225
-0.4958 0.087579
-0.5150 0.075213
-0.5316 0.064201
-0.5460 0.054517
-0.5582 0.046084
-0.5683 0.038797
-0.5765 0.032539
-0.5827 0.027195
-0.5870 0.022651
-0.5893 0.018804
-0.5897 0.015558
-0.5881 0.012828
-0.5844 0.010540
-0.5785 0.008628
-0.5705 0.007034
-0.5601 0.005711
-0.5474 0.004615
-0.5323 0.003710
-0.5146 0.002966
-0.4945 0.002357
-0.4719 0.001859
-0.4467 0.001455
-0.4190 0.001129
-0.3888 0.000866
-0.3560 0.000656
-0.3206 0.000488
-0.2821 0.000355
-0.2396 0.000250
-0.1911 0.000165
-0.1312 0.000094
-0.0451 0.017353
0.0858 -0.126741
0.1964 -0.293339
0.2452 -0.367557
0.2430 -0.364781
0.2140 -0.321603
0.1764 -0.265224
0.1387 -0.208556
0.1030 -0.155020
0.0686 -0.103469
0.0335 -0.050755
-0.0053 0.007000
-0.0513 0.061627
-0.1085 0.108178
-0.1734 0.143178
-0.2367 0.161779
-0.2925 0.165421
-0.3399 0.159018
-0.3800 0.147048
-0.4142 0.132563
-0.4437 0.117423
-0.4693 0.102694
-0.4916 0.088946
-0.5110 0.076450
-0.5278 0.065297
-0.5423 0.055475
-0.5547 0.046911
-0.5649 0.039505
-0.5731 0.033140
-0.5794 0.027701
-0.5837 0.023075
-0.5861 0.019156
-0.5864 0.015848
-0.5847 0.013066
-0.5809 0.010734
-0.5750 0.008784
-0.5668 0.007160
-0.5563 0.005810
-0.5434 0.004693
-0.5280 0.003771
-0.5102 0.003012
-0.4898 0.002391
-0.4668 0.001885
-0.4413 0.001473
-0.4133 0.001141
-0.3827 0.000874
-0.3495 0.000660
-0.3136 0.000490
-0.2745 0.000354
-0.2311 0.000247
-0.1809 0.000160
-0.1178 0.000086
-0.0229 0.009040
0.1109 -0.164376
0.2102 -0.314239
0.2469 -0.370184
0.2375 -0.356595
0.2060 -0.309496
0.1682 -0.252895
0.1311 -0.197222
0.0961 -0.144651
0.0620 -0.093540
0.0267 -0.040547
-0.0128 0.017326
-0.0604 0.069955
-0.1192 0.114531
-0.1842 0.146640
-0.2463 0.162296
-0.3005 0.163847
-0.3465 0.156263
-0.3854 0.143759
-0.4187 0.129139
-0.4473 0.114093
-0.4722 0.099582
-0.4938 0.086110
-0.5125 0.073909
-0.5288 0.063049
-0.5427 0.053504
-0.5544 0.045195
-0.5641 0.038019
-0.5717 0.031860
-0.5773 0.026602
-0.5809 0.022134
-0.5826 0.018353
-0.5822 0.015164
-0.5797 0.012484
-0.5750 0.010240
-0.5681 0.008365
-0.5589 0.006805
-0.5474 0.005510
-0.5334 0.004440
-0.5169 0.003557
-0.4978 0.002833
-0.4762 0.002241
-0.4519 0.001759
-0.4252 0.001368
-0.3958 0.001053
-0.3639 0.000801
-0.3293 0.000599
-0.2917 0.000439
-0.2503 0.000312
-0.2036 0.000210
-0.1472 0.000126
-0.0698 0.026583
0.0537 -0.058815
0.1750 -0.261112
0.2367 -0.354642
0.2433 -0.365116
0.2187 -0.328597
0.1828 -0.274720
0.1455 -0.218744
0.1100 -0.165514
0.0761 -0.114620
0.0419 -0.063357
0.0049 -0.007725
-0.0383 0.047814
-0.0919 0.095511
-0.1550 0.133525
-0.2192 0.156305
-0.2770 0.163461
-0.3264 0.159346
-0.3682 0.148661
-0.4037 0.134797
-0.4341 0.119875
-0.4604 0.105130
-0.4832 0.091238
-0.5030 0.078534
-0.5202 0.067148
-0.5349 0.057091
-0.5473 0.048302
-0.5576 0.040688
-0.5658 0.034137
-0.5719 0.028533
-0.5760 0.023763
-0.5781 0.019720
-0.5782 0.016306
-0.5761 0.013434
-0.5718 0.011025
-0.5653 0.009012
-0.5565 0.007335
-0.5452 0.005943
-0.5316 0.004791
-0.5153 0.003840
-0.4965 0.003060
-0.4752 0.002421
-0.4512 0.001901
-0.4246 0.001479
-0.3954 0.001139
-0.3637 0.000866
-0.3292 0.000648
-0.2917 0.000475
-0.2504 0.000337
-0.2038 0.000227
-0.1475 0.000136
-0.0697 0.026551
0.0538 -0.058959
0.1743 -0.260028
0.2342 -0.350929
0.2400 -0.360256
0.2157 -0.324056
0.1804 -0.271124
0.1437 -0.216134
0.1088 -0.163722
0.0753 -0.113470
0.0415 -0.062745
0.0048 -0.007616
-0.0379 0.047284
-0.0911 0.094485
-0.1538 0.132229
-0.2178 0.155005
-0.2755 0.162292
-0.3249 0.158332
-0.3667 0.147786
-0.4021 0.134039
-0.4325 0.119214
-0.4587 0.104549
-0.4814 0.090726
-0.5010 0.078081
-0.5180 0.066745
-0.5325 0.056732
-0.5447 0.047982
-0.5546 0.040401
-0.5625 0.033880
-0.5683 0.028302
-0.5721 0.023555
-0.5737 0.019532
-0.5732 0.016137
-0.5706 0.013281
-0.5657 0.010888
-0.5585 0.008888
-0.5490 0.007224
-0.5370 0.005842
-0.5225 0.004700
-0.5054 0.003759
-0.4857 0.002988
-0.4634 0.002357
-0.4385 0.001844
-0.4110 0.001429
-0.3809 0.001095
-0.3481 0.000828
-0.3125 0.000614
-0.2736 0.000445
-0.2303 0.000310
-0.1803 0.000201
-0.1171 0.000108
-0.0194 0.015451
0.1142 -0.169420
0.2067 -0.309136
0.2379 -0.356721
0.2270 -0.340865
0.1967 -0.295535
0.1610 -0.241995
0.1258 -0.189213
0.0923 -0.138946
0.0594 -0.089624
0.0251 -0.037853
-0.0134 0.017808
-0.0599 0.068707
-0.1175 0.111823
-0.1816 0.143159
-0.2432 0.158685
-0.2971 0.160435
-0.3429 0.153157
-0.3816 0.140972
-0.4146 0.126653
-0.4429 0.111881
-0.4673 0.097615
-0.4885 0.084362
-0.5067 0.072356
-0.5222 0.061669
-0.5354 0.052277
-0.5463 0.044104
-0.5550 0.037047
-0.5616 0.030994
-0.5660 0.025830
-0.5683 0.021445
-0.5685 0.017736
-0.5664 0.014613
-0.5622 0.011991
-0.5556 0.009799
-0.5466 0.007971
-0.5352 0.006453
-0.5212 0.005197
-0.5047 0.004161
-0.4855 0.003310
-0.4637 0.002614
-0.4393 0.002048
-0.4123 0.001589
-0.3826 0.001219
-0.3503 0.000923
-0.3152 0.000687
-0.2768 0.000499
-0.2342 0.000349
-0.1852 0.000229
-0.1240 0.000127
-0.0293 0.022887
0.1029 -0.114267
0.1977 -0.295679
0.2316 -0.347264
0.2233 -0.335280
0.1950 -0.292953
0.1606 -0.241453
0.1263 -0.190025
0.0935 -0.140764
0.0613 -0.092375
0.0276 -0.041565
-0.0098 0.012933
-0.0548 0.063933
-0.1108 0.107263
-0.1742 0.139653
-0.2361 0.156635
-0.2907 0.159591
-0.3371 0.153101
-0.3764 0.141368
-0.4097 0.127274
-0.4383 0.112587
-0.4629 0.098324
-0.4841 0.085029
-0.5024 0.072957
-0.5179 0.062194
-0.5310 0.052725
-0.5418 0.044479
-0.5503 0.037356
-0.5566 0.031242
-0.5608 0.026026
-0.5628 0.021595
-0.5626 0.017849
-0.5601 0.014694
-0.5554 0.012047
-0.5482 0.009833
-0.5387 0.007989
-0.5267 0.006458
-0.5121 0.005192
-0.4949 0.004149
-0.4751 0.003294
-0.4527 0.002595
-0.4276 0.002027
-0.3999 0.001568
-0.3696 0.001198
-0.3366 0.000902
-0.3007 0.000666
-0.2612 0.000479
-0.2169 0.000329
-0.1647 0.000207
-0.0940 0.035646
0.0170 -0.011810
0.1427 -0.212604
0.2104 -0.315085
0.2248 -0.337330
0.2078 -0.312096
0.1776 -0.266954
0.1444 -0.217072
0.1118 -0.168149
0.0802 -0.120745
0.0484 -0.073015
0.0143 -0.021114
-0.0247 0.031808
-0.0729 0.079596
-0.1316 0.119206
-0.1949 0.146180
-0.2543 0.157826
-0.3058 0.157042
-0.3495 0.148438
-0.3864 0.135738
-0.4178 0.121387
-0.4448 0.106851
-0.4680 0.092957
-0.4879 0.080135
-0.5049 0.068572
-0.5193 0.058314
-0.5312 0.049325
-0.5408 0.041520
-0.5481 0.034796
-0.5532 0.029038
-0.5561 0.024135
-0.5568 0.019980
-0.5552 0.016473
-0.5513 0.013525
-0.5450 0.011056
-0.5363 0.008996
-0.5252 0.007284
-0.5115 0.005865
-0.4952 0.004695
-0.4763 0.003734
-0.4548 0.002949
-0.4307 0.002309
-0.4039 0.001791
-0.3746 0.001373
-0.3426 0.001038
-0.3077 0.000771
-0.2695 0.000559
-0.2269 0.000389
-0.1774 0.000252
-0.1123 0.042533
-0.0116 0.009588
0.1146 -0.127667
0.1939 -0.290203
0.2171 -0.325559
0.2060 -0.309344
0.1793 -0.269455
0.1479 -0.222377
0.1164 -0.175054
0.0856 -0.128903
0.0548 -0.082643
0.0222 -0.032586
-0.0147 0.018926
-0.0595 0.068227
-0.1151 0.109439
-0.1774 0.139742
-0.2379 0.155107
-0.2913 0.157128
-0.3367 0.150231
-0.3750 0.138413
-0.4076 0.124412
-0.4355 0.109909
-0.4594 0.095868
-0.4798 0.082805
-0.4973 0.070962
-0.5121 0.060415
-0.5243 0.051145
-0.5341 0.043081
-0.5416 0.036121
-0.5468 0.030155
-0.5498 0.025069
-0.5505 0.020755
-0.5489 0.017112
-0.5450 0.014049
-0.5388 0.011483
-0.5301 0.009342
-0.5189 0.007562
-0.5052 0.006087
-0.4890 0.004872
-0.4702 0.003873
-0.4487 0.003057
-0.4247 0.002392
-0.3981 0.001854
-0.3689 0.001421
-0.3371 0.001073
-0.3023 0.000796
-0.2642 0.000576
-0.2216 0.000399
-0.1719 0.000256
-0.1032 0.039128
-0.0008 0.001517
0.1210 -0.134983
0.1928 -0.288660
0.2109 -0.316403
0.1985 -0.298093
0.1724 -0.259023
0.1421 -0.213652
0.1117 -0.167943
0.0817 -0.123004
0.0514 -0.077532
0.0191 -0.027660
-0.0176 0.022428
-0.0626 0.071227
-0.1180 0.111436
-0.1798 0.140599
-0.2395 0.154990
-0.2921 0.156386
-0.3368 0.149164
-0.3746 0.137215
-0.4067 0.123197
-0.4341 0.108739
-0.4576 0.094775
-0.4776 0.081803
-0.4947 0.070055
-0.5090 0.059601
-0.5207 0.050421
-0.5301 0.042438
-0.5371 0.035553
-0.5418 0.029655
-0.5442 0.024631
-0.5444 0.020372
-0.5423 0.016778
-0.5378 0.013759
-0.5309 0.011231
-0.5217 0.009125
-0.5099 0.007375
-0.4957 0.005928
-0.4789 0.004736
-0.4596 0.003758
-0.4378 0.002959
-0.4133 0.002311
-0.3864 0.001786
-0.3568 0.001364
-0.3246 0.001026
-0.2894 0.000757
-0.2507 0.000542
-0.2071 0.000370
-0.1557 0.058823
-0.0793 0.060242
0.0263 -0.018832
0.1379 -0.154149
0.1942 -0.290836
0.2037 -0.305643
0.1884 -0.282996
0.1624 -0.243999
0.1332 -0.200177
0.1037 -0.156049
0.0745 -0.112185
0.0445 -0.066020
0.0122 -0.017291
-0.0254 0.031749
-0.0717 0.079248
-0.1282 0.117424
-0.1896 0.143781
-0.2478 0.155498
-0.2986 0.155042
-0.3418 0.146776
-0.3783 0.134350
-0.4093 0.120206
-0.4357 0.105822
-0.4583 0.092043
-0.4776 0.079307
-0.4939 0.067814
-0.5074 0.057615
-0.5185 0.048676
-0.5271 0.040917
-0.5334 0.034236
-0.5374 0.028520
-0.5391 0.023658
-0.5386 0.019541
-0.5357 0.016072
-0.5306 0.013161
-0.5230 0.010728
-0.5131 0.008702
-0.5007 0.007022
-0.4859 0.005634
-0.4686 0.004493
-0.4488 0.003558
-0.4265 0.002796
-0.4017 0.002177
-0.3744 0.001678
-0.3446 0.001277
-0.3120 0.000956
-0.2764 0.000701
-0.2368 0.000497
-0.1920 0.000333
-0.1319 0.049869
-0.0518 0.039624
0.0531 -0.039027
0.1490 -0.166794
0.1896 -0.284133
0.1914 -0.287175
0.1743 -0.261772
0.1493 -0.224334
0.1219 -0.183268
0.0941 -0.141635
0.0661 -0.099517
0.0369 -0.053434
0.0048 -0.006842
-0.0334 0.040760
-0.0808 0.086832
-0.1377 0.122614
-0.1981 0.146099
-0.2546 0.155367
-0.3037 0.153332
-0.3454 0.144238
-0.3807 0.131481
-0.4107 0.117301
-0.4363 0.103047
-0.4582 0.089480
-0.4768 0.076994
-0.4925 0.065759
-0.5055 0.055810
-0.5160 0.047105
-0.5241 0.039561
-0.5299 0.033072
-0.5335 0.027527
