0.0104 -0.153173
-0.0075 -0.147793
-0.0271 -0.141941
-0.0487 -0.135444
-0.0727 -0.128253
-0.0984 -0.120568
-0.1240 -0.112875
-0.1475 -0.105802
-0.1673 -0.099867
-0.1824 -0.095332
-0.1927 -0.092217
-0.1987 -0.090402
-0.2010 -0.089709
-0.2001 -0.089959
-0.1966 -0.090998
-0.1909 -0.092706
-0.1832 -0.095004
-0.1737 -0.097850
-0.1624 -0.101247
-0.1490 -0.105250
-0.1332 -0.109986
-0.1141 -0.115698
-0.0903 -0.122823
-0.0592 -0.132141
-0.0166 -0.144883
0.0407 -0.162022
0.1054 -0.181436
0.1603 -0.197941
0.1965 -0.208883
0.2161 -0.213556
0.2247 -0.207394
0.2267 -0.197395
0.2254 -0.182518
0.2223 -0.169642
0.2180 -0.158574
0.2135 -0.140590
0.2100 -0.118632
0.2077 -0.098750
0.2058 -0.082247
0.2038 -0.068495
0.2016 -0.057020
0.1989 -0.047443
0.1960 -0.039453
0.1927 -0.032794
0.1892 -0.027249
0.1855 -0.022635
0.1817 -0.018798
0.1778 -0.015610
0.1740 -0.012962
0.1701 -0.010763
0.1663 -0.008938
0.1626 -0.007423
0.1590 -0.006165
0.1528 -0.053436
0.1421 -0.051837
0.1295 -0.096863
0.1158 -0.094356
0.1049 -0.092362
0.0944 -0.134503
0.0792 -0.130941
0.0580 -0.167468
0.0382 -0.161533
0.0187 -0.155669
-0.0017 -0.149544
-0.0241 -0.142850
-0.0492 -0.135334
-0.0772 -0.126932
-0.1071 -0.117956
-0.1365 -0.109128
-0.1627 -0.101274
-0.1837 -0.094955
-0.1990 -0.090348
-0.2089 -0.087355
-0.2142 -0.085757
-0.2156 -0.085309
-0.2140 -0.085792
-0.2099 -0.087029
-0.2036 -0.088887
-0.1957 -0.091278
-0.1861 -0.094150
-0.1749 -0.097493
-0.1621 -0.101337
-0.1473 -0.105772
-0.1299 -0.110965
-0.1090 -0.117222
-0.0828 -0.125084
-0.0479 -0.135495
-0.0001 -0.149816
0.0621 -0.168439
0.1264 -0.187741
0.1761 -0.202700
0.2067 -0.211456
0.2227 -0.207426
0.2292 -0.197977
0.2307 -0.183751
0.2291 -0.167817
0.2266 -0.148643
0.2239 -0.125348
0.2218 -0.104374
0.2196 -0.086902
0.2171 -0.072319
