0.8816 6.1834
0.8734 5.3924
0.8642 4.7049
0.8540 4.1075
0.8426 3.5884
0.8300 3.1374
0.8160 2.7455
0.8008 2.4052
0.7842 2.1095
0.7663 1.8527
0.7471 1.6296
0.7267 1.4359
0.7052 1.2677
0.6828 1.1216
0.6598 0.9948
0.6364 0.8847
0.6128 0.7891
0.5893 0.7060
0.5663 0.6340
0.5440 0.5714
0.5225 0.5171
0.5022 0.4699
0.4831 0.4290
0.4654 0.3935
0.4491 0.3626
0.4342 0.3359
0.4207 0.3127
0.4086 0.2927
0.3978 0.2758
0.3887 0.2626
0.3819 0.2554
0.3795 0.2617
0.3884 0.3087
0.4330 0.5473
0.5603 2.0964
0.7318 8.2024
0.8487 18.5328
0.9062 29.6528
0.9279 35.9431
0.9332 36.7927
0.9324 34.1111
0.9300 30.3468
0.9274 26.6494
0.9248 23.3086
0.9223 20.3604
0.9195 17.7780
0.9164 15.5218
0.9129 13.5520
0.9090 11.8329
0.9045 10.3329
0.8994 9.0242
0.8937 7.8825
0.8872 6.8868
0.8799 6.0185
0.8716 5.2615
0.8624 4.6016
0.8522 4.0265
0.8408 3.5254
0.8282 3.0888
0.8143 2.7084
0.7991 2.3772
0.7826 2.0888
0.7648 1.8377
0.7458 1.6191
0.7256 1.4289
0.7043 1.2633
0.6822 1.1192
0.6594 0.9939
0.6362 0.8849
0.6128 0.7901
0.5896 0.7077
0.5668 0.6360
0.5446 0.5736
0.5233 0.5194
0.5031 0.4723
0.4842 0.4314
0.4665 0.3958
0.4502 0.3649
0.4353 0.3380
0.4218 0.3147
0.4096 0.2945
0.3988 0.2773
0.3896 0.2641
0.3830 0.2585
0.3826 0.2735
0.3984 0.3477
0.4563 0.6579
0.5838 2.1924
0.7415 7.6375
0.8496 16.3963
0.9040 26.2116
0.9253 32.1447
0.9310 33.2734
0.9307 31.1157
0.9286 27.8485
0.9260 24.5723
0.9235 21.5794
0.9208 18.9161
0.9179 16.5669
0.9147 14.5022
0.9110 12.6908
0.9069 11.1035
0.9022 9.7137
0.8969 8.4977
0.8909 7.4344
0.8841 6.5051
0.8765 5.6932
0.8679 4.9841
0.8584 4.3652
0.8478 3.8249
0.8360 3.3536
0.8231 2.9424
0.8088 2.5838
0.7933 2.2712
0.7765 1.9986
0.7584 1.7611
0.7391 1.5540
0.7187 1.3737
0.6973 1.2165
0.6752 1.0796
0.6524 0.9604
0.6293 0.8566
0.6062 0.7662
0.5833 0.6875
0.5608 0.6190
0.5390 0.5593
0.5182 0.5074
0.4984 0.4622
0.4799 0.4229
0.4627 0.3887
0.4469 0.3589
0.4324 0.3330
0.4193 0.3105
0.4074 0.2910
0.3969 0.2741
0.3877 0.2607
0.3810 0.2552
0.3823 0.2803
0.4088 0.4148
0.4972 0.9825
0.6464 3.6881
0.7892 10.2848
0.8744 19.0289
0.9136 27.3877
0.9276 31.5956
0.9305 31.5664
0.9294 29.0571
0.9271 25.9041
0.9246 22.8642
0.9220 20.1141
0.9193 17.6718
0.9163 15.5163
0.9129 13.6183
0.9091 11.9490
0.9048 10.4820
0.9000 9.1936
0.8945 8.0628
0.8883 7.0706
0.8813 6.2007
0.8735 5.4384
0.8648 4.7707
0.8550 4.1861
0.8442 3.6746
0.8322 3.2273
0.8190 2.8362
0.8046 2.4944
0.7888 2.1958
0.7718 1.9351
0.7536 1.7075
0.7342 1.5088
0.7137 1.3354
0.6923 1.1842
0.6701 1.0523
0.6474 0.9373
0.6245 0.8371
0.6015 0.7497
0.5788 0.6735
0.5565 0.6071
0.5350 0.5493
0.5145 0.4989
0.4951 0.4550
0.4769 0.4168
0.4600 0.3836
0.4444 0.3546
0.4302 0.3294
0.4174 0.3074
0.4058 0.2883
0.3954 0.2718
0.3862 0.2576
0.3786 0.2484
0.3767 0.2632
0.4019 0.4148
0.5064 1.2195
0.6769 5.5847
0.8162 13.8717
0.8909 24.0347
0.9220 32.0415
0.9314 34.9797
0.9322 33.7123
0.9302 30.4474
0.9277 26.8638
0.9251 23.5270
0.9225 20.5537
0.9197 17.9434
0.9167 15.6644
0.9132 13.6780
0.9093 11.9471
0.9048 10.4383
0.8998 9.1228
0.8942 7.9755
0.8878 6.9749
0.8806 6.1020
0.8725 5.3407
0.8635 4.6767
0.8535 4.0976
0.8423 3.5924
0.8300 3.1519
0.8165 2.7678
0.8017 2.4328
0.7856 2.1407
0.7683 1.8860
0.7497 1.6639
0.7300 1.4703
0.7093 1.3016
0.6876 1.1545
0.6653 1.0263
0.6425 0.9146
0.6195 0.8172
0.5966 0.7324
0.5739 0.6585
0.5518 0.5941
0.5306 0.5380
0.5103 0.4891
0.4911 0.4466
0.4732 0.4095
0.4566 0.3772
0.4414 0.3491
0.4275 0.3246
0.4149 0.3033
0.4036 0.2848
0.3935 0.2687
0.3844 0.2547
0.3766 0.2432
0.3713 0.2431
0.3869 0.3617
0.4961 1.4030
0.6891 7.5917
0.8306 18.0247
0.9013 30.4821
0.9281 38.5335
0.9348 40.3049
0.9342 37.6964
0.9317 33.5076
0.9290 29.3120
0.9264 25.5241
0.9239 22.1969
0.9213 19.2987
0.9183 16.7806
0.9150 14.5944
0.9112 12.6966
0.9069 11.0489
0.9020 9.6183
0.8965 8.3760
0.8902 7.2971
0.8831 6.3600
0.8751 5.5460
0.8662 4.8389
0.8562 4.2247
0.8450 3.6911
0.8327 3.2275
0.8191 2.8248
0.8042 2.4750
0.7879 2.1712
0.7703 1.9072
0.7515 1.6779
0.7314 1.4788
0.7103 1.3058
0.6882 1.1555
0.6655 1.0249
0.6423 0.9115
0.6189 0.8130
0.5955 0.7275
0.5725 0.6531
0.5501 0.5886
0.5286 0.5325
0.5082 0.4837
0.4889 0.4414
0.4709 0.4046
0.4543 0.3726
0.4391 0.3448
0.4253 0.3207
0.4128 0.2997
0.4016 0.2815
0.3916 0.2657
0.3828 0.2520
0.3750 0.2403
0.3683 0.2316
0.3685 0.2653
0.4540 1.2070
0.6678 8.0934
0.8252 21.7134
0.9029 37.1531
0.9314 46.3942
0.9378 47.8448
0.9367 44.1892
0.9337 39.0106
0.9309 33.9734
0.9285 29.4709
0.9262 25.5379
0.9238 22.1261
0.9212 19.1726
0.9182 16.6174
0.9148 14.4066
0.9109 12.4936
0.9064 10.8380
0.9013 9.4050
0.8955 8.1646
0.8890 7.0908
0.8816 6.1613
0.8732 5.3567
0.8638 4.6601
0.8533 4.0572
0.8415 3.5353
0.8285 3.0836
0.8142 2.6925
0.7985 2.3539
0.7814 2.0608
0.7630 1.8070
0.7432 1.5872
0.7223 1.3969
0.7004 1.2321
0.6776 1.0893
0.6542 0.9657
0.6305 0.8585
0.6067 0.7657
0.5831 0.6853
0.5601 0.6155
0.5379 0.5551
0.5166 0.5027
0.4965 0.4573
0.4778 0.4180
0.4604 0.3838
0.4445 0.3543
0.4300 0.3286
0.4169 0.3064
0.4052 0.2871
0.3947 0.2703
0.3853 0.2559
0.3771 0.2433
0.3699 0.2328
0.3643 0.2283
0.3850 0.4463
0.5731 4.5206
0.7707 17.6139
0.8810 35.3578
0.9257 48.3052
0.9383 52.6722
0.9387 49.9037
0.9359 44.3674
0.9329 38.6597
0.9303 33.4924
0.9281 28.9676
0.9258 25.0441
0.9235 21.6526
0.9208 18.7241
0.9177 16.1959
0.9141 14.0134
0.9101 12.1291
0.9054 10.5022
0.9001 9.0974
0.8941 7.8841
0.8872 6.8362
0.8795 5.9310
0.8708 5.1490
0.8609 4.4735
0.8499 3.8897
0.8377 3.3853
0.8241 2.9493
0.8092 2.5726
0.7929 2.2469
0.7751 1.9653
0.7560 1.7219
0.7356 1.5114
0.7141 1.3294
0.6916 1.1720
0.6682 1.0359
0.6444 0.9182
0.6203 0.8163
0.5963 0.7282
0.5727 0.6520
0.5498 0.5860
0.5277 0.5289
0.5068 0.4795
0.4871 0.4368
0.4688 0.3997
0.4520 0.3677
0.4367 0.3400
0.4228 0.3159
0.4102 0.2951
0.3991 0.2771
0.3891 0.2615
0.3803 0.2481
0.3726 0.2364
0.3659 0.2268
0.3622 0.2370
0.4449 1.3155
0.6726 10.4741
0.8337 28.8259
0.9094 45.7086
0.9353 54.9185
0.9401 54.9507
0.9381 49.8172
0.9349 43.6152
0.9321 37.8061
0.9298 32.6784
0.9276 28.2248
0.9254 24.3753
0.9230 21.0531
0.9202 18.1871
0.9170 15.7149
0.9133 13.5826
0.9091 11.7432
0.9043 10.1566
0.8988 8.7880
0.8925 7.6073
0.8854 6.5887
0.8773 5.7099
0.8682 4.9517
0.8580 4.2974
0.8466 3.7329
0.8339 3.2458
0.8198 2.8254
0.8043 2.4625
0.7873 2.1493
0.7690 1.8790
0.7493 1.6456
0.7283 1.4441
0.7063 1.2701
0.6832 1.1198
0.6595 0.9900
0.6354 0.8778
0.6112 0.7809
0.5872 0.6972
0.5637 0.6248
0.5409 0.5622
0.5192 0.5081
0.4986 0.4613
0.4795 0.4208
0.4617 0.3858
0.4454 0.3556
0.4306 0.3294
0.4173 0.3067
0.4053 0.2870
0.3946 0.2701
0.3852 0.2554
0.3768 0.2426
0.3694 0.2317
0.3631 0.2229
0.3664 0.2991
0.5286 3.6591
0.7471 18.7143
0.8730 38.2766
0.9247 52.9238
0.9395 58.2323
0.9402 55.1599
0.9372 48.9265
0.9341 42.5391
0.9315 36.7813
0.9293 31.7544
0.9272 27.4050
0.9249 23.6521
0.9224 20.4166
0.9196 17.6278
0.9163 15.2240
0.9125 13.1519
0.9081 11.3657
0.9031 9.8260
0.8974 8.4985
0.8910 7.3539
0.8836 6.3671
0.8753 5.5161
0.8659 4.7821
0.8553 4.1492
0.8436 3.6032
0.8304 3.1322
0.8159 2.7259
0.8000 2.3753
0.7826 2.0728
0.7638 1.8117
0.7437 1.5864
0.7223 1.3920
0.6998 1.2241
0.6764 1.0792
0.6524 0.9541
0.6281 0.8461
0.6037 0.7529
0.5796 0.6723
0.5561 0.6028
0.5335 0.5427
0.5120 0.4908
0.4917 0.4460
0.4728 0.4072
0.4555 0.3738
0.4396 0.3448
0.4252 0.3198
0.4123 0.2983
0.4007 0.2796
0.3905 0.2635
0.3814 0.2496
0.3734 0.2375
0.3664 0.2272
0.3606 0.2209
0.3924 0.6222
0.6170 8.4123
0.8060 27.6948
0.8998 46.3656
0.9337 57.8957
0.9411 59.2443
0.9395 54.0603
0.9362 47.3375
0.9332 40.9735
0.9308 35.3538
0.9287 30.4813
0.9266 26.2788
0.9243 22.6598
0.9217 19.5442
0.9186 16.8619
0.9152 14.5524
0.9112 12.5635
0.9066 10.8505
0.9014 9.3750
0.8954 8.1039
0.8886 7.0087
0.8809 6.0650
0.8722 5.2519
0.8624 4.5510
0.8514 3.9470
0.8391 3.4264
0.8254 2.9776
0.8103 2.5907
0.7938 2.2571
0.7758 1.9694
0.7564 1.7214
0.7356 1.5075
0.7137 1.3230
0.6907 1.1638
0.6669 1.0265
0.6426 0.9081
0.6181 0.8059
0.5937 0.7177
0.5697 0.6416
0.5464 0.5760
0.5241 0.5193
0.5030 0.4704
0.4832 0.4281
0.4649 0.3916
0.4482 0.3601
0.4329 0.3330
0.4191 0.3095
0.4068 0.2892
0.3958 0.2717
0.3860 0.2566
0.3775 0.2436
0.3700 0.2324
0.3635 0.2231
0.3603 0.2393
0.4787 2.4033
0.7139 17.0655
0.8587 37.5039
0.9205 53.6252
0.9392 60.4509
0.9411 57.8318
0.9382 51.3315
0.9348 44.5293
0.9321 38.3874
0.9298 33.0376
0.9277 28.4242
0.9255 24.4577
0.9231 21.0503
0.9202 18.1238
0.9169 15.6100
0.9132 13.4504
0.9088 11.5948
0.9039 10.0001
0.8982 8.6294
0.8917 7.4509
0.8843 6.4376
0.8760 5.5660
0.8665 4.8162
0.8559 4.1710
0.8440 3.6158
0.8308 3.1379
0.8162 2.7265
0.8001 2.3722
0.7825 2.0671
0.7635 1.8043
0.7431 1.5779
0.7214 1.3828
0.6987 1.2147
0.6750 1.0699
0.6507 0.9450
0.6262 0.8373
0.6016 0.7445
0.5773 0.6644
0.5537 0.5954
0.5309 0.5358
0.5094 0.4845
0.4891 0.4402
0.4703 0.4019
0.4530 0.3689
0.4372 0.3404
0.4229 0.3159
0.4102 0.2946
0.3987 0.2763
0.3886 0.2605
0.3797 0.2469
0.3719 0.2351
0.3650 0.2252
0.3596 0.2208
0.4083 0.8804
0.6457 11.2997
0.8237 31.8099
0.9076 49.9518
0.9363 60.0412
0.9415 59.7209
0.9393 53.7405
0.9359 46.7852
0.9329 40.3637
0.9305 34.7407
0.9284 29.8862
0.9263 25.7122
0.9239 22.1275
0.9212 19.0493
0.9181 16.4056
0.9145 14.1348
0.9103 12.1837
0.9056 10.5069
0.9002 9.0657
0.8940 7.8265
0.8869 6.7610
0.8789 5.8444
0.8698 5.0559
0.8596 4.3775
0.8482 3.7936
0.8354 3.2910
0.8213 2.8583
0.8057 2.4857
0.7886 2.1648
0.7700 1.8884
0.7501 1.6503
0.7288 1.4452
0.7064 1.2684
0.6830 1.1161
0.6589 0.9847
0.6344 0.8715
0.6098 0.7739
0.5853 0.6897
0.5614 0.6172
0.5384 0.5546
0.5164 0.5006
0.4956 0.4540
0.4763 0.4138
0.4585 0.3791
0.4422 0.3492
0.4274 0.3234
0.4141 0.3011
0.4023 0.2819
0.3917 0.2653
0.3824 0.2510
0.3742 0.2386
0.3671 0.2281
0.3610 0.2199
0.3706 0.3681
0.5704 6.4529
0.7802 25.9602
0.8899 45.7007
0.9313 58.9181
0.9414 61.6057
0.9405 56.6343
0.9371 49.6422
0.9339 42.9389
0.9314 37.0099
0.9293 31.8729
0.9272 27.4479
0.9250 23.6426
0.9224 20.3714
0.9195 17.5589
0.9162 15.1405
0.9123 13.0604
0.9079 11.2709
0.9028 9.7312
0.8970 8.4061
0.8904 7.2655
0.8829 6.2836
0.8745 5.4380
0.8649 4.7098
0.8541 4.0825
0.8421 3.5421
0.8288 3.0765
0.8140 2.6752
0.7978 2.3294
0.7801 2.0313
0.7609 1.7744
0.7405 1.5528
0.7187 1.3618
0.6959 1.1970
0.6722 1.0550
0.6480 0.9324
0.6235 0.8267
0.5989 0.7355
0.5748 0.6568
0.5513 0.5889
0.5287 0.5303
0.5073 0.4798
0.4872 0.4362
0.4685 0.3985
0.4514 0.3660
0.4358 0.3379
0.4217 0.3137
0.4090 0.2928
0.3977 0.2747
0.3877 0.2591
0.3789 0.2457
0.3712 0.2341
0.3644 0.2242
0.3597 0.2268
0.4447 1.5881
0.6868 15.4375
0.8459 36.4658
0.9164 53.7435
0.9387 62.1581
0.9416 60.3953
0.9389 53.9444
0.9355 46.9419
0.9327 40.5613
0.9305 34.9826
0.9285 30.1595
0.9264 26.0034
0.9241 22.4253
0.9215 19.3451
0.9184 16.6934
0.9149 14.4101
0.9109 12.4437
0.9063 10.7500
0.9010 9.2910
0.8950 8.0339
0.8882 6.9507
0.8805 6.0171
0.8717 5.2124
0.8619 4.5187
0.8508 3.9206
0.8385 3.4049
0.8248 2.9601
0.8097 2.5765
0.7931 2.2457
0.7751 1.9602
0.7557 1.7140
0.7349 1.5015
0.7130 1.3182
0.6900 1.1600
0.6663 1.0234
0.6420 0.9056
0.6176 0.8039
0.5932 0.7160
0.5692 0.6402
0.5460 0.5748
0.5237 0.5183
0.5026 0.4695
0.4829 0.4274
0.4646 0.3910
0.4478 0.3596
0.4326 0.3324
0.4188 0.3090
0.4065 0.2887
0.3955 0.2712
0.3858 0.2561
0.3772 0.2431
0.3697 0.2319
0.3632 0.2226
0.3632 0.2720
0.5201 3.9328
0.7466 21.7085
0.8748 42.2372
0.9265 57.4409
0.9407 62.7255
0.9411 59.0357
0.9379 52.2161
0.9347 45.3545
0.9321 39.2007
0.9300 33.8373
0.9280 29.2003
0.9259 25.2009
0.9236 21.7539
0.9209 18.7831
0.9178 16.2227
0.9142 14.0156
0.9101 12.1129
0.9054 10.4725
0.9000 9.0580
0.8939 7.8382
0.8870 6.7862
0.8791 5.8787
0.8702 5.0959
0.8602 4.4206
0.8490 3.8380
0.8365 3.3352
0.8226 2.9014
0.8074 2.5269
0.7907 2.2038
0.7725 1.9248
0.7530 1.6841
0.7321 1.4762
0.7101 1.2968
0.6871 1.1418
0.6633 1.0081
0.6390 0.8926
0.6146 0.7928
0.5903 0.7067
0.5665 0.6323
0.5434 0.5680
0.5213 0.5125
0.5004 0.4646
0.4808 0.4232
0.4627 0.3874
0.4462 0.3565
0.4311 0.3298
0.4175 0.3068
0.4053 0.2868
0.3945 0.2696
0.3849 0.2548
0.3764 0.2419
0.3690 0.2309
0.3626 0.2223
0.3723 0.3707
0.5690 6.1493
0.7785 25.3933
0.8888 45.2930
0.9309 59.0026
0.9413 62.4506
0.9405 57.9217
0.9372 51.0352
0.9341 44.3108
0.9317 38.3169
0.9297 33.0973
0.9277 28.5826
0.9256 24.6857
0.9232 21.3239
0.9205 18.4240
0.9173 15.9226
0.9137 13.7646
0.9095 11.9029
0.9048 10.2966
0.8993 8.9106
0.8932 7.7146
0.8861 6.6824
0.8782 5.7917
0.8692 5.0228
0.8591 4.3592
0.8478 3.7863
0.8352 3.2917
0.8213 2.8648
0.8059 2.4961
0.7891 2.1778
0.7708 1.9030
0.7512 1.6656
0.7303 1.4607
0.7082 1.2837
0.6852 1.1308
0.6614 0.9987
0.6372 0.8847
0.6128 0.7861
0.5886 0.7010
0.5648 0.6275
0.5418 0.5640
0.5198 0.5091
0.4990 0.4617
0.4796 0.4207
0.4616 0.3853
0.4452 0.3548
0.4302 0.3283
0.4167 0.3055
0.4046 0.2858
0.3939 0.2687
0.3844 0.2540
0.3760 0.2412
0.3686 0.2303
0.3625 0.2232
0.3866 0.5317
0.6048 8.0482
0.7996 27.8683
0.8976 47.1465
0.9333 59.6167
0.9414 61.7873
0.9400 56.8022
0.9367 49.9417
0.9337 43.3539
0.9314 37.5017
0.9294 32.4080
0.9274 28.0009
0.9253 24.1949
0.9229 20.9099
0.9201 18.0747
0.9169 15.6278
0.9132 13.5159
0.9090 11.6930
0.9041 10.1194
0.8986 8.7610
0.8924 7.5883
0.8853 6.5758
0.8772 5.7016
0.8681 4.9467
0.8579 4.2949
0.8465 3.7320
0.8338 3.2459
0.8198 2.8260
0.8043 2.4634
0.7874 2.1502
0.7691 1.8796
0.7493 1.6459
0.7284 1.4440
0.7062 1.2696
0.6832 1.1189
0.6594 0.9887
0.6352 0.8762
0.6108 0.7789
0.5867 0.6950
0.5630 0.6224
0.5401 0.5596
0.5182 0.5054
0.4976 0.4586
0.4783 0.4181
0.4604 0.3831
0.4441 0.3529
0.4293 0.3267
0.4159 0.3041
0.4039 0.2846
0.3933 0.2677
0.3838 0.2532
0.3755 0.2406
0.3682 0.2298
0.3624 0.2256
0.4079 0.8048
0.6383 10.0711
0.8183 30.2006
0.9050 48.7786
0.9353 59.9652
0.9413 60.9690
0.9395 55.6285
0.9362 48.8247
0.9333 42.3813
0.9311 36.6735
0.9291 31.7070
0.9271 27.4085
0.9249 23.6945
0.9225 20.4871
0.9197 17.7173
0.9164 15.3256
0.9127 13.2602
0.9084 11.4766
0.9035 9.9362
0.8979 8.6058
0.8915 7.4568
0.8843 6.4643
0.8762 5.6071
0.8670 4.8665
0.8567 4.2269
0.8452 3.6742
0.8323 3.1968
0.8181 2.7843
0.8025 2.4280
0.7855 2.1200
0.7671 1.8540
0.7472 1.6241
0.7262 1.4254
0.7040 1.2538
0.6809 1.1054
0.6571 0.9772
0.6329 0.8664
0.6085 0.7706
0.5845 0.6878
0.5609 0.6163
0.5381 0.5545
0.5163 0.5010
0.4958 0.4548
0.4767 0.4149
0.4590 0.3804
0.4428 0.3505
0.4281 0.3247
0.4148 0.3024
0.4030 0.2832
0.3924 0.2665
0.3831 0.2521
0.3749 0.2396
0.3677 0.2291
0.3627 0.2315
0.4370 1.2694
0.6717 12.4587
0.8362 32.7687
0.9118 50.5220
0.9370 60.2785
0.9412 60.1035
