-0.2614 -0.000003
-0.3144 -0.000002
-0.3547 -0.000001
-0.3844 -0.000001
-0.4055 -0.000001
-0.4202 -0.000000
-0.4299 -0.000000
-0.4358 -0.000000
-0.4388 -0.000000
-0.4396 -0.000000
-0.4387 -0.000000
-0.4364 -0.000000
-0.4331 -0.000000
-0.4290 -0.000000
-0.4243 -0.000000
-0.4192 -0.000000
-0.4138 -0.000000
-0.4081 -0.000000
-0.4024 -0.000000
-0.3966 -0.000000
-0.3907 -0.000000
-0.3849 -0.000000
-0.3790 -0.000000
-0.3731 -0.000000
-0.3673 -0.000000
-0.3614 -0.000000
-0.3555 -0.000000
-0.3495 -0.000000
-0.3435 -0.000000
-0.3375 -0.000000
-0.3313 -0.000000
-0.3251 -0.000000
-0.3187 -0.000000
-0.3121 -0.000000
-0.3054 -0.000000
-0.2984 -0.000000
-0.2911 -0.000000
-0.2877 -0.026539
-0.2848 -0.026894
-0.2837 -0.054077
-0.2859 -0.053530
-0.2884 -0.052908
-0.2914 -0.052167
-0.2947 -0.051334
-0.2982 -0.050462
-0.3016 -0.049605
-0.3048 -0.048805
-0.3077 -0.048087
-0.3102 -0.047463
-0.3123 -0.046938
-0.3140 -0.046508
-0.3153 -0.046168
-0.3164 -0.045911
-0.3171 -0.045729
-0.3175 -0.045616
-0.3177 -0.045564
-0.3177 -0.045566
-0.3175 -0.045615
-0.3168 -0.042053
-0.3154 -0.039203
-0.3132 -0.034504
-0.3100 -0.029309
-0.3059 -0.024996
-0.3013 -0.021376
-0.2962 -0.018311
-0.2907 -0.015700
-0.2850 -0.013468
-0.2792 -0.011554
-0.2732 -0.009911
-0.2671 -0.008499
-0.2610 -0.007285
-0.2548 -0.006242
-0.2485 -0.005346
-0.2421 -0.004578
-0.2357 -0.003918
-0.2292 -0.003354
-0.2224 -0.002870
-0.2155 -0.002457
-0.2082 -0.002105
-0.2005 -0.001804
-0.1922 -0.001548
-0.1832 -0.001331
-0.1732 -0.001146
-0.1618 -0.000991
-0.1484 -0.000860
-0.1321 -0.000752
-0.1112 -0.000663
-0.0827 -0.000594
-0.0408 -0.000546
0.0240 -0.000520
0.1118 -0.000507
0.1955 -0.000482
0.2535 -0.000436
0.2847 -0.000379
0.2949 -0.000321
0.2910 -0.000267
0.2785 -0.000219
0.2613 -0.000179
0.2419 -0.000146
0.2220 -0.000118
0.2022 -0.000096
0.1830 -0.000078
0.1643 -0.000064
0.1461 -0.000052
0.1281 -0.000042
0.1100 -0.000034
0.0871 -0.073455
0.0522 -0.069086
0.0119 -0.064061
-0.0401 -0.057573
-0.1094 -0.048931
-0.1889 -0.038987
-0.2619 -0.029847
-0.3198 -0.022588
-0.3628 -0.017196
-0.3937 -0.013326
-0.4152 -0.010620
-0.4298 -0.008785
-0.4393 -0.007598
-0.4449 -0.006894
-0.4476 -0.006549
-0.4482 -0.006475
-0.4471 -0.006607
-0.4448 -0.006893
-0.4416 -0.007299
-0.4376 -0.007796
-0.4331 -0.008360
-0.4280 -0.007575
-0.4224 -0.006750
-0.4164 -0.006013
-0.4101 -0.005347
-0.4036 -0.004743
-0.3969 -0.004195
-0.3900 -0.003699
-0.3830 -0.003252
-0.3760 -0.002851
-0.3688 -0.002493
-0.3616 -0.002175
-0.3543 -0.001894
-0.3468 -0.001646
-0.3392 -0.001429
-0.3314 -0.001239
-0.3235 -0.001072
-0.3155 -0.000927
-0.3075 -0.000799
-0.2996 -0.000688
-0.2919 -0.000591
-0.2871 -0.027113
-0.2851 -0.027275
-0.2863 -0.053783
-0.2897 -0.052853
-0.2932 -0.051937
-0.2967 -0.051017
-0.3002 -0.050100
-0.3037 -0.049209
-0.3069 -0.048373
-0.3099 -0.047615
-0.3125 -0.046951
-0.3147 -0.046388
-0.3165 -0.045927
-0.3179 -0.045562
-0.3190 -0.045288
-0.3197 -0.045096
-0.3202 -0.044980
-0.3230 -0.066407
-0.3267 -0.065007
-0.3297 -0.063899
-0.3319 -0.063042
-0.3333 -0.057585
-0.3331 -0.051586
-0.3317 -0.046906
-0.3295 -0.043207
-0.3266 -0.040258
-0.3233 -0.037895
-0.3198 -0.035998
-0.3160 -0.034478
-0.3122 -0.033266
-0.3083 -0.032308
-0.3044 -0.031562
-0.3005 -0.030993
-0.2966 -0.030573
-0.2928 -0.030278
-0.2891 -0.030090
-0.2854 -0.029991
-0.2818 -0.029966
-0.2779 -0.026363
-0.2733 -0.022475
-0.2680 -0.019207
-0.2621 -0.016444
-0.2558 -0.014099
-0.2490 -0.012102
-0.2417 -0.010399
-0.2340 -0.008946
-0.2257 -0.007705
-0.2167 -0.006645
-0.2069 -0.005740
-0.1962 -0.004969
-0.1844 -0.004312
-0.1710 -0.003753
-0.1556 -0.003281
-0.1377 -0.002882
-0.1160 -0.002551
-0.0884 -0.002283
-0.0501 -0.002084
0.0071 -0.001961
0.0876 -0.001897
0.1712 -0.001810
0.2336 -0.001653
0.2703 -0.001450
0.2862 -0.001237
0.2874 -0.001034
0.2790 -0.000855
0.2649 -0.000701
0.2476 -0.000572
0.2290 -0.000466
0.2100 -0.000379
0.1913 -0.000308
0.1729 -0.000251
0.1550 -0.000204
0.1363 -0.079750
0.1045 -0.075726
0.0734 -0.071820
0.0399 -0.067618
-0.0005 -0.062560
-0.0541 -0.055865
-0.1245 -0.047067
-0.2021 -0.037353
-0.2712 -0.028688
-0.3255 -0.021881
-0.3657 -0.016840
-0.3945 -0.013225
-0.4146 -0.010699
-0.4282 -0.008991
-0.4369 -0.007896
-0.4420 -0.007258
-0.4443 -0.006965
-0.4445 -0.006932
-0.4432 -0.007095
-0.4407 -0.007407
-0.4373 -0.007833
-0.4331 -0.006926
-0.4281 -0.006154
-0.4225 -0.005483
-0.4164 -0.004888
-0.4100 -0.004353
-0.4032 -0.003870
-0.3962 -0.003433
-0.3889 -0.003037
-0.3815 -0.002679
-0.3739 -0.002357
-0.3662 -0.002067
-0.3586 -0.001806
-0.3511 -0.001573
-0.3438 -0.001365
-0.3367 -0.001180
-0.3299 -0.001016
-0.3237 -0.022900
-0.3221 -0.022967
-0.3205 -0.023045
-0.3190 -0.023129
-0.3176 -0.023216
-0.3164 -0.023303
-0.3152 -0.023393
-0.3140 -0.023491
-0.3128 -0.023600
-0.3115 -0.023723
-0.3102 -0.023861
-0.3088 -0.024012
-0.3074 -0.024176
-0.3058 -0.024351
-0.3042 -0.024537
-0.3026 -0.024732
-0.3009 -0.024935
-0.2991 -0.025145
-0.2973 -0.025363
-0.2955 -0.025587
-0.2936 -0.025817
-0.2917 -0.025589
-0.2892 -0.021623
-0.2860 -0.018335
-0.2821 -0.015587
-0.2778 -0.013275
-0.2732 -0.011319
-0.2682 -0.009657
-0.2632 -0.008242
-0.2580 -0.007034
-0.2586 -0.036031
-0.2592 -0.034986
-0.2596 -0.034127
-0.2598 -0.033423
-0.2599 -0.032851
-0.2598 -0.032391
-0.2597 -0.032022
-0.2594 -0.031727
-0.2592 -0.031487
-0.2589 -0.031293
-0.2587 -0.031135
-0.2584 -0.031008
-0.2581 -0.030913
-0.2577 -0.030848
-0.2573 -0.030814
-0.2567 -0.030811
-0.2559 -0.030839
-0.2551 -0.030894
-0.2541 -0.030969
-0.2532 -0.031050
-0.2523 -0.031122
-0.2514 -0.026753
-0.2499 -0.022476
-0.2481 -0.018905
-0.2461 -0.015913
-0.2440 -0.013401
-0.2418 -0.011288
-0.2395 -0.009511
-0.2371 -0.008015
-0.2347 -0.006755
-0.2322 -0.005694
-0.2296 -0.004801
-0.2271 -0.004048
-0.2244 -0.003413
-0.2217 -0.002878
-0.2190 -0.002427
-0.2162 -0.002047
-0.2134 -0.001727
-0.2106 -0.001456
-0.2077 -0.001228
-0.2049 -0.001036
-0.2020 -0.000873
-0.1991 -0.000736
-0.1962 -0.000621
-0.1933 -0.000524
-0.1970 -0.038316
-0.2024 -0.037565
-0.2081 -0.036780
-0.2142 -0.035974
-0.2204 -0.035151
-0.2268 -0.034318
-0.2333 -0.033480
-0.2397 -0.032649
-0.2461 -0.031837
-0.2522 -0.031057
-0.2579 -0.030322
-0.2633 -0.029639
-0.2682 -0.029018
-0.2726 -0.028462
-0.2764 -0.027976
-0.2797 -0.027561
-0.2824 -0.027217
-0.2846 -0.026945
-0.2862 -0.026741
-0.2873 -0.026604
-0.2878 -0.025183
-0.2873 -0.021079
-0.2858 -0.017727
-0.2836 -0.014959
-0.2808 -0.012654
-0.2776 -0.010722
-0.2741 -0.009094
-0.2704 -0.007718
-0.2666 -0.006552
-0.2628 -0.005563
-0.2594 -0.034797
-0.2614 -0.033737
-0.2632 -0.032844
-0.2648 -0.032088
-0.2663 -0.031446
-0.2676 -0.030895
-0.2689 -0.030420
-0.2702 -0.030007
-0.2713 -0.029648
-0.2724 -0.029337
-0.2733 -0.029068
-0.2742 -0.028838
-0.2749 -0.028645
-0.2755 -0.028484
-0.2760 -0.028354
-0.2763 -0.028253
-0.2765 -0.028180
-0.2766 -0.028135
-0.2764 -0.028116
-0.2761 -0.028124
-0.2757 -0.028158
-0.2750 -0.026132
-0.2733 -0.021982
-0.2708 -0.018561
-0.2676 -0.015715
-0.2640 -0.013330
-0.2600 -0.011320
-0.2558 -0.009619
-0.2514 -0.008177
-0.2470 -0.006951
-0.2425 -0.005908
-0.2380 -0.005021
-0.2334 -0.004266
-0.2289 -0.003623
-0.2244 -0.003076
-0.2198 -0.002611
-0.2153 -0.002216
-0.2106 -0.001881
-0.2060 -0.001596
-0.2012 -0.001355
-0.1962 -0.001150
-0.1911 -0.000977
-0.1857 -0.000830
-0.1800 -0.000706
-0.1740 -0.000600
-0.1676 -0.000511
-0.1607 -0.000436
-0.1532 -0.000372
-0.1449 -0.000318
-0.1354 -0.000273
-0.1244 -0.000235
-0.1109 -0.000203
-0.0938 -0.000177
-0.0705 -0.000156
-0.0370 -0.000141
0.0134 -0.000130
0.0828 -0.000123
0.1555 -0.000116
0.2115 -0.000105
0.2455 -0.000092
0.2610 -0.000078
0.2631 -0.000066
0.2564 -0.000054
0.2442 -0.000045
0.2156 -0.089526
0.1883 -0.086093
0.1637 -0.083012
0.1409 -0.080155
0.1189 -0.077408
0.0969 -0.074656
0.0737 -0.071758
0.0478 -0.068517
0.0165 -0.064607
-0.0246 -0.059494
-0.0806 -0.052509
-0.1511 -0.043706
-0.2235 -0.034654
-0.2854 -0.026900
-0.3333 -0.020885
-0.3688 -0.016441
-0.3942 -0.013257
-0.4118 -0.011041
-0.4236 -0.009559
-0.4310 -0.008629
-0.4351 -0.007782
-0.4365 -0.006294
-0.4358 -0.005257
-0.4336 -0.004497
-0.4302 -0.003909
-0.4258 -0.003433
-0.4208 -0.003031
-0.4152 -0.002683
-0.4092 -0.002376
-0.4029 -0.002101
-0.3964 -0.001854
-0.3898 -0.001630
-0.3832 -0.001429
-0.3766 -0.001248
-0.3702 -0.001085
-0.3638 -0.000941
-0.3576 -0.000814
-0.3515 -0.000702
-0.3455 -0.000604
-0.3396 -0.000518
-0.3360 -0.020935
-0.3377 -0.040940
-0.3388 -0.040588
-0.3426 -0.059262
-0.3460 -0.057946
-0.3487 -0.056915
-0.3507 -0.056103
-0.3524 -0.055478
-0.3535 -0.055021
-0.3543 -0.054719
-0.3547 -0.054558
-0.3547 -0.054523
-0.3545 -0.054595
-0.3541 -0.054760
-0.3534 -0.055000
-0.3526 -0.055304
-0.3516 -0.055659
-0.3506 -0.056055
-0.3494 -0.056484
-0.3482 -0.056941
-0.3469 -0.057418
-0.3454 -0.055604
-0.3431 -0.050381
-0.3398 -0.046226
-0.3354 -0.039644
-0.3301 -0.034187
-0.3239 -0.029583
-0.3172 -0.025653
-0.3099 -0.022270
-0.3023 -0.019341
-0.2944 -0.016798
-0.2863 -0.014586
-0.2779 -0.012662
-0.2692 -0.010987
-0.2602 -0.009531
-0.2510 -0.008267
-0.2414 -0.007169
-0.2314 -0.006218
-0.2210 -0.005394
-0.2100 -0.004682
-0.1983 -0.004068
-0.1857 -0.003540
-0.1717 -0.003088
-0.1559 -0.002703
-0.1372 -0.002379
-0.1141 -0.002114
-0.0832 -0.001906
-0.0384 -0.001762
0.0300 -0.001689
0.1203 -0.001651
0.2029 -0.001563
0.2585 -0.001410
0.2879 -0.001223
0.2976 -0.001034
0.2938 -0.000860
0.2817 -0.000707
0.2650 -0.000578
0.2461 -0.000471
0.2264 -0.000383
0.2067 -0.000311
0.1876 -0.000253
0.1690 -0.000205
0.1509 -0.000167
0.1331 -0.000136
0.1152 -0.000110
0.0946 -0.074459
0.0606 -0.070183
0.0224 -0.065412
-0.0256 -0.059410
-0.0900 -0.051368
-0.1680 -0.041614
-0.2436 -0.032147
-0.3054 -0.024406
-0.3518 -0.018579
-0.3854 -0.014363
-0.4091 -0.011393
-0.4253 -0.009361
-0.4359 -0.008026
-0.4424 -0.007211
-0.4458 -0.006784
-0.4468 -0.006649
-0.4461 -0.006736
-0.4440 -0.006992
-0.4409 -0.007379
-0.4370 -0.007868
-0.4324 -0.008265
-0.4272 -0.007367
-0.4212 -0.006591
-0.4146 -0.005902
-0.4076 -0.005282
-0.4001 -0.004721
-0.3923 -0.004210
-0.3841 -0.003745
-0.3757 -0.003322
-0.3670 -0.002937
-0.3583 -0.002587
-0.3497 -0.002270
-0.3412 -0.001983
-0.3329 -0.001725
-0.3250 -0.001494
-0.3174 -0.001289
-0.3101 -0.001108
-0.3048 -0.025340
-0.3031 -0.025399
-0.3016 -0.025449
-0.3025 -0.049916
-0.3069 -0.072885
-0.3149 -0.069801
-0.3218 -0.067114
-0.3278 -0.064820
-0.3328 -0.062904
-0.3368 -0.061340
-0.3401 -0.060091
-0.3426 -0.059121
-0.3445 -0.058392
-0.3459 -0.057870
-0.3467 -0.057524
-0.3472 -0.057328
-0.3474 -0.057256
-0.3473 -0.057290
-0.3470 -0.057410
-0.3464 -0.057603
-0.3458 -0.057857
-0.3449 -0.056675
-0.3434 -0.054238
-0.3414 -0.052412
-0.3390 -0.050011
-0.3358 -0.045962
-0.3318 -0.039876
-0.3266 -0.034317
-0.3207 -0.029643
-0.3141 -0.025665
-0.3070 -0.022251
-0.2995 -0.019303
-0.2917 -0.016750
-0.2836 -0.014534
-0.2751 -0.012610
-0.2664 -0.010939
-0.2574 -0.009489
-0.2479 -0.008233
-0.2380 -0.007146
-0.2275 -0.006207
-0.2163 -0.005398
-0.2040 -0.004702
-0.1905 -0.004107
-0.1751 -0.003600
-0.1571 -0.003172
-0.1353 -0.002818
-0.1073 -0.002534
-0.0687 -0.002323
-0.0106 -0.002201
0.0752 -0.002160
0.1700 -0.002102
0.2419 -0.001945
0.2841 -0.001717
0.3020 -0.001467
0.3031 -0.001227
0.2935 -0.001013
0.2777 -0.000829
0.2587 -0.000675
0.2386 -0.000549
0.2184 -0.000446
0.1986 -0.000362
0.1795 -0.000294
0.1609 -0.000239
0.1429 -0.000194
0.1250 -0.000158
0.0945 -0.074483
0.0618 -0.070362
0.0251 -0.065766
-0.0209 -0.060009
-0.0828 -0.052282
-0.1592 -0.042722
-0.2352 -0.033202
-0.2983 -0.025291
-0.3462 -0.019286
-0.3810 -0.014920
-0.4056 -0.011832
-0.4225 -0.009708
-0.4337 -0.008304
-0.4406 -0.007437
-0.4443 -0.006972
-0.4455 -0.006809
-0.4450 -0.006876
-0.4430 -0.007118
-0.4400 -0.007497
-0.4361 -0.007983
-0.4314 -0.007454
-0.4260 -0.006653
-0.4199 -0.005956
-0.4132 -0.005335
-0.4060 -0.004776
-0.3984 -0.004270
-0.3903 -0.003809
-0.3819 -0.003391
-0.3731 -0.003013
-0.3640 -0.002670
-0.3546 -0.002360
-0.3450 -0.002081
-0.3352 -0.001828
-0.3256 -0.001600
-0.3163 -0.001394
-0.3075 -0.001208
-0.3034 -0.050174
-0.3053 -0.049512
-0.3073 -0.048868
-0.3095 -0.048192
-0.3121 -0.047442
-0.3150 -0.046640
-0.3179 -0.045844
-0.3206 -0.045110
-0.3229 -0.044473
-0.3249 -0.043948
-0.3264 -0.043539
-0.3275 -0.043239
-0.3282 -0.043040
-0.3286 -0.042929
-0.3287 -0.042897
-0.3285 -0.042931
-0.3281 -0.043022
-0.3275 -0.043162
-0.3267 -0.043343
-0.3259 -0.043558
-0.3249 -0.043800
-0.3236 -0.040075
-0.3210 -0.033949
-0.3174 -0.028925
-0.3130 -0.024742
-0.3079 -0.021219
-0.3024 -0.018229
-0.2965 -0.015675
-0.2904 -0.013485
-0.2841 -0.011603
-0.2775 -0.009983
-0.2708 -0.008588
-0.2640 -0.007386
-0.2570 -0.006351
-0.2498 -0.005461
-0.2424 -0.004696
-0.2347 -0.004039
-0.2267 -0.003475
-0.2182 -0.002992
-0.2092 -0.002578
-0.1996 -0.002225
-0.1890 -0.001923
-0.1774 -0.001666
-0.1642 -0.001448
-0.1488 -0.001265
-0.1300 -0.001113
-0.1061 -0.000989
-0.0730 -0.000895
-0.0237 -0.000834
0.0514 -0.000806
0.1430 -0.000785
0.2201 -0.000734
0.2689 -0.000655
0.2924 -0.000564
0.2973 -0.000474
0.2901 -0.000392
0.2757 -0.000322
0.2576 -0.000262
0.2379 -0.000214
0.2180 -0.000173
0.1983 -0.000141
0.1792 -0.000114
0.1607 -0.000093
0.1427 -0.000076
0.1247 -0.000061
0.1066 -0.000050
0.0877 -0.000040
0.0672 -0.000032
0.0437 -0.000026
0.0150 -0.000021
-0.0228 -0.000016
-0.0747 -0.000012
-0.1414 -0.000008
-0.2124 -0.000006
-0.2751 -0.000004
-0.3249 -0.000002
-0.3623 -0.000002
-0.3895 -0.000001
-0.4088 -0.000001
-0.4224 -0.009720
-0.4323 -0.008467
-0.4382 -0.007725
-0.4411 -0.007366
-0.4416 -0.007298
-0.4404 -0.007444
-0.4381 -0.007740
-0.4349 -0.008138
-0.4311 -0.008605
-0.4270 -0.009119
-0.4226 -0.009667
-0.4180 -0.010241
-0.4133 -0.010836
-0.4083 -0.011451
-0.4033 -0.012085
-0.3980 -0.012739
-0.3926 -0.013414
-0.3870 -0.014113
-0.3813 -0.014835
-0.3753 -0.015349
-0.3687 -0.013353
-0.3616 -0.011643
-0.3539 -0.010160
-0.3459 -0.008861
-0.3378 -0.007712
-0.3324 -0.027536
-0.3288 -0.048362
-0.3290 -0.047340
-0.3292 -0.046506
-0.3294 -0.045775
-0.3299 -0.045114
-0.3304 -0.044527
-0.3309 -0.044028
-0.3313 -0.043629
-0.3315 -0.043333
-0.3314 -0.043136
-0.3312 -0.043029
-0.3307 -0.043002
-0.3301 -0.043044
-0.3293 -0.043145
-0.3284 -0.043295
-0.3273 -0.043487
-0.3262 -0.043714
-0.3250 -0.043972
-0.3237 -0.044254
-0.3224 -0.044556
-0.3208 -0.042266
-0.3186 -0.038400
-0.3153 -0.032647
-0.3110 -0.027890
-0.3061 -0.023904
-0.3005 -0.020530
-0.2946 -0.017656
-0.2883 -0.015195
-0.2818 -0.013081
-0.2750 -0.011262
-0.2681 -0.009695
-0.2610 -0.008346
-0.2536 -0.007184
-0.2461 -0.006183
-0.2382 -0.005323
-0.2300 -0.004584
-0.2214 -0.003951
-0.2122 -0.003408
-0.2023 -0.002944
-0.1914 -0.002548
-0.1793 -0.002212
-0.1654 -0.001927
-0.1490 -0.001688
-0.1288 -0.001491
-0.1028 -0.001332
-0.0664 -0.001214
-0.0113 -0.001142
0.0707 -0.001114
0.1632 -0.001081
0.2352 -0.001002
0.2782 -0.000886
0.2968 -0.000758
0.2853 -0.098808
0.2646 -0.096107
0.2422 -0.093215
0.2197 -0.090320
0.1977 -0.087510
0.1765 -0.084810
0.1561 -0.082209
0.1360 -0.079671
0.1160 -0.077142
0.0954 -0.074547
0.0629 -0.140893
0.0222 -0.130714
-0.0291 -0.117917
-0.0974 -0.100862
-0.1780 -0.080716
-0.2535 -0.061819
-0.3134 -0.044093
-0.3572 -0.031118
-0.3883 -0.022640
-0.4097 -0.017134
-0.4242 -0.013582
-0.4334 -0.011326
-0.4389 -0.009939
-0.4415 -0.009144
-0.4421 -0.008758
-0.4410 -0.008661
-0.4387 -0.008771
-0.4355 -0.009034
-0.4316 -0.009412
-0.4271 -0.009877
-0.4222 -0.009720
-0.4165 -0.008622
-0.4104 -0.007662
-0.4037 -0.006810
-0.3966 -0.006049
-0.3892 -0.005365
-0.3814 -0.004751
-0.3733 -0.004199
-0.3649 -0.003705
-0.3562 -0.003263
-0.3472 -0.002869
-0.3379 -0.002520
-0.3282 -0.002209
-0.3182 -0.001934
-0.3080 -0.001691
-0.2976 -0.001475
-0.2872 -0.001283
-0.2770 -0.001113
-0.2678 -0.029980
-0.2687 -0.058612
-0.2716 -0.057752
-0.2751 -0.056767
-0.2794 -0.055595
-0.2844 -0.054259
-0.2898 -0.052848
-0.2951 -0.051455
-0.3002 -0.050151
-0.3047 -0.048977
-0.3087 -0.047953
-0.3121 -0.047084
-0.3149 -0.046363
-0.3172 -0.045780
-0.3189 -0.045323
-0.3203 -0.044980
-0.3212 -0.044737
-0.3218 -0.044582
-0.3221 -0.044506
-0.3221 -0.044499
-0.3219 -0.044550
-0.3214 -0.043488
-0.3200 -0.037463
-0.3173 -0.031757
-0.3136 -0.027063
-0.3090 -0.023150
-0.3039 -0.019853
-0.2983 -0.017055
-0.2923 -0.014666
-0.2860 -0.012620
-0.2794 -0.010863
-0.2726 -0.009350
-0.2657 -0.008047
-0.2586 -0.006923
-0.2514 -0.005954
-0.2441 -0.005119
-0.2367 -0.004399
-0.2291 -0.003780
-0.2213 -0.003248
-0.2132 -0.002790
-0.2048 -0.002399
-0.1959 -0.002064
-0.1863 -0.001778
-0.1757 -0.001535
-0.1638 -0.001329
-0.1500 -0.001155
-0.1332 -0.001011
-0.1118 -0.000894
-0.0827 -0.000802
-0.0400 -0.000738
0.0202 -0.065648
0.0923 -0.074607
0.1633 -0.083448
0.2142 -0.089784
0.2423 -0.093245
0.2521 -0.094418
0.2494 -0.094024
0.2389 -0.092657
0.2239 -0.090737
0.2066 -0.088540
0.1884 -0.086225
0.1698 -0.083875
0.1512 -0.081522
0.1324 -0.079161
0.1134 -0.076761
0.0934 -0.074260
0.0719 -0.071558
0.0473 -0.068485
0.0175 -0.064752
-0.0212 -0.053207
-0.0723 -0.039712
-0.1369 -0.028174
-0.2064 -0.055823
-0.2734 -0.040664
-0.3254 -0.029771
-0.3636 -0.022234
-0.3909 -0.017111
-0.4098 -0.013674
-0.4225 -0.011408
-0.4306 -0.009956
-0.4353 -0.009076
-0.4376 -0.008603
-0.4379 -0.008423
-0.4368 -0.008458
-0.4347 -0.008651
-0.4316 -0.008965
-0.4280 -0.009372
-0.4238 -0.009853
-0.4191 -0.010394
-0.4141 -0.010984
-0.4088 -0.011619
-0.4032 -0.012291
-0.3973 -0.011953
-0.3908 -0.010511
-0.3837 -0.009257
-0.3761 -0.008157
-0.3680 -0.007186
-0.3595 -0.006327
-0.3505 -0.005565
-0.3413 -0.004887
-0.3319 -0.004280
-0.3227 -0.003734
-0.3138 -0.003242
-0.3057 -0.002799
-0.2983 -0.002402
-0.2946 -0.027691
-0.2939 -0.027442
-0.2936 -0.027188
-0.2937 -0.026936
-0.2940 -0.026695
-0.2945 -0.026473
-0.2949 -0.026278
-0.2953 -0.026116
-0.2956 -0.025989
-0.2957 -0.025898
-0.2957 -0.025840
-0.2955 -0.025814
-0.2951 -0.025815
-0.2946 -0.025842
-0.2940 -0.025889
-0.2933 -0.025956
-0.2925 -0.026038
-0.2916 -0.026133
-0.2906 -0.026241
-0.2896 -0.026358
-0.2885 -0.026484
-0.2872 -0.023660
-0.2850 -0.019957
