0.9598
0.9900
0.9957
0.9981
0.9979
0.9979
0.9979
0.9978
0.9978
0.9977
0.9977
0.9979
0.9977
0.9978
0.9979
0.9979
0.9978
0.9979
0.9976
0.9977
0.9979
0.9979
0.9978
0.9978
0.9978
0.9978
0.9979
0.9978
0.9978
0.9979
0.9979
0.9979
0.9978
0.9978
0.9977
0.9977
0.9978
0.9978
0.9978
0.9978
0.9978
0.9977
0.9978
0.9978
0.9979
0.9977
0.9979
0.9979
0.9978
0.9977
0.9979
0.9978
0.9978
0.9978
0.9978
0.9978
0.9978
0.9978
0.9978
0.9978
0.9977
0.9979
0.9978
0.9978
0.9978
0.9977
0.9978
0.9978
0.9979
0.9978
0.9978
0.9978
0.9978
0.9978
0.9977
0.9979
0.9979
0.9978
0.9977
0.9978
0.9978
0.9977
0.9978
0.9978
0.9977
0.9977
0.9978
0.9978
0.9979
0.9978
0.9978
0.9978
0.9978
0.9977
0.9978
0.9978
0.9977
0.9978
0.9978
0.9978
0.9978
0.9979
0.9978
0.9977
0.9978
0.9978
0.9978
0.9979
0.9978
0.9978
0.9978
0.9978
0.9978
0.9978
0.9978
0.9977
0.9979
0.9978
0.9978
0.9979
0.9978
0.9978
0.9978
0.9979
0.9979
0.9978
0.9979
0.9977
0.9978
0.9979
0.9978
0.9979
0.9979
0.9979
0.9977
0.9978
0.9978
0.9978
0.9979
0.9978
0.9978
0.9978
0.9978
0.9978
0.9978
0.9979
0.9979
0.9977
0.9978
0.9978
0.9978
0.9979
0.9978
0.9977
0.9978
0.9977
0.9978
0.9978
0.9979
0.9978
0.9978
0.9977
0.9979
0.9978
0.9978
0.9977
0.9978
0.9977
0.9978
0.9978
0.9978
0.9978
0.9978
0.9978
0.9979
0.9978
0.9977
0.9978
0.9978
0.9978
0.9978
0.9978
0.9978
0.9979
0.9978
0.9978
0.9978
0.9978
0.9977
0.9978
0.9978
0.9978
0.9978
0.9979
0.9978
0.9978
0.9978
0.9978
0.9979
0.9978
0.9979
0.9978
0.9978
0.9979
0.9979
0.9978
0.9979
0.9978
0.9979
0.9977
0.9978
0.9978
0.9978
0.9977
0.9978
0.9978
0.9979
0.9978
0.9977
0.9978
0.9978
0.9977
0.9977
0.9978
0.9978
0.9979
0.9978
0.9979
0.9978
0.9979
0.9978
0.9977
0.9978
0.9978
