0.1646 -0.0289
0.1648 -0.0282
0.1631 -0.0395
0.1618 -0.0387
0.1609 -0.0381
0.1603 -0.0376
0.1600 -0.0373
0.1599 -0.0370
0.1599 -0.0369
0.1601 -0.0367
0.1604 -0.0367
0.0914 -0.0074
0.0907 -0.0072
0.0899 -0.0071
0.0892 -0.0070
0.0886 -0.0069
0.0880 -0.0068
0.0876 -0.0067
0.0875 -0.0067
0.0877 -0.0067
0.0881 -0.0133
0.0876 -0.0132
0.0875 -0.0132
0.0878 -0.0132
0.0884 -0.0133
0.0893 -0.0134
0.0906 -0.0136
0.0922 -0.0138
0.0937 -0.0141
0.0952 -0.0143
0.0965 -0.0145
0.0976 -0.0147
0.0985 -0.0148
0.0980 -0.0221
0.0972 -0.0219
0.0963 -0.0217
0.0954 -0.0215
0.0945 -0.0213
0.0934 -0.0280
0.0913 -0.0274
0.0896 -0.0269
0.0881 -0.0264
0.0869 -0.0261
0.0859 -0.0258
0.0852 -0.0255
0.0847 -0.0248
0.0847 -0.0239
0.0850 -0.0232
0.0857 -0.0227
0.0866 -0.0223
0.0876 -0.0221
0.0886 -0.0220
0.0896 -0.0219
0.0905 -0.0218
0.0913 -0.0218
0.0920 -0.0217
0.0925 -0.0217
0.0928 -0.0216
0.0930 -0.0213
0.0931 -0.0196
0.0934 -0.0174
0.0939 -0.0157
0.0943 -0.0143
0.0947 -0.0131
0.0949 -0.0121
0.0950 -0.0112
0.0948 -0.0105
0.0945 -0.0099
0.0939 -0.0093
0.0931 -0.0089
0.0920 -0.0084
0.0908 -0.0081
0.0893 -0.0077
0.0877 -0.0074
0.0859 -0.0071
0.0839 -0.0068
0.0818 -0.0066
0.0797 -0.0063
0.0775 -0.0061
0.0752 -0.0059
0.0729 -0.0057
0.0706 -0.0054
0.0682 -0.0103
0.0652 -0.0099
0.0631 -0.0095
0.0623 -0.0094
0.0631 -0.0095
0.0658 -0.0099
0.0702 -0.0106
0.0758 -0.0114
0.0820 -0.0123
0.0882 -0.0133
0.0940 -0.0141
0.0990 -0.0149
0.1019 -0.0229
0.1037 -0.0233
0.1047 -0.0236
0.1051 -0.0237
0.1050 -0.0236
0.1044 -0.0235
0.1036 -0.0233
0.1024 -0.0231
0.1011 -0.0228
0.0997 -0.0224
0.0982 -0.0221
0.0967 -0.0218
0.0953 -0.0214
0.0939 -0.0201
0.0928 -0.0189
0.0920 -0.0179
0.0913 -0.0171
0.0909 -0.0165
