0.1652
0.1650
0.1648
0.1627
0.1612
0.1603
0.1597
0.1593
0.1592
0.1593
0.1594
0.0913
0.0916
0.0917
0.0917
0.0916
0.0913
0.0908
0.0902
0.0893
0.0884
0.0873
0.0863
0.0853
0.0847
0.0844
0.0836
0.0828
0.0825
0.0827
0.0832
0.0842
0.0856
0.0873
0.0890
0.0907
0.0924
0.0937
0.0949
0.0957
0.0962
0.0964
0.0963
0.0959
0.0954
0.0949
0.0944
0.0940
0.0937
0.0935
0.0934
0.0933
0.0934
0.0936
0.0938
0.0942
0.0945
0.0948
0.0951
0.0952
0.0953
0.0953
0.0942
0.0928
0.0914
0.0902
0.0890
0.0881
0.0875
0.0870
0.0868
0.0867
0.0867
0.0868
0.0870
0.0872
0.0874
0.0875
0.0876
0.0875
0.0874
0.0872
0.0868
0.0863
0.0857
0.0850
0.0843
0.0839
0.0837
0.0838
0.0843
0.0851
0.0861
0.0873
0.0887
0.0900
0.0913
0.0924
0.0933
0.0940
0.0944
0.0946
0.0945
0.0941
0.0935
0.0927
0.0918
0.0910
0.0903
0.0897
0.0893
0.0891
