0.9895
0.9580
0.8554
0.8357
0.8438
0.8435
0.8404
0.8388
0.8390
0.8386
0.8391
0.8386
0.8380
0.8382
0.8380
0.8377
0.8381
0.8378
0.8383
0.8383
0.8393
0.8388
0.8379
0.8374
0.8371
0.8377
0.8393
0.8379
0.8372
0.8372
0.8378
0.8386
0.8386
0.8383
0.8382
0.8369
0.8382
0.8386
0.8380
0.8388
0.8379
0.8383
0.8366
0.8385
0.8378
0.8381
0.8373
0.8384
0.8383
0.8382
0.8375
0.8387
0.8381
0.8382
0.8372
0.8365
0.8365
0.8367
0.8379
0.8375
0.8390
0.8382
0.8381
0.8379
0.8380
0.8381
0.8386
0.8382
0.8380
0.8379
0.8382
0.8385
0.8382
0.8385
0.8375
0.8385
0.8382
0.8380
0.8383
0.8374
0.8387
0.8388
0.8381
0.8375
0.8380
0.8386
0.8379
0.8386
0.8366
0.8385
0.8380
0.8386
0.8382
0.8375
0.8387
0.8384
0.8384
0.8370
0.8387
0.8384
0.8376
0.8387
0.8387
0.8384
0.8380
0.8379
0.8375
0.8380
0.8383
0.8379
0.8374
0.8377
0.8388
0.8386
0.8384
0.8384
0.8383
0.8379
0.8384
0.8377
0.8383
0.8383
0.8383
0.8384
0.8376
0.8390
0.8384
0.8388
0.8386
0.8382
0.8379
0.8385
0.8385
0.8378
0.8379
0.8383
0.8380
0.8363
0.8382
0.8388
0.8367
0.8372
0.8382
0.8381
0.8375
0.8372
0.8390
0.8382
0.8387
0.8389
