-0.2683 0.000433
-0.2458 0.000328
-0.2216 0.000244
-0.1952 0.000178
-0.1658 0.000125
-0.1259 0.044303
-0.0747 0.026368
-0.0084 0.006422
0.0709 -0.073658
0.1364 -0.142699
0.1676 -0.234455
0.1702 -0.238296
0.1594 -0.223385
0.1420 -0.199123
0.1218 -0.170873
0.1006 -0.141077
0.0786 -0.110397
0.0559 -0.076616
0.0319 -0.042099
0.0048 -0.006393
-0.0274 0.030227
-0.0678 0.066291
-0.1173 0.098491
-0.1725 0.119944
-0.2266 0.130416
-0.2749 0.130868
-0.3159 0.124428
-0.3504 0.114122
-0.3791 0.102118
-0.4031 0.089784
-0.4230 0.077916
-0.4395 0.066936
-0.4529 0.057038
-0.4636 0.048277
-0.4718 0.040626
-0.4777 0.034013
-0.4815 0.028346
-0.4833 0.023523
-0.4831 0.019443
-0.4811 0.016009
-0.4773 0.013133
-0.4719 0.010735
-0.4648 0.008744
-0.4563 0.007096
-0.4463 0.005739
-0.4349 0.004624
-0.4222 0.003712
-0.4084 0.002969
-0.3935 0.002365
-0.3775 0.001876
-0.3606 0.001482
-0.3429 0.001165
-0.3243 0.000911
-0.3048 0.000708
-0.2844 0.000546
-0.2630 0.000418
-0.2403 0.000316
-0.2157 0.000234
-0.1885 0.000169
-0.1575 0.000117
-0.1106 0.038955
-0.0534 0.018928
0.0219 -0.014722
0.1001 -0.104359
0.1546 -0.161975
0.1721 -0.240861
0.1671 -0.234081
0.1524 -0.213546
0.1333 -0.186836
0.1125 -0.157755
0.0910 -0.127723
0.0689 -0.096613
0.0460 -0.061802
0.0211 -0.027492
-0.0077 0.008841
-0.0428 0.044877
-0.0869 0.080853
-0.1390 0.110049
-0.1942 0.127244
-0.2459 0.133363
-0.2911 0.130583
-0.3292 0.122177
-0.3612 0.110860
-0.3880 0.098468
-0.4103 0.086116
-0.4290 0.074438
-0.4443 0.063755
-0.4568 0.054196
-0.4667 0.045781
-0.4741 0.038462
-0.4794 0.032155
-0.4826 0.026764
-0.4838 0.022186
-0.4832 0.018319
-0.4807 0.015070
-0.4765 0.012352
-0.4707 0.010088
-0.4633 0.008210
-0.4544 0.006658
-0.4441 0.005380
-0.4324 0.004332
-0.4195 0.003475
-0.4054 0.002777
-0.3903 0.002210
-0.3741 0.001752
-0.3571 0.001382
-0.3391 0.001086
-0.3203 0.000848
-0.3007 0.000658
-0.2801 0.000507
-0.2584 0.000387
-0.2353 0.000291
-0.2102 0.000215
-0.1822 0.000154
-0.1492 0.000105
-0.0981 0.034589
-0.0317 0.011389
0.0549 -0.056697
0.1326 -0.138573
0.1766 -0.246965
0.1803 -0.252476
0.1685 -0.236099
0.1495 -0.209586
0.1279 -0.179360
0.1056 -0.148150
0.0830 -0.116584
0.0599 -0.083626
0.0356 -0.047768
0.0087 -0.011498
-0.0231 0.026206
-0.0626 0.063058
-0.1112 0.099154
-0.1658 0.122371
-0.2201 0.134410
-0.2689 0.135878
-0.3107 0.129884
-0.3459 0.119604
-0.3755 0.107366
-0.4003 0.094654
-0.4212 0.082339
-0.4385 0.070894
-0.4529 0.060540
-0.4646 0.051347
-0.4738 0.043298
-0.4807 0.036326
-0.4855 0.030337
-0.4883 0.025229
-0.4893 0.020899
-0.4883 0.017248
-0.4856 0.014183
-0.4813 0.011621
-0.4753 0.009489
-0.4677 0.007721
-0.4586 0.006260
-0.4482 0.005058
-0.4363 0.004072
-0.4233 0.003266
-0.4090 0.002610
-0.3937 0.002077
-0.3774 0.001646
-0.3601 0.001299
-0.3420 0.001020
-0.3230 0.000796
-0.3031 0.000618
-0.2823 0.000476
-0.2604 0.000363
-0.2371 0.000273
-0.2119 0.000202
-0.1836 0.000145
-0.1505 0.000098
-0.1043 0.036743
-0.0362 0.012961
0.0571 -0.058931
0.1431 -0.149587
0.1875 -0.262239
0.1918 -0.268585
0.1783 -0.249870
0.1570 -0.220118
0.1333 -0.186900
0.1093 -0.153290
0.0854 -0.119885
0.0612 -0.086022
0.0358 -0.049073
0.0078 -0.010619
-0.0250 0.028879
-0.0657 0.067223
-0.1155 0.101566
-0.1712 0.124614
-0.2259 0.136064
-0.2747 0.136901
-0.3164 0.130428
-0.3515 0.119840
-0.3810 0.107427
-0.4058 0.094628
-0.4268 0.082282
-0.4443 0.070837
-0.4589 0.060500
-0.4709 0.051332
-0.4805 0.043309
-0.4879 0.036360
-0.4932 0.030391
-0.4966 0.025299
-0.4980 0.020980
-0.4977 0.017336
-0.4956 0.014274
-0.4918 0.011712
-0.4864 0.009577
-0.4794 0.007805
-0.4709 0.006339
-0.4609 0.005130
-0.4495 0.004137
-0.4368 0.003324
-0.4229 0.002661
-0.4078 0.002121
-0.3916 0.001685
-0.3745 0.001332
-0.3564 0.001048
-0.3374 0.000820
-0.3176 0.000639
-0.2969 0.000494
-0.2752 0.000378
-0.2523 0.000287
-0.2278 0.000214
-0.2009 0.000156
-0.1703 0.000110
-0.1333 0.000071
-0.0810 0.028626
-0.0006 0.001075
0.1005 -0.104548
0.1757 -0.245315
0.2010 -0.281266
0.1972 -0.276276
0.1784 -0.250132
0.1540 -0.215947
0.1284 -0.180130
0.1032 -0.144836
0.0783 -0.110032
0.0530 -0.074615
0.0261 -0.036084
-0.0041 0.004895
-0.0403 0.045248
-0.0852 0.082649
-0.1390 0.111681
-0.1960 0.130332
-0.2492 0.137154
-0.2956 0.134551
-0.3347 0.126043
-0.3677 0.114496
-0.3954 0.101823
-0.4188 0.089182
-0.4385 0.077221
-0.4552 0.066270
-0.4690 0.056464
-0.4804 0.047819
-0.4895 0.040288
-0.4965 0.033789
-0.5015 0.028220
-0.5046 0.023479
-0.5059 0.019465
-0.5055 0.016080
-0.5034 0.013240
-0.4996 0.010864
-0.4942 0.008886
-0.4872 0.007243
-0.4786 0.005884
-0.4686 0.004763
-0.4572 0.003842
-0.4444 0.003088
-0.4303 0.002473
-0.4151 0.001972
-0.3987 0.001566
-0.3813 0.001238
-0.3629 0.000975
-0.3437 0.000763
-0.3235 0.000594
-0.3025 0.000459
-0.2805 0.000352
-0.2573 0.000267
-0.2325 0.000200
-0.2055 0.000146
-0.1750 0.000103
-0.1384 0.000067
-0.0903 0.000036
-0.0135 0.010100
0.0892 -0.092622
0.1700 -0.237292
0.2040 -0.285436
0.2047 -0.286676
0.1871 -0.262194
0.1622 -0.227434
0.1357 -0.190394
0.1097 -0.153981
0.0843 -0.118437
0.0588 -0.082740
0.0320 -0.045180
0.0023 -0.003455
-0.0327 0.038089
-0.0761 0.075312
-0.1291 0.105838
-0.1867 0.126670
-0.2414 0.135571
-0.2894 0.134449
-0.3300 0.126827
-0.3642 0.115744
-0.3929 0.103267
-0.4172 0.090664
-0.4376 0.078652
-0.4549 0.067604
-0.4694 0.057678
-0.4814 0.048909
-0.4911 0.041257
-0.4987 0.034642
-0.5044 0.028968
-0.5082 0.024131
-0.5101 0.020031
-0.5104 0.016571
-0.5090 0.013663
-0.5059 0.011228
-0.5012 0.009197
-0.4949 0.007509
-0.4870 0.006110
-0.4776 0.004955
-0.4668 0.004004
-0.4546 0.003224
-0.4410 0.002586
-0.4262 0.002067
-0.4102 0.001645
-0.3931 0.001303
-0.3750 0.001028
-0.3559 0.000807
-0.3359 0.000630
-0.3150 0.000488
-0.2932 0.000376
-0.2704 0.000286
-0.2461 0.000216
-0.2200 0.000159
-0.1911 0.000114
-0.1575 0.000078
-0.1155 0.000047
-0.0546 0.019387
0.0392 -0.040014
0.1374 -0.191217
0.1937 -0.270758
0.2096 -0.293480
0.1994 -0.279424
0.1769 -0.248003
0.1505 -0.211070
0.1239 -0.173864
0.0981 -0.137747
0.0728 -0.102213
0.0468 -0.065853
0.0188 -0.026296
-0.0130 0.016088
-0.0515 0.055641
-0.0997 0.089391
-0.1560 0.115808
-0.2133 0.131034
-0.2653 0.134866
-0.3099 0.130334
-0.3475 0.120864
-0.3790 0.109029
-0.4056 0.096480
-0.4281 0.084194
-0.4470 0.072701
-0.4630 0.062259
-0.4763 0.052960
-0.4872 0.044795
-0.4960 0.037705
-0.5027 0.031600
-0.5076 0.026380
-0.5106 0.021942
-0.5119 0.018188
-0.5114 0.015027
-0.5094 0.012374
-0.5057 0.010157
-0.5004 0.008310
-0.4935 0.006776
-0.4851 0.005507
-0.4751 0.004461
-0.4638 0.003600
-0.4510 0.002895
-0.4369 0.002319
-0.4216 0.001850
-0.4051 0.001470
-0.3875 0.001163
-0.3690 0.000915
-0.3494 0.000717
-0.3290 0.000558
-0.3076 0.000431
-0.2853 0.000331
-0.2618 0.000251
-0.2367 0.000188
-0.2095 0.000137
-0.1788 0.000097
-0.1423 0.000064
-0.0948 0.000035
-0.0207 0.007566
0.0820 -0.084989
0.1650 -0.230181
0.2039 -0.285208
0.2075 -0.290645
0.1912 -0.267921
0.1666 -0.233553
0.1400 -0.196392
0.1139 -0.159811
0.0885 -0.124264
0.0632 -0.088840
0.0368 -0.051914
0.0078 -0.011049
-0.0258 0.030721
-0.0674 0.067698
-0.1191 0.099042
-0.1766 0.121639
-0.2325 0.132544
-0.2820 0.133002
-0.3240 0.126414
-0.3593 0.115940
-0.3890 0.103789
-0.4140 0.091338
-0.4351 0.079375
-0.4528 0.068316
-0.4678 0.058349
-0.4801 0.049522
-0.4902 0.041807
-0.4982 0.035129
-0.5042 0.029396
-0.5083 0.024504
-0.5106 0.020354
-0.5112 0.016850
-0.5101 0.013903
-0.5074 0.011434
-0.5031 0.009373
-0.4972 0.007659
-0.4897 0.006237
-0.4807 0.005062
-0.4702 0.004094
-0.4582 0.003299
-0.4449 0.002649
-0.4304 0.002118
-0.4146 0.001687
-0.3976 0.001338
-0.3796 0.001056
-0.3606 0.000830
-0.3407 0.000648
-0.3198 0.000503
-0.2980 0.000388
-0.2752 0.000296
-0.2510 0.000223
-0.2251 0.000166
-0.1965 0.000120
-0.1636 0.000082
-0.1230 0.000051
-0.0651 0.023056
0.0245 -0.024615
0.1249 -0.173750
0.1865 -0.260605
0.2070 -0.289731
0.1998 -0.279963
0.1790 -0.250978
0.1535 -0.215319
0.1275 -0.178827
0.1021 -0.143256
0.0771 -0.108343
0.0518 -0.072862
0.0247 -0.034575
-0.0056 0.006892
-0.0419 0.046774
-0.0876 0.081058
-0.1423 0.109082
-0.1999 0.126841
-0.2534 0.133055
-0.2997 0.130202
-0.3388 0.121735
-0.3715 0.110418
-0.3991 0.098081
-0.4223 0.085822
-0.4419 0.074255
-0.4583 0.063686
-0.4721 0.054236
-0.4833 0.045917
-0.4924 0.038678
-0.4994 0.032435
-0.5045 0.027091
-0.5077 0.022543
-0.5091 0.018693
-0.5089 0.015448
-0.5069 0.012724
-0.5034 0.010447
-0.4982 0.008549
-0.4914 0.006973
-0.4831 0.005668
-0.4733 0.004592
-0.4621 0.003706
-0.4495 0.002981
-0.4355 0.002388
-0.4203 0.001905
-0.4039 0.001514
-0.3864 0.001198
-0.3678 0.000943
-0.3484 0.000738
-0.3280 0.000575
-0.3066 0.000444
-0.2843 0.000341
-0.2608 0.000258
-0.2357 0.000193
-0.2083 0.000141
-0.1775 0.000099
-0.1407 0.000065
-0.0916 0.032322
-0.0146 0.005432
0.0872 -0.090465
0.1658 -0.231372
0.2002 -0.280003
0.2019 -0.282790
0.1856 -0.260188
0.1620 -0.227129
0.1365 -0.191474
0.1113 -0.156206
0.0867 -0.121709
0.0620 -0.087123
0.0361 -0.050891
0.0077 -0.010717
-0.0254 0.029902
-0.0664 0.066576
-0.1173 0.097471
-0.1743 0.119948
-0.2300 0.131001
-0.2795 0.131695
-0.3216 0.125331
-0.3569 0.115039
-0.3865 0.103033
-0.4114 0.090694
-0.4324 0.078820
-0.4501 0.067834
-0.4648 0.057927
-0.4770 0.049151
-0.4868 0.041479
-0.4945 0.034839
-0.5002 0.029138
-0.5040 0.024276
-0.5060 0.020152
-0.5063 0.016671
-0.5048 0.013745
-0.5017 0.011295
-0.4970 0.009251
-0.4907 0.007552
-0.4828 0.006144
-0.4735 0.004982
-0.4626 0.004025
-0.4504 0.003240
-0.4368 0.002598
-0.4219 0.002075
-0.4059 0.001651
-0.3888 0.001307
-0.3706 0.001030
-0.3514 0.000808
-0.3314 0.000630
-0.3103 0.000488
-0.2883 0.000375
-0.2652 0.000285
-0.2406 0.000214
-0.2139 0.000157
-0.1840 0.000112
-0.1489 0.000075
-0.1031 0.036335
-0.0319 0.011484
0.0658 -0.067980
0.1521 -0.212042
0.1929 -0.269808
0.1997 -0.279654
0.1866 -0.261473
0.1646 -0.230817
0.1400 -0.196386
0.1153 -0.161803
0.0911 -0.127855
0.0668 -0.093932
0.0417 -0.058693
0.0143 -0.019605
-0.0171 0.020540
-0.0556 0.058428
-0.1039 0.090423
-0.1597 0.115121
-0.2161 0.128911
-0.2671 0.131846
-0.3108 0.126915
-0.3475 0.117381
-0.3783 0.105678
-0.4042 0.093365
-0.4260 0.081359
-0.4442 0.070160
-0.4595 0.060006
-0.4721 0.050976
-0.4823 0.043060
-0.4903 0.036195
-0.4962 0.030290
-0.5003 0.025248
-0.5024 0.020967
-0.5028 0.017350
-0.5015 0.014308
-0.4985 0.011760
-0.4939 0.009634
-0.4877 0.007865
-0.4799 0.006400
-0.4707 0.005189
-0.4599 0.004193
-0.4478 0.003375
-0.4343 0.002707
-0.4196 0.002162
-0.4037 0.001720
-0.3867 0.001362
-0.3687 0.001074
-0.3497 0.000842
-0.3297 0.000657
-0.3089 0.000509
-0.2870 0.000391
-0.2640 0.000297
-0.2395 0.000223
-0.2129 0.000164
-0.1832 0.000117
-0.1482 0.000078
-0.1010 0.035578
-0.0300 0.010808
0.0661 -0.068382
0.1510 -0.210570
0.1896 -0.265145
0.1957 -0.274089
0.1830 -0.256471
0.1618 -0.226895
0.1380 -0.193528
0.1139 -0.159813
0.0901 -0.126533
0.0663 -0.093138
0.0414 -0.057949
0.0145 -0.019651
-0.0166 0.019782
-0.0547 0.057789
-0.1023 0.089622
-0.1576 0.114344
-0.2137 0.128341
-0.2646 0.131520
-0.3084 0.126777
-0.3451 0.117363
-0.3760 0.105726
-0.4018 0.093442
-0.4235 0.081442
-0.4417 0.070237
-0.4569 0.060069
-0.4693 0.051023
-0.4794 0.043091
-0.4872 0.036211
-0.4929 0.030294
-0.4967 0.025241
-0.4987 0.020952
-0.4988 0.017329
-0.4972 0.014283
-0.4940 0.011732
-0.4891 0.009605
-0.4826 0.007836
-0.4746 0.006372
-0.4651 0.005163
-0.4541 0.004168
-0.4418 0.003353
-0.4281 0.002687
-0.4133 0.002144
-0.3973 0.001704
-0.3802 0.001349
-0.3621 0.001062
-0.3430 0.000832
-0.3231 0.000648
-0.3022 0.000501
-0.2802 0.000384
-0.2571 0.000291
-0.2323 0.000218
-0.2053 0.000159
-0.1747 0.000112
-0.1383 0.000073
-0.0844 0.029808
-0.0079 0.006171
0.0879 -0.091310
0.1618 -0.225799
0.1900 -0.265786
0.1903 -0.266571
0.1754 -0.245849
0.1540 -0.215904
0.1306 -0.183218
0.1072 -0.150348
0.0838 -0.117699
0.0602 -0.084574
0.0353 -0.048467
0.0079 -0.010745
-0.0241 0.027904
-0.0638 0.065155
-0.1130 0.095588
-0.1686 0.118134
-0.2236 0.129683
-0.2729 0.130931
-0.3150 0.124989
-0.3503 0.114960
-0.3798 0.103095
-0.4046 0.090815
-0.4254 0.078951
-0.4427 0.067946
-0.4571 0.058006
-0.4688 0.049194
-0.4782 0.041485
-0.4853 0.034813
-0.4904 0.029085
-0.4935 0.024202
-0.4947 0.020062
-0.4942 0.016570
-0.4919 0.013639
-0.4880 0.011187
-0.4825 0.009145
-0.4754 0.007450
-0.4667 0.006048
-0.4566 0.004892
-0.4451 0.003943
-0.4323 0.003167
-0.4182 0.002533
-0.4030 0.002018
-0.3866 0.001601
-0.3692 0.001264
-0.3509 0.000993
-0.3316 0.000776
-0.3114 0.000603
-0.2902 0.000464
-0.2679 0.000355
-0.2442 0.000267
-0.2187 0.000198
-0.1904 0.000143
-0.1578 0.000098
-0.1138 0.040071
-0.0506 0.017979
0.0372 -0.025345
0.1259 -0.131408
0.1771 -0.247511
0.1897 -0.265536
0.1816 -0.254455
0.1634 -0.229014
0.1413 -0.198099
0.1183 -0.165886
0.0953 -0.133709
0.0722 -0.101399
0.0483 -0.067330
0.0228 -0.030666
-0.0061 0.007204
-0.0411 0.044720
-0.0847 0.079922
-0.1371 0.107141
-0.1929 0.124807
-0.2454 0.131385
-0.2912 0.128974
-0.3299 0.120859
-0.3624 0.109778
-0.3895 0.097583
-0.4123 0.085403
-0.4313 0.073874
-0.4470 0.063319
-0.4600 0.053873
-0.4704 0.045552
-0.4784 0.038312
-0.4844 0.032070
-0.4883 0.026730
-0.4903 0.022191
-0.4904 0.018354
-0.4888 0.015126
-0.4855 0.012422
-0.4805 0.010166
-0.4739 0.008291
-0.4659 0.006738
-0.4563 0.005457
-0.4453 0.004403
-0.4330 0.003540
-0.4194 0.002835
-0.4046 0.002262
-0.3888 0.001797
-0.3718 0.001421
-0.3539 0.001118
-0.3351 0.000876
-0.3154 0.000681
-0.2947 0.000526
-0.2730 0.000403
-0.2499 0.000305
-0.2252 0.000228
-0.1981 0.000166
-0.1673 0.000116
-0.1278 0.044960
-0.0701 0.024796
0.0095 -0.006000
0.1010 -0.105201
0.1668 -0.233030
0.1867 -0.261358
0.1832 -0.256638
0.1673 -0.234529
0.1463 -0.205145
0.1238 -0.173601
0.1011 -0.141812
0.0783 -0.109949
0.0549 -0.076967
0.0303 -0.040794
0.0028 -0.003901
-0.0299 0.033576
-0.0705 0.070197
-0.1202 0.100230
-0.1753 0.121042
-0.2290 0.130842
-0.2767 0.130795
-0.3173 0.124062
-0.3513 0.113619
-0.3798 0.101580
-0.4037 0.089272
-0.4236 0.077461
-0.4401 0.066552
-0.4537 0.056729
-0.4646 0.048039
-0.4732 0.040453
-0.4795 0.033896
-0.4838 0.028276
-0.4861 0.023491
-0.4865 0.019440
-0.4852 0.016029
-0.4821 0.013170
-0.4773 0.010782
-0.4710 0.008797
-0.4631 0.007152
-0.4538 0.005794
-0.4430 0.004677
-0.4309 0.003762
-0.4176 0.003014
-0.4030 0.002405
-0.3874 0.001911
-0.3707 0.001512
-0.3531 0.001191
-0.3345 0.000933
-0.3150 0.000727
-0.2946 0.000562
-0.2732 0.000431
-0.2504 0.000327
-0.2261 0.000244
-0.1995 0.000178
-0.1693 0.000125
-0.1301 0.045774
-0.0737 0.026064
0.0039 -0.002110
0.0951 -0.098987
0.1625 -0.170107
0.1854 -0.259444
0.1824 -0.255560
0.1670 -0.234133
0.1464 -0.205262
0.1241 -0.174095
0.1016 -0.142597
0.0791 -0.110991
0.0559 -0.078066
0.0315 -0.042332
0.0044 -0.005889
-0.0277 0.031326
-0.0677 0.067698
-0.1165 0.099304
-0.1710 0.120704
-0.2246 0.131177
-0.2724 0.131651
-0.3132 0.125217
-0.3475 0.114894
-0.3762 0.102855
-0.4001 0.090475
-0.4202 0.078555
-0.4368 0.067523
-0.4504 0.057573
-0.4613 0.048762
-0.4698 0.041064
-0.4761 0.034408
-0.4803 0.028701
-0.4825 0.023840
-0.4829 0.019726
-0.4814 0.016261
-0.4782 0.013356
-0.4734 0.010931
-0.4669 0.008915
-0.4589 0.007245
-0.4495 0.005867
-0.4387 0.004735
-0.4265 0.003806
-0.4131 0.003048
-0.3986 0.002432
-0.3829 0.001932
-0.3663 0.001528
-0.3487 0.001203
-0.3302 0.000942
-0.3108 0.000733
-0.2904 0.000566
-0.2690 0.000434
-0.2463 0.000328
-0.2219 0.000245
-0.1951 0.000178
-0.1645 0.000124
-0.1221 0.042996
-0.0639 0.022618
0.0172 -0.011402
0.1064 -0.110883
0.1674 -0.175347
0.1852 -0.259229
0.1793 -0.251140
0.1627 -0.228061
0.1418 -0.198881
0.1197 -0.167932
0.0975 -0.136744
0.0750 -0.105337
0.0519 -0.071653
0.0274 -0.036499
-0.0001 -0.000228
-0.0331 0.036667
-0.0742 0.072764
-0.1237 0.103876
-0.1780 0.123741
-0.2306 0.132607
-0.2771 0.131856
-0.3167 0.124655
-0.3499 0.113914
-0.3777 0.101688
-0.4010 0.089261
-0.4203 0.077374
-0.4364 0.066418
-0.4494 0.056565
-0.4599 0.047858
-0.4679 0.040263
-0.4737 0.033704
-0.4774 0.028087
-0.4792 0.023309
-0.4791 0.019268
-0.4772 0.015868
-0.4735 0.013021
-0.4683 0.010646
-0.4614 0.008674
-0.4531 0.007042
-0.4433 0.005697
-0.4321 0.004592
-0.4197 0.003688
-0.4061 0.002950
-0.3914 0.002351
-0.3756 0.001865
-0.3588 0.001473
-0.3411 0.001158
-0.3225 0.000905
-0.3030 0.000703
-0.2825 0.000542
-0.2609 0.000414
-0.2379 0.000312
-0.2129 0.000231
-0.1853 0.000166
-0.1532 0.000114
-0.1033 0.036412
-0.0382 0.027304
0.0476 -0.032724
0.1288 -0.134569
0.1762 -0.184718
0.1827 -0.255783
0.1720 -0.241052
0.1538 -0.215612
0.1328 -0.186154
0.1110 -0.155659
0.0890 -0.124962
0.0667 -0.093760
0.0436 -0.059070
0.0186 -0.024222
-0.0101 0.011556
-0.0452 0.048045
-0.0888 0.083708
-0.1399 0.112241
-0.1938 0.128629
-0.2442 0.134142
-0.2882 0.130979
-0.3255 0.122344
-0.3567 0.110893
-0.3829 0.098421
-0.4047 0.086024
-0.4228 0.074319
-0.4378 0.063622
-0.4498 0.054059
-0.4594 0.045645
-0.4665 0.038331
-0.4715 0.032032
-0.4744 0.026650
-0.4754 0.022081
-0.4746 0.018225
-0.4719 0.014986
-0.4676 0.012278
-0.4617 0.010024
-0.4543 0.008154
-0.4454 0.006610
-0.4351 0.005339
-0.4235 0.004297
-0.4106 0.003445
-0.3966 0.002751
-0.3816 0.002189
-0.3655 0.001733
-0.3485 0.001367
-0.3306 0.001072
-0.3118 0.000836
-0.2920 0.000647
-0.2712 0.000497
