0.1486 -0.077644
0.2060 -0.107942
0.2379 -0.124818
0.2508 -0.131641
0.2513 -0.131942
0.2444 -0.128351
0.2288 -0.160313
0.2116 -0.148243
0.1958 -0.137133
0.1811 -0.126845
0.1674 -0.117254
0.1545 -0.108244
0.1423 -0.099716
0.1307 -0.091579
0.1195 -0.083751
0.1087 -0.076154
0.0981 -0.068714
0.0875 -0.061354
0.0771 -0.053053
0.0668 -0.044098
0.0564 -0.035963
0.0457 -0.028264
0.0343 -0.020675
0.0218 -0.012874
0.0077 -0.004418
-0.0086 0.004457
-0.0282 0.013643
-0.0522 0.022518
-0.0816 0.031620
-0.1160 0.040693
-0.1526 0.048912
-0.1875 0.055403
-0.2177 0.058676
-0.2429 0.054146
-0.2634 0.048556
-0.2796 0.042616
-0.2920 0.036802
-0.3012 0.031390
-0.3077 0.026519
-0.3120 0.022235
-0.3145 0.018531
-0.3154 0.015369
-0.3151 0.012694
-0.3137 0.010450
-0.3115 0.008579
-0.3085 0.007026
-0.3050 0.005742
-0.3009 0.004685
-0.2965 0.003817
-0.2918 0.003106
-0.2869 0.002525
-0.2819 0.002051
-0.2767 0.001664
-0.2714 0.001350
-0.2660 0.001094
-0.2605 0.000886
-0.2549 0.000717
-0.2490 0.000579
-0.2428 0.000467
-0.2362 0.000375
-0.2289 0.000301
-0.2210 0.000240
-0.2121 0.000191
-0.1978 0.034794
-0.1794 0.031528
-0.1588 0.027913
-0.1350 0.023729
-0.1057 0.018583
-0.0664 0.011726
-0.0089 0.003367
0.0710 -0.024545
0.1509 -0.078845
0.2074 -0.108681
0.2386 -0.125175
0.2509 -0.131732
0.2511 -0.131857
0.2440 -0.128149
0.2281 -0.159820
0.2109 -0.147728
0.1950 -0.136590
0.1802 -0.126269
0.1665 -0.116639
0.1536 -0.107586
0.1413 -0.099008
0.1296 -0.090814
0.1183 -0.082921
0.1074 -0.075249
0.0966 -0.067721
0.0860 -0.060255
0.0754 -0.051401
0.0649 -0.042526
0.0543 -0.034380
0.0432 -0.026587
0.0313 -0.018813
0.0182 -0.010722
0.0032 -0.001885
-0.0143 0.007384
-0.0356 0.016609
-0.0618 0.025780
-0.0937 0.035169
-0.1298 0.044265
0.0614 -0.043132
0.0390 -0.027318
0.0130 -0.008580
-0.0194 0.010214
-0.0622 0.027349
-0.1178 0.042912
-0.1809 0.054602
-0.2415 0.060345
-0.2934 0.060648
-0.3353 0.057343
-0.3685 0.052124
-0.3946 0.046155
-0.4150 0.040138
-0.4308 0.034457
-0.4430 0.029299
-0.4523 0.024733
-0.4592 0.020761
-0.4640 0.017348
-0.4672 0.014442
-0.4689 0.011985
-0.4694 0.009920
-0.4688 0.008191
-0.4672 0.006750
-0.4647 0.005551
-0.4615 0.004558
-0.4574 0.003736
-0.4527 0.003057
-0.4474 0.002498
-0.4415 0.002038
-0.4350 0.001660
-0.4280 0.001351
-0.4205 0.001097
-0.4126 0.000890
-0.4043 0.000721
-0.3956 0.000583
-0.3865 0.000471
-0.3773 0.000380
-0.3677 0.000307
-0.3580 0.000247
-0.3481 0.000198
-0.3381 0.000159
-0.3280 0.000128
-0.3178 0.000102
-0.3076 0.000082
-0.2974 0.000065
-0.2871 0.000052
-0.2768 0.000042
-0.2664 0.000033
-0.2559 0.000026
-0.2453 0.000021
-0.2345 0.000017
-0.2235 0.000013
-0.2120 0.000010
-0.2000 0.000008
-0.1872 0.000006
-0.1732 0.000005
-0.1575 0.000004
-0.1391 0.000003
-0.1164 0.000002
-0.0865 0.000001
-0.0402 0.014282
0.0286 -0.019481
0.1079 -0.074975
0.1704 -0.118957
0.2042 -0.142772
0.2146 -0.150181
0.2104 -0.147364
0.1985 -0.139041
0.1828 -0.128100
0.1657 -0.116093
0.1480 -0.103750
0.1303 -0.091331
0.1124 -0.078828
0.0942 -0.066061
0.0751 -0.052701
0.0544 -0.038232
0.0310 -0.021427
0.0032 -0.002150
-0.0321 0.016031
-0.0791 0.032830
-0.1380 0.047503
-0.2014 0.057386
-0.2595 0.061197
-0.3080 0.060101
-0.3469 0.055992
-0.3776 0.050405
-0.4017 0.044339
-0.4205 0.038379
-0.4350 0.032835
-0.4462 0.027849
-0.4547 0.023463
-0.4608 0.019664
-0.4651 0.016410
-0.4678 0.013647
-0.4691 0.011316
-0.4693 0.009359
-0.4683 0.007723
-0.4665 0.006360
-0.4637 0.005228
-0.4603 0.004290
-0.4560 0.003515
-0.4512 0.002875
-0.4457 0.002348
-0.4396 0.001915
-0.4329 0.001559
-0.4258 0.001268
-0.4182 0.001030
-0.4102 0.000835
-0.4017 0.000676
-0.3930 0.000547
-0.3839 0.000442
-0.3745 0.000356
-0.3649 0.000287
-0.3552 0.000231
-0.3453 0.000186
-0.3352 0.000149
-0.3251 0.000120
-0.3149 0.000096
-0.3047 0.000077
-0.2944 0.000061
-0.2841 0.000049
-0.2738 0.000039
-0.2634 0.000031
-0.2528 0.000025
-0.2422 0.000019
-0.2313 0.000015
-0.2201 0.000012
-0.2085 0.000009
-0.1963 0.000007
-0.1831 0.000006
-0.1687 0.000004
-0.1522 0.000003
-0.1327 0.000002
-0.1083 0.000002
-0.0743 0.013081
-0.0215 0.011650
0.0529 -0.036447
0.1299 -0.090442
0.1839 -0.128440
0.2096 -0.146633
0.2147 -0.150311
0.2076 -0.145390
0.1941 -0.136012
0.1778 -0.124605
0.1604 -0.112426
0.1427 -0.100032
0.1249 -0.087587
0.1070 -0.075022
0.0885 -0.062113
0.0691 -0.048480
0.0477 -0.033534
0.0232 -0.015866
-0.0065 0.003564
-0.0449 0.021321
-0.0958 0.037742
-0.1571 0.051302
-0.2197 0.059380
-0.2750 0.061526
-0.3205 0.059319
-0.3568 0.054611
-0.3853 0.048775
-0.4076 0.042673
-0.4251 0.036794
-0.4385 0.031389
-0.4488 0.026565
-0.4566 0.022343
-0.4622 0.018700
-0.4659 0.015589
-0.4682 0.012952
-0.4692 0.010731
-0.4690 0.008869
-0.4677 0.007314
-0.4656 0.006020
-0.4627 0.004946
-0.4590 0.004057
-0.4545 0.003322
-0.4495 0.002716
-0.4438 0.002217
-0.4375 0.001807
-0.4308 0.001471
-0.4235 0.001196
-0.4157 0.000971
-0.4076 0.000787
-0.3990 0.000637
-0.3901 0.000515
-0.3810 0.000416
-0.3715 0.000335
-0.3619 0.000270
-0.3521 0.000217
-0.3421 0.000174
-0.3320 0.000140
-0.3219 0.000112
-0.3117 0.000090
-0.3014 0.000072
-0.2911 0.000057
-0.2808 0.000046
-0.2704 0.000036
-0.2600 0.000029
-0.2494 0.000023
-0.2387 0.000018
-0.2277 0.000014
-0.2164 0.000011
-0.2046 0.000009
-0.1921 0.000007
-0.1786 0.000005
-0.1635 0.000004
-0.1462 0.000003
-0.1253 0.000002
-0.0985 0.000001
-0.0595 0.010489
0.0011 -0.000238
0.0794 -0.055016
0.1510 -0.105290
0.1954 -0.136555
0.2133 -0.149283
0.2136 -0.149544
0.2038 -0.142767
0.1891 -0.132495
0.1723 -0.120712
0.1547 -0.108406
0.1369 -0.095976
0.1191 -0.083497
0.1010 -0.070845
0.0823 -0.057743
0.0623 -0.043752
0.0400 -0.028128
0.0141 -0.009466
-0.0179 0.009593
-0.0602 0.026952
-0.1151 0.042756
-0.1780 0.054767
-0.2388 0.060818
-0.2910 0.061318
-0.3333 0.058097
-0.3668 0.052883
-0.3931 0.046873
-0.4137 0.040791
-0.4297 0.035037
-0.4421 0.029805
-0.4515 0.025169
-0.4585 0.021133
-0.4635 0.017662
-0.4667 0.014707
-0.4685 0.012208
-0.4691 0.010106
-0.4686 0.008346
-0.4670 0.006878
-0.4646 0.005658
-0.4614 0.004646
-0.4575 0.003808
-0.4529 0.003117
-0.4476 0.002547
-0.4417 0.002078
-0.4353 0.001693
-0.4283 0.001378
-0.4209 0.001119
-0.4130 0.000908
-0.4047 0.000736
-0.3961 0.000595
-0.3871 0.000481
-0.3778 0.000388
-0.3683 0.000313
-0.3586 0.000252
-0.3487 0.000203
-0.3387 0.000163
-0.3286 0.000131
-0.3184 0.000105
-0.3082 0.000084
-0.2979 0.000067
-0.2876 0.000053
-0.2773 0.000043
-0.2669 0.000034
-0.2564 0.000027
-0.2458 0.000021
-0.2350 0.000017
-0.2239 0.000013
-0.2124 0.000010
-0.2004 0.000008
-0.1876 0.000006
-0.1736 0.000005
-0.1578 0.000004
-0.1395 0.000003
-0.1168 0.000002
-0.0870 0.000001
-0.0414 0.014673
0.0271 -0.018399
0.1066 -0.074071
0.1699 -0.118620
0.2044 -0.142950
0.2152 -0.150643
0.2112 -0.147921
0.1993 -0.139590
0.1835 -0.128599
0.1663 -0.116534
0.1486 -0.104140
0.1308 -0.091683
0.1129 -0.079156
0.0946 -0.066379
0.0756 -0.053023
0.0549 -0.038578
0.0316 -0.021886
0.0039 -0.002591
-0.0312 0.015809
-0.0778 0.032781
-0.1365 0.047644
-0.1997 0.057735
-0.2579 0.061705
-0.3066 0.060689
-0.3457 0.056596
-0.3765 0.050982
-0.4007 0.044869
-0.4196 0.038852
-0.4343 0.033249
-0.4455 0.028207
-0.4541 0.023769
-0.4603 0.019923
-0.4647 0.016629
-0.4674 0.013831
-0.4688 0.011469
-0.4689 0.009487
-0.4681 0.007829
-0.4662 0.006448
-0.4635 0.005301
-0.4601 0.004350
-0.4559 0.003564
-0.4510 0.002915
-0.4456 0.002381
-0.4395 0.001942
-0.4329 0.001582
-0.4258 0.001286
-0.4182 0.001044
-0.4101 0.000847
-0.4017 0.000686
-0.3930 0.000555
-0.3839 0.000448
-0.3745 0.000361
-0.3649 0.000291
-0.3552 0.000234
-0.3452 0.000188
-0.3352 0.000151
-0.3251 0.000121
-0.3149 0.000097
-0.3046 0.000078
-0.2943 0.000062
-0.2840 0.000050
-0.2737 0.000039
-0.2632 0.000031
-0.2527 0.000025
-0.2420 0.000020
-0.2311 0.000016
-0.2199 0.000012
-0.2082 0.000010
-0.1959 0.000007
-0.1827 0.000006
-0.1682 0.000004
-0.1516 0.000003
-0.1319 0.000002
-0.1072 0.000002
-0.0729 0.012832
-0.0194 0.010553
0.0556 -0.038347
0.1325 -0.092257
0.1858 -0.129777
0.2108 -0.147471
0.2153 -0.150750
0.2078 -0.145540
0.1941 -0.135965
0.1776 -0.124429
0.1601 -0.112167
0.1423 -0.099718
0.1244 -0.087234
0.1064 -0.074636
0.0879 -0.061691
0.0684 -0.048010
0.0469 -0.032997
0.0222 -0.015268
-0.0076 0.004249
-0.0464 0.022100
-0.0977 0.038579
-0.1592 0.052078
-0.2215 0.059994
-0.2764 0.061971
-0.3216 0.059634
-0.3575 0.054834
-0.3858 0.048935
-0.4079 0.042789
-0.4252 0.036881
-0.4385 0.031455
-0.4488 0.026616
-0.4564 0.022383
-0.4620 0.018732
-0.4657 0.015614
-0.4679 0.012972
-0.4689 0.010747
-0.4687 0.008882
-0.4674 0.007324
-0.4653 0.006028
-0.4623 0.004953
-0.4586 0.004062
-0.4542 0.003326
-0.4491 0.002719
-0.4434 0.002220
-0.4372 0.001810
-0.4304 0.001473
-0.4231 0.001197
-0.4153 0.000972
-0.4072 0.000788
-0.3986 0.000638
-0.3897 0.000515
-0.3806 0.000416
-0.3711 0.000336
-0.3615 0.000270
-0.3516 0.000217
-0.3417 0.000175
-0.3316 0.000140
-0.3214 0.000112
-0.3112 0.000090
-0.3010 0.000072
-0.2907 0.000057
-0.2803 0.000046
-0.2699 0.000036
-0.2594 0.000029
-0.2489 0.000023
-0.2381 0.000018
-0.2271 0.000014
-0.2157 0.000011
-0.2039 0.000009
-0.1912 0.000007
-0.1776 0.000005
-0.1624 0.000004
-0.1448 0.000003
-0.1236 0.000002
-0.0961 0.000001
-0.0559 0.009877
0.0062 -0.003843
0.0853 -0.059133
0.1557 -0.108572
0.1982 -0.138538
0.2146 -0.150196
0.2138 -0.149733
0.2034 -0.142508
0.1884 -0.131973
0.1713 -0.120043
0.1536 -0.107653
0.1358 -0.095171
0.1179 -0.082651
0.0997 -0.069952
0.0809 -0.056785
0.0608 -0.042695
0.0383 -0.026928
0.0120 -0.008067
-0.0206 0.011018
-0.0637 0.028430
-0.1194 0.044172
-0.1824 0.055877
-0.2427 0.061518
-0.2940 0.061680
-0.3356 0.058235
-0.3685 0.052888
-0.3944 0.046806
-0.4146 0.040690
-0.4303 0.034924
-0.4425 0.029692
-0.4517 0.025064
-0.4585 0.021038
-0.4634 0.017579
-0.4666 0.014635
-0.4683 0.012146
-0.4688 0.010053
-0.4682 0.008302
-0.4667 0.006841
-0.4642 0.005627
-0.4610 0.004620
-0.4570 0.003787
-0.4523 0.003099
-0.4471 0.002532
-0.4412 0.002066
-0.4347 0.001683
-0.4277 0.001370
-0.4203 0.001113
-0.4124 0.000903
-0.4041 0.000731
-0.3954 0.000592
-0.3864 0.000478
-0.3772 0.000386
-0.3676 0.000311
-0.3579 0.000250
-0.3480 0.000201
-0.3380 0.000162
-0.3279 0.000130
-0.3177 0.000104
-0.3075 0.000083
-0.2972 0.000066
-0.2869 0.000053
-0.2765 0.000042
-0.2661 0.000034
-0.2556 0.000027
-0.2449 0.000021
-0.2341 0.000017
-0.2229 0.000013
-0.2114 0.000010
-0.1993 0.000008
-0.1863 0.000006
-0.1721 0.000005
-0.1562 0.000004
-0.1374 0.000003
-0.1142 0.000002
-0.0833 0.000001
-0.0357 0.012693
0.0348 -0.023816
0.1143 -0.079458
0.1753 -0.122360
0.2072 -0.144908
0.2161 -0.151299
0.2110 -0.147758
0.1984 -0.138952
0.1823 -0.127702
0.1648 -0.115501
0.1470 -0.103034
0.1291 -0.090530
0.1112 -0.077957
0.0928 -0.065117
0.0736 -0.051664
0.0527 -0.037062
0.0290 -0.020136
0.0007 -0.000650
-0.0353 0.017727
-0.0832 0.034697
-0.1427 0.049314
-0.2057 0.058871
-0.2629 0.062288
-0.3106 0.060869
-0.3487 0.056530
-0.3788 0.050786
-0.4024 0.044614
-0.4208 0.038581
-0.4351 0.032987
-0.4461 0.027965
-0.4544 0.023553
-0.4605 0.019734
-0.4647 0.016466
-0.4673 0.013691
-0.4686 0.011351
-0.4686 0.009387
-0.4677 0.007746
-0.4658 0.006378
-0.4630 0.005243
-0.4595 0.004302
-0.4553 0.003524
-0.4504 0.002883
-0.4449 0.002354
-0.4388 0.001920
-0.4322 0.001563
-0.4250 0.001271
-0.4174 0.001032
-0.4094 0.000837
-0.4009 0.000678
-0.3921 0.000548
-0.3830 0.000443
-0.3737 0.000357
-0.3641 0.000288
-0.3543 0.000231
-0.3444 0.000186
-0.3343 0.000149
-0.3242 0.000120
-0.3140 0.000096
-0.3037 0.000077
-0.2934 0.000061
-0.2831 0.000049
-0.2727 0.000039
-0.2622 0.000031
-0.2517 0.000025
-0.2409 0.000019
-0.2300 0.000015
-0.2187 0.000012
-0.2070 0.000009
-0.1945 0.000007
-0.1812 0.000006
-0.1664 0.000004
-0.1495 0.000003
-0.1293 0.000002
-0.1036 0.000002
-0.0677 0.011931
-0.0116 0.008585
0.0652 -0.045065
0.1407 -0.098013
0.1908 -0.133303
0.2130 -0.149043
0.2157 -0.151007
0.2070 -0.145012
0.1927 -0.135005
0.1759 -0.123246
0.1582 -0.110871
0.1403 -0.098363
0.1224 -0.085834
0.1044 -0.073183
0.0857 -0.060155
0.0660 -0.046340
0.0442 -0.031107
0.0190 -0.013037
-0.0117 0.006507
-0.0518 0.024327
-0.1045 0.040699
-0.1665 0.053734
-0.2282 0.060955
-0.2820 0.062328
-0.3259 0.059592
-0.3608 0.054567
-0.3883 0.048562
-0.4098 0.042382
-0.4265 0.036480
-0.4395 0.031082
-0.4494 0.026281
-0.4568 0.022088
-0.4622 0.018477
-0.4657 0.015396
-0.4678 0.012787
-0.4686 0.010591
-0.4683 0.008751
-0.4670 0.007215
-0.4648 0.005937
-0.4618 0.004877
-0.4580 0.004000
-0.4535 0.003275
-0.4484 0.002677
-0.4427 0.002185
-0.4364 0.001781
-0.4296 0.001450
-0.4223 0.001178
-0.4145 0.000956
-0.4063 0.000775
-0.3977 0.000627
-0.3888 0.000507
-0.3796 0.000409
-0.3702 0.000330
-0.3605 0.000266
-0.3507 0.000214
-0.3407 0.000172
-0.3306 0.000138
-0.3204 0.000110
-0.3102 0.000088
-0.2999 0.000071
-0.2896 0.000056
-0.2792 0.000045
-0.2688 0.000036
-0.2583 0.000028
-0.2477 0.000023
-0.2369 0.000018
-0.2258 0.000014
-0.2144 0.000011
-0.2024 0.000009
-0.1897 0.000007
-0.1758 0.000005
-0.1603 0.000004
-0.1423 0.000003
-0.1204 0.000002
-0.0917 0.000001
-0.0494 0.008738
0.0158 -0.010498
0.0956 -0.066369
0.1633 -0.113945
0.2023 -0.141453
0.2161 -0.151232
0.2136 -0.149580
0.2023 -0.141678
0.1867 -0.130785
0.1694 -0.118677
0.1515 -0.106199
0.1336 -0.093669
0.1157 -0.081103
0.0974 -0.068340
0.0785 -0.055069
0.0581 -0.040804
0.0352 -0.024710
0.0082 -0.005527
-0.0255 0.013443
-0.0702 0.030821
-0.1272 0.046313
-0.1903 0.057371
-0.2495 0.062259
-0.2996 0.061845
-0.3399 0.058045
-0.3718 0.052512
-0.3969 0.046352
-0.4165 0.040221
-0.4317 0.034476
-0.4434 0.029283
-0.4524 0.024700
-0.4589 0.020720
-0.4636 0.017306
-0.4666 0.014402
-0.4682 0.011949
-0.4686 0.009888
-0.4679 0.008163
-0.4662 0.006726
-0.4637 0.005531
-0.4604 0.004540
-0.4564 0.003721
-0.4516 0.003045
-0.4463 0.002488
-0.4404 0.002030
-0.4339 0.001654
-0.4269 0.001345
-0.4194 0.001093
-0.4115 0.000886
-0.4032 0.000718
-0.3945 0.000581
-0.3855 0.000469
-0.3762 0.000379
-0.3666 0.000305
-0.3569 0.000246
-0.3470 0.000197
-0.3370 0.000159
-0.3269 0.000127
-0.3167 0.000102
-0.3064 0.000081
-0.2961 0.000065
-0.2858 0.000052
-0.2754 0.000041
-0.2650 0.000033
-0.2544 0.000026
-0.2437 0.000021
-0.2328 0.000016
-0.2216 0.000013
-0.2100 0.000010
-0.1978 0.000008
-0.1847 0.000006
-0.1702 0.000005
-0.1539 0.000003
-0.1347 0.000003
-0.1106 0.000002
-0.0782 0.000001
-0.0279 0.009974
0.0451 -0.031036
0.1239 -0.086251
0.1816 -0.126790
0.2102 -0.147013
0.2168 -0.151785
0.2103 -0.147271
0.1969 -0.137932
0.1804 -0.126410
0.1628 -0.114078
0.1449 -0.101547
0.1270 -0.089001
0.1089 -0.076381
0.0905 -0.063467
0.0711 -0.049888
0.0499 -0.035076
0.0257 -0.017812
-0.0034 0.001846
-0.0407 0.020149
-0.0902 0.037048
-0.1506 0.051260
-0.2132 0.060083
-0.2693 0.062793
-0.3156 0.060883
-0.3526 0.056260
-0.3818 0.050375
-0.4046 0.044152
-0.4225 0.038121
-0.4363 0.032555
-0.4469 0.027574
-0.4549 0.023208
-0.4608 0.019435
-0.4648 0.016210
-0.4672 0.013474
-0.4684 0.011168
-0.4683 0.009233
-0.4673 0.007617
-0.4653 0.006271
-0.4625 0.005154
-0.4589 0.004228
-0.4546 0.003464
-0.4497 0.002833
-0.4442 0.002313
-0.4380 0.001886
-0.4314 0.001536
-0.4242 0.001249
-0.4166 0.001014
-0.4085 0.000822
-0.4000 0.000666
-0.3912 0.000538
-0.3821 0.000435
-0.3727 0.000351
-0.3631 0.000282
-0.3534 0.000227
-0.3434 0.000183
-0.3334 0.000147
-0.3232 0.000117
-0.3130 0.000094
-0.3027 0.000075
-0.2924 0.000060
-0.2821 0.000048
-0.2717 0.000038
-0.2612 0.000030
-0.2506 0.000024
-0.2398 0.000019
-0.2288 0.000015
-0.2175 0.000012
-0.2057 0.000009
-0.1931 0.000007
-0.1796 0.000006
-0.1646 0.000004
-0.1473 0.000003
-0.1266 0.000002
-0.1000 0.000001
-0.0622 0.010976
-0.0033 0.002817
0.0749 -0.051878
0.1485 -0.103545
0.1953 -0.136519
0.2149 -0.150347
0.2158 -0.151068
0.2061 -0.144354
0.1912 -0.133964
0.1741 -0.122013
0.1563 -0.109548
0.1384 -0.096992
0.1204 -0.084426
0.1023 -0.071725
0.0835 -0.058615
0.0636 -0.044661
0.0415 -0.029200
0.0158 -0.010775
-0.0158 0.008755
-0.0573 0.026565
-0.1113 0.042810
-0.1738 0.055350
-0.2347 0.061882
-0.2873 0.062679
-0.3300 0.059566
-0.3639 0.054332
-0.3906 0.048227
-0.4115 0.042014
-0.4278 0.036116
-0.4404 0.030743
-0.4500 0.025975
-0.4572 0.021820
-0.4623 0.018244
-0.4658 0.015197
-0.4677 0.012618
-0.4684 0.010449
-0.4680 0.008632
-0.4666 0.007116
-0.4643 0.005855
-0.4613 0.004809
-0.4574 0.003943
-0.4529 0.003228
-0.4478 0.002639
-0.4420 0.002154
-0.4357 0.001755
-0.4288 0.001428
-0.4215 0.001161
-0.4137 0.000942
-0.4055 0.000763
-0.3969 0.000618
-0.3880 0.000499
-0.3788 0.000403
-0.3694 0.000325
-0.3597 0.000262
-0.3499 0.000210
-0.3399 0.000169
-0.3298 0.000136
-0.3197 0.000109
-0.3094 0.000087
-0.2992 0.000070
-0.2889 0.000056
-0.2785 0.000044
-0.2681 0.000035
-0.2576 0.000028
-0.2470 0.000022
-0.2361 0.000018
-0.2250 0.000014
-0.2136 0.000011
-0.2015 0.000008
-0.1887 0.000007
-0.1748 0.000005
-0.1591 0.000004
-0.1409 0.000003
-0.1185 0.000002
-0.0892 0.000001
-0.0455 0.008059
0.0213 -0.014356
0.1013 -0.070396
0.1674 -0.116819
0.2045 -0.142989
0.2169 -0.151788
0.2135 -0.149521
0.2017 -0.141264
0.1858 -0.130176
0.1683 -0.117965
0.1504 -0.105434
0.1325 -0.092869
0.1145 -0.080274
0.0962 -0.067471
0.0771 -0.054137
0.0566 -0.039772
0.0335 -0.023499
0.0062 -0.004175
-0.0282 0.014847
-0.0737 0.032300
-0.1313 0.047715
-0.1943 0.058463
-0.2529 0.062974
-0.3022 0.062260
-0.3419 0.058259
-0.3732 0.052604
-0.3979 0.046373
-0.4171 0.040204
-0.4321 0.034439
-0.4437 0.029239
-0.4525 0.024655
-0.4590 0.020678
-0.4635 0.017267
-0.4665 0.014368
-0.4680 0.011919
-0.4684 0.009863
-0.4677 0.008142
-0.4660 0.006709
-0.4635 0.005517
-0.4602 0.004529
-0.4562 0.003712
-0.4515 0.003038
-0.4462 0.002482
-0.4403 0.002025
-0.4339 0.001650
-0.4269 0.001342
-0.4195 0.001091
-0.4116 0.000885
-0.4034 0.000717
-0.3947 0.000580
-0.3857 0.000469
-0.3765 0.000378
-0.3670 0.000305
-0.3573 0.000245
-0.3474 0.000197
-0.3374 0.000158
-0.3273 0.000127
-0.3171 0.000102
-0.3069 0.000081
-0.2966 0.000065
-0.2863 0.000052
-0.2759 0.000041
-0.2654 0.000033
-0.2548 0.000026
-0.2441 0.000021
-0.2332 0.000016
-0.2220 0.000013
-0.2103 0.000010
-0.1981 0.000008
-0.1849 0.000006
-0.1705 0.000005
-0.1542 0.000003
-0.1349 0.000003
-0.1108 0.000002
-0.0784 0.000001
-0.0281 0.010065
0.0447 -0.030758
0.1237 -0.086084
0.1816 -0.126833
0.2105 -0.147251
0.2173 -0.152130
0.2108 -0.147643
0.1974 -0.138285
0.1809 -0.126727
0.1632 -0.114359
0.1452 -0.101798
0.1273 -0.089231
0.1092 -0.076599
0.0908 -0.063682
0.0714 -0.050111
0.0502 -0.035321
0.0261 -0.018130
-0.0029 0.001566
-0.0400 0.020069
-0.0892 0.037135
-0.1494 0.051524
-0.2120 0.060517
-0.2681 0.063341
-0.3145 0.061477
-0.3516 0.056847
-0.3809 0.050926
-0.4038 0.044651
-0.4217 0.038562
-0.4357 0.032940
-0.4464 0.027906
-0.4544 0.023491
-0.4603 0.019675
-0.4644 0.016412
-0.4669 0.013644
-0.4681 0.011310
-0.4681 0.009352
-0.4671 0.007716
-0.4652 0.006353
-0.4624 0.005222
-0.4589 0.004285
-0.4547 0.003510
-0.4498 0.002871
-0.4443 0.002345
-0.4382 0.001912
-0.4316 0.001557
