0.8448 4.6763
0.8502 4.8691
0.8539 4.9599
0.8558 4.9548
0.8562 4.8786
0.8553 4.7647
0.8537 4.6383
0.8516 4.5093
0.8492 4.3745
0.8466 4.2239
0.8436 4.0483
0.8398 3.8451
0.8352 3.6191
0.8295 3.3794
0.8228 3.1363
0.8150 2.9001
0.8065 2.6916
0.7981 2.5540
0.7919 2.5272
0.7901 2.6246
0.7935 2.8298
0.8010 3.1084
0.8107 3.4203
0.8207 3.7242
0.8294 3.9790
0.8362 4.1499
0.8405 4.2187
0.8427 4.2345
0.8440 4.3594
0.8465 4.6379
0.8506 4.9840
0.8556 5.3146
0.8602 5.5712
0.8638 5.7066
0.8658 5.6852
0.8659 5.4992
0.8640 5.1738
0.8600 4.7546
0.8539 4.2903
0.8458 3.8218
0.8357 3.3783
0.8238 2.9847
0.8112 2.7384
0.8029 2.7957
0.8034 3.1059
0.8115 3.5384
0.8231 3.9970
0.8347 4.4192
0.8443 4.7567
0.8513 4.9578
0.8557 5.2039
0.8629 6.9950
0.8777 10.4754
0.8930 13.7017
0.9043 16.0927
0.9112 17.6240
0.9149 18.2701
0.9163 17.9234
0.9161 16.5541
0.9142 14.4384
0.9107 12.0840
0.9053 9.8841
0.8979 8.0103
0.8885 6.4900
0.8771 5.2874
0.8637 4.3490
0.8485 3.6223
0.8319 3.0609
0.8143 2.6263
0.7962 2.2867
0.7780 2.0169
0.7600 1.7980
0.7424 1.6161
0.7250 1.4617
0.7079 1.3285
0.6911 1.2183
0.6769 1.1797
0.6750 1.3257
0.6931 1.6720
0.7244 2.1302
0.7576 2.6056
0.7856 3.0249
0.8058 3.3319
0.8184 3.4875
0.8244 3.4805
0.8251 3.3339
0.8212 3.0926
0.8137 2.8042
0.8028 2.5060
0.7893 2.2246
0.7741 2.0008
0.7612 1.9610
0.7589 2.1855
0.7695 2.5998
0.7877 3.0991
0.8071 3.6015
0.8238 4.0402
0.8362 4.3561
0.8441 4.5205
0.8483 4.5481
0.8495 4.4772
0.8486 4.3439
0.8462 4.1717
0.8428 3.9740
0.8385 3.7589
0.8333 3.5324
0.8273 3.2999
0.8204 3.0710
0.8128 2.8631
0.8050 2.6926
0.7978 2.5695
0.7919 2.5051
0.7885 2.5051
0.7880 2.5808
0.7912 2.7371
0.7974 2.9522
0.8055 3.1906
0.8139 3.4185
0.8213 3.6088
0.8272 3.7412
0.8311 3.8020
0.8330 3.7828
0.8329 3.6850
0.8309 3.5576
0.8285 3.5495
0.8285 3.7247
0.8317 4.0080
0.8372 4.3099
0.8431 4.5621
0.8481 4.7131
0.8512 4.7266
0.8520 4.5929
0.8502 4.3342
0.8459 3.9918
0.8391 3.6092
0.8299 3.2223
0.8186 2.8575
0.8054 2.5331
0.7910 2.2596
0.7761 2.0399
0.7616 1.8708
0.7485 1.7453
0.7373 1.6538
0.7282 1.5861
0.7209 1.5324
0.7148 1.4848
0.7094 1.4381
0.7039 1.3898
0.6981 1.3394
0.6917 1.2875
0.6848 1.2356
0.6775 1.1902
0.6735 1.2630
0.7036 2.5212
0.7772 5.9719
0.8425 9.7470
0.8828 12.8213
0.9031 15.0591
0.9119 16.4420
0.9150 16.8750
0.9154 16.2475
0.9141 14.6690
0.9111 12.5649
0.9065 10.4175
0.8999 8.5165
0.8914 6.9531
0.8810 5.7113
0.8690 4.7385
0.8554 3.9782
0.8405 3.3815
0.8247 2.9098
0.8082 2.5334
0.7913 2.2299
0.7743 1.9834
0.7574 1.7833
0.7411 1.6218
0.7257 1.4927
0.7116 1.3904
0.6990 1.3097
0.6881 1.2459
0.6789 1.1946
0.6709 1.1520
0.6641 1.1165
0.6592 1.1222
0.6725 1.6366
0.7365 4.0326
0.8120 7.6880
0.8650 11.0707
0.8942 13.6979
0.9079 15.4706
0.9133 16.3063
0.9147 16.1105
0.9140 14.9363
0.9117 13.1117
0.9078 11.0865
0.9022 9.1891
0.8947 7.5620
0.8855 6.2261
0.8744 5.1495
0.8616 4.2862
0.8470 3.5928
0.8308 3.0330
0.8130 2.5779
0.7937 2.2056
0.7732 1.9044
0.7522 1.6787
0.7328 1.5311
0.7174 1.4557
0.7082 1.4484
0.7063 1.5029
0.7112 1.6056
0.7210 1.7402
0.7333 1.8895
0.7459 2.0337
0.7570 2.1538
0.7657 2.2363
0.7715 2.2769
0.7745 2.2878
0.7763 2.3441
0.7809 2.5707
0.7911 2.9665
0.8053 3.4440
0.8202 3.9226
0.8332 4.3371
0.8431 4.6334
0.8495 4.7749
0.8527 4.7544
0.8529 4.5955
0.8507 4.3417
0.8463 4.0414
0.8404 3.7324
0.8331 3.4374
0.8251 3.1658
0.8164 2.9182
0.8072 2.6911
0.7975 2.4800
0.7873 2.2818
0.7763 2.0950
0.7644 1.9197
0.7517 1.7565
0.7381 1.6058
0.7236 1.4678
0.7085 1.3431
0.6932 1.2405
0.6798 1.1873
0.6725 1.2025
0.6739 1.2799
0.6832 1.4002
0.6974 1.5418
0.7132 1.6846
0.7279 1.8100
0.7397 1.9012
0.7478 1.9459
0.7519 1.9419
0.7523 1.8991
0.7495 1.8322
0.7444 1.7555
0.7379 1.6798
0.7310 1.6137
0.7244 1.5624
0.7189 1.5274
0.7148 1.5067
0.7122 1.4963
0.7108 1.4928
0.7103 1.4928
0.7102 1.4937
0.7103 1.4933
0.7104 1.4922
0.7104 1.4938
0.7107 1.5011
0.7115 1.5150
0.7130 1.5360
0.7153 1.5650
0.7183 1.6017
0.7220 1.6433
0.7260 1.6842
0.7298 1.7176
0.7329 1.7375
0.7348 1.7399
0.7352 1.7237
0.7340 1.6905
0.7311 1.6441
0.7268 1.5893
0.7214 1.5307
0.7153 1.4760
0.7098 1.4569
0.7107 1.6130
0.7276 2.0674
0.7574 2.7205
0.7895 3.4389
0.8168 4.1317
0.8369 4.7402
0.8505 5.2187
0.8591 5.5240
0.8638 5.6209
0.8653 5.5042
0.8642 5.2112
0.8607 4.8039
0.8548 4.3436
0.8469 3.8759
0.8370 3.4293
0.8252 3.0188
0.8117 2.6506
0.7965 2.3260
0.7799 2.0477
0.7624 1.8289
0.7459 1.6789
0.7322 1.5921
0.7228 1.5555
0.7180 1.5549
0.7171 1.5785
0.7197 1.6652
0.7375 2.5342
0.7897 5.7261
0.8449 9.7564
0.8823 13.2077
0.9027 15.8528
0.9123 17.7049
0.9164 18.7107
0.9177 18.7248
0.9175 17.6937
0.9160 15.8846
0.9133 13.7835
0.9095 11.7789
0.9045 10.0455
0.8985 8.6187
0.8918 7.4716
0.8847 6.5652
0.8774 5.9142
0.8711 5.6199
0.8673 5.6507
0.8665 5.8855
0.8682 6.2125
0.8712 6.5443
0.8743 6.8131
0.8769 6.9635
0.8785 6.9564
0.8787 6.7827
0.8776 6.4665
0.8750 6.0492
0.8711 5.5725
0.8658 5.0707
0.8592 4.5696
0.8512 4.0873
0.8417 3.6354
0.8309 3.2204
0.8186 2.8451
0.8048 2.5095
0.7895 2.2123
0.7729 1.9517
0.7549 1.7258
0.7360 1.5333
0.7166 1.3728
0.6975 1.2431
0.6797 1.1512
0.6685 1.1860
0.6777 1.4872
0.7088 2.0017
0.7478 2.6056
0.7832 3.2117
0.8105 3.7673
0.8296 4.2329
0.8419 4.5676
0.8491 4.7352
0.8525 4.7273
0.8527 4.5739
0.8504 4.3263
0.8461 4.0325
0.8401 3.7262
0.8329 3.4287
0.8249 3.1867
0.8185 3.1661
0.8176 3.4259
0.8230 3.8483
0.8322 4.3239
0.8422 4.7844
0.8510 5.1833
0.8579 5.4773
0.8625 5.6208
0.8648 5.5855
0.8648 5.3762
0.8626 5.0351
0.8582 4.6419
0.8523 4.2671
0.8456 3.9682
0.8393 3.7704
0.8343 3.6678
0.8311 3.6383
0.8297 3.6543
0.8296 3.6875
0.8302 3.7121
0.8308 3.7070
0.8308 3.6677
0.8303 3.6561
0.8306 3.7728
0.8332 4.0101
0.8378 4.2958
0.8432 4.5734
0.8485 4.8037
0.8527 4.9508
0.8554 4.9976
0.8565 4.9537
0.8563 4.8429
0.8548 4.6873
0.8524 4.5212
0.8500 4.4622
0.8492 4.6278
0.8512 4.9712
0.8557 5.3895
0.8610 5.7967
0.8661 6.1285
0.8701 6.3407
0.8726 6.3936
0.8735 6.2482
0.8726 5.9839
0.8706 5.8857
0.8719 7.2750
0.8821 11.0649
0.8957 15.0635
0.9068 18.2564
0.9140 20.5169
0.9181 21.8006
0.9200 21.7967
0.9203 20.6234
0.9197 20.2760
0.9196 21.7724
0.9203 23.3039
0.9213 24.4227
0.9222 25.1690
0.9229 25.5026
0.9232 25.2273
0.9230 24.1069
0.9223 22.1498
0.9209 19.7272
0.9187 17.2974
0.9157 15.1193
0.9123 13.2517
0.9084 11.6626
0.9040 10.3126
0.8994 9.2064
0.8947 8.4710
0.8909 8.1360
0.8885 8.0805
0.8876 8.1743
0.8877 8.3165
0.8883 8.4296
0.8889 8.4491
0.8891 8.3252
0.8886 8.0357
0.8870 7.5941
0.8843 7.0408
0.8804 6.4251
0.8752 5.7964
0.8689 5.2485
0.8626 4.9609
0.8584 4.9512
0.8571 5.1065
0.8583 5.3264
0.8608 5.5414
0.8635 5.6986
0.8656 5.7514
0.8665 5.6641
0.8658 5.4293
0.8632 5.0747
0.8587 4.6478
0.8522 4.1956
0.8439 3.7527
0.8339 3.3403
0.8225 2.9685
0.8097 2.6400
0.7959 2.3532
0.7812 2.1044
0.7658 1.8910
0.7501 1.7139
0.7349 1.5758
0.7212 1.4795
0.7107 1.4353
0.7055 1.4553
0.7070 1.5360
0.7147 1.6631
0.7265 1.8188
0.7401 1.9857
0.7533 2.1476
0.7649 2.2903
0.7742 2.4014
0.7809 2.4713
0.7851 2.4961
0.7867 2.4775
0.7860 2.4214
0.7833 2.3361
0.7789 2.2354
0.7742 2.2257
0.7758 2.4932
0.7871 2.9653
0.8038 3.5067
0.8209 4.0355
0.8353 4.5052
0.8461 4.8588
0.8532 5.0218
0.8564 4.9641
0.8564 4.7497
0.8536 4.4739
0.8492 4.2024
0.8440 3.9649
0.8388 3.7664
0.8337 3.5975
0.8290 3.4426
0.8244 3.2862
0.8195 3.1185
0.8139 2.9374
0.8073 2.7465
0.7996 2.5522
0.7908 2.3620
0.7810 2.1872
0.7709 2.0471
0.7618 1.9602
0.7553 1.9307
0.7524 1.9553
0.7535 2.0271
0.7580 2.1354
0.7648 2.2639
0.7725 2.3935
0.7799 2.5070
0.7862 2.5923
0.7908 2.6445
0.7936 2.6657
0.7950 2.6626
0.7951 2.6446
0.7944 2.6198
0.7933 2.5940
0.7922 2.5807
0.7918 2.6225
0.7938 2.7552
0.7990 2.9745
0.8069 3.2510
0.8159 3.5483
0.8248 3.8317
0.8325 4.0701
0.8385 4.2365
0.8425 4.3107
0.8444 4.2845
0.8443 4.1711
0.8424 4.0149
0.8394 3.8628
0.8360 3.7431
0.8330 3.6774
0.8312 3.6810
0.8309 3.7563
0.8323 3.8865
0.8351 4.0416
0.8384 4.1871
0.8415 4.2916
0.8438 4.3322
0.8448 4.2980
0.8445 4.1904
0.8426 4.0242
0.8395 3.8755
0.8371 3.9229
0.8378 4.1813
0.8419 4.5401
0.8477 4.9073
0.8537 5.2249
0.8589 5.4978
0.8633 5.8653
0.8679 6.3234
0.8723 6.7413
0.8762 7.0481
0.8790 7.2347
0.8808 7.3132
0.8817 7.2858
0.8816 7.1354
0.8806 6.8420
0.8783 6.4167
0.8750 6.0813
0.8743 7.2907
0.8826 10.6314
0.8947 14.0411
0.9050 16.7517
0.9119 18.6892
0.9160 19.8213
0.9180 20.0360
0.9185 19.2604
0.9178 17.6167
0.9159 15.4657
0.9127 13.2358
0.9083 11.2322
0.9029 9.5916
0.8968 8.4145
0.8911 7.7774
0.8868 7.5626
0.8846 7.5893
0.8841 7.7100
0.8844 7.8158
0.8850 7.8422
0.8854 7.8798
0.8866 8.6724
0.8917 11.5550
0.9003 15.2188
0.9084 18.2904
0.9143 20.4759
0.9181 22.2369
0.9206 24.9726
0.9227 27.6726
0.9242 29.1418
0.9252 29.4782
0.9255 28.9018
0.9254 27.4360
0.9246 25.0706
0.9232 22.0291
0.9209 18.7945
0.9177 15.8073
0.9136 13.2966
0.9088 11.6173
0.9054 12.3118
0.9063 15.0658
0.9100 17.7728
0.9140 19.8098
0.9171 21.0953
0.9190 21.5947
0.9199 21.2342
0.9198 19.9618
0.9186 17.9168
0.9163 15.4687
0.9127 13.0223
0.9078 10.8347
0.9015 8.9996
0.8939 7.5112
0.8851 6.3231
0.8753 5.3802
0.8646 4.6315
0.8531 4.0343
0.8413 3.5535
0.8291 3.1610
0.8168 2.8350
0.8043 2.5608
0.7919 2.3316
0.7797 2.1445
0.7682 1.9973
0.7578 1.8899
0.7494 1.8221
0.7436 1.7917
0.7406 1.7992
0.7411 1.8542
0.7452 1.9566
0.7525 2.0929
0.7617 2.2470
0.7713 2.4056
0.7806 2.5571
0.7886 2.6892
0.7951 2.7860
0.7996 2.8346
0.8020 2.8344
0.8024 2.8041
0.8017 2.7742
0.8006 2.7663
0.8002 2.7962
0.8012 2.8665
0.8036 2.9673
0.8072 3.0851
0.8114 3.2163
0.8159 3.3702
0.8208 3.5427
0.8258 3.7113
0.8303 3.8505
0.8339 3.9419
0.8363 3.9753
0.8374 3.9454
0.8369 3.8507
0.8349 3.6952
0.8312 3.4890
0.8258 3.2475
0.8186 2.9872
0.8097 2.7238
0.7991 2.4699
0.7871 2.2343
0.7739 2.0220
0.7598 1.8347
0.7453 1.6737
0.7310 1.5503
0.7205 1.5598
0.7238 1.8377
0.7437 2.3343
0.7717 2.9317
0.7990 3.5391
0.8211 4.0928
0.8371 4.5410
0.8476 4.8352
0.8535 4.9414
0.8558 4.8613
0.8550 4.6350
0.8517 4.3258
0.8464 4.0120
0.8401 3.7530
0.8340 3.5677
0.8288 3.4515
0.8252 3.4337
0.8251 3.6765
0.8307 4.1930
0.8406 4.9058
0.8527 5.8625
0.8652 6.9853
0.8763 8.1122
0.8851 9.1239
0.8915 9.9322
0.8958 10.5257
0.8991 11.7633
0.9038 15.0481
0.9097 18.5677
0.9149 21.1848
0.9185 22.9379
0.9208 24.0521
0.9220 24.4395
0.9224 23.6024
0.9219 21.6613
0.9208 21.1104
0.9207 24.1385
0.9223 29.2610
0.9246 33.7610
0.9267 36.8175
0.9282 38.3129
0.9289 38.1554
0.9290 36.2796
0.9286 32.9141
0.9274 28.7137
0.9256 24.4114
0.9230 20.5091
0.9198 17.2079
0.9159 14.8093
0.9126 14.7955
0.9122 17.0492
0.9141 19.3856
0.9167 21.1284
0.9188 22.1706
0.9202 22.4592
0.9207 21.9189
0.9204 20.5179
0.9192 18.4134
0.9170 15.9563
0.9136 13.5122
0.9090 11.3129
0.9031 9.4461
0.8960 7.9121
0.8878 6.6765
0.8785 5.6966
0.8685 4.9290
0.8580 4.3331
0.8475 3.8728
0.8373 3.5184
0.8278 3.2493
0.8194 3.0508
0.8122 2.9089
0.8064 2.8087
0.8020 2.7360
0.7986 2.6785
0.7959 2.6271
0.7934 2.5762
0.7911 2.5328
0.7892 2.5113
0.7881 2.5140
0.7879 2.5336
0.7886 2.5606
0.7898 2.5871
0.7910 2.6063
0.7920 2.6118
0.7923 2.5965
0.7917 2.5532
0.7897 2.4786
0.7861 2.3741
0.7808 2.2527
0.7754 2.2386
0.7767 2.5141
0.7879 2.9835
0.8044 3.5133
0.8212 4.0274
0.8353 4.4877
0.8460 4.8740
0.8536 5.1671
0.8586 5.3421
0.8614 5.3863
0.8625 5.3880
0.8631 5.5037
0.8645 5.7568
0.8670 6.0940
0.8702 6.4498
0.8736 6.7533
0.8764 6.9313
0.8781 6.9264
0.8784 6.7244
0.8771 6.3580
0.8740 5.8834
0.8694 5.3577
0.8633 4.8708
0.8571 4.6401
0.8533 4.7044
0.8530 4.9335
0.8554 5.2282
0.8592 5.5718
0.8639 6.0517
0.8694 6.6635
0.8751 7.2730
0.8802 7.7512
0.8839 8.0276
0.8862 8.0838
0.8869 7.9339
0.8863 7.6620
0.8850 7.4790
0.8840 7.5548
0.8843 7.9813
0.8865 8.6678
0.8899 9.5468
0.8946 11.4600
0.9015 15.1775
0.9090 18.8389
0.9149 21.4462
0.9188 23.4587
0.9215 26.1603
0.9234 28.4615
0.9248 30.0788
0.9259 32.6902
0.9270 35.0224
0.9278 35.9275
0.9282 35.3722
0.9281 33.6532
0.9276 31.0825
0.9266 27.8865
0.9251 24.2884
0.9228 20.5388
0.9196 16.9707
0.9155 14.3970
0.9121 14.6132
0.9117 16.5221
0.9133 18.3141
0.9155 19.5852
0.9173 20.2683
0.9184 20.2641
0.9186 19.4101
0.9178 17.6755
0.9158 15.3464
0.9124 12.8657
0.9074 10.5924
0.9007 8.7019
0.8925 7.2217
0.8832 6.1034
0.8733 5.2746
0.8633 4.6657
0.8537 4.2182
0.8449 3.8846
0.8371 3.6288
0.8303 3.4259
0.8242 3.2611
0.8190 3.1289
0.8144 3.0266
0.8106 2.9500
0.8076 2.8976
0.8055 2.8787
0.8047 2.9048
0.8054 2.9747
0.8078 3.0780
0.8112 3.2005
0.8153 3.3267
0.8193 3.4410
0.8229 3.5276
0.8256 3.5729
0.8271 3.5743
0.8274 3.5434
0.8268 3.4964
0.8261 3.5257
0.8280 3.8519
0.8350 4.4614
0.8456 5.2349
0.8573 6.0689
0.8678 6.8836
0.8763 7.6177
0.8826 8.2181
0.8871 8.6279
0.8898 8.7563
0.8907 8.5487
0.8900 8.0875
0.8876 7.4884
0.8839 6.8486
0.8791 6.2319
0.8735 5.6694
0.8674 5.1727
0.8610 4.7874
0.8556 4.6671
0.8532 4.8188
0.8543 5.1118
0.8577 5.4421
0.8619 5.7522
0.8659 6.0148
0.8691 6.2080
0.8715 6.3000
0.8726 6.2627
0.8725 6.0957
0.8711 5.8267
0.8684 5.4925
0.8646 5.1229
0.8597 4.7390
0.8538 4.3549
0.8469 3.9812
0.8391 3.6259
0.8304 3.2959
0.8208 3.0080
0.8117 2.8597
0.8069 2.9767
0.8095 3.3064
0.8179 3.7316
0.8286 4.1618
0.8388 4.5330
0.8469 4.7923
0.8522 4.8969
0.8546 4.8395
0.8545 4.7002
0.8541 5.0879
0.8630 7.8270
0.8806 11.9966
0.8971 15.8310
0.9086 18.8789
0.9154 21.0432
0.9191 22.2043
0.9206 22.1827
0.9208 20.9284
0.9197 18.7538
0.9175 16.2165
0.9141 13.7728
0.9096 11.6308
0.9041 9.8844
0.8986 9.3390
0.8975 11.5544
0.9019 14.5476
0.9077 16.9605
0.9125 18.6452
0.9158 19.6435
0.9176 19.8178
0.9182 19.4064
0.9183 19.9282
0.9188 21.3249
0.9197 22.6169
0.9207 23.5362
0.9216 23.9722
0.9220 23.7418
0.9219 22.6597
0.9211 20.7392
0.9195 18.2110
0.9169 15.7932
0.9139 14.9317
0.9127 16.3800
0.9137 18.5053
0.9159 20.3572
0.9180 21.6097
0.9195 22.0574
0.9202 21.5512
0.9200 20.1473
0.9188 18.1465
0.9167 15.9521
0.9136 13.8911
0.9098 12.1360
0.9055 10.7347
0.9011 9.6634
0.8967 8.8611
0.8927 8.2571
0.8892 7.7960
0.8861 7.4523
0.8836 7.2120
0.8816 7.0520
0.8802 6.9384
0.8791 6.8383
0.8782 6.7282
0.8772 6.6015
0.8761 6.4592
0.8748 6.2954
0.8733 6.1083
0.8715 5.9678
0.8703 6.0107
0.8705 6.2224
0.8721 6.4969
0.8743 6.7422
0.8764 6.8917
0.8779 6.8968
0.8782 6.7311
0.8771 6.4066
0.8744 5.9801
0.8704 5.5357
0.8655 5.1380
0.8603 4.8134
0.8553 4.5614
0.8507 4.3670
0.8468 4.2083
0.8434 4.0616
0.8401 3.9062
0.8364 3.7296
0.8321 3.5289
0.8269 3.3091
0.8205 3.0784
0.8129 2.8452
0.8041 2.6164
0.7941 2.3968
0.7830 2.1897
0.7708 1.9971
0.7577 1.8202
0.7438 1.6595
