0.8909 9.2044
0.8929 9.4065
0.8940 9.4009
0.8942 9.2180
0.8943 9.8712
0.8982 13.2764
0.9053 17.1682
0.9123 21.5867
0.9184 27.3373
0.9230 32.3858
0.9261 35.8612
0.9279 37.6585
0.9288 37.7658
0.9290 36.3485
0.9286 33.6565
0.9277 30.0799
0.9262 26.1287
0.9241 22.3162
0.9214 18.9941
0.9181 16.3005
0.9145 14.2956
0.9108 12.8675
0.9074 11.8406
0.9044 11.0602
0.9017 10.4029
0.8992 9.7751
0.8965 9.1181
0.8935 8.4106
0.8898 7.6634
0.8852 6.9042
0.8796 6.1651
0.8729 5.5227
0.8675 5.7974
0.8724 8.5633
0.8856 12.0527
0.8984 14.9156
0.9076 16.9936
0.9131 18.3129
0.9160 18.8222
0.9170 18.3825
0.9167 16.9467
0.9148 14.7895
0.9114 12.4107
0.9062 10.2112
0.8992 8.3665
0.8906 6.8952
0.8806 5.7482
0.8693 4.8600
0.8572 4.1709
0.8445 3.6408
0.8320 3.2559
0.8205 3.0054
0.8114 2.8670
0.8053 2.8167
0.8028 2.8955
0.8062 3.2320
0.8162 3.7790
0.8296 4.3913
0.8426 4.9395
0.8530 5.3403
0.8601 5.6066
0.8647 5.8337
0.8679 6.0576
0.8705 6.3285
0.8734 6.7747
0.8771 7.3509
0.8812 7.9169
0.8851 8.3823
0.8881 8.7122
0.8903 8.8914
0.8915 8.9000
0.8917 8.7319
0.8911 8.4156
0.8895 7.9985
0.8871 7.5219
0.8840 7.0115
0.8802 6.4841
0.8757 5.9554
0.8704 5.4428
0.8643 4.9627
0.8576 4.5258
0.8504 4.1366
0.8427 3.7943
0.8348 3.4950
0.8267 3.2346
0.8186 3.0094
0.8106 2.8155
0.8029 2.6528
0.7958 2.5338
0.7902 2.4936
0.7895 2.7021
0.7981 3.2228
0.8137 3.9026
0.8311 4.6114
0.8463 5.2729
0.8581 5.8444
0.8664 6.2972
0.8720 6.6039
0.8754 6.7351
0.8769 6.6706
0.8765 6.4200
0.8745 6.0287
0.8708 5.5583
0.8656 5.0639
0.8591 4.5851
0.8515 4.1504
0.8433 3.7997
0.8355 3.5707
0.8293 3.4675
0.8259 3.4906
0.8259 3.6625
0.8304 4.1300
0.8402 4.9433
0.8529 5.9204
0.8654 6.9438
0.8763 8.1046
0.8854 9.3943
0.8928 10.7992
0.8989 12.2795
0.9038 13.6296
0.9075 14.6713
0.9100 15.3454
0.9118 16.4823
0.9143 20.1793
0.9178 23.9326
0.9210 26.5237
0.9232 28.0948
0.9245 28.8753
0.9252 28.9612
0.9254 28.1662
0.9250 26.1998
0.9240 24.1783
0.9231 24.4150
0.9229 25.3741
0.9231 25.9452
0.9234 26.0028
0.9235 25.5397
0.9233 24.4712
0.9226 22.7569
0.9214 20.4960
0.9194 18.0252
0.9167 15.7014
0.9133 13.6927
0.9094 11.9955
0.9050 10.5326
0.9002 9.2338
0.8946 8.0647
0.8883 7.0197
0.8809 6.1066
0.8727 5.3321
0.8635 4.6917
0.8539 4.1700
0.8439 3.7449
0.8339 3.3933
0.8240 3.0951
0.8140 2.8360
0.8039 2.6068
0.7937 2.4020
0.7832 2.2207
0.7728 2.0768
0.7648 2.0711
0.7658 2.3421
0.7785 2.8329
0.7979 3.4247
0.8177 4.0371
0.8348 4.6203
0.8479 5.1350
0.8572 5.5398
0.8634 5.7940
0.8670 5.8858
0.8685 5.8424
0.8683 5.7042
0.8669 5.5086
0.8646 5.2826
0.8617 5.0429
0.8583 4.7978
0.8545 4.5508
0.8502 4.3059
0.8457 4.1038
0.8421 4.0887
0.8419 4.3773
0.8463 4.9261
0.8544 5.7472
0.8646 6.7899
0.8747 7.8571
0.8832 8.7603
0.8894 9.3788
0.8933 9.6752
0.8952 9.7081
0.8959 9.7122
0.8961 9.7607
0.8962 9.7699
0.8961 9.7088
0.8958 9.5879
0.8953 9.4246
0.8946 9.2233
0.8937 8.9656
0.8924 8.6135
0.8906 8.1335
0.8878 7.5286
0.8840 6.8349
0.8788 6.1123
0.8730 5.8458
0.8740 8.1287
0.8852 11.8367
0.8978 15.0357
0.9074 17.5181
0.9136 19.3811
0.9171 20.6550
0.9190 21.2404
0.9198 20.9376
0.9195 19.6361
0.9183 17.5588
0.9159 15.1817
0.9123 12.9075
0.9076 10.9171
0.9018 9.2669
0.8959 8.8297
0.8957 11.7166
0.9015 15.1064
0.9082 17.7230
0.9135 19.6307
0.9170 20.9896
0.9191 21.8785
0.9203 22.2681
0.9207 22.0932
0.9207 21.3533
0.9200 19.7879
0.9185 17.7948
0.9163 16.0663
0.9140 14.9810
0.9120 14.4196
0.9106 14.1570
0.9098 13.9966
0.9093 14.0656
0.9101 16.2283
0.9132 19.9627
0.9170 23.0245
0.9202 25.0539
0.9223 26.0861
0.9234 26.1038
0.9236 25.0668
0.9231 23.0888
0.9217 20.5731
0.9196 17.9898
0.9167 15.6808
0.9133 13.7857
0.9097 12.2915
0.9059 11.0987
0.9021 10.0948
0.8983 9.2019
0.8942 8.3864
0.8899 7.6420
0.8852 6.9697
0.8802 6.3646
0.8747 5.8106
0.8688 5.2937
0.8624 4.8148
0.8553 4.3869
0.8478 4.0212
0.8403 3.7209
0.8330 3.4813
0.8262 3.2932
0.8203 3.1449
0.8151 3.0242
0.8105 2.9200
0.8064 2.8243
0.8025 2.7435
0.7993 2.7072
0.7978 2.7352
0.7986 2.8242
0.8018 2.9608
0.8066 3.1281
0.8125 3.3083
0.8184 3.4818
0.8238 3.6297
0.8281 3.7473
0.8322 3.9884
0.8385 4.5027
0.8473 5.1353
0.8566 5.7609
0.8650 6.3226
0.8716 6.8008
0.8766 7.1899
0.8803 7.4850
0.8827 7.6719
0.8842 7.7131
0.8846 7.5756
0.8838 7.2720
0.8818 6.8537
0.8787 6.3761
0.8746 5.8798
0.8695 5.3961
0.8639 5.0198
0.8592 4.9044
0.8569 5.0287
0.8577 5.2983
0.8606 5.6537
0.8648 6.0584
0.8693 6.4567
0.8734 6.7770
0.8766 6.9600
0.8785 6.9864
0.8790 6.8751
0.8784 6.6589
0.8768 6.3688
0.8742 6.0299
0.8709 5.6635
0.8668 5.2887
0.8620 4.9209
0.8567 4.5708
0.8509 4.2458
0.8447 3.9523
0.8384 3.6949
0.8320 3.4771
0.8259 3.3005
0.8204 3.1628
0.8157 3.0602
0.8119 2.9944
0.8094 2.9749
0.8085 3.0067
0.8093 3.0806
0.8115 3.1756
0.8145 3.2658
0.8174 3.3271
0.8195 3.3429
0.8203 3.3073
0.8195 3.2233
0.8171 3.0996
0.8131 2.9473
0.8078 2.7863
0.8017 2.6599
0.7966 2.6129
0.7941 2.6576
0.7953 2.7874
0.8000 2.9839
0.8070 3.2179
0.8149 3.4574
0.8224 3.6724
0.8287 3.8360
0.8333 3.9270
0.8359 3.9334
0.8365 3.8564
0.8351 3.7436
0.8336 3.8094
0.8352 4.1119
0.8403 4.5205
0.8473 4.9949
0.8555 5.7294
0.8653 6.8612
0.8759 8.2513
0.8856 9.6640
0.8934 10.9112
0.8991 11.8638
0.9028 12.4484
0.9049 12.6362
0.9057 12.4216
0.9053 11.8301
0.9038 10.9441
0.9011 9.8978
0.8973 8.8210
0.8924 7.8019
0.8866 6.9377
0.8817 7.1881
0.8847 10.1485
0.8944 13.7658
0.9043 16.9828
0.9118 19.6128
0.9167 21.5795
0.9195 22.7952
0.9210 23.0811
0.9214 22.1277
0.9209 21.2274
0.9207 23.0726
0.9215 25.0629
0.9226 26.3425
0.9235 27.2880
0.9243 28.0996
0.9248 28.6702
0.9251 28.7809
0.9252 28.2006
0.9250 27.3911
0.9248 27.6281
0.9248 28.3306
0.9250 28.3395
0.9250 27.9602
0.9251 29.3462
0.9256 31.6543
0.9264 33.0571
0.9270 33.5002
0.9274 33.2726
0.9274 32.4977
0.9271 31.0832
0.9265 28.9278
0.9255 26.1366
0.9240 23.0401
0.9219 20.0056
0.9191 17.2956
0.9159 15.0352
0.9122 13.2261
0.9084 11.8058
0.9045 10.6952
0.9007 9.8170
0.8971 9.1032
0.8937 8.5033
0.8904 7.9876
0.8873 7.5336
0.8842 7.1287
0.8811 6.7863
0.8783 6.5253
0.8759 6.3425
0.8740 6.2167
0.8725 6.1188
0.8714 6.0206
0.8702 5.9001
0.8689 5.7435
0.8672 5.5473
0.8649 5.3199
0.8621 5.0754
0.8587 4.8286
0.8550 4.5923
0.8510 4.3758
0.8470 4.1838
0.8431 4.0176
0.8394 3.8740
0.8359 3.7474
0.8327 3.6304
0.8295 3.5154
0.8263 3.3966
0.8228 3.2704
0.8189 3.1390
0.8147 3.0238
0.8108 2.9544
0.8082 2.9443
0.8075 2.9981
0.8090 3.1069
0.8123 3.2501
0.8168 3.4024
0.8214 3.5382
0.8255 3.6341
0.8284 3.6723
0.8297 3.6438
0.8293 3.5491
0.8270 3.3970
0.8229 3.2028
0.8170 2.9867
0.8096 2.7710
0.8014 2.6116
0.7960 2.6922
0.7999 3.1969
0.8149 4.1091
0.8351 5.2202
0.8542 6.3430
0.8692 7.3543
0.8797 8.1670
0.8864 8.7116
0.8902 8.9408
0.8919 8.8450
0.8916 8.4598
0.8898 7.8591
0.8863 7.1331
0.8814 6.3630
0.8748 5.6080
0.8668 4.9042
0.8572 4.2726
0.8463 3.8113
0.8411 4.6904
0.8553 8.0287
0.8772 11.6187
0.8950 14.4856
0.9064 16.5812
0.9127 17.9622
0.9158 18.6321
0.9170 18.6294
0.9171 17.9483
0.9162 16.6296
0.9144 14.9884
0.9118 13.3875
0.9086 12.0242
0.9051 10.9357
0.9019 10.6886
0.9022 13.4894
0.9069 17.1055
0.9124 20.0360
0.9168 22.3636
0.9199 24.1440
0.9219 25.3561
0.9230 25.9025
0.9235 25.6169
0.9234 24.3735
0.9226 22.3010
0.9211 19.8092
0.9188 17.2498
0.9157 14.9455
0.9124 14.2726
0.9118 16.9624
0.9141 20.3197
0.9174 23.1472
0.9204 25.3215
0.9225 26.8503
0.9238 27.6796
0.9245 27.6777
0.9246 26.7099
0.9241 24.8343
0.9230 22.4142
0.9213 19.9185
0.9190 17.6646
0.9163 15.7632
0.9134 14.1900
0.9104 12.8665
0.9072 11.7151
0.9039 10.6900
0.9005 9.7825
0.8969 9.0483
0.8937 8.6321
0.8914 8.5249
0.8903 8.5984
0.8903 8.7389
0.8908 8.8645
0.8914 8.9144
0.8917 8.8414
0.8914 8.6140
0.8904 8.2306
0.8884 7.7244
0.8853 7.1474
0.8813 6.5497
0.8764 5.9688
0.8707 5.4277
0.8643 4.9382
0.8573 4.5043
0.8501 4.1335
0.8428 3.8495
0.8363 3.6650
0.8314 3.5682
0.8282 3.5362
0.8268 3.5442
0.8266 3.5695
0.8271 3.5910
0.8276 3.5889
0.8276 3.5473
0.8266 3.4581
0.8243 3.3229
0.8205 3.1505
0.8151 2.9537
0.8081 2.7470
0.7999 2.5468
0.7908 2.3662
0.7814 2.2130
0.7724 2.0932
0.7645 2.0098
0.7584 1.9607
0.7543 1.9402
0.7523 1.9399
0.7519 1.9502
0.7524 1.9618
0.7532 1.9661
0.7536 1.9569
0.7530 1.9301
0.7512 1.8839
0.7478 1.8189
0.7426 1.7376
0.7357 1.6445
0.7270 1.5448
0.7169 1.4447
0.7057 1.3499
0.6939 1.2648
0.6822 1.1923
0.6713 1.1333
0.6617 1.0876
0.6538 1.0582
0.6525 1.1612
0.6749 1.5933
0.7169 2.2246
0.7609 2.9070
0.7968 3.5602
0.8224 4.1458
0.8394 4.6445
0.8504 5.0385
0.8572 5.2953
0.8609 5.3700
0.8621 5.2424
0.8606 4.9460
0.8567 4.5473
0.8504 4.1090
0.8421 3.6736
0.8319 3.2671
0.8202 2.9018
0.8072 2.5817
0.7932 2.3089
0.7788 2.0875
0.7649 1.9189
0.7524 1.7991
0.7421 1.7194
0.7345 1.6704
0.7294 1.6449
0.7265 1.6365
0.7254 1.6392
0.7256 1.6483
0.7264 1.6593
0.7275 1.6683
0.7284 1.6732
0.7294 1.6981
0.7338 1.8481
0.7470 2.2063
0.7684 2.7197
0.7924 3.2869
0.8138 3.8263
0.8305 4.2832
0.8421 4.6141
0.8495 4.7976
0.8533 4.8431
0.8545 4.7808
0.8538 4.6439
0.8517 4.4587
0.8485 4.2440
0.8443 4.0163
0.8395 3.7912
0.8343 3.5819
0.8288 3.3966
0.8234 3.2387
0.8183 3.1069
0.8137 2.9960
0.8095 2.8979
0.8055 2.8033
0.8015 2.7042
0.7972 2.5961
0.7923 2.4895
0.7876 2.4268
0.7859 2.5778
0.7936 3.0983
0.8100 3.8363
0.8291 4.6404
0.8463 5.4489
0.8602 6.3357
0.8714 7.3548
0.8806 8.4039
0.8877 9.3378
0.8930 10.1736
0.8971 11.0312
0.9004 11.7769
0.9029 12.2960
0.9045 12.5695
0.9055 12.6582
0.9059 12.6385
0.9059 12.5300
0.9057 12.3019
0.9051 11.9163
0.9041 11.5414
0.9044 14.0182
0.9096 21.1480
0.9167 28.5386
0.9226 34.2606
0.9264 38.3387
0.9287 40.9594
0.9298 42.0541
0.9302 41.5843
0.9302 41.3902
0.9302 41.5563
0.9301 40.5432
0.9299 39.0220
0.9295 37.6106
0.9291 36.4549
0.9287 35.2647
0.9282 33.5864
0.9276 31.0677
0.9266 27.7762
0.9250 24.1689
0.9228 20.6850
0.9198 17.5483
0.9162 14.8311
0.9118 12.5416
0.9067 10.6542
0.9009 9.1830
0.8955 8.8898
0.8950 11.1107
0.9001 14.1722
0.9067 16.7696
0.9121 18.6810
0.9157 19.8785
0.9178 20.2724
0.9186 19.7184
0.9182 18.2057
0.9166 16.0341
0.9136 13.6708
0.9093 11.4673
0.9036 9.5749
0.8966 8.0120
0.8884 6.7426
0.8791 5.7297
0.8689 4.9410
0.8583 4.3366
0.8477 3.8767
0.8375 3.5274
0.8281 3.2620
0.8197 3.0594
0.8124 2.9025
0.8061 2.7764
0.8007 2.6713
0.7959 2.5812
0.7916 2.5027
0.7877 2.4342
0.7841 2.3750
0.7808 2.3241
0.7779 2.2795
0.7752 2.2371
0.7726 2.1929
0.7704 2.2035
0.7742 2.5278
0.7888 3.1331
0.8091 3.8556
0.8293 4.5957
0.8460 5.3004
0.8586 5.9396
0.8676 6.4890
0.8739 6.9155
0.8780 7.1676
0.8803 7.1933
0.8807 6.9834
0.8794 6.5880
0.8763 6.0832
0.8717 5.5636
0.8664 5.2418
0.8625 5.2194
0.8612 5.3810
0.8623 5.6197
0.8647 5.8751
0.8676 6.1120
0.8703 6.3025
0.8724 6.4148
0.8737 6.4212
0.8740 6.3211
0.8733 6.1513
0.8719 5.9794
0.8703 5.8539
0.8688 5.7886
0.8679 5.7728
0.8675 5.7823
0.8674 5.7861
0.8674 5.7539
0.8670 5.6631
0.8660 5.5082
0.8643 5.3021
0.8617 5.0643
0.8585 4.8131
0.8547 4.5679
0.8507 4.3690
0.8471 4.2519
0.8446 4.2211
0.8438 4.3187
0.8458 4.6985
0.8517 5.3485
0.8600 6.1195
0.8687 6.9208
0.8768 7.8336
0.8840 8.8386
0.8901 9.8097
0.8951 10.7705
0.8996 12.4083
0.9052 16.4304
0.9121 22.0170
0.9185 28.5520
0.9235 34.4326
0.9268 38.5296
0.9288 40.5113
0.9296 40.1757
0.9297 37.4856
0.9291 33.8275
0.9281 32.1267
0.9273 31.5643
0.9268 30.9160
0.9264 30.1276
0.9261 29.2172
0.9256 28.0693
0.9250 26.4487
0.9240 24.1704
0.9225 21.4455
0.9204 18.7310
0.9177 16.3519
0.9144 14.4145
0.9110 12.8810
0.9074 11.6665
0.9041 10.9416
0.9026 12.1888
0.9051 15.1952
0.9098 17.9564
0.9142 19.9458
0.9173 21.1679
0.9192 21.6235
0.9200 21.2204
0.9198 19.8735
0.9185 17.7270
0.9161 15.1975
0.9123 12.7221
0.9071 10.5544
0.9006 8.7696
0.8928 7.3466
0.8840 6.2296
0.8744 5.3580
0.8642 4.6767
0.8538 4.1391
0.8434 3.7070
0.8330 3.3505
0.8227 3.0478
0.8123 2.7839
0.8017 2.5489
0.7909 2.3379
0.7797 2.1517
0.7684 1.9940
0.7575 1.8672
0.7477 1.7714
0.7393 1.7042
0.7330 1.6629
0.7287 1.6442
0.7267 1.6547
0.7296 1.8066
0.7442 2.2358
0.7691 2.8458
0.7963 3.5042
0.8196 4.1323
0.8376 4.7786
0.8519 5.6161
0.8638 6.5397
0.8735 7.3729
0.8808 8.0033
0.8856 8.3900
0.8885 8.5491
0.8898 8.5187
0.8898 8.3214
0.8888 7.9550
0.8867 7.4215
0.8832 6.7587
0.8781 6.0314
0.8713 5.3044
0.8629 4.6382
0.8530 4.0806
0.8423 3.6461
0.8318 3.3256
0.8223 3.0999
0.8143 2.9466
0.8081 2.8435
0.8035 2.7698
0.8000 2.7080
0.7971 2.6466
0.7943 2.5822
0.7914 2.5158
0.7882 2.4539
0.7854 2.4221
0.7839 2.4427
0.7846 2.5108
0.7874 2.6073
0.7915 2.7123
0.7962 2.8114
0.8005 2.8942
0.8041 2.9542
0.8069 3.0271
0.8110 3.2851
0.8192 3.7560
0.8303 4.3111
0.8419 4.8532
0.8520 5.3325
0.8599 5.7261
0.8656 6.0213
0.8694 6.2039
0.8716 6.2516
0.8723 6.1433
0.8714 5.8833
0.8689 5.5084
0.8647 5.0703
0.8590 4.6148
0.8519 4.1729
0.8435 3.7610
0.8341 3.3853
0.8237 3.0495
0.8129 2.8068
0.8051 2.8403
0.8056 3.1736
0.8142 3.6811
0.8269 4.2547
0.8399 4.8254
0.8512 5.3495
0.8600 5.7999
0.8664 6.1595
0.8708 6.3984
0.8735 6.4882
0.8748 6.5714
0.8778 8.0679
0.8872 11.6712
0.8987 15.1994
0.9079 17.8926
0.9140 19.6822
0.9175 21.4091
0.9201 24.9017
0.9224 27.7530
0.9241 28.9602
0.9251 29.0520
0.9254 28.5750
0.9253 27.7932
0.9249 26.6928
0.9242 25.0798
0.9232 22.8219
0.9215 20.0815
0.9190 17.2437
0.9157 14.6141
0.9114 12.3716
0.9063 10.6037
0.9009 9.4183
0.8960 8.7568
0.8924 8.4341
0.8901 8.3173
0.8890 8.3453
0.8893 9.1285
0.8945 12.7895
0.9033 17.1100
0.9114 20.4047
0.9169 22.6451
0.9202 24.0120
0.9219 24.5884
0.9226 24.3071
0.9225 23.0498
0.9216 20.9269
0.9198 18.3731
0.9171 15.8497
0.9136 13.6050
0.9092 11.6982
0.9043 10.0966
0.8986 8.7488
0.8924 7.6126
0.8855 6.6642
0.8781 5.8862
0.8703 5.2575
0.8625 4.8102
0.8564 4.7116
0.8541 4.9328
0.8559 5.3153
0.8602 5.7449
0.8653 6.1537
0.8701 6.4991
0.8739 6.7437
0.8765 6.8437
0.8776 6.7658
0.8773 6.5242
0.8755 6.1712
0.8723 5.7654
0.8681 5.3532
0.8631 4.9636
0.8575 4.6112
0.8518 4.3042
0.8460 4.0596
0.8409 3.8942
0.8370 3.8199
0.8349 3.8446
0.8349 3.9503
0.8368 4.1010
0.8397 4.2568
0.8429 4.3827
0.8455 4.4535
0.8471 4.4555
0.8474 4.3835
0.8463 4.2395
0.8437 4.0332
0.8396 3.7805
0.8338 3.5010
0.8266 3.2192
0.8185 3.0111
0.8125 3.0425
0.8129 3.3325
0.8197 3.7700
0.8300 4.2545
0.8407 4.7189
0.8499 5.1171
0.8569 5.4099
0.8617 5.5603
0.8641 5.5414
0.8643 5.3558
0.8623 5.0484
0.8584 4.6874
0.8530 4.3280
0.8466 4.0116
0.8401 3.7633
0.8341 3.5872
0.8291 3.4720
0.8254 3.3980
0.8228 3.3449
0.8210 3.3061
0.8197 3.2824
0.8189 3.2659
0.8183 3.2473
0.8176 3.2215
0.8168 3.1894
0.8159 3.1556
0.8148 3.1238
0.8137 3.0959
0.8127 3.0700
0.8117 3.0414
0.8106 3.0056
0.8093 2.9606
0.8076 2.9059
0.8056 2.8412
0.8030 2.7657
0.7999 2.6786
0.7961 2.5795
