-0.3120 -0.046998
-0.3180 -0.068262
-0.3249 -0.065701
-0.3312 -0.063316
-0.3373 -0.061039
-0.3430 -0.058893
-0.3482 -0.056928
-0.3529 -0.055191
-0.3568 -0.053709
-0.3601 -0.052492
-0.3626 -0.051532
-0.3645 -0.050816
-0.3658 -0.050324
-0.3666 -0.050035
-0.3669 -0.049928
-0.3667 -0.049988
-0.3661 -0.050202
-0.3650 -0.048460
-0.3631 -0.046695
-0.3603 -0.043527
-0.3565 -0.040301
-0.3518 -0.037811
-0.3463 -0.035585
-0.3400 -0.030950
-0.3326 -0.027044
-0.3243 -0.023701
-0.3154 -0.020799
-0.3060 -0.018251
-0.2964 -0.015994
-0.2869 -0.013984
-0.2776 -0.012188
-0.2687 -0.010585
-0.2604 -0.009159
-0.2525 -0.007900
-0.2451 -0.006795
-0.2380 -0.005833
-0.2311 -0.005000
-0.2242 -0.004283
-0.2171 -0.003669
-0.2098 -0.003143
-0.2020 -0.002695
-0.1937 -0.002314
-0.1846 -0.001989
-0.1747 -0.001714
-0.1636 -0.001480
-0.1509 -0.001282
-0.1360 -0.001117
-0.1175 -0.000980
-0.0933 -0.000870
-0.0593 -0.000787
-0.0076 -0.000734
0.0687 -0.000708
0.1556 -0.000682
0.2250 -0.000630
0.2680 -0.000558
0.2877 -0.000478
0.2902 -0.000400
0.2815 -0.000331
0.2660 -0.000271
0.2472 -0.000221
0.2270 -0.000179
0.2066 -0.000145
0.1866 -0.000118
0.1671 -0.000096
0.1481 -0.000078
0.1295 -0.000063
0.1108 -0.000051
0.0915 -0.000041
0.0708 -0.000033
0.0476 -0.000027
0.0197 -0.000021
-0.0165 -0.000016
-0.0660 -0.000012
-0.1307 -0.000009
-0.2017 -0.000006
-0.2659 -0.000004
-0.3172 -0.000003
-0.3559 -0.000002
-0.3840 -0.000001
-0.4036 -0.000001
-0.4167 -0.000001
-0.4246 -0.000000
-0.4285 -0.000000
-0.4293 -0.000000
-0.4275 -0.000000
-0.4237 -0.000000
-0.4181 -0.000000
-0.4112 -0.000000
-0.4033 -0.000000
-0.3950 -0.000000
-0.3866 -0.000000
-0.3786 -0.000000
-0.3710 -0.000000
-0.3641 -0.000000
-0.3577 -0.000000
-0.3518 -0.000000
-0.3463 -0.000000
-0.3410 -0.000000
-0.3372 -0.020354
-0.3399 -0.060045
-0.3448 -0.058223
-0.3482 -0.056939
-0.3510 -0.055882
-0.3541 -0.054718
-0.3578 -0.053328
-0.3619 -0.051786
-0.3661 -0.050240
-0.3699 -0.048819
-0.3731 -0.047603
-0.3757 -0.046629
-0.3776 -0.045902
-0.3789 -0.045409
-0.3797 -0.045132
-0.3799 -0.045053
-0.3796 -0.045157
-0.3789 -0.045426
-0.3777 -0.045840
-0.3762 -0.044589
-0.3737 -0.039827
-0.3699 -0.034264
-0.3650 -0.029683
-0.3595 -0.025815
-0.3534 -0.022488
-0.3470 -0.019595
-0.3405 -0.017065
-0.3338 -0.014847
-0.3271 -0.012903
-0.3203 -0.011200
-0.3134 -0.009711
-0.3065 -0.008410
-0.2996 -0.007276
-0.2926 -0.006288
-0.2856 -0.005429
-0.2785 -0.004683
-0.2714 -0.004037
-0.2642 -0.003477
-0.2569 -0.002994
-0.2495 -0.002577
-0.2418 -0.002218
-0.2339 -0.001909
-0.2256 -0.001644
-0.2170 -0.001416
-0.2079 -0.001221
-0.1982 -0.001053
-0.1878 -0.000910
-0.1766 -0.000787
-0.1642 -0.000682
-0.1502 -0.000594
-0.1338 -0.000519
-0.1135 -0.000457
-0.0867 -0.000408
-0.0483 -0.000373
0.0100 -0.000351
0.0918 -0.000340
0.1756 -0.000325
0.2370 -0.000296
0.2723 -0.000259
0.2865 -0.000220
0.2858 -0.000184
0.2756 -0.000152
0.2598 -0.000124
0.2412 -0.000101
0.2215 -0.000082
0.2017 -0.000067
0.1822 -0.000054
0.1632 -0.000044
0.1446 -0.000036
0.1263 -0.000029
0.1078 -0.000023
0.0887 -0.000019
0.0682 -0.000015
0.0450 -0.000012
0.0172 -0.000010
-0.0189 -0.000008
-0.0680 -0.000006
-0.1318 -0.000004
-0.2016 -0.000003
-0.2646 -0.000002
-0.3152 -0.000001
-0.3535 -0.000001
-0.3815 -0.000001
-0.4014 -0.000000
-0.4149 -0.000000
-0.4235 -0.000000
-0.4283 -0.000000
-0.4302 -0.000000
-0.4299 -0.000000
-0.4295 -0.008812
-0.4277 -0.009034
-0.4249 -0.009388
-0.4213 -0.009838
-0.4172 -0.010344
-0.4130 -0.010866
-0.4090 -0.011372
-0.4052 -0.011847
-0.4016 -0.012290
-0.3983 -0.012708
-0.3951 -0.013115
-0.3918 -0.013525
-0.3883 -0.013953
-0.3846 -0.014414
-0.3806 -0.014920
-0.3761 -0.015481
-0.3711 -0.016106
-0.3666 -0.033342
-0.3634 -0.034134
-0.3593 -0.035165
-0.3540 -0.033317
-0.3480 -0.031978
-0.3420 -0.030905
-0.3366 -0.029964
-0.3320 -0.029108
-0.3282 -0.028330
-0.3256 -0.049372
-0.3270 -0.047968
-0.3291 -0.067978
-0.3341 -0.065336
-0.3382 -0.063175
-0.3417 -0.061403
-0.3446 -0.059914
-0.3473 -0.058615
-0.3497 -0.057457
-0.3519 -0.056429
-0.3538 -0.055537
-0.3555 -0.054790
-0.3568 -0.053903
-0.3574 -0.050688
-0.3573 -0.048252
-0.3565 -0.046432
-0.3551 -0.045111
-0.3532 -0.044205
-0.3509 -0.043653
-0.3481 -0.043399
-0.3449 -0.042809
-0.3409 -0.038068
-0.3357 -0.032832
-0.3295 -0.028446
-0.3227 -0.024702
-0.3156 -0.021461
-0.3083 -0.018631
-0.3011 -0.016148
-0.2939 -0.013969
-0.2869 -0.012061
-0.2801 -0.010396
-0.2734 -0.008946
-0.2668 -0.007689
-0.2602 -0.006602
-0.2537 -0.005664
-0.2472 -0.004855
-0.2407 -0.004159
-0.2341 -0.003561
-0.2275 -0.003048
-0.2208 -0.002608
-0.2139 -0.002232
-0.2068 -0.001910
-0.1994 -0.001635
-0.1918 -0.001400
-0.1838 -0.001200
-0.1755 -0.001028
-0.1667 -0.000882
-0.1571 -0.000758
-0.1464 -0.000653
-0.1341 -0.000564
-0.1194 -0.000490
-0.1006 -0.000429
-0.0753 -0.000381
-0.0383 -0.000346
0.0179 -0.000324
0.0952 -0.000311
0.1730 -0.000294
0.2304 -0.000266
0.2638 -0.000233
0.2775 -0.000198
0.2771 -0.000165
0.2674 -0.000136
0.2524 -0.000111
0.2345 -0.000091
0.2154 -0.000074
0.1961 -0.000060
0.1770 -0.000049
0.1582 -0.000040
0.1398 -0.000032
0.1215 -0.000026
0.1030 -0.000021
0.0795 -0.072503
0.0436 -0.068012
0.0013 -0.062733
-0.0540 -0.055832
-0.1262 -0.046833
-0.2049 -0.036990
-0.2744 -0.028281
-0.3288 -0.021463
-0.3691 -0.016407
-0.3982 -0.012762
-0.4187 -0.010190
-0.4327 -0.008424
-0.4420 -0.007265
-0.4475 -0.006564
-0.4503 -0.006216
-0.4509 -0.006142
-0.4497 -0.006285
-0.4471 -0.006603
-0.4435 -0.007063
-0.4388 -0.007641
-0.4334 -0.008318
-0.4273 -0.008044
-0.4203 -0.007289
-0.4126 -0.006607
-0.4044 -0.005978
-0.3957 -0.005391
-0.3867 -0.004842
-0.3774 -0.004330
-0.3681 -0.003855
-0.3585 -0.003417
-0.3489 -0.003019
-0.3391 -0.002658
-0.3316 -0.023341
-0.3251 -0.023825
-0.3192 -0.046883
-0.3162 -0.047372
-0.3150 -0.070564
-0.3176 -0.069391
-0.3211 -0.067893
-0.3256 -0.066045
-0.3309 -0.063944
-0.3365 -0.061726
-0.3422 -0.059531
-0.3475 -0.057480
-0.3522 -0.055657
-0.3562 -0.054108
-0.3595 -0.052850
-0.3619 -0.051887
-0.3637 -0.050322
-0.3643 -0.047421
-0.3639 -0.045321
-0.3627 -0.043839
-0.3607 -0.040981
-0.3577 -0.037887
-0.3540 -0.035490
-0.3496 -0.033627
-0.3447 -0.030752
-0.3389 -0.026634
-0.3324 -0.023143
-0.3252 -0.020150
-0.3176 -0.017565
-0.3095 -0.015321
-0.3009 -0.013368
-0.2920 -0.011666
-0.2826 -0.010180
-0.2730 -0.008881
-0.2630 -0.007740
-0.2531 -0.006736
-0.2433 -0.005849
-0.2338 -0.005064
-0.2248 -0.004373
-0.2161 -0.003767
-0.2079 -0.003238
-0.1998 -0.002778
-0.1920 -0.002381
-0.1841 -0.002040
-0.1760 -0.001747
-0.1675 -0.001497
-0.1583 -0.001285
-0.1481 -0.001105
-0.1364 -0.000953
-0.1225 -0.000827
-0.1052 -0.000722
-0.0822 -0.000638
-0.0495 -0.000574
-0.0001 -0.000532
0.0713 -0.000508
0.1509 -0.000483
0.2147 -0.000443
0.2546 -0.000391
0.2735 -0.000335
0.2769 -0.000281
0.2698 -0.000232
0.2563 -0.000191
0.2262 -0.090966
0.1969 -0.087271
0.1707 -0.083965
0.1465 -0.080923
0.1235 -0.078031
0.1007 -0.075170
0.0770 -0.072195
0.0507 -0.068902
0.0191 -0.064963
-0.0220 -0.059834
-0.0783 -0.052812
-0.1497 -0.043894
-0.2235 -0.034661
-0.2867 -0.026735
-0.3357 -0.020589
-0.3718 -0.016062
-0.3975 -0.012843
-0.4150 -0.010639
-0.4264 -0.009217
-0.4329 -0.008396
-0.4356 -0.007248
-0.4353 -0.006024
-0.4324 -0.005198
-0.4276 -0.004602
-0.4212 -0.004140
-0.4136 -0.003756
-0.4049 -0.003417
-0.3955 -0.003106
-0.3854 -0.002814
-0.3750 -0.002539
-0.3644 -0.002278
-0.3536 -0.002033
-0.3428 -0.001806
-0.3320 -0.001596
-0.3211 -0.001404
-0.3105 -0.001230
-0.3004 -0.001071
-0.2944 -0.026612
-0.2917 -0.026803
-0.2903 -0.026851
-0.2903 -0.026734
-0.2921 -0.026427
-0.2953 -0.025946
-0.2995 -0.025348
-0.3043 -0.024700
-0.3090 -0.024060
-0.3135 -0.023466
-0.3175 -0.022943
-0.3208 -0.022504
-0.3234 -0.022154
-0.3254 -0.021892
-0.3267 -0.021718
-0.3273 -0.021628
-0.3273 -0.021619
-0.3267 -0.021687
-0.3256 -0.021826
-0.3239 -0.021912
-0.3214 -0.018560
-0.3179 -0.015804
-0.3136 -0.013506
-0.3089 -0.011566
-0.3038 -0.009913
-0.2987 -0.008498
-0.2934 -0.007281
-0.2882 -0.006233
-0.2831 -0.005333
-0.2779 -0.004559
-0.2728 -0.003895
-0.2676 -0.003328
-0.2623 -0.002843
-0.2568 -0.002429
-0.2511 -0.002076
-0.2451 -0.001775
-0.2388 -0.001519
-0.2321 -0.001302
-0.2249 -0.001116
-0.2173 -0.000958
-0.2092 -0.000823
-0.2007 -0.000707
-0.1915 -0.000609
-0.1817 -0.000524
-0.1710 -0.000453
-0.1590 -0.000392
-0.1452 -0.000341
-0.1287 -0.000298
-0.1083 -0.000262
-0.0811 -0.000234
-0.0421 -0.000214
0.0169 -0.000201
0.0978 -0.000194
0.1783 -0.000184
0.2366 -0.000167
0.2697 -0.000146
0.2825 -0.000124
0.2809 -0.000103
0.2702 -0.000085
0.2541 -0.000070
0.2355 -0.000057
0.2158 -0.000046
0.1961 -0.000037
0.1768 -0.000030
0.1580 -0.000025
0.1396 -0.000020
0.1214 -0.000016
0.1032 -0.000013
0.0844 -0.000011
0.0643 -0.000009
0.0418 -0.000007
0.0151 -0.000005
-0.0188 -0.000004
-0.0641 -0.000003
-0.1223 -0.000002
-0.1864 -0.000002
-0.2449 -0.000001
-0.2915 -0.000001
-0.3258 -0.000001
-0.3492 -0.000000
-0.3639 -0.000000
-0.3717 -0.000000
-0.3743 -0.000000
-0.3733 -0.000000
-0.3706 -0.000000
-0.3673 -0.000000
-0.3643 -0.000000
-0.3621 -0.000000
-0.3607 -0.000000
-0.3625 -0.017192
-0.3646 -0.016925
-0.3664 -0.016705
-0.3681 -0.016492
-0.3701 -0.016240
-0.3724 -0.015952
-0.3748 -0.015657
-0.3769 -0.015390
-0.3787 -0.015164
-0.3801 -0.014986
-0.3811 -0.014860
-0.3817 -0.014791
-0.3818 -0.014781
-0.3813 -0.014833
-0.3804 -0.014948
-0.3790 -0.015125
-0.3771 -0.015363
-0.3747 -0.015662
-0.3718 -0.016021
-0.3684 -0.016440
-0.3646 -0.016919
-0.3601 -0.015323
-0.3547 -0.013292
-0.3485 -0.011576
-0.3416 -0.010104
-0.3344 -0.008823
-0.3271 -0.007696
-0.3198 -0.006699
-0.3127 -0.005814
-0.3060 -0.005030
-0.2996 -0.004338
-0.2938 -0.003729
-0.2883 -0.003197
-0.2832 -0.002734
-0.2784 -0.002334
-0.2738 -0.001990
-0.2693 -0.001694
-0.2651 -0.001441
-0.2611 -0.001224
-0.2574 -0.001038
-0.2539 -0.000879
-0.2506 -0.000744
-0.2475 -0.000629
-0.2444 -0.000532
-0.2413 -0.000450
-0.2382 -0.000380
-0.2350 -0.000321
-0.2317 -0.000272
-0.2282 -0.000230
-0.2245 -0.000195
-0.2207 -0.000165
-0.2173 -0.035484
-0.2219 -0.069667
-0.2317 -0.067191
-0.2410 -0.064850
-0.2496 -0.062684
-0.2577 -0.060652
-0.2656 -0.058662
-0.2736 -0.056657
-0.2816 -0.054644
-0.2895 -0.052665
-0.2970 -0.050775
-0.3040 -0.049022
-0.3103 -0.047440
-0.3159 -0.046052
-0.3206 -0.044870
-0.3245 -0.043901
-0.3275 -0.043148
-0.3296 -0.042610
-0.3309 -0.042287
-0.3313 -0.042175
-0.3309 -0.042269
-0.3292 -0.036287
-0.3257 -0.030771
-0.3208 -0.026281
-0.3150 -0.022548
-0.3086 -0.019391
-0.3017 -0.016691
-0.2946 -0.014366
-0.2874 -0.012357
-0.2802 -0.010620
-0.2729 -0.009120
-0.2654 -0.007828
-0.2578 -0.006717
-0.2499 -0.005766
-0.2415 -0.004953
-0.2325 -0.004261
-0.2226 -0.003673
-0.2116 -0.003173
-0.1996 -0.002748
-0.1863 -0.002385
-0.1717 -0.002075
-0.1554 -0.001811
-0.1367 -0.001587
-0.1203 -0.048824
-0.1052 -0.050521
-0.0865 -0.052703
-0.0618 -0.055659
-0.0273 -0.059852
0.0217 -0.065890
0.0849 -0.073729
0.1478 -0.081546
0.1948 -0.087379
0.2223 -0.090765
0.2335 -0.092103
0.2329 -0.091963
0.2244 -0.090849
0.2111 -0.089143
0.1952 -0.087106
0.1778 -0.084903
0.1598 -0.082627
0.1415 -0.080318
0.1239 -0.067493
0.1077 -0.054907
0.0922 -0.044687
0.0766 -0.036332
0.0598 -0.029461
0.0408 -0.023770
0.0177 -0.019007
-0.0123 -0.014955
-0.0536 -0.011436
-0.1095 -0.008360
-0.1755 -0.005803
-0.2399 -0.003885
-0.2944 -0.002566
-0.3369 -0.001699
-0.3688 -0.001141
-0.3920 -0.000784
-0.4083 -0.000556
-0.4191 -0.000409
-0.4257 -0.000314
-0.4289 -0.000251
-0.4295 -0.000208
-0.4280 -0.000177
-0.4250 -0.000154
-0.4210 -0.000135
-0.4164 -0.000120
-0.4113 -0.000106
-0.4060 -0.000094
-0.4005 -0.000083
-0.3950 -0.000073
-0.3896 -0.000064
-0.3842 -0.000056
-0.3789 -0.000049
-0.3737 -0.000043
-0.3685 -0.000037
-0.3632 -0.000032
-0.3598 -0.017554
-0.3574 -0.017842
-0.3546 -0.018194
-0.3512 -0.018613
-0.3474 -0.019089
-0.3433 -0.019592
-0.3393 -0.020088
-0.3357 -0.020546
-0.3324 -0.020953
-0.3296 -0.021307
-0.3271 -0.021616
-0.3249 -0.021895
-0.3227 -0.022160
-0.3206 -0.022431
-0.3220 -0.044504
-0.3231 -0.044230
-0.3233 -0.044176
-0.3227 -0.044325
-0.3216 -0.044593
-0.3205 -0.044878
-0.3195 -0.043947
-0.3184 -0.040503
-0.3170 -0.037707
-0.3155 -0.035425
-0.3139 -0.033561
-0.3124 -0.032045
-0.3107 -0.030822
-0.3090 -0.029851
-0.3071 -0.029099
-0.3050 -0.028543
-0.3026 -0.028162
-0.2999 -0.027938
-0.2968 -0.027852
-0.2934 -0.027889
-0.2896 -0.028033
-0.2853 -0.025203
-0.2800 -0.021559
-0.2737 -0.018509
-0.2666 -0.015933
-0.2588 -0.013741
-0.2505 -0.011862
-0.2471 -0.041654
-0.2448 -0.040353
-0.2429 -0.039242
-0.2419 -0.038214
-0.2423 -0.037184
-0.2440 -0.036120
-0.2470 -0.035033
-0.2508 -0.033952
-0.2551 -0.032906
-0.2597 -0.031915
-0.2644 -0.030995
-0.2689 -0.030154
-0.2731 -0.029397
-0.2770 -0.028729
-0.2804 -0.028152
-0.2833 -0.027667
-0.2856 -0.027276
-0.2873 -0.026976
-0.2885 -0.026767
-0.2890 -0.026645
-0.2889 -0.025767
-0.2877 -0.021641
-0.2852 -0.018284
-0.2816 -0.015525
-0.2770 -0.013237
-0.2715 -0.011328
-0.2651 -0.009726
-0.2578 -0.008374
-0.2497 -0.007227
-0.2409 -0.006247
-0.2316 -0.005404
-0.2221 -0.004675
-0.2123 -0.004041
-0.2025 -0.003489
-0.1927 -0.003010
-0.1827 -0.002596
-0.1724 -0.002238
-0.1615 -0.001932
-0.1494 -0.001671
-0.1355 -0.001450
-0.1186 -0.001267
-0.0968 -0.001119
-0.0664 -0.001005
-0.0207 -0.000927
0.0487 -0.000886
0.1345 -0.000856
0.2089 -0.000799
0.2577 -0.000713
0.2822 -0.000615
0.2881 -0.000518
0.2813 -0.000429
0.2669 -0.000351
0.2485 -0.000286
0.2284 -0.000233
0.2080 -0.000189
0.1878 -0.000153
0.1682 -0.000124
0.1491 -0.000101
0.1303 -0.000082
0.1115 -0.000066
0.0794 -0.072521
0.0437 -0.068053
0.0014 -0.062772
-0.0542 -0.055834
-0.1269 -0.046754
-0.2063 -0.036821
-0.2763 -0.028054
-0.3308 -0.021214
-0.3710 -0.016168
-0.3998 -0.012555
-0.4199 -0.010035
-0.4334 -0.008336
-0.4420 -0.007257
-0.4468 -0.006649
-0.4488 -0.006406
-0.4484 -0.006453
-0.4461 -0.006733
-0.4423 -0.007205
-0.4373 -0.007835
-0.4312 -0.008589
-0.4245 -0.009046
-0.4171 -0.008211
-0.4094 -0.007416
-0.4020 -0.006638
-0.3950 -0.005879
-0.3887 -0.005155
-0.3829 -0.004482
-0.3777 -0.003871
-0.3728 -0.003329
-0.3681 -0.002854
-0.3635 -0.002442
-0.3588 -0.002089
-0.3539 -0.001787
-0.3488 -0.001529
-0.3434 -0.001310
-0.3377 -0.021406
-0.3357 -0.021479
-0.3332 -0.021639
-0.3305 -0.021848
-0.3280 -0.022059
-0.3259 -0.022224
-0.3245 -0.022325
-0.3236 -0.022367
-0.3232 -0.022369
-0.3230 -0.022350
-0.3228 -0.022327
-0.3227 -0.022310
-0.3225 -0.022307
-0.3222 -0.022324
-0.3218 -0.022366
-0.3211 -0.022437
-0.3201 -0.022541
-0.3189 -0.022683
-0.3174 -0.022867
-0.3155 -0.023095
-0.3132 -0.023372
-0.3106 -0.023362
-0.3070 -0.019875
-0.3024 -0.016995
-0.2968 -0.014593
-0.2904 -0.012570
-0.2833 -0.010854
-0.2755 -0.009391
-0.2670 -0.008139
-0.2579 -0.007063
-0.2481 -0.006135
-0.2379 -0.005332
-0.2273 -0.004633
-0.2164 -0.004024
-0.2051 -0.003494
-0.1933 -0.003035
-0.1808 -0.002638
-0.1671 -0.002297
-0.1517 -0.002008
-0.1333 -0.001765
-0.1101 -0.001567
-0.0785 -0.001414
-0.0316 -0.001312
0.0407 -0.001265
0.1334 -0.001237
0.2152 -0.001167
0.2690 -0.001049
0.2959 -0.000907
0.3021 -0.000763
0.2944 -0.000631
0.2787 -0.000517
0.2588 -0.000421
0.2373 -0.000341
0.2158 -0.000277
0.1947 -0.000224
0.1745 -0.000182
0.1550 -0.000148
0.1361 -0.000120
0.1174 -0.000097
0.0986 -0.000079
0.0789 -0.000063
0.0575 -0.000051
0.0329 -0.000041
0.0026 -0.000032
-0.0375 -0.000025
-0.0915 -0.000018
-0.1571 -0.000013
-0.2229 -0.000009
-0.2786 -0.000006
-0.3213 -0.000004
-0.3521 -0.000003
-0.3729 -0.000002
-0.3859 -0.000001
-0.3926 -0.000001
-0.3943 -0.000001
-0.3920 -0.000001
-0.3865 -0.000001
-0.3785 -0.000001
-0.3693 -0.000001
-0.3605 -0.000000
-0.3531 -0.000000
-0.3480 -0.000000
-0.3451 -0.000000
-0.3443 -0.000000
-0.3452 -0.019352
-0.3502 -0.018735
-0.3549 -0.018148
-0.3590 -0.017627
-0.3626 -0.017173
-0.3658 -0.016774
-0.3686 -0.016430
-0.3708 -0.016154
-0.3724 -0.015953
-0.3734 -0.015830
-0.3737 -0.015784
-0.3735 -0.015807
-0.3729 -0.015893
-0.3717 -0.016036
-0.3701 -0.016236
-0.3681 -0.016490
-0.3656 -0.016795
-0.3628 -0.017144
-0.3598 -0.016876
-0.3562 -0.014455
-0.3521 -0.012415
-0.3477 -0.010675
-0.3432 -0.009178
-0.3387 -0.007885
-0.3342 -0.006768
-0.3298 -0.005804
-0.3254 -0.004973
-0.3210 -0.004257
-0.3166 -0.003641
-0.3123 -0.003113
-0.3097 -0.026419
-0.3099 -0.025968
-0.3097 -0.025628
-0.3093 -0.025378
-0.3087 -0.025197
-0.3081 -0.025066
-0.3075 -0.024971
-0.3069 -0.024898
-0.3063 -0.024841
-0.3059 -0.024797
-0.3054 -0.024767
-0.3050 -0.024753
-0.3044 -0.024758
-0.3038 -0.024787
-0.3030 -0.024844
-0.3020 -0.024934
-0.3007 -0.025063
-0.2992 -0.025234
-0.2972 -0.025454
-0.2949 -0.025726
-0.2921 -0.025520
-0.2883 -0.021486
-0.2832 -0.018193
-0.2769 -0.015478
-0.2695 -0.013224
-0.2610 -0.011339
-0.2512 -0.009756
-0.2403 -0.008421
-0.2280 -0.007293
-0.2140 -0.006340
-0.1979 -0.005536
-0.1792 -0.004862
-0.1565 -0.004304
-0.1277 -0.003856
-0.0885 -0.003523
-0.0295 -0.003329
0.0625 -0.003290
0.1683 -0.086666
0.2406 -0.095466
0.2813 -0.100220
0.2950 -0.101548
0.2898 -0.100528
0.2734 -0.098152
0.2516 -0.095138
0.2277 -0.091927
0.2038 -0.088750
0.1806 -0.085699
0.1582 -0.082785
0.1366 -0.079977
0.1151 -0.077213
0.0931 -0.074404
0.0696 -0.071422
0.0430 -0.068062
0.0106 -0.063983
-0.0322 -0.058624
-0.0903 -0.051363
-0.1612 -0.042481
-0.2313 -0.029705
-0.2891 -0.019470
-0.3327 -0.012896
-0.3640 -0.008756
-0.3853 -0.006162
-0.3990 -0.004532
-0.4067 -0.003493
-0.4100 -0.002814
-0.4099 -0.002351
-0.4074 -0.002017
-0.4032 -0.001761
-0.3978 -0.001552
-0.3917 -0.001374
-0.3852 -0.001216
-0.3785 -0.001075
-0.3718 -0.000947
-0.3651 -0.000833
-0.3585 -0.000729
-0.3519 -0.000638
-0.3452 -0.000556
-0.3384 -0.000485
-0.3312 -0.000423
-0.3237 -0.000369
-0.3158 -0.000322
-0.3074 -0.000281
-0.2986 -0.000246
-0.2893 -0.000215
-0.2795 -0.000188
-0.2695 -0.000164
-0.2593 -0.000143
-0.2492 -0.000124
-0.2395 -0.000108
-0.2303 -0.000093
-0.2226 -0.034750
-0.2216 -0.034862
-0.2214 -0.034885
-0.2219 -0.034813
-0.2237 -0.034579
-0.2274 -0.034115
-0.2329 -0.033423
-0.2398 -0.032550
-0.2477 -0.031562
-0.2560 -0.030518
