0.0144 -0.014466
0.1342 -0.014893
0.2445 -0.014611
0.3165 -0.013390
0.3513 -0.011663
0.3580 -0.009819
0.3465 -0.008091
0.3251 -0.006586
0.2992 -0.005328
0.2724 -0.004300
0.2464 -0.003470
0.2220 -0.002803
0.1992 -0.002267
0.1780 -0.001836
0.1581 -0.001488
0.1392 -0.001207
0.1209 -0.000979
0.1029 -0.000794
0.0846 -0.000643
0.0653 -0.000519
0.0441 -0.000417
0.0192 -0.000333
-0.0119 -0.000261
-0.0530 -0.000200
-0.1065 -0.000147
-0.1681 -0.000104
-0.2275 -0.000071
-0.2774 -0.000048
-0.3165 -0.000033
-0.3461 -0.000023
-0.3683 -0.000017
-0.3846 -0.000012
-0.3965 -0.000009
-0.4048 -0.000007
-0.4104 -0.000006
-0.4139 -0.000004
-0.4155 -0.000004
-0.4157 -0.000003
-0.4146 -0.000003
-0.4122 -0.000002
-0.4088 -0.000002
-0.4092 -0.045394
-0.4113 -0.044371
-0.4112 -0.044417
-0.4095 -0.045221
-0.4072 -0.046407
-0.4046 -0.047702
-0.4020 -0.048977
-0.3996 -0.050198
-0.3972 -0.051373
-0.3949 -0.052522
-0.3926 -0.053688
-0.3901 -0.054948
-0.3872 -0.056390
-0.3836 -0.053470
-0.3779 -0.046834
-0.3766 -0.101238
-0.3858 -0.144810
-0.3920 -0.132152
-0.3948 -0.124801
-0.3964 -0.119724
-0.3979 -0.115358
-0.3997 -0.111241
-0.4015 -0.107417
-0.4033 -0.104043
-0.4048 -0.101235
-0.4060 -0.099028
-0.4067 -0.097392
-0.4072 -0.096263
-0.4073 -0.095564
-0.4071 -0.095236
-0.4067 -0.095184
-0.4045 -0.081351
-0.3998 -0.071308
-0.3931 -0.063484
-0.3850 -0.057043
-0.3756 -0.051519
-0.3652 -0.046645
-0.3537 -0.042267
-0.3413 -0.038293
-0.3280 -0.034668
-0.3137 -0.031358
-0.2984 -0.028342
-0.2819 -0.025603
-0.2640 -0.023131
-0.2445 -0.020918
-0.2227 -0.018960
-0.1977 -0.017260
-0.1679 -0.015834
-0.1300 -0.014728
-0.0770 -0.014058
0.0067 -0.014056
0.1296 -0.014585
0.2464 -0.014450
0.3235 -0.013324
0.3606 -0.011633
0.3670 -0.009791
0.3539 -0.008054
0.3303 -0.006541
0.3024 -0.005280
0.2740 -0.004253
0.2468 -0.003427
0.2215 -0.002765
0.1982 -0.002234
0.1766 -0.001808
0.1564 -0.001465
0.1373 -0.001188
0.1190 -0.000964
0.1009 -0.000781
0.0826 -0.000633
0.0634 -0.000511
0.0422 -0.000411
0.0172 -0.000327
-0.0143 -0.000257
-0.0565 -0.000196
-0.1121 -0.000143
-0.1764 -0.000100
-0.2384 -0.000067
-0.2905 -0.000045
-0.3312 -0.000030
-0.3618 -0.000021
-0.3842 -0.000014
-0.4000 -0.000010
-0.4109 -0.000008
-0.4179 -0.000006
-0.4218 -0.000005
-0.4233 -0.000004
-0.4231 -0.000003
-0.4214 -0.000003
-0.4185 -0.000002
-0.4204 -0.039802
-0.4223 -0.038879
-0.4224 -0.038807
-0.4214 -0.039316
-0.4197 -0.040136
-0.4178 -0.041096
-0.4157 -0.042128
-0.4135 -0.043218
-0.4112 -0.044365
-0.4089 -0.045559
-0.4064 -0.046778
-0.4040 -0.048009
-0.4014 -0.049272
-0.3987 -0.050621
-0.4024 -0.091420
-0.4044 -0.082588
-0.4037 -0.077414
-0.4009 -0.074692
-0.3964 -0.073714
-0.3906 -0.074050
-0.3835 -0.075429
-0.3753 -0.077677
-0.3754 -0.137467
-0.3745 -0.136316
-0.3713 -0.137969
-0.3677 -0.140265
-0.3653 -0.141447
-0.3648 -0.140895
-0.3660 -0.138759
-0.3716 -0.196546
-0.3843 -0.176505
-0.3936 -0.158389
-0.3995 -0.141183
-0.4030 -0.129479
-0.4051 -0.121160
-0.4063 -0.115083
-0.4070 -0.110619
-0.4070 -0.104890
-0.4057 -0.096533
-0.4031 -0.090721
-0.3996 -0.086615
-0.3957 -0.083705
-0.3914 -0.081662
-0.3869 -0.080265
-0.3824 -0.079368
-0.3778 -0.078884
-0.3732 -0.078781
-0.3683 -0.074898
-0.3617 -0.065687
-0.3532 -0.058201
-0.3431 -0.051906
-0.3317 -0.046477
-0.3191 -0.041710
-0.3053 -0.037473
-0.2904 -0.033681
-0.2744 -0.030270
-0.2572 -0.027193
-0.2389 -0.024415
-0.2193 -0.021911
-0.1982 -0.019670
-0.1747 -0.017694
-0.1476 -0.016002
-0.1140 -0.014631
-0.0679 -0.013670
0.0026 -0.013268
0.1049 -0.013332
0.2072 -0.013021
0.2786 -0.011973
0.3171 -0.010495
0.3303 -0.008905
0.3261 -0.007398
0.3113 -0.006067
0.2911 -0.004939
0.2685 -0.004006
0.2455 -0.003244
0.2231 -0.002627
0.2017 -0.002129
0.1814 -0.001726
0.1543 -0.328928
0.0807 -0.291669
0.0106 -0.256417
-0.0732 -0.214376
-0.1717 -0.164969
-0.2609 -0.120151
-0.3274 -0.086691
-0.3732 -0.063677
-0.4034 -0.048489
-0.4226 -0.038827
-0.4341 -0.032996
-0.4404 -0.029815
-0.4431 -0.028483
-0.4431 -0.028462
-0.4412 -0.029380
-0.4381 -0.030963
-0.4340 -0.032994
-0.4294 -0.035293
-0.4245 -0.037720
-0.4193 -0.035505
-0.4130 -0.031639
-0.4135 -0.069311
-0.4123 -0.065668
-0.4099 -0.063546
-0.4071 -0.062213
-0.4044 -0.061235
-0.4019 -0.060463
-0.3995 -0.059894
-0.3971 -0.059599
-0.3945 -0.059661
-0.3910 -0.053443
-0.3855 -0.046819
-0.3784 -0.041479
-0.3699 -0.037008
-0.3603 -0.033153
-0.3497 -0.029757
-0.3382 -0.026726
-0.3258 -0.024004
-0.3145 -0.114098
-0.3176 -0.108743
-0.3178 -0.105672
-0.3160 -0.104256
-0.3135 -0.103621
-0.3115 -0.103015
-0.3164 -0.190928
-0.3317 -0.173860
-0.3442 -0.160100
-0.3545 -0.148857
-0.3632 -0.139437
-0.3707 -0.131413
-0.3771 -0.124593
-0.3824 -0.118888
-0.3868 -0.114229
-0.3903 -0.110532
-0.3930 -0.107702
-0.3949 -0.105665
-0.3960 -0.102409
-0.3954 -0.094679
-0.3925 -0.083685
-0.3870 -0.073461
-0.3794 -0.065453
-0.3703 -0.058815
-0.3598 -0.053073
-0.3553 -0.117983
-0.3554 -0.110351
-0.3535 -0.105453
-0.3504 -0.102240
-0.3471 -0.099854
-0.3442 -0.097814
-0.3419 -0.095934
-0.3402 -0.094183
-0.3389 -0.092577
-0.3379 -0.091142
-0.3372 -0.089890
-0.3366 -0.088821
-0.3360 -0.087929
-0.3356 -0.087199
-0.3351 -0.086632
-0.3345 -0.086257
-0.3336 -0.086117
-0.3311 -0.073366
-0.3260 -0.063125
-0.3187 -0.054912
-0.3097 -0.048138
-0.2992 -0.042427
-0.2873 -0.037531
-0.2741 -0.033284
-0.2597 -0.029575
-0.2438 -0.026324
-0.2265 -0.023475
-0.2072 -0.020984
-0.1854 -0.018826
-0.1600 -0.016995
-0.1611 -0.183648
-0.1664 -0.178442
-0.1714 -0.173898
-0.1914 -0.316350
-0.2240 -0.281785
-0.2511 -0.253292
-0.2921 -0.315270
-0.3243 -0.266042
-0.3487 -0.228650
-0.3678 -0.199665
-0.3826 -0.177036
-0.3942 -0.159514
-0.4029 -0.146194
-0.4094 -0.136304
-0.4141 -0.129148
-0.4174 -0.124113
-0.4197 -0.120691
-0.4211 -0.116986
-0.4210 -0.107989
-0.4187 -0.099152
-0.4146 -0.089031
-0.4084 -0.079545
-0.4006 -0.071918
-0.3915 -0.065376
-0.3814 -0.059521
-0.3803 -0.109862
-0.3783 -0.103246
-0.3747 -0.098967
-0.3704 -0.096118
-0.3658 -0.094066
-0.3615 -0.092465
-0.3575 -0.091152
-0.3539 -0.090057
-0.3507 -0.089145
-0.3478 -0.088396
-0.3452 -0.087796
-0.3429 -0.087331
-0.3409 -0.086994
-0.3390 -0.086781
-0.3371 -0.086706
-0.3353 -0.086814
-0.3331 -0.083537
-0.3286 -0.071607
-0.3216 -0.062230
-0.3125 -0.054615
-0.3016 -0.048255
-0.2892 -0.042822
-0.2753 -0.038102
-0.2603 -0.033953
-0.2439 -0.030286
-0.2262 -0.027041
-0.2068 -0.024181
-0.1851 -0.021685
-0.1599 -0.019552
-0.1291 -0.017804
-0.0881 -0.016510
-0.0271 -0.015823
0.0669 -0.015833
0.1763 -0.015778
0.2607 -0.014831
0.3105 -0.013201
0.3314 -0.011312
0.3319 -0.009454
0.3197 -0.007780
0.3005 -0.006344
0.2780 -0.005150
0.2548 -0.004172
0.2320 -0.003379
0.2103 -0.002738
0.1897 -0.002220
0.1702 -0.001801
0.1517 -0.001463
0.1339 -0.001188
0.1165 -0.000965
0.0992 -0.000783
0.0816 -0.000635
0.0630 -0.000513
0.0425 -0.000413
0.0185 -0.000330
-0.0114 -0.000259
-0.0509 -0.000199
-0.1026 -0.000147
-0.1631 -0.000104
-0.2224 -0.000072
-0.2725 -0.000049
-0.3112 -0.000034
-0.3395 -0.000024
-0.3593 -0.000018
-0.3722 -0.000013
-0.3797 -0.000011
-0.3830 -0.058562
-0.3927 -0.053680
-0.3970 -0.051505
-0.3976 -0.051180
-0.3966 -0.051679
-0.3974 -0.102658
-0.4053 -0.094800
-0.4113 -0.088722
-0.4163 -0.083751
-0.4255 -0.111909
-0.4338 -0.099454
-0.4395 -0.090747
-0.4435 -0.084829
-0.4460 -0.081043
-0.4474 -0.078921
-0.4479 -0.078131
-0.4477 -0.078414
-0.4466 -0.074922
-0.4439 -0.070231
-0.4402 -0.067476
-0.4358 -0.065840
-0.4308 -0.064925
-0.4255 -0.064529
-0.4199 -0.064543
-0.4135 -0.058543
-0.4058 -0.053244
-0.3970 -0.048594
-0.3874 -0.044380
-0.3769 -0.040494
-0.3658 -0.036878
-0.3540 -0.033500
-0.3417 -0.030340
-0.3289 -0.027389
-0.3157 -0.024640
-0.3021 -0.022092
-0.2883 -0.019745
-0.2740 -0.017601
-0.2593 -0.015658
-0.2439 -0.013911
-0.2277 -0.012354
-0.2102 -0.010979
-0.1910 -0.009775
-0.1696 -0.008730
-0.1446 -0.007842
-0.1136 -0.007118
-0.0718 -0.006586
-0.0090 -0.006305
0.0840 -0.006261
0.1843 -0.006130
0.2588 -0.005680
0.3018 -0.005014
0.3189 -0.004278
0.3178 -0.003569
0.3052 -0.002935
0.2864 -0.002394
0.2648 -0.001944
0.1995 -0.351613
0.1336 -0.318215
0.0792 -0.290699
0.0249 -0.263380
-0.0400 -0.230829
-0.1221 -0.189715
-0.2087 -0.146282
-0.2806 -0.110119
-0.3330 -0.083777
-0.3688 -0.065798
-0.3921 -0.054102
-0.4063 -0.046933
-0.4142 -0.042971
-0.4175 -0.041258
-0.4178 -0.041109
-0.4159 -0.042038
-0.4180 -0.082028
-0.4194 -0.080584
-0.4188 -0.081142
-0.4229 -0.110246
-0.4239 -0.103122
-0.4231 -0.099458
-0.4215 -0.097471
-0.4197 -0.096367
-0.4178 -0.095806
-0.4168 -0.131106
-0.4199 -0.118455
-0.4204 -0.110555
-0.4188 -0.100837
-0.4159 -0.094058
-0.4127 -0.088660
-0.4096 -0.084082
-0.4066 -0.080203
-0.4036 -0.077062
-0.4001 -0.069735
-0.3948 -0.061249
-0.3881 -0.054391
-0.3801 -0.048649
-0.3710 -0.043703
-0.3609 -0.039351
-0.3498 -0.035464
-0.3379 -0.031961
-0.3251 -0.028790
-0.3114 -0.025915
-0.2968 -0.023313
-0.2811 -0.020963
-0.2643 -0.018849
-0.2460 -0.016958
-0.2259 -0.015278
-0.2034 -0.013802
-0.1774 -0.012530
-0.1460 -0.011477
-0.1051 -0.010688
-0.0456 -0.010263
0.0481 -0.010332
0.1663 -0.010490
0.2627 -0.010031
0.3206 -0.009017
0.3448 -0.007752
0.3446 -0.006472
0.3295 -0.005308
0.3066 -0.004310
0.2808 -0.003483
0.2547 -0.002811
0.2297 -0.002269
0.2062 -0.001834
0.1844 -0.001484
0.1639 -0.001202
0.1444 -0.000974
0.1257 -0.000789
0.1071 -0.000640
0.0883 -0.000517
0.0684 -0.000417
0.0463 -0.000335
0.0202 -0.000266
-0.0127 -0.000208
-0.0567 -0.000158
-0.1141 -0.000115
-0.1792 -0.000080
-0.2400 -0.000054
-0.2895 -0.000037
-0.3269 -0.000025
-0.3537 -0.000018
-0.3721 -0.000013
-0.3842 -0.000010
-0.3913 -0.000008
-0.3949 -0.000006
-0.3959 -0.000005
-0.3952 -0.000004
-0.3933 -0.000004
-0.3907 -0.000003
-0.3957 -0.052161
-0.4001 -0.049959
-0.4026 -0.048710
-0.4040 -0.048030
-0.4048 -0.047592
-0.4055 -0.047260
-0.4059 -0.047029
-0.4061 -0.046937
-0.4060 -0.047012
-0.4055 -0.047267
-0.4046 -0.047704
-0.4033 -0.048337
-0.4092 -0.090889
-0.4131 -0.085267
-0.4142 -0.077423
-0.4136 -0.115543
-0.4182 -0.104800
-0.4201 -0.098626
-0.4204 -0.095156
-0.4198 -0.093345
-0.4185 -0.092588
-0.4169 -0.092514
-0.4152 -0.092890
-0.4133 -0.093565
-0.4114 -0.094438
-0.4095 -0.095450
-0.4077 -0.096589
-0.4057 -0.097909
-0.4047 -0.145408
-0.4092 -0.130656
-0.4102 -0.122689
-0.4091 -0.118727
-0.4066 -0.112851
-0.4027 -0.105852
-0.3980 -0.100806
-0.3929 -0.096944
-0.3877 -0.093902
-0.3825 -0.091490
-0.3775 -0.089591
-0.3726 -0.088124
-0.3680 -0.087024
-0.3636 -0.086236
-0.3594 -0.085716
-0.3555 -0.085432
-0.3517 -0.085364
-0.3480 -0.085509
-0.3444 -0.085881
-0.3407 -0.086510
-0.3367 -0.084307
-0.3306 -0.073026
-0.3219 -0.064083
-0.3111 -0.056733
-0.2985 -0.050500
-0.2846 -0.045073
-0.2696 -0.040247
-0.2538 -0.035899
-0.2374 -0.031965
-0.2204 -0.028414
-0.2026 -0.025235
-0.1834 -0.022423
-0.1621 -0.019979
-0.1514 -0.191551
-0.1628 -0.182553
-0.1756 -0.173405
-0.1896 -0.164204
-0.2046 -0.154869
-0.2207 -0.145315
-0.2376 -0.135668
-0.2545 -0.126241
-0.2707 -0.117379
-0.2856 -0.109340
-0.2989 -0.102266
-0.3103 -0.096195
-0.3199 -0.091091
-0.3279 -0.086883
-0.3344 -0.083482
-0.3395 -0.080802
-0.3434 -0.078766
-0.3450 -0.065784
-0.3437 -0.055402
-0.3401 -0.047328
-0.3346 -0.040859
-0.3277 -0.035547
-0.3195 -0.031102
-0.3101 -0.027326
-0.2996 -0.024080
-0.2882 -0.021261
-0.2758 -0.018796
-0.2627 -0.135334
-0.2714 -0.127730
-0.2777 -0.122044
-0.2820 -0.117926
-0.2845 -0.115094
-0.2857 -0.113270
-0.2859 -0.112138
-0.2857 -0.111377
-0.2856 -0.110743
-0.2903 -0.212781
-0.3085 -0.193861
-0.3225 -0.179317
-0.3332 -0.168244
-0.3416 -0.159527
-0.3486 -0.152291
-0.3547 -0.146062
-0.3600 -0.140634
-0.3646 -0.135927
-0.3685 -0.131917
-0.3707 -0.119184
-0.3700 -0.101752
-0.3657 -0.087366
-0.3631 -0.142570
-0.3655 -0.127756
-0.3644 -0.118517
-0.3611 -0.112651
-0.3569 -0.108539
-0.3528 -0.105242
-0.3492 -0.102364
-0.3461 -0.099791
-0.3436 -0.097509
-0.3415 -0.095522
-0.3398 -0.093825
-0.3382 -0.092401
-0.3368 -0.091223
-0.3356 -0.090264
-0.3345 -0.089499
-0.3337 -0.172133
-0.3472 -0.157260
-0.3571 -0.146388
-0.3636 -0.131762
-0.3663 -0.118834
-0.3663 -0.110263
-0.3644 -0.104581
-0.3611 -0.100898
-0.3568 -0.098666
-0.3517 -0.097541
-0.3459 -0.097302
-0.3396 -0.097798
-0.3328 -0.098918
-0.3255 -0.098114
-0.3160 -0.086400
-0.3037 -0.076950
-0.2892 -0.069027
-0.2725 -0.062208
-0.2745 -0.164125
-0.2742 -0.155844
-0.2715 -0.150538
-0.2682 -0.146642
-0.2659 -0.142956
-0.2655 -0.138965
-0.2668 -0.134602
-0.2697 -0.130002
-0.2737 -0.125352
-0.2783 -0.120826
-0.2832 -0.116550
-0.2881 -0.112603
-0.2929 -0.109025
-0.2973 -0.105829
-0.3013 -0.103021
-0.3048 -0.100607
-0.3077 -0.098593
-0.3101 -0.096987
-0.3118 -0.095793
-0.3128 -0.095011
-0.3130 -0.094635
-0.3125 -0.089473
-0.3091 -0.076067
-0.3029 -0.065556
-0.2948 -0.057015
-0.3040 -0.143466
-0.3096 -0.132058
-0.3127 -0.123921
-0.3231 -0.200952
-0.3382 -0.180180
-0.3496 -0.164628
-0.3585 -0.152714
-0.3654 -0.143452
-0.3710 -0.136168
-0.3754 -0.130378
-0.3789 -0.125762
-0.3817 -0.122151
-0.3836 -0.119480
-0.3849 -0.117712
-0.3851 -0.111926
-0.3832 -0.104631
-0.3796 -0.099970
-0.3748 -0.097138
-0.3690 -0.095630
-0.3626 -0.095117
-0.3556 -0.095377
-0.3480 -0.092114
-0.3383 -0.081212
-0.3263 -0.072279
-0.3126 -0.064641
-0.2973 -0.057923
-0.2808 -0.051912
-0.2632 -0.046483
-0.2445 -0.041565
-0.2247 -0.037120
-0.2036 -0.033113
-0.1813 -0.029513
-0.1569 -0.026332
-0.1287 -0.023614
-0.0932 -0.021439
-0.0431 -0.019952
0.0336 -0.019307
0.1342 -0.019023
0.2236 -0.018002
0.2829 -0.016152
0.3139 -0.013923
0.3233 -0.011678
0.3181 -0.009620
0.3038 -0.007836
0.2847 -0.006342
0.2634 -0.005115
0.2417 -0.004120
0.2205 -0.003318
0.2001 -0.002673
0.1807 -0.002155
0.1622 -0.001738
0.1446 -0.001402
0.1275 -0.001132
0.1107 -0.000913
0.0939 -0.000736
0.0765 -0.000593
0.0578 -0.000476
0.0366 -0.000379
0.0111 -0.000300
-0.0220 -0.000233
-0.0665 -0.000175
-0.1240 -0.000126
-0.1876 -0.000087
-0.2462 -0.000058
-0.2936 -0.000039
-0.3294 -0.000027
-0.3549 -0.000019
-0.3723 -0.000014
-0.3895 -0.055338
-0.4034 -0.048367
-0.4109 -0.044564
-0.4146 -0.042713
-0.4165 -0.041770
-0.4177 -0.041163
-0.4186 -0.040698
-0.4193 -0.040365
-0.4196 -0.040211
-0.4194 -0.040275
-0.4188 -0.040574
-0.4178 -0.041098
-0.4163 -0.041831
-0.4144 -0.042775
-0.4121 -0.043947
-0.4092 -0.045366
-0.4054 -0.041065
-0.3999 -0.036289
-0.3931 -0.032381
-0.3851 -0.029046
-0.3764 -0.026111
-0.3669 -0.023479
-0.3568 -0.021097
-0.3546 -0.090586
-0.3558 -0.086905
-0.3550 -0.084932
-0.3651 -0.144698
-0.3722 -0.135514
-0.3774 -0.128801
-0.3816 -0.123434
-0.3852 -0.118833
-0.3885 -0.114808
-0.3913 -0.111343
-0.3937 -0.108462
-0.3956 -0.106167
-0.3970 -0.104427
-0.3980 -0.103191
-0.3986 -0.102405
-0.3988 -0.102016
-0.3987 -0.101976
-0.3983 -0.102248
-0.3969 -0.095151
-0.3941 -0.090373
-0.3901 -0.083612
-0.3841 -0.073633
-0.3763 -0.065637
-0.3670 -0.058912
-0.3566 -0.053051
-0.3452 -0.047818
-0.3331 -0.043078
-0.3202 -0.038752
-0.3067 -0.034793
-0.2926 -0.031173
-0.2934 -0.129174
-0.2970 -0.122730
-0.2988 -0.118159
-0.2995 -0.114858
-0.2999 -0.112240
-0.3004 -0.109921
-0.3014 -0.107721
-0.3028 -0.105591
-0.3045 -0.103547
-0.3063 -0.101627
-0.3082 -0.099866
-0.3100 -0.098289
-0.3116 -0.096910
-0.3130 -0.095736
-0.3142 -0.094781
-0.3149 -0.094084
-0.3150 -0.088904
-0.3124 -0.075311
-0.3068 -0.064749
-0.2989 -0.056273
-0.2892 -0.049275
-0.2778 -0.043361
-0.2652 -0.038276
-0.2513 -0.033855
-0.2362 -0.029991
-0.2197 -0.026611
-0.2015 -0.023664
-0.1810 -0.021118
-0.1894 -0.172358
-0.1986 -0.164557
-0.2071 -0.157703
-0.2155 -0.151357
-0.2247 -0.145043
-0.2390 -0.267200
-0.2722 -0.232291
-0.2995 -0.203836
-0.3212 -0.181289
-0.3383 -0.163610
-0.3517 -0.149739
-0.3623 -0.138842
-0.3706 -0.130315
-0.3770 -0.123724
-0.3817 -0.114980
-0.3837 -0.103957
-0.3835 -0.096514
-0.3818 -0.091522
-0.3788 -0.085369
-0.3735 -0.074411
-0.3660 -0.065835
-0.3567 -0.058794
-0.3458 -0.052801
-0.3337 -0.047573
-0.3202 -0.042939
-0.3055 -0.038796
-0.3046 -0.130201
-0.3045 -0.124866
-0.3020 -0.121939
-0.2981 -0.120468
-0.2943 -0.119442
-0.2916 -0.118237
-0.2904 -0.116622
-0.2905 -0.114603
-0.2918 -0.112293
-0.2939 -0.109834
-0.2965 -0.107352
-0.2993 -0.104950
-0.3022 -0.102700
-0.3049 -0.100658
-0.3074 -0.098865
-0.3096 -0.097357
-0.3112 -0.096168
-0.3123 -0.095328
-0.3127 -0.094868
-0.3124 -0.094811
-0.3105 -0.084199
-0.3053 -0.072255
-0.2972 -0.062839
-0.2868 -0.055162
-0.2746 -0.048714
-0.2608 -0.043167
-0.2457 -0.038319
-0.2512 -0.155650
-0.2578 -0.146515
-0.2626 -0.139496
-0.2665 -0.133818
-0.2705 -0.128774
-0.2750 -0.123982
-0.2801 -0.119336
-0.2856 -0.114876
-0.2911 -0.110688
-0.2965 -0.106847
-0.3015 -0.103399
-0.3060 -0.100361
-0.3101 -0.097728
-0.3135 -0.095492
-0.3164 -0.093659
-0.3186 -0.092252
-0.3188 -0.078579
-0.3159 -0.066678
-0.3104 -0.057329
-0.3029 -0.049760
-0.2939 -0.043470
-0.2835 -0.038127
-0.2721 -0.033516
-0.2599 -0.029495
-0.2468 -0.025970
-0.2330 -0.022876
-0.2181 -0.020164
-0.2021 -0.017798
-0.1843 -0.015749
-0.1641 -0.013996
-0.1398 -0.012532
-0.1272 -0.197117
-0.1349 -0.191308
-0.1441 -0.185128
-0.1546 -0.178505
-0.1671 -0.171136
-0.1819 -0.162828
-0.1986 -0.153708
-0.2165 -0.144158
-0.2345 -0.134658
-0.2517 -0.125637
-0.2675 -0.117401
-0.2816 -0.110119
-0.2938 -0.103848
-0.3040 -0.098573
-0.3125 -0.094240
-0.3254 -0.175141
-0.3444 -0.156016
-0.3578 -0.142472
-0.3670 -0.133262
-0.3728 -0.127377
-0.3762 -0.123946
-0.3779 -0.122209
-0.3785 -0.121582
-0.3784 -0.121356
-0.3796 -0.170588
-0.3856 -0.154077
-0.3880 -0.144501
-0.3880 -0.139080
-0.3949 -0.173861
-0.3987 -0.156622
-0.4000 -0.145527
-0.4001 -0.137918
-0.3991 -0.127373
-0.3965 -0.117259
-0.3928 -0.109913
-0.3885 -0.104410
-0.3838 -0.100219
-0.3789 -0.097015
-0.3738 -0.094590
-0.3688 -0.092810
-0.3637 -0.091610
-0.3584 -0.087419
-0.3513 -0.076560
-0.3422 -0.067754
-0.3315 -0.060368
-0.3192 -0.054020
-0.3055 -0.048469
-0.2904 -0.043560
-0.2739 -0.039191
-0.2559 -0.035293
-0.2362 -0.031822
-0.2142 -0.028751
-0.1893 -0.026071
-0.1600 -0.023799
-0.1232 -0.021995
-0.0724 -0.020812
0.0057 -0.020525
0.1179 -0.020918
0.2248 -0.020482
0.2961 -0.018779
0.3327 -0.016392
0.3431 -0.013850
