-0.0310
0.0238
0.0813
0.1240
0.1513
0.1665
0.1733
0.1747
0.1727
0.1687
0.1634
-0.2290
-0.2336
-0.2350
-0.2341
-0.2332
-0.2330
-0.2330
-0.2335
-0.2361
-0.2402
-0.2311
-0.2222
-0.2152
-0.2094
-0.2044
-0.1874
-0.1706
-0.1548
-0.1393
-0.1232
-0.1056
-0.0855
-0.0614
-0.0315
0.0062
0.0520
0.0993
0.1384
0.1646
0.1800
0.1875
0.1893
0.1870
0.1819
0.1748
0.1663
0.1569
0.1468
0.1362
0.1179
0.0999
0.0827
0.0655
0.0474
0.0273
0.0039
-0.0247
-0.0601
-0.0972
-0.1352
-0.1696
-0.1972
-0.2173
-0.2306
-0.2384
-0.2421
-0.2426
-0.2409
-0.2376
-0.2331
-0.2278
-0.2237
-0.2173
-0.2015
-0.1887
-0.1777
-0.1677
-0.1583
-0.1505
-0.1440
-0.1383
-0.1331
-0.1280
-0.1228
-0.1172
-0.1111
-0.1041
-0.0959
-0.0865
-0.0760
-0.0598
-0.0374
-0.0089
0.0272
0.0687
0.1086
0.1399
0.1601
0.1703
0.1730
0.1704
0.1643
0.1560
0.1464
0.1359
0.1260
0.1164
0.1068
0.0913
0.0750
0.0587
