0.9771
0.9157
0.9019
0.8642
0.8571
0.8573
0.8591
0.8605
0.8615
0.8615
0.8624
0.8637
0.8651
0.8661
0.8661
0.8650
0.8644
0.8640
0.8644
0.8650
0.8650
0.8654
0.8659
0.8645
0.8626
0.8625
0.8628
0.8630
0.8634
0.8624
0.8639
0.8634
0.8634
0.8641
0.8643
0.8635
0.8636
0.8641
0.8647
0.8658
0.8665
0.8673
0.8680
0.8679
0.8689
0.8682
0.8700
0.8693
0.8691
0.8697
0.8708
0.8707
0.8711
0.8709
0.8708
0.8699
0.8700
0.8716
0.8722
0.8721
0.8722
0.8716
0.8712
0.8691
0.8703
0.8711
0.8716
0.8718
0.8731
0.8702
0.8678
0.8677
0.8688
0.8699
0.8699
0.8700
0.8694
0.8690
0.8698
0.8698
0.8686
0.8684
0.8677
0.8671
0.8684
0.8695
0.8707
0.8706
0.8705
0.8719
0.8706
0.8706
0.8705
0.8699
0.8705
0.8694
0.8697
0.8700
0.8697
0.8695
0.8693
0.8704
0.8708
0.8710
0.8710
0.8716
0.8723
0.8718
0.8722
0.8714
0.8723
0.8719
0.8719
0.8725
0.8719
0.8712
0.8724
0.8717
0.8730
0.8729
0.8717
0.8721
0.8699
0.8671
0.8682
0.8693
0.8703
0.8703
0.8717
0.8713
0.8716
0.8720
0.8728
0.8734
0.8732
0.8732
0.8729
0.8716
0.8693
0.8697
0.8702
0.8707
0.8706
0.8692
0.8674
0.8677
0.8671
0.8665
0.8663
0.8666
