-0.3791 0.019747
-0.3815 0.016430
-0.3833 0.013648
-0.3845 0.011320
-0.3851 0.009375
-0.3852 0.007754
-0.3849 0.006406
-0.3841 0.005286
-0.3829 0.004357
-0.3814 0.003588
-0.3795 0.002951
-0.3772 0.002426
-0.3748 0.001993
-0.3721 0.001636
-0.3692 0.001342
-0.3663 0.001101
-0.3632 0.000903
-0.3602 0.000740
-0.3571 0.000607
-0.3541 0.000497
-0.3512 0.000408
-0.3484 0.000334
-0.3457 0.000274
-0.3433 0.000225
-0.3409 0.000185
-0.3388 0.000152
-0.3367 0.000125
-0.3349 0.000103
-0.3331 0.000084
-0.3315 0.000070
-0.3301 0.000057
-0.3286 0.000047
-0.3272 0.000039
-0.3258 0.000032
-0.3244 0.000026
-0.3231 0.000022
-0.3103 0.116466
-0.2883 0.108219
-0.2692 0.101019
-0.2522 0.094653
-0.2370 0.088947
-0.2232 0.083764
-0.2105 0.078997
-0.1987 0.074559
-0.1875 0.070363
-0.1767 0.066320
-0.1661 0.062334
-0.1554 0.058301
-0.1442 0.054107
-0.1233 0.092643
-0.0981 0.073778
-0.0682 0.051420
-0.0303 0.023043
0.0191 -0.013884
0.0771 -0.054714
0.1316 -0.085985
0.1712 -0.103785
0.1943 -0.110071
0.2019 -0.183538
0.1906 -0.168041
0.1775 -0.152534
0.1636 -0.137497
0.1492 -0.123095
0.1346 -0.109308
0.1197 -0.096001
0.1046 -0.082967
0.0890 -0.069938
0.0729 -0.052582
0.0561 -0.037168
0.0375 -0.023028
0.0149 -0.014326
-0.0129 0.011499
-0.0466 0.040841
-0.0871 0.074503
-0.1317 0.110424
-0.1749 0.143971
-0.2114 0.168160
-0.2412 0.174418
-0.2654 0.175905
-0.2844 0.174375
-0.2992 0.171127
-0.3105 0.167025
-0.3190 0.162605
-0.3252 0.158179
-0.3295 0.153915
-0.3322 0.149888
-0.3336 0.146118
-0.3339 0.142597
-0.3336 0.129437
-0.3358 0.107702
-0.3398 0.090117
-0.3449 0.075622
-0.3504 0.063527
-0.3560 0.053361
-0.3614 0.044786
-0.3664 0.037541
-0.3709 0.031422
-0.3748 0.026257
-0.3782 0.021904
-0.3809 0.018241
-0.3830 0.015166
-0.3846 0.012590
-0.3855 0.010435
-0.3859 0.008637
-0.3859 0.007140
-0.3853 0.005896
-0.3844 0.004863
-0.3831 0.004007
-0.3814 0.003298
-0.3794 0.002713
-0.3771 0.002229
-0.3745 0.001831
-0.3718 0.001503
-0.3690 0.001233
-0.3660 0.001011
-0.3630 0.000829
-0.3600 0.000680
-0.3571 0.000558
-0.3542 0.000457
-0.3514 0.000375
-0.3487 0.000308
-0.3462 0.000253
-0.3438 0.000207
-0.3416 0.000170
-0.3395 0.000140
-0.3376 0.000115
-0.3357 0.000095
-0.3341 0.000078
-0.3325 0.000064
-0.3309 0.000053
-0.3294 0.000043
-0.3278 0.000036
-0.3263 0.000029
-0.3249 0.000024
-0.3103 0.116481
-0.2884 0.108234
-0.2692 0.101035
-0.2523 0.094672
-0.2371 0.088970
-0.2233 0.083793
-0.2106 0.079033
-0.1988 0.074602
-0.1877 0.070413
-0.1769 0.066375
-0.1663 0.062394
-0.1555 0.058366
-0.1444 0.054177
-0.1245 0.093572
-0.0995 0.074863
-0.0700 0.052776
-0.0327 0.024834
0.0160 -0.011563
0.0738 -0.052009
0.1289 -0.083771
0.1696 -0.102297
0.1936 -0.109202
0.2029 -0.184040
0.1916 -0.168626
0.1786 -0.153154
0.1646 -0.138124
0.1501 -0.123718
0.1355 -0.109922
0.1206 -0.096610
0.1055 -0.083577
0.0898 -0.070559
0.0737 -0.053568
0.0569 -0.037957
0.0384 -0.023706
0.0164 -0.015826
-0.0111 0.009884
-0.0444 0.038994
-0.0845 0.072429
-0.1290 0.108335
-0.1724 0.142152
-0.2093 0.167910
-0.2395 0.174464
-0.2640 0.176143
-0.2833 0.174722
-0.2983 0.171525
-0.3099 0.167438
-0.3185 0.163011
-0.3249 0.158568
-0.3293 0.154281
-0.3321 0.150231
-0.3336 0.146440
-0.3340 0.142902
-0.3334 0.135869
-0.3347 0.112756
-0.3382 0.094196
-0.3429 0.078976
-0.3483 0.066319
-0.3539 0.055705
-0.3593 0.046761
-0.3643 0.039209
-0.3690 0.032831
-0.3730 0.027446
-0.3766 0.022907
-0.3795 0.019085
-0.3817 0.015875
-0.3834 0.013183
-0.3845 0.010931
-0.3850 0.009051
-0.3851 0.007484
-0.3846 0.006181
-0.3838 0.005099
-0.3825 0.004203
-0.3810 0.003460
-0.3791 0.002847
-0.3769 0.002340
-0.3744 0.001922
-0.3718 0.001578
-0.3690 0.001295
-0.3661 0.001062
-0.3631 0.000871
-0.3600 0.000714
-0.3570 0.000586
-0.3540 0.000480
-0.3510 0.000394
-0.3482 0.000323
-0.3454 0.000265
-0.3428 0.000217
-0.3404 0.000178
-0.3381 0.000146
-0.3359 0.000120
-0.3340 0.000099
-0.3321 0.000081
-0.3305 0.000067
-0.3290 0.000055
-0.3275 0.000045
-0.3261 0.000037
-0.3248 0.000031
-0.3234 0.000025
-0.3221 0.000021
-0.3208 0.000017
-0.3019 0.113316
-0.2809 0.105412
-0.2624 0.098478
-0.2460 0.092318
-0.2312 0.086771
-0.2178 0.081710
-0.2053 0.077035
-0.1936 0.072658
-0.1825 0.068490
-0.1717 0.064437
-0.1609 0.060397
-0.1499 0.056257
-0.1382 0.051886
-0.1154 0.086769
-0.0891 0.067047
-0.0571 0.043115
-0.0159 0.012244
0.0370 -0.027346
0.0955 -0.065989
0.1459 -0.093077
0.1801 -0.106797
0.1984 -0.110258
0.1977 -0.177956
0.1860 -0.162606
0.1728 -0.147357
0.1587 -0.132604
0.1443 -0.118464
0.1297 -0.104884
0.1148 -0.091713
0.0996 -0.078727
0.0837 -0.065403
0.0674 -0.047941
0.0501 -0.032749
0.0305 -0.018532
0.0064 -0.006235
-0.0231 0.020616
-0.0588 0.051379
-0.1009 0.086124
-0.1457 0.121767
-0.1870 0.153570
-0.2212 0.170070
-0.2493 0.174736
-0.2718 0.175213
-0.2895 0.173120
-0.3032 0.169607
-0.3136 0.165425
-0.3214 0.161033
-0.3269 0.156690
-0.3307 0.152531
-0.3330 0.148612
-0.3340 0.144946
-0.3340 0.141517
-0.3339 0.124522
-0.3364 0.103722
-0.3406 0.086833
-0.3458 0.072878
-0.3513 0.061219
-0.3568 0.051414
-0.3621 0.043142
-0.3670 0.036155
-0.3715 0.030254
-0.3753 0.025276
-0.3786 0.021082
-0.3813 0.017555
-0.3834 0.014594
-0.3849 0.012115
-0.3859 0.010042
-0.3864 0.008313
-0.3864 0.006873
-0.3859 0.005676
-0.3849 0.004681
-0.3836 0.003857
-0.3819 0.003175
-0.3799 0.002612
-0.3777 0.002146
-0.3752 0.001763
-0.3725 0.001447
-0.3698 0.001188
-0.3669 0.000975
-0.3640 0.000800
-0.3612 0.000656
-0.3584 0.000538
-0.3557 0.000441
-0.3531 0.000362
-0.3506 0.000297
-0.3482 0.000244
-0.3459 0.000201
-0.3438 0.000165
-0.3418 0.000136
-0.3399 0.000111
-0.3381 0.000092
-0.3364 0.000075
-0.3347 0.000062
-0.3330 0.000051
-0.3312 0.000042
-0.3295 0.000035
-0.3278 0.000028
-0.3109 0.116684
-0.2888 0.108391
-0.2695 0.101152
-0.2525 0.094753
-0.2372 0.089022
-0.2234 0.083822
-0.2107 0.079045
-0.1988 0.074600
-0.1876 0.070399
-0.1768 0.066349
-0.1662 0.062353
-0.1554 0.058307
-0.1441 0.054094
-0.1287 0.096671
-0.1044 0.078492
-0.0761 0.057312
-0.0407 0.030829
0.0055 -0.003704
0.0621 -0.043210
0.1192 -0.076566
0.1634 -0.097579
0.1906 -0.106612
0.2033 -0.107292
0.1935 -0.169670
0.1810 -0.154742
0.1672 -0.139991
0.1529 -0.125719
0.1383 -0.111986
0.1234 -0.098710
0.1083 -0.085716
0.0927 -0.072764
0.0765 -0.057359
0.0598 -0.040964
0.0415 -0.026261
0.0203 -0.012004
-0.0060 0.005265
-0.0381 0.033735
-0.0769 0.066454
-0.1209 0.102174
-0.1648 0.136657
-0.2030 0.164915
-0.2344 0.172746
-0.2600 0.175333
-0.2803 0.174511
-0.2961 0.171688
-0.3083 0.167825
-0.3175 0.163525
-0.3242 0.159149
-0.3290 0.154894
-0.3321 0.150855
-0.3339 0.147065
-0.3344 0.143522
-0.3340 0.140208
-0.3336 0.123122
-0.3359 0.102486
-0.3399 0.085751
-0.3449 0.071941
-0.3503 0.060415
-0.3558 0.050730
-0.3610 0.042563
-0.3659 0.035668
-0.3703 0.029846
-0.3742 0.024936
-0.3775 0.020799
-0.3802 0.017321
-0.3824 0.014402
-0.3840 0.011958
-0.3850 0.009914
-0.3856 0.008209
-0.3856 0.006788
-0.3852 0.005607
-0.3844 0.004626
-0.3832 0.003812
-0.3815 0.003139
-0.3796 0.002582
-0.3773 0.002122
-0.3749 0.001743
-0.3723 0.001431
-0.3695 0.001175
-0.3667 0.000964
-0.3639 0.000791
-0.3611 0.000649
-0.3583 0.000532
-0.3557 0.000437
-0.3531 0.000359
-0.3507 0.000294
-0.3484 0.000242
-0.3461 0.000199
-0.3440 0.000163
-0.3421 0.000134
-0.3402 0.000110
-0.3384 0.000091
-0.3367 0.000075
-0.3350 0.000061
-0.3333 0.000051
-0.3315 0.000042
-0.3298 0.000034
-0.3281 0.000028
-0.3048 0.114395
-0.2835 0.106404
-0.2649 0.099406
-0.2484 0.093200
-0.2335 0.087622
-0.2200 0.082545
-0.2075 0.077865
-0.1959 0.073493
-0.1848 0.069340
-0.1741 0.065312
-0.1634 0.061310
-0.1525 0.057227
-0.1411 0.052940
-0.1230 0.092416
-0.0979 0.073664
-0.0682 0.051423
-0.0305 0.023191
0.0186 -0.013548
0.0767 -0.052204
0.1316 -0.082839
0.1717 -0.100656
0.1950 -0.107288
0.2016 -0.180523
0.1906 -0.165933
0.1777 -0.151029
0.1638 -0.136399
0.1494 -0.122272
0.1347 -0.108672
0.1198 -0.095489
0.1045 -0.082534
0.0888 -0.069548
0.0725 -0.053118
0.0554 -0.037249
0.0366 -0.022759
0.0144 -0.008413
-0.0133 0.011869
-0.0469 0.041318
-0.0873 0.075003
-0.1318 0.110867
-0.1747 0.144307
-0.2111 0.167423
-0.2411 0.173787
-0.2653 0.175384
-0.2844 0.173963
-0.2993 0.170816
-0.3107 0.166805
-0.3193 0.162464
-0.3256 0.158107
-0.3299 0.153901
-0.3327 0.149923
-0.3341 0.146196
-0.3344 0.142713
-0.3338 0.139450
-0.3336 0.119855
-0.3361 0.099829
-0.3402 0.083551
-0.3452 0.070099
-0.3506 0.058864
-0.3560 0.049420
-0.3612 0.041456
-0.3660 0.034732
-0.3703 0.029055
-0.3741 0.024268
-0.3773 0.020236
-0.3799 0.016847
-0.3819 0.014002
-0.3833 0.011620
-0.3841 0.009629
-0.3844 0.007968
-0.3842 0.006584
-0.3834 0.005433
-0.3822 0.004478
-0.3806 0.003687
-0.3786 0.003032
-0.3763 0.002492
-0.3737 0.002046
-0.3709 0.001679
-0.3680 0.001377
-0.3649 0.001129
-0.3618 0.000926
-0.3586 0.000759
-0.3554 0.000622
-0.3522 0.000509
-0.3490 0.000417
-0.3459 0.000342
-0.3428 0.000280
-0.3398 0.000230
-0.3368 0.000188
-0.3340 0.000154
-0.3313 0.000127
-0.3287 0.000104
-0.3263 0.000085
-0.3242 0.000070
-0.3222 0.000058
-0.3204 0.000047
-0.3188 0.000039
-0.3174 0.000032
-0.3163 0.000026
-0.3152 0.000022
-0.3144 0.000018
-0.3136 0.000015
-0.3128 0.000012
-0.3121 0.000010
-0.3114 0.000008
-0.3107 0.000007
-0.2994 0.112359
-0.2786 0.104538
-0.2602 0.097660
-0.2439 0.091532
-0.2292 0.085999
-0.2157 0.080935
-0.2032 0.076244
-0.1915 0.071841
-0.1803 0.067638
-0.1693 0.063542
-0.1584 0.059446
-0.1472 0.055233
-0.1352 0.050760
-0.1172 0.088077
-0.0915 0.068862
-0.0606 0.045705
-0.0209 0.015981
0.0304 -0.022380
0.0883 -0.062385
0.1398 -0.090980
0.1757 -0.106073
0.1956 -0.110431
0.1944 -0.176366
0.1843 -0.162204
0.1721 -0.147630
0.1587 -0.133257
0.1448 -0.119330
0.1305 -0.105874
0.1158 -0.092783
0.1008 -0.079863
0.0851 -0.066856
0.0686 -0.050850
0.0513 -0.034816
0.0320 -0.020067
0.0082 -0.008136
-0.0206 0.018647
-0.0555 0.049094
-0.0968 0.083502
-0.1412 0.119109
-0.1827 0.151254
-0.2179 0.165734
-0.2471 0.171488
-0.2705 0.172804
-0.2888 0.171333
-0.3030 0.168280
-0.3137 0.164440
-0.3216 0.160304
-0.3273 0.156156
-0.3312 0.152144
-0.3335 0.148337
-0.3345 0.144752
-0.3345 0.141385
-0.3345 0.123212
-0.3372 0.102673
-0.3415 0.085972
-0.3467 0.072161
-0.3522 0.060616
-0.3577 0.050905
-0.3630 0.042710
-0.3679 0.035788
-0.3723 0.029942
-0.3761 0.025011
-0.3793 0.020858
-0.3820 0.017366
-0.3840 0.014437
-0.3856 0.011984
-0.3865 0.009934
-0.3870 0.008224
-0.3870 0.006800
-0.3866 0.005616
-0.3857 0.004632
-0.3844 0.003817
-0.3827 0.003142
-0.3807 0.002584
-0.3784 0.002124
-0.3759 0.001745
-0.3732 0.001432
-0.3704 0.001175
-0.3674 0.000964
-0.3644 0.000790
-0.3614 0.000648
-0.3584 0.000531
-0.3556 0.000436
-0.3528 0.000358
-0.3503 0.000294
-0.3479 0.000241
-0.3457 0.000198
-0.3436 0.000163
-0.3417 0.000134
-0.3399 0.000110
-0.3382 0.000091
-0.3365 0.000074
-0.3349 0.000061
-0.3333 0.000050
-0.3316 0.000041
-0.3300 0.000034
-0.3283 0.000028
-0.3268 0.000023
-0.3045 0.114297
-0.2833 0.106312
-0.2646 0.099305
-0.2480 0.093075
-0.2331 0.087464
-0.2195 0.082348
-0.2069 0.077629
-0.1951 0.073216
-0.1839 0.069018
-0.1731 0.064940
-0.1622 0.060882
-0.1512 0.056738
-0.1396 0.052380
-0.1269 0.047640
-0.1048 0.078800
-0.0770 0.058000
-0.0423 0.032031
0.0030 -0.001840
0.0591 -0.040091
0.1164 -0.073226
0.1616 -0.094694
0.1897 -0.104361
0.1981 -0.177373
0.1902 -0.165589
0.1792 -0.152298
0.1664 -0.138574
0.1526 -0.124953
0.1383 -0.111637
0.1237 -0.098631
0.1087 -0.085816
0.0932 -0.072992
0.0770 -0.059874
0.0599 -0.042739
0.0415 -0.027222
0.0202 -0.012390
-0.0058 0.005175
-0.0376 0.033800
-0.0760 0.066501
-0.1195 0.102111
-0.1631 0.136505
-0.2016 0.158866
-0.2341 0.167771
-0.2604 0.171288
-0.2812 0.171232
-0.2974 0.169036
-0.3097 0.165682
-0.3190 0.161800
-0.3257 0.157765
-0.3304 0.153787
-0.3334 0.149971
-0.3350 0.146358
-0.3354 0.142953
-0.3349 0.139744
-0.3341 0.124742
-0.3359 0.103693
-0.3396 0.086673
-0.3443 0.072658
-0.3495 0.060982
-0.3548 0.051184
-0.3600 0.042930
-0.3647 0.035967
-0.3691 0.030092
-0.3729 0.025138
-0.3762 0.020967
-0.3789 0.017460
-0.3810 0.014517
-0.3825 0.012052
-0.3835 0.009991
-0.3840 0.008271
-0.3840 0.006838
-0.3835 0.005646
-0.3825 0.004657
-0.3811 0.003837
-0.3794 0.003158
-0.3774 0.002597
-0.3750 0.002134
-0.3725 0.001752
-0.3697 0.001438
-0.3668 0.001180
-0.3638 0.000967
-0.3608 0.000793
-0.3577 0.000650
-0.3547 0.000533
-0.3516 0.000437
-0.3485 0.000358
-0.3456 0.000294
-0.3427 0.000241
-0.3399 0.000197
-0.3374 0.000162
-0.3350 0.000133
-0.3328 0.000109
-0.3308 0.000090
-0.3289 0.000074
-0.3273 0.000061
-0.3258 0.000050
-0.3244 0.000041
-0.3232 0.000034
-0.3220 0.000028
-0.3208 0.000023
-0.3196 0.000019
-0.3185 0.000016
-0.3174 0.000013
-0.3110 0.116743
-0.2887 0.108364
-0.2692 0.101030
-0.2519 0.094533
-0.2364 0.088698
-0.2222 0.083391
-0.2092 0.078504
-0.1971 0.073950
-0.1856 0.069637
-0.1745 0.065472
-0.1635 0.061351
-0.1523 0.057165
-0.1406 0.052782
-0.1280 0.048034
-0.1076 0.080913
-0.0803 0.060484
-0.0465 0.035164
-0.0024 0.002192
0.0527 -0.038029
0.1102 -0.073269
0.1565 -0.096435
0.1862 -0.107026
0.1964 -0.179889
0.1894 -0.168139
0.1791 -0.154736
0.1668 -0.140850
0.1534 -0.127062
0.1394 -0.113603
0.1250 -0.100490
0.1102 -0.087613
0.0950 -0.074777
0.0790 -0.061710
0.0621 -0.045230
0.0440 -0.029415
0.0233 -0.014507
-0.0022 0.001776
-0.0330 0.029898
-0.0704 0.061995
-0.1133 0.097327
-0.1571 0.132096
-0.1964 0.155831
-0.2299 0.165804
-0.2572 0.170122
-0.2788 0.170610
-0.2956 0.168762
-0.3084 0.165623
-0.3180 0.161867
-0.3250 0.157901
-0.3299 0.153955
-0.3331 0.150149
-0.3348 0.146530
-0.3353 0.143110
-0.3348 0.139880
-0.3348 0.119276
-0.3374 0.099388
-0.3416 0.083193
-0.3466 0.069793
-0.3520 0.058591
-0.3573 0.049172
-0.3623 0.041230
-0.3669 0.034526
-0.3711 0.028870
-0.3747 0.024103
-0.3777 0.020090
-0.3802 0.016719
-0.3821 0.013892
-0.3834 0.011526
-0.3841 0.009549
-0.3844 0.007900
-0.3841 0.006527
-0.3833 0.005385
-0.3820 0.004438
-0.3802 0.003652
-0.3781 0.003003
-0.3755 0.002466
-0.3726 0.002023
-0.3695 0.001659
-0.3662 0.001359
-0.3627 0.001113
-0.3593 0.000912
-0.3558 0.000746
-0.3524 0.000611
-0.3491 0.000501
-0.3460 0.000410
-0.3429 0.000336
-0.3399 0.000276
-0.3370 0.000226
-0.3340 0.000185
-0.3312 0.000152
-0.3283 0.000124
-0.3254 0.000102
-0.3226 0.000084
-0.3199 0.000069
-0.3175 0.000056
-0.3154 0.000046
-0.3135 0.000038
-0.3120 0.000031
-0.3107 0.000026
-0.3097 0.000021
-0.3089 0.000017
-0.3084 0.000014
-0.3079 0.000012
-0.3076 0.000010
-0.3073 0.000008
-0.3070 0.000007
-0.3067 0.000006
-0.3065 0.000005
-0.2936 0.110178
-0.2733 0.102563
-0.2553 0.095806
-0.2392 0.089751
-0.2246 0.084266
-0.2112 0.079244
-0.1988 0.074590
-0.1871 0.070216
-0.1760 0.066024
-0.1650 0.061913
-0.1540 0.057775
-0.1425 0.053487
-0.1303 0.048894
-0.1166 0.043782
-0.0939 0.070659
-0.0645 0.048619
-0.0269 0.020472
0.0220 -0.016107
0.0791 -0.055343
0.1321 -0.085261
0.1704 -0.102167
0.1919 -0.179746
0.1892 -0.171183
0.1816 -0.159447
0.1710 -0.146357
0.1586 -0.132895
0.1453 -0.119531
0.1313 -0.106424
0.1169 -0.093554
0.1020 -0.080787
0.0865 -0.067904
0.0701 -0.052468
0.0530 -0.036244
0.0339 -0.021438
0.0108 -0.010661
-0.0174 0.015768
-0.0515 0.045690
-0.0921 0.079654
-0.1363 0.115257
-0.1784 0.144738
-0.2154 0.158528
-0.2461 0.165805
-0.2706 0.168350
-0.2897 0.167844
-0.3043 0.165548
-0.3153 0.162306
-0.3234 0.158646
-0.3291 0.154880
-0.3329 0.151175
-0.3352 0.147613
-0.3361 0.144225
-0.3360 0.141013
-0.3357 0.124915
-0.3379 0.103964
-0.3419 0.086969
-0.3468 0.072940
-0.3521 0.061230
-0.3574 0.051391
-0.3625 0.043096
-0.3672 0.036095
-0.3714 0.030187
-0.3751 0.025208
-0.3783 0.021017
-0.3809 0.017495
-0.3829 0.014543
-0.3844 0.012072
-0.3854 0.010008
-0.3860 0.008287
-0.3861 0.006854
-0.3858 0.005663
-0.3852 0.004674
-0.3841 0.003854
-0.3827 0.003175
-0.3809 0.002613
-0.3788 0.002148
-0.3764 0.001765
-0.3737 0.001449
-0.3707 0.001188
-0.3676 0.000974
-0.3644 0.000798
-0.3611 0.000654
-0.3580 0.000536
-0.3550 0.000440
-0.3522 0.000361
-0.3497 0.000296
-0.3474 0.000243
-0.3454 0.000200
-0.3436 0.000164
-0.3419 0.000135
-0.3404 0.000111
-0.3388 0.000092
-0.3373 0.000075
-0.3358 0.000062
-0.3344 0.000051
-0.3329 0.000042
-0.3314 0.000035
-0.3284 0.123261
-0.3040 0.114125
-0.2828 0.106152
-0.2641 0.099121
-0.2474 0.092859
-0.2324 0.087225
-0.2188 0.082105
-0.2063 0.077394
-0.1945 0.072995
-0.1834 0.068809
-0.1725 0.064740
-0.1617 0.060694
-0.1507 0.056567
-0.1392 0.052237
-0.1266 0.047536
-0.1124 0.042216
-0.0918 0.069068
-0.0620 0.046782
-0.0238 0.017909
0.0258 -0.017081
0.0839 -0.051977
0.1374 -0.079530
0.1756 -0.095534
0.1916 -0.170629
0.1897 -0.164353
0.1823 -0.154294
0.1716 -0.142408
0.1590 -0.129804
0.1454 -0.117042
0.1311 -0.104351
0.1164 -0.091755
0.1012 -0.079155
0.0854 -0.066349
0.0686 -0.052173
0.0508 -0.035308
0.0311 -0.019931
0.0076 -0.004649
-0.0214 0.019556
-0.0564 0.050329
-0.0977 0.084889
-0.1419 0.120425
-0.1836 0.144836
-0.2201 0.157982
-0.2503 0.164819
-0.2742 0.167142
-0.2928 0.166584
-0.3069 0.164343
-0.3176 0.161216
-0.3253 0.157697
-0.3308 0.154076
-0.3344 0.150511
-0.3365 0.147079
-0.3373 0.143810
-0.3371 0.140704
-0.3359 0.137751
-0.3356 0.116384
-0.3379 0.096891
-0.3418 0.081032
-0.3465 0.067921
-0.3516 0.056972
-0.3565 0.047774
-0.3613 0.040027
-0.3657 0.033497
-0.3697 0.027996
