0.3486
0.3031
0.2740
0.2477
0.2342
0.2284
0.2272
0.2271
0.2272
0.2278
0.2273
0.2273
0.2279
0.2275
0.2273
0.2281
0.2275
0.2273
0.2278
0.2272
0.2275
0.2277
0.2274
0.2278
0.2273
0.2275
0.2275
0.2277
0.2276
0.2276
0.2275
0.2277
0.2275
0.2276
0.2276
0.2275
0.2273
0.2273
0.2279
0.2277
0.2278
0.2275
0.2275
0.2278
0.2278
0.2277
0.2278
0.2274
0.2279
0.2277
0.2274
0.2275
0.2275
0.2278
0.2276
0.2272
0.2278
0.2278
0.2278
0.2276
0.2276
0.2277
0.2275
0.2275
0.2275
0.2274
0.2276
0.2273
0.2278
0.2274
0.2278
0.2273
0.2278
0.2278
0.2279
0.2275
0.2274
0.2275
0.2278
0.2274
0.2276
0.2276
0.2276
0.2277
0.2275
0.2275
0.2277
0.2279
0.2274
0.2272
0.2277
0.2274
0.2273
0.2276
0.2274
0.2277
0.2273
0.2277
0.2278
0.2272
0.2278
0.2276
0.2277
0.2278
0.2275
0.2279
0.2276
0.2280
0.2278
0.2277
0.2277
0.2278
0.2274
0.2276
0.2276
0.2273
0.2275
0.2276
0.2274
0.2276
0.2276
0.2280
0.2276
0.2276
0.2275
0.2274
0.2275
0.2274
0.2272
0.2277
0.2277
0.2272
0.2281
0.2278
0.2275
0.2276
0.2276
0.2276
0.2276
0.2276
0.2275
0.2275
0.2275
0.2275
0.2278
0.2277
0.2277
0.2277
0.2275
0.2275
