0.0921 -0.1382
0.0926 -0.1389
0.0931 -0.1396
0.0935 -0.1402
0.0939 -0.1408
0.0941 -0.1412
0.0942 -0.1413
0.0941 -0.1412
0.0938 -0.1408
0.0933 -0.1400
0.0926 -0.1390
0.0871 -0.0490
0.0807 -0.0428
0.0749 -0.0377
0.0674 -0.0514
0.0590 -0.0448
0.0513 -0.0390
0.0445 -0.0337
0.0383 -0.0290
0.0326 -0.0246
0.0257 -0.0291
0.0188 -0.0213
0.0124 -0.0141
0.0065 -0.0074
0.0012 -0.0014
-0.0035 0.0038
-0.0072 0.0081
-0.0099 0.0112
-0.0116 0.0130
-0.0120 0.0135
-0.0105 0.0158
-0.0078 0.0117
-0.0041 0.0063
0.0003 -0.0003
0.0052 -0.0078
0.0105 -0.0157
0.0160 -0.0239
0.0213 -0.0319
0.0263 -0.0393
0.0307 -0.0460
0.0345 -0.0517
0.0375 -0.0562
0.0397 -0.0595
0.0410 -0.0615
0.0416 -0.0625
0.0415 -0.0623
0.0408 -0.0613
0.0397 -0.0595
0.0383 -0.0551
0.0373 -0.0496
0.0366 -0.0451
0.0363 -0.0417
0.0362 -0.0391
0.0362 -0.0370
0.0362 -0.0353
0.0361 -0.0338
0.0360 -0.0325
0.0358 -0.0312
0.0344 -0.0384
0.0326 -0.0342
0.0310 -0.0310
0.0297 -0.0284
0.0286 -0.0263
0.0275 -0.0245
0.0265 -0.0230
0.0254 -0.0215
0.0241 -0.0200
0.0225 -0.0184
0.0206 -0.0166
0.0182 -0.0145
0.0151 -0.0119
0.0113 -0.0089
0.0067 -0.0052
0.0010 -0.0008
-0.0059 0.0041
-0.0143 0.0093
-0.0248 0.0150
-0.0378 0.0213
-0.0540 0.0287
-0.0737 0.0372
-0.0968 0.0465
-0.1230 0.0489
-0.1513 0.0497
-0.1795 0.0488
-0.2056 0.0462
-0.2283 0.0425
-0.2472 0.0380
-0.2624 0.0334
-0.2741 0.0288
-0.2830 0.0246
-0.2893 0.0208
-0.2937 0.0175
-0.2964 0.0146
-0.2977 0.0121
-0.2980 0.0100
-0.2974 0.0083
-0.2958 0.0068
-0.2927 0.0056
-0.2871 0.0045
-0.2782 0.0036
-0.2630 0.1016
-0.2306 0.0886
-0.1985 0.0760
-0.1653 0.0631
-0.1286 0.0490
-0.0842 0.0321
-0.0226 0.0176
0.0577 -0.0639
0.1332 -0.1491
0.1833 -0.2059
0.2014 -0.3020
0.2017 -0.3026
