0.9623
0.9969
0.9996
0.9996
0.9996
0.9996
0.9996
0.9996
0.9996
0.9996
0.9996
0.9996
0.9996
0.9996
0.9996
0.9996
0.9996
0.9996
0.9996
0.9996
0.9996
0.9996
0.9996
0.9996
0.9996
0.9996
0.9996
0.9996
0.9996
0.9996
0.9996
0.9996
0.9996
0.9996
0.9996
0.9996
0.9996
0.9996
0.9996
0.9996
0.9996
0.9996
0.9996
0.9996
0.9996
0.9996
0.9996
0.9996
0.9996
0.9996
0.9996
0.9996
0.9996
0.9996
0.9996
0.9996
0.9996
0.9996
0.9996
0.9996
0.9996
0.9996
0.9996
0.9996
0.9996
0.9996
0.9996
0.9996
0.9996
0.9996
0.9996
0.9996
0.9996
0.9996
0.9996
0.9996
0.9996
0.9996
0.9996
0.9996
0.9996
0.9996
0.9996
0.9996
0.9996
0.9996
0.9996
0.9996
0.9996
0.9996
0.9996
0.9996
0.9996
0.9996
0.9996
0.9996
0.9996
0.9996
0.9996
0.9996
0.9996
0.9996
0.9996
0.9996
0.9996
0.9996
0.9996
0.9996
0.9996
0.9996
0.9996
0.9996
0.9996
0.9996
0.9996
0.9996
0.9996
0.9996
0.9996
0.9996
0.9996
0.9996
0.9996
0.9996
0.9996
0.9996
0.9996
0.9996
0.9996
0.9996
0.9996
0.9996
0.9996
0.9996
0.9996
0.9996
0.9996
0.9996
0.9996
0.9996
0.9996
0.9996
0.9996
0.9996
0.9996
0.9996
0.9996
0.9996
0.9996
0.9996
