0.9132
0.8655
0.7045
0.4908
0.3365
0.2524
0.2443
0.2468
0.2462
0.2511
0.2450
0.2506
0.2515
0.2445
0.2488
0.2477
0.2502
0.2508
0.2488
0.2521
0.2488
0.2491
0.2510
0.2503
0.2500
0.2503
0.2499
0.2490
0.2532
0.2532
0.2516
0.2466
0.2507
0.2487
0.2499
0.2482
0.2498
0.2518
0.2462
0.2530
0.2488
0.2474
0.2522
0.2510
0.2499
0.2484
0.2520
0.2471
0.2539
0.2503
0.2510
0.2461
0.2522
0.2489
0.2522
0.2497
0.2506
0.2482
0.2504
0.2477
0.2522
0.2511
0.2498
0.2482
0.2483
0.2515
0.2477
0.2487
0.2522
0.2516
0.2468
0.2491
0.2571
0.2443
0.2514
0.2482
0.2521
0.2494
0.2492
0.2480
0.2486
0.2534
0.2495
0.2490
0.2495
0.2485
0.2508
0.2471
0.2494
0.2513
0.2506
0.2500
0.2494
0.2514
0.2492
0.2493
0.2498
0.2502
0.2508
0.2511
0.2492
0.2505
0.2477
0.2506
0.2521
0.2504
0.2484
0.2514
0.2513
0.2467
0.2515
0.2504
0.2480
0.2487
0.2495
0.2472
0.2537
0.2515
0.2475
0.2522
0.2541
0.2489
0.2531
0.2502
0.2496
0.2519
0.2487
0.2479
0.2507
0.2521
0.2472
0.2484
0.2514
0.2480
0.2510
0.2497
0.2488
0.2488
0.2486
0.2526
0.2471
0.2520
0.2534
0.2485
0.2481
0.2513
0.2502
0.2465
0.2469
0.2540
