-0.4083 0.000032
-0.4047 0.000026
-0.4006 0.000022
-0.3961 0.000018
-0.3913 0.000014
-0.3862 0.000012
-0.3808 0.000010
-0.3750 0.000008
-0.3689 0.000006
-0.3626 0.000005
-0.3514 0.043941
-0.3371 0.042155
-0.3228 0.080761
-0.3031 0.075812
-0.2851 0.071316
-0.2686 0.067188
-0.2532 0.063348
-0.2387 0.059721
-0.2210 0.082959
-0.2021 0.075867
-0.1834 0.068859
-0.1643 0.061698
-0.1440 0.054073
-0.1211 0.045511
-0.0936 0.035228
-0.0572 0.028827
-0.0055 0.003056
0.0636 -0.030264
0.1366 -0.063063
0.1925 -0.086319
0.2258 -0.098583
0.2404 -0.102577
0.2420 -0.101260
0.2354 -0.096841
0.2239 -0.090778
0.2096 -0.083968
0.1944 -0.073338
0.1790 -0.063649
0.1639 -0.053218
0.1491 -0.043304
0.1346 -0.035242
0.1198 -0.028556
0.1045 -0.022879
0.0883 -0.017908
0.0705 -0.013369
0.0502 -0.008981
0.0258 -0.004406
-0.0055 0.000822
-0.0478 0.007333
-0.1048 0.013538
-0.1726 0.018474
-0.2389 0.021182
-0.2953 0.021666
-0.3398 0.020629
-0.3738 0.018775
-0.3995 0.016593
-0.4185 0.014378
-0.4324 0.012287
-0.4424 0.010397
-0.4494 0.008734
-0.4540 0.007297
-0.4568 0.006072
-0.4582 0.005037
-0.4585 0.004168
-0.4579 0.003442
-0.4567 0.002839
-0.4550 0.002339
-0.4529 0.001925
-0.4506 0.001584
-0.4482 0.001303
-0.4458 0.001072
-0.4434 0.000882
-0.4411 0.000725
-0.4390 0.000597
-0.4371 0.000491
-0.4353 0.000405
-0.4336 0.000333
-0.4321 0.000275
-0.4305 0.000226
-0.4290 0.000187
-0.4274 0.000154
-0.4258 0.000127
-0.4241 0.000104
-0.4222 0.000086
-0.4203 0.000071
-0.4181 0.000058
-0.4157 0.000048
-0.4128 0.000039
-0.4095 0.000032
-0.4057 0.000026
-0.4014 0.000022
-0.3967 0.000018
-0.3916 0.000014
-0.3862 0.000012
-0.3804 0.000010
-0.3744 0.000008
-0.3681 0.000006
-0.3615 0.000005
-0.3550 0.000004
-0.3484 0.000003
-0.3420 0.000003
-0.3324 0.041565
-0.3187 0.039861
-0.3062 0.038290
-0.2946 0.036837
-0.2838 0.035484
-0.2699 0.067525
-0.2540 0.063550
-0.2391 0.059811
-0.2248 0.056244
-0.2110 0.052795
-0.1975 0.049408
-0.1839 0.046019
-0.1687 0.063346
-0.1496 0.056170
-0.1285 0.048268
-0.1038 0.039009
-0.0724 0.027293
-0.0294 0.011210
0.0316 -0.011579
0.1062 -0.039548
0.1726 -0.064521
0.2167 -0.081133
0.2392 -0.089655
0.2458 -0.091771
0.2424 -0.085346
0.2332 -0.075605
0.2211 -0.064076
0.2075 -0.054210
0.1930 -0.045864
0.1779 -0.038826
0.1626 -0.032869
0.1471 -0.027780
0.1314 -0.023364
0.1152 -0.019443
0.0983 -0.015854
0.0802 -0.011615
0.0602 -0.007221
0.0369 -0.003672
0.0077 -0.000655
-0.0317 0.002108
-0.0862 0.004776
-0.1550 0.007120
-0.2261 0.008604
-0.2881 0.009074
-0.3375 0.008792
-0.3751 0.008084
-0.4032 0.007187
-0.4239 0.006248
-0.4389 0.005350
-0.4496 0.004531
-0.4569 0.003807
-0.4616 0.003181
-0.4645 0.002646
-0.4659 0.002194
-0.4662 0.001816
-0.4657 0.001500
-0.4646 0.001237
-0.4630 0.001019
-0.4613 0.000840
-0.4593 0.000691
-0.4574 0.000569
-0.4555 0.000469
-0.4538 0.000386
-0.4521 0.000318
-0.4506 0.000262
-0.4467 0.056070
-0.4352 0.054587
-0.4251 0.053286
-0.4160 0.052119
-0.4075 0.051033
-0.3991 0.049974
-0.3906 0.048901
-0.3819 0.047800
-0.3730 0.046671
-0.3639 0.045528
-0.3548 0.044384
-0.3458 0.043257
-0.3370 0.042158
-0.3286 0.041099
-0.3205 0.040086
-0.3129 0.039125
-0.3056 0.038217
-0.2988 0.037361
-0.2923 0.036549
-0.2861 0.035774
-0.2804 0.031690
-0.2758 0.026034
-0.2723 0.021465
-0.2696 0.017751
-0.2636 0.047461
-0.2561 0.043777
-0.2494 0.040744
-0.2434 0.038230
-0.2369 0.065604
-0.2262 0.061635
-0.2160 0.058066
-0.2062 0.054794
-0.1966 0.051741
-0.1871 0.048842
-0.1743 0.067004
-0.1598 0.061194
-0.1444 0.055141
-0.1275 0.048558
-0.1079 0.041003
-0.0836 0.031757
-0.0515 0.019601
-0.0065 0.002650
0.0547 -0.020376
0.1223 -0.045837
0.1772 -0.066539
0.2114 -0.079458
0.2275 -0.085509
0.2305 -0.083943
0.2257 -0.077736
0.2163 -0.066849
0.2045 -0.056707
0.1914 -0.048018
0.1773 -0.040636
0.1628 -0.034370
0.1478 -0.029013
0.1325 -0.024374
0.1166 -0.020274
0.1002 -0.014506
0.0828 -0.009920
0.0636 -0.006306
0.0412 -0.003383
0.0132 -0.000910
-0.0243 0.001333
-0.0764 0.003501
-0.1439 0.005468
-0.2162 0.006801
-0.2804 0.007304
-0.3320 0.007155
-0.3716 0.006624
-0.4013 0.005916
-0.4231 0.005158
-0.4388 0.004424
-0.4499 0.003751
-0.4575 0.003154
-0.4623 0.002635
-0.4650 0.002192
-0.4661 0.001817
-0.4661 0.001502
-0.4651 0.001239
-0.4635 0.001021
-0.4614 0.000840
-0.4590 0.000691
-0.4565 0.000568
-0.4539 0.000467
-0.4513 0.000384
-0.4489 0.000316
-0.4465 0.000260
-0.4444 0.000214
-0.4425 0.000176
-0.4409 0.000145
-0.4393 0.055041
-0.4282 0.053635
-0.4191 0.052471
-0.4115 0.051506
-0.4050 0.050681
-0.3989 0.049909
-0.3925 0.049104
-0.3854 0.048212
-0.3775 0.047220
-0.3689 0.046145
-0.3599 0.045017
-0.3508 0.043869
-0.3416 0.042726
-0.3327 0.041608
-0.3241 0.040531
-0.3159 0.039508
-0.3083 0.038548
-0.3012 0.037657
-0.2946 0.036835
-0.2886 0.036079
-0.2833 0.031224
-0.2794 0.025720
-0.2767 0.021265
-0.2746 0.017629
-0.2731 0.014642
-0.2720 0.012176
-0.2711 0.010136
-0.2705 0.008446
-0.2665 0.040271
-0.2599 0.038160
-0.2530 0.067881
-0.2413 0.064028
-0.2304 0.060550
-0.2200 0.057351
-0.2099 0.054356
-0.2000 0.051505
-0.1862 0.071016
-0.1713 0.065189
-0.1560 0.059213
-0.1394 0.052847
-0.1208 0.045731
-0.0986 0.037304
-0.0702 0.026612
-0.0315 0.012046
0.0230 -0.008431
0.0914 -0.034117
0.1556 -0.058306
0.2006 -0.075257
0.2250 -0.084474
0.2336 -0.087711
0.2313 -0.086893
0.2228 -0.077661
0.2115 -0.065561
0.1987 -0.055243
0.1850 -0.046535
0.1707 -0.039207
0.1561 -0.033015
0.1410 -0.027731
0.1256 -0.022649
0.1099 -0.016391
0.0936 -0.011543
0.0759 -0.007746
0.0559 -0.004723
0.0320 -0.002242
0.0013 -0.000095
-0.0406 0.001907
-0.0983 0.003841
-0.1690 0.005470
-0.2393 0.006415
-0.2991 0.006637
-0.3462 0.006355
-0.3818 0.005798
-0.4083 0.005127
-0.4276 0.004441
-0.4414 0.003790
-0.4510 0.003202
-0.4573 0.002685
-0.4612 0.002239
-0.4632 0.001859
-0.4637 0.001539
-0.4632 0.001271
-0.4619 0.001048
-0.4600 0.000863
-0.4576 0.000710
-0.4550 0.000584
-0.4521 0.000479
-0.4490 0.000394
-0.4458 0.000323
-0.4426 0.000265
-0.4393 0.000218
-0.4361 0.000179
-0.4330 0.000147
-0.4300 0.000120
-0.4273 0.000099
-0.4249 0.000081
-0.4150 0.051959
-0.4045 0.050627
-0.3955 0.049487
-0.3877 0.048500
-0.3806 0.047607
-0.3737 0.046742
-0.3666 0.045857
-0.3592 0.044928
-0.3515 0.043957
-0.3435 0.042955
-0.3354 0.041940
-0.3273 0.040930
-0.3194 0.039940
-0.3117 0.038981
-0.3044 0.038060
-0.2973 0.037179
-0.2906 0.036337
-0.2842 0.035535
-0.2781 0.034773
-0.2724 0.033027
-0.2677 0.027104
-0.2641 0.022337
-0.2616 0.018473
-0.2565 0.047197
-0.2492 0.043436
-0.2428 0.040347
-0.2371 0.037794
-0.2266 0.063172
-0.2163 0.059287
-0.2065 0.055771
-0.1968 0.052523
-0.1873 0.049462
-0.1777 0.046516
-0.1678 0.043615
-0.1575 0.040685
-0.1432 0.054741
-0.1266 0.048263
-0.1073 0.040839
-0.0836 0.031790
-0.0524 0.019945
-0.0087 0.003484
0.0509 -0.018948
0.1177 -0.044127
0.1730 -0.064988
0.2081 -0.078233
0.2250 -0.084602
0.2289 -0.082528
0.2249 -0.073119
0.2165 -0.062893
0.2053 -0.053763
0.1924 -0.045825
0.1784 -0.039008
0.1638 -0.033167
0.1488 -0.028135
0.1334 -0.023745
0.1174 -0.019837
0.1007 -0.016259
0.0829 -0.012139
0.0633 -0.007676
0.0407 -0.004095
0.0128 -0.001085
-0.0243 0.001631
-0.0757 0.004242
-0.1422 0.006608
-0.2135 0.008218
-0.2772 0.008830
-0.3284 0.008656
-0.3677 0.008017
-0.3971 0.007160
-0.4187 0.006245
-0.4344 0.005357
-0.4455 0.004543
-0.4530 0.003820
-0.4579 0.003192
-0.4606 0.002655
-0.4617 0.002201
-0.4616 0.001819
-0.4605 0.001501
-0.4586 0.001236
-0.4562 0.001016
-0.4533 0.000835
-0.4500 0.000685
-0.4466 0.000562
-0.4430 0.000461
-0.4394 0.000378
-0.4358 0.000310
-0.4323 0.000254
-0.4290 0.000209
-0.4259 0.000171
-0.4230 0.000141
-0.4205 0.000116
-0.4182 0.000095
-0.4161 0.000078
-0.4142 0.000064
-0.4125 0.000053
-0.4109 0.000044
-0.4094 0.000036
-0.4081 0.000030
-0.4069 0.000024
-0.4056 0.000020
-0.4042 0.000017
-0.4026 0.000014
-0.4008 0.000011
-0.3986 0.000009
-0.3962 0.000008
-0.3935 0.000006
-0.3904 0.000005
-0.3870 0.000004
-0.3833 0.000003
-0.3793 0.000003
-0.3750 0.000002
-0.3704 0.000002
-0.3657 0.000002
-0.3609 0.000001
-0.3561 0.000001
-0.3461 0.086591
-0.3260 0.081545
-0.3082 0.077085
-0.2923 0.073119
-0.2780 0.069526
-0.2646 0.066177
-0.2518 0.062970
-0.2392 0.059843
-0.2269 0.056756
-0.2146 0.053685
-0.2023 0.050606
-0.1898 0.047487
-0.1770 0.044283
-0.1636 0.040926
-0.1491 0.037318
-0.1331 0.033307
-0.1144 0.028646
-0.0914 0.022916
-0.0611 0.015355
-0.0181 0.004646
0.0432 -0.010629
0.1165 -0.026834
0.1793 -0.060464
0.2188 -0.066531
0.2396 -0.065483
0.2466 -0.061081
0.2441 -0.055295
0.2356 -0.049230
0.2233 -0.043434
0.2090 -0.038137
0.1935 -0.033395
0.1775 -0.029179
0.1613 -0.025418
0.1449 -0.022025
0.1283 -0.018908
0.1113 -0.015973
0.0934 -0.013114
0.0740 -0.010210
0.0522 -0.007093
0.0260 -0.003513
-0.0075 0.000935
-0.0528 0.006839
-0.1131 0.014592
-0.1821 0.023399
-0.2467 0.031583
-0.2995 0.035729
-0.3407 0.033612
-0.3720 0.030358
-0.3956 0.026697
-0.4132 0.023058
-0.4261 0.019664
-0.4355 0.016618
-0.4421 0.013949
-0.4465 0.011650
-0.4493 0.009691
-0.4507 0.008038
-0.4509 0.006650
-0.4503 0.005490
-0.4489 0.004525
-0.4469 0.003725
-0.4444 0.003063
-0.4415 0.002516
-0.4384 0.002065
-0.4350 0.001695
-0.4315 0.001390
-0.4279 0.001140
-0.4243 0.000934
-0.4206 0.000766
-0.4171 0.000628
-0.4136 0.000515
-0.4102 0.000422
-0.4070 0.000346
-0.4003 0.050331
-0.3888 0.048834
-0.3787 0.047534
-0.3699 0.046398
-0.3621 0.045392
-0.3550 0.044475
-0.3481 0.043599
-0.3413 0.042732
-0.3344 0.041859
-0.3274 0.040981
-0.3205 0.040105
-0.3137 0.039244
-0.3070 0.038406
-0.3006 0.037599
-0.2945 0.036829
-0.2887 0.036104
-0.2833 0.035428
-0.2783 0.034804
-0.2737 0.034227
-0.2695 0.033693
-0.2655 0.033197
-0.2618 0.032736
-0.2584 0.032308
-0.2557 0.027424
-0.2541 0.022761
-0.2535 0.018964
-0.2513 0.078560
-0.2401 0.072590
-0.2302 0.067606
-0.2213 0.063390
-0.2130 0.059749
-0.2051 0.056509
-0.1973 0.053541
-0.1895 0.050753
-0.1815 0.048081
-0.1733 0.045477
-0.1647 0.042895
-0.1557 0.040284
-0.1460 0.037584
-0.1355 0.034715
-0.1236 0.031561
-0.1098 0.027954
-0.0930 0.023621
-0.0714 0.018109
-0.0418 0.010641
0.0003 0.000062
0.0569 -0.021214
0.1183 -0.042339
0.1688 -0.057359
0.2017 -0.061658
0.2190 -0.060123
0.2245 -0.055851
0.2219 -0.050472
0.2141 -0.044899
0.2029 -0.039584
0.1897 -0.034714
0.1753 -0.030329
0.1603 -0.026399
0.1447 -0.022852
0.1288 -0.019606
0.1122 -0.016566
0.0948 -0.013628
0.0759 -0.010671
0.0545 -0.007531
0.0290 -0.003968
-0.0034 0.000405
-0.0472 0.006168
-0.1059 0.013781
-0.1747 0.021129
-0.2412 0.024151
-0.2971 0.024615
-0.3409 0.023364
-0.3742 0.021211
-0.3990 0.018707
-0.4174 0.016181
-0.4307 0.013808
-0.4402 0.011670
-0.4468 0.009793
-0.4510 0.008174
-0.4535 0.006796
-0.4546 0.005633
-0.4546 0.004657
-0.4537 0.003843
-0.4522 0.003167
-0.4501 0.002606
-0.4475 0.002143
-0.4446 0.001760
-0.4413 0.001444
-0.4377 0.001184
-0.4338 0.000971
-0.4297 0.000795
-0.4253 0.000651
-0.4209 0.000532
-0.4163 0.000435
-0.4117 0.000356
-0.4072 0.000291
-0.4027 0.000238
-0.3985 0.000195
-0.3945 0.000159
-0.3908 0.000131
-0.3873 0.000107
-0.3841 0.000088
-0.3810 0.000072
-0.3782 0.000059
-0.3665 0.045877
-0.3559 0.044535
-0.3461 0.043303
-0.3370 0.042156
-0.3283 0.041065
-0.3199 0.040011
-0.3117 0.038986
-0.3038 0.037995
-0.2962 0.037041
-0.2889 0.036132
-0.2784 0.069636
-0.2635 0.098888
-0.2456 0.092173
-0.2292 0.086011
-0.2139 0.080255
-0.1992 0.074751
-0.1847 0.069331
-0.1701 0.063830
-0.1547 0.058069
-0.1380 0.051819
-0.1192 0.042905
-0.0972 0.033262
-0.0694 0.022729
-0.0312 0.009912
0.0231 -0.006816
0.0921 -0.026891
0.1578 -0.045143
0.2047 -0.057395
0.2308 -0.063606
0.2406 -0.065344
0.2397 -0.059890
0.2324 -0.053086
0.2175 -0.073050
0.2010 -0.061746
0.1851 -0.051034
0.1696 -0.042346
0.1542 -0.035204
0.1390 -0.029243
0.1235 -0.024171
0.1075 -0.019745
0.0907 -0.015753
0.0725 -0.011989
0.0518 -0.008228
0.0272 -0.004180
-0.0043 0.000580
-0.0468 0.006650
-0.1038 0.014493
-0.1711 0.023482
-0.2361 0.031937
-0.2903 0.038770
-0.3320 0.043860
-0.3628 0.047486
-0.3848 0.049983
-0.4001 0.051638
-0.4103 0.051042
-0.4178 0.042973
-0.4236 0.036024
-0.4279 0.030092
-0.4310 0.025064
-0.4332 0.020825
-0.4344 0.017268
-0.4349 0.014294
-0.4347 0.011815
-0.4340 0.009752
-0.4327 0.008040
-0.4309 0.006620
-0.4287 0.005445
-0.4261 0.004475
-0.4232 0.003675
-0.4202 0.003017
-0.4169 0.002475
-0.4135 0.002030
-0.4101 0.001665
-0.4067 0.001365
-0.4033 0.001119
-0.3999 0.000918
-0.3966 0.000752
-0.3935 0.000617
-0.3903 0.000506
-0.3873 0.000415
-0.3842 0.000341
-0.3810 0.000279
-0.3778 0.000229
-0.3745 0.000188
-0.3711 0.000154
-0.3678 0.000126
-0.3646 0.000103
-0.3616 0.000085
-0.3588 0.000069
-0.3561 0.000057
-0.3537 0.000047
-0.3516 0.000038
-0.3496 0.000032
-0.3480 0.000026
-0.3464 0.000021
-0.3450 0.000018
-0.3434 0.000015
-0.3417 0.000012
-0.3398 0.000010
-0.3377 0.000008
-0.3355 0.000007
-0.3332 0.000005
-0.3289 0.041134
-0.3189 0.039883
-0.3098 0.038739
-0.3015 0.037698
-0.2890 0.072282
-0.2758 0.068986
-0.2640 0.066028
-0.2532 0.063322
-0.2429 0.060759
-0.2329 0.058250
-0.2229 0.055742
-0.2127 0.053210
-0.2025 0.050644
-0.1920 0.048030
-0.1813 0.045350
-0.1702 0.042568
-0.1584 0.039633
-0.1457 0.036465
-0.1316 0.032940
-0.1153 0.028864
-0.0955 0.023762
-0.0701 0.015988
-0.0355 0.007511
0.0144 -0.002686
0.0807 -0.014607
0.1487 -0.025562
0.2007 -0.030095
0.2328 -0.028897
0.2482 -0.025493
0.2503 -0.052560
0.2406 -0.046997
0.2275 -0.041666
0.2124 -0.036769
0.1963 -0.032360
0.1799 -0.028413
0.1633 -0.024868
0.1467 -0.021648
0.1299 -0.018669
0.1127 -0.015846
0.0948 -0.013082
0.0755 -0.010263
0.0539 -0.007234
0.0281 -0.003757
-0.0046 0.000556
-0.0489 0.006281
-0.1081 0.013864
-0.1770 0.022627
-0.2425 0.030905
-0.2963 0.037659
-0.3374 0.042768
-0.3675 0.046479
-0.3889 0.049096
-0.4038 0.050408
-0.4145 0.042795
-0.4229 0.036096
-0.4292 0.030292
-0.4338 0.025318
-0.4371 0.021091
-0.4391 0.017520
-0.4402 0.014521
-0.4404 0.012011
-0.4398 0.009919
-0.4387 0.008180
-0.4371 0.006738
-0.4350 0.005545
-0.4326 0.004560
-0.4300 0.003747
-0.4272 0.003078
-0.4243 0.002527
-0.4213 0.002075
-0.4182 0.001703
-0.4151 0.001398
-0.4120 0.001147
-0.4087 0.000941
-0.4052 0.000771
-0.4016 0.000632
-0.3978 0.000518
-0.3940 0.000424
-0.3901 0.000347
-0.3864 0.000284
-0.3827 0.000233
-0.3793 0.000191
-0.3760 0.000156
-0.3730 0.000128
-0.3702 0.000105
-0.3677 0.000086
-0.3654 0.000071
-0.3632 0.000058
-0.3611 0.000048
-0.3574 0.044723
-0.3468 0.043397
-0.3371 0.042175
-0.3281 0.041038
-0.3195 0.039967
-0.3113 0.038935
-0.3031 0.075823
-0.2881 0.072073
-0.2742 0.068583
-0.2611 0.065321
-0.2489 0.062261
-0.2319 0.087021
-0.2154 0.080856
-0.1997 0.074930
-0.1841 0.069085
-0.1682 0.063136
-0.1514 0.056858
-0.1330 0.049954
-0.1117 0.041973
-0.0854 0.032133
-0.0508 0.018142
-0.0021 0.000911
0.0642 -0.020469
0.1357 -0.041961
0.1921 -0.057618
0.2265 -0.066142
0.2423 -0.067666
0.2456 -0.062102
0.2406 -0.055602
0.2306 -0.049107
0.2176 -0.043060
0.1991 -0.061832
0.1807 -0.053249
0.1635 -0.043398
0.1471 -0.035493
0.1311 -0.029004
0.1150 -0.023545
0.0985 -0.018810
0.0809 -0.014537
0.0614 -0.010476
0.0389 -0.006343
0.0110 -0.001763
-0.0257 0.003803
-0.0757 0.010971
-0.1392 0.019727
-0.2064 0.028693
-0.2659 0.036340
-0.3131 0.042174
-0.3485 0.046375
-0.3743 0.049290
-0.3925 0.051241
-0.4049 0.052482
-0.4130 0.053204
-0.4179 0.051034
-0.4214 0.042556
-0.4242 0.035424
-0.4264 0.029437
-0.4279 0.024424
-0.4287 0.020235
-0.4290 0.016742
-0.4288 0.013836
-0.4281 0.011423
-0.4271 0.009422
-0.4257 0.007765
-0.4240 0.006396
-0.4221 0.005264
-0.4200 0.004331
-0.4177 0.003561
-0.4153 0.002928
-0.4128 0.002406
-0.4103 0.001977
-0.4077 0.001624
-0.4051 0.001335
-0.4024 0.001096
-0.3998 0.000901
-0.3972 0.000740
-0.3936 0.049814
-0.3819 0.048239
-0.3714 0.046833
-0.3619 0.045559
-0.3530 0.044390
-0.3448 0.043309
-0.3369 0.042293
-0.3294 0.041320
-0.3221 0.040375
-0.3149 0.039454
-0.3078 0.038559
-0.3010 0.037694
-0.2945 0.036864
-0.2882 0.036074
-0.2823 0.035329
-0.2768 0.034634
-0.2717 0.033993
-0.2671 0.033409
-0.2629 0.032879
-0.2591 0.032397
-0.2556 0.031958
-0.2524 0.031561
-0.2496 0.031205
-0.2475 0.026078
-0.2467 0.021704
-0.2469 0.018139
-0.2464 0.045932
-0.2422 0.072987
-0.2330 0.068257
-0.2250 0.064312
-0.2179 0.061011
-0.2117 0.058226
-0.2060 0.055804
-0.2004 0.053600
-0.1947 0.051516
-0.1888 0.049497
-0.1826 0.047512
-0.1762 0.045548
-0.1695 0.043591
-0.1626 0.041627
-0.1554 0.039638
-0.1479 0.037597
-0.1399 0.035471
-0.1312 0.033212
-0.1217 0.030748
-0.1109 0.027973
-0.0981 0.024507
-0.0824 0.018822
-0.0621 0.013097
-0.0340 0.006719
0.0060 -0.000910
0.0606 -0.008105
0.1216 -0.013519
0.1736 -0.015990
0.2074 -0.041721
0.2219 -0.041739
0.2251 -0.039886
0.2204 -0.037084
0.2109 -0.033902
0.1983 -0.030659
0.1840 -0.027514
0.1688 -0.024529
0.1531 -0.021709
0.1369 -0.019030
0.1204 -0.016444
0.1031 -0.013889
0.0848 -0.011282
0.0645 -0.008505
0.0410 -0.005375
0.0120 -0.001592
-0.0263 0.003331
-0.0786 0.009990
-0.1447 0.018360
-0.2136 0.027060
-0.2736 0.034601
-0.3207 0.040491
-0.3558 0.044855
-0.3815 0.043289
-0.4009 0.037619
-0.4156 0.032251
-0.4267 0.027383
-0.4351 0.023083
-0.4412 0.019354
-0.4455 0.016161
-0.4485 0.013451
-0.4503 0.011167
-0.4512 0.009252
-0.4514 0.007652
-0.4490 0.062429
-0.4382 0.059864
-0.4288 0.057714
-0.4204 0.055897
