-0.3697 0.002433
-0.3734 0.002032
-0.3762 0.001693
-0.3782 0.001407
-0.3795 0.001167
-0.3802 0.000967
-0.3700 0.093316
-0.3541 0.089165
-0.3402 0.085579
-0.3281 0.082453
-0.3174 0.079697
-0.3078 0.077229
-0.2912 0.145926
-0.2706 0.135532
-0.2524 0.126380
-0.2360 0.118178
-0.2211 0.110712
-0.2074 0.103804
-0.1944 0.097295
-0.1819 0.091039
-0.1696 0.084896
-0.1573 0.078721
-0.1445 0.072344
-0.1309 0.065552
-0.1159 0.058045
-0.0989 0.046062
-0.0789 0.034002
-0.0537 0.021583
-0.0195 0.007461
0.0274 -0.009045
0.0854 -0.023826
0.1422 -0.033232
0.1854 -0.036248
0.2120 -0.034653
0.2245 -0.030664
0.2265 -0.025848
0.2213 -0.021096
0.2114 -0.016831
0.1964 -0.062218
0.1744 -0.053348
0.1473 -0.080602
0.1236 -0.066700
0.1016 -0.054221
0.0801 -0.042306
0.0575 -0.030181
0.0324 -0.016972
0.0026 -0.001504
-0.0351 0.017807
-0.0834 0.042320
-0.1399 0.070933
-0.1958 0.099122
-0.2428 0.122729
-0.2783 0.140496
-0.3035 0.153002
-0.3204 0.161342
-0.3311 0.166559
-0.3373 0.169495
-0.3401 0.170784
-0.3415 0.159297
-0.3433 0.147272
-0.3457 0.128695
-0.3501 0.107775
-0.3559 0.090573
-0.3622 0.076220
-0.3686 0.064141
-0.3748 0.053927
-0.3806 0.045277
-0.3858 0.037950
-0.3904 0.031752
-0.3943 0.026518
-0.3976 0.022108
-0.4002 0.018400
-0.4021 0.015289
-0.4035 0.012686
-0.4044 0.010512
-0.4048 0.008700
-0.4047 0.007192
-0.4042 0.005939
-0.4033 0.004900
-0.4021 0.004040
-0.4007 0.003328
-0.3989 0.002740
-0.3970 0.002255
-0.3949 0.001854
-0.3926 0.001524
-0.3902 0.001253
-0.3876 0.001029
-0.3850 0.000845
-0.3666 0.092358
-0.3485 0.087683
-0.3326 0.083591
-0.3185 0.079990
-0.3061 0.076805
-0.2949 0.073964
-0.2849 0.071408
-0.2757 0.069087
-0.2674 0.066967
-0.2597 0.065023
-0.2526 0.063232
-0.2460 0.061580
-0.2400 0.060054
-0.2290 0.114643
-0.2130 0.106614
-0.1981 0.099120
-0.1838 0.091974
-0.1699 0.085007
-0.1559 0.078028
-0.1414 0.070799
-0.1258 0.063010
-0.1083 0.053272
-0.0879 0.039803
-0.0628 0.026404
-0.0293 0.011609
0.0170 -0.006053
0.0760 -0.026238
0.1353 -0.044173
0.1812 -0.049512
0.2103 -0.048030
0.2248 -0.042896
0.2283 -0.036408
0.2243 -0.029881
0.2153 -0.023958
0.1976 -0.067834
0.1772 -0.058103
0.1580 -0.049796
0.1396 -0.042506
0.1215 -0.035909
0.1031 -0.029727
0.0840 -0.023689
0.0631 -0.017485
0.0391 -0.010700
0.0098 -0.002706
-0.0280 0.014230
-0.0764 0.038916
-0.1340 0.068122
-0.1918 0.097353
-0.2409 0.122032
-0.2781 0.140639
-0.3045 0.153718
-0.3222 0.162417
-0.3333 0.167836
-0.3399 0.165780
-0.3450 0.154074
-0.3493 0.144123
-0.3528 0.135649
-0.3556 0.128422
-0.3575 0.122245
-0.3587 0.116950
-0.3592 0.112391
-0.3591 0.108446
-0.3584 0.105009
-0.3580 0.090338
-0.3596 0.075024
-0.3625 0.062517
-0.3659 0.052184
-0.3696 0.043586
-0.3733 0.036399
-0.3768 0.030378
-0.3800 0.025329
-0.3828 0.021096
-0.3851 0.017549
-0.3870 0.014580
-0.3883 0.012098
-0.3892 0.010026
-0.3897 0.008300
-0.3897 0.006863
-0.3894 0.005670
-0.3888 0.004681
-0.3879 0.003861
-0.3867 0.003183
-0.3853 0.002622
-0.3838 0.002159
-0.3820 0.001777
-0.3802 0.001462
-0.3782 0.001203
-0.3761 0.000989
-0.3739 0.000813
-0.3717 0.000668
-0.3695 0.000549
-0.3672 0.000451
-0.3651 0.000371
-0.3630 0.000305
-0.3610 0.000251
-0.3513 0.088063
-0.3337 0.083630
-0.3183 0.079726
-0.3045 0.076253
-0.2921 0.073125
-0.2808 0.070279
-0.2704 0.067673
-0.2609 0.065278
-0.2521 0.063070
-0.2439 0.061030
-0.2364 0.059141
-0.2214 0.110791
-0.2043 0.102230
-0.1880 0.094112
-0.1722 0.086205
-0.1564 0.078272
-0.1399 0.070023
-0.1220 0.059373
-0.1022 0.045800
-0.0788 0.032783
-0.0485 0.018937
-0.0067 0.002607
0.0503 -0.017169
0.1147 -0.037658
0.1693 -0.053516
0.2055 -0.057186
0.2253 -0.052403
0.2327 -0.045210
0.2312 -0.037530
0.2238 -0.030350
0.2127 -0.024086
0.1992 -0.018841
0.1843 -0.014559
0.1685 -0.011121
0.1522 -0.008390
0.1354 -0.006235
0.1180 -0.004538
0.0996 -0.003200
0.0796 -0.002137
0.0569 -0.001277
0.0294 -0.000555
-0.0063 0.000091
-0.0558 0.000719
-0.1193 0.030939
-0.1883 0.048606
-0.2505 0.064380
-0.2944 0.148940
-0.3184 0.160774
-0.3339 0.168362
-0.3433 0.172862
-0.3482 0.175172
-0.3501 0.175948
-0.3498 0.175654
-0.3479 0.174607
-0.3450 0.173023
-0.3412 0.171056
-0.3369 0.168820
-0.3322 0.166397
-0.3272 0.163852
-0.3220 0.161229
-0.3167 0.158562
-0.3124 0.144808
-0.3100 0.132246
-0.3089 0.122335
-0.3086 0.114400
-0.3091 0.100056
-0.3119 0.083468
-0.3163 0.069982
-0.3217 0.058838
-0.3275 0.049529
-0.3334 0.041696
-0.3393 0.035080
-0.3448 0.029480
-0.3500 0.024739
-0.3547 0.020728
-0.3588 0.017339
-0.3624 0.014481
-0.3655 0.012075
-0.3681 0.010053
-0.3701 0.008359
-0.3592 0.096558
-0.3451 0.091639
-0.3327 0.087461
-0.3218 0.083865
-0.3120 0.080735
-0.3031 0.077993
-0.2952 0.075578
-0.2880 0.073439
-0.2815 0.071534
-0.2755 0.069828
-0.2701 0.068290
-0.2651 0.066896
-0.2605 0.065628
-0.2505 0.125706
-0.2351 0.117921
-0.2212 0.110882
-0.2083 0.104409
-0.1963 0.098362
-0.1849 0.092621
-0.1743 0.081840
-0.1651 0.071568
-0.1571 0.063331
-0.1498 0.056617
-0.1431 0.051057
-0.1367 0.046377
-0.1305 0.042366
-0.1244 0.038858
-0.1182 0.035714
-0.1118 0.032811
-0.1049 0.030034
-0.0973 0.024923
-0.0895 0.019137
-0.0809 0.014445
-0.0708 0.010561
-0.0581 0.007253
-0.0414 0.004323
-0.0182 0.001599
0.0145 -0.001024
0.0577 -0.003462
0.1059 -0.005330
0.1487 -0.006264
0.1792 -0.006310
0.1965 -0.005781
0.2028 -0.004985
0.2010 -0.004128
0.1936 -0.003322
0.1826 -0.002617
0.1692 -0.002025
0.1542 -0.001542
0.1381 -0.001154
0.1211 -0.000845
0.1029 -0.000600
0.0830 -0.000404
0.0606 -0.000247
0.0337 -0.000115
-0.0010 0.000002
-0.0489 0.000114
-0.1148 0.000225
-0.1920 0.000315
-0.2650 0.000364
-0.3250 0.000373
-0.3684 0.092410
-0.3869 0.096996
-0.3989 0.099964
-0.4061 0.101745
-0.4099 0.102651
-0.4110 0.102914
-0.4103 0.102707
-0.4082 0.102159
-0.4051 0.101371
-0.4013 0.100409
-0.3970 0.099325
-0.3924 0.098154
-0.3875 0.096920
-0.3824 0.095644
-0.3772 0.094341
-0.3719 0.093022
-0.3666 0.091695
-0.3614 0.090372
-0.3561 0.089060
-0.3514 0.079898
-0.3491 0.065623
-0.3487 0.054197
-0.3496 0.044921
-0.3479 0.123996
-0.3344 0.113015
-0.3235 0.104392
-0.3145 0.097523
-0.3069 0.091983
-0.3004 0.087460
-0.2948 0.083727
-0.2899 0.080616
-0.2854 0.077997
-0.2815 0.075773
-0.2778 0.073868
-0.2744 0.072220
-0.2713 0.070784
-0.2684 0.069522
-0.2657 0.068404
-0.2631 0.067406
-0.2607 0.066509
-0.2584 0.065697
-0.2563 0.064958
-0.2542 0.064283
-0.2523 0.063665
-0.2504 0.063098
-0.2487 0.060280
-0.2486 0.050300
-0.2502 0.042273
-0.2532 0.035724
-0.2573 0.030315
-0.2622 0.025801
-0.2677 0.021999
-0.2658 0.084729
-0.2596 0.079781
-0.2542 0.075736
-0.2497 0.072408
-0.2458 0.069657
-0.2424 0.067374
-0.2396 0.065472
-0.2371 0.063883
-0.2349 0.062554
-0.2331 0.061444
-0.2316 0.060518
-0.2303 0.059750
-0.2292 0.059117
-0.2284 0.058600
-0.2277 0.058182
-0.2272 0.057849
-0.2269 0.057591
-0.2267 0.057397
-0.2266 0.057259
-0.2266 0.057168
-0.2268 0.057119
-0.2270 0.057104
-0.2274 0.053864
-0.2293 0.045358
-0.2328 0.038460
-0.2377 0.032784
-0.2435 0.028055
-0.2502 0.024072
-0.2575 0.020687
-0.2652 0.017791
-0.2731 0.015300
-0.2810 0.013147
-0.2887 0.011283
-0.2961 0.009665
-0.3031 0.008262
-0.3095 0.007047
-0.3154 0.005996
-0.3205 0.005090
-0.3251 0.004311
-0.3290 0.003643
-0.3323 0.003073
-0.3351 0.002588
-0.3374 0.002177
-0.3394 0.001829
-0.3411 0.001535
-0.3426 0.001287
-0.3438 0.001079
-0.3449 0.000904
-0.3457 0.000757
-0.3464 0.000633
-0.3469 0.000529
-0.3471 0.000443
-0.3472 0.000370
-0.3471 0.000309
-0.3467 0.000257
-0.3462 0.000215
-0.3455 0.000179
-0.3447 0.000149
-0.3436 0.000124
-0.3425 0.000103
-0.3413 0.000086
-0.3401 0.000072
-0.3389 0.000060
-0.3377 0.000050
-0.3365 0.000041
-0.3353 0.000034
-0.3233 0.080895
-0.3077 0.076975
-0.2937 0.073467
-0.2810 0.070306
-0.2696 0.067437
-0.2591 0.064815
-0.2453 0.122763
-0.2250 0.112596
-0.2063 0.103221
-0.1885 0.094335
-0.1711 0.085652
-0.1536 0.076868
-0.1350 0.067608
-0.1144 0.057334
-0.0901 0.045201
-0.0593 0.029809
-0.0174 0.008954
0.0393 -0.019333
0.1046 -0.051984
0.1606 -0.080064
0.1976 -0.091280
0.2173 -0.092482
0.2240 -0.088570
0.2218 -0.082142
0.2138 -0.074749
0.2027 -0.061136
0.1906 -0.047531
0.1778 -0.036657
0.1643 -0.028022
0.1503 -0.021199
0.1358 -0.015832
0.1205 -0.011620
0.1043 -0.008317
0.0867 -0.005717
0.0669 -0.003652
0.0436 -0.001974
0.0144 -0.000549
-0.0249 0.000753
-0.0800 0.002019
-0.1512 0.003163
-0.2261 0.003919
-0.2918 0.004187
-0.3441 0.004085
-0.3841 0.003772
-0.4140 0.003362
-0.4361 0.002929
-0.4520 0.002510
-0.4633 0.002128
-0.4709 0.001788
-0.4758 0.001494
-0.4785 0.001242
-0.4795 0.001029
-0.4793 0.000851
-0.4780 0.000701
-0.4760 0.000578
-0.4734 0.000475
-0.4703 0.000390
-0.4668 0.000320
-0.4631 0.000263
-0.4592 0.000215
-0.4550 0.000176
-0.4507 0.000144
-0.4463 0.000118
-0.4419 0.000097
-0.4374 0.000079
-0.4329 0.000065
-0.4101 0.102623
-0.3892 0.097383
-0.3711 0.092853
-0.3553 0.088877
-0.3411 0.085334
-0.3284 0.082150
-0.3170 0.079278
-0.3066 0.076682
-0.2972 0.074330
-0.2887 0.072193
-0.2809 0.070244
-0.2738 0.068463
-0.2672 0.066828
-0.2612 0.065325
-0.2557 0.063938
-0.2506 0.062658
-0.2462 0.055360
-0.2440 0.045810
-0.2436 0.038196
-0.2338 0.089095
-0.2250 0.080874
-0.2176 0.074298
-0.2114 0.068987
-0.2061 0.064667
-0.2016 0.061139
-0.1978 0.058257
-0.1947 0.055909
-0.1922 0.054007
-0.1902 0.052484
-0.1888 0.051286
-0.1879 0.050372
-0.1863 0.096016
-0.1770 0.090780
-0.1680 0.084773
-0.1601 0.074044
-0.1534 0.065567
-0.1476 0.058797
-0.1427 0.053345
-0.1385 0.048931
-0.1348 0.045352
-0.1318 0.042458
-0.1294 0.040146
-0.1277 0.038340
-0.1267 0.036996
-0.1266 0.036088
-0.1275 0.035609
-0.1296 0.035564
-0.1331 0.035969
-0.1380 0.036838
-0.1445 0.038174
-0.1527 0.039957
-0.1627 0.036654
-0.1754 0.032678
-0.1903 0.029335
-0.2069 0.026386
-0.2245 0.023680
-0.2423 0.021138
-0.2596 0.018736
-0.2759 0.016476
-0.2910 0.014375
-0.3047 0.012450
-0.3168 0.010709
-0.3274 0.009157
-0.3366 0.007788
-0.3445 0.006593
-0.3511 0.005559
-0.3566 0.004671
-0.3611 0.003913
-0.3647 0.003269
-0.3674 0.002725
-0.3695 0.002266
-0.3708 0.001882
-0.3716 0.001560
-0.3719 0.001292
-0.3628 0.091792
-0.3465 0.087479
-0.3321 0.083711
-0.3193 0.080383
-0.3079 0.077404
-0.2974 0.074714
-0.2880 0.072279
-0.2794 0.070073
-0.2715 0.068075
-0.2644 0.066261
-0.2579 0.064612
-0.2520 0.063106
-0.2466 0.061730
-0.2416 0.060467
-0.2370 0.059309
-0.2328 0.058245
-0.2289 0.057268
-0.2253 0.056372
-0.2221 0.055552
-0.2191 0.054804
-0.2164 0.054126
-0.2140 0.053517
-0.2124 0.046473
-0.2126 0.038853
-0.2145 0.032741
-0.2179 0.027775
-0.2226 0.023691
-0.2283 0.020288
-0.2347 0.017422
-0.2418 0.014987
-0.2493 0.012904
-0.2570 0.011112
-0.2649 0.009563
-0.2727 0.008222
-0.2803 0.007058
-0.2875 0.006047
-0.2944 0.005171
-0.3008 0.004413
-0.3068 0.003758
-0.3123 0.003195
-0.3173 0.002711
-0.3219 0.002297
-0.3260 0.001943
-0.3296 0.001640
-0.3328 0.001383
-0.3355 0.001165
-0.3378 0.000979
-0.3397 0.000822
-0.3412 0.000690
-0.3423 0.000578
-0.3431 0.000484
-0.3436 0.000405
-0.3439 0.000338
-0.3440 0.000283
-0.3439 0.000236
-0.3436 0.000197
-0.3432 0.000164
-0.3427 0.000137
-0.3420 0.000114
-0.3413 0.000095
-0.3404 0.000079
-0.3395 0.000066
-0.3385 0.000055
-0.3374 0.000046
-0.3363 0.000038
-0.3350 0.000032
-0.3337 0.000026
-0.3325 0.000022
-0.3313 0.000018
-0.3301 0.000015
-0.3272 0.081857
-0.3109 0.077768
-0.2963 0.074120
-0.2832 0.070837
-0.2713 0.067861
-0.2605 0.065143
-0.2505 0.062645
-0.2412 0.060336
-0.2327 0.058189
-0.2246 0.056182
-0.2171 0.054297
-0.2100 0.052520
-0.2033 0.050838
-0.1969 0.049242
-0.1889 0.094537
-0.1736 0.086862
-0.1582 0.079171
-0.1422 0.071194
-0.1250 0.062569
-0.1053 0.052760
-0.0816 0.040916
-0.0512 0.023685
-0.0101 0.004467
0.0455 -0.017647
0.1091 -0.039971
0.1641 -0.056919
0.2008 -0.066369
0.2200 -0.069692
0.2259 -0.068966
0.2226 -0.065854
0.2135 -0.061480
0.2009 -0.056535
0.1862 -0.051415
0.1710 -0.040071
0.1562 -0.030262
0.1414 -0.022651
0.1263 -0.016728
0.1105 -0.012108
0.0937 -0.008492
0.0752 -0.005639
0.0540 -0.003350
0.0281 -0.001452
-0.0056 0.000219
-0.0523 0.001809
-0.1161 0.003335
-0.1907 0.004537
-0.2612 0.005147
-0.3195 0.005209
-0.3647 0.004920
-0.3988 0.004449
-0.4241 0.003912
-0.4425 0.003376
-0.4556 0.002874
-0.4647 0.002424
-0.4707 0.002030
-0.4743 0.001692
-0.4761 0.001404
-0.4764 0.001161
-0.4755 0.000959
-0.4738 0.000790
-0.4713 0.000650
-0.4683 0.000534
-0.4648 0.000438
-0.4610 0.000359
-0.4569 0.000294
-0.4527 0.000241
-0.4484 0.000197
-0.4440 0.000162
-0.4251 0.106474
-0.4033 0.100975
-0.3845 0.096257
-0.3682 0.092160
-0.3539 0.088555
-0.3411 0.085352
-0.3297 0.082487
-0.3194 0.079910
-0.3098 0.155062
-0.2874 0.143808
-0.2680 0.134116
-0.2511 0.125622
-0.2360 0.118057
-0.2223 0.111214
-0.2097 0.104923
-0.1980 0.099042
-0.1868 0.092782
-0.1769 0.080660
-0.1684 0.071090
-0.1611 0.063423
-0.1546 0.057203
-0.1487 0.052097
-0.1434 0.047861
-0.1385 0.044310
-0.1339 0.041307
-0.1297 0.038744
-0.1258 0.033818
-0.1232 0.027654
-0.1220 0.022872
-0.1225 0.019165
-0.1248 0.016303
-0.1293 0.014105
-0.1363 0.012422
-0.1463 0.011128
-0.1592 0.010112
-0.1748 0.009274
-0.1879 0.055290
-0.1971 0.056541
-0.2064 0.057950
-0.2155 0.059425
-0.2243 0.060894
-0.2326 0.062307
-0.2401 0.063625
-0.2469 0.064820
-0.2529 0.065874
-0.2581 0.066778
-0.2625 0.067529
-0.2661 0.068132
-0.2575 0.130131
-0.2488 0.125495
-0.2408 0.121306
-0.2335 0.117483
-0.2267 0.113968
-0.2205 0.110713
-0.2146 0.107678
-0.2092 0.100724
-0.2056 0.090740
-0.2036 0.083110
-0.2029 0.077265
-0.2033 0.072799
-0.2045 0.069411
-0.2065 0.066875
-0.2090 0.065015
-0.2119 0.063692
-0.2152 0.062794
-0.2187 0.062229
-0.2223 0.061607
-0.2270 0.052009
-0.2334 0.044209
-0.2411 0.037754
-0.2497 0.032326
-0.2588 0.027703
-0.2681 0.023733
-0.2774 0.020303
-0.2864 0.017332
-0.2950 0.014760
-0.3030 0.012536
-0.3104 0.010617
-0.3171 0.008968
-0.3231 0.007555
-0.3283 0.006349
-0.3330 0.005323
-0.3369 0.004454
-0.3403 0.003719
-0.3431 0.003100
-0.3454 0.002581
-0.3473 0.002146
-0.3403 0.086844
-0.3265 0.083030
-0.3144 0.079720
-0.3036 0.076805
-0.2939 0.074189
-0.2849 0.071810
-0.2767 0.069636
-0.2691 0.067646
-0.2620 0.065821
-0.2556 0.064144
-0.2496 0.062601
-0.2440 0.061179
-0.2389 0.059867
-0.2342 0.058656
-0.2298 0.057538
-0.2257 0.056507
-0.2220 0.055560
-0.2186 0.054693
-0.2154 0.053904
-0.2134 0.045468
-0.2132 0.037936
-0.2146 0.031896
-0.2175 0.026993
-0.2216 0.022968
-0.2268 0.019630
-0.2329 0.016835
-0.2398 0.014473
-0.2472 0.012459
-0.2549 0.010729
-0.2627 0.009235
-0.2704 0.007940
-0.2780 0.006816
-0.2852 0.005840
-0.2920 0.004994
-0.2984 0.004261
-0.3042 0.003628
-0.3095 0.003083
-0.3143 0.002615
-0.3185 0.002213
-0.3222 0.001870
-0.3254 0.001577
-0.3282 0.001328
-0.3305 0.001117
-0.3324 0.000938
-0.3340 0.000787
-0.3353 0.000660
-0.3363 0.000553
-0.3371 0.000463
-0.3376 0.000387
-0.3379 0.000324
-0.3380 0.000270
-0.3302 0.082815
-0.3151 0.078982
-0.3016 0.075564
-0.2894 0.072494
-0.2784 0.069717
-0.2684 0.067191
-0.2592 0.064881
-0.2508 0.062765
-0.2431 0.060820
-0.2359 0.059026
-0.2293 0.057364
-0.2231 0.055820
-0.2174 0.054381
-0.2120 0.053038
-0.2070 0.051784
-0.2024 0.050615
-0.1980 0.049525
-0.1940 0.048515
-0.1903 0.045643
-0.1882 0.037304
-0.1878 0.030786
-0.1892 0.025633
-0.1920 0.021516
-0.1964 0.018193
-0.2022 0.015481
-0.2091 0.013242
-0.2172 0.011370
-0.2261 0.009786
-0.2356 0.008430
-0.2453 0.007259
-0.2436 0.066877
-0.2416 0.065291
-0.2397 0.063952
-0.2381 0.062813
-0.2365 0.061839
-0.2351 0.061004
-0.2338 0.060288
-0.2327 0.059678
-0.2317 0.059163
-0.2308 0.058731
-0.2301 0.058373
-0.2295 0.058079
-0.2291 0.057841
-0.2287 0.057652
-0.2284 0.057503
-0.2283 0.057386
-0.2278 0.114208
-0.2167 0.108623
-0.2064 0.103437
-0.1974 0.091577
-0.1903 0.081561
-0.1847 0.073694
-0.1802 0.067477
-0.1767 0.062559
-0.1742 0.058685
-0.1726 0.055664
-0.1718 0.053352
-0.1718 0.051637
-0.1726 0.050434
-0.1742 0.049674
-0.1765 0.049299
-0.1794 0.049261
-0.1831 0.049515
-0.1873 0.050019
-0.1920 0.050730
-0.1976 0.044896
-0.2051 0.038911
-0.2141 0.033915
-0.2242 0.029656
-0.2350 0.025962
-0.2462 0.022716
-0.2575 0.019840
-0.2685 0.017282
-0.2792 0.015004
-0.2892 0.012981
-0.2985 0.011190
-0.3070 0.009612
-0.3147 0.008228
-0.3215 0.007021
-0.3276 0.005974
-0.3328 0.005070
-0.3374 0.004292
-0.3413 0.003626
-0.3447 0.003058
-0.3474 0.002574
-0.3496 0.002163
-0.3514 0.001816
-0.3528 0.001523
-0.3539 0.001276
-0.3547 0.001068
-0.3551 0.000893
-0.3551 0.000746
-0.3548 0.000622
-0.3541 0.000519
-0.3532 0.000432
-0.3521 0.000360
-0.3508 0.000299
-0.3493 0.000249
-0.3478 0.000207
-0.3461 0.000172
-0.3445 0.000143
-0.3428 0.000119
-0.3411 0.000099
-0.3395 0.000082
-0.3379 0.000068
-0.3307 0.082783
-0.3141 0.078615
-0.2994 0.074908
-0.2861 0.071583
-0.2741 0.068571
-0.2630 0.065803
-0.2528 0.063230
-0.2432 0.060823
-0.2341 0.058562
-0.2256 0.056434
-0.2176 0.054427
-0.2100 0.052527
-0.2028 0.050724
-0.1959 0.049004
-0.1893 0.047354
-0.1830 0.045764
-0.1768 0.044223
-0.1708 0.042721
-0.1570 0.078550
-0.1418 0.071003
-0.1257 0.059772
-0.1085 0.047369
-0.0887 0.035890
-0.0640 0.024230
-0.0307 0.011044
0.0157 -0.005106
0.0754 -0.024058
0.1318 -0.073447
0.1721 -0.094322
0.1950 -0.105317
0.2038 -0.108717
0.2028 -0.107059
0.1955 -0.102308
0.1845 -0.095797
0.1716 -0.082818
0.1585 -0.070395
0.1451 -0.059774
0.1312 -0.050566
