0.7122 19.1620
0.8555 43.0338
0.9189 64.0507
0.9393 82.1319
0.9425 96.7536
0.9410 104.4145
0.9390 100.8770
0.9374 90.4474
0.9364 79.0869
0.9355 68.7301
0.9346 59.6460
0.9336 51.7494
0.9325 44.8991
0.9312 38.9586
0.9297 33.8073
0.9280 29.3402
0.9260 25.4664
0.9238 22.1070
0.9212 19.1936
0.9182 16.6670
0.9149 14.4759
0.9110 12.5757
0.9066 10.9277
0.9016 9.4985
0.8960 8.2590
0.8895 7.1840
0.8823 6.2517
0.8741 5.4432
0.8649 4.7420
0.8546 4.1339
0.8432 3.6065
0.8305 3.1490
0.8165 2.7523
0.8011 2.4083
0.7844 2.1099
0.7663 1.8511
0.7470 1.6267
0.7264 1.4321
0.7047 1.2632
0.6822 1.1168
0.6590 0.9899
0.6354 0.8797
0.6117 0.7842
0.5881 0.7014
0.5649 0.6295
0.5425 0.5672
0.5210 0.5132
0.5007 0.4663
0.4816 0.4257
0.4639 0.3904
0.4476 0.3599
0.4328 0.3335
0.4259 0.4051
0.5946 7.4143
0.7887 30.0627
0.8916 52.7622
0.9314 72.4560
0.9418 89.1638
0.9420 101.3639
0.9400 104.1825
0.9382 96.6780
0.9369 85.3917
0.9359 74.3897
0.9351 64.5938
0.9342 56.0477
0.9331 48.6280
0.9319 42.1928
0.9306 36.6124
0.9290 31.7732
0.9272 27.5766
0.9251 23.9373
0.9227 20.7812
0.9200 18.0441
0.9168 15.6703
0.9132 13.6117
0.9092 11.8263
0.9045 10.2779
0.8992 8.9351
0.8933 7.7705
0.8865 6.7604
0.8788 5.8845
0.8702 5.1247
0.8606 4.4659
0.8498 3.8944
0.8378 3.3988
0.8245 2.9690
0.8099 2.5962
0.7940 2.2729
0.7767 1.9925
0.7580 1.7494
0.7381 1.5384
0.7171 1.3555
0.6950 1.1969
0.6722 1.0593
0.6488 0.9400
0.6251 0.8365
0.6013 0.7467
0.5779 0.6689
0.5551 0.6013
0.5330 0.5428
0.5120 0.4920
0.4922 0.4479
0.4737 0.4097
0.4567 0.3766
0.4410 0.3479
0.4270 0.3266
0.4801 1.6708
0.7008 17.4921
0.8494 41.4343
0.9165 62.6571
0.9386 80.9373
0.9425 95.8503
0.9411 104.1963
0.9391 101.5021
0.9375 91.3842
0.9364 80.0036
0.9355 69.5501
0.9346 60.3639
0.9337 52.3743
0.9326 45.4424
0.9313 39.4308
0.9298 34.2177
0.9281 29.6969
0.9262 25.7764
0.9240 22.3764
0.9214 19.4277
0.9185 16.8705
0.9152 14.6527
0.9114 12.7293
0.9070 11.0612
0.9021 9.6145
0.8965 8.3598
0.8901 7.2716
0.8829 6.3279
0.8748 5.5094
0.8657 4.7995
0.8556 4.1838
0.8442 3.6499
0.8316 3.1868
0.8177 2.7851
0.8025 2.4368
0.7859 2.1347
0.7680 1.8726
0.7487 1.6454
0.7283 1.4483
0.7067 1.2773
0.6842 1.1291
0.6611 1.0005
0.6375 0.8890
0.6138 0.7923
0.5902 0.7084
0.5670 0.6356
0.5445 0.5725
0.5229 0.5178
0.5025 0.4703
0.4833 0.4291
0.4655 0.3934
0.4491 0.3625
0.4341 0.3358
0.4280 0.4203
0.5993 7.6020
0.7911 30.2254
0.8925 52.8959
0.9316 72.5639
0.9418 89.2382
0.9420 101.3782
0.9400 104.1665
0.9382 96.7075
0.9369 85.4506
0.9359 74.4537
0.9351 64.6542
0.9342 56.1026
0.9331 48.6770
0.9319 42.2365
0.9306 36.6512
0.9290 31.8077
0.9272 27.6072
0.9251 23.9644
0.9227 20.8052
0.9200 18.0654
0.9169 15.6892
0.9133 13.6284
0.9092 11.8411
0.9046 10.2910
0.8993 8.9466
0.8933 7.7807
0.8865 6.7694
0.8789 5.8924
0.8703 5.1317
0.8607 4.4720
0.8499 3.8999
0.8379 3.4036
0.8247 2.9732
0.8101 2.6000
0.7942 2.2762
0.7769 1.9954
0.7582 1.7519
0.7384 1.5407
0.7173 1.3575
0.6953 1.1986
0.6724 1.0608
0.6490 0.9413
0.6253 0.8376
0.6016 0.7477
0.5782 0.6698
0.5554 0.6021
0.5333 0.5435
0.5123 0.4926
0.4925 0.4485
0.4740 0.4102
0.4569 0.3770
0.4412 0.3482
0.4275 0.3304
0.5004 2.2821
0.7187 19.4827
0.8583 43.2898
0.9197 64.2582
0.9393 82.2882
0.9424 96.8225
0.9409 104.3821
0.9389 100.9049
0.9374 90.5668
0.9363 79.2323
0.9355 68.8715
0.9346 59.7751
0.9336 51.8650
0.9325 45.0019
0.9312 39.0499
0.9297 33.8883
0.9280 29.4120
0.9261 25.5299
0.9238 22.1632
0.9212 19.2433
0.9183 16.7110
0.9149 14.5147
0.9111 12.6099
0.9067 10.9579
0.9017 9.5252
0.8961 8.2825
0.8897 7.2048
0.8824 6.2700
0.8743 5.4593
0.8651 4.7562
0.8549 4.1464
0.8434 3.6175
0.8308 3.1587
0.8168 2.7609
0.8015 2.4158
0.7848 2.1165
0.7668 1.8569
0.7474 1.6318
0.7269 1.4365
0.7053 1.2672
0.6828 1.1203
0.6596 0.9929
0.6360 0.8824
0.6123 0.7866
0.5887 0.7034
0.5655 0.6313
0.5431 0.5688
0.5216 0.5146
0.5012 0.4675
0.4821 0.4268
0.4644 0.3914
0.4481 0.3607
0.4332 0.3346
0.4387 0.6016
0.6371 10.5219
0.8137 33.9557
0.9020 56.1461
0.9345 75.3532
0.9421 91.4859
0.9416 102.5253
0.9396 103.5665
0.9379 95.1444
0.9367 83.8036
0.9358 72.9669
0.9349 63.3548
0.9340 54.9751
0.9330 47.7002
0.9318 41.3905
0.9304 35.9185
0.9288 31.1730
0.9269 27.0575
0.9248 23.4883
0.9223 20.3927
0.9196 17.7081
0.9164 15.3797
0.9127 13.3602
0.9086 11.6088
0.9039 10.0898
0.8985 8.7723
0.8924 7.6296
0.8855 6.6386
0.8777 5.7790
0.8690 5.0335
0.8592 4.3870
0.8483 3.8262
0.8361 3.3398
0.8227 2.9179
0.8079 2.5520
0.7918 2.2347
0.7744 1.9595
0.7556 1.7207
0.7355 1.5137
0.7143 1.3341
0.6922 1.1784
0.6692 1.0433
0.6458 0.9261
0.6221 0.8245
0.5984 0.7363
0.5750 0.6599
0.5523 0.5936
0.5304 0.5361
0.5095 0.4862
0.4899 0.4429
0.4716 0.4054
0.4547 0.3728
0.4392 0.3447
0.4275 0.3539
0.5547 4.6011
0.7605 25.0601
0.8784 48.3298
0.9268 68.6126
0.9408 85.9460
0.9422 99.3279
0.9404 104.5433
0.9385 98.9500
0.9371 88.0703
0.9361 76.8867
0.9353 66.8018
0.9344 57.9746
0.9334 50.3036
0.9322 43.6489
0.9309 37.8775
0.9294 32.8724
0.9276 28.5316
0.9256 24.7670
0.9233 21.5020
0.9206 18.6703
0.9176 16.2144
0.9142 14.0844
0.9102 12.2370
0.9057 10.6347
0.9006 9.2450
0.8948 8.0397
0.8882 6.9944
0.8808 6.0877
0.8724 5.3013
0.8630 4.6192
0.8525 4.0277
0.8408 3.5146
0.8279 3.0696
0.8137 2.6836
0.7981 2.3488
0.7811 2.0585
0.7628 1.8066
0.7432 1.5882
0.7224 1.3987
0.7006 1.2344
0.6779 1.0919
0.6546 0.9683
0.6310 0.8611
0.6073 0.7681
0.5838 0.6874
0.5608 0.6175
0.5385 0.5568
0.5172 0.5042
0.4971 0.4585
0.4783 0.4189
0.4609 0.3846
0.4449 0.3548
0.4306 0.3334
0.4838 1.6708
0.7015 17.0097
0.8491 40.8957
0.9161 62.1726
0.9383 80.5020
0.9423 95.4734
0.9410 104.0346
0.9390 101.7915
0.9375 91.9322
0.9364 80.5791
0.9356 70.0792
0.9347 60.8331
0.9337 52.7861
0.9326 45.8026
0.9314 39.7458
0.9299 34.4930
0.9282 29.9375
0.9263 25.9866
0.9241 22.5600
0.9216 19.5881
0.9187 17.0106
0.9154 14.7751
0.9116 12.8362
0.9073 11.1545
0.9024 9.6960
0.8968 8.4309
0.8905 7.3337
0.8834 6.3821
0.8754 5.5567
0.8663 4.8408
0.8562 4.2199
0.8450 3.6813
0.8325 3.2142
0.8187 2.8091
0.8035 2.4577
0.7870 2.1529
0.7692 1.8886
0.7500 1.6593
0.7296 1.4604
0.7081 1.2879
0.6858 1.1383
0.6627 1.0086
0.6391 0.8960
0.6154 0.7984
0.5918 0.7137
0.5686 0.6403
0.5460 0.5766
0.5244 0.5213
0.5039 0.4734
0.4846 0.4318
0.4667 0.3958
0.4502 0.3645
0.4352 0.3381
0.4422 0.6318
0.6407 10.5935
0.8153 33.9370
0.9025 56.1183
0.9345 75.3179
0.9420 91.4341
0.9416 102.4587
0.9396 103.5876
0.9379 95.2903
0.9367 83.9902
0.9358 73.1488
0.9350 63.5198
0.9340 55.1214
0.9330 47.8292
0.9318 41.5039
0.9304 36.0181
0.9288 31.2605
0.9269 27.1344
0.9248 23.5557
0.9224 20.4520
0.9196 17.7600
0.9164 15.4252
0.9128 13.4002
0.9087 11.6438
0.9040 10.1205
0.8986 8.7992
0.8925 7.6532
0.8857 6.6593
0.8779 5.7972
0.8692 5.0494
0.8594 4.4009
0.8485 3.8384
0.8364 3.3505
0.8230 2.9273
0.8083 2.5602
0.7922 2.2419
0.7748 1.9657
0.7560 1.7262
0.7360 1.5185
0.7148 1.3383
0.6927 1.1820
0.6698 1.0465
0.6464 0.9289
0.6227 0.8269
0.5990 0.7385
0.5756 0.6618
0.5529 0.5952
0.5309 0.5375
0.5100 0.4874
0.4904 0.4440
0.4720 0.4063
0.4551 0.3737
0.4396 0.3455
0.4306 0.3923
0.5825 6.0720
0.7787 27.5436
0.8865 50.5136
0.9294 70.4885
0.9412 87.4892
0.9420 100.2676
0.9401 104.4110
0.9383 98.0740
0.9370 87.0742
0.9361 75.9779
0.9352 66.0076
0.9343 57.2865
0.9333 49.7086
0.9321 43.1344
0.9308 37.4327
0.9292 32.4877
0.9275 28.1990
0.9254 24.4793
0.9231 21.2533
0.9204 18.4552
0.9174 16.0283
0.9139 13.9235
0.9099 12.0978
0.9053 10.5143
0.9001 9.1409
0.8943 7.9497
0.8876 6.9165
0.8801 6.0203
0.8717 5.2430
0.8622 4.5688
0.8516 3.9841
0.8399 3.4769
0.8268 3.0369
0.8125 2.6554
0.7968 2.3244
0.7797 2.0374
0.7613 1.7884
0.7416 1.5724
0.7207 1.3851
0.6989 1.2226
0.6761 1.0817
0.6528 0.9595
0.6292 0.8534
0.6055 0.7615
0.5820 0.6817
0.5590 0.6125
0.5368 0.5525
0.5157 0.5005
0.4956 0.4553
0.4769 0.4162
0.4596 0.3822
0.4437 0.3528
0.4306 0.3456
0.5309 3.2976
0.7414 21.8535
0.8689 45.4212
0.9233 66.0842
0.9400 83.8025
0.9422 97.8318
0.9406 104.4546
0.9387 100.2542
0.9373 89.7927
0.9363 78.5359
0.9354 68.2709
0.9345 59.2595
0.9335 51.4220
0.9324 44.6211
0.9311 38.7225
0.9296 33.6067
0.9279 29.1698
0.9259 25.3216
0.9237 21.9840
0.9211 19.0892
0.9181 16.5784
0.9147 14.4007
0.9109 12.5119
0.9065 10.8736
0.9014 9.4526
0.8958 8.2201
0.8893 7.1511
0.8820 6.2239
0.8738 5.4196
0.8646 4.7221
0.8543 4.1170
0.8428 3.5922
0.8301 3.1370
0.8160 2.7422
0.8007 2.3998
0.7839 2.1027
0.7658 1.8451
0.7464 1.6216
0.7259 1.4278
0.7042 1.2597
0.6817 1.1138
0.6585 0.9873
0.6349 0.8776
0.6112 0.7825
0.5876 0.6999
0.5645 0.6283
0.5421 0.5662
0.5207 0.5124
0.5004 0.4656
0.4813 0.4251
0.4637 0.3900
0.4474 0.3595
0.4330 0.3387
0.4899 1.7721
0.7054 17.0644
0.8506 40.8917
0.9165 62.1560
0.9383 80.4705
0.9422 95.4102
0.9409 103.9630
0.9390 101.8553
0.9375 92.1212
0.9365 80.7980
0.9356 70.2877
0.9347 61.0211
0.9338 52.9527
0.9327 45.9495
0.9314 39.8750
0.9300 34.6067
0.9283 30.0374
0.9264 26.0744
0.9242 22.6372
0.9217 19.6559
0.9188 17.0701
0.9155 14.8273
0.9117 12.8820
0.9074 11.1948
0.9025 9.7313
0.8970 8.4619
0.8907 7.3609
0.8836 6.4059
0.8756 5.5776
0.8666 4.8591
0.8565 4.2359
0.8453 3.6954
0.8328 3.2266
0.8191 2.8199
0.8040 2.4672
0.7875 2.1612
0.7697 1.8958
0.7506 1.6656
0.7302 1.4660
0.7088 1.2928
0.6864 1.1426
0.6634 1.0123
0.6398 0.8993
0.6161 0.8012
0.5925 0.7162
0.5693 0.6425
0.5467 0.5785
0.5251 0.5230
0.5045 0.4749
0.4852 0.4331
0.4672 0.3969
0.4507 0.3655
0.4357 0.3404
0.4622 1.0072
0.6726 13.3128
0.8328 36.9687
0.9094 58.7445
0.9364 77.5547
0.9421 93.1706
0.9412 103.1738
0.9393 102.9506
0.9377 94.0522
0.9366 82.7459
0.9357 72.0399
0.9349 62.5552
0.9339 54.2866
0.9329 47.1073
0.9316 40.8797
0.9302 35.4784
0.9286 30.7938
0.9267 26.7308
0.9246 23.2067
0.9221 20.1501
0.9193 17.4989
0.9161 15.1994
0.9124 13.2049
0.9082 11.4749
0.9034 9.9744
0.8980 8.6729
0.8919 7.5439
0.8849 6.5647
0.8771 5.7154
0.8683 4.9787
0.8584 4.3397
0.8474 3.7854
0.8351 3.3047
0.8216 2.8877
0.8067 2.5260
0.7905 2.2122
0.7730 1.9401
0.7541 1.7041
0.7339 1.4993
0.7127 1.3217
0.6905 1.1677
0.6675 1.0341
0.6440 0.9182
0.6203 0.8177
0.5967 0.7305
0.5734 0.6548
0.5507 0.5892
0.5288 0.5323
0.5081 0.4829
0.4885 0.4401
0.4703 0.4030
0.4535 0.3708
0.4383 0.3438
0.4469 0.6645
0.6443 10.5244
0.8165 33.6844
0.9027 55.8802
0.9344 75.0955
0.9419 91.2181
0.9415 102.2835
0.9395 103.6428
0.9379 95.5953
0.9367 84.3684
0.9358 73.5137
0.9350 63.8488
0.9341 55.4122
0.9330 48.0846
0.9318 41.7278
0.9304 36.2144
0.9289 31.4325
0.9270 27.2850
0.9249 23.6876
0.9225 20.5675
0.9197 17.8611
0.9166 15.5137
0.9130 13.4777
0.9089 11.7116
0.9042 10.1798
0.8989 8.8511
0.8928 7.6986
0.8860 6.6990
0.8783 5.8319
0.8696 5.0798
0.8599 4.4274
0.8490 3.8616
0.8370 3.3708
0.8237 2.9450
0.8090 2.5757
0.7930 2.2554
0.7756 1.9776
0.7569 1.7366
0.7370 1.5275
0.7159 1.3462
0.6938 1.1889
0.6709 1.0525
0.6475 0.9342
0.6238 0.8315
0.6001 0.7425
0.5768 0.6653
0.5540 0.5983
0.5320 0.5402
0.5111 0.4898
0.4913 0.4461
0.4729 0.4081
0.4559 0.3752
0.4404 0.3472
0.4399 0.5179
0.6216 8.5526
0.8027 31.0641
0.8967 53.5864
0.9325 73.1201
0.9416 89.6172
0.9416 101.4378
0.9397 104.0399
0.9381 96.7714
0.9369 85.6598
0.9359 74.6987
0.9351 64.8919
0.9342 56.3207
0.9332 48.8736
0.9320 42.4126
0.9306 36.8088
0.9290 31.9483
0.9272 27.7327
0.9252 24.0762
0.9228 20.9047
0.9201 18.1538
0.9170 15.7678
0.9134 13.6981
0.9094 11.9030
0.9047 10.3459
0.8995 8.9953
0.8936 7.8237
0.8868 6.8076
0.8792 5.9261
0.8707 5.1616
0.8611 4.4984
0.8504 3.9232
0.8385 3.4242
0.8253 2.9914
0.8108 2.6160
0.7949 2.2904
0.7777 2.0079
0.7592 1.7629
0.7393 1.5504
0.7184 1.3661
0.6964 1.2062
0.6736 1.0675
0.6502 0.9472
0.6266 0.8428
0.6029 0.7523
0.5795 0.6738
0.5566 0.6056
0.5345 0.5466
0.5134 0.4953
0.4936 0.4509
0.4750 0.4123
0.4579 0.3789
0.4421 0.3502
0.4371 0.4540
0.6049 7.2506
0.7920 29.1253
0.8920 51.8808
0.9310 71.6477
0.9414 88.4077
0.9417 100.7389
0.9399 104.2426
0.9382 97.6105
0.9369 86.6202
0.9360 75.5890
0.9352 65.6779
0.9343 57.0059
0.9333 49.4690
0.9321 42.9296
0.9307 37.2576
0.9292 32.3379
0.9274 28.0709
0.9254 24.3698
0.9230 21.1596
0.9203 18.3751
0.9172 15.9598
0.9137 13.8649
0.9097 12.0477
0.9052 10.4715
0.9000 9.1043
0.8941 7.9184
0.8874 6.8898
0.8799 5.9975
0.8714 5.2235
0.8620 4.5522
0.8513 3.9699
0.8395 3.4648
0.8265 3.0266
0.8121 2.6466
0.7964 2.3169
0.7793 2.0309
0.7608 1.7829
0.7411 1.5677
0.7202 1.3811
0.6983 1.2192
0.6756 1.0788
0.6523 0.9570
0.6287 0.8513
0.6050 0.7597
0.5815 0.6802
0.5586 0.6112
0.5364 0.5514
0.5153 0.4995
0.4953 0.4545
0.4766 0.4155
0.4593 0.3816
0.4435 0.3525
0.4363 0.4268
0.5944 6.4850
0.7851 27.8624
0.8888 50.7646
0.9299 70.6824
0.9412 87.6076
0.9418 100.2487
0.9400 104.3294
0.9382 98.1452
0.9370 87.2561
0.9361 76.1841
0.9352 66.2048
0.9343 57.4658
0.9333 49.8688
0.9322 43.2768
0.9308 37.5591
0.9293 32.5998
0.9275 28.2983
0.9255 24.5673
0.9232 21.3311
0.9205 18.5240
0.9174 16.0892
0.9140 13.9772
0.9100 12.1453
0.9054 10.5562
0.9003 9.1779
0.8945 7.9823
0.8878 6.9452
0.8804 6.0457
0.8720 5.2654
0.8625 4.5885
0.8520 4.0014
0.8403 3.4922
0.8273 3.0504
0.8130 2.6672
0.7973 2.3348
0.7803 2.0465
0.7619 1.7964
0.7423 1.5795
0.7215 1.3913
0.6997 1.2281
0.6770 1.0865
0.6537 0.9637
0.6300 0.8572
0.6063 0.7647
0.5829 0.6846
0.5599 0.6150
0.5377 0.5547
0.5165 0.5024
0.4964 0.4570
0.4777 0.4176
0.4603 0.3835
0.4444 0.3541
0.4364 0.4186
0.5902 6.1646
0.7821 27.2769
0.8874 50.2429
0.9294 70.2293
0.9410 87.2275
0.9418 100.0030
0.9400 104.3519
0.9383 98.3987
0.9370 87.5711
0.9361 76.4831
0.9352 66.4710
0.9343 57.6988
0.9333 50.0717
0.9322 43.4533
0.9309 37.7126
0.9293 32.7332
0.9276 28.4143
0.9255 24.6682
0.9232 21.4188
0.9206 18.6003
0.9175 16.1555
0.9141 14.0349
0.9101 12.1954
0.9056 10.5998
0.9005 9.2158
0.8946 8.0153
0.8881 6.9739
0.8806 6.0706
0.8722 5.2870
0.8628 4.6073
0.8523 4.0178
0.8406 3.5064
0.8277 3.0628
0.8134 2.6780
0.7978 2.3442
0.7808 2.0546
0.7625 1.8035
0.7429 1.5856
0.7221 1.3967
0.7003 1.2327
0.6777 1.0905
0.6544 0.9672
0.6308 0.8602
0.6071 0.7674
0.5836 0.6869
0.5606 0.6170
0.5384 0.5565
0.5171 0.5039
0.4970 0.4583
0.4782 0.4188
0.4608 0.3845
0.4448 0.3550
0.4372 0.4241
0.5922 6.2415
0.7831 27.3570
0.8878 50.3095
0.9295 70.2836
0.9410 87.2666
0.9418 100.0144
0.9400 104.3364
0.9383 98.3887
0.9370 87.5733
0.9361 76.4905
0.9352 66.4797
0.9343 57.7074
0.9334 50.0799
0.9322 43.4609
0.9309 37.7195
0.9293 32.7396
0.9276 28.4202
0.9255 24.6735
0.9232 21.4236
0.9206 18.6046
0.9175 16.1594
0.9141 14.0384
0.9101 12.1986
0.9056 10.6027
0.9005 9.2184
0.8947 8.0176
0.8881 6.9760
0.8806 6.0724
0.8722 5.2887
0.8629 4.6088
0.8523 4.0191
0.8407 3.5076
0.8277 3.0638
0.8134 2.6789
0.7978 2.3450
0.7809 2.0554
0.7626 1.8042
0.7430 1.5862
0.7222 1.3972
0.7004 1.2332
0.6777 1.0909
0.6545 0.9676
0.6308 0.8605
