0.3862 0.2570
0.3778 0.2441
0.3703 0.2329
0.3639 0.2242
0.3674 0.2967
0.5147 2.6985
0.7274 11.7502
0.8573 22.8694
0.9144 33.0286
0.9331 41.9928
0.9367 49.6998
0.9360 55.8764
0.9348 59.8013
0.9341 60.4785
0.9336 57.7301
0.9332 52.7574
0.9325 47.0305
0.9315 41.4161
0.9303 36.2565
0.9288 31.6422
0.9271 27.5658
0.9251 23.9865
0.9227 20.8545
0.9200 18.1200
0.9169 15.7364
0.9134 13.6616
0.9093 11.8576
0.9046 10.2908
0.8993 8.9310
0.8932 7.7519
0.8864 6.7300
0.8786 5.8448
0.8698 5.0783
0.8599 4.4148
0.8488 3.8406
0.8365 3.3438
0.8229 2.9140
0.8078 2.5423
0.7914 2.2207
0.7735 1.9425
0.7543 1.7020
0.7338 1.4939
0.7121 1.3140
0.6894 1.1583
0.6660 1.0237
0.6421 0.9073
0.6179 0.8066
0.5939 0.7195
0.5702 0.6441
0.5472 0.5789
0.5252 0.5225
0.5043 0.4737
0.4847 0.4315
0.4665 0.3950
0.4498 0.3634
0.4345 0.3360
0.4207 0.3124
0.4083 0.2919
0.3973 0.2742
0.3874 0.2588
0.3788 0.2455
0.3711 0.2341
0.3645 0.2248
0.3650 0.2724
0.5001 2.4983
0.7198 12.2318
0.8550 23.7426
0.9143 33.8501
0.9336 42.4266
0.9372 49.5285
0.9362 54.9914
0.9348 58.1728
0.9339 58.0917
0.9333 54.5866
0.9327 48.9723
0.9318 42.8170
0.9306 37.0034
0.9291 31.8416
0.9272 27.3739
0.9250 23.5454
0.9224 20.2751
0.9195 17.4817
0.9161 15.0927
0.9122 13.0458
0.9079 11.2889
0.9029 9.7784
0.8972 8.4779
0.8908 7.3569
0.8836 6.3895
0.8755 5.5539
0.8663 4.8317
0.8561 4.2071
0.8447 3.6667
0.8321 3.1988
0.8182 2.7937
0.8029 2.4427
0.7862 2.1387
0.7682 1.8752
0.7489 1.6469
0.7284 1.4490
0.7068 1.2774
0.6843 1.1287
0.6610 0.9998
0.6374 0.8880
0.6136 0.7911
0.5899 0.7071
0.5666 0.6343
0.5441 0.5712
0.5224 0.5164
0.5019 0.4690
0.4827 0.4278
0.4649 0.3922
0.4485 0.3612
0.4335 0.3344
0.4199 0.3112
0.4077 0.2911
0.3968 0.2736
0.3872 0.2585
0.3786 0.2453
0.3710 0.2340
0.3645 0.2248
0.3653 0.2747
0.4978 2.3047
0.7144 10.9663
0.8507 22.0974
0.9119 32.3277
0.9325 41.3716
0.9367 49.1713
0.9361 55.4767
0.9349 59.6026
0.9341 60.5438
0.9337 58.0220
0.9332 53.1636
0.9325 47.4614
0.9316 41.8281
0.9304 36.6338
0.9290 31.9808
0.9272 27.8666
0.9252 24.2520
0.9229 21.0880
0.9202 18.3248
0.9172 15.9156
0.9137 13.8181
0.9096 11.9941
0.9050 10.4096
0.8998 9.0344
0.8938 7.8418
0.8870 6.8080
0.8792 5.9125
0.8705 5.1371
0.8608 4.4658
0.8498 3.8848
0.8376 3.3821
0.8240 2.9472
0.8091 2.5709
0.7928 2.2455
0.7751 1.9640
0.7559 1.7206
0.7355 1.5100
0.7139 1.3279
0.6913 1.1704
0.6680 1.0342
0.6441 0.9163
0.6199 0.8144
0.5959 0.7262
0.5722 0.6500
0.5491 0.5840
0.5270 0.5269
0.5060 0.4775
0.4863 0.4348
0.4679 0.3978
0.4511 0.3658
0.4357 0.3382
0.4218 0.3142
0.4093 0.2935
0.3981 0.2755
0.3882 0.2600
0.3794 0.2466
0.3717 0.2350
0.3650 0.2254
0.3639 0.2595
0.4862 2.1668
0.7088 11.5674
0.8495 23.1385
0.9123 33.3404
0.9331 42.0039
0.9372 49.1916
0.9363 54.7604
0.9349 58.0999
0.9340 58.2242
0.9334 54.8857
0.9328 49.3377
0.9319 43.1752
0.9307 37.3242
0.9292 32.1186
0.9273 27.6096
0.9251 23.7452
0.9226 20.4443
0.9196 17.6254
0.9163 15.2149
0.9125 13.1501
0.9081 11.3780
0.9032 9.8547
0.8976 8.5434
0.8912 7.4131
0.8840 6.4378
0.8759 5.5956
0.8668 4.8676
0.8567 4.2381
0.8454 3.6934
0.8328 3.2219
0.8189 2.8136
0.8037 2.4600
0.7872 2.1536
0.7692 1.8881
0.7500 1.6581
0.7295 1.4586
0.7079 1.2858
0.6855 1.1360
0.6623 1.0061
0.6386 0.8935
0.6148 0.7959
0.5911 0.7112
0.5678 0.6378
0.5452 0.5742
0.5235 0.5191
0.5030 0.4713
0.4837 0.4298
0.4658 0.3939
0.4493 0.3627
0.4342 0.3357
0.4206 0.3123
0.4083 0.2920
0.3974 0.2744
0.3876 0.2592
0.3790 0.2460
0.3714 0.2345
0.3648 0.2252
0.3648 0.2685
0.4921 2.1831
0.7099 10.7274
0.8485 21.8500
0.9111 32.0933
0.9323 41.1572
0.9367 48.9841
0.9361 55.3307
0.9349 59.5233
0.9341 60.5540
0.9337 58.1118
0.9332 53.2979
0.9326 47.6101
0.9316 41.9753
0.9305 36.7723
0.9290 32.1078
0.9273 27.9813
0.9253 24.3547
0.9230 21.1793
0.9203 18.4056
0.9173 15.9869
0.9138 13.8807
0.9098 12.0490
0.9052 10.4577
0.8999 9.0765
0.8940 7.8784
0.8872 6.8400
0.8795 5.9404
0.8708 5.1613
0.8611 4.4868
0.8502 3.9031
0.8380 3.3980
0.8245 2.9609
0.8097 2.5829
0.7934 2.2559
0.7757 1.9730
0.7566 1.7284
0.7362 1.5168
0.7147 1.3338
0.6921 1.1755
0.6688 1.0385
0.6449 0.9201
0.6208 0.8177
0.5967 0.7291
0.5730 0.6524
0.5499 0.5861
0.5277 0.5287
0.5067 0.4791
0.4869 0.4362
0.4686 0.3990
0.4517 0.3669
0.4362 0.3390
0.4223 0.3150
0.4097 0.2941
0.3985 0.2761
0.3885 0.2605
0.3797 0.2470
0.3720 0.2353
0.3652 0.2257
0.3638 0.2572
0.4833 2.1016
0.7065 11.4566
0.8484 23.0479
0.9119 33.2710
0.9330 41.9517
0.9372 49.1551
0.9363 54.7428
0.9349 58.1110
0.9340 58.2718
0.9334 54.9597
0.9328 49.4178
0.9319 43.2479
0.9307 37.3854
0.9292 32.1686
0.9273 27.6502
0.9252 23.7780
0.9226 20.4710
0.9197 17.6472
0.9163 15.2328
0.9125 13.1648
0.9082 11.3902
0.9032 9.8648
0.8976 8.5518
0.8912 7.4201
0.8841 6.4437
0.8760 5.6005
0.8669 4.8718
0.8567 4.2416
0.8454 3.6964
0.8329 3.2244
0.8190 2.8157
0.8038 2.4618
0.7873 2.1551
0.7693 1.8894
0.7501 1.6592
0.7296 1.4596
0.7081 1.2866
0.6856 1.1367
0.6624 1.0067
0.6387 0.8940
0.6149 0.7963
0.5912 0.7116
0.5679 0.6382
0.5453 0.5745
0.5236 0.5193
0.5031 0.4715
0.4838 0.4300
0.4658 0.3940
0.4493 0.3629
0.4343 0.3359
0.4207 0.3124
0.4084 0.2921
0.3974 0.2745
0.3877 0.2593
0.3790 0.2460
0.3714 0.2346
0.3648 0.2253
0.3653 0.2728
0.4967 2.2911
0.7138 10.9912
0.8505 22.0945
0.9119 32.2987
0.9325 41.3280
0.9367 49.1224
0.9361 55.4311
0.9349 59.5687
0.9341 60.5270
0.9337 58.0229
0.9332 53.1826
0.9325 47.4962
0.9316 41.8740
0.9304 36.6857
0.9290 32.0348
0.9273 27.9198
0.9253 24.3029
0.9230 21.1356
0.9203 18.3685
0.9172 15.9555
0.9137 13.8541
0.9097 12.0264
0.9051 10.4384
0.8999 9.0600
0.8939 7.8644
0.8871 6.8281
0.8794 5.9302
0.8707 5.1526
0.8610 4.4794
0.8500 3.8967
0.8379 3.3925
0.8244 2.9563
0.8095 2.5789
0.7932 2.2524
0.7755 1.9700
0.7564 1.7258
0.7360 1.5146
0.7144 1.3319
0.6919 1.1738
0.6685 1.0371
0.6446 0.9189
0.6205 0.8166
0.5964 0.7282
0.5727 0.6516
0.5496 0.5854
0.5275 0.5282
0.5065 0.4786
0.4867 0.4357
0.4684 0.3986
0.4515 0.3665
0.4361 0.3388
0.4221 0.3147
0.4096 0.2939
0.3984 0.2759
0.3884 0.2604
0.3796 0.2469
0.3719 0.2352
0.3651 0.2257
0.3644 0.2630
0.4903 2.2703
0.7123 11.8583
0.8514 23.4353
0.9131 33.6121
0.9334 42.2452
0.9372 49.3995
0.9363 54.9266
0.9349 58.2049
0.9340 58.2453
0.9334 54.8270
0.9328 49.2324
0.9319 43.0539
0.9307 37.2036
0.9292 32.0060
0.9273 27.5076
0.9251 23.6541
0.9225 20.3637
0.9196 17.5544
0.9162 15.1525
0.9124 13.0953
0.9080 11.3300
0.9030 9.8126
0.8974 8.5065
0.8910 7.3808
0.8838 6.4096
0.8757 5.5709
0.8665 4.8460
0.8563 4.2192
0.8450 3.6769
0.8324 3.2075
0.8185 2.8010
0.8032 2.4490
0.7866 2.1440
0.7686 1.8798
0.7493 1.6508
0.7288 1.4523
0.7072 1.2803
0.6847 1.1311
0.6614 1.0019
0.6378 0.8898
0.6140 0.7927
0.5903 0.7085
0.5670 0.6354
0.5444 0.5721
0.5228 0.5173
0.5023 0.4697
0.4830 0.4285
0.4652 0.3927
0.4487 0.3617
0.4337 0.3348
0.4201 0.3116
0.4079 0.2914
0.3970 0.2739
0.3873 0.2587
0.3787 0.2455
0.3711 0.2342
0.3646 0.2251
0.3670 0.2901
0.5113 2.6456
0.7254 11.7402
0.8565 22.8028
0.9141 32.9175
0.9331 41.8600
0.9367 49.5647
0.9360 55.7583
0.9348 59.7221
0.9341 60.4524
0.9336 57.7558
0.9332 52.8270
0.9325 47.1327
0.9316 41.5379
0.9304 36.3870
0.9289 31.7734
0.9272 27.6925
0.9251 24.1058
0.9228 20.9648
0.9201 18.2207
0.9170 15.8275
0.9135 13.7434
0.9095 11.9307
0.9048 10.3557
0.8995 8.9886
0.8935 7.8027
0.8867 6.7747
0.8790 5.8841
0.8702 5.1128
0.8604 4.4450
0.8494 3.8670
0.8372 3.3669
0.8236 2.9341
0.8086 2.5598
0.7923 2.2359
0.7745 1.9558
0.7553 1.7135
0.7349 1.5039
0.7132 1.3227
0.6906 1.1659
0.6672 1.0303
0.6433 0.9130
0.6192 0.8115
0.5951 0.7237
0.5714 0.6478
0.5484 0.5821
0.5263 0.5253
0.5053 0.4761
0.4857 0.4336
0.4674 0.3968
0.4506 0.3649
0.4353 0.3374
0.4214 0.3135
0.4089 0.2929
0.3978 0.2750
0.3879 0.2596
0.3792 0.2462
0.3715 0.2346
0.3648 0.2254
0.3660 0.2802
0.5072 2.7053
0.7258 12.7606
0.8581 24.2785
0.9156 34.3424
0.9340 42.8654
0.9372 49.9074
0.9362 55.2945
0.9348 58.3643
0.9339 58.1315
0.9333 54.4848
0.9327 48.7882
0.9318 42.6039
0.9306 36.7905
0.9290 31.6417
0.9271 27.1918
0.9249 23.3822
0.9223 20.1301
0.9193 17.3536
0.9159 14.9798
0.9120 12.9465
0.9076 11.2016
0.9026 9.7018
0.8969 8.4107
0.8904 7.2979
0.8832 6.3378
0.8750 5.5087
0.8658 4.7921
0.8555 4.1725
0.8440 3.6364
0.8313 3.1723
0.8173 2.7705
0.8019 2.4225
0.7852 2.1210
0.7671 1.8598
0.7477 1.6334
0.7271 1.4373
0.7054 1.2672
0.6828 1.1198
0.6595 0.9921
0.6358 0.8813
0.6120 0.7853
0.5883 0.7020
0.5651 0.6299
0.5426 0.5673
0.5211 0.5131
0.5006 0.4661
0.4815 0.4253
0.4637 0.3900
0.4474 0.3593
0.4325 0.3328
0.4191 0.3098
0.4070 0.2898
0.3962 0.2725
0.3865 0.2575
0.3780 0.2445
0.3705 0.2333
0.3641 0.2249
0.3711 0.3308
0.5356 3.2978
0.7436 12.9482
0.8654 23.9342
0.9174 33.9129
0.9339 42.7208
0.9368 50.2807
0.9359 56.2816
0.9347 59.9513
0.9340 60.3061
0.9336 57.3050
0.9331 52.2416
0.9324 46.5366
0.9314 40.9849
0.9302 35.8927
0.9287 31.3384
0.9270 27.3123
0.9249 23.7744
0.9226 20.6766
0.9198 17.9703
0.9167 15.6102
0.9131 13.5549
0.9090 11.7673
0.9043 10.2143
0.8990 8.8661
0.8929 7.6968
0.8860 6.6831
0.8782 5.8049
0.8693 5.0443
0.8594 4.3858
0.8483 3.8159
0.8359 3.3227
0.8222 2.8959
0.8071 2.5267
0.7906 2.2074
0.7727 1.9311
0.7534 1.6922
0.7328 1.4855
0.7111 1.3067
0.6884 1.1521
0.6650 1.0183
0.6410 0.9026
0.6169 0.8026
0.5928 0.7160
0.5692 0.6411
0.5463 0.5763
0.5243 0.5203
0.5034 0.4718
0.4839 0.4298
0.4657 0.3935
0.4491 0.3621
0.4339 0.3349
0.4202 0.3114
0.4078 0.2911
0.3968 0.2734
0.3870 0.2582
0.3784 0.2450
0.3708 0.2336
0.3643 0.2249
0.3700 0.3205
0.5339 3.4887
0.7455 14.1431
0.8677 25.5414
0.9191 35.4289
0.9349 43.7825
0.9372 50.6505
0.9360 55.8160
0.9347 58.5539
0.9339 57.9009
0.9333 53.9234
0.9326 48.0929
0.9317 41.9134
0.9304 36.1627
0.9288 31.0916
0.9269 26.7169
0.9246 22.9745
0.9220 19.7806
0.9189 17.0539
0.9155 14.7224
0.9115 12.7251
0.9071 11.0109
0.9020 9.5373
0.8962 8.2687
0.8896 7.1752
0.8822 6.2316
0.8739 5.4168
0.8646 4.7125
0.8541 4.1035
0.8425 3.5766
0.8297 3.1205
0.8155 2.7256
0.7999 2.3835
0.7830 2.0872
0.7648 1.8305
0.7452 1.6080
0.7245 1.4152
0.7027 1.2481
0.6800 1.1032
0.6566 0.9777
0.6329 0.8688
0.6091 0.7744
0.5855 0.6926
0.5623 0.6217
0.5399 0.5602
0.5185 0.5069
0.4982 0.4607
0.4792 0.4207
0.4617 0.3860
0.4455 0.3559
0.4308 0.3298
0.4175 0.3072
0.4056 0.2875
0.3949 0.2706
0.3854 0.2558
0.3771 0.2431
0.3697 0.2320
0.3635 0.2249
0.3802 0.4243
0.5692 4.3524
0.7669 14.6024
0.8764 25.4598
0.9214 35.2567
0.9349 43.8828
0.9367 51.2408
0.9357 56.9635
0.9346 60.2087
0.9340 60.0453
0.9335 56.6519
0.9330 51.4287
0.9323 45.7202
0.9313 40.2303
0.9300 35.2183
0.9285 30.7441
0.9267 26.7920
0.9246 23.3204
0.9222 20.2812
0.9194 17.6265
0.9163 15.3115
0.9126 13.2957
0.9084 11.5425
0.9037 10.0195
0.8982 8.6974
0.8920 7.5508
0.8850 6.5568
0.8770 5.6956
0.8680 4.9498
0.8580 4.3041
0.8467 3.7452
0.8341 3.2616
0.8203 2.8431
0.8050 2.4811
0.7883 2.1679
0.7702 1.8970
0.7507 1.6627
0.7300 1.4600
0.7081 1.2846
0.6853 1.1330
0.6618 1.0018
0.6378 0.8884
0.6136 0.7902
0.5896 0.7053
0.5661 0.6319
0.5433 0.5683
0.5214 0.5134
0.5007 0.4658
0.4814 0.4246
0.4634 0.3890
0.4470 0.3582
0.4320 0.3316
0.4184 0.3085
0.4063 0.2885
0.3954 0.2713
0.3858 0.2563
0.3773 0.2434
0.3699 0.2322
0.3636 0.2248
0.3790 0.4139
0.5697 4.7349
0.7698 15.9695
0.8791 27.1771
0.9231 36.8294
0.9358 44.9588
0.9372 51.5919
0.9358 56.4485
0.9345 58.7240
0.9338 57.5145
0.9332 53.1329
0.9325 47.1592
0.9315 41.0040
0.9302 35.3434
0.9286 30.3768
0.9266 26.1013
0.9242 22.4469
0.9215 19.3289
0.9184 16.6667
0.9149 14.3901
0.9109 12.4395
0.9063 10.7650
0.9011 9.3253
0.8952 8.0857
0.8885 7.0171
0.8810 6.0949
0.8725 5.2985
0.8630 4.6101
0.8524 4.0148
0.8406 3.4997
0.8275 3.0539
0.8131 2.6678
0.7973 2.3335
0.7802 2.0438
0.7618 1.7929
0.7420 1.5754
0.7211 1.3869
0.6991 1.2235
0.6763 1.0819
0.6529 0.9592
0.6291 0.8528
0.6053 0.7606
0.5817 0.6806
0.5587 0.6113
0.5364 0.5512
0.5152 0.4991
0.4951 0.4539
0.4763 0.4148
0.4590 0.3808
0.4431 0.3514
0.4286 0.3259
0.4155 0.3038
0.4038 0.2847
0.3933 0.2680
0.3840 0.2537
0.3758 0.2412
0.3686 0.2305
0.3629 0.2265
0.3993 0.6381
0.6103 5.9072
0.7931 16.6465
0.8883 27.3189
0.9254 36.8930
0.9357 45.2936
0.9366 52.3920
0.9355 57.7433
0.9345 60.4282
0.9339 59.6238
0.9334 55.7869
0.9329 50.4042
0.9321 44.7093
0.9311 39.3015
0.9298 34.3894
0.9282 30.0138
0.9263 26.1524
0.9242 22.7621
0.9217 19.7948
0.9189 17.2032
0.9157 14.9436
0.9119 12.9763
0.9077 11.2655
0.9028 9.7793
0.8972 8.4894
0.8909 7.3707
0.8837 6.4009
0.8756 5.5608
0.8664 4.8332
0.8561 4.2032
0.8447 3.6580
0.8319 3.1862
0.8178 2.7779
0.8022 2.4247
0.7853 2.1192
0.7670 1.8549
0.7473 1.6262
0.7264 1.4285
0.7043 1.2574
0.6814 1.1095
0.6578 0.9815
0.6337 0.8708
0.6096 0.7750
0.5856 0.6921
0.5622 0.6205
0.5395 0.5585
0.5178 0.5048
0.4973 0.4584
0.4782 0.4183
0.4605 0.3835
0.4443 0.3535
0.4296 0.3274
0.4163 0.3049
0.4044 0.2854
0.3937 0.2686
0.3843 0.2540
0.3760 0.2414
0.3687 0.2305
0.3629 0.2262
0.3981 0.6297
0.6122 6.5309
0.7965 18.1724
0.8910 29.1173
0.9270 38.4833
0.9365 46.3395
0.9370 52.6778
0.9356 57.1320
0.9344 58.8107
0.9337 56.9312
0.9331 52.1115
0.9324 46.0102
0.9313 39.9071
0.9299 34.3639
0.9282 29.5258
0.9261 25.3702
0.9237 21.8210
0.9210 18.7933
0.9178 16.2079
0.9142 13.9965
0.9101 12.1011
0.9054 10.4738
0.9000 9.0743
0.8940 7.8691
0.8871 6.8300
0.8794 5.9332
0.8708 5.1586
0.8611 4.4890
0.8502 3.9100
0.8382 3.4089
0.8248 2.9752
0.8102 2.5996
0.7942 2.2744
0.7768 1.9926
0.7580 1.7484
0.7381 1.5369
0.7169 1.3535
0.6948 1.1946
0.6718 1.0568
0.6483 0.9374
0.6245 0.8339
0.6007 0.7442
0.5772 0.6664
0.5543 0.5990
0.5322 0.5405
0.5112 0.4898
0.4913 0.4459
0.4729 0.4078
0.4558 0.3748
0.4401 0.3462
0.4259 0.3214
0.4131 0.2999
0.4017 0.2813
0.3914 0.2651
0.3824 0.2511
0.3743 0.2390
0.3673 0.2286
0.3627 0.2335
0.4336 1.1102
0.6564 8.0226
0.8202 19.0218
0.8999 29.4558
0.9291 38.7692
0.9363 46.9020
0.9364 53.6779
0.9352 58.5520
0.9343 60.5364
0.9338 58.9976
0.9333 54.7069
0.9328 49.1881
0.9319 43.5317
0.9308 38.2270
0.9295 33.4331
0.9278 29.1720
0.9259 25.4154
0.9237 22.1188
0.9212 19.2343
0.9183 16.7156
0.9149 14.5199
0.9111 12.6084
0.9067 10.9464
0.9017 9.5028
0.8960 8.2499
0.8895 7.1633
0.8821 6.2215
0.8738 5.4055
0.8644 4.6989
0.8539 4.0871
0.8422 3.5576
0.8292 3.0994
0.8148 2.7029
0.7990 2.3598
0.7817 2.0631
0.7631 1.8064
0.7432 1.5843
0.7220 1.3922
0.6998 1.2261
0.6767 1.0824
0.6530 0.9580
0.6289 0.8505
0.6048 0.7575
0.5809 0.6770
0.5576 0.6074
0.5351 0.5471
0.5136 0.4950
0.4934 0.4499
0.4746 0.4109
0.4572 0.3772
0.4413 0.3480
0.4268 0.3227
0.4138 0.3008
0.4021 0.2819
0.3918 0.2655
0.3826 0.2513
0.3745 0.2391
0.3674 0.2287
0.3627 0.2330
0.4326 1.1152
0.6590 8.8887
0.9365 85.4402
0.9358 74.2313
0.9350 64.3668
0.9342 55.7863
0.9331 48.3465
0.9319 41.9005
0.9305 36.3164
0.9289 31.4790
0.9270 27.2886
0.9249 23.6588
0.9225 20.5146
0.9197 17.7910
0.9165 15.4319
0.9128 13.3885
0.9087 11.6185
0.9039 10.0853
0.8985 8.7573
0.8923 7.6070
0.8854 6.6107
0.8775 5.7476
0.8687 5.0001
0.8587 4.3525
0.8476 3.7917
0.8353 3.3058
0.8217 2.8850
0.8067 2.5205
0.7903 2.2047
0.7725 1.9312
0.7534 1.6943
0.7330 1.4891
0.7115 1.3113
0.6890 1.1573
0.6658 1.0239
0.6421 0.9084
0.6182 0.8083
0.5943 0.7216
0.5708 0.6465
0.5480 0.5814
0.5261 0.5251
0.5053 0.4762
0.4857 0.4339
0.4676 0.3973
0.4509 0.3656
0.4356 0.3381
0.4218 0.3143
0.4094 0.2936
0.3983 0.2759
0.3901 0.2816
0.5185 4.2546
0.7465 26.1123
0.8755 49.3762
0.9275 69.6543
0.9420 87.1414
0.9431 101.7892
0.9409 112.1443
0.9390 114.1817
0.9377 106.6123
0.9369 94.7009
0.9363 82.6494
0.9356 71.7572
0.9348 62.2113
0.9339 53.9173
0.9328 46.7280
0.9316 40.4992
0.9301 35.1031
0.9285 30.4286
0.9266 26.3793
0.9244 22.8716
0.9219 19.8331
0.9190 17.2011
0.9157 14.9213
0.9119 12.9464
0.9076 11.2358
0.9027 9.7540
0.8971 8.4705
0.8908 7.3588
0.8836 6.3958
0.8755 5.5616
0.8664 4.8390
0.8562 4.2131
0.8448 3.6710
0.8322 3.2013
0.8183 2.7945
0.8029 2.4422
0.7862 2.1369
0.7681 1.8725
0.7487 1.6435
0.7281 1.4451
0.7063 1.2732
0.6837 1.1243
0.6603 0.9954
0.6365 0.8837
0.6126 0.7869
0.5888 0.7031
0.5654 0.6304
0.5428 0.5675
0.5211 0.5130
0.5006 0.4658
0.4814 0.4249
0.4636 0.3895
0.4472 0.3588
0.4323 0.3322
0.4188 0.3092
0.4067 0.2893
0.3959 0.2723
0.3952 0.3706
0.5881 8.8029
0.7917 32.6930
0.8954 55.1513
0.9338 74.6497
0.9430 91.4007
0.9425 105.1347
0.9403 113.7137
0.9386 112.9717
0.9375 103.6491
0.9368 91.4484
0.9361 79.6501
0.9354 69.1152
0.9346 59.9133
0.9336 51.9256
0.9325 45.0031
0.9312 39.0056
0.9297 33.8099
0.9280 29.3089
0.9260 25.4098
0.9237 22.0322
0.9211 19.1064
0.9181 16.5720
0.9147 14.3765
0.9108 12.4748
0.9064 10.8275
0.9013 9.4006
0.8955 8.1645
0.8890 7.0938
0.8816 6.1664
0.8732 5.3630
0.8639 4.6671
0.8534 4.0643
0.8417 3.5421
0.8287 3.0898
0.8144 2.6979
0.7987 2.3585
0.7817 2.0645
0.7632 1.8098
0.7435 1.5892
0.7225 1.3981
0.7005 1.2325
0.6777 1.0891
0.6542 0.9649
0.6303 0.8572
0.6064 0.7640
0.5827 0.6833
0.5595 0.6133
0.5371 0.5527
0.5157 0.5002
0.4955 0.4547
0.4766 0.4153
0.4592 0.3812
0.4432 0.3516
0.4287 0.3260
0.4155 0.3038
0.4038 0.2846
0.3934 0.2695
0.4240 0.8751
0.6591 15.4211
0.8319 39.6373
0.9117 61.1996
0.9384 79.8698
0.9434 95.8039
0.9419 108.3761
0.9397 114.6186
0.9382 110.9183
0.9373 100.2108
0.9366 87.9416
0.9359 76.4763
0.9352 66.3335
0.9344 57.4971
0.9333 49.8320
0.9322 43.1900
0.9308 37.4356
0.9292 32.4504
0.9275 28.1317
0.9254 24.3905
0.9230 21.1497
0.9203 18.3422
0.9172 15.9103
0.9137 13.8037
0.9096 11.9788
0.9050 10.3980
0.8997 9.0287
0.8937 7.8426
0.8870 6.8151
0.8793 5.9250
0.8707 5.1540
0.8610 4.4861
0.8502 3.9076
0.8381 3.4064
0.8248 2.9723
0.8101 2.5962
0.7940 2.2705
0.7765 1.9883
0.7577 1.7438
0.7376 1.5320
0.7164 1.3486
0.6941 1.1897
0.6710 1.0520
0.6474 0.9327
0.6235 0.8294
0.5996 0.7399
0.5760 0.6624
0.5531 0.5952
0.5309 0.5370
0.5099 0.4866
0.4900 0.4430
0.4716 0.4051
0.4545 0.3724
0.4389 0.3440
0.4248 0.3194
0.4121 0.2981
0.4007 0.2797
0.3915 0.2748
0.4922 2.9612
0.7264 23.2766
0.8659 46.8473
0.9241 67.4560
0.9413 85.2504
0.9432 100.2532
0.9411 111.2814
0.9391 114.5684
0.9378 108.0198
0.9370 96.3724
0.9364 84.2307
0.9357 73.1645
0.9350 63.4420
0.9341 54.9882
0.9330 47.6585
0.9318 41.3077
0.9303 35.8055
0.9287 31.0388
0.9268 26.9094
0.9247 23.3321
0.9222 20.2332
0.9194 17.5487
0.9162 15.2232
0.9125 13.2087
0.9082 11.4636
0.9034 9.9519
0.8979 8.6424
0.8917 7.5081
0.8847 6.5254
0.8767 5.6742
0.8678 4.9369
0.8578 4.2981
0.8466 3.7448
0.8341 3.2655
0.8204 2.8502
0.8052 2.4905
0.7887 2.1789
0.7709 1.9090
0.7517 1.6752
0.7312 1.4726
0.7096 1.2971
0.6871 1.1451
0.6638 1.0134
0.6401 0.8993
0.6161 0.8005
0.5923 0.7149
0.5689 0.6407
0.5461 0.5764
0.5243 0.5208
0.5036 0.4725
0.4842 0.4308
0.4662 0.3946
0.4496 0.3632
0.4345 0.3361
0.4208 0.3125
0.4084 0.2921
0.3975 0.2747
0.3950 0.3514
0.5794 8.0053
0.7860 31.6539
0.8929 54.2350
0.9330 73.8510
0.9429 90.7154
0.9426 104.6037
0.9404 113.5233
0.9386 113.3387
0.9375 104.3685
0.9368 92.2246
0.9362 80.3692
0.9355 69.7529
0.9347 60.4716
0.9337 52.4126
0.9326 45.4274
0.9313 39.3753
0.9298 34.1320
0.9281 29.5896
0.9262 25.6544
0.9239 22.2453
0.9213 19.2920
0.9184 16.7337
0.9150 14.5174
0.9111 12.5975
0.9067 10.9344
0.9017 9.4936
0.8959 8.2456
0.8895 7.1644
0.8821 6.2279
0.8739 5.4166
0.8646 4.7137
0.8542 4.1049
0.8426 3.5775
0.8297 3.1206
0.8155 2.7247
0.7999 2.3819
0.7830 2.0848
0.7646 1.8275
0.7450 1.6046
0.7241 1.4115
0.7022 1.2442
0.6794 1.0993
0.6560 0.9737
0.6321 0.8649
0.6082 0.7707
0.5845 0.6891
0.5613 0.6184
0.5388 0.5571
0.5173 0.5040
0.4970 0.4580
0.4781 0.4182
0.4605 0.3837
0.4444 0.3538
0.4298 0.3279
0.4165 0.3055
0.4047 0.2860
0.3942 0.2712
0.4306 0.9967
0.6668 16.0908
0.8358 40.2572
0.9131 61.7316
0.9387 80.3223
0.9433 96.1765
0.9418 108.6364
0.9396 114.6985
0.9381 110.8518
0.9372 100.1114
0.9366 87.8533
0.9359 76.4039
0.9352 66.2745
0.9343 57.4492
0.9333 49.7931
0.9322 43.1584
0.9308 37.4102
0.9292 32.4301
0.9274 28.1156
0.9254 24.3779
0.9230 21.1398
0.9203 18.3347
0.9172 15.9046
0.9137 13.7995
0.9096 11.9758
0.9050 10.3960
0.8997 9.0274
0.8937 7.8418
0.8870 6.8148
0.8793 5.9251
0.8707 5.1543
0.8610 4.4866
0.8502 3.9082
0.8381 3.4071
0.8248 2.9731
0.8101 2.5970
0.7940 2.2712
0.7766 1.9890
0.7578 1.7445
0.7377 1.5327
0.7165 1.3493
0.6942 1.1903
0.6711 1.0526
0.6475 0.9333
0.6236 0.8299
0.5997 0.7404
0.5762 0.6628
0.5532 0.5956
0.5311 0.5374
0.5100 0.4870
0.4902 0.4433
0.4717 0.4054
0.4547 0.3726
0.4391 0.3442
0.4249 0.3196
0.4122 0.2983
0.4008 0.2799
0.3924 0.2851
0.5185 4.1215
0.7455 25.6502
0.8747 48.9480
0.9271 69.2702
0.9419 86.7999
0.9430 101.5039
0.9409 112.0092
0.9390 114.4184
0.9377 107.2151
0.9370 95.4184
0.9363 83.3396
0.9357 72.3798
0.9349 62.7616
0.9340 54.4007
0.9329 47.1518
0.9317 40.8707
0.9302 35.4287
0.9286 30.7140
0.9267 26.6293
0.9245 23.0907
0.9220 20.0250
0.9192 17.3692
0.9159 15.0685
0.9122 13.0753
0.9079 11.3487
0.9030 9.8529
0.8975 8.5571
0.8913 7.4345
0.8842 6.4620
0.8761 5.6196
0.8671 4.8898
0.8570 4.2575
0.8457 3.7098
0.8332 3.2353
0.8194 2.8242
0.8042 2.4681
0.7876 2.1596
0.7696 1.8923
0.7503 1.6608
0.7298 1.4602
0.7081 1.2864
0.6856 1.1359
0.6623 1.0055
0.6385 0.8925
0.6146 0.7946
0.5908 0.7098
0.5674 0.6363
0.5447 0.5727
0.5230 0.5175
0.5024 0.4697
0.4830 0.4284
0.4651 0.3925
0.4486 0.3614
0.4336 0.3345
0.4200 0.3112
0.4077 0.2910
0.3969 0.2742
0.4058 0.5110
0.6214 11.4069
0.8107 35.5497
0.9031 57.6296
0.9360 76.7789
0.9432 93.1930
0.9422 106.4825
0.9400 114.2355
0.9384 112.4696
0.9374 102.6744
0.9367 90.4504
0.9361 78.7558
0.9354 68.3391
0.9345 59.2453
0.9336 51.3518
0.9324 44.5104
0.9311 38.5827
0.9296 33.4470
0.9279 28.9975
0.9259 25.1427
0.9236 21.8031
0.9209 18.9099
0.9179 16.4034
0.9145 14.2320
0.9105 12.3509
0.9060 10.7213
0.9009 9.3095
0.8951 8.0864
0.8885 7.0269
0.8810 6.1090
0.8726 5.3138
0.8632 4.6250
0.8526 4.0282
0.8409 3.5112
0.8278 3.0633
0.8134 2.6752
0.7977 2.3391
0.7805 2.0478
0.7620 1.7955
0.7422 1.5770
0.7212 1.3876
0.6992 1.2236
0.6763 1.0814
0.6528 0.9583
0.6289 0.8516
0.6050 0.7592
0.5814 0.6791
0.5582 0.6098
0.5359 0.5497
0.5146 0.4976
0.4945 0.4525
0.4757 0.4134
0.4583 0.3796
0.4424 0.3502
0.4280 0.3248
0.4149 0.3028
0.4032 0.2837
0.3935 0.2756
0.4810 2.4458
0.7164 21.7412
0.8608 45.4529
0.9222 66.2369
0.9409 84.1942
0.9432 99.3808
0.9412 110.7594
0.9392 114.7753
0.9379 108.9336
0.9371 97.5174
0.9364 85.3368
0.9358 74.1580
0.9350 64.3152
0.9341 55.7506
0.9331 48.3230
0.9319 41.8867
0.9305 36.3100
0.9289 31.4784
0.9270 27.2924
0.9249 23.6658
0.9225 20.5239
0.9197 17.8019
0.9165 15.4438
0.9129 13.4009
0.9087 11.6310
0.9039 10.0978
0.8985 8.7695
0.8924 7.6187
0.8855 6.6218
0.8776 5.7582
0.8688 5.0100
0.8589 4.3618
0.8478 3.8002
0.8355 3.3137
0.8219 2.8922
0.8069 2.5271
0.7906 2.2108
0.7729 1.9367
0.7538 1.6993
0.7335 1.4936
0.7120 1.3154
0.6896 1.1610
0.6664 1.0273
0.6427 0.9114
0.6188 0.8110
0.5950 0.7240
0.5715 0.6486
0.5487 0.5834
0.5268 0.5268
0.5059 0.4778
0.4864 0.4353
0.4682 0.3985
0.4515 0.3667
0.4362 0.3391
0.4223 0.3151
0.4098 0.2944
0.3987 0.2768
0.3991 0.3939
0.5946 9.0088
0.7948 32.8095
0.8964 55.2337
0.9340 74.7051
0.9429 91.4323
0.9424 105.1498
0.9402 113.7789
0.9385 113.2577
0.9375 104.1479
0.9368 92.0040
0.9362 80.1793
0.9355 69.5936
0.9347 60.3384
0.9337 52.3011
0.9326 45.3343
0.9313 39.2976
0.9298 34.0674
0.9281 29.5358
0.9261 25.6098
0.9239 22.2084
0.9213 19.2615
0.9183 16.7085
0.9149 14.4968
0.9111 12.5806
0.9066 10.9206
0.9016 9.4824
0.8959 8.2365
0.8894 7.1571
0.8821 6.2220
0.8738 5.4118
0.8645 4.7100
0.8541 4.1019
0.8425 3.5752
0.8296 3.1188
0.8154 2.7234
0.7999 2.3809
0.7829 2.0841
0.7646 1.8270
0.7449 1.6043
0.7241 1.4113
0.7022 1.2441
0.6794 1.0992
0.6560 0.9738
0.6321 0.8650
0.6082 0.7708
0.5845 0.6892
0.5613 0.6185
0.5388 0.5573
0.5174 0.5042
0.4971 0.4582
0.4782 0.4184
0.4606 0.3839
0.4445 0.3539
0.4298 0.3280
0.4166 0.3056
0.4047 0.2862
0.3946 0.2749
0.4656 1.8917
0.7026 19.9431
0.8539 43.8155
0.9197 64.8126
0.9403 82.9665
0.9432 98.3666
0.9414 110.1157
0.9393 114.8599
0.9380 109.7279
0.9371 98.5513
0.9365 86.3395
0.9359 75.0567
0.9351 65.1026
0.9342 56.4358
0.9332 48.9183
0.9320 42.4035
0.9306 36.7588
0.9290 31.8681
0.9272 27.6308
0.9251 23.9596
0.9227 20.7790
0.9200 18.0234
0.9168 15.6361
0.9132 13.5678
0.9091 11.7760
0.9044 10.2236
0.8990 8.8787
0.8930 7.7136
0.8861 6.7042
0.8783 5.8296
0.8696 5.0720
0.8598 4.4156
0.8488 3.8470
0.8367 3.3543
0.8232 2.9275
0.8083 2.5577
0.7921 2.2373
0.7745 1.9598
0.7556 1.7193
0.7354 1.5110
0.7140 1.3305
0.6917 1.1741
0.6685 1.0386
0.6449 0.9212
0.6210 0.8195
0.5971 0.7314
0.5736 0.6551
0.5507 0.5889
0.5287 0.5316
0.5078 0.4820
0.4881 0.4390
0.4698 0.4017
0.4529 0.3694
0.4375 0.3415
0.4235 0.3172
0.4109 0.2962
0.3997 0.2783
0.3986 0.3758
0.5880 8.4199
0.7906 32.0571
0.8946 54.5719
0.9334 74.1300
0.9428 90.9406
0.9425 104.7701
0.9403 113.6381
0.9386 113.4984
0.9375 104.6308
0.9368 92.5278
0.9362 80.6648
0.9355 70.0239
0.9347 60.7145
0.9337 52.6286
0.9326 45.6192
0.9314 39.5454
0.9299 34.2829
0.9282 29.7233
0.9262 25.7728
0.9240 22.3502
0.9214 19.3849
0.9185 16.8158
0.9151 14.5900
0.9113 12.6617
0.9069 10.9911
0.9019 9.5437
0.8962 8.2898
0.8897 7.2035
0.8824 6.2623
0.8742 5.4469
0.8650 4.7405
0.8546 4.1284
0.8431 3.5982
0.8303 3.1388
0.8161 2.7408
0.8006 2.3960
0.7837 2.0973
0.7655 1.8384
0.7459 1.6142
0.7251 1.4199
0.7033 1.2516
0.6805 1.1058
0.6571 0.9794
0.6333 0.8700
0.6094 0.7751
0.5857 0.6929
0.5624 0.6218
0.5399 0.5601
0.5184 0.5066
0.4981 0.4603
0.4791 0.4202
0.4614 0.3855
0.4453 0.3553
0.4305 0.3292
0.4172 0.3066
0.4053 0.2871
0.3952 0.2762
0.4691 1.9852
0.7053 20.1868
0.8552 44.0314
0.9201 64.9971
0.9403 83.1226
0.9432 98.4930
0.9413 110.2006
0.9393 114.8926
0.9380 109.7380
0.9371 98.5650
0.9365 86.3577
0.9359 75.0762
0.9351 65.1215
0.9342 56.4536
0.9332 48.9347
0.9320 42.4187
0.9306 36.7728
0.9290 31.8809
0.9272 27.6425
0.9251 23.9703
0.9227 20.7887
0.9200 18.0322
0.9168 15.6441
0.9132 13.5750
0.9091 11.7825
0.9044 10.2295
0.8991 8.8840
0.8930 7.7183
0.8861 6.7084
0.8784 5.8334
0.8696 5.0754
0.8598 4.4187
0.8489 3.8497
0.8367 3.3567
0.8232 2.9296
0.8084 2.5596
0.7922 2.2390
0.7746 1.9613
0.7557 1.7206
0.7355 1.5122
0.7142 1.3315
0.6918 1.1750
0.6687 1.0394
0.6451 0.9220
0.6212 0.8202
0.5973 0.7320
0.5738 0.6556
0.5509 0.5894
0.5289 0.5320
0.5080 0.4823
0.4883 0.4393
0.4699 0.4020
0.4531 0.3697
0.4376 0.3417
0.4236 0.3174
0.4110 0.2964
0.3998 0.2786
0.4018 0.4189
0.6014 9.4268
0.7985 33.2563
0.8979 55.6178
0.9343 75.0321
0.9429 91.7047
0.9424 105.3562
0.9402 113.8893
0.9385 113.2927
0.9375 104.1775
0.9368 92.0450
0.9362 80.2247
0.9355 69.6383
0.9347 60.3803
0.9337 52.3398
0.9326 45.3697
0.9313 39.3300
0.9298 34.0969
0.9281 29.5627
0.9261 25.6342
0.9239 22.2305
0.9213 19.2815
0.9183 16.7266
0.9150 14.5130
0.9111 12.5952
0.9067 10.9337
0.9017 9.4942
0.8959 8.2470
0.8895 7.1665
0.8821 6.2304
0.8739 5.4194
0.8646 4.7167
0.8542 4.1079
0.8426 3.5805
0.8298 3.1235
0.8156 2.7276
0.8000 2.3846
0.7831 2.0874
0.7648 1.8299
0.7452 1.6069
0.7244 1.4136
0.7025 1.2461
0.6797 1.1010
0.6563 0.9753
0.6325 0.8664
0.6086 0.7721
0.5848 0.6903
0.5616 0.6195
0.5392 0.5581
0.5177 0.5049
0.4974 0.4589
0.4784 0.4189
0.4609 0.3844
0.4447 0.3544
0.4301 0.3284
0.4168 0.3059
0.4049 0.2865
0.3952 0.2805
0.4915 2.7737
0.7239 22.4191
0.8642 46.0464
0.9233 66.7435
0.9410 84.6215
0.9431 99.7240
0.9411 110.9843
0.9391 114.8651
0.9379 108.9827
0.9371 97.5846
0.9364 85.4156
0.9358 74.2373
0.9350 64.3900
0.9342 55.8195
0.9331 48.3858
0.9319 41.9438
0.9305 36.3618
0.9289 31.5253
0.9271 27.3348
0.9249 23.7041
0.9225 20.5584
0.9197 17.8330
0.9165 15.4717
0.9129 13.4259
0.9087 11.6535
0.9040 10.1179
0.8986 8.7874
0.8925 7.6348
0.8856 6.6361
0.8777 5.7709
0.8689 5.0213
0.8590 4.3718
0.8480 3.8092
0.8357 3.3217
0.8222 2.8993
0.8072 2.5334
0.7909 2.2163
0.7732 1.9416
0.7542 1.7036
0.7339 1.4974
0.7125 1.3188
0.6901 1.1640
0.6669 1.0299
0.6432 0.9137
0.6193 0.8130
0.5955 0.7258
0.5720 0.6502
0.5492 0.5848
0.5273 0.5280
0.5064 0.4789
0.4868 0.4363
0.4686 0.3994
0.4518 0.3674
0.4365 0.3397
0.4226 0.3157
0.4101 0.2949
0.3990 0.2778
0.4131 0.5970
0.6335 12.2196
0.8169 36.3411
0.9054 58.3075
0.9365 77.3542
0.9431 93.6688
0.9421 106.8341
0.9399 114.4184
0.9383 112.5562
0.9374 102.7793
0.9367 90.5786
0.9361 78.8873
0.9354 68.4635
0.9346 59.3592
0.9336 51.4549
0.9324 44.6035
0.9311 38.6666
0.9296 33.5225
0.9279 29.0654
0.9259 25.2036
0.9236 21.8577
0.9210 18.9588
0.9180 16.4472
0.9145 14.2711
0.9106 12.3858
0.9061 10.7524
0.9010 9.3372
0.8952 8.1111
0.8887 7.0488
0.8812 6.1285
0.8728 5.3311
0.8634 4.6403
0.8529 4.0418
0.8412 3.5232
0.8282 3.0739
0.8138 2.6847
0.7981 2.3474
0.7810 2.0552
0.7626 1.8021
0.7428 1.5827
0.7219 1.3927
0.6998 1.2280
0.6770 1.0854
0.6535 0.9618
0.6297 0.8547
0.6058 0.7619
0.5821 0.6815
0.5590 0.6118
0.5366 0.5515
0.5153 0.4992
0.4951 0.4539
0.4763 0.4147
0.4589 0.3806
0.4430 0.3512
0.4284 0.3256
0.4154 0.3035
0.4036 0.2845
0.3957 0.2993
0.5347 4.7819
0.7556 26.6104
0.8790 49.7781
0.9283 69.9771
0.9420 87.3931
0.9428 101.9715
0.9407 112.3033
0.9389 114.5639
0.9377 107.3671
0.9370 95.6130
0.9363 83.5445
0.9357 72.5747
0.9349 62.9397
0.9340 54.5611
0.9329 47.2955
0.9317 40.9992
0.9303 35.5437
0.9286 30.8167
0.9267 26.7210
0.9246 23.1725
0.9221 20.0980
0.9193 17.4342
0.9160 15.1263
0.9123 13.1267
0.9080 11.3943
0.9032 9.8934
0.8977 8.5930
0.8914 7.4664
0.8844 6.4903
0.8764 5.6446
0.8674 4.9119
0.8574 4.2771
