-0.3192 -0.021287
-0.3140 -0.018293
-0.3077 -0.015791
-0.3005 -0.013681
-0.2924 -0.011888
-0.2835 -0.010354
-0.2738 -0.009034
-0.2634 -0.007894
-0.2521 -0.006905
-0.2401 -0.006046
-0.2272 -0.005300
-0.2132 -0.004653
-0.1979 -0.004093
-0.1807 -0.003613
-0.1607 -0.003207
-0.1363 -0.002870
-0.1047 -0.002605
-0.0597 -0.002422
0.0088 -0.065851
0.0929 -0.076279
0.1782 -0.086859
0.2307 -0.184556
0.2518 -0.189614
0.2542 -0.189978
0.2437 -0.187131
0.2256 -0.182409
0.2038 -0.176783
0.1806 -0.170839
0.1572 -0.164861
0.1338 -0.158921
0.1103 -0.152949
0.0857 -0.146749
0.0588 -0.139981
0.0272 -0.132056
-0.0131 -0.121964
-0.0678 -0.108296
-0.1382 -0.090703
-0.2126 -0.072071
-0.2770 -0.055916
-0.3265 -0.040242
-0.3622 -0.029538
-0.3870 -0.022547
-0.4035 -0.016072
-0.4138 -0.011987
-0.4196 -0.009332
-0.4222 -0.007538
-0.4226 -0.006266
-0.4213 -0.005318
-0.4190 -0.004571
-0.4161 -0.003952
-0.4131 -0.003420
-0.4100 -0.002957
-0.4070 -0.002553
-0.4039 -0.002202
-0.4008 -0.001899
-0.3975 -0.001638
-0.3940 -0.001416
-0.3901 -0.001225
-0.3860 -0.001062
-0.3814 -0.000922
-0.3765 -0.000802
-0.3712 -0.000699
-0.3655 -0.000609
-0.3594 -0.000532
-0.3531 -0.000464
-0.3466 -0.000405
-0.3401 -0.000352
-0.3337 -0.000306
-0.3275 -0.000265
-0.3214 -0.000229
-0.3157 -0.000198
-0.3101 -0.000170
-0.3047 -0.000146
-0.3012 -0.024970
-0.3009 -0.024985
-0.3005 -0.025024
-0.2999 -0.025090
-0.2990 -0.025185
-0.2980 -0.025304
-0.2968 -0.025438
-0.2957 -0.025574
-0.2946 -0.025704
-0.2936 -0.025826
-0.2926 -0.025941
-0.2917 -0.026057
-0.2906 -0.026185
-0.2894 -0.026340
-0.2878 -0.026539
-0.2857 -0.026799
-0.2830 -0.027130
-0.2798 -0.027530
-0.2758 -0.023876
-0.2707 -0.020390
-0.2649 -0.017461
-0.2585 -0.014978
-0.2517 -0.012860
-0.2446 -0.011047
-0.2371 -0.009495
-0.2292 -0.008168
-0.2208 -0.007034
-0.2117 -0.006065
-0.2019 -0.005238
-0.1912 -0.004531
-0.1868 -0.082162
-0.1912 -0.080378
-0.1960 -0.078601
-0.2014 -0.076791
-0.2078 -0.074800
-0.2158 -0.072475
-0.2256 -0.069777
-0.2366 -0.066781
-0.2485 -0.063626
-0.2606 -0.060458
-0.2723 -0.057406
-0.2833 -0.054565
-0.2933 -0.051997
-0.3020 -0.049742
-0.3095 -0.047820
-0.3157 -0.046242
-0.3205 -0.045013
-0.3239 -0.044133
-0.3260 -0.043598
-0.3264 -0.039289
-0.3245 -0.033152
-0.3208 -0.028274
-0.3157 -0.024288
-0.3096 -0.020952
-0.3030 -0.018108
-0.2960 -0.015655
-0.2890 -0.013526
-0.2819 -0.011675
-0.2749 -0.010064
-0.2679 -0.008664
-0.2611 -0.007447
-0.2545 -0.006392
-0.2481 -0.005479
-0.2418 -0.004690
-0.2356 -0.004010
-0.2295 -0.003426
-0.2236 -0.002924
-0.2176 -0.002495
-0.2116 -0.002128
-0.2055 -0.001814
-0.1992 -0.001548
-0.1924 -0.001322
-0.1850 -0.001130
-0.1768 -0.000969
-0.1673 -0.000833
-0.1563 -0.000718
-0.1430 -0.000623
-0.1267 -0.000544
-0.1058 -0.000480
-0.0772 -0.000430
-0.0354 -0.000394
0.0283 -0.000374
0.1125 -0.000362
0.1915 -0.000342
0.2461 -0.000308
0.2755 -0.000268
0.2852 -0.000226
0.2811 -0.000188
0.2685 -0.000154
0.2512 -0.000126
0.2317 -0.000103
0.2116 -0.000083
0.1915 -0.000068
0.1719 -0.000055
0.1529 -0.000045
0.1342 -0.000036
0.1017 -0.075285
0.0694 -0.071233
0.0341 -0.066826
-0.0091 -0.061440
-0.0667 -0.054255
-0.1406 -0.045034
-0.2181 -0.035339
-0.2845 -0.027009
-0.3357 -0.020597
-0.3730 -0.015915
-0.3993 -0.012609
-0.4173 -0.010356
-0.4289 -0.008903
-0.4356 -0.008057
-0.4386 -0.007672
-0.4390 -0.007628
-0.4373 -0.007833
-0.4342 -0.008215
-0.4301 -0.007327
-0.4254 -0.006536
-0.4203 -0.005828
-0.4152 -0.005182
-0.4100 -0.004592
-0.4048 -0.004059
-0.3994 -0.003581
-0.3938 -0.003157
-0.3879 -0.002784
-0.3815 -0.002456
-0.3748 -0.002168
-0.3674 -0.001917
-0.3595 -0.001696
-0.3528 -0.019882
-0.3474 -0.020352
-0.3442 -0.040031
-0.3418 -0.040462
-0.3396 -0.040870
-0.3382 -0.041115
-0.3376 -0.041149
-0.3380 -0.040975
-0.3390 -0.040628
-0.3406 -0.040169
-0.3424 -0.039665
-0.3442 -0.039180
-0.3457 -0.038767
-0.3467 -0.038464
-0.3473 -0.038298
-0.3473 -0.038285
-0.3466 -0.038429
-0.3454 -0.038728
-0.3434 -0.037106
-0.3404 -0.034872
-0.3365 -0.033194
-0.3319 -0.029731
-0.3264 -0.025488
-0.3201 -0.021916
-0.3134 -0.018868
-0.3064 -0.016246
-0.2993 -0.013981
-0.2921 -0.012020
-0.2849 -0.010322
-0.2777 -0.008854
-0.2705 -0.007587
-0.2633 -0.006495
-0.2560 -0.005556
-0.2488 -0.004749
-0.2415 -0.004057
-0.2343 -0.003462
-0.2272 -0.002951
-0.2203 -0.002512
-0.2137 -0.002134
-0.2074 -0.001811
-0.2014 -0.001534
-0.1957 -0.001298
-0.1902 -0.001097
-0.1847 -0.000927
-0.1792 -0.000783
-0.1734 -0.000662
-0.1674 -0.000560
-0.1608 -0.000474
-0.1534 -0.000402
-0.1450 -0.000342
-0.1352 -0.000292
-0.1233 -0.000250
-0.1085 -0.000216
-0.0889 -0.000188
-0.0617 -0.000167
-0.0213 -0.000151
0.0393 -0.000142
0.1160 -0.000134
0.1861 -0.000124
0.2347 -0.000111
0.2611 -0.000095
0.2702 -0.000080
0.2670 -0.000066
0.2560 -0.000054
0.2405 -0.000044
0.2226 -0.000036
0.2039 -0.000029
0.1850 -0.000023
0.1664 -0.000019
0.1483 -0.000015
0.1304 -0.000012
0.1128 -0.000010
0.0950 -0.000008
0.0766 -0.000006
0.0566 -0.000005
0.0338 -0.000004
0.0055 -0.000003
-0.0319 -0.000003
-0.0831 -0.000002
-0.1475 -0.000001
-0.2150 -0.000001
-0.2743 -0.000001
-0.3214 -0.000000
-0.3570 -0.000000
-0.3830 -0.000000
-0.4037 -0.012061
-0.4177 -0.010302
-0.4267 -0.009172
-0.4321 -0.008493
-0.4352 -0.008107
-0.4368 -0.007899
-0.4376 -0.007801
-0.4377 -0.007784
-0.4373 -0.007841
-0.4362 -0.007969
-0.4346 -0.008169
-0.4324 -0.008442
-0.4297 -0.008784
-0.4264 -0.009197
-0.4225 -0.009679
-0.4181 -0.010227
-0.4132 -0.010839
-0.4079 -0.011510
-0.4020 -0.012237
-0.3958 -0.013012
-0.3891 -0.011543
-0.3817 -0.010182
-0.3738 -0.008981
-0.3655 -0.007912
-0.3570 -0.006955
-0.3484 -0.006097
-0.3397 -0.005330
-0.3310 -0.004646
-0.3256 -0.025754
-0.3210 -0.025736
-0.3163 -0.025808
-0.3119 -0.025925
-0.3081 -0.026027
-0.3052 -0.026060
-0.3034 -0.026005
-0.3025 -0.025872
-0.3024 -0.025685
-0.3027 -0.025472
-0.3033 -0.025256
-0.3039 -0.025058
-0.3045 -0.024896
-0.3047 -0.024784
-0.3046 -0.024732
-0.3041 -0.024741
-0.3031 -0.022422
-0.3011 -0.018916
-0.2982 -0.016023
-0.2947 -0.013612
-0.2908 -0.011585
-0.2865 -0.009872
-0.2819 -0.008419
-0.2772 -0.007183
-0.2722 -0.006132
-0.2671 -0.005236
-0.2617 -0.004474
-0.2561 -0.003824
-0.2502 -0.003270
-0.2441 -0.002798
-0.2376 -0.002395
-0.2308 -0.002052
-0.2235 -0.001760
-0.2157 -0.001511
-0.2072 -0.001300
-0.1980 -0.001119
-0.1879 -0.000966
-0.1766 -0.000836
-0.1638 -0.000726
-0.1488 -0.000633
-0.1305 -0.000556
-0.1071 -0.000494
-0.0750 -0.000446
-0.0273 -0.000414
0.0387 -0.067648
0.1133 -0.076941
0.1803 -0.085311
0.2255 -0.090954
0.2487 -0.093836
0.2545 -0.094544
0.2484 -0.093746
0.2347 -0.092015
0.2170 -0.089776
0.1974 -0.087303
0.1772 -0.084754
0.1569 -0.082201
0.1313 -0.157956
0.0974 -0.149483
0.0635 -0.141006
0.0256 -0.131536
-0.0220 -0.119658
-0.0859 -0.103723
-0.1640 -0.084208
-0.2404 -0.065092
-0.3025 -0.045615
-0.3488 -0.032295
-0.3819 -0.023488
-0.4052 -0.017709
-0.4210 -0.013949
-0.4313 -0.011546
-0.4374 -0.010068
-0.4404 -0.009230
-0.4410 -0.008840
-0.4398 -0.008771
-0.4373 -0.008929
-0.4337 -0.009246
-0.4294 -0.009672
-0.4247 -0.009173
-0.4194 -0.008121
-0.4138 -0.007188
-0.4080 -0.006352
-0.4019 -0.005601
-0.3957 -0.004927
-0.3894 -0.004325
-0.3829 -0.003790
-0.3762 -0.003316
-0.3692 -0.002899
-0.3636 -0.019546
-0.3591 -0.019748
-0.3545 -0.038199
-0.3523 -0.038464
-0.3496 -0.038882
-0.3471 -0.039299
-0.3452 -0.039613
-0.3439 -0.039776
-0.3434 -0.039783
-0.3434 -0.039662
-0.3439 -0.039460
-0.3445 -0.039227
-0.3451 -0.039012
-0.3456 -0.038855
-0.3457 -0.038785
-0.3454 -0.038819
-0.3447 -0.038962
-0.3436 -0.039209
-0.3421 -0.037840
-0.3394 -0.032405
-0.3355 -0.027725
-0.3305 -0.023848
-0.3248 -0.020586
-0.3185 -0.017807
-0.3118 -0.015420
-0.3048 -0.013357
-0.2976 -0.011568
-0.2902 -0.010014
-0.2827 -0.008664
-0.2749 -0.007493
-0.2670 -0.006479
-0.2587 -0.005602
-0.2501 -0.004846
-0.2409 -0.004194
-0.2312 -0.003635
-0.2206 -0.003156
-0.2089 -0.002745
-0.1960 -0.002394
-0.1813 -0.002096
-0.1643 -0.001844
-0.1440 -0.001633
-0.1185 -0.001461
-0.0841 -0.001330
-0.0333 -0.001246
0.0444 -0.001213
0.1416 -0.001194
0.2240 -0.001126
0.2760 -0.001008
0.3006 -0.000869
0.3051 -0.000730
0.2964 -0.000603
0.2801 -0.000493
0.2599 -0.000401
0.2383 -0.000326
0.2167 -0.000264
0.1957 -0.000214
0.1754 -0.000174
0.1560 -0.000141
0.1371 -0.000114
0.1186 -0.000093
0.0976 -0.074816
0.0639 -0.070584
0.0270 -0.065973
-0.0183 -0.060308
-0.0786 -0.052781
-0.1536 -0.043411
-0.2294 -0.033925
-0.2932 -0.025924
-0.3423 -0.019772
-0.3784 -0.015236
-0.4045 -0.011972
-0.4227 -0.009678
-0.4352 -0.008117
-0.4432 -0.007113
-0.4477 -0.006540
-0.4496 -0.006304
-0.4493 -0.006337
-0.4473 -0.006590
-0.4438 -0.007021
-0.4392 -0.007589
-0.4339 -0.007771
-0.4278 -0.007019
-0.4211 -0.006339
-0.4141 -0.005706
-0.4069 -0.005114
-0.3996 -0.004560
-0.3922 -0.004048
-0.3847 -0.003579
-0.3771 -0.003156
-0.3692 -0.002777
-0.3609 -0.002442
-0.3520 -0.002147
-0.3425 -0.021563
-0.3360 -0.022120
-0.3283 -0.022867
-0.3195 -0.023778
-0.3105 -0.024739
-0.3025 -0.025596
-0.2961 -0.026266
-0.2959 -0.051665
-0.2973 -0.051222
-0.2994 -0.050589
-0.3022 -0.049818
-0.3055 -0.048928
-0.3092 -0.047941
-0.3132 -0.046897
-0.3172 -0.045852
-0.3211 -0.044861
-0.3246 -0.043965
-0.3276 -0.043191
-0.3301 -0.042553
-0.3320 -0.041173
-0.3329 -0.037649
-0.3327 -0.034916
-0.3318 -0.032791
-0.3301 -0.028611
-0.3274 -0.024268
-0.3240 -0.020660
-0.3235 -0.039376
-0.3233 -0.036566
-0.3225 -0.034322
-0.3214 -0.032524
-0.3201 -0.031072
-0.3187 -0.029888
-0.3173 -0.028918
-0.3159 -0.028126
-0.3145 -0.027489
-0.3131 -0.026986
-0.3116 -0.026600
-0.3100 -0.026315
-0.3083 -0.026119
-0.3065 -0.026002
-0.3046 -0.025958
-0.3025 -0.025982
-0.3002 -0.026067
-0.2977 -0.026207
-0.2951 -0.025443
-0.2917 -0.021595
-0.2876 -0.018395
-0.2828 -0.015711
-0.2774 -0.013444
-0.2716 -0.011520
-0.2655 -0.009879
-0.2591 -0.008476
-0.2524 -0.007273
-0.2456 -0.006241
-0.2386 -0.005356
-0.2314 -0.004597
-0.2238 -0.003947
-0.2158 -0.003391
-0.2073 -0.002917
-0.1980 -0.002514
-0.1877 -0.002171
-0.1761 -0.001880
-0.1630 -0.001634
-0.1477 -0.001426
-0.1293 -0.001253
-0.1061 -0.001112
-0.0789 -0.053597
-0.0487 -0.057258
-0.0041 -0.062738
0.0596 -0.070627
0.1323 -0.079681
0.1926 -0.087178
0.2308 -0.091897
0.2484 -0.094042
0.2506 -0.094244
0.2423 -0.093149
0.2278 -0.091279
0.2100 -0.088999
0.1906 -0.086540
0.1708 -0.084028
0.1510 -0.081518
0.1311 -0.079018
0.1111 -0.076499
0.0904 -0.073898
0.0682 -0.071108
0.0430 -0.067952
0.0130 -0.056310
-0.0239 -0.043219
-0.0723 -0.032116
-0.1331 -0.022790
-0.1981 -0.015511
-0.2561 -0.010359
-0.3023 -0.006943
-0.3365 -0.004746
-0.3606 -0.003345
-0.3765 -0.002449
-0.3861 -0.001867
-0.3907 -0.001480
-0.3917 -0.001212
-0.3901 -0.001017
-0.3868 -0.000866
-0.3828 -0.000742
-0.3785 -0.000635
-0.3745 -0.000543
-0.3709 -0.000462
-0.3679 -0.000391
-0.3654 -0.000329
-0.3649 -0.017163
-0.3660 -0.016975
-0.3668 -0.016833
-0.3673 -0.016736
-0.3676 -0.016672
-0.3703 -0.032525
-0.3731 -0.031813
-0.3754 -0.031231
-0.3772 -0.030758
-0.3787 -0.030370
-0.3799 -0.030055
-0.3808 -0.029820
-0.3814 -0.029678
-0.3815 -0.029637
-0.3813 -0.029696
-0.3806 -0.029852
-0.3795 -0.028389
-0.3777 -0.026591
-0.3752 -0.025225
-0.3722 -0.024201
-0.3688 -0.023454
-0.3650 -0.022935
-0.3609 -0.022608
-0.3564 -0.022444
-0.3516 -0.021930
-0.3461 -0.018991
-0.3398 -0.016509
-0.3329 -0.014385
-0.3255 -0.012546
-0.3178 -0.010941
-0.3099 -0.009532
-0.3019 -0.008294
-0.2940 -0.007206
-0.2860 -0.006251
-0.2780 -0.005416
-0.2699 -0.004688
-0.2616 -0.004056
-0.2530 -0.003509
-0.2441 -0.003036
-0.2347 -0.002628
-0.2249 -0.002277
-0.2145 -0.001973
-0.2035 -0.001711
-0.1921 -0.001484
-0.1858 -0.040537
-0.1821 -0.040797
-0.1790 -0.041027
-0.1763 -0.041215
-0.1743 -0.041348
-0.1731 -0.041400
-0.1728 -0.041342
-0.1738 -0.041153
-0.1759 -0.040819
-0.1794 -0.040336
-0.1840 -0.039711
-0.1897 -0.038962
-0.1963 -0.038108
-0.2037 -0.037163
-0.2116 -0.036149
-0.2199 -0.035093
-0.2283 -0.034031
-0.2365 -0.032996
-0.2442 -0.032019
-0.2514 -0.031120
-0.2577 -0.029077
-0.2625 -0.023561
-0.2657 -0.019221
-0.2673 -0.015779
-0.2676 -0.013030
-0.2666 -0.010821
-0.2643 -0.009033
-0.2609 -0.007577
-0.2564 -0.006382
-0.2509 -0.005395
-0.2447 -0.004573
-0.2379 -0.003881
-0.2309 -0.003295
-0.2238 -0.002796
-0.2170 -0.002369
-0.2104 -0.002004
-0.2083 -0.038131
-0.2102 -0.037598
-0.2129 -0.037018
-0.2163 -0.036379
-0.2208 -0.035659
-0.2262 -0.034837
-0.2327 -0.033913
-0.2400 -0.032908
-0.2478 -0.031854
-0.2558 -0.030786
-0.2638 -0.029737
-0.2715 -0.028735
-0.2787 -0.027804
-0.2852 -0.026964
-0.2909 -0.026225
-0.2958 -0.025592
-0.3000 -0.025062
-0.3033 -0.022927
-0.3053 -0.018951
-0.3061 -0.015761
-0.3059 -0.013174
-0.3049 -0.011057
-0.3033 -0.009312
-0.3011 -0.007862
-0.2985 -0.006653
-0.2955 -0.005638
-0.2922 -0.004784
-0.2886 -0.004063
-0.2849 -0.003454
-0.2808 -0.002939
-0.2766 -0.002502
-0.2720 -0.002132
-0.2671 -0.001818
-0.2620 -0.001552
-0.2565 -0.001326
-0.2509 -0.001133
-0.2452 -0.000968
-0.2396 -0.000826
-0.2339 -0.000705
-0.2283 -0.000601
-0.2226 -0.000512
-0.2169 -0.000437
-0.2110 -0.000372
-0.2048 -0.000318
-0.1981 -0.000271
-0.1908 -0.000232
-0.1828 -0.000199
-0.1741 -0.000171
-0.1647 -0.000147
-0.1553 -0.043214
-0.1536 -0.043402
-0.1527 -0.043497
-0.1527 -0.043487
-0.1536 -0.043358
-0.1557 -0.043093
-0.1591 -0.042663
-0.1640 -0.042047
-0.1704 -0.041233
-0.1785 -0.040226
-0.1879 -0.039049
-0.1983 -0.037744
-0.2093 -0.036365
-0.2205 -0.034962
-0.2316 -0.033574
-0.2423 -0.032238
-0.2522 -0.030990
-0.2612 -0.029859
-0.2692 -0.028865
-0.2759 -0.028019
-0.2815 -0.027321
-0.2857 -0.023721
-0.2881 -0.019396
-0.2888 -0.015983
-0.2880 -0.013261
-0.2859 -0.011071
-0.2827 -0.009293
-0.2783 -0.007839
-0.2729 -0.006638
-0.2668 -0.005636
-0.2601 -0.004793
-0.2532 -0.004078
-0.2489 -0.034810
-0.2481 -0.034337
-0.2472 -0.033954
-0.2468 -0.033611
-0.2471 -0.033234
-0.2485 -0.032769
-0.2511 -0.032203
-0.2547 -0.031550
-0.2591 -0.030834
-0.2640 -0.030086
-0.2691 -0.029334
-0.2743 -0.028604
-0.2792 -0.027915
-0.2838 -0.027285
-0.2878 -0.026726
-0.2913 -0.026251
-0.2942 -0.025864
-0.2964 -0.025567
-0.2979 -0.024459
-0.2983 -0.020381
-0.2976 -0.017079
-0.2960 -0.014375
-0.2937 -0.012142
-0.2908 -0.010281
-0.2875 -0.008722
-0.2838 -0.007410
-0.2799 -0.006301
-0.2756 -0.005363
-0.2712 -0.004568
-0.2665 -0.003893
-0.2616 -0.003318
-0.2567 -0.002829
-0.2517 -0.002411
-0.2467 -0.002054
-0.2417 -0.001749
-0.2367 -0.001489
-0.2318 -0.001267
-0.2267 -0.001078
-0.2216 -0.000917
-0.2163 -0.000780
-0.2108 -0.000664
-0.2050 -0.000566
-0.1989 -0.000482
-0.1924 -0.000411
-0.1894 -0.039175
-0.1907 -0.038956
-0.1926 -0.038669
-0.1953 -0.038293
-0.1989 -0.037812
-0.2034 -0.037210
-0.2091 -0.036479
-0.2158 -0.035629
-0.2232 -0.034684
-0.2311 -0.033678
-0.2393 -0.032648
-0.2473 -0.031630
-0.2551 -0.030658
-0.2622 -0.029759
-0.2686 -0.028953
-0.2777 -0.055627
-0.2874 -0.053193
-0.2956 -0.051134
-0.3041 -0.073495
-0.3140 -0.069420
-0.3216 -0.062942
-0.3273 -0.058002
-0.3317 -0.054161
-0.3351 -0.051092
-0.3380 -0.048591
-0.3405 -0.046542
-0.3425 -0.044877
-0.3440 -0.043554
-0.3449 -0.042537
-0.3454 -0.041797
-0.3453 -0.041308
-0.3446 -0.041047
-0.3434 -0.040991
-0.3418 -0.041118
-0.3396 -0.041406
-0.3371 -0.040859
-0.3337 -0.038096
-0.3294 -0.034926
-0.3239 -0.029990
-0.3172 -0.025891
-0.3095 -0.022439
-0.3010 -0.019500
-0.2918 -0.016975
-0.2819 -0.014791
-0.2715 -0.012892
-0.2607 -0.011234
-0.2495 -0.009783
-0.2381 -0.008512
-0.2264 -0.007398
-0.2144 -0.006425
-0.2020 -0.005579
-0.1889 -0.004846
-0.1749 -0.004214
-0.1597 -0.003671
-0.1502 -0.046853
-0.1425 -0.047351
-0.1347 -0.047917
-0.1269 -0.048559
-0.1188 -0.049286
-0.1102 -0.050115
-0.1008 -0.051081
-0.0900 -0.052251
-0.0769 -0.053745
-0.0598 -0.055762
-0.0360 -0.058629
-0.0018 -0.062822
0.0460 -0.068724
0.1027 -0.075768
0.1547 -0.082226
0.1928 -0.074397
0.2167 -0.064291
0.2282 -0.054561
0.2301 -0.045685
0.2250 -0.037890
0.2153 -0.031220
0.2027 -0.025614
0.1884 -0.020959
0.1734 -0.017121
0.1580 -0.013971
0.1425 -0.011393
0.1270 -0.009284
0.1113 -0.007560
0.0953 -0.006148
0.0786 -0.004990
0.0605 -0.004038
0.0401 -0.003249
0.0156 -0.002591
-0.0161 -0.002031
-0.0591 -0.001546
-0.1165 -0.001124
-0.1827 -0.000777
-0.2460 -0.000519
-0.2989 -0.000343
-0.3403 -0.000228
-0.3716 -0.000153
-0.3946 -0.000105
-0.4111 -0.000074
-0.4225 -0.000054
-0.4301 -0.000040
-0.4347 -0.000032
-0.4380 -0.007776
-0.4400 -0.007520
-0.4405 -0.007458
-0.4398 -0.007543
-0.4382 -0.007739
-0.4360 -0.008013
-0.4333 -0.008340
-0.4304 -0.008705
-0.4272 -0.009098
-0.4238 -0.009521
-0.4202 -0.009972
-0.4164 -0.010455
-0.4122 -0.010970
-0.4078 -0.011519
-0.4032 -0.012103
-0.3982 -0.012722
-0.3930 -0.013375
-0.3875 -0.014062
-0.3817 -0.014783
-0.3757 -0.015534
-0.3693 -0.014270
-0.3622 -0.012439
-0.3545 -0.010857
-0.3464 -0.009480
-0.3378 -0.008274
-0.3290 -0.007214
-0.3199 -0.006281
-0.3106 -0.005460
-0.3012 -0.004740
-0.2916 -0.004108
-0.2818 -0.003557
-0.2718 -0.003076
-0.2615 -0.002657
-0.2511 -0.002293
-0.2406 -0.001976
-0.2299 -0.001701
-0.2191 -0.001463
-0.2079 -0.001258
-0.2003 -0.076013
-0.2036 -0.074972
-0.2098 -0.109572
-0.2206 -0.105374
-0.2312 -0.101295
-0.2419 -0.097166
-0.2535 -0.092764
-0.2660 -0.088014
-0.2791 -0.083050
-0.2922 -0.078116
-0.3045 -0.073445
-0.3158 -0.069207
-0.3256 -0.065497
-0.3339 -0.062353
-0.3408 -0.059775
-0.3462 -0.057741
-0.3502 -0.056219
-0.3530 -0.055172
-0.3545 -0.054566
-0.3551 -0.054365
-0.3545 -0.052684
-0.3525 -0.049279
-0.3488 -0.044587
-0.3434 -0.038569
-0.3364 -0.033634
-0.3284 -0.029469
-0.3196 -0.025873
-0.3103 -0.022721
-0.3008 -0.019929
-0.2912 -0.017442
-0.2818 -0.015222
-0.2727 -0.013240
-0.2642 -0.011473
-0.2563 -0.009904
-0.2490 -0.008518
-0.2424 -0.007303
-0.2362 -0.006245
-0.2304 -0.005329
-0.2249 -0.004542
-0.2195 -0.003867
-0.2141 -0.003292
-0.2086 -0.002803
-0.2028 -0.002387
-0.1965 -0.002036
-0.1897 -0.001738
-0.1821 -0.001487
-0.1736 -0.001275
-0.1638 -0.001097
-0.1524 -0.000947
-0.1387 -0.000822
-0.1217 -0.000719
-0.0995 -0.000635
-0.0690 -0.000571
-0.0238 -0.000527
0.0438 -0.000502
0.1276 -0.000484
0.2009 -0.000452
0.2491 -0.000403
0.2737 -0.000348
