0.9054 10.5163
0.9002 9.1356
0.8943 7.9388
0.8876 6.9015
0.8800 6.0024
0.8715 5.2231
0.8620 4.5477
0.8513 3.9623
0.8394 3.4549
0.8262 3.0151
0.8117 2.6340
0.7958 2.3038
0.7785 2.0175
0.7599 1.7695
0.7399 1.5546
0.7188 1.3683
0.6967 1.2069
0.6737 1.0671
0.6502 0.9459
0.6263 0.8409
0.6024 0.7499
0.5788 0.6711
0.5558 0.6028
0.5335 0.5436
0.5123 0.4923
0.4923 0.4479
0.4737 0.4094
0.4565 0.3760
0.4407 0.3472
0.4264 0.3221
0.4135 0.3005
0.4020 0.2817
0.3917 0.2654
0.3825 0.2513
0.3745 0.2391
0.3674 0.2285
0.3611 0.2193
0.3557 0.2114
0.3509 0.2045
0.3468 0.1986
0.3431 0.1934
0.3400 0.1889
0.3372 0.1851
0.3349 0.1817
0.3328 0.1788
0.3310 0.1763
0.3294 0.1741
0.3280 0.1722
0.3268 0.1706
0.3258 0.1692
0.3249 0.1680
0.3242 0.1670
0.3239 0.1690
0.3437 0.3284
0.5281 3.5696
0.7464 17.2236
0.8723 36.4556
0.9243 54.0775
0.9396 67.3664
0.9412 74.4435
0.9391 74.7212
0.9370 69.9980
0.9354 62.9937
0.9341 55.5650
0.9330 48.5549
0.9319 42.2476
0.9305 36.6892
0.9290 31.8367
0.9272 27.6187
0.9251 23.9594
0.9227 20.7872
0.9200 18.0378
0.9168 15.6549
0.9132 13.5895
0.9091 11.7994
0.9044 10.2478
0.8991 8.9028
0.8931 7.7371
0.8863 6.7266
0.8785 5.8508
0.8698 5.0917
0.8601 4.4338
0.8492 3.8635
0.8371 3.3693
0.8236 2.9410
0.8089 2.5698
0.7927 2.2481
0.7752 1.9693
0.7563 1.7277
0.7362 1.5183
0.7148 1.3369
0.6925 1.1797
0.6694 1.0435
0.6458 0.9254
0.6219 0.8232
0.5981 0.7345
0.5745 0.6578
0.5516 0.5912
0.5295 0.5336
0.5086 0.4837
0.4888 0.4404
0.4704 0.4029
0.4535 0.3704
0.4380 0.3423
0.4239 0.3179
0.4113 0.2968
0.4000 0.2785
0.3899 0.2627
0.3810 0.2489
0.3731 0.2370
0.3662 0.2267
0.3601 0.2178
0.3548 0.2101
0.3501 0.2034
0.3461 0.1976
0.3425 0.1925
0.3395 0.1882
0.3368 0.1844
0.3344 0.1811
0.3324 0.1783
0.3307 0.1759
0.3291 0.1737
0.3278 0.1719
0.3266 0.1703
0.3256 0.1689
0.3248 0.1678
0.3240 0.1669
0.3242 0.1724
0.3622 0.4905
0.5752 5.3098
0.7781 20.8683
0.8869 40.1481
0.9292 57.1000
0.9406 69.3209
0.9409 75.0557
0.9387 74.1562
0.9366 68.7843
0.9351 61.5835
0.9339 54.1885
0.9328 47.2987
0.9316 41.1335
0.9303 35.7137
0.9287 30.9876
0.9268 26.8816
0.9247 23.3202
0.9222 20.2331
0.9194 17.5575
0.9162 15.2386
0.9125 13.2286
0.9083 11.4866
0.9035 9.9766
0.8980 8.6677
0.8919 7.5333
0.8849 6.5500
0.8770 5.6977
0.8681 4.9590
0.8581 4.3187
0.8470 3.7638
0.8346 3.2829
0.8209 2.8661
0.8059 2.5048
0.7895 2.1918
0.7717 1.9205
0.7526 1.6854
0.7322 1.4817
0.7107 1.3052
0.6882 1.1522
0.6650 1.0196
0.6413 0.9048
0.6174 0.8053
0.5935 0.7190
0.5701 0.6443
0.5473 0.5796
0.5254 0.5235
0.5047 0.4749
0.4852 0.4328
0.4671 0.3964
0.4504 0.3647
0.4352 0.3374
0.4214 0.3137
0.4090 0.2931
0.3980 0.2753
0.3881 0.2599
0.3794 0.2465
0.3717 0.2350
0.3649 0.2249
0.3590 0.2162
0.3538 0.2087
0.3493 0.2022
0.3453 0.1966
0.3419 0.1917
0.3389 0.1874
0.3363 0.1838
0.3340 0.1806
0.3321 0.1778
0.3304 0.1754
0.3289 0.1734
0.3276 0.1716
0.3264 0.1700
0.3255 0.1687
0.3246 0.1675
0.3239 0.1668
0.3251 0.1803
0.3917 0.8012
0.6224 7.6272
0.8071 24.7626
0.8993 43.8663
0.9332 60.0376
0.9411 71.0783
0.9405 75.4130
0.9382 73.3880
0.9363 67.4548
0.9348 60.1152
0.9337 52.7819
0.9326 46.0251
0.9314 40.0079
0.9300 34.7298
0.9283 30.1318
0.9264 26.1389
0.9242 22.6762
0.9217 19.6749
0.9188 17.0736
0.9155 14.8191
0.9117 12.8651
0.9074 11.1714
0.9025 9.7033
0.8969 8.4309
0.8905 7.3280
0.8834 6.3720
0.8753 5.5434
0.8662 4.8253
0.8560 4.2028
0.8446 3.6633
0.8320 3.1958
0.8181 2.7906
0.8028 2.4394
0.7861 2.1351
0.7680 1.8714
0.7486 1.6429
0.7280 1.4448
0.7063 1.2732
0.6837 1.1245
0.6603 0.9957
0.6366 0.8840
0.6126 0.7873
0.5889 0.7034
0.5655 0.6308
0.5429 0.5679
0.5213 0.5134
0.5007 0.4661
0.4815 0.4252
0.4637 0.3897
0.4473 0.3590
0.4324 0.3324
0.4189 0.3094
0.4067 0.2894
0.3959 0.2721
0.3863 0.2571
0.3778 0.2441
0.3703 0.2329
0.3637 0.2231
0.3579 0.2147
0.3529 0.2074
0.3485 0.2010
0.3446 0.1955
0.3413 0.1908
0.3384 0.1867
0.3358 0.1831
0.3336 0.1800
0.3317 0.1773
0.3300 0.1750
0.3286 0.1730
0.3273 0.1713
0.3262 0.1698
0.3253 0.1685
0.3245 0.1674
0.3238 0.1670
0.3275 0.1991
0.4324 1.3673
0.6683 10.5495
0.8330 28.8452
0.9098 47.5832
0.9362 62.8591
0.9414 72.6051
0.9401 75.5031
0.9378 72.4257
0.9359 66.0214
0.9346 58.5968
0.9335 51.3503
0.9324 44.7375
0.9311 38.8734
0.9297 33.7393
0.9280 29.2708
0.9260 25.3919
0.9237 22.0287
0.9211 19.1136
0.9182 16.5871
0.9147 14.3974
0.9109 12.4995
0.9064 10.8545
0.9014 9.4287
0.8956 8.1928
0.8891 7.1216
0.8818 6.1931
0.8735 5.3883
0.8642 4.6908
0.8538 4.0863
0.8421 3.5624
0.8293 3.1083
0.8150 2.7147
0.7995 2.3737
0.7825 2.0781
0.7642 1.8220
0.7445 1.6001
0.7237 1.4077
0.7017 1.2411
0.6789 1.0967
0.6555 0.9715
0.6317 0.8631
0.6078 0.7692
0.5841 0.6877
0.5609 0.6172
0.5384 0.5561
0.5170 0.5032
0.4967 0.4573
0.4778 0.4175
0.4602 0.3831
0.4441 0.3533
0.4295 0.3274
0.4163 0.3050
0.4044 0.2857
0.3939 0.2688
0.3845 0.2543
0.3762 0.2417
0.3689 0.2308
0.3625 0.2213
0.3568 0.2131
0.3519 0.2060
0.3476 0.1998
0.3439 0.1945
0.3407 0.1899
0.3378 0.1859
0.3354 0.1824
0.3332 0.1794
0.3314 0.1768
0.3297 0.1746
0.3283 0.1726
0.3271 0.1709
0.3260 0.1695
0.3251 0.1682
0.3243 0.1672
0.3238 0.1675
0.3330 0.2429
0.4813 2.3286
0.7116 14.0309
0.8556 33.0427
0.9185 51.2521
0.9384 65.5140
0.9414 73.8579
0.9396 75.3150
0.9373 71.2818
0.9356 64.4982
0.9344 57.0388
0.9333 49.9014
0.9321 43.4420
0.9308 37.7348
0.9293 32.7466
0.9276 28.4083
0.9255 24.6438
0.9232 21.3801
0.9205 18.5514
0.9175 16.0998
0.9140 13.9750
0.9100 12.1334
0.9054 10.5371
0.9002 9.1535
0.8943 7.9543
0.8877 6.9148
0.8801 6.0139
0.8716 5.2330
0.8621 4.5562
0.8514 3.9696
0.8395 3.4612
0.8264 3.0206
0.8119 2.6388
0.7960 2.3079
0.7787 2.0211
0.7601 1.7726
0.7402 1.5572
0.7191 1.3706
0.6970 1.2089
0.6740 1.0688
0.6505 0.9474
0.6266 0.8422
0.6027 0.7510
0.5791 0.6720
0.5561 0.6036
0.5338 0.5443
0.5126 0.4929
0.4926 0.4484
0.4739 0.4099
0.4567 0.3765
0.4409 0.3475
0.4266 0.3225
0.4137 0.3007
0.4021 0.2819
0.3918 0.2656
0.3826 0.2515
0.3746 0.2392
0.3674 0.2286
0.3612 0.2195
0.3557 0.2115
0.3510 0.2046
0.3468 0.1986
0.3432 0.1935
0.3400 0.1890
0.3373 0.1851
0.3349 0.1818
0.3328 0.1788
0.3310 0.1763
0.3294 0.1741
0.3281 0.1722
0.3269 0.1706
0.3258 0.1692
0.3249 0.1680
0.3242 0.1670
0.3239 0.1692
0.3453 0.3433
0.5350 3.8430
0.7517 17.9836
0.8750 37.3044
0.9254 54.8391
0.9399 67.9613
0.9412 74.8059
0.9391 74.8497
0.9369 69.9720
0.9353 62.8981
0.9341 55.4490
0.9330 48.4402
0.9319 42.1420
0.9305 36.5950
0.9290 31.7538
0.9272 27.5462
0.9251 23.8961
0.9227 20.7320
0.9199 17.9897
0.9168 15.6129
0.9132 13.5529
0.9090 11.7675
0.9044 10.2199
0.8990 8.8786
0.8930 7.7159
0.8861 6.7082
0.8784 5.8348
0.8697 5.0778
0.8599 4.4216
0.8489 3.8530
0.8368 3.3601
0.8233 2.9330
0.8085 2.5628
0.7924 2.2421
0.7748 1.9641
0.7559 1.7232
0.7357 1.5144
0.7144 1.3335
0.6921 1.1767
0.6690 1.0409
0.6453 0.9232
0.6214 0.8212
0.5976 0.7329
0.5741 0.6563
0.5511 0.5900
0.5291 0.5325
0.5081 0.4827
0.4884 0.4396
0.4701 0.4022
0.4532 0.3698
0.4377 0.3418
0.4237 0.3175
0.4111 0.2964
0.3998 0.2782
0.3897 0.2624
0.3808 0.2487
0.3729 0.2368
0.3660 0.2265
0.3600 0.2176
0.3547 0.2099
0.3500 0.2032
0.3460 0.1975
0.3425 0.1925
0.3394 0.1881
0.3367 0.1843
0.3344 0.1811
0.3324 0.1783
0.3306 0.1758
0.3291 0.1737
0.3278 0.1719
0.3266 0.1703
0.3256 0.1689
0.3248 0.1677
0.3240 0.1669
0.3244 0.1738
0.3694 0.5638
0.5899 6.0445
0.7878 22.2933
0.8912 41.5823
0.9307 58.3050
0.9409 70.1557
0.9408 75.4234
0.9386 74.1155
0.9365 68.5144
0.9350 61.2337
0.9339 53.8349
0.9328 46.9712
0.9316 40.8409
0.9302 35.4565
0.9286 30.7631
0.9267 26.6863
0.9246 23.1505
0.9221 20.0857
0.9192 17.4294
0.9160 15.1273
0.9123 13.1320
0.9080 11.4026
0.9032 9.9036
0.8977 8.6044
0.8915 7.4783
0.8845 6.5022
0.8765 5.6562
0.8676 4.9230
0.8575 4.2875
0.8463 3.7367
0.8339 3.2594
0.8202 2.8457
0.8051 2.4872
0.7886 2.1765
0.7707 1.9072
0.7515 1.6739
0.7311 1.4717
0.7095 1.2965
0.6870 1.1447
0.6637 1.0131
0.6400 0.8992
0.6161 0.8004
0.5923 0.7148
0.5689 0.6407
0.5461 0.5764
0.5243 0.5208
0.5036 0.4725
0.4842 0.4308
0.4662 0.3946
0.4496 0.3632
0.4344 0.3360
0.4207 0.3125
0.4084 0.2921
0.3974 0.2744
0.3876 0.2591
0.3790 0.2459
0.3713 0.2344
0.3646 0.2244
0.3587 0.2158
0.3536 0.2084
0.3491 0.2019
0.3452 0.1963
0.3417 0.1914
0.3388 0.1872
0.3362 0.1836
0.3339 0.1804
0.3320 0.1777
0.3303 0.1753
0.3288 0.1733
0.3275 0.1715
0.3264 0.1700
0.3254 0.1686
0.3246 0.1675
0.3239 0.1669
0.3259 0.1862
0.4083 1.0190
0.6436 9.0015
0.8196 26.8458
0.9046 45.8296
0.9348 61.6045
0.9413 72.0504
0.9404 75.6933
0.9380 73.1289
0.9361 66.9301
0.9347 59.5190
0.9336 52.2050
0.9325 45.5002
0.9313 39.5428
0.9298 34.3225
0.9282 29.7771
0.9262 25.8307
0.9240 22.4087
0.9215 19.4427
0.9185 16.8722
0.9152 14.6443
0.9114 12.7133
0.9070 11.0397
0.9020 9.5890
0.8964 8.3317
0.8900 7.2419
0.8827 6.2973
0.8746 5.4786
0.8654 4.7690
0.8551 4.1540
0.8436 3.6210
0.8309 3.1591
0.8168 2.7588
0.8014 2.4119
0.7846 2.1112
0.7664 1.8507
0.7469 1.6249
0.7262 1.4292
0.7044 1.2597
0.6817 1.1128
0.6583 0.9855
0.6345 0.8752
0.6106 0.7797
0.5869 0.6969
0.5636 0.6251
0.5410 0.5629
0.5195 0.5091
0.4991 0.4624
0.4799 0.4220
0.4622 0.3870
0.4460 0.3566
0.4312 0.3303
0.4178 0.3076
0.4058 0.2878
0.3951 0.2707
0.3855 0.2559
0.3771 0.2431
0.3697 0.2320
0.3632 0.2224
0.3575 0.2140
0.3525 0.2068
0.3481 0.2005
0.3443 0.1951
0.3410 0.1904
0.3381 0.1863
0.3356 0.1828
0.3335 0.1798
0.3316 0.1771
0.3299 0.1748
0.3285 0.1728
0.3272 0.1711
0.3262 0.1696
0.3252 0.1684
0.3244 0.1673
0.3238 0.1672
0.3300 0.2190
0.4599 1.8831
0.6943 12.6833
0.8469 31.5400
0.9153 49.9993
0.9377 64.6879
0.9415 73.6001
0.9398 75.6084
0.9375 71.9113
0.9358 65.2391
0.9345 57.7661
0.9334 50.5664
0.9322 44.0319
0.9310 38.2513
0.9295 33.1959
0.9277 28.7981
0.9257 24.9815
0.9234 21.6726
0.9208 18.8047
0.9178 16.3191
0.9143 14.1649
0.9104 12.2978
0.9059 10.6795
0.9008 9.2768
0.8949 8.0610
0.8883 7.0073
0.8809 6.0940
0.8725 5.3023
0.8630 4.6163
0.8525 4.0216
0.8407 3.5063
0.8277 3.0597
0.8133 2.6726
0.7976 2.3372
0.7804 2.0465
0.7619 1.7946
0.7422 1.5763
0.7212 1.3871
0.6991 1.2232
0.6762 1.0812
0.6527 0.9581
0.6289 0.8515
0.6050 0.7591
0.5813 0.6790
0.5582 0.6097
0.5359 0.5496
0.5145 0.4975
0.4944 0.4524
0.4756 0.4133
0.4583 0.3794
0.4424 0.3501
0.4279 0.3247
0.4148 0.3027
0.4031 0.2836
0.3927 0.2671
0.3835 0.2527
0.3753 0.2403
0.3681 0.2296
0.3618 0.2203
0.3562 0.2122
0.3514 0.2052
0.3472 0.1992
0.3435 0.1939
0.3403 0.1894
0.3375 0.1855
0.3351 0.1821
0.3330 0.1791
0.3312 0.1765
0.3296 0.1743
0.3282 0.1724
0.3270 0.1708
0.3259 0.1693
0.3250 0.1681
0.3242 0.1671
0.3239 0.1685
0.3404 0.3030
0.5188 3.3648
0.7407 16.9682
0.8699 36.2946
0.9237 54.0462
0.9396 67.5040
0.9413 74.7678
0.9393 75.1755
0.9371 70.4900
0.9354 63.4624
0.9342 55.9869
0.9331 48.9259
0.9319 42.5706
0.9306 36.9692
0.9291 32.0789
0.9273 27.8281
0.9252 24.1403
0.9228 20.9433
0.9201 18.1726
0.9170 15.7713
0.9134 13.6900
0.9093 11.8861
0.9047 10.3226
0.8994 8.9675
0.8934 7.7929
0.8866 6.7749
0.8789 5.8925
0.8703 5.1277
0.8606 4.4649
0.8498 3.8905
0.8377 3.3926
0.8243 2.9611
0.8096 2.5872
0.7936 2.2631
0.7761 1.9823
0.7573 1.7390
0.7372 1.5281
0.7159 1.3454
0.6937 1.1870
0.6706 1.0498
0.6470 0.9310
0.6231 0.8279
0.5992 0.7387
0.5757 0.6614
0.5527 0.5944
0.5306 0.5363
0.5096 0.4860
0.4898 0.4424
0.4713 0.4047
0.4543 0.3720
0.4387 0.3436
0.4246 0.3191
0.4119 0.2978
0.4005 0.2794
0.3904 0.2634
0.3814 0.2496
0.3735 0.2376
0.3665 0.2272
0.3604 0.2182
0.3550 0.2104
0.3503 0.2037
0.3463 0.1978
0.3427 0.1928
0.3396 0.1884
0.3369 0.1846
0.3346 0.1813
0.3325 0.1785
0.3308 0.1760
0.3292 0.1738
0.3279 0.1720
0.3267 0.1704
0.3257 0.1690
0.3248 0.1678
0.3241 0.1669
0.3243 0.1724
0.3635 0.5080
0.5800 5.6527
0.7819 21.6899
0.8888 41.0413
0.9300 57.9208
0.9408 69.9975
0.9409 75.5236
0.9387 74.4105
0.9366 68.8932
0.9351 61.6187
0.9339 54.1918
0.9328 47.2896
0.9316 41.1203
0.9303 35.6997
0.9287 30.9741
0.9268 26.8690
0.9247 23.3086
0.9222 20.2224
0.9194 17.5478
0.9162 15.2297
0.9125 13.2206
0.9083 11.4792
0.9035 9.9699
0.8980 8.6617
0.8918 7.5279
0.8848 6.5451
0.8769 5.6934
0.8680 4.9551
0.8580 4.3153
0.8469 3.7608
0.8345 3.2802
0.8208 2.8637
0.8058 2.5028
0.7894 2.1900
0.7716 1.9189
0.7524 1.6840
0.7320 1.4805
0.7105 1.3041
0.6880 1.1513
0.6648 1.0189
0.6411 0.9041
0.6172 0.8047
0.5934 0.7185
0.5700 0.6439
0.5472 0.5792
0.5253 0.5232
0.5046 0.4746
0.4851 0.4326
0.4670 0.3961
0.4503 0.3646
0.4351 0.3372
0.4214 0.3135
0.4090 0.2930
0.3979 0.2752
0.3881 0.2598
0.3793 0.2465
0.3717 0.2349
0.3649 0.2249
0.3590 0.2162
0.3538 0.2087
0.3493 0.2022
0.3453 0.1965
0.3419 0.1916
0.3389 0.1874
0.3363 0.1837
0.3340 0.1806
0.3321 0.1778
0.3304 0.1754
0.3289 0.1734
0.3276 0.1716
0.3264 0.1700
0.3255 0.1687
0.3246 0.1675
0.3239 0.1669
0.3256 0.1843
0.4043 0.9705
0.6396 8.8378
0.8175 26.6819
0.9039 45.7185
0.9346 61.5698
0.9414 72.1144
0.9404 75.8521
0.9381 73.3410
0.9362 67.1516
0.9348 59.7267
0.9336 52.3908
0.9325 45.6632
0.9313 39.6846
0.9299 34.4454
0.9282 29.8833
0.9263 25.9225
0.9241 22.4880
0.9215 19.5112
0.9186 16.9312
0.9153 14.6953
0.9115 12.7573
0.9071 11.0777
0.9022 9.6218
0.8965 8.3600
0.8901 7.2663
0.8829 6.3184
0.8748 5.4969
0.8656 4.7848
0.8553 4.1677
0.8439 3.6328
0.8312 3.1693
0.8172 2.7676
0.8018 2.4195
0.7850 2.1178
0.7669 1.8564
0.7474 1.6298
0.7267 1.4335
0.7049 1.2634
0.6822 1.1160
0.6589 0.9883
0.6351 0.8776
0.6112 0.7817
0.5874 0.6987
0.5641 0.6267
0.5416 0.5643
0.5200 0.5103
0.4995 0.4634
0.4804 0.4229
0.4626 0.3877
0.4463 0.3573
0.4315 0.3309
0.4181 0.3081
0.4061 0.2883
0.3953 0.2711
0.3857 0.2562
0.3773 0.2434
0.3699 0.2322
0.3633 0.2226
0.3576 0.2142
0.3526 0.2069
0.3482 0.2007
0.3444 0.1952
0.3411 0.1905
0.3382 0.1864
0.3357 0.1829
0.3335 0.1798
0.3316 0.1772
0.3300 0.1749
0.3285 0.1729
0.3273 0.1712
0.3262 0.1697
0.3252 0.1684
0.3244 0.1673
0.3238 0.1672
0.3299 0.2187
0.4605 1.9105
0.6953 12.8818
0.8476 31.8232
0.9157 50.2823
0.9378 64.9445
0.9415 73.8093
0.9398 75.7536
0.9375 71.9994
0.9358 65.2916
0.9345 57.7996
0.9334 50.5899
0.9322 44.0498
0.9310 38.2655
0.9295 33.2075
0.9277 28.8077
0.9258 24.9895
0.9235 21.6792
0.9208 18.8101
0.9178 16.3236
0.9143 14.1686
0.9104 12.3008
0.9059 10.6820
0.9008 9.2788
0.8949 8.0627
0.8884 7.0086
0.8809 6.0951
0.8725 5.3033
0.8631 4.6170
0.8525 4.0222
0.8407 3.5068
0.8277 3.0601
0.8133 2.6729
0.7976 2.3374
0.7805 2.0467
0.7620 1.7948
0.7422 1.5764
0.7212 1.3873
0.6992 1.2233
0.6763 1.0813
0.6528 0.9582
0.6289 0.8516
0.6050 0.7591
0.5813 0.6791
0.5582 0.6097
0.5359 0.5496
0.5146 0.4975
0.4944 0.4524
0.4757 0.4133
0.4583 0.3795
0.4424 0.3501
