0.7500
0.8169
0.8683
0.8944
0.8908
0.8870
0.8856
0.8847
0.8844
0.8843
0.8841
0.8841
0.8842
0.8841
0.8841
0.8842
0.8841
0.8841
0.8842
0.8842
0.8840
0.8842
0.8842
0.8840
0.8842
0.8842
0.8840
0.8841
0.8842
0.8841
0.8841
0.8842
0.8841
0.8841
0.8842
0.8842
0.8840
0.8842
0.8842
0.8840
0.8842
0.8842
0.8840
0.8842
0.8842
0.8841
0.8841
0.8842
0.8841
0.8841
0.8842
0.8842
0.8841
0.8842
0.8842
0.8840
0.8842
0.8842
0.8840
0.8842
0.8842
0.8840
0.8841
0.8842
0.8841
0.8841
0.8842
0.8841
0.8841
0.8842
0.8842
0.8840
0.8842
0.8842
0.8840
0.8842
0.8842
0.8840
0.8842
0.8842
0.8840
0.8841
0.8842
0.8841
0.8841
0.8842
0.8841
0.8841
0.8842
0.8842
0.8840
0.8842
0.8842
0.8840
0.8842
0.8842
0.8841
0.8841
0.8842
0.8841
0.8841
0.8842
0.8841
0.8841
0.8842
0.8842
0.8840
0.8842
0.8842
0.8840
0.8842
0.8842
0.8840
0.8842
0.8842
0.8840
0.8841
0.8842
0.8841
0.8841
0.8842
0.8841
0.8840
0.8842
0.8842
0.8840
0.8842
0.8842
