-0.1440 0.048809
-0.2079 0.058342
-0.2655 0.061663
-0.3131 0.060166
-0.3510 0.055795
-0.3808 0.050062
-0.4041 0.043930
-0.4222 0.037956
-0.4363 0.032428
-0.4470 0.027475
-0.4551 0.023129
-0.4610 0.019373
-0.4651 0.016161
-0.4677 0.013437
-0.4690 0.011140
-0.4691 0.009214
-0.4683 0.007605
-0.4666 0.006265
-0.4641 0.005152
-0.4609 0.004231
-0.4570 0.003468
-0.4525 0.002840
-0.4474 0.002321
-0.4418 0.001895
-0.4357 0.001545
-0.4290 0.001258
-0.4219 0.001023
-0.4143 0.000831
-0.4063 0.000674
-0.3980 0.000545
-0.3892 0.000441
-0.3802 0.000356
-0.3708 0.000287
-0.3612 0.000231
-0.3514 0.000186
-0.3414 0.000149
-0.3312 0.000120
-0.3209 0.000096
-0.3105 0.000077
-0.3000 0.000061
-0.2894 0.000049
-0.2787 0.000039
-0.2679 0.000031
-0.2570 0.000025
-0.2458 0.000019
-0.2345 0.000015
-0.2227 0.000012
-0.2105 0.000009
-0.1976 0.000007
-0.1837 0.000006
-0.1683 0.000004
-0.1507 0.000003
-0.1296 0.000002
-0.1028 0.000001
-0.0657 0.000001
-0.0091 0.002937
0.0710 -0.042073
0.1507 -0.089991
0.2049 -0.122700
0.2295 -0.137626
0.2325 -0.139500
0.2227 -0.133723
0.2068 -0.124160
0.1882 -0.113060
0.1691 -0.101548
0.1500 -0.090085
0.1311 -0.078768
0.1123 -0.067497
0.0932 -0.056034
0.0732 -0.044019
0.0513 -0.030907
0.0262 -0.015856
-0.0044 0.002287
-0.0438 0.020699
-0.0956 0.037556
-0.1580 0.051391
-0.2211 0.059554
-0.2767 0.061666
-0.3221 0.059388
-0.3581 0.054615
-0.3863 0.048731
-0.4084 0.042599
-0.4256 0.036705
-0.4388 0.031296
-0.4489 0.026475
-0.4565 0.022260
-0.4620 0.018627
-0.4658 0.015527
-0.4680 0.012901
-0.4691 0.010690
-0.4690 0.008838
-0.4680 0.007291
-0.4661 0.006004
-0.4634 0.004936
-0.4601 0.004052
-0.4560 0.003321
-0.4514 0.002718
-0.4462 0.002221
-0.4405 0.001813
-0.4342 0.001478
-0.4275 0.001203
-0.4202 0.000978
-0.4126 0.000794
-0.4045 0.000643
-0.3961 0.000521
-0.3872 0.000421
-0.3781 0.000340
-0.3687 0.000274
-0.3591 0.000221
-0.3492 0.000177
-0.3391 0.000142
-0.3289 0.000114
-0.3186 0.000092
-0.3082 0.000073
-0.2977 0.000058
-0.2870 0.000047
-0.2763 0.000037
-0.2655 0.000029
-0.2545 0.000023
-0.2433 0.000018
-0.2319 0.000015
-0.2201 0.000011
-0.2077 0.000009
-0.1946 0.000007
-0.1804 0.000005
-0.1645 0.000004
-0.1463 0.000003
-0.1242 0.000002
-0.0956 0.000001
-0.0551 0.000001
0.0074 -0.001993
0.0902 -0.053587
0.1657 -0.099023
0.2129 -0.127542
0.2318 -0.139023
0.2312 -0.138739
0.2196 -0.131829
0.2028 -0.121765
0.1840 -0.110498
0.1648 -0.098969
0.1457 -0.087537
0.1269 -0.076244
0.1081 -0.064953
0.0888 -0.053404
0.0685 -0.041198
0.0460 -0.027739
0.0199 -0.012096
-0.0123 0.006536
-0.0542 0.024627
-0.1089 0.041043
-0.1724 0.053801
-0.2343 0.060541
-0.2877 0.061495
-0.3308 0.058507
-0.3650 0.053382
-0.3917 0.047381
-0.4126 0.041267
-0.4288 0.035464
-0.4413 0.030179
-0.4508 0.025492
-0.4579 0.021409
-0.4629 0.017898
-0.4663 0.014908
-0.4683 0.012378
-0.4691 0.010252
-0.4688 0.008471
-0.4676 0.006986
-0.4655 0.005750
-0.4627 0.004726
-0.4592 0.003878
-0.4550 0.003177
-0.4503 0.002599
-0.4449 0.002124
-0.4391 0.001733
-0.4327 0.001412
-0.4258 0.001149
-0.4185 0.000934
-0.4108 0.000758
-0.4026 0.000614
-0.3941 0.000497
-0.3852 0.000402
-0.3760 0.000324
-0.3666 0.000261
-0.3568 0.000210
-0.3469 0.000169
-0.3369 0.000136
-0.3266 0.000109
-0.3163 0.000087
-0.3058 0.000070
-0.2953 0.000056
-0.2846 0.000044
-0.2739 0.000035
-0.2630 0.000028
-0.2520 0.000022
-0.2408 0.000018
-0.2292 0.000014
-0.2173 0.000011
-0.2048 0.000008
-0.1914 0.000007
-0.1769 0.000005
-0.1606 0.000004
-0.1416 0.000003
-0.1183 0.000002
-0.0875 0.000001
-0.0431 0.000000
0.0256 -0.011141
0.1095 -0.065183
0.1795 -0.107340
0.2196 -0.131594
0.2331 -0.139836
0.2293 -0.137611
0.2160 -0.129719
0.1986 -0.119241
0.1796 -0.107852
0.1604 -0.096325
0.1414 -0.084927
0.1226 -0.073650
0.1037 -0.062326
0.0842 -0.050667
0.0635 -0.038236
0.0404 -0.024372
0.0131 -0.007986
-0.0209 0.010892
-0.0657 0.028578
-0.1231 0.044410
-0.1871 0.055915
-0.2475 0.061208
-0.2985 0.061075
-0.3394 0.057454
-0.3717 0.052037
-0.3970 0.045958
-0.4166 0.039888
-0.4319 0.034192
-0.4437 0.029042
-0.4526 0.024496
-0.4592 0.020549
-0.4638 0.017163
-0.4669 0.014285
-0.4686 0.011854
-0.4691 0.009811
-0.4685 0.008103
-0.4671 0.006680
-0.4649 0.005496
-0.4619 0.004515
-0.4582 0.003704
-0.4539 0.003034
-0.4490 0.002481
-0.4436 0.002027
-0.4376 0.001653
-0.4311 0.001347
-0.4242 0.001095
-0.4167 0.000890
-0.4089 0.000722
-0.4007 0.000585
-0.3920 0.000473
-0.3831 0.000382
-0.3738 0.000308
-0.3643 0.000249
-0.3546 0.000200
-0.3446 0.000161
-0.3345 0.000129
-0.3242 0.000103
-0.3139 0.000083
-0.3034 0.000066
-0.2928 0.000053
-0.2821 0.000042
-0.2714 0.000033
-0.2605 0.000027
-0.2494 0.000021
-0.2381 0.000017
-0.2265 0.000013
-0.2144 0.000010
-0.2017 0.000008
-0.1881 0.000006
-0.1732 0.000005
-0.1564 0.000003
-0.1365 0.000003
-0.1118 0.000002
-0.0785 0.000001
-0.0292 0.004474
0.0453 -0.020001
0.1284 -0.076590
0.1919 -0.114826
0.2249 -0.134850
0.2335 -0.140090
0.2268 -0.136141
0.2122 -0.127409
0.1941 -0.116599
0.1750 -0.105126
0.1558 -0.093615
0.1369 -0.082252
0.1181 -0.070982
0.0992 -0.059610
0.0795 -0.047814
0.0583 -0.035114
0.0344 -0.020779
0.0058 -0.003564
-0.0304 0.015199
-0.0782 0.032555
-0.1380 0.047637
-0.2020 0.057742
-0.2604 0.061604
-0.3090 0.060468
-0.3477 0.056290
-0.3782 0.050633
-0.4020 0.044508
-0.4206 0.038503
-0.4349 0.032925
-0.4460 0.027914
-0.4543 0.023512
-0.4604 0.019701
-0.4646 0.016441
-0.4673 0.013673
-0.4687 0.011339
-0.4690 0.009380
-0.4682 0.007743
-0.4666 0.006380
-0.4642 0.005248
-0.4610 0.004310
-0.4572 0.003534
-0.4528 0.002893
-0.4478 0.002366
-0.4422 0.001932
-0.4361 0.001575
-0.4295 0.001283
-0.4224 0.001043
-0.4149 0.000847
-0.4070 0.000687
-0.3986 0.000556
-0.3899 0.000450
-0.3809 0.000363
-0.3716 0.000293
-0.3620 0.000236
-0.3522 0.000190
-0.3422 0.000153
-0.3321 0.000122
-0.3218 0.000098
-0.3114 0.000078
-0.3009 0.000063
-0.2903 0.000050
-0.2796 0.000040
-0.2688 0.000032
-0.2578 0.000025
-0.2467 0.000020
-0.2353 0.000016
-0.2236 0.000012
-0.2114 0.000010
-0.1985 0.000007
-0.1846 0.000006
-0.1693 0.000004
-0.1519 0.000003
-0.1311 0.000002
-0.1047 0.000002
-0.0683 0.000001
-0.0132 0.004167
0.0659 -0.039053
0.1466 -0.087526
0.2027 -0.121389
0.2290 -0.137313
0.2330 -0.139813
0.2238 -0.134354
0.2080 -0.124918
0.1896 -0.113849
0.1704 -0.102327
0.1512 -0.090843
0.1323 -0.079512
0.1135 -0.068240
0.0945 -0.056799
0.0745 -0.044836
0.0528 -0.031820
0.0280 -0.016936
-0.0021 0.001026
-0.0408 0.019539
-0.0917 0.036522
-0.1536 0.050658
-0.2170 0.059251
-0.2731 0.061728
-0.3192 0.059681
-0.3558 0.055022
-0.3845 0.049176
-0.4069 0.043038
-0.4244 0.037114
-0.4378 0.031664
-0.4482 0.026798
-0.4559 0.022541
-0.4615 0.018867
-0.4654 0.015731
-0.4677 0.013073
-0.4688 0.010835
-0.4688 0.008958
-0.4679 0.007392
-0.4660 0.006088
-0.4634 0.005005
-0.4601 0.004109
-0.4561 0.003368
-0.4516 0.002757
-0.4464 0.002253
-0.4407 0.001839
-0.4345 0.001499
-0.4278 0.001221
-0.4206 0.000992
-0.4130 0.000806
-0.4049 0.000653
-0.3965 0.000529
-0.3877 0.000427
-0.3786 0.000345
-0.3693 0.000278
-0.3596 0.000224
-0.3498 0.000180
-0.3397 0.000145
-0.3295 0.000116
-0.3192 0.000093
-0.3088 0.000074
-0.2983 0.000059
-0.2876 0.000047
-0.2769 0.000038
-0.2661 0.000030
-0.2551 0.000024
-0.2439 0.000019
-0.2325 0.000015
-0.2206 0.000012
-0.2083 0.000009
-0.1952 0.000007
-0.1810 0.000005
-0.1652 0.000004
-0.1471 0.000003
-0.1251 0.000002
-0.0967 0.000001
-0.0568 0.000001
0.0048 -0.001207
0.0872 -0.051831
0.1636 -0.097747
0.2120 -0.126975
0.2318 -0.139009
0.2317 -0.139047
0.2203 -0.132285
0.2036 -0.122270
0.1848 -0.111005
0.1656 -0.099461
0.1465 -0.088013
0.1277 -0.076710
0.1088 -0.065421
0.0896 -0.053888
0.0693 -0.041721
0.0470 -0.028332
0.0211 -0.012809
-0.0108 0.005751
-0.0522 0.023906
-0.1064 0.040415
-0.1696 0.053391
-0.2318 0.060401
-0.2855 0.061567
-0.3291 0.058706
-0.3636 0.053641
-0.3906 0.047656
-0.4116 0.041535
-0.4280 0.035711
-0.4406 0.030400
-0.4503 0.025685
-0.4574 0.021576
-0.4626 0.018041
-0.4660 0.015029
-0.4681 0.012481
-0.4689 0.010337
-0.4686 0.008542
-0.4674 0.007045
-0.4654 0.005800
-0.4626 0.004767
-0.4591 0.003912
-0.4550 0.003205
-0.4503 0.002623
-0.4450 0.002143
-0.4392 0.001749
-0.4328 0.001425
-0.4260 0.001160
-0.4187 0.000942
-0.4110 0.000765
-0.4029 0.000620
-0.3943 0.000502
-0.3855 0.000405
-0.3763 0.000327
-0.3669 0.000264
-0.3572 0.000212
-0.3473 0.000171
-0.3372 0.000137
-0.3270 0.000110
-0.3166 0.000088
-0.3062 0.000070
-0.2956 0.000056
-0.2850 0.000045
-0.2742 0.000036
-0.2633 0.000028
-0.2523 0.000022
-0.2411 0.000018
-0.2295 0.000014
-0.2176 0.000011
-0.2050 0.000009
-0.1917 0.000007
-0.1772 0.000005
-0.1609 0.000004
-0.1419 0.000003
-0.1186 0.000002
-0.0879 0.000001
-0.0436 0.000000
0.0247 -0.010760
0.1086 -0.064680
0.1790 -0.107051
0.2195 -0.131555
0.2333 -0.139969
0.2296 -0.137827
0.2164 -0.129959
0.1989 -0.119478
0.1799 -0.108075
0.1607 -0.096533
0.1417 -0.085124
0.1229 -0.073841
0.1040 -0.062519
0.0846 -0.050868
0.0639 -0.038456
0.0408 -0.024627
0.0136 -0.008317
-0.0202 0.010576
-0.0647 0.028296
-0.1219 0.044185
-0.1859 0.055797
-0.2464 0.061204
-0.2975 0.061153
-0.3386 0.057577
-0.3710 0.052178
-0.3964 0.046099
-0.4162 0.040022
-0.4315 0.034313
-0.4433 0.029149
-0.4523 0.024588
-0.4589 0.020629
-0.4636 0.017231
-0.4666 0.014342
-0.4684 0.011902
-0.4689 0.009852
-0.4684 0.008137
-0.4670 0.006707
-0.4647 0.005519
-0.4618 0.004534
-0.4581 0.003720
-0.4538 0.003047
-0.4490 0.002492
-0.4435 0.002036
-0.4376 0.001660
-0.4311 0.001353
-0.4242 0.001100
-0.4168 0.000894
-0.4089 0.000725
-0.4007 0.000588
-0.3921 0.000475
-0.3832 0.000384
-0.3739 0.000310
-0.3644 0.000250
-0.3547 0.000201
-0.3447 0.000161
-0.3346 0.000130
-0.3243 0.000104
-0.3139 0.000083
-0.3035 0.000066
-0.2929 0.000053
-0.2822 0.000042
-0.2714 0.000034
-0.2605 0.000027
-0.2494 0.000021
-0.2381 0.000017
-0.2265 0.000013
-0.2144 0.000010
-0.2017 0.000008
-0.1881 0.000006
-0.1731 0.000005
-0.1562 0.000003
-0.1363 0.000003
-0.1115 0.000002
-0.0780 0.000001
-0.0284 0.004356
0.0464 -0.027330
0.1295 -0.077214
0.1926 -0.115281
0.2254 -0.135132
0.2337 -0.140240
0.2269 -0.136199
0.2122 -0.127409
0.1941 -0.116564
0.1749 -0.105071
0.1557 -0.093550
0.1368 -0.082180
0.1180 -0.070907
0.0990 -0.059532
0.0794 -0.047732
0.0582 -0.035026
0.0342 -0.020681
0.0056 -0.003459
-0.0306 0.015320
-0.0785 0.032679
-0.1383 0.047749
-0.2023 0.057826
-0.2606 0.061658
-0.3091 0.060499
-0.3478 0.056307
-0.3782 0.050641
-0.4020 0.044511
-0.4205 0.038502
-0.4348 0.032922
-0.4458 0.027911
-0.4541 0.023508
-0.4602 0.019698
-0.4645 0.016437
-0.4672 0.013670
-0.4685 0.011336
-0.4688 0.009378
-0.4680 0.007742
-0.4664 0.006379
-0.4640 0.005246
-0.4608 0.004308
-0.4570 0.003533
-0.4526 0.002893
-0.4476 0.002365
-0.4420 0.001931
-0.4359 0.001575
-0.4293 0.001282
-0.4222 0.001043
-0.4147 0.000847
-0.4068 0.000687
-0.3985 0.000556
-0.3898 0.000450
-0.3808 0.000363
-0.3714 0.000293
-0.3619 0.000236
-0.3521 0.000190
-0.3421 0.000153
-0.3319 0.000122
-0.3216 0.000098
-0.3112 0.000078
-0.3007 0.000063
-0.2901 0.000050
-0.2794 0.000040
-0.2686 0.000032
-0.2576 0.000025
-0.2465 0.000020
-0.2351 0.000016
-0.2233 0.000012
-0.2111 0.000010
-0.1982 0.000007
-0.1842 0.000006
-0.1689 0.000004
-0.1513 0.000003
-0.1303 0.000002
-0.1036 0.000002
-0.0667 0.000001
-0.0108 0.003435
0.0690 -0.040881
0.1492 -0.089089
0.2043 -0.122349
0.2297 -0.137738
0.2331 -0.139877
0.2235 -0.134208
0.2076 -0.124664
0.1890 -0.113544
0.1698 -0.102002
0.1507 -0.090513
0.1318 -0.079180
0.1130 -0.067904
0.0939 -0.056453
0.0739 -0.044467
0.0521 -0.031412
0.0272 -0.016461
-0.0031 0.001581
-0.0420 0.020063
-0.0934 0.037002
-0.1554 0.051018
-0.2186 0.059433
-0.2745 0.061755
-0.3203 0.059607
-0.3566 0.054895
-0.3851 0.049028
-0.4073 0.042887
-0.4246 0.036970
-0.4380 0.031533
-0.4482 0.026683
-0.4559 0.022440
-0.4615 0.018781
-0.4653 0.015657
-0.4676 0.013010
-0.4687 0.010782
-0.4686 0.008914
-0.4676 0.007355
-0.4658 0.006057
-0.4632 0.004980
-0.4598 0.004088
-0.4559 0.003351
-0.4513 0.002742
-0.4461 0.002242
-0.4404 0.001830
-0.4342 0.001491
-0.4274 0.001214
-0.4203 0.000987
-0.4126 0.000801
-0.4046 0.000650
-0.3962 0.000526
-0.3874 0.000425
-0.3783 0.000343
-0.3689 0.000277
-0.3593 0.000223
-0.3494 0.000179
-0.3394 0.000144
-0.3292 0.000115
-0.3188 0.000092
-0.3084 0.000074
-0.2979 0.000059
-0.2872 0.000047
-0.2765 0.000037
-0.2657 0.000030
-0.2546 0.000024
-0.2434 0.000019
-0.2320 0.000015
-0.2201 0.000012
-0.2077 0.000009
-0.1945 0.000007
-0.1802 0.000005
-0.1643 0.000004
-0.1460 0.000003
-0.1237 0.000002
-0.0948 0.000001
-0.0539 0.000001
0.0092 -0.003794
0.0922 -0.054800
0.1673 -0.100021
0.2140 -0.128217
0.2324 -0.139425
0.2315 -0.138942
0.2197 -0.131897
0.2027 -0.121748
0.1839 -0.110430
0.1646 -0.098872
0.1455 -0.087423
0.1267 -0.076121
0.1079 -0.064824
0.0886 -0.053269
0.0682 -0.041057
0.0457 -0.027585
0.0196 -0.011922
-0.0126 0.006746
-0.0546 0.024828
-0.1094 0.041236
-0.1728 0.053958
-0.2347 0.060647
-0.2879 0.061559
-0.3309 0.058542
-0.3650 0.053399
-0.3916 0.047386
-0.4124 0.041266
-0.4286 0.035460
-0.4410 0.030173
-0.4505 0.025485
-0.4576 0.021402
-0.4626 0.017892
-0.4660 0.014902
-0.4680 0.012373
-0.4687 0.010247
-0.4684 0.008467
-0.4672 0.006982
-0.4651 0.005748
-0.4623 0.004723
-0.4588 0.003876
-0.4546 0.003176
-0.4499 0.002598
-0.4446 0.002123
-0.4387 0.001732
-0.4324 0.001411
-0.4255 0.001149
-0.4182 0.000933
-0.4105 0.000757
-0.4023 0.000614
-0.3938 0.000497
-0.3849 0.000401
-0.3757 0.000324
-0.3663 0.000261
-0.3566 0.000210
-0.3467 0.000169
-0.3366 0.000136
-0.3264 0.000109
-0.3160 0.000087
-0.3055 0.000070
-0.2950 0.000056
-0.2843 0.000044
-0.2735 0.000035
-0.2627 0.000028
-0.2516 0.000022
-0.2403 0.000017
-0.2287 0.000014
-0.2167 0.000011
-0.2041 0.000008
-0.1907 0.000006
-0.1760 0.000005
-0.1596 0.000004
-0.1403 0.000003
-0.1165 0.000002
-0.0850 0.000001
-0.0392 0.000000
0.0312 -0.013691
0.1152 -0.068608
0.1835 -0.109765
0.2217 -0.132869
0.2338 -0.140251
0.2291 -0.137494
0.2154 -0.129309
0.1976 -0.118690
0.1785 -0.107239
0.1593 -0.095691
0.1403 -0.084287
0.1215 -0.073005
0.1026 -0.061668
0.0831 -0.049978
0.0623 -0.037489
0.0390 -0.023524
0.0114 -0.006969
-0.0231 0.011931
-0.0685 0.029555
-0.1265 0.045236
-0.1905 0.056430
-0.2504 0.061388
-0.3007 0.061012
-0.3412 0.057250
-0.3730 0.051767
-0.3979 0.045667
-0.4173 0.039605
-0.4323 0.033930
-0.4439 0.028806
-0.4527 0.024289
-0.4591 0.020370
-0.4637 0.017010
-0.4666 0.014154
-0.4683 0.011744
-0.4687 0.009719
-0.4681 0.008026
-0.4667 0.006615
-0.4644 0.005443
-0.4614 0.004471
-0.4577 0.003667
-0.4533 0.003004
-0.4484 0.002457
-0.4430 0.002006
-0.4370 0.001636
-0.4305 0.001333
-0.4235 0.001084
-0.4161 0.000881
-0.4082 0.000714
-0.4000 0.000579
-0.3913 0.000468
-0.3824 0.000378
-0.3731 0.000305
-0.3636 0.000246
-0.3538 0.000198
-0.3439 0.000159
-0.3338 0.000128
-0.3235 0.000102
-0.3131 0.000082
-0.3026 0.000065
-0.2920 0.000052
-0.2813 0.000042
-0.2705 0.000033
-0.2596 0.000026
-0.2485 0.000021
-0.2371 0.000016
-0.2254 0.000013
-0.2133 0.000010
-0.2005 0.000008
-0.1867 0.000006
-0.1716 0.000005
-0.1545 0.000003
-0.1341 0.000002
-0.1086 0.000002
-0.0739 0.000001
-0.0219 0.006769
0.0549 -0.032463
0.1372 -0.081895
0.1975 -0.118207
0.2274 -0.136357
0.2338 -0.140298
0.2259 -0.135596
0.2106 -0.126483
0.1923 -0.115506
0.1731 -0.103977
0.1539 -0.092457
0.1350 -0.081096
0.1162 -0.069821
0.0972 -0.058420
0.0774 -0.046558
0.0560 -0.033734
0.0317 -0.019183
0.0025 -0.001658
-0.0346 0.017051
-0.0837 0.034280
-0.1444 0.049006
-0.2081 0.058501
-0.2656 0.061781
-0.3131 0.060252
-0.3509 0.055858
-0.3806 0.050107
-0.4038 0.043964
-0.4219 0.037981
-0.4359 0.032448
-0.4466 0.027489
-0.4546 0.023140
-0.4605 0.019381
-0.4646 0.016167
-0.4672 0.013442
-0.4684 0.011144
-0.4686 0.009217
-0.4678 0.007607
-0.4660 0.006267
-0.4635 0.005154
-0.4603 0.004232
-0.4565 0.003469
-0.4520 0.002840
-0.4469 0.002322
-0.4413 0.001896
-0.4352 0.001546
-0.4285 0.001259
-0.4214 0.001023
-0.4139 0.000831
-0.4059 0.000674
-0.3975 0.000546
-0.3888 0.000441
-0.3798 0.000356
-0.3705 0.000287
-0.3609 0.000232
-0.3510 0.000186
-0.3410 0.000150
-0.3309 0.000120
-0.3206 0.000096
-0.3101 0.000077
-0.2996 0.000061
-0.2890 0.000049
-0.2783 0.000039
-0.2674 0.000031
-0.2564 0.000025
-0.2453 0.000019
-0.2338 0.000015
-0.2220 0.000012
-0.2097 0.000009
-0.1966 0.000007
-0.1825 0.000006
-0.1669 0.000004
-0.1490 0.000003
-0.1274 0.000002
-0.0998 0.000001
-0.0612 0.000001
-0.0020 0.000822
0.0795 -0.047165
0.1577 -0.094204
0.2091 -0.125236
0.2313 -0.138724
0.2327 -0.139641
0.2220 -0.133310
0.2056 -0.123460
0.1869 -0.112227
0.1676 -0.100663
0.1484 -0.089183
0.1296 -0.077860
0.1108 -0.066576
0.0916 -0.055083
0.0715 -0.043005
0.0494 -0.029781
0.0240 -0.014538
-0.0071 0.003808
-0.0473 0.022126
-0.1001 0.038857
-0.1628 0.052347
-0.2255 0.060024
-0.2802 0.061726
-0.3248 0.059189
-0.3601 0.054279
-0.3878 0.048341
-0.4094 0.042203
-0.4262 0.036330
-0.4392 0.030954
-0.4491 0.026172
-0.4565 0.021997
-0.4618 0.018401
-0.4655 0.015334
-0.4676 0.012737
-0.4686 0.010553
-0.4684 0.008722
-0.4673 0.007195
-0.4654 0.005924
-0.4627 0.004870
-0.4593 0.003997
-0.4552 0.003275
-0.4505 0.002681
-0.4453 0.002191
-0.4396 0.001788
-0.4333 0.001457
-0.4265 0.001186
-0.4193 0.000964
-0.4116 0.000782
-0.4035 0.000634
