-0.5627 0.003380
-0.5638 0.002800
-0.5635 0.002314
-0.5620 0.001908
-0.5595 0.001570
-0.5559 0.001290
-0.5513 0.001058
-0.5458 0.000866
-0.5392 0.000707
-0.5316 0.000577
-0.5230 0.000469
-0.5131 0.000381
-0.5021 0.000308
-0.4897 0.000248
-0.4759 0.000200
-0.4607 0.000160
-0.4438 0.000127
-0.4252 0.000101
-0.4049 0.000079
-0.3827 0.000062
-0.3585 0.000048
-0.3322 0.000037
-0.3035 0.000028
-0.2720 0.000021
-0.2369 0.000015
-0.1967 0.000010
-0.1477 0.000006
-0.0813 0.000003
0.0237 -0.001678
0.1670 -0.016563
0.2792 -0.027842
0.3327 -0.033242
0.3401 -0.034021
0.3206 -0.032092
0.2890 -0.028934
0.2539 -0.025427
0.2196 -0.021992
0.1874 -0.018771
0.1573 -0.015755
0.1283 -0.012863
0.0993 -0.009961
0.0682 -0.006852
0.0317 -0.003209
-0.0160 0.001439
-0.0832 0.006430
-0.1701 0.010914
-0.2585 0.013742
-0.3335 0.014676
-0.3925 0.014294
-0.4379 0.013191
-0.4725 0.011770
-0.4987 0.010274
-0.5185 0.008832
-0.5333 0.007512
-0.5442 0.006338
-0.5520 0.005316
-0.5574 0.004439
-0.5608 0.003692
-0.5625 0.003062
-0.5628 0.002533
-0.5619 0.002091
-0.5598 0.001723
-0.5567 0.001416
-0.5526 0.001162
-0.5474 0.000952
-0.5413 0.000779
-0.5342 0.000635
-0.5261 0.000517
-0.5168 0.000420
-0.5063 0.000340
-0.4945 0.000275
-0.4814 0.000221
-0.4668 0.000177
-0.4507 0.000142
-0.4330 0.000112
-0.4135 0.000089
-0.3921 0.000070
-0.3689 0.000054
-0.3436 0.000042
-0.3160 0.000032
-0.2859 0.000024
-0.2525 0.000017
-0.2148 0.000012
-0.1704 0.000008
-0.1133 0.000004
-0.0285 0.000739
0.1041 -0.010261
0.2374 -0.023632
0.3160 -0.031552
0.3411 -0.034104
0.3312 -0.033143
0.3036 -0.030387
0.2693 -0.026967
0.2344 -0.023478
0.2013 -0.020164
0.1704 -0.017071
0.1412 -0.014145
0.1125 -0.011275
0.0827 -0.008297
0.0492 -0.004956
0.0076 -0.000790
-0.0496 0.004162
-0.1287 0.008989
-0.2189 0.012681
-0.3008 0.014430
-0.3670 0.014567
-0.4182 0.013733
-0.4573 0.012422
-0.4870 0.010940
-0.5095 0.009464
-0.5264 0.008085
-0.5389 0.006844
-0.5480 0.005755
-0.5544 0.004814
-0.5587 0.004011
-0.5611 0.003331
-0.5620 0.002758
-0.5615 0.002279
-0.5599 0.001879
-0.5572 0.001546
-0.5535 0.001270
-0.5488 0.001041
-0.5431 0.000852
-0.5365 0.000696
-0.5288 0.000567
-0.5200 0.000461
-0.5100 0.000374
-0.4988 0.000302
-0.4863 0.000244
-0.4724 0.000196
-0.4569 0.000157
-0.4399 0.000125
-0.4212 0.000099
-0.4007 0.000078
-0.3783 0.000061
-0.3539 0.000047
-0.3274 0.000036
-0.2984 0.000027
-0.2665 0.000020
-0.2309 0.000014
-0.1897 0.000010
-0.1389 0.000006
-0.0684 0.000002
0.0444 -0.003223
0.1875 -0.018614
0.2907 -0.028998
0.3359 -0.033570
0.3382 -0.033828
0.3162 -0.031649
0.2838 -0.028413
0.2488 -0.024914
0.2149 -0.021521
0.1831 -0.018345
0.1534 -0.015367
0.1247 -0.012497
0.0957 -0.009596
0.0642 -0.006459
0.0270 -0.002739
-0.0223 0.001989
-0.0917 0.006947
-0.1796 0.011288
-0.2667 0.013891
-0.3398 0.014649
-0.3971 0.014166
-0.4411 0.013015
-0.4746 0.011580
-0.4999 0.010087
-0.5190 0.008660
-0.5332 0.007357
-0.5437 0.006203
-0.5512 0.005199
-0.5563 0.004339
-0.5594 0.003607
-0.5609 0.002991
-0.5610 0.002473
-0.5598 0.002041
-0.5575 0.001680
-0.5542 0.001381
-0.5499 0.001133
-0.5447 0.000928
-0.5384 0.000758
-0.5311 0.000619
-0.5228 0.000503
-0.5133 0.000409
-0.5026 0.000331
-0.4906 0.000267
-0.4773 0.000215
-0.4625 0.000172
-0.4462 0.000137
-0.4282 0.000109
-0.4084 0.000086
-0.3868 0.000067
-0.3633 0.000052
-0.3377 0.000040
-0.3097 0.000030
-0.2791 0.000023
-0.2451 0.000016
-0.2065 0.000011
-0.1602 0.000007
-0.0994 0.000004
-0.0061 0.000365
0.1329 -0.013148
0.2574 -0.025643
0.3243 -0.032386
0.3410 -0.034097
0.3265 -0.032679
0.2971 -0.029740
0.2625 -0.026288
0.2280 -0.022836
0.1955 -0.019579
0.1651 -0.016537
0.1362 -0.013644
0.1075 -0.010783
0.0775 -0.007780
0.0432 -0.004361
-0.0001 -0.000043
-0.0603 0.004921
-0.1420 0.009643
-0.2318 0.013045
-0.3113 0.014505
-0.3749 0.014454
-0.4240 0.013521
-0.4614 0.012170
-0.4898 0.010684
-0.5112 0.009221
-0.5272 0.007864
-0.5391 0.006649
-0.5477 0.005585
-0.5537 0.004669
-0.5575 0.003887
-0.5596 0.003226
-0.5602 0.002670
-0.5595 0.002205
-0.5577 0.001817
-0.5547 0.001495
-0.5508 0.001227
-0.5459 0.001006
-0.5400 0.000822
-0.5331 0.000671
-0.5252 0.000547
-0.5162 0.000444
-0.5060 0.000360
-0.4945 0.000291
-0.4817 0.000234
-0.4675 0.000188
-0.4518 0.000150
-0.4345 0.000120
-0.4154 0.000094
-0.3946 0.000074
-0.3718 0.000058
-0.3471 0.000045
-0.3200 0.000034
-0.2905 0.000026
-0.2579 0.000019
-0.2213 0.000013
-0.1784 0.000009
-0.1242 0.000005
-0.0461 0.001177
0.0787 -0.005795
0.2174 -0.021621
0.3061 -0.030555
0.3392 -0.033913
0.3342 -0.033439
0.3089 -0.030921
0.2755 -0.027585
0.2407 -0.024104
0.2074 -0.020772
0.1763 -0.017660
0.1470 -0.014729
0.1185 -0.011880
0.0893 -0.008963
0.0572 -0.005754
0.0183 -0.001851
-0.0342 0.002991
-0.1079 0.007878
-0.1971 0.011933
-0.2818 0.014136
-0.3516 0.014595
-0.4059 0.013941
-0.4475 0.012712
-0.4791 0.011255
-0.5030 0.009771
-0.5209 0.008368
-0.5342 0.007097
-0.5440 0.005975
-0.5509 0.005003
-0.5555 0.004171
-0.5582 0.003466
-0.5593 0.002871
-0.5590 0.002373
-0.5576 0.001957
-0.5551 0.001611
-0.5515 0.001323
-0.5469 0.001085
-0.5414 0.000888
-0.5349 0.000725
-0.5273 0.000591
-0.5187 0.000481
-0.5089 0.000390
-0.4980 0.000316
-0.4857 0.000255
-0.4720 0.000205
-0.4569 0.000164
-0.4401 0.000130
-0.4218 0.000103
-0.4016 0.000081
-0.3796 0.000064
-0.3556 0.000049
-0.3294 0.000038
-0.3009 0.000028
-0.2695 0.000021
-0.2344 0.000015
-0.1941 0.000010
-0.1448 0.000006
-0.0774 0.000003
0.0297 -0.002129
0.1728 -0.017143
0.2820 -0.028119
0.3329 -0.033261
0.3389 -0.033903
0.3190 -0.031932
0.2875 -0.028788
0.2528 -0.025316
0.2189 -0.021922
0.1871 -0.018739
0.1573 -0.015760
0.1287 -0.012902
0.1001 -0.010037
0.0694 -0.006975
0.0336 -0.003404
-0.0128 0.001150
-0.0781 0.006102
-0.1635 0.010608
-0.2518 0.013539
-0.3274 0.014572
-0.3871 0.014257
-0.4330 0.013191
-0.4679 0.011789
-0.4944 0.010300
-0.5143 0.008861
-0.5292 0.007539
-0.5401 0.006362
-0.5479 0.005337
-0.5533 0.004456
-0.5566 0.003706
-0.5582 0.003074
-0.5584 0.002542
-0.5574 0.002098
-0.5552 0.001728
-0.5520 0.001420
-0.5478 0.001165
-0.5426 0.000954
-0.5364 0.000780
-0.5292 0.000636
-0.5209 0.000518
-0.5116 0.000421
-0.5010 0.000341
-0.4892 0.000275
-0.4760 0.000221
-0.4614 0.000177
-0.4452 0.000141
-0.4275 0.000112
-0.4079 0.000089
-0.3866 0.000069
-0.3633 0.000054
-0.3379 0.000042
-0.3102 0.000032
-0.2799 0.000024
-0.2462 0.000017
-0.2079 0.000012
-0.1622 0.000008
-0.1024 0.000004
-0.0112 0.000619
0.1263 -0.012488
0.2526 -0.025161
0.3219 -0.032148
0.3405 -0.034051
0.3273 -0.032754
0.2985 -0.029882
0.2643 -0.026463
0.2299 -0.023025
0.1974 -0.019775
0.1671 -0.016740
0.1383 -0.013860
0.1099 -0.011021
0.0803 -0.008060
0.0468 -0.004718
0.0050 -0.000527
-0.0528 0.004396
-0.1322 0.009159
-0.2218 0.012741
-0.3026 0.014393
-0.3677 0.014471
-0.4180 0.013609
-0.4564 0.012289
-0.4855 0.010811
-0.5074 0.009344
-0.5239 0.007977
-0.5360 0.006749
-0.5448 0.005672
-0.5509 0.004743
-0.5549 0.003950
-0.5571 0.003278
-0.5577 0.002714
-0.5570 0.002241
-0.5552 0.001847
-0.5523 0.001519
-0.5484 0.001247
-0.5435 0.001022
-0.5376 0.000836
-0.5308 0.000682
-0.5229 0.000556
-0.5139 0.000452
-0.5037 0.000366
-0.4923 0.000296
-0.4796 0.000238
-0.4655 0.000191
-0.4498 0.000153
-0.4326 0.000121
-0.4137 0.000096
-0.3929 0.000075
-0.3703 0.000059
-0.3456 0.000045
-0.3187 0.000035
-0.2893 0.000026
-0.2568 0.000019
-0.2202 0.000014
-0.1772 0.000009
-0.1229 0.000005
-0.0442 0.001130
0.0813 -0.007982
0.2192 -0.021798
0.3066 -0.030604
0.3389 -0.033879
0.3335 -0.033372
0.3082 -0.030854
0.2750 -0.027535
0.2404 -0.024076
0.2073 -0.020765
0.1764 -0.017672
0.1473 -0.014760
0.1190 -0.011929
0.0901 -0.009036
0.0583 -0.005860
0.0199 -0.002013
-0.0317 0.002783
-0.1041 0.007656
-0.1926 0.011753
-0.2776 0.014032
-0.3478 0.014552
-0.4026 0.013936
-0.4445 0.012727
-0.4764 0.011279
-0.5004 0.009798
-0.5184 0.008395
-0.5319 0.007121
-0.5416 0.005996
-0.5485 0.005021
-0.5531 0.004186
-0.5558 0.003478
-0.5569 0.002881
-0.5566 0.002381
-0.5551 0.001964
-0.5525 0.001616
-0.5489 0.001327
-0.5443 0.001088
-0.5387 0.000891
-0.5321 0.000727
-0.5246 0.000593
-0.5159 0.000482
-0.5061 0.000391
-0.4951 0.000316
-0.4828 0.000255
-0.4691 0.000205
-0.4539 0.000164
-0.4372 0.000131
-0.4188 0.000103
-0.3987 0.000081
-0.3766 0.000064
-0.3526 0.000049
-0.3264 0.000038
-0.2978 0.000028
-0.2663 0.000021
-0.2310 0.000015
-0.1903 0.000010
-0.1401 0.000006
-0.0706 0.000003
0.0404 -0.002928
0.1831 -0.018179
0.2875 -0.028678
0.3342 -0.033395
0.3377 -0.033779
0.3167 -0.031695
0.2849 -0.028524
0.2504 -0.025070
0.2167 -0.021708
0.1853 -0.018558
0.1558 -0.015607
0.1274 -0.012771
0.0989 -0.009921
0.0683 -0.006867
0.0326 -0.003296
-0.0140 0.001257
-0.0794 0.006184
-0.1647 0.010647
-0.2526 0.013528
-0.3277 0.014526
-0.3869 0.014192
-0.4324 0.013121
-0.4670 0.011720
-0.4932 0.010235
-0.5129 0.008801
-0.5276 0.007486
-0.5383 0.006316
-0.5460 0.005297
-0.5512 0.004421
-0.5544 0.003677
-0.5559 0.003049
-0.5560 0.002521
-0.5548 0.002080
-0.5526 0.001713
-0.5492 0.001408
-0.5449 0.001155
-0.5396 0.000945
-0.5333 0.000773
-0.5260 0.000630
-0.5176 0.000513
-0.5082 0.000416
-0.4975 0.000337
-0.4856 0.000272
-0.4723 0.000219
-0.4576 0.000175
-0.4413 0.000140
-0.4234 0.000111
-0.4038 0.000087
-0.3823 0.000068
-0.3589 0.000053
-0.3334 0.000041
-0.3055 0.000031
-0.2749 0.000023
-0.2408 0.000017
-0.2018 0.000012
-0.1548 0.000007
-0.0921 0.000004
0.0054 -0.000211
0.1462 -0.014476
0.2653 -0.026442
0.3266 -0.032621
0.3397 -0.033975
0.3237 -0.032397
0.2939 -0.029424
0.2597 -0.026001
0.2257 -0.022601
0.1937 -0.019396
0.1637 -0.016403
0.1352 -0.013552
0.1070 -0.010728
0.0773 -0.007762
0.0435 -0.004387
0.0008 -0.000128
-0.0584 0.004787
-0.1390 0.009477
-0.2281 0.012898
-0.3075 0.014396
-0.3711 0.014377
-0.4202 0.013466
-0.4576 0.012129
-0.4860 0.010652
-0.5073 0.009195
-0.5232 0.007842
-0.5350 0.006630
-0.5435 0.005569
-0.5493 0.004654
-0.5530 0.003874
-0.5549 0.003214
-0.5554 0.002660
-0.5545 0.002196
-0.5525 0.001809
-0.5494 0.001487
-0.5454 0.001221
-0.5403 0.001000
-0.5343 0.000818
-0.5272 0.000667
-0.5192 0.000543
-0.5100 0.000441
-0.4997 0.000357
-0.4881 0.000289
-0.4752 0.000232
-0.4609 0.000186
-0.4450 0.000149
-0.4276 0.000118
-0.4084 0.000093
-0.3875 0.000073
-0.3646 0.000057
-0.3396 0.000044
-0.3124 0.000033
-0.2825 0.000025
-0.2495 0.000018
-0.2119 0.000013
-0.1674 0.000008
-0.1098 0.000005
-0.0235 0.001230
0.1101 -0.010866
0.2408 -0.023976
0.3164 -0.031590
0.3397 -0.033969
0.3294 -0.032960
0.3020 -0.030230
0.2683 -0.026866
0.2341 -0.023441
0.2016 -0.020187
0.1712 -0.017150
0.1425 -0.014278
0.1144 -0.011466
0.0853 -0.008564
0.0530 -0.005337
0.0134 -0.001361
-0.0405 0.003479
-0.1156 0.008290
-0.2045 0.012161
-0.2875 0.014159
-0.3553 0.014481
-0.4080 0.013755
-0.4482 0.012499
-0.4787 0.011039
-0.5017 0.009567
-0.5189 0.008183
-0.5316 0.006932
-0.5409 0.005832
-0.5473 0.004879
-0.5515 0.004065
-0.5538 0.003376
-0.5546 0.002795
-0.5541 0.002309
-0.5524 0.001903
-0.5495 0.001565
-0.5457 0.001285
-0.5409 0.001053
-0.5351 0.000862
-0.5283 0.000703
-0.5205 0.000573
-0.5116 0.000466
-0.5015 0.000377
-0.4903 0.000305
-0.4777 0.000246
-0.4638 0.000197
-0.4483 0.000158
-0.4313 0.000125
-0.4126 0.000099
-0.3921 0.000078
-0.3697 0.000061
-0.3453 0.000047
-0.3186 0.000036
-0.2894 0.000027
-0.2572 0.000020
-0.2209 0.000014
-0.1784 0.000009
-0.1247 0.000005
-0.0472 0.001206
0.0765 -0.005631
0.2149 -0.021373
0.3041 -0.030346
0.3379 -0.033778
0.3337 -0.033385
0.3091 -0.030939
0.2763 -0.027661
0.2419 -0.024226
0.2090 -0.020929
0.1782 -0.017849
0.1492 -0.014951
0.1211 -0.012142
0.0926 -0.009285
0.0614 -0.006171
0.0241 -0.002443
-0.0253 0.002251
-0.0950 0.007124
-0.1822 0.011339
-0.2680 0.013817
-0.3397 0.014496
-0.3958 0.013975
-0.4388 0.012815
-0.4715 0.011386
-0.4961 0.009907
-0.5146 0.008498
-0.5283 0.007214
-0.5383 0.006078
-0.5453 0.005091
-0.5500 0.004246
-0.5527 0.003528
-0.5539 0.002923
-0.5536 0.002416
-0.5521 0.001992
-0.5495 0.001639
-0.5459 0.001347
-0.5413 0.001104
-0.5357 0.000903
-0.5292 0.000738
-0.5216 0.000601
-0.5129 0.000489
-0.5032 0.000397
-0.4922 0.000321
-0.4799 0.000259
-0.4663 0.000208
-0.4512 0.000166
-0.4345 0.000132
-0.4162 0.000105
-0.3962 0.000082
-0.3742 0.000064
-0.3503 0.000050
-0.3242 0.000038
-0.2956 0.000029
-0.2641 0.000021
-0.2289 0.000015
-0.1879 0.000010
-0.1373 0.000006
-0.0666 0.001690
0.0465 -0.003383
0.1886 -0.018726
0.2901 -0.028940
0.3344 -0.033423
0.3367 -0.033680
0.3152 -0.031552
0.2835 -0.028384
0.2492 -0.024953
0.2159 -0.021620
0.1847 -0.018499
0.1554 -0.015573
0.1273 -0.012760
0.0991 -0.009934
0.0688 -0.006907
0.0334 -0.003375
-0.0126 0.001126
-0.0770 0.006031
-0.1615 0.010498
-0.2492 0.013423
-0.3244 0.014468
-0.3839 0.014166
-0.4296 0.013113
-0.4643 0.011722
-0.4906 0.010241
-0.5103 0.008809
-0.5250 0.007493
-0.5357 0.006323
-0.5433 0.005302
-0.5485 0.004426
-0.5516 0.003680
-0.5530 0.003051
-0.5531 0.002523
-0.5518 0.002081
-0.5494 0.001713
-0.5460 0.001408
-0.5416 0.001155
-0.5362 0.000945
-0.5299 0.000772
-0.5225 0.000630
-0.5141 0.000512
-0.5045 0.000416
-0.4938 0.000336
-0.4818 0.000271
-0.4685 0.000218
-0.4537 0.000175
-0.4374 0.000139
-0.4195 0.000110
-0.3998 0.000087
-0.3783 0.000068
-0.3548 0.000053
-0.3291 0.000041
-0.3011 0.000031
-0.2703 0.000023
-0.2359 0.000016
-0.1963 0.000011
-0.1481 0.000007
-0.0827 0.000003
0.0206 -0.000963
0.1626 -0.016123
0.2751 -0.027425
0.3296 -0.032933
0.3385 -0.033857
0.3204 -0.032071
0.2900 -0.029033
0.2559 -0.025621
0.2223 -0.022259
0.1907 -0.019100
0.1612 -0.016145
0.1330 -0.013324
0.1049 -0.010519
0.0753 -0.007559
0.0413 -0.004171
-0.0017 0.000116
-0.0616 0.005006
-0.1426 0.009635
-0.2313 0.012950
-0.3097 0.014357
-0.3723 0.014284
-0.4206 0.013350
-0.4574 0.012006
-0.4852 0.010532
-0.5061 0.009085
-0.5217 0.007744
-0.5332 0.006544
-0.5414 0.005494
-0.5470 0.004589
-0.5505 0.003819
-0.5522 0.003168
-0.5525 0.002620
-0.5515 0.002163
-0.5493 0.001781
-0.5461 0.001464
-0.5418 0.001201
-0.5366 0.000984
-0.5305 0.000804
-0.5233 0.000656
-0.5150 0.000534
-0.5057 0.000433
-0.4952 0.000351
-0.4835 0.000283
-0.4704 0.000228
-0.4560 0.000183
-0.4400 0.000146
-0.4223 0.000116
-0.4030 0.000091
-0.3818 0.000071
-0.3587 0.000056
-0.3335 0.000043
-0.3060 0.000032
-0.2757 0.000024
-0.2421 0.000018
-0.2036 0.000012
-0.1573 0.000008
-0.0960 0.000004
-0.0013 0.000125
0.1379 -0.013648
0.2595 -0.025857
0.3238 -0.032340
0.3393 -0.033929
0.3248 -0.032501
0.2958 -0.029610
0.2619 -0.026227
0.2281 -0.022845
0.1962 -0.019652
0.1664 -0.016669
0.1381 -0.013836
0.1102 -0.011044
0.0810 -0.008135
0.0483 -0.004862
0.0075 -0.000774
-0.0484 0.004074
-0.1257 0.008804
-0.2145 0.012454
-0.2956 0.014212
-0.3612 0.014372
-0.4120 0.013562
-0.4507 0.012271
-0.4800 0.010808
-0.5021 0.009349
-0.5186 0.007984
-0.5307 0.006756
-0.5394 0.005678
-0.5455 0.004748
-0.5493 0.003953
-0.5513 0.003281
-0.5518 0.002715
-0.5510 0.002242
-0.5491 0.001847
-0.5460 0.001518
-0.5420 0.001246
-0.5369 0.001021
-0.5309 0.000835
-0.5239 0.000681
-0.5158 0.000554
-0.5067 0.000450
-0.4964 0.000365
-0.4849 0.000295
-0.4721 0.000237
-0.4579 0.000190
-0.4421 0.000152
-0.4248 0.000121
-0.4058 0.000095
-0.3850 0.000075
-0.3622 0.000058
-0.3374 0.000045
-0.3103 0.000034
-0.2805 0.000025
-0.2475 0.000019
-0.2099 0.000013
-0.1652 0.000008
-0.1071 0.000005
-0.0195 0.001031
0.1151 -0.011363
0.2439 -0.024288
0.3172 -0.031676
0.3392 -0.033915
0.3283 -0.032848
0.3008 -0.030115
0.2674 -0.026773
0.2334 -0.023377
0.2012 -0.020154
0.1712 -0.017144
0.1427 -0.014298
0.1149 -0.011514
0.0861 -0.008643
0.0543 -0.005461
0.0154 -0.001558
-0.0372 0.003230
-0.1108 0.008020
-0.1990 0.011942
-0.2823 0.014030
-0.3506 0.014423
-0.4038 0.013741
-0.4443 0.012508
-0.4751 0.011060
-0.4983 0.009592
-0.5156 0.008207
-0.5284 0.006954
-0.5376 0.005851
-0.5440 0.004896
-0.5482 0.004079
-0.5505 0.003387
-0.5512 0.002804
-0.5506 0.002316
-0.5488 0.001908
-0.5459 0.001570
-0.5420 0.001289
-0.5371 0.001056
-0.5312 0.000863
-0.5243 0.000705
-0.5165 0.000574
-0.5075 0.000466
-0.4974 0.000378
-0.4861 0.000305
-0.4735 0.000246
-0.4595 0.000197
-0.4440 0.000158
-0.4269 0.000125
-0.4082 0.000099
-0.3876 0.000078
-0.3652 0.000061
-0.3407 0.000047
-0.3140 0.000036
-0.2847 0.000027
-0.2522 0.000020
-0.2154 0.000014
-0.1720 0.000009
-0.1164 0.000005
-0.0345 0.001779
0.0946 -0.009313
0.2288 -0.022767
0.3103 -0.030976
0.3384 -0.033833
0.3310 -0.033123
0.3052 -0.030551
0.2722 -0.027257
0.2382 -0.023854
0.2057 -0.020605
0.1754 -0.017572
0.1468 -0.014712
0.1190 -0.011931
0.0906 -0.009090
0.0595 -0.005980
0.0221 -0.002233
-0.0278 0.002459
-0.0979 0.007290
-0.1849 0.011426
-0.2699 0.013815
-0.3407 0.014432
-0.3960 0.013880
-0.4384 0.012707
-0.4704 0.011278
-0.4946 0.009806
-0.5127 0.008405
-0.5261 0.007132
-0.5358 0.006006
-0.5426 0.005029
-0.5471 0.004192
-0.5496 0.003482
-0.5505 0.002884
-0.5501 0.002383
-0.5484 0.001964
-0.5457 0.001616
-0.5419 0.001327
-0.5371 0.001087
-0.5314 0.000890
-0.5247 0.000726
-0.5169 0.000592
-0.5081 0.000481
-0.4982 0.000390
-0.4870 0.000315
-0.4746 0.000254
-0.4608 0.000204
-0.4456 0.000163
-0.4287 0.000130
-0.4102 0.000103
-0.3899 0.000081
-0.3678 0.000063
-0.3436 0.000049
-0.3172 0.000037
-0.2883 0.000028
-0.2563 0.000020
-0.2201 0.000015
-0.1778 0.000010
-0.1242 0.000006
