0.2421 -0.185593
0.2086 -0.177228
0.1741 -0.168605
0.1400 -0.160090
0.1058 -0.151537
0.0692 -0.142408
0.0262 -0.130098
-0.0300 -0.106352
-0.1061 -0.075925
-0.1959 -0.048990
-0.2799 -0.029622
-0.3483 -0.017059
-0.4011 -0.009291
-0.4413 -0.004615
-0.4716 -0.001873
-0.4943 -0.000322
-0.5112 0.000504
-0.5237 0.000896
-0.5326 0.001033
-0.5388 0.001027
-0.5427 0.000945
-0.5448 0.000827
-0.5453 0.000699
-0.5444 0.000573
-0.5424 0.000456
-0.5392 0.000353
-0.5350 0.000263
-0.5298 0.000187
-0.5236 0.000124
-0.5164 0.000072
-0.5081 0.000030
-0.4987 -0.000004
-0.4882 -0.000030
-0.4763 -0.000050
-0.4632 -0.000065
-0.4485 -0.000076
-0.4324 -0.000084
-0.4146 -0.000088
-0.3951 -0.000090
-0.3737 -0.000091
-0.3504 -0.000090
-0.3249 -0.000088
-0.2970 -0.000085
-0.2662 -0.000082
-0.2316 -0.000079
-0.1917 -0.000075
-0.1425 -0.000073
-0.0749 -0.000072
0.0222 -0.097735
0.1409 -0.159946
0.2325 -0.182943
0.2755 -0.193825
0.2787 -0.194705
0.2584 -0.189669
0.2275 -0.181956
0.1934 -0.173432
0.1592 -0.164886
0.1254 -0.156432
0.0907 -0.147758
0.0522 -0.138142
0.0046 -0.122052
-0.0591 -0.094261
-0.1427 -0.063849
-0.2321 -0.040009
-0.3099 -0.023721
-0.3714 -0.013405
-0.4185 -0.007101
-0.4542 -0.003342
-0.4810 -0.001164
-0.5011 0.000045
-0.5159 0.000666
-0.5268 0.000940
-0.5344 0.001011
-0.5395 0.000970
-0.5426 0.000873
-0.5439 0.000752
-0.5438 0.000626
-0.5423 0.000506
-0.5398 0.000397
-0.5361 0.000301
-0.5315 0.000219
-0.5258 0.000150
-0.5191 0.000093
-0.5114 0.000047
-0.5026 0.000009
-0.4926 -0.000020
-0.4815 -0.000043
-0.4690 -0.000061
-0.4552 -0.000074
-0.4399 -0.000082
-0.4230 -0.000088
-0.4044 -0.000092
-0.3840 -0.000093
-0.3618 -0.000092
-0.3374 -0.000091
-0.3108 -0.000088
-0.2816 -0.000085
-0.2491 -0.000082
-0.2122 -0.000078
-0.1683 -0.000075
-0.1117 -0.000073
-0.0304 -0.029347
0.0820 -0.108920
0.1923 -0.172837
0.2594 -0.189741
0.2803 -0.195081
0.2699 -0.192527
0.2432 -0.185878
0.2103 -0.177652
0.1761 -0.169114
0.1423 -0.160670
0.1085 -0.152207
0.0725 -0.143228
0.0306 -0.131469
-0.0236 -0.108937
-0.0972 -0.078932
-0.1860 -0.051419
-0.2711 -0.031332
-0.3409 -0.018192
-0.3950 -0.010030
-0.4362 -0.005098
-0.4672 -0.002193
-0.4905 -0.000537
-0.5079 0.000356
-0.5206 0.000792
-0.5298 0.000958
-0.5361 0.000971
-0.5401 0.000902
-0.5422 0.000793
-0.5428 0.000671
-0.5419 0.000550
-0.5399 0.000437
-0.5367 0.000336
-0.5325 0.000249
-0.5273 0.000175
-0.5211 0.000113
-0.5139 0.000062
-0.5056 0.000021
-0.4962 -0.000012
-0.4856 -0.000037
-0.4737 -0.000057
-0.4605 -0.000071
-0.4459 -0.000081
-0.4298 -0.000088
-0.4120 -0.000092
-0.3925 -0.000094
-0.3711 -0.000094
-0.3478 -0.000093
-0.3222 -0.000091
-0.2943 -0.000088
-0.2633 -0.000084
-0.2286 -0.000081
-0.1883 -0.000078
-0.1383 -0.000075
-0.0693 -0.026930
0.0298 -0.099149
0.1480 -0.161731
0.2357 -0.183772
0.2752 -0.193765
0.2764 -0.194142
0.2554 -0.188929
0.2246 -0.181226
0.1908 -0.172786
0.1570 -0.164336
0.1235 -0.155963
0.0890 -0.147338
0.0505 -0.137736
0.0029 -0.121021
-0.0610 -0.093282
-0.1445 -0.063130
-0.2334 -0.039567
-0.3105 -0.023494
-0.3715 -0.013316
-0.4181 -0.007092
-0.4534 -0.003378
-0.4799 -0.001223
-0.4997 -0.000025
-0.5143 0.000596
-0.5250 0.000871
-0.5325 0.000947
-0.5374 0.000912
-0.5403 0.000821
-0.5415 0.000706
-0.5412 0.000586
-0.5396 0.000471
-0.5369 0.000367
-0.5332 0.000275
-0.5284 0.000197
-0.5225 0.000131
-0.5157 0.000076
-0.5079 0.000032
-0.4989 -0.000003
-0.4888 -0.000031
-0.4775 -0.000053
-0.4648 -0.000069
-0.4508 -0.000080
-0.4353 -0.000088
-0.4182 -0.000093
-0.3994 -0.000096
-0.3788 -0.000096
-0.3563 -0.000095
-0.3317 -0.000093
-0.3047 -0.000090
-0.2750 -0.000087
-0.2419 -0.000083
-0.2041 -0.000080
-0.1585 -0.000077
-0.0982 -0.000076
-0.0113 -0.060996
0.1052 -0.113269
0.2078 -0.176756
0.2650 -0.191159
0.2786 -0.194663
0.2644 -0.191151
0.2363 -0.184164
0.2034 -0.175924
0.1696 -0.167488
0.1363 -0.159147
0.1025 -0.150719
0.0662 -0.141652
0.0231 -0.128516
-0.0333 -0.104475
-0.1095 -0.074512
-0.1986 -0.048062
-0.2814 -0.029123
-0.3486 -0.016851
-0.4005 -0.009257
-0.4398 -0.004679
-0.4695 -0.001988
-0.4917 -0.000459
-0.5082 0.000361
-0.5202 0.000757
-0.5288 0.000903
-0.5347 0.000908
-0.5383 0.000838
-0.5400 0.000733
-0.5403 0.000615
-0.5391 0.000500
-0.5368 0.000393
-0.5334 0.000298
-0.5290 0.000216
-0.5235 0.000146
-0.5170 0.000089
-0.5095 0.000041
-0.5009 0.000004
-0.4912 -0.000026
-0.4803 -0.000049
-0.4681 -0.000067
-0.4546 -0.000080
-0.4396 -0.000089
-0.4230 -0.000094
-0.4048 -0.000097
-0.3849 -0.000098
-0.3630 -0.000098
-0.3392 -0.000096
-0.3130 -0.000093
-0.2843 -0.000090
-0.2524 -0.000086
-0.2163 -0.000082
-0.1736 -0.000079
-0.1192 -0.000077
-0.0423 -0.028612
0.0664 -0.105999
0.1795 -0.169629
0.2515 -0.187759
0.2771 -0.194263
0.2700 -0.192538
0.2453 -0.186393
0.2135 -0.178449
0.1800 -0.170073
0.1467 -0.161753
0.1134 -0.153439
0.0785 -0.144706
0.0383 -0.133973
-0.0126 -0.113756
-0.0817 -0.084664
-0.1683 -0.056107
-0.2549 -0.034654
-0.3274 -0.020384
-0.3840 -0.011443
-0.4272 -0.006007
-0.4597 -0.002780
-0.4841 -0.000920
-0.5023 0.000103
-0.5157 0.000621
-0.5253 0.000840
-0.5319 0.000887
-0.5362 0.000841
-0.5385 0.000747
-0.5391 0.000635
-0.5384 0.000520
-0.5364 0.000412
-0.5333 0.000315
-0.5291 0.000230
-0.5239 0.000158
-0.5177 0.000098
-0.5105 0.000049
-0.5022 0.000009
-0.4928 -0.000023
-0.4822 -0.000047
-0.4704 -0.000066
-0.4572 -0.000080
-0.4427 -0.000089
-0.4265 -0.000095
-0.4088 -0.000099
-0.3893 -0.000100
-0.3680 -0.000100
-0.3447 -0.000098
-0.3192 -0.000095
-0.2912 -0.000092
-0.2602 -0.000088
-0.2253 -0.000085
-0.1845 -0.000081
-0.1338 -0.000079
-0.0636 -0.027286
0.0374 -0.100569
0.1547 -0.163400
0.2379 -0.184321
0.2736 -0.193375
0.2730 -0.193283
0.2516 -0.187967
0.2211 -0.180350
0.1879 -0.172062
0.1547 -0.163763
0.1217 -0.155515
0.0876 -0.146986
0.0494 -0.137452
0.0021 -0.120123
-0.0614 -0.092919
-0.1444 -0.063030
-0.2327 -0.039595
-0.3094 -0.023595
-0.3699 -0.013450
-0.4163 -0.007237
-0.4513 -0.003522
-0.4776 -0.001360
-0.4972 -0.000150
-0.5116 0.000482
-0.5221 0.000769
-0.5294 0.000856
-0.5342 0.000832
-0.5369 0.000751
-0.5379 0.000645
-0.5375 0.000532
-0.5357 0.000424
-0.5329 0.000326
-0.5289 0.000239
-0.5239 0.000165
-0.5179 0.000103
-0.5108 0.000053
-0.5027 0.000011
-0.4935 -0.000021
-0.4832 -0.000047
-0.4716 -0.000066
-0.4587 -0.000081
-0.4444 -0.000091
-0.4285 -0.000097
-0.4111 -0.000101
-0.3919 -0.000103
-0.3710 -0.000102
-0.3480 -0.000101
-0.3229 -0.000098
-0.2954 -0.000095
-0.2649 -0.000091
-0.2308 -0.000087
-0.1912 -0.000083
-0.1425 -0.000080
-0.0762 -0.026505
0.0195 -0.064832
0.1375 -0.159100
0.2277 -0.181752
0.2705 -0.192582
0.2746 -0.193680
0.2557 -0.188986
0.2262 -0.181620
0.1933 -0.173398
0.1601 -0.165106
0.1272 -0.156885
0.0935 -0.148463
0.0564 -0.139196
0.0113 -0.123849
-0.0487 -0.097626
-0.1287 -0.067997
-0.2174 -0.043246
-0.2967 -0.026003
-0.3599 -0.014967
-0.4085 -0.008173
-0.4452 -0.004093
-0.4728 -0.001703
-0.4934 -0.000353
-0.5086 0.000365
-0.5196 0.000705
-0.5274 0.000823
-0.5325 0.000817
-0.5355 0.000746
-0.5367 0.000645
-0.5364 0.000535
-0.5349 0.000427
-0.5321 0.000329
-0.5282 0.000242
-0.5233 0.000167
-0.5174 0.000104
-0.5105 0.000053
-0.5025 0.000011
-0.4934 -0.000023
-0.4831 -0.000049
-0.4717 -0.000068
-0.4589 -0.000083
-0.4447 -0.000093
-0.4290 -0.000100
-0.4117 -0.000104
-0.3927 -0.000105
-0.3719 -0.000105
-0.3491 -0.000103
-0.3243 -0.000101
-0.2970 -0.000097
-0.2668 -0.000093
-0.2330 -0.000089
-0.1939 -0.000085
-0.1462 -0.000082
-0.0817 -0.026163
0.0103 -0.063700
0.1284 -0.156828
0.2219 -0.180308
0.2688 -0.192148
0.2757 -0.193951
0.2582 -0.189621
0.2292 -0.182390
0.1964 -0.174187
0.1632 -0.165879
0.1303 -0.157652
0.0967 -0.149268
0.0601 -0.140124
0.0160 -0.125408
-0.0422 -0.100289
-0.1203 -0.070883
-0.2090 -0.045398
-0.2895 -0.027436
-0.3542 -0.015877
-0.4040 -0.008741
-0.4416 -0.004444
-0.4699 -0.001919
-0.4910 -0.000486
-0.5066 0.000283
-0.5179 0.000654
-0.5258 0.000791
-0.5311 0.000797
-0.5342 0.000732
-0.5355 0.000635
-0.5352 0.000527
-0.5337 0.000421
-0.5309 0.000323
-0.5271 0.000236
-0.5221 0.000161
-0.5162 0.000099
-0.5092 0.000047
-0.5012 0.000005
-0.4920 -0.000028
-0.4817 -0.000054
-0.4702 -0.000073
-0.4573 -0.000088
-0.4430 -0.000098
-0.4273 -0.000104
-0.4099 -0.000108
-0.3908 -0.000109
-0.3700 -0.000109
-0.3471 -0.000107
-0.3221 -0.000104
-0.2947 -0.000100
-0.2644 -0.000096
-0.2304 -0.000092
-0.1910 -0.000088
-0.1430 -0.000085
-0.0783 -0.026375
0.0131 -0.064051
0.1287 -0.156906
0.2204 -0.179915
0.2671 -0.191724
0.2746 -0.193661
0.2576 -0.189459
0.2289 -0.182310
0.1963 -0.174149
0.1631 -0.165861
0.1302 -0.157644
0.0967 -0.149267
0.0601 -0.140131
0.0161 -0.125727
-0.0422 -0.100703
-0.1203 -0.071288
-0.2089 -0.045667
-0.2894 -0.027613
-0.3540 -0.015996
-0.4036 -0.008825
-0.4411 -0.004506
-0.4693 -0.001967
-0.4903 -0.000525
-0.5058 0.000250
-0.5170 0.000626
-0.5249 0.000766
-0.5300 0.000774
-0.5330 0.000712
-0.5342 0.000616
-0.5339 0.000510
-0.5322 0.000405
-0.5293 0.000308
-0.5253 0.000222
-0.5203 0.000149
-0.5142 0.000087
-0.5071 0.000036
-0.4988 -0.000005
-0.4895 -0.000037
-0.4790 -0.000062
-0.4673 -0.000081
-0.4542 -0.000095
-0.4397 -0.000104
-0.4237 -0.000110
-0.4061 -0.000113
-0.3867 -0.000114
-0.3655 -0.000113
-0.3424 -0.000111
-0.3170 -0.000107
-0.2892 -0.000103
-0.2584 -0.000099
-0.2237 -0.000094
-0.1835 -0.000090
-0.1344 -0.000087
-0.0685 -0.026992
0.0225 -0.097800
0.1302 -0.157312
0.2134 -0.178189
0.2560 -0.188933
0.2630 -0.190776
0.2477 -0.186976
0.2212 -0.180365
0.1905 -0.172699
0.1589 -0.164801
0.1272 -0.156868
0.0944 -0.148686
0.0583 -0.139675
0.0145 -0.125808
-0.0437 -0.100553
-0.1217 -0.070970
-0.2098 -0.045495
-0.2896 -0.027558
-0.3537 -0.016011
-0.4030 -0.008875
-0.4402 -0.004571
-0.4682 -0.002037
-0.4890 -0.000593
-0.5043 0.000186
-0.5154 0.000566
-0.5231 0.000712
-0.5282 0.000726
-0.5310 0.000668
-0.5321 0.000577
-0.5316 0.000475
-0.5297 0.000373
-0.5267 0.000280
-0.5225 0.000197
-0.5172 0.000126
-0.5108 0.000067
-0.5034 0.000018
-0.4949 -0.000021
-0.4852 -0.000052
-0.4744 -0.000076
-0.4622 -0.000093
-0.4487 -0.000106
-0.4338 -0.000114
-0.4173 -0.000119
-0.3992 -0.000121
-0.3793 -0.000121
-0.3575 -0.000120
-0.3338 -0.000117
-0.3077 -0.000113
-0.2791 -0.000108
-0.2473 -0.000103
-0.2113 -0.000099
-0.1697 -0.000094
-0.1197 -0.000091
-0.0551 -0.027828
0.0279 -0.098837
0.1200 -0.154799
0.1907 -0.172531
0.2284 -0.182047
0.2369 -0.184240
0.2262 -0.181583
0.2049 -0.176289
0.1789 -0.169795
0.1510 -0.162821
0.1220 -0.155579
0.0913 -0.147914
0.0569 -0.139316
0.0144 -0.128733
-0.0434 -0.110536
-0.1216 -0.078485
-0.2097 -0.050321
-0.2892 -0.030528
-0.3529 -0.017796
-0.4018 -0.009928
-0.4387 -0.005179
-0.4664 -0.002377
-0.4870 -0.000775
-0.5021 0.000095
-0.5129 0.000526
-0.5205 0.000697
-0.5253 0.000722
-0.5280 0.000667
-0.5289 0.000574
-0.5281 0.000468
-0.5261 0.000362
-0.5227 0.000264
-0.5182 0.000177
-0.5126 0.000103
-0.5059 0.000041
-0.4981 -0.000010
-0.4892 -0.000051
-0.4790 -0.000082
-0.4676 -0.000106
-0.4549 -0.000123
-0.4408 -0.000135
-0.4252 -0.000143
-0.4081 -0.000147
-0.3892 -0.000147
-0.3686 -0.000146
-0.3460 -0.000143
-0.3213 -0.000139
-0.2942 -0.000133
-0.2643 -0.000128
-0.2310 -0.000122
-0.1935 -0.000116
-0.1507 -0.000110
-0.1009 -0.000105
-0.0382 -0.000101
0.0448 -0.034071
0.1317 -0.078918
0.1952 -0.086881
0.2300 -0.091257
0.2409 -0.092644
0.2356 -0.091996
0.2207 -0.090133
0.2006 -0.087622
0.1781 -0.084801
0.1543 -0.081835
0.1298 -0.078767
0.1040 -0.075545
0.0758 -0.072022
0.0432 -0.063391
0.0028 -0.049981
-0.0519 -0.037216
-0.1267 -0.025914
-0.2122 -0.016699
-0.2905 -0.010157
-0.3540 -0.005912
-0.4032 -0.003277
-0.4404 -0.001685
-0.4683 -0.000750
-0.4889 -0.000221
-0.5038 0.000061
-0.5143 0.000195
-0.5212 0.000242
-0.5253 0.000241
-0.5270 0.000215
-0.5268 0.000178
-0.5248 0.000138
-0.5212 0.000099
-0.5162 0.000063
-0.5099 0.000032
-0.5023 0.000006
-0.4934 -0.000015
-0.4831 -0.000032
-0.4715 -0.000045
-0.4584 -0.000055
-0.4439 -0.000061
-0.4278 -0.000066
-0.4101 -0.000069
-0.3907 -0.000070
-0.3695 -0.000070
-0.3463 -0.000068
-0.3211 -0.000067
-0.2935 -0.000064
-0.2634 -0.000061
-0.2320 -0.016790
-0.2009 -0.018730
-0.1721 -0.041006
-0.1482 -0.043988
-0.1306 -0.046191
-0.1257 -0.070208
-0.1365 -0.090932
-0.1603 -0.084999
-0.1938 -0.076652
-0.2326 -0.066953
-0.2723 -0.057034
-0.3095 -0.047709
-0.3427 -0.039397
-0.3713 -0.032233
-0.3954 -0.026194
-0.4155 -0.021183
-0.4318 -0.016514
-0.4449 -0.012838
-0.4554 -0.009506
-0.4635 -0.006768
-0.4697 -0.004697
-0.4742 -0.003330
-0.4775 -0.002425
-0.4797 -0.001826
-0.4810 -0.001428
-0.4815 -0.001163
-0.4812 -0.000985
-0.4803 -0.000863
-0.4787 -0.000777
-0.4766 -0.000715
-0.4738 -0.000667
-0.4704 -0.000629
-0.4664 -0.000596
-0.4618 -0.000566
-0.4565 -0.000539
-0.4504 -0.000513
-0.4436 -0.000488
-0.4358 -0.000463
-0.4272 -0.000439
-0.4175 -0.000415
-0.4066 -0.000393
-0.3945 -0.000370
-0.3811 -0.000349
-0.3661 -0.000328
-0.3496 -0.000308
-0.3312 -0.000288
-0.3107 -0.000270
-0.2880 -0.000253
-0.2624 -0.000236
-0.2334 -0.000221
-0.1996 -0.000208
-0.1586 -0.000198
-0.1053 -0.000191
-0.0282 -0.000190
0.0861 -0.000198
0.2047 -0.000199
0.2834 -0.000184
0.3197 -0.000161
0.3253 -0.000136
0.3072 -0.050547
0.2774 -0.048672
0.2461 -0.046701
0.2118 -0.089042
0.1763 -0.084594
0.1437 -0.080522
0.1124 -0.076603
0.0801 -0.072567
0.0437 -0.068016
-0.0024 -0.062273
-0.0666 -0.054273
-0.1523 -0.043586
-0.2428 -0.032263
-0.3202 -0.021174
-0.3803 -0.013019
-0.4253 -0.006865
-0.4586 -0.003183
-0.4830 -0.001098
-0.5007 0.000028
-0.5132 0.000585
-0.5219 0.000810
-0.5274 0.000850
-0.5305 0.000790
-0.5316 0.000684
-0.5310 0.000561
-0.5290 0.000438
-0.5257 0.000324
-0.5212 0.000223
-0.5156 0.000137
-0.5089 0.000066
-0.5012 0.000008
-0.4924 -0.000038
-0.4825 -0.000074
-0.4714 -0.000102
-0.4592 -0.000121
-0.4456 -0.000135
-0.4307 -0.000144
-0.4143 -0.000149
-0.3964 -0.000150
-0.3768 -0.000149
-0.3554 -0.000146
-0.3322 -0.000142
-0.3068 -0.000136
-0.2790 -0.000130
-0.2485 -0.000124
-0.2182 -0.017711
-0.1911 -0.038680
-0.1660 -0.041813
-0.1464 -0.044267
-0.1354 -0.045636
-0.1346 -0.045739
-0.1442 -0.044548
-0.1657 -0.062754
-0.1972 -0.056859
-0.2343 -0.066534
-0.2734 -0.056740
-0.3097 -0.047667
-0.3417 -0.039646
-0.3692 -0.032758
-0.3924 -0.026957
-0.4116 -0.022139
-0.4274 -0.018159
-0.4402 -0.014303
-0.4503 -0.010950
-0.4582 -0.008550
-0.4643 -0.006833
-0.4689 -0.005611
-0.4723 -0.004593
-0.4745 -0.003790
-0.4758 -0.003229
-0.4762 -0.002649
-0.4758 -0.002244
-0.4748 -0.001955
-0.4731 -0.001741
-0.4708 -0.001578
-0.4679 -0.001448
-0.4644 -0.001341
-0.4603 -0.001249
-0.4556 -0.001168
-0.4501 -0.001094
-0.4440 -0.001027
-0.4371 -0.000963
-0.4293 -0.000904
-0.4206 -0.000848
-0.4109 -0.000794
-0.4001 -0.000744
-0.3881 -0.000696
-0.3747 -0.000650
-0.3599 -0.000607
-0.3435 -0.000567
-0.3253 -0.000528
-0.3051 -0.000492
-0.2826 -0.000459
-0.2573 -0.000428
-0.2284 -0.000400
-0.1946 -0.000375
-0.1534 -0.000356
-0.0995 -0.000343
-0.0215 -0.000342
0.0921 -0.000354
0.2066 -0.000353
0.2811 -0.000326
0.3151 -0.000284
0.3200 -0.000239
0.3069 -0.000196
0.2845 -0.000159
0.2581 -0.000129
0.2307 -0.000103
0.2038 -0.000083
0.1779 -0.000067
0.1528 -0.000054
0.1280 -0.000043
0.1026 -0.000035
0.0753 -0.000028
0.0436 -0.000022
0.0033 -0.000017
-0.0530 -0.000013
-0.1307 -0.000009
-0.2189 -0.000006
-0.2986 -0.000003
-0.3626 -0.000002
-0.4117 -0.000001
-0.4485 -0.000000
-0.4757 -0.000000
-0.4956 -0.000000
-0.5097 0.000000
-0.5194 0.000000
-0.5255 0.000000
-0.5289 0.000000
-0.5300 0.000000
-0.5291 0.000000
-0.5266 0.000000
-0.5227 0.000000
-0.5174 0.000000
-0.5109 0.000000
-0.5031 0.000000
-0.4942 -0.000000
-0.4840 -0.000000
-0.4726 -0.000000
-0.4599 -0.000000
-0.4459 -0.000000
-0.4304 -0.000000
-0.4134 -0.000000
-0.3949 -0.000000
-0.3746 -0.000000
-0.3526 -0.000000
-0.3287 -0.000000
-0.3026 -0.000000
-0.2743 -0.000000
-0.2461 -0.015854
-0.2211 -0.034837
-0.1993 -0.037564
-0.1866 -0.058751
-0.1883 -0.077955
-0.2023 -0.074469
-0.2259 -0.068594
-0.2554 -0.061230
-0.2869 -0.053341
-0.3176 -0.045665
-0.3457 -0.038636
-0.3705 -0.032443
-0.3917 -0.027126
-0.4096 -0.022642
-0.4245 -0.018910
-0.4367 -0.015841
-0.4467 -0.013346
-0.4547 -0.010978
-0.4609 -0.008796
-0.4656 -0.007176
-0.4690 -0.005735
-0.4713 -0.004457
-0.4726 -0.003544
-0.4732 -0.002897
-0.4731 -0.002429
-0.4724 -0.002081
-0.4711 -0.001817
-0.4694 -0.001611
-0.4671 -0.001444
-0.4644 -0.001307
-0.4611 -0.001190
-0.4574 -0.001090
-0.4531 -0.001001
-0.4483 -0.000922
-0.4428 -0.000851
-0.4367 -0.000786
-0.4299 -0.000728
-0.4223 -0.000673
-0.4139 -0.000624
-0.4045 -0.000578
-0.3940 -0.000535
-0.3823 -0.000496
-0.3694 -0.000460
-0.3551 -0.000426
-0.3392 -0.000395
-0.3215 -0.000366
-0.3018 -0.000340
-0.2798 -0.000315
-0.2551 -0.000293
-0.2267 -0.000273
-0.1935 -0.000255
-0.1528 -0.000242
-0.0991 -0.000233
-0.0205 -0.000233
0.0951 -0.000241
0.2110 -0.000241
0.2861 -0.000222
0.3200 -0.000194
0.3243 -0.000163
0.3106 -0.000134
0.2874 -0.000108
0.2604 -0.000087
0.2325 -0.000070
0.2053 -0.000057
0.1792 -0.000046
0.1539 -0.000037
0.1291 -0.000029
0.1037 -0.000024
0.0766 -0.000019
0.0452 -0.000015
0.0056 -0.000012
-0.0494 -0.000009
-0.1258 -0.000006
-0.2137 -0.000004
-0.2940 -0.000002
-0.3587 -0.000001
-0.4082 -0.000001
-0.4455 -0.000000
-0.4730 -0.000000
-0.4930 -0.000000
-0.5072 0.000000
-0.5170 0.000000
-0.5232 0.000000
-0.5266 0.000000
-0.5277 0.000000
-0.5268 0.000000
-0.5243 0.000000
-0.5203 0.000000
-0.5150 0.000000
-0.5085 0.000000
-0.5007 0.000000
-0.4918 -0.000000
-0.4817 -0.000000
-0.4703 -0.000000
-0.4576 -0.000000
-0.4436 -0.000000
-0.4282 -0.000000
-0.4113 -0.000000
-0.3928 -0.000000
-0.3727 -0.000000
-0.3508 -0.000000
-0.3270 -0.000000
-0.3011 -0.000000
-0.2729 -0.000000
-0.2452 -0.015911
-0.2205 -0.034909
-0.1991 -0.037589
-0.1877 -0.058537
-0.1906 -0.077363
-0.2053 -0.073726
-0.2291 -0.067794
-0.2584 -0.060478
