0.9928
0.9617
0.8892
0.8703
0.8608
0.8654
0.8758
0.8825
0.8879
0.8863
0.8821
0.8781
0.8734
0.8737
0.8704
0.8686
0.8672
0.8676
0.8674
0.8668
0.8653
0.8666
0.8677
0.8673
0.8662
0.8662
0.8683
0.8663
0.8671
0.8668
0.8668
0.8664
0.8664
0.8673
0.8674
0.8657
0.8681
0.8665
0.8664
0.8662
0.8665
0.8661
0.8678
0.8672
0.8673
0.8668
0.8663
0.8677
0.8670
0.8664
0.8670
0.8662
0.8663
0.8664
0.8661
0.8668
0.8669
0.8663
0.8668
0.8648
0.8655
0.8670
0.8661
0.8668
0.8660
0.8673
0.8655
0.8664
0.8652
0.8677
0.8680
0.8661
0.8656
0.8662
0.8668
0.8665
0.8677
0.8666
0.8668
0.8668
0.8666
0.8664
0.8654
0.8662
0.8669
0.8681
0.8673
0.8660
0.8658
0.8670
0.8661
0.8672
0.8660
0.8668
0.8665
0.8665
0.8674
0.8675
0.8658
0.8675
0.8667
0.8665
0.8666
0.8665
0.8659
0.8667
0.8670
0.8664
0.8669
0.8665
0.8669
0.8664
0.8665
0.8676
0.8660
0.8661
0.8669
0.8671
0.8662
0.8669
0.8657
0.8678
0.8673
0.8671
0.8663
0.8662
0.8671
0.8674
0.8665
0.8665
0.8669
0.8667
0.8668
0.8664
0.8663
0.8670
0.8669
0.8664
0.8669
0.8664
0.8665
0.8669
0.8663
0.8660
0.8671
0.8666
0.8669
0.8661
0.8662
0.8662
