0.1287
0.1286
0.1284
0.1283
0.1281
0.1280
0.1278
0.1277
0.1275
0.1274
0.1273
-0.1945
-0.1660
-0.1299
-0.0861
-0.0315
0.0360
0.1053
0.1575
0.1879
0.1838
0.1720
0.1652
0.1618
0.1597
0.1581
0.1564
0.1544
0.1522
0.1496
0.1468
0.1438
0.1407
0.1374
0.1341
0.1307
0.1274
0.1240
0.1207
0.1174
0.1141
0.1109
0.1077
0.1046
0.1015
0.0984
0.0953
0.0922
0.0891
0.0859
0.0826
0.0791
0.0756
0.0718
0.0678
0.0634
0.0588
0.0537
0.0481
0.0419
0.0348
0.0240
0.0132
0.0022
-0.0079
-0.0149
-0.0171
-0.0136
-0.0045
0.0092
0.0261
0.0440
0.0594
0.0681
0.0742
0.0781
0.0806
0.0825
0.0838
0.0844
0.0844
0.0838
0.0827
0.0811
0.0799
0.0789
0.0778
0.0764
0.0746
0.0724
0.0697
0.0665
0.0629
0.0588
0.0544
0.0495
0.0443
0.0386
0.0326
0.0259
0.0185
0.0101
0.0005
-0.0109
-0.0250
-0.0432
-0.0669
-0.0968
-0.1320
-0.1696
-0.2059
-0.2380
