0.0089 -0.008103
-0.0198 0.015965
-0.0554 0.042024
-0.0989 0.070693
-0.1471 0.099773
-0.1934 0.125305
-0.2327 0.144846
-0.2633 0.158365
-0.2860 0.167013
-0.3022 0.172094
-0.3133 0.174685
-0.3206 0.175574
-0.3250 0.175312
-0.3272 0.174274
-0.3293 0.152153
-0.3344 0.127735
-0.3413 0.107802
-0.3492 0.091188
-0.3574 0.077168
-0.3655 0.065256
-0.3733 0.055104
-0.3806 0.046448
-0.3872 0.039074
-0.3932 0.032805
-0.3984 0.027486
-0.4030 0.022986
-0.4068 0.019189
-0.4101 0.015992
-0.4127 0.013308
-0.4149 0.011060
-0.4165 0.009180
-0.4177 0.007612
-0.4185 0.006306
-0.4190 0.005220
-0.4192 0.004319
-0.4193 0.003571
-0.4191 0.002951
-0.4187 0.002438
-0.4182 0.002013
-0.4174 0.001661
-0.4164 0.001370
-0.4151 0.001130
-0.4136 0.000931
-0.4120 0.000766
-0.4101 0.000631
-0.4082 0.000519
-0.4062 0.000427
-0.4041 0.000351
-0.4019 0.000289
-0.3997 0.000238
-0.3975 0.000195
-0.3953 0.000161
-0.3931 0.000132
-0.3910 0.000109
-0.3888 0.000089
-0.3865 0.000073
-0.3842 0.000060
-0.3802 0.190374
-0.3434 0.171884
-0.3124 0.156360
-0.2859 0.143117
-0.2630 0.131621
-0.2427 0.121449
-0.2243 0.112259
-0.2074 0.103766
-0.1913 0.095719
-0.1756 0.087887
-0.1599 0.080032
-0.1436 0.071880
-0.1260 0.063070
-0.1059 0.053068
-0.0776 0.077961
-0.0374 0.037868
0.0127 -0.012146
0.0701 -0.069560
0.1221 -0.121619
0.1576 -0.157349
0.1770 -0.163853
0.1856 -0.158171
0.1866 -0.147668
0.1824 -0.135216
0.1749 -0.122352
0.1651 -0.109819
0.1538 -0.097920
0.1414 -0.086710
0.1282 -0.076115
0.1061 -0.114547
0.0838 -0.089346
0.0624 -0.065941
0.0406 -0.042618
0.0170 -0.016979
-0.0099 0.008622
-0.0426 0.035059
-0.0829 0.063700
-0.1293 0.093409
-0.1761 0.120561
-0.2175 0.142030
-0.2508 0.157153
-0.2760 0.166903
-0.2943 0.172655
-0.3071 0.175611
-0.3158 0.176671
-0.3214 0.176467
-0.3245 0.175429
-0.3266 0.158609
-0.3315 0.133113
-0.3385 0.112368
-0.3465 0.095106
-0.3549 0.080543
-0.3633 0.068166
-0.3714 0.057610
-0.3789 0.048601
-0.3858 0.040918
-0.3921 0.034379
-0.3976 0.028826
-0.4024 0.024123
-0.4065 0.020150
-0.4100 0.016803
-0.4129 0.013990
-0.4152 0.011633
-0.4170 0.009660
-0.4184 0.008013
-0.4193 0.006641
-0.4199 0.005499
-0.4202 0.004550
-0.4202 0.003762
-0.4200 0.003108
-0.4194 0.002566
-0.4185 0.002117
-0.4173 0.001746
-0.4158 0.001438
-0.4140 0.001184
-0.4120 0.000974
-0.4099 0.000801
-0.4077 0.000659
-0.4054 0.000542
-0.4031 0.000445
-0.4007 0.000366
-0.3982 0.000301
-0.3958 0.000247
-0.3933 0.000203
-0.3909 0.000167
-0.3885 0.000137
-0.3861 0.000113
-0.3837 0.000093
-0.3814 0.000076
-0.3791 0.000063
-0.3530 0.176709
-0.3204 0.160385
-0.2928 0.146540
-0.2689 0.134583
-0.2479 0.124055
-0.2290 0.114589
-0.2116 0.105885
-0.1952 0.097692
-0.1794 0.089778
-0.1637 0.081916
-0.1471 0.147395
-0.1153 0.115640
-0.0806 0.080990
-0.0392 0.039677
0.0126 -0.012016
0.0722 -0.071627
0.1260 -0.125507
0.1624 -0.162118
0.1810 -0.180880
0.1869 -0.176919
0.1862 -0.161949
0.1814 -0.146174
0.1737 -0.130831
0.1642 -0.116439
0.1532 -0.103141
0.1413 -0.090880
0.1254 -0.140463
0.1023 -0.112555
0.0815 -0.088333
0.0615 -0.063351
0.0416 -0.039088
0.0200 -0.017423
-0.0052 0.003891
-0.0363 0.026824
-0.0754 0.052742
-0.1218 0.081040
-0.1701 0.108390
-0.2137 0.131173
-0.2491 0.148027
-0.2759 0.159492
-0.2953 0.166760
-0.3089 0.170983
-0.3180 0.173067
-0.3236 0.173672
-0.3267 0.173262
-0.3303 0.146375
-0.3365 0.123295
-0.3441 0.104258
-0.3524 0.088279
-0.3609 0.074734
-0.3691 0.063196
-0.3768 0.053349
-0.3840 0.044949
-0.3905 0.037793
-0.3962 0.031710
-0.4013 0.026551
-0.4056 0.022189
-0.4092 0.018510
-0.4121 0.015415
-0.4145 0.012819
-0.4163 0.010645
-0.4176 0.008829
-0.4185 0.007315
-0.4189 0.006055
-0.4191 0.005008
-0.4190 0.004140
-0.4186 0.003420
-0.4181 0.002824
-0.4175 0.002331
-0.4166 0.001924
-0.4155 0.001586
-0.4141 0.001307
-0.4125 0.001077
-0.4107 0.000886
-0.4087 0.000729
-0.4066 0.000600
-0.4043 0.000493
-0.4020 0.000405
-0.3997 0.000333
-0.3974 0.000274
-0.3950 0.000225
-0.3927 0.000185
-0.3904 0.000152
-0.3882 0.000125
-0.3861 0.000103
-0.3840 0.000085
-0.3819 0.000070
-0.3799 0.000057
-0.3779 0.000047
-0.3758 0.000039
-0.3491 0.174747
-0.3170 0.158673
-0.2897 0.144999
-0.2661 0.133157
-0.2452 0.122697
-0.2263 0.113256
-0.2089 0.104530
-0.1923 0.096257
-0.1762 0.088197
-0.1600 0.080103
-0.1432 0.071686
-0.1201 0.120399
-0.0859 0.086289
-0.0456 0.046044
0.0048 -0.004289
0.0642 -0.063634
0.1199 -0.119372
0.1589 -0.158636
0.1797 -0.179599
0.1871 -0.177253
0.1873 -0.163016
0.1830 -0.147565
0.1756 -0.132332
0.1662 -0.117949
0.1553 -0.104617
0.1434 -0.092311
0.1248 -0.139850
0.1025 -0.112724
0.0822 -0.089066
0.0625 -0.066917
0.0425 -0.042292
0.0212 -0.019371
-0.0035 0.002662
-0.0337 0.025905
-0.0715 0.051843
-0.1167 0.080117
-0.1644 0.107650
-0.2081 0.130785
-0.2441 0.147980
-0.2715 0.159683
-0.2916 0.167082
-0.3058 0.171358
-0.3154 0.173444
-0.3215 0.174018
-0.3253 0.162710
-0.3311 0.136906
-0.3386 0.115779
-0.3471 0.098111
-0.3558 0.083154
-0.3643 0.070409
-0.3725 0.059519
-0.3801 0.050212
-0.3869 0.042268
-0.3931 0.035502
-0.3984 0.029754
-0.4031 0.024887
-0.4070 0.020776
-0.4102 0.017313
-0.4127 0.014405
-0.4147 0.011968
-0.4162 0.009931
-0.4172 0.008231
-0.4178 0.006815
-0.4181 0.005638
-0.4180 0.004661
-0.4177 0.003851
-0.4171 0.003179
-0.4163 0.002624
-0.4154 0.002165
-0.4144 0.001785
-0.4132 0.001472
-0.4120 0.001213
-0.3787 0.190465
-0.3465 0.174110
-0.3200 0.160645
-0.2978 0.149393
-0.2787 0.139770
-0.2619 0.131298
-0.2467 0.123638
-0.2327 0.116575
-0.2196 0.109969
-0.2071 0.103717
-0.1952 0.097732
-0.1836 0.091930
-0.1722 0.086224
-0.1609 0.080515
-0.1492 0.074689
-0.1373 0.063587
-0.1264 0.048883
-0.1162 0.037539
-0.1061 0.028638
-0.0953 0.069262
-0.0729 0.050330
-0.0455 0.030088
-0.0100 0.006555
0.0355 -0.021364
0.0868 -0.051024
0.1324 -0.076078
0.1539 -0.163618
0.1607 -0.169222
0.1595 -0.166598
0.1531 -0.158902
0.1437 -0.148249
0.1324 -0.135930
0.1199 -0.122657
0.1067 -0.108758
0.0928 -0.094307
0.0781 -0.079194
0.0623 -0.063156
0.0446 -0.067593
0.0219 -0.033322
-0.0019 0.002508
-0.0278 0.039371
-0.0569 0.076642
-0.0889 0.114607
-0.1221 0.151242
-0.1531 0.183410
-0.1805 0.196937
-0.2049 0.202629
-0.2258 0.204248
-0.2433 0.203070
-0.2577 0.200167
-0.2694 0.196322
-0.2787 0.192060
-0.2859 0.187706
-0.2915 0.183448
-0.2955 0.179107
-0.3008 0.150739
-0.3088 0.127917
-0.3182 0.108977
-0.3282 0.092948
-0.3384 0.079228
-0.3483 0.067423
-0.3577 0.057250
-0.3664 0.048491
-0.3743 0.040966
-0.3815 0.034521
-0.3879 0.029019
-0.3934 0.024338
-0.3982 0.020369
-0.4023 0.017014
-0.4057 0.014186
-0.4085 0.011809
-0.4106 0.009816
-0.4123 0.008149
-0.4135 0.006758
-0.4143 0.005598
-0.4004 0.204849
-0.3663 0.186681
-0.3386 0.172024
-0.3159 0.160030
-0.2968 0.150040
-0.2805 0.141516
-0.2661 0.134049
-0.2531 0.127364
-0.2413 0.121285
-0.2304 0.115695
-0.2202 0.110512
-0.2107 0.105672
-0.2017 0.101122
-0.1932 0.096813
-0.1850 0.092704
-0.1772 0.088755
-0.1696 0.084931
-0.1622 0.081198
-0.1549 0.077523
-0.1477 0.069675
-0.1425 0.056132
-0.1396 0.045913
-0.1390 0.038154
-0.1407 0.032248
-0.1449 0.027744
-0.1520 0.024292
-0.1619 0.021605
-0.1745 0.019451
-0.1727 0.102431
-0.1704 0.098444
-0.1687 0.095324
-0.1676 0.092921
-0.1671 0.091121
-0.1670 0.089843
-0.1675 0.089017
-0.1683 0.088585
-0.1627 0.166422
-0.1480 0.150879
-0.1339 0.136096
-0.1199 0.121541
-0.1054 0.106662
-0.0899 0.090819
-0.0725 0.073247
-0.0525 0.053004
-0.0286 0.029017
-0.0002 0.000487
0.0322 -0.031934
0.0649 -0.064817
0.0936 -0.086067
0.1153 -0.097788
0.1292 -0.101844
0.1360 -0.100434
0.1370 -0.095583
0.1338 -0.088772
0.1185 -0.127133
0.1037 -0.101027
0.0901 -0.080413
0.0766 -0.063185
0.0624 -0.047988
0.0467 -0.033796
0.0286 -0.019662
0.0067 -0.004532
-0.0209 0.012880
-0.0567 0.033954
-0.1016 0.059171
-0.1520 0.086421
-0.2004 0.111633
-0.2411 0.131976
-0.2724 0.146941
-0.2953 0.157272
-0.3112 0.164008
-0.3217 0.168081
-0.3283 0.170228
-0.3326 0.155468
-0.3391 0.131024
-0.3413 0.279915
-0.3215 0.245794
-0.3084 0.221661
-0.2997 0.204027
-0.2938 0.190801
-0.2897 0.180615
-0.2865 0.172541
-0.2840 0.165961
-0.2816 0.160463
-0.2793 0.155776
-0.2770 0.151709
-0.2746 0.148129
-0.2721 0.144935
-0.2696 0.142057
-0.2669 0.139440
-0.2652 0.123668
-0.2669 0.103889
-0.2713 0.088158
-0.2776 0.075309
-0.2852 0.064591
-0.2936 0.055511
-0.3025 0.047735
-0.3114 0.041028
-0.3202 0.035222
-0.3288 0.030189
-0.3369 0.025826
-0.3445 0.022048
-0.3515 0.018784
-0.3580 0.015970
-0.3639 0.013551
-0.3692 0.011478
-0.3738 0.009704
-0.3780 0.008191
-0.3816 0.006903
-0.3846 0.005810
-0.3872 0.004883
-0.3893 0.004099
-0.3909 0.003436
-0.3920 0.002877
-0.3927 0.002406
-0.3931 0.002011
-0.3932 0.001679
-0.3931 0.001401
-0.3929 0.001169
-0.3925 0.000975
-0.3920 0.000813
-0.3912 0.000678
-0.3901 0.000564
-0.3783 0.189809
-0.3430 0.171992
-0.3131 0.156974
-0.2876 0.144123
-0.2654 0.132951
-0.2457 0.123078
-0.2188 0.219309
-0.1830 0.183423
-0.1502 0.150559
-0.1176 0.117914
-0.0820 0.082359
-0.0394 0.039845
0.0142 -0.013629
0.0758 -0.075201
0.1305 -0.130097
0.1669 -0.166654
0.1849 -0.184852
0.1896 -0.189575
0.1856 -0.185665
0.1778 -0.163321
0.1689 -0.142900
0.1590 -0.125022
0.1483 -0.109266
0.1289 -0.154350
0.1083 -0.123302
0.0910 -0.093530
0.0752 -0.070441
0.0594 -0.051216
0.0425 -0.034047
0.0233 -0.017517
0.0001 -0.000253
-0.0291 0.019236
-0.0666 0.042302
-0.1125 0.068904
-0.1622 0.096245
-0.2084 0.120351
-0.2465 0.139080
-0.2756 0.152441
-0.2966 0.161389
-0.3113 0.167005
-0.3210 0.170199
-0.3270 0.171667
-0.3316 0.151710
-0.3385 0.128039
-0.3467 0.108442
-0.3556 0.091945
-0.3645 0.077923
-0.3731 0.065950
-0.3812 0.055711
-0.3886 0.046961
-0.3953 0.039496
-0.4012 0.033144
-0.4063 0.027754
-0.4106 0.023194
-0.4143 0.019347
-0.4172 0.016111
-0.4196 0.013396
-0.4214 0.011123
-0.4226 0.009224
-0.4234 0.007641
-0.4238 0.006323
-0.4238 0.005228
-0.4235 0.004320
-0.4229 0.003567
-0.4221 0.002944
-0.4211 0.002428
-0.4199 0.002002
-0.4186 0.001650
-0.4172 0.001359
-0.4156 0.001120
-0.4140 0.000922
-0.4124 0.000760
-0.4106 0.000625
-0.4088 0.000515
-0.4069 0.000424
-0.4048 0.000348
-0.4026 0.000287
-0.4003 0.000236
-0.3978 0.000194
-0.3953 0.000159
-0.3927 0.000131
-0.3901 0.000107
-0.3875 0.000088
-0.3849 0.000072
-0.3823 0.000059
-0.3799 0.000049
-0.3776 0.000040
-0.3753 0.000033
-0.3732 0.000027
-0.3711 0.000022
-0.3690 0.000018
-0.3551 0.177742
-0.3214 0.160858
-0.2927 0.146511
-0.2680 0.134101
-0.2461 0.123161
-0.2264 0.113315
-0.1885 0.188819
-0.1534 0.153712
-0.1187 0.119041
-0.0809 0.081271
-0.0353 0.035820
0.0222 -0.021533
0.0868 -0.086169
0.1417 -0.141206
0.1763 -0.176092
0.1925 -0.192364
0.1955 -0.195488
0.1903 -0.190389
0.1804 -0.180525
0.1682 -0.161731
0.1565 -0.138008
0.1452 -0.118424
0.1271 -0.160472
0.1066 -0.129777
0.0888 -0.099622
0.0729 -0.073977
0.0573 -0.053111
0.0408 -0.034858
0.0221 -0.017620
-0.0003 0.000058
-0.0285 0.019686
-0.0646 0.042611
-0.1089 0.068897
-0.1573 0.095990
-0.2030 0.120034
-0.2411 0.138798
-0.2704 0.152193
-0.2919 0.161144
-0.3071 0.166738
-0.3172 0.169902
-0.3236 0.169819
-0.3302 0.143233
-0.3385 0.121415
-0.3477 0.103111
-0.3571 0.087560
-0.3663 0.074263
-0.3750 0.062867
-0.3831 0.053102
-0.3905 0.044749
-0.3970 0.037622
-0.4028 0.031558
-0.4078 0.026415
-0.4120 0.022067
-0.4155 0.018400
-0.4183 0.015318
-0.4205 0.012732
-0.4222 0.010569
-0.4234 0.008762
-0.4241 0.007257
-0.4244 0.006005
-0.4244 0.004965
-0.4241 0.004102
-0.4236 0.003388
-0.4229 0.002796
-0.4220 0.002307
-0.4210 0.001903
-0.4199 0.001569
-0.4187 0.001294
-0.4175 0.001067
-0.4161 0.000879
-0.4145 0.000724
-0.4127 0.000596
-0.4107 0.000490
-0.4085 0.000403
-0.4061 0.000331
-0.4036 0.000272
-0.4010 0.000224
-0.3984 0.000184
-0.3959 0.000151
-0.3933 0.000124
-0.3908 0.000102
-0.3883 0.000084
-0.3859 0.000069
-0.3834 0.000057
-0.3810 0.000046
-0.3787 0.000038
-0.3764 0.000031
-0.3742 0.000026
-0.3720 0.000021
-0.3700 0.000017
-0.3660 0.183206
-0.3306 0.165474
-0.3006 0.150467
-0.2748 0.137538
-0.2521 0.126179
-0.2318 0.115990
-0.2131 0.106640
-0.1799 0.180254
-0.1452 0.145533
-0.1101 0.110450
-0.0709 0.071281
-0.0227 0.023235
0.0375 -0.036854
0.1014 -0.100820
0.1518 -0.151402
0.1816 -0.181409
0.1941 -0.194026
0.1948 -0.194804
0.1882 -0.188327
0.1776 -0.176053
0.1663 -0.150729
0.1553 -0.129843
0.1442 -0.112160
0.1245 -0.153358
0.1043 -0.124333
0.0863 -0.096813
0.0700 -0.071007
0.0539 -0.049953
0.0368 -0.031424
0.0172 -0.013755
-0.0065 0.004587
-0.0364 0.025153
-0.0745 0.049136
-0.1202 0.076037
-0.1684 0.102737
-0.2124 0.125574
-0.2482 0.142917
-0.2755 0.155050
-0.2953 0.163006
-0.3091 0.167855
-0.3183 0.170472
-0.3255 0.150942
-0.3343 0.128172
-0.3439 0.109034
-0.3538 0.092737
-0.3634 0.078769
-0.3726 0.066771
-0.3811 0.056468
-0.3888 0.047638
-0.3958 0.040090
-0.4019 0.033659
-0.4072 0.028197
-0.4117 0.023573
-0.4155 0.019671
-0.4186 0.016386
-0.4211 0.013629
-0.4230 0.011320
-0.4244 0.009391
-0.4254 0.007782
-0.4259 0.006442
-0.4261 0.005329
-0.4260 0.004405
-0.4257 0.003640
-0.4252 0.003005
-0.4244 0.002481
-0.4236 0.002047
-0.4226 0.001688
-0.4214 0.001392
-0.4202 0.001148
-0.4188 0.000946
-0.4173 0.000779
-0.4155 0.000641
-0.4135 0.000528
-0.4111 0.000434
-0.4085 0.000357
-0.4057 0.000293
-0.4027 0.000240
-0.3996 0.000197
-0.3964 0.000162
-0.3932 0.000133
-0.3900 0.000109
-0.3869 0.000089
-0.3838 0.000073
-0.3809 0.000060
-0.3781 0.000049
-0.3755 0.000040
-0.3730 0.000033
-0.3707 0.000027
-0.3685 0.000022
-0.3663 0.000018
-0.3457 0.173024
-0.3132 0.156770
-0.2855 0.142892
-0.2614 0.130817
-0.2400 0.120098
-0.2162 0.216575
-0.1785 0.178873
-0.1436 0.143900
-0.1080 0.108405
-0.0681 0.068538
-0.0188 0.019393
0.0425 -0.041809
0.1063 -0.105700
0.1554 -0.155026
0.1838 -0.183633
0.1952 -0.195180
0.1952 -0.195251
0.1882 -0.188341
0.1774 -0.177476
0.1650 -0.155617
0.1533 -0.132885
0.1420 -0.114033
0.1198 -0.150011
0.1005 -0.121566
0.0836 -0.092017
0.0681 -0.067896
0.0525 -0.047913
0.0357 -0.030110
0.0164 -0.012963
-0.0071 0.004979
-0.0368 0.025212
-0.0747 0.048895
-0.1202 0.075525
-0.1682 0.102025
-0.2121 0.124761
-0.2479 0.142085
-0.2751 0.154246
-0.2949 0.162248
-0.3086 0.167142
-0.3177 0.169796
-0.3245 0.152613
-0.3329 0.129443
-0.3423 0.110033
-0.3519 0.093543
-0.3614 0.079432
-0.3705 0.067325
-0.3789 0.056935
-0.3866 0.048033
-0.3935 0.040424
-0.3996 0.033941
-0.4049 0.028434
-0.4094 0.023771
-0.4132 0.019836
-0.4163 0.016525
-0.4188 0.013746
-0.4208 0.011419
-0.4223 0.009475
-0.4234 0.007855
-0.4241 0.006506
-0.4246 0.005384
-0.4247 0.004453
-0.4246 0.003681
-0.4243 0.003042
-0.4238 0.002512
-0.4232 0.002074
-0.4225 0.001712
-0.4217 0.001413
-0.4203 0.211543
-0.3816 0.191856
-0.3501 0.175859
-0.3241 0.162676
-0.3022 0.151591
-0.2832 0.141998
-0.2663 0.133445
-0.2508 0.125638
-0.2364 0.118400
-0.2229 0.111617
-0.2101 0.105201
-0.1979 0.099069
-0.1861 0.093140
-0.1745 0.087326
-0.1629 0.081528
-0.1511 0.075627
-0.1388 0.069476
-0.1261 0.056235
-0.1139 0.042435
-0.1015 0.031596
-0.0879 0.022856
-0.0671 0.048314
-0.0369 0.025393
0.0022 -0.001140
0.0510 -0.031624
0.1024 -0.061708
0.1447 -0.084861
0.1601 -0.171813
0.1634 -0.173419
0.1598 -0.168093
0.1520 -0.158657
0.1417 -0.146906
0.1299 -0.133893
0.1171 -0.120166
0.1036 -0.105945
0.0895 -0.091230
0.0746 -0.075858
0.0586 -0.059513
0.0373 -0.056718
0.0146 -0.022429
-0.0095 0.013920
-0.0358 0.052762
-0.0649 0.090531
-0.0964 0.127978
-0.1281 0.162922
-0.1573 0.192636
-0.1830 0.202273
-0.2061 0.206166
-0.2260 0.206516
-0.2427 0.204476
-0.2566 0.200996
-0.2680 0.196766
-0.2772 0.192247
-0.2844 0.187721
-0.2899 0.183348
-0.2955 0.159977
-0.3038 0.135972
-0.3137 0.116070
-0.3243 0.099209
-0.3350 0.084747
-0.3455 0.072268
-0.3555 0.061480
-0.3648 0.052165
-0.3733 0.044140
-0.3810 0.037249
-0.3879 0.031353
-0.3939 0.026327
-0.3992 0.022058
-0.4037 0.018444
-0.4075 0.015394
-0.4106 0.012828
-0.4132 0.010673
-0.4153 0.008869
-0.4169 0.007361
-0.4181 0.006104
-0.4189 0.005056
-0.3966 0.202442
-0.3639 0.185115
-0.3374 0.171130
-0.3156 0.159672
-0.2972 0.150073
-0.2813 0.141790
-0.2670 0.134438
-0.2541 0.127778
-0.2422 0.121664
-0.2311 0.116005
-0.2207 0.110737
-0.2110 0.105804
-0.2018 0.101157
-0.1931 0.096750
-0.1847 0.092542
-0.1767 0.088492
-0.1689 0.084563
-0.1612 0.080722
-0.1537 0.076933
-0.1462 0.073158
-0.1388 0.064513
-0.1332 0.051718
-0.1298 0.042055
-0.1283 0.034728
-0.1291 0.029177
-0.1324 0.024986
-0.1386 0.021828
-0.1477 0.019435
-0.1601 0.017582
-0.1753 0.016080
-0.1924 0.110930
-0.1919 0.108226
-0.1918 0.106151
-0.1920 0.104588
-0.1925 0.103446
-0.1933 0.102643
-0.1941 0.102108
-0.1951 0.101777
-0.1961 0.101598
-0.1971 0.101523
-0.1980 0.101518
-0.1989 0.101559
-0.1998 0.101634
-0.2005 0.101737
-0.1952 0.196542
-0.1777 0.178735
-0.1618 0.162649
-0.1470 0.147625
-0.1325 0.133074
-0.1180 0.118408
-0.1032 0.096710
-0.0888 0.076471
-0.0735 0.058756
-0.0562 0.042080
-0.0355 0.025109
-0.0096 0.006626
0.0223 -0.014036
0.0588 -0.035943
0.0946 -0.056078
0.1234 -0.071263
0.1423 -0.080343
0.1517 -0.084010
0.1527 -0.151164
0.1391 -0.125872
0.1266 -0.105678
0.1143 -0.088859
0.1019 -0.074325
0.0889 -0.061307
0.0748 -0.049191
0.0593 -0.037398
0.0415 -0.025297
0.0203 -0.012095
-0.0060 0.003296
-0.0401 0.022281
-0.0841 0.045976
-0.1361 0.073357
-0.1886 0.100455
-0.2341 0.123417
-0.2695 0.140898
-0.2955 0.153332
