-0.0785 0.099615
-0.1009 0.105891
-0.1277 0.110844
-0.1578 0.113245
-0.1891 0.112231
-0.2195 0.107771
-0.2477 0.100563
-0.2728 0.091608
-0.2948 0.081849
-0.3136 0.072008
-0.3296 0.062575
-0.3430 0.053842
-0.3540 0.045955
-0.3630 0.038964
-0.3702 0.032853
-0.3757 0.027571
-0.3799 0.023047
-0.3827 0.019200
-0.3845 0.015948
-0.3853 0.013214
-0.3852 0.010924
-0.3844 0.009014
-0.3830 0.007426
-0.3811 0.006108
-0.3787 0.005018
-0.3758 0.004118
-0.3727 0.003377
-0.3693 0.002766
-0.3656 0.002265
-0.3618 0.001853
-0.3578 0.001515
-0.3538 0.001239
-0.3496 0.001012
-0.3454 0.000827
-0.3412 0.000675
-0.3370 0.000551
-0.3328 0.000450
-0.3286 0.000368
-0.3245 0.000300
-0.3205 0.000245
-0.3165 0.000200
-0.3127 0.000163
-0.3090 0.000134
-0.3055 0.000109
-0.3022 0.000089
-0.2992 0.000073
-0.2967 0.000060
-0.2947 0.000049
-0.2752 0.635894
-0.1736 0.401112
-0.1010 0.233760
-0.0381 0.088983
0.0210 -0.046950
0.0696 -0.159223
0.1002 -0.229968
0.1133 -0.260520
0.0825 -0.380676
0.0589 -0.271710
0.0422 -0.194698
0.0292 -0.131705
0.0194 -0.080017
0.0109 -0.041820
0.0031 -0.011267
-0.0044 0.014224
-0.0116 0.036400
-0.0188 0.056145
-0.0257 0.073328
-0.0335 0.078986
-0.0435 0.084960
-0.0566 0.091268
-0.0733 0.097837
-0.0945 0.104265
-0.1202 0.109680
-0.1496 0.112864
-0.1807 0.112796
-0.2116 0.109208
-0.2405 0.102642
-0.2664 0.094057
-0.2892 0.084436
-0.3089 0.074565
-0.3256 0.064993
-0.3396 0.056059
-0.3513 0.047943
-0.3608 0.040716
-0.3684 0.034378
-0.3744 0.028885
-0.3788 0.024169
-0.3820 0.020152
-0.3841 0.016751
-0.3851 0.013888
-0.3853 0.011488
-0.3847 0.009484
-0.3834 0.007816
-0.3816 0.006432
-0.3793 0.005286
-0.3766 0.004339
-0.3735 0.003558
-0.3702 0.002916
-0.3666 0.002387
-0.3628 0.001954
-0.3589 0.001598
-0.3548 0.001306
-0.3507 0.001067
-0.3465 0.000872
-0.3423 0.000712
-0.3381 0.000582
-0.3339 0.000475
-0.3297 0.000388
-0.3256 0.000317
-0.3215 0.000259
-0.3176 0.000211
-0.3137 0.000172
-0.3100 0.000141
-0.3064 0.000115
-0.3031 0.000094
-0.3000 0.000077
-0.2974 0.000063
-0.2952 0.000052
-0.2938 0.000043
-0.1925 0.444915
-0.1157 0.267718
-0.0516 0.120208
0.0085 -0.018119
0.0603 -0.137648
0.0951 -0.218104
0.1117 -0.256686
0.0892 -0.412052
0.0633 -0.292150
0.0455 -0.209867
0.0318 -0.146274
0.0214 -0.089940
0.0127 -0.049503
0.0048 -0.017542
-0.0027 0.008885
-0.0100 0.031679
-0.0172 0.051923
-0.0242 0.069967
-0.0316 0.077620
-0.0411 0.083550
-0.0534 0.089802
-0.0693 0.096348
-0.0895 0.102877
-0.1143 0.108620
-0.1430 0.112403
-0.1740 0.113102
-0.2050 0.110260
-0.2344 0.104268
-0.2611 0.096036
-0.2846 0.086565
-0.3049 0.076693
-0.3222 0.067021
-0.3368 0.057929
-0.3490 0.049626
-0.3589 0.042205
-0.3669 0.035677
-0.3732 0.030006
-0.3780 0.025128
-0.3815 0.020967
-0.3838 0.017439
-0.3850 0.014466
-0.3853 0.011972
-0.3849 0.009887
-0.3838 0.008151
-0.3821 0.006709
-0.3799 0.005515
-0.3772 0.004529
-0.3742 0.003715
-0.3709 0.003044
-0.3674 0.002493
-0.3636 0.002040
-0.3597 0.001669
-0.3557 0.001364
-0.3516 0.001115
-0.3474 0.000911
-0.3432 0.000744
-0.3390 0.000608
-0.3348 0.000496
-0.3306 0.000405
-0.3265 0.000331
-0.3224 0.000270
-0.3184 0.000221
-0.3145 0.000180
-0.3107 0.000147
-0.3071 0.000120
-0.3037 0.000098
-0.3006 0.000080
-0.2979 0.000066
-0.2956 0.000054
-0.2940 0.000044
-0.2140 0.494514
-0.1316 0.304430
-0.0659 0.153002
-0.0050 0.012758
0.0497 -0.113110
0.0888 -0.203574
0.1093 -0.251089
0.0973 -0.449267
0.0683 -0.315353
0.0491 -0.226675
0.0347 -0.160194
0.0236 -0.101028
0.0147 -0.057889
0.0066 -0.024302
-0.0010 0.003216
-0.0084 0.026722
-0.0156 0.047509
-0.0226 0.066053
-0.0297 0.076344
-0.0387 0.082203
-0.0503 0.088376
-0.0653 0.094866
-0.0845 0.101445
-0.1082 0.107457
-0.1361 0.111797
-0.1668 0.113270
-0.1980 0.111229
-0.2279 0.105887
-0.2553 0.098075
-0.2795 0.088804
-0.3005 0.078962
-0.3185 0.069203
-0.3337 0.059953
-0.3464 0.051457
-0.3568 0.043829
-0.3652 0.037098
-0.3719 0.031235
-0.3770 0.026182
-0.3808 0.021863
-0.3833 0.018197
-0.3848 0.015104
-0.3853 0.012506
-0.3850 0.010333
-0.3841 0.008522
-0.3825 0.007017
-0.3804 0.005770
-0.3778 0.004739
-0.3749 0.003888
-0.3717 0.003187
-0.3682 0.002610
-0.3645 0.002136
-0.3606 0.001748
-0.3566 0.001429
-0.3525 0.001168
-0.3484 0.000954
-0.3442 0.000779
-0.3399 0.000637
-0.3357 0.000520
-0.3315 0.000424
-0.3274 0.000347
-0.3233 0.000283
-0.3193 0.000231
-0.3154 0.000189
-0.3116 0.000154
-0.3079 0.000126
-0.3045 0.000103
-0.3013 0.000084
-0.2985 0.000069
-0.2961 0.000057
-0.2943 0.000047
-0.2345 0.541937
-0.1462 0.338022
-0.0785 0.181992
-0.0169 0.040246
0.0397 -0.090096
0.0825 -0.188980
0.1065 -0.244705
0.1053 -0.486123
0.0731 -0.337291
0.0525 -0.242183
0.0373 -0.172261
0.0255 -0.111421
0.0163 -0.065580
0.0082 -0.030459
0.0005 -0.001918
-0.0069 0.022251
-0.0142 0.043518
-0.0212 0.062491
-0.0282 0.075180
-0.0367 0.080980
-0.0477 0.087087
-0.0620 0.093522
-0.0803 0.100121
-0.1031 0.106325
-0.1302 0.111104
-0.1605 0.113232
-0.1918 0.111908
-0.2221 0.107177
-0.2500 0.099781
-0.2749 0.090726
-0.2965 0.080939
-0.3151 0.071123
-0.3309 0.061747
-0.3440 0.053088
-0.3549 0.045283
-0.3637 0.038373
-0.3707 0.032341
-0.3761 0.027131
-0.3801 0.022672
-0.3829 0.018882
-0.3845 0.015680
-0.3853 0.012989
-0.3851 0.010736
-0.3843 0.008858
-0.3828 0.007296
-0.3808 0.006001
-0.3784 0.004929
-0.3755 0.004045
-0.3723 0.003316
-0.3689 0.002717
-0.3652 0.002224
-0.3614 0.001819
-0.3574 0.001488
-0.3533 0.001216
-0.3492 0.000994
-0.3450 0.000812
-0.3408 0.000663
-0.3366 0.000541
-0.3324 0.000442
-0.3282 0.000361
-0.3241 0.000295
-0.3201 0.000241
-0.3161 0.000196
-0.3123 0.000160
-0.3086 0.000131
-0.3051 0.000107
-0.3019 0.000088
-0.2990 0.000072
-0.2965 0.000059
-0.2946 0.000048
-0.2570 0.593794
-0.1615 0.373351
-0.0913 0.211414
-0.0290 0.068062
0.0292 -0.065804
0.0754 -0.172620
0.1032 -0.236878
0.1136 -0.392594
0.0783 -0.361291
0.0561 -0.258743
0.0401 -0.184959
0.0276 -0.122776
0.0181 -0.073752
0.0098 -0.036929
0.0020 -0.007278
-0.0054 0.017610
-0.0127 0.039374
-0.0198 0.058775
-0.0267 0.073958
-0.0348 0.079701
-0.0452 0.085746
-0.0588 0.092120
-0.0762 0.098717
-0.0980 0.105074
-0.1244 0.110246
-0.1542 0.113005
-0.1854 0.112414
-0.2161 0.108337
-0.2446 0.101408
-0.2701 0.092614
-0.2924 0.082916
-0.3116 0.073065
-0.3279 0.063575
-0.3415 0.054759
-0.3528 0.046777
-0.3621 0.039688
-0.3694 0.033484
-0.3751 0.028114
-0.3794 0.023511
-0.3824 0.019593
-0.3843 0.016280
-0.3852 0.013492
-0.3852 0.011157
-0.3845 0.009208
-0.3832 0.007587
-0.3813 0.006242
-0.3789 0.005128
-0.3761 0.004209
-0.3730 0.003451
-0.3696 0.002828
-0.3660 0.002315
-0.3622 0.001894
-0.3582 0.001549
-0.3542 0.001266
-0.3500 0.001035
-0.3458 0.000845
-0.3416 0.000690
-0.3374 0.000564
-0.3332 0.000460
-0.3290 0.000376
-0.3249 0.000307
-0.3209 0.000251
-0.3169 0.000205
-0.3131 0.000167
-0.3094 0.000137
-0.3058 0.000112
-0.3025 0.000091
-0.2995 0.000075
-0.2969 0.000061
-0.2949 0.000050
-0.2824 0.652479
-0.1782 0.411867
-0.1047 0.242260
-0.0415 0.096892
0.0178 -0.039696
0.0673 -0.153901
0.0990 -0.227117
0.1130 -0.259676
0.0840 -0.387622
0.0599 -0.276524
0.0430 -0.198480
0.0299 -0.135442
0.0199 -0.082673
0.0114 -0.043954
0.0036 -0.013083
-0.0039 0.012611
-0.0111 0.034920
-0.0183 0.054778
-0.0252 0.072460
-0.0328 0.078360
-0.0428 0.084342
-0.0556 0.090650
-0.0721 0.097228
-0.0930 0.103703
-0.1185 0.109232
-0.1477 0.112608
-0.1788 0.112775
-0.2097 0.109411
-0.2388 0.103015
-0.2650 0.094537
-0.2880 0.084964
-0.3078 0.075099
-0.3247 0.065506
-0.3389 0.056533
-0.3506 0.048371
-0.3603 0.041095
-0.3680 0.034708
-0.3741 0.029170
-0.3786 0.024413
-0.3819 0.020359
-0.3840 0.016926
-0.3851 0.014035
-0.3853 0.011611
-0.3847 0.009586
-0.3835 0.007901
-0.3817 0.006502
-0.3794 0.005344
-0.3767 0.004387
-0.3737 0.003598
-0.3703 0.002948
-0.3667 0.002414
-0.3630 0.001975
-0.3591 0.001616
-0.3550 0.001321
-0.3509 0.001079
-0.3467 0.000882
-0.3425 0.000720
-0.3383 0.000588
-0.3341 0.000480
-0.3299 0.000392
-0.3258 0.000320
-0.3217 0.000261
-0.3177 0.000213
-0.3139 0.000174
-0.3101 0.000142
-0.3066 0.000116
-0.3032 0.000095
-0.3001 0.000078
-0.2975 0.000064
-0.2953 0.000052
-0.2939 0.000043
-0.1922 0.444085
-0.1155 0.267110
-0.0514 0.119684
0.0087 -0.018578
0.0604 -0.137974
0.0952 -0.218269
0.1117 -0.256728
0.0892 -0.411993
0.0633 -0.292040
0.0454 -0.209741
0.0318 -0.146081
0.0214 -0.089820
0.0127 -0.049408
0.0048 -0.017455
-0.0027 0.008971
-0.0101 0.031767
-0.0172 0.052012
-0.0242 0.070056
-0.0316 0.077697
-0.0411 0.083615
-0.0535 0.089859
-0.0694 0.096396
-0.0895 0.102915
-0.1143 0.108648
-0.1430 0.112418
-0.1740 0.113105
-0.2051 0.110253
-0.2345 0.104254
-0.2611 0.096018
-0.2846 0.086545
-0.3049 0.076674
-0.3222 0.067003
-0.3368 0.057912
-0.3489 0.049611
-0.3589 0.042191
-0.3669 0.035665
-0.3732 0.029996
-0.3780 0.025119
-0.3814 0.020959
-0.3837 0.017433
-0.3849 0.014461
-0.3853 0.011967
-0.3848 0.009883
-0.3837 0.008148
-0.3820 0.006707
-0.3798 0.005513
-0.3771 0.004527
-0.3741 0.003713
-0.3708 0.003043
-0.3673 0.002492
-0.3636 0.002039
-0.3597 0.001668
-0.3556 0.001364
-0.3515 0.001115
-0.3473 0.000911
-0.3431 0.000744
-0.3389 0.000607
-0.3347 0.000496
-0.3305 0.000405
-0.3264 0.000331
-0.3223 0.000270
-0.3183 0.000220
-0.3144 0.000180
-0.3107 0.000147
-0.3071 0.000120
-0.3037 0.000098
-0.3006 0.000080
-0.2978 0.000066
-0.2956 0.000054
-0.2940 0.000044
-0.2069 0.478046
-0.1264 0.292429
-0.0613 0.142397
-0.0006 0.002723
0.0532 -0.121245
0.0909 -0.208507
0.1101 -0.253077
0.0945 -0.436570
0.0666 -0.307574
0.0479 -0.221100
0.0337 -0.155825
0.0229 -0.097363
0.0141 -0.055196
0.0060 -0.022185
-0.0015 0.004948
-0.0089 0.028203
-0.0161 0.048803
-0.0231 0.067179
-0.0302 0.076686
-0.0394 0.082545
-0.0512 0.088725
-0.0664 0.095222
-0.0859 0.101782
-0.1099 0.107720
-0.1380 0.111906
-0.1688 0.113165
-0.2000 0.110900
-0.2298 0.105374
-0.2569 0.097444
-0.2809 0.088118
-0.3018 0.078271
-0.3195 0.068540
-0.3346 0.059339
-0.3471 0.050902
-0.3574 0.043337
-0.3657 0.036668
-0.3723 0.030863
-0.3773 0.025863
-0.3809 0.021592
-0.3834 0.017968
-0.3848 0.014910
-0.3853 0.012344
-0.3849 0.010198
-0.3839 0.008409
-0.3823 0.006924
-0.3802 0.005693
-0.3776 0.004675
-0.3747 0.003835
-0.3714 0.003143
-0.3679 0.002575
-0.3642 0.002107
-0.3603 0.001724
-0.3563 0.001409
-0.3522 0.001152
-0.3480 0.000941
-0.3438 0.000769
-0.3396 0.000628
-0.3354 0.000513
-0.3312 0.000419
-0.3271 0.000342
-0.3230 0.000279
-0.3190 0.000228
-0.3151 0.000186
-0.3113 0.000152
-0.3076 0.000124
-0.3042 0.000102
-0.3011 0.000083
-0.2983 0.000068
-0.2959 0.000056
-0.2942 0.000046
-0.2226 0.514383
-0.1378 0.318668
-0.0713 0.165405
-0.0101 0.024506
0.0455 -0.103407
0.0862 -0.197538
0.1082 -0.248535
0.1006 -0.464390
0.0703 -0.324507
0.0505 -0.233219
0.0358 -0.165331
0.0244 -0.105424
0.0154 -0.061192
0.0073 -0.026983
-0.0003 0.000944
-0.0077 0.024708
-0.0149 0.045680
-0.0220 0.064391
-0.0290 0.075774
-0.0377 0.081576
-0.0491 0.087696
-0.0637 0.094145
-0.0824 0.100724
-0.1057 0.106827
-0.1333 0.111380
-0.1637 0.113173
-0.1950 0.111482
-0.2251 0.106437
-0.2527 0.098828
-0.2772 0.089665
-0.2986 0.079854
-0.3168 0.070073
-0.3323 0.060768
-0.3452 0.052199
-0.3558 0.044491
-0.3645 0.037679
-0.3713 0.031739
-0.3765 0.026615
-0.3804 0.022232
-0.3830 0.018510
-0.3846 0.015367
-0.3852 0.012726
-0.3850 0.010517
-0.3841 0.008675
-0.3826 0.007144
-0.3805 0.005875
-0.3780 0.004826
-0.3751 0.003959
-0.3719 0.003246
-0.3685 0.002659
-0.3648 0.002176
-0.3609 0.001780
-0.3569 0.001456
-0.3528 0.001190
-0.3487 0.000972
-0.3445 0.000794
-0.3403 0.000649
-0.3361 0.000530
-0.3319 0.000432
-0.3277 0.000353
-0.3236 0.000288
-0.3196 0.000235
-0.3157 0.000192
-0.3119 0.000157
-0.3082 0.000128
-0.3047 0.000105
-0.3015 0.000086
-0.2987 0.000070
-0.2963 0.000058
-0.2945 0.000047
-0.2390 0.552126
-0.1493 0.345087
-0.0811 0.187987
-0.0194 0.045962
0.0375 -0.085136
0.0811 -0.185668
0.1059 -0.243118
0.1069 -0.493929
0.0741 -0.341857
0.0532 -0.245417
0.0379 -0.174809
0.0260 -0.113673
0.0167 -0.067295
0.0085 -0.031862
0.0008 -0.003101
-0.0066 0.021220
-0.0138 0.042601
-0.0209 0.061678
-0.0278 0.074879
-0.0363 0.080685
-0.0472 0.086789
-0.0613 0.093218
-0.0794 0.099821
-0.1021 0.106060
-0.1291 0.110921
-0.1592 0.113177
-0.1905 0.111998
-0.2209 0.107395
-0.2489 0.100089
-0.2739 0.091084
-0.2957 0.081314
-0.3144 0.071491
-0.3302 0.062093
-0.3435 0.053404
-0.3544 0.045565
-0.3633 0.038621
-0.3704 0.032556
-0.3759 0.027316
-0.3799 0.022830
-0.3827 0.019016
-0.3844 0.015793
-0.3852 0.013083
-0.3851 0.010815
-0.3843 0.008923
-0.3828 0.007350
-0.3809 0.006046
-0.3784 0.004967
-0.3756 0.004076
-0.3724 0.003341
-0.3690 0.002737
-0.3653 0.002241
-0.3615 0.001833
-0.3575 0.001499
-0.3534 0.001225
-0.3493 0.001001
-0.3451 0.000818
-0.3409 0.000668
-0.3367 0.000545
-0.3325 0.000445
-0.3283 0.000364
-0.3242 0.000297
-0.3201 0.000242
-0.3162 0.000198
-0.3124 0.000162
-0.3087 0.000132
-0.3052 0.000108
-0.3020 0.000088
-0.2990 0.000072
-0.2966 0.000059
-0.2947 0.000049
-0.2536 0.585953
-0.1593 0.368102
-0.0894 0.207126
-0.0272 0.064051
0.0307 -0.069319
0.0764 -0.174984
0.1036 -0.237969
0.1131 -0.390996
0.0775 -0.357884
0.0555 -0.256303
0.0396 -0.183026
0.0273 -0.120887
0.0178 -0.072477
0.0095 -0.035944
0.0018 -0.006454
-0.0057 0.018344
-0.0129 0.040055
-0.0200 0.059417
-0.0269 0.074292
-0.0351 0.080030
-0.0457 0.086076
-0.0593 0.092455
-0.0769 0.099050
-0.0989 0.105380
-0.1254 0.110486
-0.1552 0.113138
-0.1865 0.112420
-0.2171 0.108227
-0.2454 0.101212
-0.2709 0.092366
-0.2931 0.082644
-0.3121 0.072791
-0.3283 0.063313
-0.3419 0.054517
-0.3531 0.046559
-0.3623 0.039495
-0.3696 0.033315
-0.3753 0.027969
-0.3795 0.023386
-0.3824 0.019487
-0.3843 0.016190
-0.3851 0.013417
-0.3852 0.011094
-0.3844 0.009155
-0.3831 0.007543
-0.3811 0.006205
-0.3787 0.005098
-0.3760 0.004184
-0.3728 0.003431
-0.3694 0.002811
-0.3658 0.002301
-0.3620 0.001883
-0.3580 0.001540
-0.3540 0.001259
-0.3498 0.001028
-0.3456 0.000840
-0.3414 0.000686
-0.3372 0.000560
-0.3330 0.000458
-0.3288 0.000374
-0.3247 0.000305
-0.3207 0.000249
-0.3167 0.000203
-0.3129 0.000166
-0.3092 0.000136
-0.3056 0.000111
-0.3024 0.000091
-0.2994 0.000074
-0.2968 0.000061
-0.2949 0.000050
-0.2692 0.621929
-0.1696 0.391990
-0.0978 0.226500
-0.0351 0.082231
0.0236 -0.053050
0.0715 -0.163572
0.1012 -0.232190
0.1136 -0.261063
0.0811 -0.374500
0.0580 -0.267511
0.0415 -0.191496
0.0287 -0.128601
0.0190 -0.077933
0.0106 -0.040232
0.0028 -0.009981
-0.0047 0.015318
-0.0120 0.037369
-0.0191 0.057014
-0.0260 0.073556
-0.0339 0.079244
-0.0441 0.085241
-0.0573 0.091571
-0.0743 0.098150
-0.0957 0.104554
-0.1216 0.109887
-0.1511 0.112926
-0.1823 0.112678
-0.2131 0.108919
-0.2419 0.102225
-0.2677 0.093566
-0.2903 0.083915
-0.3098 0.074050
-0.3263 0.064505
-0.3402 0.055610
-0.3518 0.047540
-0.3612 0.040360
-0.3687 0.034068
-0.3746 0.028618
-0.3790 0.023941
-0.3821 0.019958
-0.3841 0.016587
-0.3851 0.013750
-0.3852 0.011372
-0.3846 0.009387
-0.3833 0.007736
-0.3814 0.006365
-0.3791 0.005231
-0.3763 0.004293
-0.3732 0.003521
-0.3699 0.002885
-0.3663 0.002362
-0.3625 0.001933
-0.3585 0.001581
-0.3545 0.001292
-0.3504 0.001056
-0.3462 0.000863
-0.3420 0.000704
-0.3377 0.000575
-0.3335 0.000470
-0.3294 0.000384
-0.3252 0.000313
-0.3212 0.000256
-0.3172 0.000209
-0.3133 0.000171
-0.3096 0.000139
-0.3061 0.000114
-0.3028 0.000093
-0.2997 0.000076
-0.2971 0.000062
-0.2951 0.000051
-0.2851 0.658827
-0.1800 0.415930
-0.1060 0.245411
-0.0428 0.099768
0.0167 -0.037095
0.0665 -0.152013
0.0985 -0.226116
0.1128 -0.259377
0.0848 -0.391624
0.0604 -0.278812
0.0433 -0.199909
0.0301 -0.136489
0.0201 -0.083340
0.0116 -0.044422
0.0037 -0.013410
-0.0038 0.012384
-0.0111 0.034757
-0.0182 0.054664
-0.0252 0.072391
-0.0328 0.078508
-0.0426 0.084446
-0.0554 0.090719
-0.0718 0.097270
-0.0926 0.103730
-0.1180 0.109265
-0.1471 0.112670
-0.1782 0.112884
-0.2092 0.109568
-0.2382 0.103209
-0.2645 0.094752
-0.2875 0.085185
-0.3074 0.075314
-0.3243 0.065707
-0.3386 0.056717
-0.3504 0.048536
-0.3600 0.041240
-0.3678 0.034835
-0.3739 0.029279
-0.3785 0.024506
-0.3818 0.020438
-0.3839 0.016993
-0.3850 0.014091
-0.3852 0.011657
-0.3847 0.009625
-0.3835 0.007933
-0.3817 0.006529
-0.3794 0.005366
-0.3767 0.004405
-0.3737 0.003613
-0.3703 0.002961
-0.3667 0.002424
-0.3630 0.001984
-0.3591 0.001622
-0.3550 0.001326
-0.3509 0.001084
-0.3467 0.000886
-0.3425 0.000723
-0.3383 0.000591
-0.3341 0.000482
-0.3299 0.000394
-0.3258 0.000321
-0.3217 0.000262
-0.3177 0.000214
-0.3138 0.000175
-0.3101 0.000143
-0.3065 0.000117
-0.3032 0.000096
-0.3001 0.000078
-0.2975 0.000064
-0.2953 0.000053
-0.2939 0.000043
-0.1904 0.439974
-0.1141 0.263952
-0.0502 0.116771
0.0099 -0.021342
0.0614 -0.140138
0.0957 -0.219525
0.1119 -0.257191
0.0887 -0.409687
0.0629 -0.290357
0.0451 -0.208325
0.0315 -0.144484
0.0212 -0.088681
0.0125 -0.048479
0.0046 -0.016656
-0.0030 0.009678
-0.0103 0.032403
-0.0175 0.052584
-0.0244 0.070565
-0.0318 0.077981
-0.0414 0.083863
-0.0538 0.090082
-0.0697 0.096600
-0.0900 0.103095
-0.1148 0.108787
-0.1436 0.112496
-0.1746 0.113109
-0.2056 0.110186
-0.2349 0.104133
-0.2615 0.095862
-0.2849 0.086374
-0.3052 0.076500
-0.3224 0.066836
-0.3370 0.057757
-0.3491 0.049471
-0.3590 0.042067
-0.3670 0.035557
-0.3732 0.029902
-0.3780 0.025039
-0.3814 0.020891
-0.3837 0.017375
