-0.5047 0.035048
-0.5111 0.029350
-0.5156 0.024482
-0.5183 0.020348
-0.5192 0.016855
-0.5184 0.013914
-0.5159 0.011448
-0.5116 0.009387
-0.5056 0.007671
-0.4979 0.006246
-0.4885 0.005067
-0.4773 0.004093
-0.4643 0.003293
-0.4497 0.002637
-0.4333 0.002101
-0.4152 0.001664
-0.3954 0.001311
-0.3740 0.001025
-0.3510 0.000795
-0.3263 0.000612
-0.2999 0.000465
-0.2715 0.000348
-0.2406 0.000255
-0.2061 0.000181
-0.1659 0.000120
-0.1152 0.000069
-0.0376 0.023129
0.0756 -0.067019
0.1742 -0.208212
0.2205 -0.264324
0.2264 -0.271731
0.2098 -0.251978
0.1840 -0.221100
0.1561 -0.187625
0.1288 -0.154855
0.1025 -0.123320
0.0766 -0.092250
0.0499 -0.060194
0.0207 -0.024592
-0.0133 0.013893
-0.0554 0.051393
-0.1088 0.083618
-0.1699 0.108218
-0.2303 0.121375
-0.2836 0.123677
-0.3284 0.118491
-0.3656 0.109112
-0.3966 0.097864
-0.4223 0.086187
-0.4439 0.074905
-0.4619 0.064452
-0.4769 0.055024
-0.4893 0.046677
-0.4993 0.039386
-0.5072 0.033080
-0.5131 0.027670
-0.5171 0.023058
-0.5193 0.019148
-0.5198 0.015847
-0.5186 0.013073
-0.5157 0.010748
-0.5111 0.008808
-0.5049 0.007193
-0.4969 0.005854
-0.4872 0.004745
-0.4757 0.003832
-0.4625 0.003080
-0.4476 0.002465
-0.4310 0.001963
-0.4127 0.001554
-0.3928 0.001223
-0.3712 0.000956
-0.3480 0.000741
-0.3231 0.000569
-0.2965 0.000432
-0.2678 0.000322
-0.2365 0.000235
-0.2015 0.000166
-0.1603 0.000109
-0.1076 0.000061
-0.0257 0.016055
0.0906 -0.080526
0.1847 -0.220824
0.2263 -0.271318
0.2286 -0.274445
0.2098 -0.252055
0.1829 -0.219769
0.1544 -0.185602
0.1268 -0.152482
0.1003 -0.120708
0.0742 -0.089375
0.0472 -0.056935
0.0174 -0.020818
-0.0173 0.018179
-0.0607 0.055193
-0.1152 0.086920
-0.1768 0.110458
-0.2365 0.122340
-0.2889 0.123640
-0.3329 0.117836
-0.3694 0.108138
-0.3997 0.096767
-0.4250 0.085083
-0.4461 0.073861
-0.4639 0.063500
-0.4786 0.054178
-0.4908 0.045939
-0.5007 0.038750
-0.5085 0.032539
-0.5144 0.027214
-0.5184 0.022677
-0.5206 0.018832
-0.5212 0.015588
-0.5201 0.012861
-0.5173 0.010577
-0.5129 0.008671
-0.5068 0.007084
-0.4990 0.005767
-0.4895 0.004678
-0.4783 0.003780
-0.4654 0.003041
-0.4508 0.002435
-0.4345 0.001941
-0.4165 0.001538
-0.3968 0.001212
-0.3755 0.000948
-0.3525 0.000736
-0.3280 0.000566
-0.3016 0.000431
-0.2733 0.000323
-0.2425 0.000237
-0.2082 0.000168
-0.1683 0.000112
-0.1182 0.000065
-0.0441 0.027043
0.0692 -0.061150
0.1731 -0.206794
0.2254 -0.270149
0.2340 -0.280864
0.2175 -0.261336
0.1908 -0.229291
0.1617 -0.194381
0.1334 -0.160399
0.1064 -0.128002
0.0801 -0.096417
0.0532 -0.064168
0.0241 -0.029013
-0.0095 0.010064
-0.0509 0.048042
-0.1033 0.080944
-0.1642 0.106590
-0.2250 0.120918
-0.2791 0.124113
-0.3247 0.119457
-0.3626 0.110331
-0.3941 0.099161
-0.4203 0.087460
-0.4423 0.076101
-0.4607 0.065545
-0.4761 0.056007
-0.4888 0.047549
-0.4992 0.040154
-0.5075 0.033752
-0.5139 0.028257
-0.5184 0.023569
-0.5211 0.019592
-0.5222 0.016233
-0.5216 0.013407
-0.5194 0.011038
-0.5156 0.009059
-0.5101 0.007411
-0.5030 0.006042
-0.4941 0.004908
-0.4836 0.003972
-0.4714 0.003201
-0.4575 0.002569
-0.4419 0.002052
-0.4246 0.001630
-0.4056 0.001287
-0.3850 0.001010
-0.3627 0.000787
-0.3388 0.000608
-0.3132 0.000465
-0.2857 0.000351
-0.2560 0.000260
-0.2233 0.000187
-0.1860 0.000129
-0.1410 0.000081
-0.0803 0.000038
0.0175 -0.009798
0.1353 -0.161080
0.2111 -0.252773
0.2369 -0.284171
0.2289 -0.274930
0.2049 -0.246188
0.1758 -0.211270
0.1466 -0.176262
0.1188 -0.142925
0.0922 -0.110952
0.0657 -0.079108
0.0377 -0.045597
0.0064 -0.007753
-0.0310 0.031699
-0.0782 0.066668
-0.1362 0.096175
-0.1981 0.115877
-0.2557 0.123772
-0.3051 0.122191
-0.3464 0.114718
-0.3805 0.104238
-0.4090 0.092644
-0.4328 0.081063
-0.4527 0.070116
-0.4694 0.060114
-0.4833 0.051178
-0.4947 0.043318
-0.5039 0.036487
-0.5112 0.030602
-0.5165 0.025569
-0.5201 0.021288
-0.5220 0.017666
-0.5223 0.014614
-0.5209 0.012051
-0.5179 0.009907
-0.5133 0.008118
-0.5070 0.006631
-0.4991 0.005397
-0.4895 0.004377
-0.4782 0.003535
-0.4652 0.002844
-0.4505 0.002277
-0.4342 0.001814
-0.4161 0.001438
-0.3963 0.001132
-0.3750 0.000886
-0.3519 0.000688
-0.3273 0.000529
-0.3008 0.000402
-0.2723 0.000301
-0.2413 0.000220
-0.2067 0.000156
-0.1664 0.000104
-0.1154 0.000060
-0.0402 0.024716
0.0750 -0.066373
0.1775 -0.212073
0.2294 -0.274903
0.2372 -0.284720
0.2199 -0.264181
0.1924 -0.231271
0.1628 -0.195731
0.1342 -0.161332
0.1070 -0.128679
0.0805 -0.096948
0.0536 -0.064636
0.0244 -0.029700
-0.0091 0.009645
-0.0503 0.047496
-0.1025 0.080374
-0.1633 0.106063
-0.2242 0.120490
-0.2783 0.123786
-0.3240 0.119207
-0.3619 0.110137
-0.3934 0.099006
-0.4196 0.087334
-0.4416 0.075997
-0.4600 0.065460
-0.4754 0.055936
-0.4881 0.047492
-0.4986 0.040107
-0.5069 0.033716
-0.5132 0.028228
-0.5178 0.023547
-0.5206 0.019576
-0.5218 0.016222
-0.5213 0.013400
-0.5192 0.011035
-0.5155 0.009059
-0.5101 0.007412
-0.5031 0.006045
-0.4945 0.004912
-0.4841 0.003977
-0.4721 0.003206
-0.4584 0.002574
-0.4429 0.002057
-0.4258 0.001635
-0.4070 0.001292
-0.3865 0.001015
-0.3644 0.000791
-0.3406 0.000611
-0.3151 0.000468
-0.2878 0.000353
-0.2582 0.000262
-0.2257 0.000189
-0.1888 0.000131
-0.1444 0.000083
-0.0850 0.000041
0.0097 -0.005154
0.1283 -0.152688
0.2082 -0.249173
0.2372 -0.284565
0.2311 -0.277482
0.2077 -0.249528
0.1786 -0.214707
0.1494 -0.179569
0.1215 -0.146109
0.0948 -0.114128
0.0684 -0.082450
0.0408 -0.049339
0.0101 -0.012144
-0.0262 0.027335
-0.0720 0.062576
-0.1288 0.092727
-0.1907 0.113656
-0.2489 0.122829
-0.2993 0.122178
-0.3414 0.115259
-0.3762 0.105060
-0.4052 0.093575
-0.4294 0.082000
-0.4497 0.071005
-0.4666 0.060926
-0.4807 0.051901
-0.4924 0.043953
-0.5018 0.037036
-0.5091 0.031073
-0.5146 0.025970
-0.5183 0.021627
-0.5203 0.017951
-0.5207 0.014853
-0.5194 0.012250
-0.5165 0.010072
-0.5119 0.008255
-0.5058 0.006743
-0.4980 0.005489
-0.4885 0.004452
-0.4773 0.003597
-0.4644 0.002894
-0.4498 0.002318
-0.4335 0.001847
-0.4155 0.001464
-0.3958 0.001153
-0.3745 0.000902
-0.3515 0.000700
-0.3269 0.000538
-0.3005 0.000409
-0.2720 0.000306
-0.2410 0.000224
-0.2063 0.000159
-0.1659 0.000106
-0.1148 0.000061
-0.0389 0.023964
0.0767 -0.045254
0.1780 -0.212707
0.2288 -0.274201
0.2361 -0.283381
0.2188 -0.262824
0.1915 -0.230192
0.1622 -0.195004
0.1338 -0.160933
0.1069 -0.128566
0.0807 -0.097099
0.0539 -0.065058
0.0251 -0.030445
-0.0081 0.008551
-0.0488 0.046263
-0.1004 0.079040
-0.1608 0.104858
-0.2216 0.119608
-0.2759 0.123229
-0.3217 0.118891
-0.3598 0.109975
-0.3914 0.098937
-0.4177 0.087317
-0.4397 0.076006
-0.4581 0.065480
-0.4735 0.055959
-0.4862 0.047513
-0.4966 0.040124
-0.5048 0.033727
-0.5111 0.028235
-0.5156 0.023549
-0.5183 0.019574
-0.5193 0.016217
-0.5187 0.013392
-0.5165 0.011025
-0.5126 0.009047
-0.5071 0.007400
-0.4999 0.006032
-0.4911 0.004899
-0.4805 0.003964
-0.4683 0.003194
-0.4543 0.002563
-0.4387 0.002046
-0.4213 0.001625
-0.4023 0.001283
-0.3816 0.001006
-0.3593 0.000783
-0.3353 0.000604
-0.3095 0.000461
-0.2818 0.000347
-0.2518 0.000257
-0.2186 0.000184
-0.1806 0.000126
-0.1340 0.000077
-0.0697 0.021192
0.0341 -0.019720
0.1484 -0.176921
0.2162 -0.258909
0.2358 -0.282966
0.2250 -0.270217
0.2002 -0.240593
0.1714 -0.206029
0.1428 -0.171746
0.1157 -0.139118
0.0895 -0.107709
0.0633 -0.076264
0.0355 -0.043000
0.0044 -0.005341
-0.0330 0.033395
-0.0804 0.067616
-0.1382 0.096349
-0.1997 0.115297
-0.2567 0.122651
-0.3056 0.120785
-0.3463 0.113217
-0.3801 0.102759
-0.4081 0.091251
-0.4315 0.079786
-0.4511 0.068968
-0.4675 0.059094
-0.4810 0.050280
-0.4921 0.042534
-0.5010 0.035805
-0.5079 0.030012
-0.5129 0.025059
-0.5161 0.020850
-0.5176 0.017290
-0.5175 0.014291
-0.5156 0.011775
-0.5122 0.009671
-0.5071 0.007916
-0.5003 0.006458
-0.4919 0.005250
-0.4818 0.004252
-0.4699 0.003429
-0.4564 0.002754
-0.4411 0.002201
-0.4242 0.001750
-0.4056 0.001383
-0.3853 0.001087
-0.3633 0.000847
-0.3397 0.000655
-0.3143 0.000501
-0.2871 0.000379
-0.2576 0.000281
-0.2252 0.000203
-0.1884 0.000141
-0.1440 0.000089
-0.0847 0.000043
0.0114 -0.006178
0.1293 -0.153934
0.2061 -0.246698
0.2332 -0.279736
0.2267 -0.272292
0.2040 -0.245125
0.1759 -0.211423
0.1475 -0.177327
0.1203 -0.144723
0.0943 -0.113432
0.0684 -0.082348
0.0412 -0.049819
0.0111 -0.013192
-0.0245 0.025493
-0.0693 0.060665
-0.1251 0.090722
-0.1865 0.111973
-0.2448 0.121664
-0.2954 0.121467
-0.3377 0.114865
-0.3728 0.104865
-0.4019 0.093494
-0.4261 0.081982
-0.4464 0.071016
-0.4633 0.060947
-0.4774 0.051922
-0.4889 0.043968
-0.4981 0.037043
-0.5053 0.031071
-0.5106 0.025959
-0.5141 0.021609
-0.5158 0.017927
-0.5158 0.014824
-0.5142 0.012218
-0.5109 0.010038
-0.5060 0.008219
-0.4994 0.006708
-0.4911 0.005454
-0.4811 0.004418
-0.4694 0.003564
-0.4560 0.002863
-0.4409 0.002289
-0.4241 0.001820
-0.4056 0.001440
-0.3854 0.001131
-0.3636 0.000882
-0.3401 0.000682
-0.3149 0.000523
-0.2878 0.000395
-0.2585 0.000293
-0.2263 0.000212
-0.1897 0.000147
-0.1458 0.000094
-0.0871 0.026380
0.0076 -0.003888
0.1256 -0.149436
0.2029 -0.242894
0.2309 -0.276981
0.2253 -0.270591
0.2033 -0.244283
0.1757 -0.211201
0.1477 -0.177534
0.1208 -0.145240
0.0949 -0.114206
0.0692 -0.083380
0.0424 -0.051164
0.0126 -0.014905
-0.0225 0.023456
-0.0666 0.058847
-0.1216 0.089102
-0.1827 0.110860
-0.2412 0.121153
-0.2922 0.121424
-0.3349 0.115111
-0.3703 0.105262
-0.3996 0.093952
-0.4241 0.082447
-0.4445 0.071457
-0.4615 0.061349
-0.4756 0.052279
-0.4872 0.044278
-0.4965 0.037308
-0.5037 0.031295
-0.5089 0.026146
-0.5124 0.021765
-0.5140 0.018055
-0.5140 0.014928
-0.5123 0.012302
-0.5089 0.010105
-0.5039 0.008272
-0.4972 0.006749
-0.4888 0.005486
-0.4787 0.004442
-0.4669 0.003583
-0.4534 0.002876
-0.4382 0.002299
-0.4212 0.001827
-0.4026 0.001444
-0.3823 0.001134
-0.3604 0.000884
-0.3368 0.000683
-0.3114 0.000522
-0.2842 0.000394
-0.2546 0.000292
-0.2221 0.000211
-0.1849 0.000145
-0.1398 0.000091
-0.0776 0.023548
0.0215 -0.012181
0.1370 -0.163211
0.2070 -0.247834
0.2294 -0.275289
0.2213 -0.265725
0.1986 -0.238586
0.1712 -0.205768
0.1436 -0.172684
0.1172 -0.140936
0.0916 -0.110280
0.0661 -0.079623
0.0392 -0.047344
0.0091 -0.010793
-0.0265 0.027228
-0.0715 0.062028
-0.1272 0.091511
-0.1883 0.112119
-0.2461 0.121283
-0.2961 0.120763
-0.3380 0.114009
-0.3727 0.103967
-0.4015 0.092618
-0.4254 0.081161
-0.4454 0.070266
-0.4621 0.060272
-0.4758 0.051322
-0.4871 0.043438
-0.4960 0.036578
-0.5029 0.030664
-0.5079 0.025604
-0.5110 0.021301
-0.5124 0.017659
-0.5120 0.014591
-0.5100 0.012017
-0.5063 0.009864
-0.5009 0.008069
-0.4938 0.006578
-0.4851 0.005342
-0.4746 0.004322
-0.4624 0.003482
-0.4485 0.002792
-0.4329 0.002228
-0.4156 0.001769
-0.3966 0.001396
-0.3760 0.001094
-0.3537 0.000851
-0.3297 0.000656
-0.3039 0.000500
-0.2762 0.000376
-0.2460 0.000277
-0.2125 0.000198
-0.1738 0.000134
-0.1257 0.000080
-0.0548 0.033428
0.0534 -0.031305
0.1600 -0.191044
0.2153 -0.257927
0.2274 -0.272941
0.2143 -0.257353
0.1900 -0.228364
0.1628 -0.195654
0.1358 -0.163287
0.1099 -0.132221
0.0847 -0.101950
0.0591 -0.071259
0.0317 -0.038230
0.0008 -0.001207
-0.0367 0.036499
-0.0843 0.069886
-0.1419 0.097495
-0.2027 0.115274
-0.2587 0.121749
-0.3066 0.119381
-0.3465 0.111596
-0.3795 0.101099
-0.4070 0.089651
-0.4298 0.078299
-0.4489 0.067614
-0.4647 0.057880
-0.4778 0.049201
-0.4883 0.041582
-0.4967 0.034970
-0.5030 0.029281
-0.5074 0.024422
-0.5099 0.020295
-0.5107 0.016807
-0.5098 0.013872
-0.5072 0.011411
-0.5029 0.009356
-0.4970 0.007644
-0.4893 0.006223
-0.4799 0.005047
-0.4689 0.004077
-0.4561 0.003279
-0.4416 0.002625
-0.4253 0.002091
-0.4075 0.001656
-0.3879 0.001303
-0.3667 0.001019
-0.3438 0.000790
-0.3193 0.000607
-0.2929 0.000460
-0.2643 0.000343
-0.2331 0.000250
-0.1979 0.000176
-0.1563 0.000115
-0.1021 0.030885
-0.0160 0.010247
0.0999 -0.088872
0.1865 -0.223029
0.2222 -0.266467
0.2224 -0.266974
0.2039 -0.244939
0.1783 -0.214234
0.1513 -0.181856
0.1250 -0.150355
0.0997 -0.119990
0.0747 -0.089956
0.0488 -0.058870
0.0204 -0.024235
-0.0124 0.012923
-0.0532 0.049616
-0.1047 0.081021
-0.1643 0.105352
-0.2238 0.118801
-0.2769 0.121587
-0.3216 0.116840
-0.3588 0.107799
-0.3896 0.096800
-0.4151 0.085305
-0.4365 0.074160
-0.4542 0.063814
-0.4689 0.054471
-0.4809 0.046194
-0.4905 0.038961
-0.4980 0.032706
-0.5035 0.027340
-0.5071 0.022767
-0.5089 0.018892
-0.5089 0.015622
-0.5072 0.012874
-0.5039 0.010574
-0.4988 0.008656
-0.4921 0.007060
-0.4837 0.005738
-0.4735 0.004645
-0.4617 0.003744
-0.4481 0.003005
-0.4329 0.002400
-0.4159 0.001907
-0.3973 0.001506
-0.3770 0.001182
-0.3551 0.000920
-0.3315 0.000711
-0.3062 0.000543
-0.2789 0.000409
-0.2493 0.000302
-0.2164 0.000217
-0.1787 0.000148
-0.1324 0.000091
-0.0652 0.039674
0.0378 -0.021956
0.1480 -0.176532
0.2076 -0.248745
0.2238 -0.268521
0.2134 -0.256241
0.1908 -0.229244
0.1644 -0.197651
0.1380 -0.165926
0.1125 -0.135306
0.0876 -0.105467
0.0625 -0.075326
0.0358 -0.043109
0.0058 -0.006867
-0.0301 0.030422
-0.0755 0.064739
-0.1313 0.093362
-0.1918 0.112913
-0.2487 0.121161
-0.2979 0.120050
-0.3389 0.112986
-0.3729 0.102823
-0.4012 0.091465
-0.4246 0.080060
-0.4442 0.069248
-0.4604 0.059351
-0.4738 0.050499
-0.4846 0.042710
-0.4931 0.035938
-0.4996 0.030105
-0.5041 0.025118
-0.5068 0.020878
-0.5077 0.017294
-0.5069 0.014275
-0.5043 0.011744
-0.5001 0.009629
-0.4942 0.007867
-0.4865 0.006405
-0.4772 0.005194
-0.4662 0.004196
-0.4535 0.003374
-0.4390 0.002701
-0.4229 0.002152
-0.4051 0.001704
-0.3856 0.001341
-0.3645 0.001048
-0.3418 0.000813
-0.3174 0.000624
-0.2911 0.000473
-0.2627 0.000353
-0.2315 0.000257
-0.1964 0.000181
-0.1547 0.000118
-0.0994 0.030081
-0.0129 0.008357
0.1018 -0.090630
0.1856 -0.222051
0.2192 -0.262908
0.2188 -0.262739
0.2007 -0.241126
0.1757 -0.211208
0.1494 -0.179603
0.1237 -0.148734
0.0988 -0.118856
0.0741 -0.089203
0.0484 -0.058434
0.0204 -0.023963
-0.0122 0.012614
-0.0526 0.049360
-0.1036 0.080645
-0.1628 0.104976
-0.2221 0.118546
-0.2750 0.121476
-0.3198 0.116839
-0.3569 0.107864
-0.3877 0.096898
-0.4133 0.085414
-0.4346 0.074267
-0.4523 0.063910
-0.4669 0.054555
-0.4788 0.046264
-0.4884 0.039017
-0.4958 0.032749
-0.5012 0.027372
-0.5046 0.022790
-0.5063 0.018906
-0.5062 0.015630
-0.5045 0.012878
-0.5010 0.010574
-0.4958 0.008653
-0.4889 0.007055
-0.4804 0.005732
-0.4701 0.004638
-0.4581 0.003737
-0.4445 0.002998
-0.4291 0.002393
-0.4121 0.001900
-0.3935 0.001500
-0.3731 0.001176
-0.3512 0.000916
-0.3276 0.000706
-0.3022 0.000539
-0.2749 0.000405
-0.2451 0.000299
-0.2120 0.000214
-0.1737 0.000145
-0.1264 0.000087
-0.0549 0.033466
0.0500 -0.029336
0.1554 -0.185592
0.2084 -0.249773
0.2207 -0.264834
0.2088 -0.250840
0.1862 -0.223800
0.1604 -0.192802
0.1346 -0.161770
0.1095 -0.131729
0.0850 -0.102291
0.0601 -0.072373
0.0334 -0.039876
0.0033 -0.004036
-0.0329 0.032974
-0.0787 0.066929
-0.1348 0.094946
-0.1949 0.113700
-0.2512 0.121236
-0.2996 0.119652
-0.3401 0.112331
-0.3736 0.102057
-0.4014 0.090678
-0.4245 0.079302
-0.4438 0.068545
-0.4597 0.058714
-0.4728 0.049932
-0.4834 0.042210
-0.4917 0.035502
-0.4979 0.029726
-0.5022 0.024790
-0.5046 0.020597
-0.5053 0.017053
-0.5042 0.014070
-0.5014 0.011569
-0.4969 0.009480
-0.4908 0.007741
-0.4829 0.006299
-0.4734 0.005105
-0.4621 0.004121
-0.4492 0.003312
-0.4346 0.002649
-0.4183 0.002108
-0.4003 0.001669
-0.3807 0.001312
-0.3595 0.001025
-0.3367 0.000793
-0.3122 0.000608
-0.2857 0.000460
-0.2571 0.000343
-0.2256 0.000249
-0.1899 0.000173
-0.1471 0.000111
-0.0876 0.026540
0.0033 -0.001315
0.1167 -0.104081
0.1913 -0.228948
0.2181 -0.261646
0.2145 -0.257505
0.1954 -0.234745
0.1706 -0.205032
0.1448 -0.174063
0.1196 -0.143827
0.0951 -0.114416
0.0706 -0.085012
0.0449 -0.054256
0.0167 -0.019425
-0.0164 0.016763
-0.0576 0.053209
-0.1093 0.083824
-0.1686 0.107055
-0.2272 0.119379
-0.2791 0.121343
-0.3228 0.116114
-0.3591 0.106839
-0.3892 0.095759
-0.4142 0.084273
-0.4350 0.073185
-0.4523 0.062918
-0.4666 0.053664
-0.4782 0.045476
-0.4874 0.038329
-0.4945 0.032153
-0.4996 0.026859
-0.5028 0.022351
-0.5042 0.018532
-0.5039 0.015312
-0.5018 0.012609
-0.4981 0.010348
-0.4926 0.008463
-0.4856 0.006897
-0.4768 0.005600
-0.4663 0.004529
-0.4542 0.003647
-0.4404 0.002924
-0.4249 0.002333
-0.4078 0.001851
-0.3890 0.001460
-0.3687 0.001144
-0.3467 0.000890
-0.3230 0.000685
-0.2976 0.000522
-0.2702 0.000392
-0.2402 0.000288
-0.2068 0.000205
-0.1679 0.000138
-0.1188 0.035902
-0.0432 0.026481
0.0634 -0.037363
0.1632 -0.195018
0.2097 -0.251288
0.2181 -0.261822
0.2049 -0.246110
0.1822 -0.218883
0.1567 -0.188299
0.1312 -0.157794
0.1066 -0.128190
0.0823 -0.099038
0.0574 -0.069232
0.0307 -0.036438
0.0005 -0.000867
-0.0363 0.036048
-0.0827 0.069654
-0.1390 0.097027
-0.1988 0.114876
-0.2543 0.121586
-0.3019 0.119439
-0.3417 0.111799
-0.3746 0.101374
-0.4020 0.089947
-0.4247 0.078583
-0.4436 0.067869
-0.4592 0.058097
-0.4720 0.049379
-0.4823 0.041722
-0.4904 0.035075
-0.4964 0.029355
-0.5004 0.024470
-0.5026 0.020322
-0.5030 0.016817
-0.5017 0.013869
-0.4987 0.011398
-0.4940 0.009336
-0.4876 0.007619
-0.4795 0.006196
-0.4698 0.005018
-0.4583 0.004048
-0.4452 0.003251
-0.4304 0.002599
-0.4139 0.002067
-0.3958 0.001634
-0.3761 0.001284
-0.3547 0.001001
-0.3317 0.000774
-0.3070 0.000593
-0.2804 0.000447
-0.2515 0.000332
-0.2195 0.000240
-0.1830 0.000165
-0.1388 0.000104
-0.0746 0.022635
0.0202 -0.011443
0.1299 -0.116095
0.1955 -0.234153
0.2163 -0.259544
