0.5028
0.5821
0.6112
0.6490
0.6777
0.6870
0.6888
0.6884
0.6877
0.6868
0.6869
0.6863
0.6861
0.6869
0.6870
0.6860
0.6863
0.6868
0.6859
0.6862
0.6862
0.6863
0.6859
0.6868
0.6871
0.6863
0.6865
0.6861
0.6857
0.6862
0.6856
0.6868
0.6866
0.6876
0.6863
0.6870
0.6865
0.6861
0.6859
0.6863
0.6866
0.6867
0.6861
0.6871
0.6865
0.6865
0.6866
0.6858
0.6856
0.6866
0.6873
0.6864
0.6866
0.6866
0.6873
0.6866
0.6856
0.6854
0.6866
0.6871
0.6861
0.6862
0.6866
0.6859
0.6855
0.6864
0.6860
0.6873
0.6873
0.6873
0.6861
0.6864
0.6866
0.6868
0.6861
0.6866
0.6860
0.6858
0.6859
0.6871
0.6860
0.6864
0.6854
0.6864
0.6864
0.6865
0.6861
0.6857
0.6868
0.6865
0.6866
0.6878
0.6869
0.6868
0.6866
0.6865
0.6869
0.6871
0.6856
0.6862
0.6867
0.6861
0.6866
0.6869
0.6871
0.6867
0.6866
0.6871
0.6869
0.6867
0.6869
0.6867
0.6857
0.6871
0.6862
0.6864
0.6862
0.6863
0.6874
0.6871
0.6867
0.6857
0.6862
0.6865
0.6863
0.6863
0.6862
0.6866
0.6865
0.6874
0.6861
0.6866
0.6869
0.6861
0.6865
0.6860
0.6859
0.6866
0.6857
0.6864
0.6865
0.6868
0.6875
0.6871
0.6870
0.6867
0.6864
0.6868
0.6867
0.6857
0.6871
0.6866
0.6853
0.6872
0.6866
0.6861
0.6859
0.6868
0.6868
0.6865
0.6868
0.6857
0.6869
0.6864
0.6858
0.6860
0.6864
0.6861
0.6855
0.6867
0.6855
0.6861
0.6863
0.6868
0.6864
0.6865
0.6867
0.6853
0.6865
0.6865
0.6863
0.6865
0.6863
0.6869
0.6869
0.6872
0.6870
0.6868
0.6859
0.6869
0.6860
0.6871
0.6858
0.6872
0.6864
0.6864
0.6869
0.6863
0.6861
0.6860
0.6859
0.6867
0.6862
0.6864
0.6863
0.6863
0.6868
0.6866
0.6866
0.6865
0.6863
0.6859
0.6857
0.6863
0.6865
0.6861
0.6870
0.6857
0.6865
0.6864
0.6860
0.6862
0.6858
0.6869
0.6871
0.6865
0.6875
0.6858
0.6869
0.6863
0.6872
0.6870
0.6867
0.6864
0.6870
0.6860
0.6861
0.6861
0.6868
0.6861
0.6866
0.6877
0.6864
0.6865
0.6866
0.6865
0.6870
0.6864
0.6868
0.6862
0.6869
0.6863
0.6863
0.6866
0.6862
0.6870
0.6864
0.6857
0.6857
0.6862
0.6863
0.6860
0.6873
0.6864
0.6865
0.6868
0.6869
0.6860
0.6869
0.6859
0.6865
0.6862
0.6866
0.6870
0.6867
0.6875
0.6862
