-0.4840 0.003331
-0.4718 0.002684
-0.4579 0.002154
-0.4424 0.001721
-0.4252 0.001368
-0.4065 0.001081
-0.3862 0.000849
-0.3643 0.000662
-0.3408 0.000512
-0.3156 0.000392
-0.2886 0.000297
-0.2595 0.000221
-0.2275 0.000160
-0.1912 0.000111
-0.1478 0.000071
-0.0903 0.000036
0.0022 -0.000571
0.1221 -0.099840
0.2055 -0.225421
0.2375 -0.261163
0.2341 -0.257644
0.2127 -0.234229
0.1849 -0.203710
0.1564 -0.172311
0.1289 -0.142138
0.1027 -0.113226
0.0767 -0.084660
0.0497 -0.054979
0.0199 -0.021801
-0.0153 0.014789
-0.0595 0.050625
-0.1155 0.081440
-0.1787 0.104397
-0.2399 0.115984
-0.2931 0.117281
-0.3376 0.111723
-0.3743 0.102441
-0.4046 0.091578
-0.4297 0.080441
-0.4507 0.069764
-0.4682 0.059926
-0.4828 0.051090
-0.4948 0.043294
-0.5045 0.036502
-0.5122 0.030643
-0.5181 0.025625
-0.5222 0.021356
-0.5246 0.017740
-0.5255 0.014692
-0.5248 0.012132
-0.5225 0.009989
-0.5188 0.008200
-0.5135 0.006711
-0.5067 0.005475
-0.4982 0.004452
-0.4882 0.003607
-0.4766 0.002911
-0.4634 0.002340
-0.4486 0.001873
-0.4321 0.001492
-0.4140 0.001182
-0.3942 0.000931
-0.3729 0.000728
-0.3500 0.000565
-0.3255 0.000434
-0.2992 0.000330
-0.2709 0.000247
-0.2400 0.000181
-0.2055 0.000128
-0.1651 0.000085
-0.1140 0.000049
-0.0370 0.020911
0.0781 -0.063404
0.1810 -0.198275
0.2313 -0.254129
0.2390 -0.262948
0.2225 -0.245045
0.1961 -0.216063
0.1674 -0.184496
0.1395 -0.153727
0.1128 -0.124390
0.0869 -0.095850
0.0605 -0.066839
0.0320 -0.035576
-0.0006 0.000259
-0.0407 0.036996
-0.0920 0.069613
-0.1534 0.096163
-0.2164 0.112308
-0.2731 0.117292
-0.3209 0.114035
-0.3605 0.105944
-0.3931 0.095550
-0.4202 0.084450
-0.4427 0.073572
-0.4614 0.063414
-0.4770 0.054210
-0.4900 0.046038
-0.5005 0.038887
-0.5090 0.032696
-0.5155 0.027381
-0.5202 0.022847
-0.5233 0.019002
-0.5247 0.015755
-0.5246 0.013024
-0.5230 0.010735
-0.5198 0.008822
-0.5151 0.007228
-0.5088 0.005904
-0.5010 0.004807
-0.4917 0.003900
-0.4807 0.003153
-0.4681 0.002538
-0.4538 0.002035
-0.4379 0.001624
-0.4204 0.001289
-0.4013 0.001017
-0.3806 0.000798
-0.3583 0.000621
-0.3343 0.000479
-0.3086 0.000366
-0.2811 0.000275
-0.2511 0.000204
-0.2180 0.000146
-0.1800 0.000100
-0.1335 0.000061
-0.0682 0.018996
0.0355 -0.018851
0.1512 -0.165257
0.2196 -0.241052
0.2400 -0.263988
0.2301 -0.253268
0.2060 -0.226875
0.1776 -0.195658
0.1493 -0.164481
0.1222 -0.134720
0.0962 -0.106080
0.0702 -0.077487
0.0428 -0.047360
0.0120 -0.013125
-0.0248 0.023519
-0.0716 0.057900
-0.1298 0.087071
-0.1933 0.107365
-0.2529 0.116234
-0.3040 0.115611
-0.3464 0.108982
-0.3814 0.099239
-0.4104 0.088293
-0.4344 0.077288
-0.4544 0.066855
-0.4711 0.057309
-0.4849 0.048778
-0.4963 0.041276
-0.5054 0.034759
-0.5126 0.029147
-0.5179 0.024351
-0.5216 0.020275
-0.5236 0.016828
-0.5240 0.013925
-0.5228 0.011489
-0.5202 0.009451
-0.5160 0.007752
-0.5103 0.006338
-0.5030 0.005166
-0.4942 0.004196
-0.4837 0.003397
-0.4717 0.002738
-0.4580 0.002199
-0.4427 0.001757
-0.4257 0.001397
-0.4071 0.001105
-0.3869 0.000868
-0.3651 0.000677
-0.3417 0.000524
-0.3166 0.000402
-0.2896 0.000304
-0.2604 0.000226
-0.2284 0.000164
-0.1921 0.000114
-0.1488 0.000073
-0.0914 0.000037
0.0004 0.000383
0.1203 -0.098348
0.2044 -0.224209
0.2376 -0.261203
0.2348 -0.258449
0.2137 -0.235400
0.1861 -0.205030
0.1576 -0.173705
0.1303 -0.143607
0.1041 -0.114818
0.0783 -0.086460
0.0516 -0.057118
0.0223 -0.024508
-0.0121 0.011710
-0.0551 0.047293
-0.1098 0.078175
-0.1726 0.101752
-0.2341 0.114247
-0.2881 0.116322
-0.3332 0.111290
-0.3704 0.102325
-0.4011 0.091640
-0.4266 0.080592
-0.4478 0.069952
-0.4655 0.060122
-0.4801 0.051278
-0.4922 0.043466
-0.5020 0.036654
-0.5097 0.030774
-0.5156 0.025738
-0.5197 0.021451
-0.5221 0.017820
-0.5230 0.014758
-0.5223 0.012187
-0.5201 0.010033
-0.5163 0.008236
-0.5110 0.006740
-0.5042 0.005498
-0.4958 0.004471
-0.4858 0.003622
-0.4742 0.002923
-0.4610 0.002350
-0.4461 0.001880
-0.4296 0.001497
-0.4114 0.001186
-0.3917 0.000933
-0.3703 0.000730
-0.3473 0.000566
-0.3226 0.000435
-0.2962 0.000330
-0.2676 0.000246
-0.2363 0.000180
-0.2013 0.000127
-0.1600 0.000083
-0.1070 0.000046
-0.0251 0.014367
0.0921 -0.075014
0.1888 -0.206930
0.2330 -0.256089
0.2371 -0.260886
0.2192 -0.241364
0.1926 -0.212147
0.1642 -0.180919
0.1367 -0.150623
0.1104 -0.121709
0.0847 -0.093483
0.0585 -0.064667
0.0301 -0.033337
-0.0025 0.002235
-0.0428 0.038489
-0.0944 0.070424
-0.1557 0.096291
-0.2183 0.111767
-0.2745 0.116286
-0.3218 0.112792
-0.3609 0.104629
-0.3932 0.094261
-0.4199 0.083242
-0.4421 0.072472
-0.4605 0.062430
-0.4759 0.053342
-0.4886 0.045279
-0.4989 0.038229
-0.5071 0.032129
-0.5133 0.026894
-0.5178 0.022432
-0.5206 0.018648
-0.5219 0.015455
-0.5215 0.012770
-0.5196 0.010520
-0.5162 0.008641
-0.5112 0.007076
-0.5047 0.005776
-0.4966 0.004700
-0.4870 0.003810
-0.4757 0.003078
-0.4628 0.002476
-0.4483 0.001983
-0.4321 0.001580
-0.4143 0.001253
-0.3949 0.000987
-0.3738 0.000773
-0.3511 0.000600
-0.3268 0.000462
-0.3007 0.000351
-0.2725 0.000263
-0.2418 0.000193
-0.2076 0.000137
-0.1677 0.000092
-0.1173 0.000053
-0.0419 0.023576
0.0714 -0.057882
0.1757 -0.192420
0.2280 -0.250534
0.2375 -0.261359
0.2224 -0.244904
0.1969 -0.216864
0.1687 -0.185900
0.1411 -0.155557
0.1148 -0.126594
0.0893 -0.098468
0.0634 -0.070006
0.0357 -0.039543
0.0041 -0.004625
-0.0343 0.031538
-0.0834 0.064465
-0.1432 0.091768
-0.2062 0.109412
-0.2639 0.115876
-0.3129 0.113670
-0.3534 0.106211
-0.3869 0.096149
-0.4145 0.085193
-0.4375 0.074348
-0.4566 0.064162
-0.4724 0.054897
-0.4855 0.046651
-0.4962 0.039423
-0.5048 0.033157
-0.5113 0.027773
-0.5161 0.023178
-0.5192 0.019278
-0.5206 0.015984
-0.5205 0.013213
-0.5188 0.010890
-0.5156 0.008948
-0.5109 0.007331
-0.5046 0.005987
-0.4967 0.004873
-0.4873 0.003953
-0.4762 0.003194
-0.4636 0.002571
-0.4492 0.002060
-0.4333 0.001643
-0.4157 0.001303
-0.3965 0.001028
-0.3757 0.000805
-0.3532 0.000626
-0.3291 0.000482
-0.3032 0.000367
-0.2753 0.000276
-0.2450 0.000203
-0.2112 0.000145
-0.1720 0.000098
-0.1231 0.000058
-0.0510 0.014297
0.0591 -0.047724
0.1671 -0.182872
0.2241 -0.246100
0.2369 -0.260662
0.2237 -0.246297
0.1990 -0.219202
0.1712 -0.188579
0.1437 -0.158334
0.1174 -0.129426
0.0919 -0.101419
0.0663 -0.073211
0.0390 -0.043215
0.0082 -0.008904
-0.0291 0.027067
-0.0765 0.060515
-0.1352 0.088584
-0.1982 0.107555
-0.2567 0.115314
-0.3068 0.114010
-0.3483 0.107064
-0.3825 0.097242
-0.4108 0.086358
-0.4342 0.075487
-0.4537 0.065222
-0.4699 0.055855
-0.4833 0.047498
-0.4942 0.040161
-0.5029 0.033794
-0.5097 0.028317
-0.5146 0.023640
-0.5178 0.019668
-0.5194 0.016311
-0.5194 0.013486
-0.5178 0.011117
-0.5147 0.009137
-0.5101 0.007487
-0.5039 0.006115
-0.4961 0.004979
-0.4868 0.004039
-0.4758 0.003265
-0.4633 0.002628
-0.4491 0.002106
-0.4332 0.001680
-0.4158 0.001333
-0.3967 0.001052
-0.3759 0.000824
-0.3536 0.000641
-0.3296 0.000494
-0.3038 0.000377
-0.2761 0.000283
-0.2458 0.000208
-0.2122 0.000149
-0.1732 0.000101
-0.1248 0.000060
-0.0535 0.014970
0.0553 -0.044658
0.1641 -0.179528
0.2220 -0.243822
0.2358 -0.259423
0.2233 -0.245848
0.1991 -0.219279
0.1715 -0.188987
0.1442 -0.158957
0.1181 -0.130211
0.0928 -0.102360
0.0673 -0.074340
0.0403 -0.044606
0.0098 -0.010635
-0.0269 0.025148
-0.0736 0.058777
-0.1316 0.087100
-0.1945 0.106608
-0.2533 0.114938
-0.3038 0.114051
-0.3457 0.107351
-0.3802 0.097653
-0.4088 0.086812
-0.4324 0.075940
-0.4520 0.065647
-0.4684 0.056241
-0.4818 0.047840
-0.4928 0.040459
-0.5016 0.034050
-0.5084 0.028535
-0.5133 0.023824
-0.5166 0.019822
-0.5181 0.016440
-0.5181 0.013593
-0.5166 0.011205
-0.5135 0.009209
-0.5088 0.007546
-0.5026 0.006163
-0.4949 0.005017
-0.4855 0.004070
-0.4746 0.003289
-0.4620 0.002648
-0.4478 0.002122
-0.4319 0.001692
-0.4145 0.001343
-0.3954 0.001059
-0.3746 0.000830
-0.3523 0.000645
-0.3283 0.000497
-0.3025 0.000379
-0.2747 0.000284
-0.2443 0.000209
-0.2106 0.000149
-0.1714 0.000100
-0.1225 0.000059
-0.0495 0.013874
0.0602 -0.048691
0.1669 -0.182648
0.2221 -0.243959
0.2344 -0.257827
0.2213 -0.243667
0.1971 -0.217149
0.1699 -0.187144
0.1429 -0.157431
0.1170 -0.128950
0.0918 -0.101295
0.0665 -0.073407
0.0395 -0.043747
0.0090 -0.009809
-0.0277 0.025756
-0.0744 0.059234
-0.1324 0.087333
-0.1951 0.106596
-0.2538 0.114734
-0.3041 0.113733
-0.3458 0.106985
-0.3802 0.097278
-0.4086 0.086453
-0.4321 0.075606
-0.4516 0.065346
-0.4679 0.055972
-0.4812 0.047604
-0.4921 0.040252
-0.5008 0.033870
-0.5075 0.028379
-0.5123 0.023690
-0.5155 0.019707
-0.5169 0.016341
-0.5168 0.013508
-0.5151 0.011133
-0.5119 0.009147
-0.5072 0.007493
-0.5008 0.006118
-0.4929 0.004979
-0.4835 0.004038
-0.4724 0.003262
-0.4597 0.002625
-0.4453 0.002102
-0.4294 0.001676
-0.4118 0.001329
-0.3925 0.001048
-0.3717 0.000820
-0.3492 0.000637
-0.3250 0.000490
-0.2991 0.000373
-0.2711 0.000280
-0.2405 0.000205
-0.2063 0.000146
-0.1663 0.000097
-0.1158 0.000056
-0.0384 0.021684
0.0738 -0.059916
0.1750 -0.191729
0.2240 -0.246093
0.2324 -0.255666
0.2177 -0.239689
0.1932 -0.212811
0.1662 -0.183065
0.1395 -0.153760
0.1140 -0.125633
0.0890 -0.098200
0.0637 -0.070369
0.0366 -0.040422
0.0058 -0.006399
-0.0315 0.028959
-0.0792 0.061979
-0.1378 0.089373
-0.2003 0.107600
-0.2582 0.114778
-0.3076 0.113133
-0.3486 0.106037
-0.3823 0.096185
-0.4102 0.085338
-0.4333 0.074541
-0.4525 0.064364
-0.4684 0.055090
-0.4814 0.046823
-0.4921 0.039570
-0.5005 0.033280
-0.5070 0.027872
-0.5116 0.023255
-0.5145 0.019337
-0.5157 0.016028
-0.5154 0.013243
-0.5135 0.010909
-0.5100 0.008959
-0.5050 0.007335
-0.4984 0.005986
-0.4903 0.004869
-0.4805 0.003946
-0.4692 0.003185
-0.4562 0.002561
-0.4416 0.002050
-0.4254 0.001633
-0.4075 0.001293
-0.3881 0.001018
-0.3669 0.000796
-0.3442 0.000618
-0.3198 0.000474
-0.2935 0.000360
-0.2651 0.000269
-0.2340 0.000196
-0.1989 0.000138
-0.1575 0.000090
-0.1031 0.028575
-0.0188 0.010899
0.0961 -0.078332
0.1874 -0.205422
0.2267 -0.249155
0.2293 -0.252356
0.2122 -0.233670
0.1872 -0.206184
0.1604 -0.176719
0.1342 -0.147914
0.1090 -0.120202
0.0843 -0.092976
0.0589 -0.065080
0.0314 -0.034397
-0.0001 -0.000270
-0.0388 0.034873
-0.0883 0.067026
-0.1481 0.093096
-0.2102 0.109413
-0.2667 0.114871
-0.3145 0.112090
-0.3541 0.104382
-0.3868 0.094277
-0.4137 0.083395
-0.4360 0.072683
-0.4546 0.062655
-0.4699 0.053555
-0.4825 0.045468
-0.4927 0.038389
-0.5007 0.032258
-0.5068 0.026996
-0.5110 0.022508
-0.5135 0.018703
-0.5144 0.015491
-0.5137 0.012791
-0.5114 0.010529
-0.5076 0.008641
-0.5022 0.007069
-0.4953 0.005764
-0.4868 0.004684
-0.4767 0.003792
-0.4649 0.003058
-0.4516 0.002456
-0.4366 0.001963
-0.4199 0.001562
-0.4017 0.001235
-0.3818 0.000971
-0.3603 0.000758
-0.3372 0.000586
-0.3124 0.000449
-0.2856 0.000340
-0.2566 0.000252
-0.2246 0.000183
-0.1882 0.000127
-0.1443 0.000080
-0.0829 0.023034
0.0109 -0.005391
0.1256 -0.102744
0.2014 -0.221002
0.2286 -0.251366
0.2245 -0.247057
0.2046 -0.225347
0.1791 -0.197270
0.1526 -0.168191
0.1270 -0.139970
0.1022 -0.112692
0.0776 -0.085601
0.0520 -0.057442
0.0238 -0.025779
-0.0090 0.008614
-0.0501 0.043475
-0.1023 0.074089
-0.1634 0.098006
-0.2246 0.111496
-0.2789 0.114589
-0.3246 0.110310
-0.3623 0.101830
-0.3933 0.091432
-0.4190 0.080543
-0.4403 0.069983
-0.4579 0.060186
-0.4725 0.051347
-0.4844 0.043526
-0.4939 0.036700
-0.5014 0.030803
-0.5069 0.025749
-0.5106 0.021447
-0.5126 0.017804
-0.5130 0.014732
-0.5118 0.012153
-0.5091 0.009994
-0.5047 0.008193
-0.4989 0.006695
-0.4914 0.005453
-0.4824 0.004426
-0.4717 0.003579
-0.4595 0.002882
-0.4456 0.002311
-0.4301 0.001844
-0.4129 0.001464
-0.3942 0.001156
-0.3738 0.000906
-0.3518 0.000705
-0.3281 0.000544
-0.3027 0.000415
-0.2752 0.000312
-0.2453 0.000230
-0.2120 0.000164
-0.1735 0.000111
-0.1257 0.000067
-0.0537 0.015028
0.0519 -0.041904
0.1586 -0.173548
0.2142 -0.235229
0.2281 -0.250952
0.2172 -0.239082
0.1948 -0.214608
0.1690 -0.186181
0.1430 -0.157629
0.1180 -0.130034
0.0935 -0.103135
0.0688 -0.076010
0.0427 -0.047223
0.0134 -0.014431
-0.0216 0.020266
-0.0660 0.054214
-0.1217 0.082875
-0.1837 0.103594
-0.2429 0.113420
-0.2944 0.113708
-0.3372 0.107746
-0.3725 0.098441
-0.4016 0.087770
-0.4257 0.076931
-0.4457 0.066596
-0.4622 0.057107
-0.4757 0.048608
-0.4868 0.041124
-0.4956 0.034616
-0.5023 0.029011
-0.5071 0.024218
-0.5102 0.020146
-0.5116 0.016703
-0.5114 0.013805
-0.5096 0.011374
-0.5062 0.009342
-0.5012 0.007649
-0.4947 0.006242
-0.4866 0.005077
-0.4769 0.004114
-0.4656 0.003321
-0.4527 0.002670
-0.4382 0.002137
-0.4220 0.001702
-0.4042 0.001348
-0.3849 0.001061
-0.3638 0.000829
-0.3412 0.000643
-0.3169 0.000494
-0.2907 0.000375
-0.2623 0.000280
-0.2311 0.000204
-0.1959 0.000143
-0.1542 0.000093
-0.0975 0.027058
-0.0120 0.007192
0.1006 -0.082096
0.1873 -0.205354
0.2226 -0.244726
0.2239 -0.246446
0.2071 -0.228065
0.1830 -0.201576
0.1572 -0.173185
0.1318 -0.145293
0.1073 -0.118295
0.0830 -0.091622
0.0581 -0.064171
0.0310 -0.033636
-0.0001 -0.000242
-0.0384 0.034271
-0.0873 0.066518
-0.1464 0.092429
-0.2081 0.108781
-0.2644 0.114373
-0.3122 0.111726
-0.3518 0.104120
-0.3844 0.094085
-0.4113 0.083248
-0.4335 0.072564
-0.4520 0.062554
-0.4672 0.053466
-0.4796 0.045387
-0.4896 0.038312
-0.4975 0.032186
-0.5034 0.026927
-0.5074 0.022443
-0.5097 0.018640
-0.5103 0.015432
-0.5094 0.012735
-0.5068 0.010477
-0.5027 0.008592
-0.4970 0.007024
-0.4897 0.005723
-0.4809 0.004646
-0.4704 0.003758
-0.4583 0.003028
-0.4447 0.002429
-0.4293 0.001939
-0.4124 0.001540
-0.3939 0.001216
-0.3737 0.000954
-0.3520 0.000743
-0.3285 0.000574
-0.3033 0.000438
-0.2762 0.000330
-0.2466 0.000243
-0.2136 0.000174
-0.1756 0.000119
-0.1288 0.000072
-0.0584 0.016306
0.0438 -0.023448
0.1504 -0.123376
0.2089 -0.229371
0.2248 -0.247279
0.2155 -0.237247
0.1944 -0.214092
0.1693 -0.186539
0.1439 -0.158565
0.1192 -0.131388
0.0951 -0.104851
0.0708 -0.078118
0.0451 -0.049788
0.0165 -0.017651
-0.0175 0.016531
-0.0605 0.050722
-0.1147 0.079845
-0.1761 0.101541
-0.2358 0.112548
-0.2880 0.113759
-0.3317 0.108365
-0.3677 0.099350
-0.3973 0.088787
-0.4218 0.077949
-0.4421 0.067556
-0.4589 0.057979
-0.4726 0.049380
-0.4838 0.041797
-0.4927 0.035194
-0.4995 0.029502
-0.5044 0.024632
-0.5075 0.020492
-0.5089 0.016990
-0.5087 0.014042
-0.5068 0.011568
-0.5034 0.009500
-0.4984 0.007777
-0.4919 0.006346
-0.4837 0.005160
-0.4740 0.004181
-0.4626 0.003374
-0.4497 0.002712
-0.4351 0.002170
-0.4189 0.001727
-0.4011 0.001367
-0.3817 0.001076
-0.3607 0.000841
-0.3380 0.000651
-0.3137 0.000500
-0.2874 0.000379
-0.2590 0.000282
-0.2277 0.000205
-0.1922 0.000143
-0.1499 0.000093
-0.0908 0.025204
-0.0035 0.002524
0.1072 -0.087601
0.1889 -0.207172
0.2203 -0.242222
0.2200 -0.242138
0.2030 -0.223564
0.1794 -0.197584
0.1542 -0.169863
0.1294 -0.142572
0.1053 -0.116040
0.0813 -0.089696
0.0565 -0.062455
0.0296 -0.031875
-0.0015 0.001158
-0.0399 0.035282
-0.0889 0.067453
-0.1479 0.092970
-0.2092 0.108903
-0.2651 0.114181
-0.3125 0.111350
-0.3517 0.103660
-0.3840 0.093600
-0.4106 0.082774
-0.4327 0.072120
-0.4509 0.062147
-0.4659 0.053099
-0.4781 0.045060
-0.4880 0.038024
-0.4956 0.031932
-0.5013 0.026705
-0.5051 0.022248
-0.5072 0.018471
-0.5076 0.015285
-0.5063 0.012608
-0.5035 0.010367
-0.4991 0.008497
-0.4932 0.006941
-0.4856 0.005652
-0.4765 0.004585
-0.4658 0.003706
-0.4534 0.002983
-0.4395 0.002390
-0.4239 0.001907
-0.4067 0.001513
-0.3879 0.001193
-0.3675 0.000935
-0.3455 0.000726
-0.3219 0.000560
-0.2964 0.000426
-0.2688 0.000320
-0.2387 0.000235
-0.2050 0.000167
-0.1656 0.000111
-0.1142 0.031621
-0.0384 0.021660
0.0675 -0.054763
0.1655 -0.135942
0.2119 -0.232841
0.2211 -0.243230
0.2089 -0.230016
0.1872 -0.206209
0.1626 -0.179092
0.1378 -0.151832
0.1137 -0.125284
0.0899 -0.099152
0.0657 -0.072545
0.0399 -0.043427
0.0108 -0.011426
-0.0243 0.022436
-0.0689 0.056189
-0.1245 0.084154
-0.1859 0.104062
-0.2443 0.113204
-0.2949 0.113061
-0.3371 0.106883
-0.3718 0.097502
-0.4004 0.086836
-0.4241 0.076045
-0.4436 0.065779
-0.4597 0.056368
-0.4729 0.047947
-0.4836 0.040538
-0.4919 0.034099
-0.4983 0.028557
-0.5027 0.023822
-0.5053 0.019800
-0.5063 0.016402
-0.5055 0.013543
-0.5032 0.011146
-0.4993 0.009145
-0.4939 0.007478
-0.4868 0.006095
-0.4782 0.004950
-0.4679 0.004005
-0.4561 0.003228
-0.4426 0.002590
-0.4275 0.002069
-0.4109 0.001644
-0.3926 0.001299
-0.3727 0.001020
-0.3512 0.000794
-0.3281 0.000614
-0.3032 0.000469
-0.2764 0.000353
-0.2471 0.000261
-0.2146 0.000188
-0.1772 0.000128
-0.1310 0.036253
-0.0626 0.017471
0.0347 -0.018500
0.1395 -0.114368
0.2014 -0.221174
0.2195 -0.241423
0.2123 -0.233724
0.1929 -0.212429
0.1690 -0.186202
0.1444 -0.159144
0.1203 -0.132630
0.0967 -0.106642
0.0729 -0.080456
0.0478 -0.052610
0.0201 -0.021361
-0.0127 0.011910
-0.0539 0.045645
-0.1060 0.076110
-0.1664 0.098936
-0.2264 0.111423
-0.2796 0.113843
-0.3242 0.109208
-0.3611 0.100585
-0.3914 0.090171
-0.4164 0.079334
-0.4371 0.068860
-0.4542 0.059164
-0.4682 0.050429
-0.4795 0.042708
-0.4885 0.035975
-0.4954 0.030164
-0.5003 0.025189
-0.5034 0.020956
-0.5048 0.017374
-0.5045 0.014357
-0.5026 0.011826
-0.4990 0.009709
-0.4939 0.007946
-0.4873 0.006481
-0.4790 0.005268
-0.4691 0.004266
-0.4577 0.003441
-0.4446 0.002764
-0.4299 0.002210
-0.4136 0.001758
-0.3957 0.001391
-0.3763 0.001093
-0.3552 0.000853
-0.3325 0.000661
-0.3081 0.000506
-0.2817 0.000383
-0.2531 0.000284
-0.2215 0.000206
-0.1854 0.000143
