0.8061
0.8207
0.7874
0.7815
0.7909
0.8102
0.7903
0.8192
0.8108
0.8230
0.8272
0.8092
0.7914
0.7902
0.7902
0.7740
0.7759
0.7801
0.8015
0.8065
0.7654
0.7964
0.8082
0.7913
0.8263
0.7858
0.7906
0.7973
0.7989
0.7707
0.8166
0.8125
0.7943
0.8391
0.8282
0.8372
0.8180
0.8089
0.7976
0.7945
0.8067
0.8177
0.8248
0.8293
0.8322
0.8356
0.8388
0.8266
0.7707
0.7608
0.7773
0.7802
0.7757
0.7964
0.8088
0.8280
0.8186
0.8246
0.8277
0.8341
0.8238
0.8078
0.8055
0.7973
0.7903
0.7637
0.7758
0.7902
0.7999
0.8114
0.8220
0.8275
0.8377
0.8255
0.7979
0.7881
0.7847
0.7977
0.8089
0.8328
0.8388
0.8197
0.8050
0.8197
0.8010
0.7931
0.8259
0.7713
0.7843
0.8120
0.8276
0.8305
0.8231
0.7933
0.8263
0.8155
0.7884
0.7687
0.8025
0.7981
0.8067
0.8029
0.7967
0.7681
0.7427
0.7583
0.8094
0.8098
0.7977
0.7548
0.8054
0.7979
0.7556
0.7722
0.7814
0.8015
0.7920
0.8159
0.8021
0.7730
0.7814
0.7815
0.7775
0.7748
0.7602
0.7720
0.7817
0.7712
0.7942
0.7896
0.8112
0.7806
0.8031
0.8154
0.7706
0.7838
0.7945
0.7960
0.7748
0.7955
0.7860
0.7862
0.7698
0.7816
0.7924
0.7785
0.7654
0.7881
0.7771
0.7819
