0.6931 1.4945
0.7094 1.6562
0.7264 1.8502
0.7437 2.0786
0.7610 2.3684
0.7789 2.7544
0.7970 3.2265
0.8144 3.7667
0.8302 4.4002
0.8453 5.4367
0.8610 6.9858
0.8758 8.7097
0.8877 10.3360
0.8963 11.7181
0.9020 12.8260
0.9058 13.8077
0.9085 15.1387
0.9125 21.4663
0.9185 30.7671
0.9240 38.4136
0.9278 44.0608
0.9301 47.9350
0.9313 50.1131
0.9319 50.4312
0.9320 48.5385
0.9317 43.8771
0.9309 40.5000
0.9304 43.0900
0.9306 46.7812
0.9311 49.7660
0.9317 51.9923
0.9321 53.3255
0.9324 53.3069
0.9324 51.0544
0.9321 46.6758
0.9314 41.2263
0.9302 35.8169
0.9287 31.0171
0.9269 26.9659
0.9248 23.6467
0.9225 20.9758
0.9202 18.9139
0.9179 17.3911
0.9158 16.2424
0.9140 15.3049
0.9122 14.4471
0.9105 13.5689
0.9086 12.6147
0.9062 11.5869
0.9033 10.5250
0.8998 9.4787
0.8956 8.4909
0.8906 7.5894
0.8850 6.7866
0.8789 6.0825
0.8721 5.4683
0.8650 4.9316
0.8573 4.4592
0.8492 4.0397
0.8406 3.6644
0.8315 3.3271
0.8217 3.0231
0.8113 2.7490
0.8003 2.5020
0.7887 2.2792
0.7764 2.0782
0.7635 1.8966
0.7500 1.7325
0.7360 1.5844
0.7214 1.4513
0.7066 1.3333
0.6917 1.2310
0.6772 1.1457
0.6639 1.0787
0.6524 1.0303
0.6434 0.9992
0.6372 0.9822
0.6336 0.9748
0.6319 0.9731
0.6315 0.9735
0.6316 0.9743
0.6319 0.9755
0.6324 0.9778
0.6330 0.9810
0.6337 0.9846
0.6344 0.9878
0.6350 0.9898
0.6354 0.9910
0.6358 0.9948
0.6368 1.0064
0.6393 1.0312
0.6444 1.0828
0.6541 1.1781
0.6691 1.3167
0.6879 1.4876
0.7082 1.6772
0.7276 1.8713
0.7449 2.0574
0.7593 2.2283
0.7709 2.3828
0.7803 2.5331
0.7887 2.7238
0.7976 2.9792
0.8073 3.2822
0.8173 3.6026
0.8266 3.9130
0.8349 4.2707
0.8437 4.8740
0.8536 5.6354
0.8634 6.4009
0.8719 7.0850
0.8785 7.6855
0.8838 8.4549
0.8890 9.6656
0.8953 12.6062
0.9045 18.4249
0.9132 23.5173
0.9195 27.3530
0.9236 32.2158
0.9266 38.5977
0.9287 42.9202
0.9301 44.6538
0.9307 44.3076
0.9309 44.9373
0.9311 47.7469
0.9316 52.6765
0.9322 56.3513
0.9327 58.0296
0.9330 57.7083
0.9331 55.5811
0.9329 52.2633
0.9324 48.3237
0.9318 43.9031
0.9309 39.3043
0.9297 34.9562
0.9284 31.1082
0.9268 27.7863
0.9252 24.8864
0.9233 22.2702
0.9212 19.8846
0.9189 17.7654
0.9164 15.9502
0.9137 14.4781
0.9109 13.3509
0.9084 12.4861
0.9061 11.7673
0.9039 11.0964
0.9016 10.4172
0.8992 9.7142
0.8963 8.9961
0.8930 8.2806
0.8891 7.5836
0.8847 6.9156
0.8797 6.2819
0.8739 5.6862
0.8675 5.1318
0.8602 4.6220
0.8522 4.1595
0.8433 3.7477
0.8338 3.3899
0.8239 3.0874
0.8139 2.8373
0.8042 2.6331
0.7950 2.4666
0.7866 2.3290
0.7788 2.2122
0.7716 2.1093
0.7648 2.0157
0.7582 1.9284
0.7517 1.8464
0.7451 1.7698
0.7386 1.6998
0.7323 1.6369
0.7262 1.5810
0.7204 1.5305
0.7149 1.4835
0.7096 1.4375
0.7041 1.3908
0.6984 1.3426
0.6922 1.2932
0.6856 1.2437
0.6786 1.1954
0.6713 1.1495
0.6641 1.1079
0.6573 1.0755
0.6519 1.0579
0.6488 1.0587
0.6488 1.0786
0.6521 1.1176
0.6588 1.1823
0.6697 1.2896
0.6850 1.4416
0.7034 1.6278
0.7230 1.8365
0.7419 2.0586
0.7590 2.2863
0.7739 2.5242
0.7874 2.7999
0.8000 3.1215
0.8120 3.4646
0.8228 3.7997
0.8319 4.1054
0.8395 4.4069
0.8466 4.9124
0.8549 5.6161
0.8636 6.3623
0.8716 7.0536
0.8782 7.6858
0.8837 8.5159
0.8892 9.7721
0.8952 11.8267
0.9032 17.0748
0.9118 22.4765
0.9184 26.5432
0.9228 30.4993
0.9258 36.7176
0.9281 41.5649
0.9297 44.0386
0.9305 44.0525
0.9307 44.0179
0.9309 45.5525
0.9311 47.8120
0.9315 51.8084
0.9321 54.4921
0.9325 55.1965
0.9327 54.1362
0.9326 51.8557
0.9323 48.8823
0.9318 45.2713
0.9311 41.1299
0.9302 36.8494
0.9290 32.8241
0.9276 29.2290
0.9259 26.0646
0.9241 23.2602
0.9221 20.7127
0.9198 18.3985
0.9172 16.3661
0.9144 14.7176
0.9115 13.4840
0.9088 12.5713
0.9064 11.8440
0.9041 11.1892
0.9020 10.5412
0.8996 9.8732
0.8970 9.1819
0.8939 8.4783
0.8902 7.7793
0.8860 7.1006
0.8811 6.4528
0.8756 5.8412
0.8693 5.2691
0.8622 4.7403
0.8542 4.2597
0.8454 3.8338
0.8360 3.4678
0.8263 3.1624
0.8166 2.9135
0.8073 2.7138
0.7987 2.5538
0.7909 2.4233
0.7839 2.3123
0.7775 2.2119
0.7713 2.1153
0.7650 2.0180
0.7583 1.9178
0.7508 1.8149
0.7426 1.7109
0.7334 1.6085
0.7235 1.5102
0.7131 1.4178
0.7023 1.3325
0.6913 1.2545
0.6803 1.1835
0.6695 1.1189
0.6589 1.0603
0.6486 1.0075
0.6387 0.9604
0.6293 0.9187
0.6205 0.8824
0.6125 0.8513
0.6052 0.8248
0.5989 0.8026
0.5934 0.7848
0.5891 0.7741
0.5873 0.7850
0.5917 0.8375
0.6046 0.9358
0.6251 1.0721
0.6497 1.2328
0.6749 1.4021
0.6978 1.5640
0.7167 1.7036
0.7312 1.8123
0.7415 1.8929
0.7488 1.9657
0.7547 2.0520
0.7608 2.1576
0.7673 2.2787
0.7743 2.4076
0.7814 2.5369
0.7881 2.6710
0.7946 2.8131
0.8008 2.9613
0.8077 3.2627
0.8188 3.9154
0.8339 4.7977
0.8498 5.8015
0.8644 7.0437
0.8769 8.4299
0.8869 9.7399
0.8942 10.8278
0.8992 11.6391
0.9032 13.9736
0.9089 18.7447
0.9154 25.4905
0.9213 33.0661
0.9258 39.0005
0.9286 43.3131
0.9302 46.1055
0.9310 47.0172
0.9313 46.3509
0.9314 46.9743
0.9315 49.4958
0.9318 52.8716
0.9323 55.0397
0.9326 56.0118
0.9328 55.8525
0.9329 54.6056
0.9327 52.2973
0.9324 48.9474
0.9318 44.8337
0.9311 40.4130
0.9300 36.0877
0.9287 32.0805
0.9272 28.4385
0.9255 25.1041
0.9235 22.0843
0.9211 19.4628
0.9186 17.3584
0.9159 15.7515
0.9133 14.5102
0.9109 13.4913
0.9086 12.5801
0.9062 11.7061
0.9037 10.8389
0.9008 9.9725
0.8975 9.1140
0.8937 8.2759
0.8892 7.4705
0.8840 6.7084
0.8780 5.9987
0.8712 5.3488
0.8634 4.7663
0.8548 4.2570
0.8455 3.8227
0.8359 3.4597
0.8261 3.1601
0.8164 2.9134
0.8071 2.7081
0.7983 2.5328
0.7898 2.3775
0.7815 2.2342
0.7730 2.0979
0.7642 1.9662
0.7548 1.8390
0.7448 1.7180
0.7343 1.6050
0.7233 1.5025
0.7124 1.4136
0.7019 1.3401
0.6925 1.2819
0.6843 1.2376
0.6778 1.2056
0.6728 1.1841
0.6694 1.1718
0.6673 1.1670
0.6665 1.1676
0.6666 1.1727
0.6675 1.1826
0.6691 1.1979
0.6715 1.2182
0.6746 1.2422
0.6781 1.2676
0.6816 1.2914
0.6850 1.3108
0.6877 1.3260
0.6902 1.3505
0.6941 1.4064
0.7011 1.5015
0.7114 1.6299
0.7241 1.7799
0.7375 1.9376
0.7503 2.0920
0.7618 2.2451
0.7719 2.3984
0.7809 2.5455
0.7891 2.7556
0.8003 3.2411
0.8161 3.9673
0.8337 4.8079
0.8502 5.8063
0.8648 7.0204
0.8769 8.2481
0.8861 9.3133
0.8925 10.1204
0.8967 10.6366
0.8994 11.4890
0.9037 15.2439
0.9101 19.8751
0.9166 26.9721
0.9223 33.8517
0.9263 39.1035
0.9288 42.7480
0.9301 44.7209
0.9308 44.9978
0.9309 43.5961
0.9307 40.6602
0.9301 38.5245
0.9296 38.8012
0.9296 42.3834
0.9302 46.9941
0.9310 50.2977
0.9317 52.1452
0.9321 52.6584
0.9323 51.7659
0.9322 49.2276
0.9318 45.0775
0.9311 40.2519
0.9300 35.5854
0.9286 31.6029
0.9271 28.2992
0.9255 25.5148
0.9237 23.1279
0.9220 21.1167
0.9202 19.4422
0.9184 17.9964
0.9165 16.6931
0.9146 15.4749
0.9126 14.3101
0.9103 13.1851
0.9078 12.0995
0.9050 11.0631
0.9018 10.0871
0.8981 9.1770
0.8941 8.3331
0.8896 7.5533
0.8846 6.8361
0.8791 6.1804
0.8730 5.5841
0.8663 5.0440
0.8590 4.5565
0.8510 4.1173
0.8424 3.7222
0.8330 3.3669
0.8230 3.0474
0.8123 2.7603
0.8009 2.5029
0.7888 2.2730
0.7761 2.0688
0.7629 1.8884
0.7494 1.7301
0.7358 1.5918
0.7222 1.4712
0.7088 1.3662
0.6958 1.2744
0.6832 1.1937
0.6711 1.1226
0.6595 1.0605
0.6487 1.0079
0.6389 0.9653
0.6305 0.9334
0.6239 0.9125
0.6194 0.9028
0.6173 0.9038
0.6175 0.9148
0.6199 0.9355
0.6243 0.9650
0.6304 1.0014
0.6375 1.0422
0.6452 1.0852
0.6530 1.1284
0.6604 1.1708
0.6674 1.2143
0.6744 1.2662
0.6825 1.3449
0.6933 1.4641
0.7075 1.6332
0.7248 1.8589
0.7440 2.1293
0.7631 2.4214
0.7806 2.7199
0.7956 3.0196
0.8081 3.3079
0.8185 3.6191
0.8289 4.1918
0.8415 5.0629
0.8551 6.0731
0.8677 7.1745
0.8785 8.4706
0.8875 9.8021
0.8945 10.9765
0.8996 11.8801
0.9030 12.5473
0.9061 15.0920
0.9110 19.6591
0.9165 25.4171
0.9217 33.0888
0.9259 39.2519
0.9286 43.7865
0.9303 46.4998
0.9311 47.9542
0.9316 50.4569
0.9320 53.6805
0.9325 57.7279
0.9330 60.0374
0.9333 60.6519
0.9335 59.9099
0.9334 57.9761
0.9332 54.8023
0.9328 50.3710
0.9321 44.9830
0.9311 39.3693
0.9298 34.2529
0.9282 30.0328
0.9264 26.7117
0.9246 24.0177
0.9227 21.7525
0.9208 19.8282
0.9188 18.1603
0.9168 16.6247
0.9146 15.1665
0.9121 13.8321
0.9095 12.6886
0.9067 11.7266
0.9039 10.8825
0.9011 10.0914
0.8980 9.3109
0.8946 8.5262
0.8906 7.7428
0.8858 6.9758
0.8802 6.2416
0.8736 5.5540
0.8660 4.9220
0.8573 4.3511
0.8474 3.8434
0.8364 3.3983
0.8244 3.0136
0.8115 2.6872
0.7982 2.4176
0.7848 2.2019
0.7721 2.0347
0.7607 1.9081
0.7508 1.8131
0.7427 1.7402
0.7359 1.6808
0.7301 1.6273
0.7247 1.5743
0.7193 1.5186
0.7133 1.4589
0.7066 1.3955
0.6991 1.3298
0.6907 1.2634
0.6815 1.1985
0.6719 1.1373
0.6622 1.0818
0.6527 1.0336
0.6439 0.9935
0.6362 0.9618
0.6298 0.9391
0.6251 0.9252
0.6221 0.9201
0.6211 0.9242
0.6220 0.9385
0.6251 0.9634
0.6302 0.9984
0.6371 1.0416
0.6452 1.0905
0.6538 1.1430
0.6629 1.2046
0.6732 1.2913
0.6860 1.4203
0.7025 1.6087
0.7222 1.8553
0.7434 2.1419
0.7638 2.4431
0.7816 2.7323
0.7960 2.9870
0.8071 3.2027
0.8153 3.3829
0.8214 3.5297
0.8265 3.7827
0.8340 4.3672
0.8448 5.1929
0.8569 6.1240
0.8685 7.2300
0.8790 8.5380
0.8878 9.8345
0.8946 10.9486
0.8995 11.8116
0.9035 14.0634
0.9091 18.8162
0.9153 24.6029
0.9210 32.5132
0.9255 39.0092
0.9285 43.8542
0.9303 46.9319
0.9312 48.5313
0.9317 51.2857
0.9321 53.1443
0.9325 55.5936
0.9328 58.3675
0.9331 59.6291
0.9333 59.4149
0.9333 57.8006
0.9332 54.8852
0.9328 50.8564
0.9322 45.8121
0.9313 40.3850
0.9300 35.2943
0.9285 31.0209
0.9269 27.6248
0.9251 24.8992
0.9233 22.6203
0.9215 20.6175
0.9196 18.7902
0.9176 17.0914
0.9153 15.4910
0.9127 14.0029
0.9098 12.6938
0.9068 11.6484
0.9038 10.8691
0.9011 10.2756
0.8987 9.7679
0.8965 9.2627
0.8941 8.7112
0.8913 8.1009
0.8879 7.4458
0.8836 6.7720
0.8784 6.1053
0.8721 5.4665
0.8648 4.8711
0.8564 4.3339
0.8471 3.8702
0.8371 3.4904
0.8272 3.1954
0.8178 2.9764
0.8097 2.8178
0.8029 2.7006
0.7974 2.6068
0.7928 2.5216
0.7884 2.4349
0.7839 2.3407
0.7788 2.2367
0.7728 2.1228
0.7657 2.0009
0.7573 1.8741
0.7477 1.7463
0.7369 1.6217
0.7251 1.5050
0.7128 1.4002
0.7004 1.3103
0.6886 1.2369
0.6781 1.1814
0.6695 1.1439
0.6633 1.1230
0.6596 1.1158
0.6582 1.1192
0.6586 1.1304
0.6604 1.1471
0.6631 1.1670
0.6664 1.1888
0.6701 1.2180
0.6753 1.2752
0.6840 1.3776
0.6970 1.5255
0.7132 1.7080
0.7308 1.9128
0.7482 2.1410
0.7646 2.3925
0.7798 2.6646
0.7935 2.9466
0.8054 3.2243
0.8160 3.5730
0.8274 4.1874
0.8407 5.0103
0.8542 5.9049
0.8661 6.8813
0.8764 8.0447
0.8851 9.2430
0.8920 10.3036
0.8971 11.1281
0.9006 11.6989
0.9032 13.2130
0.9078 17.4064
0.9136 22.4654
0.9194 30.0289
0.9242 36.7470
0.9276 41.6577
0.9296 44.8026
0.9307 45.9010
0.9311 46.0349
0.9313 47.4117
0.9315 50.0172
0.9319 53.8648
0.9324 56.4655
0.9328 57.5977
0.9330 57.3474
0.9331 55.7136
0.9329 52.6227
0.9324 48.1934
0.9317 42.8251
0.9306 37.3932
0.9292 32.5305
0.9275 28.5515
0.9257 25.3942
0.9237 22.8340
0.9218 20.6744
0.9197 18.8005
0.9176 17.1451
0.9154 15.6307
0.9129 14.2106
0.9102 12.9104
0.9073 11.7954
0.9042 10.8862
0.9012 10.1351
0.8983 9.4696
0.8953 8.8283
0.8921 8.1777
0.8884 7.5137
0.8841 6.8514
0.8791 6.2111
0.8732 5.6083
0.8666 5.0514
0.8591 4.5435
0.8508 4.0854
0.8417 3.6769
0.8320 3.3172
0.8216 3.0049
0.8109 2.7381
0.8001 2.5161
0.7895 2.3371
0.7798 2.1971
0.7712 2.0895
0.7638 2.0063
0.7576 1.9392
0.7524 1.8801
0.7475 1.8225
0.7427 1.7618
0.7375 1.6961
0.7316 1.6259
0.7249 1.5533
0.7175 1.4811
0.7096 1.4123
0.7016 1.3512
0.6939 1.3011
0.6871 1.2632
0.6816 1.2373
0.6777 1.2229
0.6754 1.2186
0.6746 1.2230
0.6752 1.2338
0.6767 1.2489
0.6791 1.2735
0.6833 1.3274
0.6910 1.4254
0.7027 1.5658
0.7175 1.7372
0.7335 1.9248
0.7489 2.1116
0.7626 2.2824
0.7738 2.4371
0.7830 2.5802
0.7905 2.7095
0.7968 2.8684
0.8051 3.2669
0.8180 3.9444
0.8340 4.7875
0.8497 5.7261
0.8638 6.8730
0.8758 8.1555
0.8854 9.3534
0.8925 10.3236
0.8973 11.0123
0.9004 11.6428
0.9040 14.7059
0.9097 19.0823
0.9156 24.3644
0.9210 31.7109
0.9253 37.8479
0.9282 42.4135
0.9299 45.2435
0.9308 45.8017
0.9311 46.3919
0.9314 48.5704
0.9316 48.8975
0.9317 49.0587
0.9319 51.6791
0.9322 53.7861
0.9325 54.4093
0.9326 53.1130
0.9324 50.0207
0.9320 46.2181
0.9313 42.2225
0.9305 38.1773
0.9294 34.2511
0.9281 30.6708
0.9266 27.5364
0.9250 24.7935
0.9232 22.2762
0.9212 19.8833
0.9189 17.6497
0.9162 15.7235
0.9133 14.1857
0.9104 12.9932
0.9076 12.0383
0.9048 11.2138
0.9022 10.4493
0.8994 9.7150
0.8964 9.0010
0.8930 8.3045
0.8893 7.6259
0.8850 6.9690
0.8801 6.3426
0.8745 5.7579
0.8683 5.2245
0.8616 4.7489
0.8543 4.3342
0.8468 3.9802
0.8393 3.6819
0.8318 3.4303
0.8246 3.2142
0.8177 3.0225
0.8108 2.8464
0.8038 2.6800
0.7966 2.5198
0.7889 2.3640
0.7807 2.2120
0.7717 2.0641
0.7621 1.9215
0.7516 1.7863
0.7405 1.6603
0.7289 1.5455
0.7172 1.4441
0.7057 1.3585
0.6950 1.2906
0.6857 1.2405
0.6784 1.2067
0.6731 1.1873
0.6699 1.1801
0.6686 1.1832
0.6690 1.1943
0.6707 1.2111
0.6733 1.2351
0.6775 1.2823
0.6848 1.3724
0.6964 1.5080
0.7114 1.6790
0.7281 1.8694
0.7445 2.0610
0.7590 2.2357
0.7709 2.3887
0.7803 2.5226
0.7876 2.6349
0.7933 2.7287
0.7984 2.9179
0.8072 3.3895
0.8209 4.0886
0.8368 4.9089
0.8519 5.8579
0.8655 7.0342
0.8771 8.2690
0.8862 9.3650
0.8927 10.2172
0.8970 10.8009
0.8998 11.4291
0.9034 14.6288
0.9093 18.8912
0.9153 24.2473
0.9209 31.4994
0.9252 37.4598
0.9280 41.8337
0.9298 44.5471
0.9306 44.9955
0.9309 44.5744
0.9310 46.3870
0.9312 47.2452
0.9313 46.8708
0.9314 48.7556
0.9317 51.4697
0.9321 52.8702
0.9323 52.6585
0.9323 50.9036
0.9321 48.1074
0.9317 44.5277
0.9310 40.2158
0.9299 35.3720
0.9285 30.9869
0.9268 27.5532
0.9251 25.0368
0.9235 23.0861
0.9219 21.4049
0.9203 19.8443
0.9187 18.3356
0.9169 16.8540
0.9149 15.4099
0.9125 14.0227
0.9098 12.7061
0.9067 11.4716
0.9032 10.3313
0.8992 9.2961
0.8948 8.3761
0.8900 7.5816
0.8850 6.9129
0.8798 6.3555
0.8747 5.8841
0.8696 5.4711
0.8646 5.0936
0.8593 4.7361
0.8536 4.3912
0.8475 4.0578
0.8406 3.7381
0.8331 3.4357
0.8248 3.1535
0.8158 2.8925
0.8062 2.6525
0.7959 2.4322
0.7849 2.2302
0.7733 2.0451
0.7611 1.8759
0.7483 1.7220
0.7349 1.5832
0.7213 1.4602
0.7076 1.3538
0.6944 1.2649
0.6822 1.1939
0.6715 1.1420
0.6632 1.1097
0.6576 1.0959
0.6550 1.0978
0.6552 1.1155
0.6585 1.1605
0.6662 1.2442
0.6785 1.3646
0.6940 1.5111
0.7110 1.6768
0.7283 1.8716
0.7456 2.1058
0.7626 2.3727
0.7785 2.6531
0.7926 2.9230
0.8043 3.1580
0.8133 3.3448
0.8200 3.4911
0.8248 3.6185
0.8286 3.7413
0.8319 3.8929
0.8364 4.2765
0.8441 4.9637
0.8544 5.8046
0.8649 6.6894
0.8745 7.7198
0.8830 8.8873
0.8903 10.1415
0.8963 11.4232
0.9014 13.2825
0.9076 18.3409
0.9144 23.7393
0.9200 28.2087
0.9240 34.3378
0.9271 40.3936
0.9293 46.9068
0.9310 52.3375
0.9320 55.2273
0.9326 55.7656
0.9328 55.0810
0.9329 56.0315
0.9329 56.0868
0.9329 54.4540
0.9327 51.4348
0.9323 47.9198
0.9317 44.3965
0.9310 40.6699
0.9300 36.4194
0.9288 32.2752
0.9273 28.7425
0.9257 25.9674
0.9241 23.7768
0.9225 21.8391
0.9208 19.9446
0.9189 18.0824
0.9167 16.3271
0.9142 14.7317
0.9114 13.3202
0.9083 12.0976
0.9051 11.0482
0.9018 10.1353
0.8984 9.3177
0.8947 8.5646
0.8908 7.8606
0.8866 7.2009
