0.0395 -0.029965
0.0181 -0.013804
-0.0075 0.005133
-0.0393 0.025053
-0.0797 0.045588
-0.1281 0.065620
-0.1798 0.076257
-0.2286 0.080263
-0.2709 0.078667
-0.3057 0.073439
-0.3339 0.066338
-0.3565 0.058580
-0.3747 0.050908
-0.3892 0.043728
-0.4008 0.037236
-0.4100 0.031499
-0.4173 0.026509
-0.4230 0.022221
-0.4275 0.018567
-0.4309 0.015474
-0.4334 0.012871
-0.4353 0.010688
-0.4366 0.008864
-0.4374 0.007343
-0.4379 0.006079
-0.4382 0.005029
-0.4383 0.004159
-0.4382 0.003439
-0.4382 0.002843
-0.4382 0.002351
-0.4383 0.001944
-0.4386 0.001609
-0.4228 0.107019
-0.4062 0.102613
-0.3928 0.099046
-0.3819 0.096154
-0.3726 0.093706
-0.3638 0.091405
-0.3546 0.089021
-0.3446 0.086458
-0.3339 0.083729
-0.3228 0.080903
-0.3116 0.078058
-0.3005 0.075257
-0.2897 0.072544
-0.2794 0.069948
-0.2696 0.067481
-0.2603 0.065153
-0.2516 0.062968
-0.2435 0.060930
-0.2360 0.059042
-0.2291 0.057305
-0.2228 0.055721
-0.2171 0.054292
-0.2120 0.053019
-0.2075 0.051906
-0.2039 0.047533
-0.2024 0.039390
-0.2030 0.033000
-0.2057 0.027926
-0.2103 0.023840
-0.2165 0.020496
-0.2241 0.017710
-0.2325 0.015345
-0.2414 0.013306
-0.2504 0.011527
-0.2592 0.009966
-0.2675 0.008589
-0.2750 0.007374
-0.2815 0.006305
-0.2818 0.075735
-0.2731 0.072554
-0.2646 0.069632
-0.2565 0.066929
-0.2485 0.064396
-0.2406 0.061995
-0.2328 0.059706
-0.2252 0.057519
-0.2178 0.055428
-0.2054 0.103525
-0.1882 0.094746
-0.1713 0.086154
-0.1541 0.077449
-0.1358 0.068254
-0.1121 0.084447
-0.0814 0.061418
-0.0432 0.032806
0.0067 -0.004574
0.0676 -0.050306
0.1264 -0.094478
0.1686 -0.126326
0.1919 -0.143911
0.2004 -0.150313
0.1991 -0.144550
0.1929 -0.132501
0.1836 -0.120243
0.1726 -0.108401
0.1604 -0.097210
0.1475 -0.086698
0.1341 -0.076781
0.1201 -0.067313
0.1057 -0.056620
0.0910 -0.044289
0.0757 -0.033747
0.0589 -0.023217
0.0397 -0.012989
0.0165 -0.004497
-0.0140 0.003026
-0.0558 0.010172
-0.1123 0.016963
-0.1785 0.022343
-0.2430 0.025177
-0.2979 0.025544
-0.3418 0.024244
-0.3759 0.022050
-0.4020 0.019501
-0.4217 0.016919
-0.4365 0.014480
-0.4473 0.012271
-0.4551 0.010322
-0.4604 0.008634
-0.4637 0.007191
-0.4656 0.005970
-0.4652 0.121281
-0.4445 0.115058
-0.4273 0.109964
-0.4130 0.105766
-0.4012 0.102304
-0.3910 0.099373
-0.3817 0.096752
-0.3728 0.094271
-0.3639 0.091844
-0.3550 0.089447
-0.3461 0.087089
-0.3373 0.084790
-0.3288 0.082572
-0.3206 0.080447
-0.3127 0.078426
-0.3052 0.076515
-0.2982 0.074720
-0.2916 0.073049
-0.2856 0.071510
-0.2801 0.070114
-0.2752 0.068869
-0.2709 0.067787
-0.2676 0.060968
-0.2668 0.050763
-0.2683 0.042629
-0.2717 0.036045
-0.2765 0.030637
-0.2825 0.026132
-0.2891 0.022334
-0.2960 0.019098
-0.3029 0.016323
-0.3096 0.013931
-0.3157 0.011867
-0.3213 0.010085
-0.3261 0.008549
-0.3301 0.007228
-0.3334 0.006096
-0.3359 0.005130
-0.3379 0.004309
-0.3394 0.003615
-0.3405 0.003029
-0.3411 0.002534
-0.3412 0.002116
-0.3405 0.001764
-0.3392 0.001467
-0.3233 0.082049
-0.3069 0.077692
-0.2918 0.073719
-0.2777 0.070053
-0.2645 0.066615
-0.2518 0.063346
-0.2395 0.060207
-0.2276 0.057172
-0.2160 0.054220
-0.2029 0.101680
-0.1815 0.090987
-0.1602 0.080272
-0.1376 0.068999
-0.1124 0.056394
-0.0820 0.041199
-0.0421 0.021290
0.0131 -0.009319
0.0806 -0.059956
0.1426 -0.106583
0.1846 -0.138256
0.2062 -0.154589
0.2127 -0.159563
0.2095 -0.155824
0.2015 -0.141357
0.1910 -0.127366
0.1791 -0.114271
0.1663 -0.102170
0.1530 -0.091001
0.1394 -0.080619
0.1254 -0.070843
0.1110 -0.061470
0.0959 -0.052270
0.0801 -0.040948
0.0633 -0.029536
0.0446 -0.019163
0.0224 -0.008988
-0.0055 0.001925
-0.0425 0.012874
-0.0923 0.023174
-0.1531 0.031859
-0.2157 0.037167
-0.2711 0.038664
-0.3163 0.037311
-0.3516 0.034312
-0.3789 0.030574
-0.3996 0.026668
-0.4153 0.022918
-0.4271 0.019487
-0.4358 0.016440
-0.4421 0.013790
-0.4465 0.011517
-0.4495 0.009587
-0.4514 0.007961
-0.4525 0.006598
-0.4530 0.005461
-0.4530 0.004515
-0.4527 0.003731
-0.4522 0.003081
-0.4517 0.002545
-0.4511 0.002101
-0.4506 0.001736
-0.4503 0.001434
-0.4502 0.001185
-0.4503 0.000980
-0.4506 0.000811
-0.4513 0.000672
-0.4523 0.000556
-0.4534 0.000461
-0.4548 0.000383
-0.4501 0.112898
-0.4318 0.108246
-0.4166 0.104395
-0.4040 0.101184
-0.3931 0.098439
-0.3830 0.095885
-0.3725 0.093226
-0.3608 0.090298
-0.3480 0.087093
-0.3345 0.083698
-0.3207 0.080231
-0.3069 0.076793
-0.2936 0.073453
-0.2808 0.070252
-0.2687 0.067206
-0.2571 0.064320
-0.2462 0.061587
-0.2359 0.058999
-0.2261 0.056545
-0.2168 0.054215
-0.2079 0.051994
-0.1994 0.049868
-0.1912 0.047818
-0.1832 0.042800
-0.1765 0.034419
-0.1704 0.070394
-0.1565 0.060467
-0.1423 0.051776
-0.1268 0.043789
-0.1090 0.035963
-0.0871 0.027629
-0.0581 0.017843
-0.0171 0.005215
0.0401 -0.021231
0.1053 -0.055722
0.1607 -0.084449
0.1966 -0.102556
0.2142 -0.111074
0.2114 -0.161941
0.2013 -0.153697
0.1885 -0.143543
0.1744 -0.132507
0.1598 -0.121148
0.1449 -0.109732
0.1301 -0.098347
0.1151 -0.086961
0.1000 -0.075461
0.0844 -0.063656
0.0679 -0.051264
0.0502 -0.036760
0.0307 -0.021283
0.0078 -0.005265
-0.0205 0.012687
-0.0563 0.033953
-0.1006 0.058945
-0.1500 0.081846
-0.1983 0.098146
-0.2404 0.108820
-0.2744 0.111920
-0.3022 0.101966
-0.3255 0.090817
-0.3449 0.079579
-0.3611 0.068898
-0.3747 0.059111
-0.3861 0.050359
-0.3955 0.042663
-0.4035 0.035982
-0.4100 0.030234
-0.4154 0.025326
-0.4197 0.021159
-0.4231 0.017637
-0.4257 0.014674
-0.4277 0.012188
-0.4290 0.010108
-0.4298 0.008373
-0.4301 0.006929
-0.4301 0.005728
-0.4297 0.004732
-0.4291 0.003907
-0.4282 0.003224
-0.4273 0.002660
-0.4262 0.002194
-0.4251 0.001809
-0.4236 0.107441
-0.4032 0.102019
-0.3861 0.097483
-0.3717 0.093686
-0.3596 0.090520
-0.3492 0.087801
-0.3396 0.085295
-0.3300 0.082826
-0.3202 0.080317
-0.3102 0.077766
-0.3001 0.075205
-0.2901 0.072675
-0.2803 0.070209
-0.2709 0.067832
-0.2619 0.065558
-0.2533 0.063395
-0.2452 0.061350
-0.2375 0.059430
-0.2304 0.057642
-0.2238 0.055995
-0.2179 0.054496
-0.2125 0.053150
-0.2077 0.051957
-0.2036 0.050914
-0.2006 0.042972
-0.1998 0.035735
-0.2009 0.029998
-0.2036 0.025392
-0.2078 0.021645
-0.2132 0.018544
-0.2194 0.015933
-0.2259 0.013700
-0.2258 0.067899
-0.2209 0.064598
-0.2161 0.061684
-0.2113 0.059084
-0.2065 0.056727
-0.2016 0.054551
-0.1965 0.052517
-0.1914 0.050601
-0.1862 0.048790
-0.1810 0.047070
-0.1705 0.086753
-0.1562 0.079271
-0.1413 0.071561
-0.1252 0.063300
-0.1070 0.054013
-0.0851 0.042960
-0.0573 0.028953
-0.0198 0.010189
0.0303 -0.022347
0.0864 -0.064563
0.1351 -0.101239
0.1675 -0.125647
0.1838 -0.137983
0.1887 -0.134918
0.1866 -0.126544
0.1801 -0.116617
0.1708 -0.106256
0.1598 -0.096018
0.1476 -0.086130
0.1346 -0.076638
0.1210 -0.067481
0.1069 -0.056842
0.0927 -0.044759
0.0778 -0.034460
0.0616 -0.025250
0.0431 -0.016513
0.0209 -0.007588
-0.0072 0.002350
-0.0448 0.012541
-0.0952 0.022126
-0.1565 0.030144
-0.2192 0.034957
-0.2746 0.036230
-0.3196 0.034891
-0.3550 0.032055
-0.3824 0.028554
-0.4034 0.024911
-0.4194 0.021418
-0.4316 0.018225
-0.4408 0.015391
-0.4477 0.012925
-0.4528 0.010807
-0.4564 0.009007
-0.4589 0.007488
-0.4605 0.006213
-0.4613 0.005147
-0.4616 0.004258
-0.4614 0.003519
-0.4608 0.002906
-0.4599 0.002398
-0.4587 0.001977
-0.4572 0.001630
-0.4549 0.115125
-0.4326 0.109251
-0.4139 0.104347
-0.3982 0.100243
-0.3850 0.096812
-0.3736 0.093849
-0.3630 0.091109
-0.3525 0.088419
-0.3418 0.085707
-0.3311 0.082977
-0.3204 0.080264
-0.3099 0.077610
-0.2997 0.075048
-0.2900 0.072601
-0.2808 0.070280
-0.2721 0.068094
-0.2640 0.066047
-0.2564 0.064145
-0.2494 0.062396
-0.2431 0.060808
-0.2375 0.059392
-0.2325 0.058159
-0.2284 0.057118
-0.2254 0.050948
-0.2248 0.042434
-0.2265 0.035707
-0.2302 0.030307
-0.2356 0.025899
-0.2422 0.022236
-0.2496 0.019137
-0.2574 0.016477
-0.2650 0.014172
-0.2724 0.012164
-0.2792 0.010413
-0.2853 0.008887
-0.2907 0.007561
-0.2952 0.006412
-0.2988 0.005421
-0.3015 0.004568
-0.2897 0.076122
-0.2781 0.072499
-0.2673 0.069200
-0.2570 0.066163
-0.2471 0.063330
-0.2376 0.060657
-0.2285 0.058116
-0.2173 0.109541
-0.1982 0.099775
-0.1796 0.090366
-0.1611 0.080974
-0.1417 0.071193
-0.1203 0.060463
-0.0954 0.047935
-0.0639 0.032205
-0.0215 0.011022
0.0362 -0.017797
0.1033 -0.051390
0.1612 -0.080453
0.1921 -0.143992
0.2048 -0.153652
0.2058 -0.154438
0.1997 -0.144527
0.1905 -0.130506
0.1795 -0.117209
0.1673 -0.104852
0.1545 -0.093437
0.1412 -0.082855
0.1275 -0.072344
0.1141 -0.058441
0.1006 -0.046993
0.0866 -0.037219
0.0715 -0.028523
0.0546 -0.020383
0.0347 -0.012258
0.0102 -0.003490
-0.0217 0.006806
-0.0644 0.019641
-0.1192 0.035258
-0.1799 0.047694
-0.2376 0.052136
-0.2867 0.052047
-0.3262 0.048982
-0.3572 0.044366
-0.3814 0.039172
-0.4001 0.033986
-0.4147 0.029123
-0.4259 0.024734
-0.4346 0.020867
-0.4412 0.017518
-0.4463 0.014651
-0.4501 0.012218
-0.4530 0.010167
-0.4551 0.008445
-0.4566 0.007005
-0.4575 0.005804
-0.4580 0.004804
-0.4581 0.003973
-0.4578 0.003283
-0.4572 0.002710
-0.4520 0.115262
-0.4308 0.109504
-0.4131 0.104694
-0.3981 0.100662
-0.3854 0.097272
-0.3743 0.094310
-0.3638 0.091545
-0.3534 0.088827
-0.3428 0.086100
-0.3322 0.083374
-0.3217 0.080686
-0.3114 0.078071
-0.3015 0.075559
-0.2921 0.073166
-0.2831 0.070903
-0.2747 0.068775
-0.2668 0.066785
-0.2595 0.064937
-0.2527 0.063237
-0.2466 0.061691
-0.2411 0.060307
-0.2362 0.059093
-0.2321 0.058054
-0.2295 0.048630
-0.2293 0.040565
-0.2310 0.034127
-0.2342 0.028904
-0.2387 0.024598
-0.2440 0.020998
-0.2498 0.017954
-0.2559 0.015357
-0.2619 0.013125
-0.2675 0.011197
-0.2726 0.009530
-0.2715 0.075838
-0.2626 0.072088
-0.2542 0.068740
-0.2461 0.065719
-0.2382 0.062952
-0.2305 0.060382
-0.2230 0.057971
-0.2156 0.055696
-0.2073 0.105160
-0.1901 0.096215
-0.1732 0.087525
-0.1561 0.078789
-0.1382 0.069645
-0.1183 0.059591
-0.0950 0.047864
-0.0659 0.033223
-0.0268 0.013675
0.0264 -0.012943
0.0904 -0.044989
0.1448 -0.108421
0.1788 -0.134059
0.1953 -0.146554
0.1992 -0.149490
0.1956 -0.138486
0.1880 -0.126366
0.1779 -0.114323
0.1664 -0.102804
0.1539 -0.091957
0.1408 -0.081765
0.1272 -0.071290
0.1138 -0.057661
0.1003 -0.046400
0.0863 -0.036757
0.0711 -0.028152
0.0541 -0.020073
0.0341 -0.011981
0.0094 -0.003215
-0.0228 0.007117
-0.0659 0.020026
-0.1212 0.033842
-0.1830 0.042319
-0.2417 0.046255
-0.2914 0.046141
-0.3312 0.043386
-0.3624 0.039263
-0.3866 0.034638
-0.4053 0.030027
-0.4196 0.025711
-0.4307 0.021818
-0.4391 0.018393
-0.4455 0.015429
-0.4503 0.012894
-0.4538 0.010746
-0.4564 0.008936
-0.4583 0.007419
-0.4597 0.006152
-0.4606 0.005097
-0.4612 0.004219
-0.4614 0.003491
-0.4614 0.002886
-0.4611 0.002384
-0.4556 0.115915
-0.4346 0.110233
-0.4168 0.105457
-0.4017 0.101429
-0.3889 0.098036
-0.3776 0.095054
-0.3668 0.092239
-0.3560 0.089441
-0.3451 0.086615
-0.3340 0.083782
-0.3230 0.080988
-0.3123 0.078274
-0.3021 0.075673
-0.2923 0.073202
-0.2831 0.070871
-0.2744 0.068684
-0.2663 0.066644
-0.2588 0.064752
-0.2518 0.063009
-0.2455 0.061413
-0.2397 0.059963
-0.2345 0.058652
-0.2298 0.057474
-0.2261 0.049928
-0.2245 0.041401
-0.2248 0.034618
-0.2266 0.029143
-0.2295 0.024653
-0.2332 0.020918
-0.2355 0.076550
-0.2282 0.071363
-0.2214 0.066943
-0.2149 0.063128
-0.2086 0.059780
-0.2024 0.056782
-0.1962 0.054050
-0.1899 0.051528
-0.1836 0.049176
-0.1773 0.046964
-0.1662 0.085235
-0.1508 0.077035
-0.1345 0.068499
-0.1165 0.059200
-0.0956 0.048485
-0.0696 0.035311
-0.0353 0.018019
0.0114 -0.005455
0.0702 -0.034978
0.1262 -0.094624
0.1641 -0.123182
0.1847 -0.138705
0.1917 -0.144054
0.1901 -0.137352
0.1838 -0.125791
0.1748 -0.114046
0.1640 -0.102675
0.1520 -0.091886
0.1393 -0.081697
0.1260 -0.072024
0.1121 -0.062724
0.0976 -0.051903
0.0829 -0.040028
0.0672 -0.029764
0.0497 -0.020389
0.0292 -0.011212
0.0038 -0.001447
-0.0295 0.009889
-0.0739 0.023777
-0.1294 0.038677
-0.1899 0.046990
-0.2463 0.050435
-0.2937 0.049765
-0.3318 0.046490
-0.3616 0.041908
-0.3848 0.036884
-0.4029 0.031929
-0.4168 0.027316
-0.4275 0.023169
-0.4358 0.019527
-0.4421 0.016378
-0.4468 0.013686
-0.4503 0.011405
-0.4528 0.009484
-0.4547 0.007873
-0.4560 0.006528
-0.4568 0.005408
-0.4574 0.004477
-0.4578 0.003704
-0.4579 0.003064
-0.4580 0.002534
-0.4578 0.002094
-0.4574 0.001730
-0.4567 0.001428
-0.4476 0.113102
-0.4269 0.107676
-0.4092 0.103055
-0.3940 0.099116
-0.3810 0.095750
-0.3694 0.092735
-0.3581 0.089844
-0.3467 0.086953
-0.3353 0.084034
-0.3238 0.081119
-0.3124 0.078254
-0.3014 0.075481
-0.2909 0.072828
-0.2809 0.070311
-0.2715 0.067936
-0.2626 0.065704
-0.2542 0.063614
-0.2465 0.061662
-0.2392 0.059846
-0.2325 0.058162
-0.2263 0.056607
-0.2206 0.055177
-0.2154 0.053871
-0.2109 0.048027
-0.2083 0.039612
-0.2074 0.032937
-0.2079 0.027565
-0.2052 0.074056
-0.1971 0.067518
-0.1894 0.062018
-0.1821 0.057306
-0.1749 0.053173
-0.1676 0.049451
-0.1599 0.046012
-0.1519 0.042758
-0.1433 0.039595
-0.1339 0.036423
-0.1172 0.060861
-0.0971 0.050130
-0.0723 0.037211
-0.0399 0.020582
0.0040 -0.001770
0.0603 -0.030287
0.1187 -0.059825
0.1645 -0.082914
0.1863 -0.140434
0.1927 -0.145228
0.1903 -0.143338
0.1824 -0.137338
0.1714 -0.128318
0.1593 -0.112437
0.1470 -0.098542
0.1344 -0.086172
0.1215 -0.074942
0.1081 -0.064515
0.0940 -0.054574
0.0790 -0.044796
0.0626 -0.034813
0.0442 -0.023308
0.0228 -0.010984
-0.0036 0.001468
-0.0380 0.015260
-0.0832 0.031314
-0.1381 0.049017
-0.1950 0.065715
-0.2457 0.073252
-0.2881 0.071069
-0.3225 0.065792
-0.3499 0.059036
-0.3716 0.051856
-0.3889 0.044872
-0.4026 0.038409
-0.4134 0.032613
-0.4219 0.027523
-0.4286 0.023118
-0.4338 0.019347
-0.4378 0.016145
-0.4409 0.013442
-0.4431 0.011171
-0.4448 0.009271
-0.4460 0.007686
-0.4468 0.006367
-0.4474 0.005271
-0.4477 0.004362
-0.4480 0.003608
-0.4482 0.002985
-0.4483 0.002468
-0.4484 0.002041
-0.4485 0.001688
-0.4485 0.001396
-0.4483 0.001154
-0.4478 0.000953
-0.4443 0.111921
-0.4230 0.106424
-0.4045 0.101665
-0.3884 0.097523
-0.3744 0.093941
-0.3619 0.090757
-0.3501 0.087755
-0.3384 0.084790
-0.3266 0.081814
-0.3149 0.078843
-0.3032 0.075918
-0.2919 0.073076
-0.2811 0.070343
-0.2707 0.067733
-0.2608 0.065250
-0.2514 0.062894
-0.2425 0.060663
-0.2341 0.058555
-0.2261 0.056569
-0.2187 0.054703
-0.2117 0.052956
-0.2052 0.051321
-0.1990 0.049778
-0.1931 0.047433
-0.1883 0.038615
-0.1816 0.076544
-0.1698 0.066778
-0.1584 0.058553
-0.1468 0.051393
-0.1345 0.044881
-0.1207 0.038622
-0.1044 0.032209
-0.0839 0.025120
-0.0567 0.016575
-0.0185 0.010113
0.0350 -0.018195
0.0969 -0.050439
0.1512 -0.078320
0.1874 -0.096630
0.2060 -0.105757
0.2113 -0.108095
0.2028 -0.154165
0.1877 -0.142382
0.1721 -0.130344
0.1565 -0.118355
0.1410 -0.106516
0.1256 -0.094803
0.1102 -0.083114
0.0948 -0.068374
0.0794 -0.054266
0.0633 -0.041294
0.0457 -0.028631
0.0254 -0.015426
0.0008 -0.000650
-0.0301 0.016988
-0.0698 0.038713
-0.1178 0.063442
-0.1696 0.082887
-0.2179 0.097568
-0.2584 0.106895
-0.2902 0.111859
-0.3143 0.111888
-0.3338 0.098261
-0.3504 0.085286
-0.3645 0.073356
-0.3764 0.062643
-0.3865 0.053186
-0.3950 0.044944
-0.4021 0.037830
-0.4080 0.031737
-0.4128 0.026553
-0.4167 0.022164
-0.4199 0.018464
-0.4224 0.015357
-0.4243 0.012755
-0.4258 0.010583
-0.4269 0.008773
-0.4277 0.007268
-0.4283 0.006018
-0.4288 0.004981
-0.4291 0.004122
-0.4295 0.003411
-0.4298 0.002822
-0.4302 0.002336
-0.4306 0.001933
-0.4311 0.001600
-0.4317 0.001325
-0.4323 0.001097
-0.4329 0.000908
-0.4335 0.000752
-0.4338 0.000622
-0.4338 0.000514
-0.4281 0.107501
-0.4081 0.102408
-0.3906 0.097947
-0.3752 0.094033
-0.3617 0.090624
-0.3496 0.087554
-0.3379 0.084608
-0.3262 0.081655
-0.3142 0.078659
-0.3023 0.075647
-0.2904 0.072663
-0.2787 0.069748
-0.2675 0.066931
-0.2567 0.064225
-0.2464 0.061635
-0.2365 0.059160
-0.2270 0.056796
-0.2180 0.054538
-0.2094 0.052382
-0.2012 0.050322
-0.1933 0.048344
-0.1856 0.046428
-0.1781 0.044537
-0.1704 0.042625
-0.1628 0.075192
-0.1479 0.063164
-0.1326 0.052768
-0.1158 0.043272
-0.0959 0.033927
-0.0706 0.023815
-0.0358 0.011666
0.0137 -0.004071
0.0787 -0.023394
0.1435 -0.077446
0.1857 -0.099147
0.2087 -0.110373
0.2169 -0.113741
0.2151 -0.111960
0.2070 -0.107081
0.1886 -0.144269
0.1697 -0.129453
0.1522 -0.115751
0.1354 -0.102823
0.1192 -0.090371
0.1032 -0.078114
0.0870 -0.065756
0.0701 -0.052954
0.0519 -0.038994
0.0320 -0.022688
0.0088 -0.006071
-0.0196 0.012330
-0.0555 0.033957
-0.0999 0.059275
-0.1493 0.086207
-0.1964 0.110841
-0.2358 0.130397
-0.2671 0.133721
-0.2918 0.133433
-0.3108 0.131008
-0.3255 0.121879
-0.3386 0.104832
-0.3506 0.089744
-0.3614 0.076484
-0.3709 0.064916
-0.3793 0.054892
-0.3866 0.046261
-0.3929 0.038871
-0.3982 0.032575
-0.4027 0.027236
-0.4064 0.022725
-0.4094 0.018928
-0.4118 0.015742
-0.4136 0.013075
-0.4151 0.010849
-0.4162 0.008993
-0.4170 0.007450
-0.4175 0.006169
-0.4180 0.005106
-0.4184 0.004225
-0.4187 0.003496
-0.4190 0.002893
-0.4195 0.002395
-0.4200 0.001982
-0.4207 0.001642
-0.4215 0.001360
-0.4224 0.001127
-0.4236 0.000934
-0.4248 0.000775
-0.4261 0.000643
-0.4275 0.000533
-0.4289 0.000442
-0.4302 0.000367
-0.4200 0.105338
-0.4030 0.101015
-0.3884 0.097326
-0.3761 0.094202
-0.3655 0.091514
-0.3554 0.088971
-0.3448 0.086315
-0.3334 0.083445
-0.3212 0.080388
-0.3086 0.077229
-0.2960 0.074059
-0.2836 0.070947
-0.2716 0.067939
-0.2601 0.065059
-0.2491 0.062318
-0.2387 0.059719
-0.2289 0.057262
-0.2197 0.054949
-0.2110 0.052781
-0.2030 0.050764
-0.1955 0.048906
-0.1888 0.047214
-0.1827 0.045693
-0.1773 0.044339
