-0.4603 -0.002589
-0.4540 -0.002484
-0.4466 -0.002385
-0.4383 -0.002284
-0.4290 -0.002177
-0.4187 -0.002062
-0.4075 -0.001942
-0.3954 -0.001819
-0.3823 -0.001695
-0.3681 -0.001572
-0.3528 -0.001454
-0.3361 -0.001340
-0.3180 -0.001232
-0.2982 -0.001131
-0.2766 -0.001037
-0.2529 -0.000949
-0.2295 -0.034646
-0.2077 -0.037278
-0.1843 -0.040123
-0.1631 -0.084816
-0.1564 -0.086400
-0.1590 -0.085698
-0.1706 -0.082739
-0.1896 -0.077908
-0.2138 -0.071822
-0.2402 -0.065169
-0.2665 -0.058546
-0.2911 -0.052359
-0.3131 -0.046828
-0.3322 -0.042035
-0.3484 -0.037978
-0.3618 -0.034610
-0.3727 -0.031863
-0.3815 -0.029664
-0.3883 -0.027693
-0.3933 -0.024297
-0.3965 -0.021804
-0.3982 -0.018199
-0.3984 -0.015167
-0.3974 -0.012789
-0.3955 -0.010887
-0.3927 -0.009335
-0.3892 -0.008049
-0.3851 -0.006970
-0.3805 -0.006053
-0.3754 -0.005269
-0.3699 -0.004594
-0.3640 -0.004011
-0.3577 -0.003505
-0.3509 -0.003067
-0.3437 -0.002686
-0.3358 -0.002356
-0.3273 -0.002069
-0.3180 -0.001821
-0.3078 -0.001606
-0.2964 -0.001421
-0.2838 -0.001260
-0.2696 -0.001122
-0.2534 -0.001002
-0.2347 -0.000900
-0.2129 -0.000814
-0.1866 -0.000742
-0.1536 -0.000685
-0.1091 -0.000645
-0.0420 -0.000631
0.0529 -0.069603
0.1693 -0.084165
0.2577 -0.095235
0.3020 -0.100755
0.3114 -0.101889
0.2993 -0.100316
0.2763 -0.097375
0.2491 -0.093911
0.2144 -0.178910
0.1748 -0.168946
0.1400 -0.160204
0.1074 -0.152035
0.0744 -0.143771
0.0376 -0.134549
-0.0086 -0.123017
-0.0718 -0.107272
-0.1530 -0.085072
-0.2355 -0.059641
-0.3044 -0.040882
-0.3570 -0.027919
-0.3957 -0.019167
-0.4235 -0.013315
-0.4432 -0.009437
-0.4566 -0.006910
-0.4654 -0.005317
-0.4706 -0.004381
-0.4729 -0.003919
-0.4731 -0.003779
-0.4714 -0.003322
-0.4682 -0.003062
-0.4636 -0.002898
-0.4579 -0.002774
-0.4512 -0.002661
-0.4437 -0.002544
-0.4353 -0.002417
-0.4263 -0.002280
-0.4167 -0.002136
-0.4063 -0.001987
-0.3954 -0.001838
-0.3837 -0.001691
-0.3713 -0.001549
-0.3580 -0.001415
-0.3437 -0.001290
-0.3283 -0.001173
-0.3114 -0.001067
-0.2929 -0.000970
-0.2724 -0.000883
-0.2493 -0.000805
-0.2267 -0.034867
-0.2041 -0.037606
-0.1809 -0.040443
-0.1610 -0.042866
-0.1528 -0.087233
-0.1571 -0.086097
-0.1700 -0.082830
-0.1898 -0.077834
-0.2141 -0.071706
-0.2404 -0.065096
-0.2664 -0.058558
-0.2906 -0.052471
-0.3123 -0.047037
-0.3310 -0.042329
-0.3469 -0.038344
-0.3601 -0.035033
-0.3708 -0.032331
-0.3795 -0.030168
-0.3862 -0.028171
-0.3910 -0.024766
-0.3942 -0.022264
-0.3959 -0.019530
-0.3962 -0.016269
-0.3952 -0.013715
-0.3932 -0.011670
-0.3904 -0.010003
-0.3869 -0.008620
-0.3828 -0.007460
-0.3781 -0.006475
-0.3730 -0.005633
-0.3675 -0.004910
-0.3615 -0.004286
-0.3550 -0.003747
-0.3480 -0.003281
-0.3404 -0.002877
-0.3321 -0.002528
-0.3230 -0.002224
-0.3131 -0.001962
-0.3022 -0.001734
-0.2900 -0.001537
-0.2765 -0.001366
-0.2613 -0.001219
-0.2441 -0.001091
-0.2242 -0.000982
-0.2008 -0.000890
-0.1723 -0.000814
-0.1358 -0.000755
-0.0846 -0.000719
-0.0129 -0.061487
0.0917 -0.074534
0.2000 -0.088094
0.2705 -0.096905
0.3007 -0.100628
0.3021 -0.100741
0.2867 -0.098755
0.2633 -0.095758
0.2370 -0.092407
0.1964 -0.174407
0.1603 -0.165321
0.1276 -0.157109
0.0960 -0.149183
0.0628 -0.140876
0.0243 -0.131240
-0.0258 -0.118748
-0.0945 -0.101519
-0.1773 -0.074180
-0.2559 -0.051915
-0.3196 -0.035779
-0.3677 -0.024655
-0.4028 -0.017125
-0.4281 -0.012076
-0.4457 -0.008728
-0.4577 -0.006556
-0.4653 -0.005207
-0.4695 -0.004444
-0.4711 -0.004109
-0.4706 -0.003762
-0.4683 -0.003359
-0.4644 -0.003117
-0.4593 -0.002954
-0.4529 -0.002824
-0.4456 -0.002704
-0.4372 -0.002582
-0.4279 -0.002453
-0.4177 -0.002319
-0.4066 -0.002180
-0.3945 -0.002038
-0.3814 -0.001897
-0.3671 -0.001759
-0.3516 -0.001626
-0.3348 -0.001499
-0.3163 -0.001380
-0.2961 -0.001268
-0.2735 -0.001166
-0.2482 -0.001073
-0.2231 -0.035561
-0.1970 -0.038724
-0.1709 -0.083008
-0.1531 -0.087371
-0.1428 -0.089876
-0.1421 -0.089980
-0.1513 -0.087617
-0.1691 -0.083079
-0.1935 -0.076935
-0.2213 -0.069917
-0.2499 -0.062734
-0.2770 -0.055912
-0.3015 -0.049760
-0.3228 -0.044407
-0.3409 -0.039869
-0.3559 -0.036100
-0.3681 -0.033029
-0.3779 -0.030571
-0.3855 -0.028118
-0.3910 -0.023540
-0.3943 -0.019063
-0.3958 -0.015693
-0.3958 -0.013096
-0.3947 -0.011051
-0.3927 -0.009409
-0.3898 -0.008067
-0.3863 -0.006952
-0.3822 -0.006016
-0.3776 -0.005221
-0.3725 -0.004541
-0.3670 -0.003956
-0.3610 -0.003452
-0.3546 -0.003015
-0.3477 -0.002637
-0.3403 -0.002310
-0.3322 -0.002027
-0.3234 -0.001782
-0.3136 -0.001570
-0.3029 -0.001387
-0.2909 -0.001229
-0.2774 -0.001092
-0.2621 -0.000975
-0.2445 -0.000874
-0.2242 -0.000788
-0.1999 -0.000716
-0.1701 -0.000657
-0.1314 -0.000613
-0.0762 -0.000589
0.0046 -0.063538
0.1170 -0.077576
0.2231 -0.090866
0.2868 -0.098827
0.3101 -0.101705
0.3061 -0.101154
0.2870 -0.098711
0.2612 -0.095430
0.2311 -0.183089
0.1896 -0.172663
0.1538 -0.163663
0.1211 -0.155458
0.0891 -0.147434
0.0549 -0.138869
0.0141 -0.128695
-0.0399 -0.115226
-0.1132 -0.096924
-0.1972 -0.070288
-0.2731 -0.048698
-0.3330 -0.033395
-0.3776 -0.022960
-0.4101 -0.015944
-0.4332 -0.011267
-0.4493 -0.008186
-0.4601 -0.006205
-0.4668 -0.004992
-0.4704 -0.004327
-0.4715 -0.004061
-0.4707 -0.003628
-0.4681 -0.003265
-0.4641 -0.003041
-0.4588 -0.002884
-0.4525 -0.002755
-0.4452 -0.002633
-0.4369 -0.002509
-0.4277 -0.002379
-0.4177 -0.002243
-0.4068 -0.002101
-0.3952 -0.001957
-0.3829 -0.001811
-0.3698 -0.001667
-0.3561 -0.001526
-0.3416 -0.001390
-0.3263 -0.001262
-0.3102 -0.001142
-0.2929 -0.001031
-0.2743 -0.000931
-0.2540 -0.000840
-0.2352 -0.033824
-0.2179 -0.035903
-0.2011 -0.037925
-0.1881 -0.039472
-0.1817 -0.040213
-0.1823 -0.040064
-0.1895 -0.039111
-0.2085 -0.073153
-0.2316 -0.067334
-0.2556 -0.061296
-0.2788 -0.055461
-0.3001 -0.050096
-0.3191 -0.045334
-0.3355 -0.041215
-0.3493 -0.037725
-0.3609 -0.034819
-0.3704 -0.032441
-0.3780 -0.030530
-0.3840 -0.029027
-0.3883 -0.025716
-0.3911 -0.023185
-0.3926 -0.021311
-0.3930 -0.019932
-0.3925 -0.018931
-0.3913 -0.017863
-0.3892 -0.015206
-0.3863 -0.013039
-0.3826 -0.011243
-0.3783 -0.009733
-0.3734 -0.008452
-0.3681 -0.007355
-0.3623 -0.006413
-0.3560 -0.005600
-0.3492 -0.004898
-0.3418 -0.004290
-0.3338 -0.003764
-0.3250 -0.003309
-0.3154 -0.002915
-0.3048 -0.002575
-0.2930 -0.002280
-0.2798 -0.002026
-0.2648 -0.001807
-0.2477 -0.001619
-0.2279 -0.001458
-0.2045 -0.001322
-0.1760 -0.001210
-0.1394 -0.001125
-0.0882 -0.001072
-0.0151 -0.061561
0.0910 -0.074796
0.2017 -0.088659
0.2742 -0.097690
0.3052 -0.101488
0.3067 -0.101567
0.2910 -0.099489
0.2670 -0.096385
0.2401 -0.092934
0.2026 -0.176060
0.1651 -0.166608
0.1317 -0.158187
0.0998 -0.150170
0.0667 -0.141886
0.0289 -0.132418
-0.0196 -0.120307
-0.0861 -0.103710
-0.1682 -0.077223
-0.2479 -0.054226
-0.3132 -0.037427
-0.3627 -0.025820
-0.3989 -0.017961
-0.4249 -0.012690
-0.4432 -0.009193
-0.4556 -0.006919
-0.4635 -0.005498
-0.4680 -0.004684
-0.4698 -0.004310
-0.4695 -0.004122
-0.4673 -0.003649
-0.4636 -0.003361
-0.4586 -0.003166
-0.4524 -0.003014
-0.4451 -0.002877
-0.4368 -0.002741
-0.4276 -0.002600
-0.4175 -0.002454
-0.4064 -0.002304
-0.3944 -0.002151
-0.3815 -0.001999
-0.3675 -0.001850
-0.3525 -0.001706
-0.3361 -0.001569
-0.3183 -0.001440
-0.2988 -0.001320
-0.2774 -0.001209
-0.2535 -0.001108
-0.2293 -0.034816
-0.2066 -0.037548
-0.1830 -0.040404
-0.1620 -0.085187
-0.1559 -0.086624
-0.1587 -0.085844
-0.1701 -0.082898
-0.1888 -0.078152
-0.2124 -0.072189
-0.2383 -0.065666
-0.2641 -0.059160
-0.2883 -0.053071
-0.3100 -0.047618
-0.3288 -0.042887
-0.3448 -0.038879
-0.3580 -0.035550
-0.3689 -0.032834
-0.3775 -0.030662
-0.3843 -0.028962
-0.3892 -0.025622
-0.3924 -0.022995
-0.3941 -0.019436
-0.3942 -0.016210
-0.3931 -0.013676
-0.3910 -0.011645
-0.3881 -0.009985
-0.3845 -0.008608
-0.3803 -0.007450
-0.3755 -0.006468
-0.3703 -0.005627
-0.3647 -0.004904
-0.3586 -0.004280
-0.3520 -0.003741
-0.3449 -0.003273
-0.3372 -0.002869
-0.3289 -0.002518
-0.3198 -0.002215
-0.3098 -0.001952
-0.2988 -0.001725
-0.2864 -0.001529
-0.2725 -0.001360
-0.2568 -0.001214
-0.2388 -0.001089
-0.2177 -0.000983
-0.1926 -0.000894
-0.1614 -0.000822
-0.1202 -0.000770
-0.0599 -0.000745
0.0302 -0.066886
0.1456 -0.081323
0.2428 -0.093490
0.2966 -0.100195
0.3129 -0.102168
0.3047 -0.101065
0.2834 -0.098327
0.2566 -0.094912
0.2275 -0.182236
0.1857 -0.171724
0.1498 -0.162675
0.1168 -0.154408
0.0844 -0.146268
0.0492 -0.137479
0.0068 -0.126879
-0.0501 -0.112686
-0.1263 -0.093661
-0.2104 -0.067917
-0.2840 -0.046783
-0.3412 -0.032007
-0.3836 -0.022006
-0.4142 -0.015316
-0.4359 -0.010879
-0.4509 -0.007976
-0.4608 -0.006126
-0.4668 -0.005014
-0.4698 -0.004427
-0.4705 -0.004224
-0.4692 -0.003873
-0.4662 -0.003513
-0.4618 -0.003288
-0.4561 -0.003127
-0.4492 -0.002994
-0.4412 -0.002868
-0.4322 -0.002739
-0.4222 -0.002603
-0.4112 -0.002457
-0.3995 -0.002304
-0.3870 -0.002145
-0.3739 -0.001982
-0.3602 -0.001819
-0.3459 -0.001659
-0.3312 -0.001506
-0.3157 -0.001361
-0.2995 -0.001226
-0.2823 -0.001102
-0.2637 -0.000990
-0.2466 -0.032530
-0.2309 -0.034385
-0.2149 -0.036295
-0.2014 -0.037900
-0.1933 -0.038832
-0.1920 -0.038923
-0.1971 -0.038209
-0.2129 -0.072097
-0.2341 -0.066742
-0.2564 -0.061102
-0.2783 -0.055586
-0.2987 -0.050462
-0.3170 -0.045870
-0.3329 -0.041866
-0.3465 -0.038449
-0.3579 -0.035585
-0.3673 -0.033225
-0.3749 -0.031316
-0.3809 -0.029805
-0.3853 -0.026542
-0.3882 -0.023914
-0.3898 -0.021959
-0.3903 -0.020513
-0.3899 -0.019457
-0.3888 -0.018071
-0.3867 -0.015374
-0.3837 -0.013177
-0.3800 -0.011356
-0.3756 -0.009827
-0.3707 -0.008531
-0.3653 -0.007422
-0.3594 -0.006470
-0.3530 -0.005649
-0.3461 -0.004940
-0.3386 -0.004327
-0.3304 -0.003796
-0.3215 -0.003337
-0.3117 -0.002940
-0.3008 -0.002597
-0.2887 -0.002301
-0.2750 -0.002045
-0.2596 -0.001825
-0.2418 -0.001637
-0.2212 -0.001476
-0.1965 -0.001342
-0.1660 -0.001233
-0.1259 -0.001153
-0.0679 -0.001112
0.0208 -0.066089
0.1364 -0.080542
0.2381 -0.093268
0.2967 -0.100538
0.3161 -0.102864
0.3094 -0.101907
0.2886 -0.099179
0.2616 -0.095705
0.2332 -0.092065
0.1923 -0.173469
0.1553 -0.164150
0.1219 -0.155748
0.0895 -0.147598
0.0550 -0.138949
0.0140 -0.128716
-0.0401 -0.115207
-0.1134 -0.096897
-0.1976 -0.072262
-0.2734 -0.049923
-0.3330 -0.034187
-0.3773 -0.023515
-0.4094 -0.016376
-0.4322 -0.011637
-0.4480 -0.008527
-0.4585 -0.006532
-0.4651 -0.005311
-0.4686 -0.004636
-0.4697 -0.004355
-0.4689 -0.004070
-0.4665 -0.003629
-0.4627 -0.003344
-0.4577 -0.003140
-0.4516 -0.002974
-0.4445 -0.002825
-0.4363 -0.002682
-0.4271 -0.002541
-0.4169 -0.002399
-0.4055 -0.002258
-0.3929 -0.002119
-0.3789 -0.001983
-0.3635 -0.001850
-0.3465 -0.001723
-0.3277 -0.001601
-0.3070 -0.001485
-0.2842 -0.001375
-0.2592 -0.001270
-0.2326 -0.034572
-0.2093 -0.037358
-0.1841 -0.040407
-0.1672 -0.083980
-0.1559 -0.086701
-0.1526 -0.087449
-0.1583 -0.085941
-0.1725 -0.082293
-0.1936 -0.076962
-0.2187 -0.070605
-0.2453 -0.063902
-0.2712 -0.057396
-0.2949 -0.051428
-0.3158 -0.046165
-0.3337 -0.041656
-0.3488 -0.037876
-0.3612 -0.034768
-0.3711 -0.032259
-0.3790 -0.030275
-0.3850 -0.027248
-0.3889 -0.022339
-0.3909 -0.018324
-0.3913 -0.015244
-0.3905 -0.012827
-0.3886 -0.010893
-0.3859 -0.009317
-0.3825 -0.008013
-0.3785 -0.006921
-0.3739 -0.005996
-0.3689 -0.005206
-0.3635 -0.004529
-0.3576 -0.003945
-0.3513 -0.003441
-0.3445 -0.003005
-0.3372 -0.002628
-0.3292 -0.002301
-0.3206 -0.002019
-0.3111 -0.001775
-0.3006 -0.001565
-0.2889 -0.001384
-0.2758 -0.001227
-0.2609 -0.001093
-0.2438 -0.000978
-0.2239 -0.000880
-0.2003 -0.000798
-0.1712 -0.000731
-0.1335 -0.000680
-0.0800 -0.000651
0.0056 -0.000654
0.1176 -0.077715
0.2228 -0.090889
0.2869 -0.098909
0.3113 -0.101915
0.3081 -0.101459
0.2894 -0.099056
0.2637 -0.095777
0.2359 -0.092246
0.2012 -0.175581
0.1625 -0.165858
0.1282 -0.157244
0.0955 -0.149038
0.0613 -0.140497
0.0218 -0.130605
-0.0297 -0.117763
-0.1000 -0.100231
-0.1840 -0.078599
-0.2624 -0.054277
-0.3249 -0.037034
-0.3715 -0.025342
-0.4054 -0.017534
-0.4296 -0.012361
-0.4464 -0.008968
-0.4576 -0.006787
-0.4647 -0.005445
-0.4686 -0.004693
-0.4700 -0.004366
-0.4693 -0.004332
-0.4670 -0.003858
-0.4631 -0.003563
-0.4580 -0.003359
-0.4517 -0.003197
-0.4444 -0.003050
-0.4360 -0.002905
-0.4267 -0.002754
-0.4165 -0.002598
-0.4055 -0.002435
-0.3936 -0.002270
-0.3809 -0.002104
-0.3673 -0.001940
-0.3529 -0.001781
-0.3374 -0.001629
-0.3208 -0.001487
-0.3029 -0.001354
-0.2833 -0.001233
-0.2616 -0.001123
-0.2374 -0.033830
-0.2165 -0.036331
-0.1931 -0.039159
-0.1698 -0.041979
-0.1505 -0.044311
-0.1456 -0.089152
-0.1509 -0.087735
-0.1647 -0.084207
-0.1854 -0.078980
-0.2104 -0.072661
-0.2373 -0.065910
-0.2636 -0.059282
-0.2880 -0.053147
-0.3097 -0.047700
-0.3283 -0.043006
-0.3441 -0.039051
-0.3571 -0.035784
-0.3676 -0.033135
-0.3760 -0.031028
-0.3825 -0.028284
-0.3870 -0.025047
-0.3898 -0.022667
-0.3912 -0.019961
-0.3911 -0.016677
-0.3898 -0.014093
-0.3875 -0.012015
-0.3844 -0.010314
-0.3805 -0.008898
-0.3761 -0.007706
-0.3712 -0.006692
-0.3658 -0.005823
-0.3599 -0.005075
-0.3536 -0.004428
-0.3469 -0.003868
-0.3397 -0.003383
-0.3319 -0.002963
-0.3234 -0.002599
-0.3142 -0.002283
-0.3041 -0.002010
-0.2930 -0.001774
-0.2806 -0.001571
-0.2667 -0.001395
-0.2509 -0.001244
-0.2327 -0.001114
-0.2114 -0.001005
-0.1857 -0.000914
-0.1536 -0.000841
-0.1103 -0.000790
-0.0454 -0.000769
0.0470 -0.069011
0.1612 -0.083292
0.2500 -0.094407
0.2962 -0.100148
0.3079 -0.101547
0.2979 -0.100215
0.2765 -0.097461
0.2504 -0.094132
0.2233 -0.090690
0.1847 -0.171464
0.1484 -0.162346
0.1154 -0.154041
0.0827 -0.145864
0.0474 -0.137016
0.0045 -0.126305
-0.0531 -0.111936
-0.1298 -0.092370
-0.2132 -0.065731
-0.2856 -0.045462
-0.3419 -0.031273
-0.3835 -0.021647
-0.4136 -0.015194
-0.4349 -0.010904
-0.4496 -0.008092
-0.4593 -0.006299
-0.4651 -0.005221
-0.4680 -0.004653
-0.4686 -0.004460
-0.4673 -0.004278
-0.4644 -0.003857
-0.4601 -0.003581
-0.4545 -0.003377
-0.4478 -0.003207
-0.4400 -0.003050
-0.4312 -0.002896
-0.4213 -0.002741
-0.4104 -0.002584
-0.3983 -0.002428
-0.3850 -0.002272
-0.3705 -0.002119
-0.3546 -0.001969
-0.3374 -0.001823
-0.3189 -0.001681
-0.2992 -0.001543
-0.2783 -0.001410
-0.2561 -0.001284
-0.2324 -0.034591
-0.2134 -0.036838
-0.1926 -0.039319
-0.1724 -0.041739
-0.1568 -0.043594
-0.1567 -0.086429
-0.1663 -0.083921
-0.1837 -0.079502
-0.2064 -0.073755
-0.2317 -0.067351
-0.2574 -0.060883
-0.2816 -0.054775
-0.3035 -0.049269
-0.3226 -0.044467
-0.3388 -0.040382
-0.3524 -0.036975
-0.3635 -0.034187
-0.3724 -0.031949
-0.3794 -0.030190
-0.3847 -0.027808
-0.3882 -0.024817
-0.3902 -0.022615
-0.3910 -0.020997
-0.3906 -0.017909
-0.3890 -0.015171
-0.3865 -0.012958
-0.3831 -0.011137
-0.3792 -0.009615
-0.3747 -0.008327
-0.3698 -0.007229
-0.3644 -0.006286
-0.3586 -0.005474
-0.3524 -0.004773
-0.3457 -0.004166
-0.3385 -0.003640
-0.3308 -0.003186
-0.3224 -0.002793
-0.3132 -0.002454
-0.3030 -0.002160
-0.2918 -0.001907
-0.2792 -0.001689
-0.2650 -0.001501
-0.2487 -0.001340
-0.2300 -0.001203
-0.2079 -0.001087
-0.1810 -0.000991
-0.1470 -0.000916
-0.1003 -0.000865
-0.0303 -0.059458
0.0686 -0.071786
0.1836 -0.086183
0.2664 -0.096533
0.3058 -0.101410
0.3121 -0.102121
0.2984 -0.100317
0.2748 -0.097275
0.2474 -0.093785
0.2198 -0.090261
0.1795 -0.170167
0.1434 -0.161101
0.1103 -0.152779
0.0772 -0.144491
0.0408 -0.135380
-0.0042 -0.124146
-0.0652 -0.108929
-0.1445 -0.086326
-0.2267 -0.061095
-0.2963 -0.042244
-0.3497 -0.029136
-0.3891 -0.020257
-0.4174 -0.014305
-0.4373 -0.010352
-0.4510 -0.007766
-0.4600 -0.006126
-0.4653 -0.005152
-0.4678 -0.004656
-0.4680 -0.004512
-0.4665 -0.004294
-0.4634 -0.003885
-0.4588 -0.003612
-0.4531 -0.003407
-0.4462 -0.003235
-0.4382 -0.003075
-0.4291 -0.002920
-0.4189 -0.002765
-0.4075 -0.002609
-0.3949 -0.002454
-0.3810 -0.002301
-0.3656 -0.002151
-0.3486 -0.002006
-0.3298 -0.001867
-0.3090 -0.001734
-0.2857 -0.001610
-0.2596 -0.001496
-0.2298 -0.001392
-0.2035 -0.075337
-0.1782 -0.081514
-0.1508 -0.088261
-0.1275 -0.093986
-0.1125 -0.097625
-0.1070 -0.098890
-0.1109 -0.097827
-0.1237 -0.094543
-0.1447 -0.089218
-0.1723 -0.082255
-0.2038 -0.074335
-0.2360 -0.066231
-0.2664 -0.058568
-0.2937 -0.051715
-0.3172 -0.045818
-0.3368 -0.040881
-0.3529 -0.036838
-0.3657 -0.031558
-0.3752 -0.025962
-0.3818 -0.020532
-0.3860 -0.016538
-0.3883 -0.013537
-0.3890 -0.011234
-0.3884 -0.009431
-0.3867 -0.007992
-0.3842 -0.006823
-0.3809 -0.005858
-0.3770 -0.005052
-0.3726 -0.004371
-0.3677 -0.003791
-0.3623 -0.003294
-0.3565 -0.002867
-0.3503 -0.002498
-0.3435 -0.002181
-0.3362 -0.001906
-0.3283 -0.001669
-0.3196 -0.001464
-0.3102 -0.001287
-0.2997 -0.001134
-0.2881 -0.001002
-0.2752 -0.000887
-0.2606 -0.000789
-0.2441 -0.000705
-0.2250 -0.000632
-0.2024 -0.000571
-0.1750 -0.000521
-0.1400 -0.000482
-0.0915 -0.000457
-0.0157 -0.000452
0.0902 -0.074096
0.1954 -0.087262
0.2646 -0.095926
0.2952 -0.099747
0.2980 -0.100065
0.2842 -0.098295
0.2620 -0.095484
0.2367 -0.092280
0.2109 -0.089022
0.1717 -0.168117
0.1368 -0.159359
0.1042 -0.151191
0.0711 -0.142905
0.0338 -0.133605
-0.0131 -0.121900
-0.0771 -0.105929
-0.1583 -0.085641
-0.2399 -0.061199
-0.3071 -0.041892
-0.3580 -0.028692
-0.3952 -0.019859
-0.4217 -0.014000
-0.4403 -0.010151
-0.4528 -0.007667
-0.4608 -0.006124
-0.4653 -0.005239
-0.4671 -0.004828
-0.4667 -0.004766
-0.4645 -0.004578
-0.4606 -0.004197
-0.4554 -0.003938
-0.4488 -0.003738
-0.4411 -0.003564
-0.4321 -0.003399
-0.4220 -0.003234
-0.4106 -0.003067
-0.3980 -0.002898
-0.3840 -0.002728
-0.3686 -0.002558
-0.3516 -0.002392
-0.3329 -0.002231
-0.3121 -0.002076
-0.2891 -0.001929
-0.2633 -0.001792
-0.2375 -0.067237
-0.2172 -0.072116
-0.1936 -0.077869
-0.1721 -0.083106
-0.1588 -0.086279
-0.1562 -0.086791
-0.1640 -0.084703
-0.1805 -0.080448
-0.2032 -0.074685
-0.2289 -0.068153
-0.2551 -0.061512
-0.2800 -0.055229
-0.3024 -0.049573
-0.3219 -0.044654
-0.3385 -0.040486
-0.3522 -0.037025
-0.3635 -0.034204
-0.3723 -0.030261
-0.3788 -0.026481
-0.3832 -0.021801
-0.3856 -0.017826
-0.3865 -0.014775
-0.3860 -0.012385
-0.3845 -0.010479
-0.3821 -0.008932
-0.3790 -0.007659
-0.3752 -0.006597
-0.3708 -0.005703
-0.3659 -0.004943
-0.3606 -0.004292
-0.3549 -0.003731
-0.3488 -0.003247
-0.3423 -0.002828
-0.3354 -0.002464
-0.3281 -0.002150
