-0.3455 -0.001331
-0.3367 -0.001175
-0.3271 -0.001039
-0.3167 -0.000920
-0.3052 -0.000816
-0.2924 -0.000727
-0.2779 -0.000649
-0.2615 -0.000582
-0.2425 -0.000525
-0.2203 -0.000476
-0.1936 -0.000435
-0.1603 -0.000403
-0.1158 -0.000381
-0.0493 -0.000373
0.0581 -0.000385
0.1874 -0.000397
0.2820 -0.000377
0.3178 -0.102537
0.3176 -0.102488
0.2998 -0.100231
0.2736 -0.096915
0.2445 -0.093244
0.2154 -0.089582
0.1876 -0.086072
0.1610 -0.082730
0.1353 -0.079500
0.1096 -0.076280
0.0827 -0.072913
0.0527 -0.069154
0.0160 -0.064574
-0.0332 -0.058439
-0.1015 -0.049924
-0.1842 -0.039593
-0.2633 -0.029686
-0.3279 -0.021586
-0.3771 -0.015170
-0.4131 -0.008958
-0.4388 -0.005267
-0.4568 -0.003106
-0.4689 -0.001866
-0.4765 -0.001177
-0.4806 -0.000811
-0.4819 -0.000633
-0.4808 -0.000558
-0.4778 -0.000539
-0.4731 -0.000545
-0.4668 -0.000561
-0.4591 -0.000578
-0.4500 -0.000590
-0.4395 -0.000596
-0.4276 -0.000596
-0.4142 -0.000590
-0.3993 -0.000578
-0.3828 -0.000562
-0.3645 -0.000543
-0.3442 -0.000521
-0.3219 -0.000498
-0.2971 -0.000473
-0.2695 -0.000449
-0.2412 -0.065069
-0.2218 -0.104642
-0.2035 -0.111464
-0.1903 -0.116406
-0.1897 -0.116632
-0.2030 -0.111653
-0.2268 -0.102720
-0.2560 -0.091709
-0.2864 -0.080292
-0.3149 -0.069572
-0.3401 -0.060097
-0.3615 -0.052038
-0.3793 -0.045362
-0.3937 -0.039942
-0.4052 -0.035616
-0.4140 -0.030636
-0.4205 -0.026377
-0.4250 -0.022338
-0.4277 -0.018252
-0.4288 -0.015005
-0.4287 -0.012547
-0.4276 -0.010634
-0.4257 -0.009109
-0.4232 -0.007867
-0.4201 -0.006838
-0.4164 -0.005973
-0.4122 -0.005236
-0.4076 -0.004603
-0.4025 -0.004055
-0.3971 -0.003576
-0.3912 -0.003156
-0.3851 -0.002785
-0.3785 -0.002458
-0.3717 -0.002168
-0.3646 -0.001912
-0.3570 -0.001685
-0.3491 -0.001485
-0.3407 -0.001310
-0.3317 -0.001156
-0.3219 -0.001021
-0.3112 -0.000904
-0.2993 -0.000802
-0.2861 -0.000714
-0.2711 -0.000638
-0.2540 -0.000573
-0.2342 -0.000517
-0.2108 -0.000470
-0.1824 -0.000431
-0.1462 -0.000401
-0.0962 -0.000382
-0.0182 -0.000380
0.1024 -0.000397
0.2242 -0.000399
0.3026 -0.000369
0.3213 -0.102973
0.3136 -0.101983
0.2920 -0.099243
0.2642 -0.095737
0.2349 -0.092038
0.2062 -0.088419
0.1788 -0.084971
0.1526 -0.081680
0.1271 -0.078474
0.1013 -0.075236
0.0737 -0.071788
0.0421 -0.067841
0.0025 -0.062886
-0.0520 -0.056098
-0.1259 -0.046872
-0.2093 -0.036451
-0.2844 -0.027044
-0.3440 -0.019569
-0.3888 -0.013311
-0.4213 -0.007868
-0.4444 -0.004645
-0.4603 -0.002767
-0.4708 -0.001697
-0.4772 -0.001106
-0.4803 -0.000797
-0.4808 -0.000648
-0.4791 -0.000589
-0.4755 -0.000575
-0.4703 -0.000583
-0.4636 -0.000596
-0.4555 -0.000609
-0.4461 -0.000617
-0.4352 -0.000619
-0.4229 -0.000615
-0.4092 -0.000605
-0.3940 -0.000591
-0.3771 -0.000572
-0.3584 -0.000550
-0.3377 -0.000527
-0.3149 -0.000502
-0.2896 -0.000476
-0.2613 -0.000451
-0.2357 -0.066436
-0.2181 -0.106024
-0.2005 -0.112574
-0.1908 -0.116218
-0.1946 -0.114783
-0.2115 -0.108461
-0.2372 -0.098809
-0.2668 -0.087684
-0.2963 -0.076571
-0.3234 -0.066365
-0.3471 -0.057466
-0.3670 -0.049966
-0.3834 -0.043794
-0.3967 -0.038810
-0.4072 -0.034307
-0.4151 -0.029697
-0.4209 -0.025447
-0.4247 -0.021664
-0.4267 -0.017590
-0.4274 -0.014559
-0.4269 -0.012240
-0.4255 -0.010416
-0.4233 -0.008950
-0.4205 -0.007747
-0.4172 -0.006744
-0.4133 -0.005896
-0.4089 -0.005172
-0.4041 -0.004548
-0.3988 -0.004006
-0.3931 -0.003533
-0.3871 -0.003117
-0.3807 -0.002751
-0.3740 -0.002426
-0.3670 -0.002139
-0.3596 -0.001885
-0.3519 -0.001661
-0.3438 -0.001463
-0.3352 -0.001289
-0.3259 -0.001137
-0.3159 -0.001004
-0.3050 -0.000889
-0.2928 -0.000788
-0.2793 -0.000701
-0.2639 -0.000627
-0.2462 -0.000562
-0.2257 -0.000508
-0.2012 -0.000462
-0.1711 -0.000424
-0.1319 -0.000397
-0.0757 -0.000382
0.0145 -0.000386
0.1415 -0.000402
0.2512 -0.000394
0.3121 -0.101843
0.3203 -0.102840
0.3073 -0.101188
0.2834 -0.098154
0.2550 -0.094575
0.2260 -0.090910
0.1978 -0.087363
0.1710 -0.083987
0.1452 -0.080750
0.1198 -0.077567
0.0939 -0.074308
0.0656 -0.070776
0.0325 -0.066637
-0.0102 -0.061305
-0.0695 -0.053909
-0.1474 -0.044184
-0.2298 -0.033875
-0.3010 -0.024964
-0.3564 -0.018015
-0.3976 -0.011947
-0.4274 -0.007081
-0.4483 -0.004210
-0.4626 -0.002542
-0.4719 -0.001595
-0.4773 -0.001076
-0.4796 -0.000807
-0.4794 -0.000680
-0.4771 -0.000630
-0.4730 -0.000620
-0.4673 -0.000626
-0.4602 -0.000637
-0.4516 -0.000646
-0.4417 -0.000650
-0.4305 -0.000648
-0.4178 -0.000640
-0.4036 -0.000627
-0.3878 -0.000609
-0.3704 -0.000588
-0.3511 -0.000564
-0.3298 -0.000539
-0.3062 -0.000512
-0.2800 -0.000485
-0.2507 -0.031593
-0.2307 -0.101354
-0.2132 -0.107866
-0.1978 -0.113617
-0.1933 -0.115292
-0.2027 -0.111756
-0.2236 -0.103931
-0.2510 -0.093604
-0.2805 -0.082512
-0.3088 -0.071872
-0.3341 -0.062339
-0.3559 -0.054158
-0.3740 -0.047337
-0.3888 -0.041771
-0.4007 -0.037309
-0.4099 -0.032408
-0.4167 -0.028440
-0.4215 -0.024219
-0.4245 -0.020302
-0.4259 -0.016645
-0.4260 -0.013885
-0.4250 -0.011746
-0.4232 -0.010044
-0.4207 -0.008661
-0.4176 -0.007516
-0.4139 -0.006555
-0.4098 -0.005738
-0.4052 -0.005038
-0.4001 -0.004432
-0.3946 -0.003905
-0.3887 -0.003444
-0.3824 -0.003038
-0.3758 -0.002680
-0.3688 -0.002363
-0.3616 -0.002083
-0.3540 -0.001835
-0.3461 -0.001616
-0.3377 -0.001423
-0.3288 -0.001253
-0.3192 -0.001105
-0.3089 -0.000976
-0.2975 -0.000863
-0.2848 -0.000766
-0.2706 -0.000682
-0.2545 -0.000610
-0.2358 -0.000548
-0.2139 -0.000495
-0.1874 -0.000452
-0.1540 -0.000418
-0.1089 -0.000394
-0.0405 -0.000387
0.0688 -0.000400
0.1944 -0.000408
0.2837 -0.000384
0.3189 -0.102692
0.3161 -0.102302
0.2972 -0.099907
0.2708 -0.096568
0.2420 -0.092930
0.2133 -0.089321
0.1859 -0.085866
0.1597 -0.082573
0.1343 -0.079386
0.1090 -0.076204
0.0824 -0.072874
0.0527 -0.069155
0.0164 -0.064629
-0.0321 -0.058577
-0.0994 -0.050181
-0.1814 -0.039944
-0.2602 -0.030068
-0.3249 -0.021967
-0.3741 -0.015792
-0.4103 -0.009957
-0.4361 -0.005926
-0.4540 -0.003559
-0.4660 -0.002194
-0.4735 -0.001426
-0.4775 -0.001011
-0.4787 -0.000801
-0.4775 -0.000704
-0.4744 -0.000669
-0.4696 -0.000663
-0.4633 -0.000669
-0.4555 -0.000677
-0.4464 -0.000681
-0.4359 -0.000681
-0.4240 -0.000674
-0.4106 -0.000662
-0.3958 -0.000644
-0.3793 -0.000623
-0.3611 -0.000599
-0.3410 -0.000573
-0.3188 -0.000545
-0.2942 -0.000517
-0.2667 -0.000489
-0.2402 -0.065360
-0.2242 -0.103774
-0.2068 -0.110245
-0.1964 -0.114138
-0.1992 -0.113080
-0.2150 -0.107174
-0.2395 -0.097936
-0.2681 -0.087191
-0.2968 -0.076404
-0.3232 -0.066464
-0.3463 -0.057778
-0.3657 -0.050446
-0.3818 -0.044406
-0.3948 -0.039525
-0.4050 -0.034990
-0.4128 -0.030427
-0.4184 -0.026626
-0.4222 -0.022819
-0.4242 -0.018709
-0.4248 -0.015502
-0.4242 -0.013042
-0.4227 -0.011104
-0.4205 -0.009542
-0.4176 -0.008258
-0.4142 -0.007186
-0.4102 -0.006278
-0.4057 -0.005503
-0.4008 -0.004835
-0.3955 -0.004256
-0.3897 -0.003751
-0.3835 -0.003308
-0.3770 -0.002918
-0.3701 -0.002573
-0.3629 -0.002268
-0.3554 -0.001998
-0.3475 -0.001759
-0.3393 -0.001548
-0.3307 -0.001362
-0.3215 -0.001200
-0.3116 -0.001057
-0.3009 -0.000933
-0.2890 -0.000826
-0.2759 -0.000732
-0.2610 -0.000652
-0.2440 -0.000583
-0.2242 -0.000525
-0.2007 -0.000476
-0.1717 -0.000436
-0.1341 -0.000405
-0.0807 -0.000388
0.0043 -0.000389
0.1274 -0.000405
0.2393 -0.000398
0.3071 -0.000364
0.3203 -0.102852
0.3086 -0.101349
0.2854 -0.098414
0.2575 -0.094891
0.2287 -0.091256
0.2007 -0.087725
0.1739 -0.084362
0.1483 -0.081141
0.1232 -0.077986
0.0976 -0.074775
0.0700 -0.071327
0.0382 -0.067341
-0.0024 -0.062286
-0.0582 -0.055326
-0.1331 -0.045971
-0.2158 -0.035636
-0.2891 -0.026451
-0.3469 -0.019201
-0.3902 -0.013769
-0.4216 -0.008342
-0.4438 -0.004997
-0.4590 -0.003045
-0.4689 -0.001927
-0.4747 -0.001305
-0.4774 -0.000975
-0.4775 -0.000810
-0.4754 -0.000738
-0.4716 -0.000713
-0.4661 -0.000710
-0.4591 -0.000714
-0.4508 -0.000719
-0.4411 -0.000718
-0.4300 -0.000713
-0.4176 -0.000701
-0.4036 -0.000684
-0.3882 -0.000663
-0.3711 -0.000639
-0.3522 -0.000611
-0.3314 -0.000583
-0.3083 -0.000553
-0.2827 -0.000524
-0.2539 -0.000495
-0.2348 -0.099855
-0.2178 -0.106138
-0.2028 -0.111751
-0.1985 -0.113374
-0.2077 -0.109900
-0.2280 -0.102270
-0.2547 -0.092247
-0.2832 -0.081510
-0.3105 -0.071224
-0.3350 -0.062013
-0.3560 -0.054109
-0.3735 -0.047520
-0.3878 -0.042144
-0.3992 -0.037836
-0.4081 -0.032897
-0.4147 -0.029028
-0.4193 -0.025092
-0.4221 -0.021272
-0.4234 -0.017479
-0.4233 -0.014607
-0.4222 -0.012372
-0.4203 -0.010588
-0.4177 -0.009133
-0.4144 -0.007926
-0.4107 -0.006910
-0.4064 -0.006046
-0.4017 -0.005304
-0.3965 -0.004663
-0.3909 -0.004106
-0.3848 -0.003619
-0.3784 -0.003192
-0.3716 -0.002814
-0.3644 -0.002481
-0.3570 -0.002186
-0.3492 -0.001925
-0.3411 -0.001694
-0.3326 -0.001490
-0.3237 -0.001311
-0.3141 -0.001154
-0.3039 -0.001017
-0.2927 -0.000898
-0.2803 -0.000794
-0.2665 -0.000705
-0.2508 -0.000628
-0.2327 -0.000563
-0.2115 -0.000507
-0.1858 -0.000462
-0.1533 -0.000425
-0.1095 -0.000400
-0.0433 -0.000390
0.0622 -0.000401
0.1861 -0.000409
0.2764 -0.000387
0.3194 -0.102760
0.3165 -0.102362
0.2979 -0.099993
0.2717 -0.096687
0.2431 -0.093079
0.2147 -0.089494
0.1874 -0.086059
0.1614 -0.082787
0.1362 -0.079623
0.1111 -0.076473
0.0849 -0.073192
0.0559 -0.069553
0.0208 -0.065169
-0.0258 -0.059364
-0.0905 -0.051293
-0.1712 -0.041217
-0.2509 -0.031237
-0.3171 -0.022937
-0.3679 -0.016573
-0.4053 -0.011536
-0.4321 -0.006905
-0.4508 -0.004181
-0.4633 -0.002601
-0.4712 -0.001706
-0.4754 -0.001215
-0.4767 -0.000959
-0.4757 -0.000835
-0.4727 -0.000783
-0.4680 -0.000766
-0.4618 -0.000764
-0.4541 -0.000766
-0.4451 -0.000766
-0.4347 -0.000761
-0.4230 -0.000750
-0.4098 -0.000733
-0.3952 -0.000712
-0.3790 -0.000686
-0.3611 -0.000658
-0.3413 -0.000628
-0.3194 -0.000597
-0.2951 -0.000565
-0.2681 -0.000534
-0.2432 -0.096726
-0.2278 -0.102432
-0.2112 -0.108616
-0.2021 -0.112030
-0.2061 -0.110543
-0.2223 -0.104450
-0.2465 -0.095315
-0.2742 -0.084898
-0.3017 -0.074552
-0.3269 -0.065077
-0.3488 -0.056829
-0.3672 -0.049883
-0.3824 -0.044172
-0.3947 -0.039565
-0.4043 -0.034902
-0.4115 -0.030597
-0.4167 -0.027182
-0.4201 -0.023413
-0.4219 -0.019321
-0.4223 -0.016062
-0.4215 -0.013548
-0.4198 -0.011557
-0.4173 -0.009944
-0.4143 -0.008613
-0.4106 -0.007497
-0.4065 -0.006550
-0.4019 -0.005740
-0.3968 -0.005042
-0.3913 -0.004436
-0.3853 -0.003909
-0.3789 -0.003447
-0.3721 -0.003041
-0.3649 -0.002682
-0.3573 -0.002365
-0.3495 -0.002084
-0.3413 -0.001835
-0.3328 -0.001615
-0.3239 -0.001420
-0.3145 -0.001249
-0.3045 -0.001100
-0.2937 -0.000969
-0.2820 -0.000855
-0.2689 -0.000757
-0.2542 -0.000672
-0.2375 -0.000600
-0.2179 -0.000538
-0.1945 -0.000487
-0.1656 -0.000445
-0.1276 -0.000414
-0.0728 -0.000396
0.0143 -0.000398
0.1358 -0.000411
0.2418 -0.000401
0.3050 -0.000363
0.3209 -0.102936
0.3067 -0.101115
0.2825 -0.098057
0.2545 -0.094516
0.2259 -0.090911
0.1983 -0.087426
0.1719 -0.084109
0.1466 -0.080926
0.1217 -0.077802
0.0963 -0.074613
0.0689 -0.071179
0.0370 -0.067196
-0.0036 -0.062132
-0.0596 -0.055154
-0.1345 -0.045804
-0.2167 -0.035520
-0.2894 -0.026406
-0.3468 -0.019221
-0.3896 -0.013842
-0.4208 -0.009391
-0.4428 -0.005666
-0.4578 -0.003493
-0.4674 -0.002247
-0.4731 -0.001551
-0.4755 -0.001177
-0.4754 -0.000988
-0.4731 -0.000900
-0.4690 -0.000866
-0.4633 -0.000856
-0.4561 -0.000856
-0.4474 -0.000855
-0.4374 -0.000850
-0.4260 -0.000839
-0.4132 -0.000823
-0.3989 -0.000800
-0.3829 -0.000774
-0.3653 -0.000744
-0.3458 -0.000711
-0.3242 -0.000677
-0.3003 -0.000642
-0.2737 -0.000608
-0.2470 -0.095387
-0.2319 -0.100965
-0.2147 -0.107358
-0.2038 -0.111441
-0.2057 -0.110699
-0.2204 -0.105186
-0.2437 -0.096396
-0.2710 -0.086115
-0.2985 -0.075764
-0.3239 -0.066210
-0.3461 -0.057852
-0.3648 -0.050792
-0.3803 -0.044975
-0.3928 -0.040274
-0.4027 -0.035728
-0.4101 -0.031271
-0.4154 -0.027963
-0.4190 -0.024035
-0.4209 -0.020188
-0.4214 -0.016757
-0.4207 -0.014118
-0.4191 -0.012032
-0.4167 -0.010346
-0.4136 -0.008957
-0.4100 -0.007793
-0.4059 -0.006807
-0.4013 -0.005963
-0.3962 -0.005236
-0.3906 -0.004605
-0.3847 -0.004056
-0.3783 -0.003576
-0.3715 -0.003153
-0.3643 -0.002780
-0.3568 -0.002450
-0.3490 -0.002158
-0.3408 -0.001899
-0.3324 -0.001671
-0.3235 -0.001469
-0.3141 -0.001292
-0.3040 -0.001137
-0.2932 -0.001002
-0.2813 -0.000885
-0.2681 -0.000784
-0.2533 -0.000697
-0.2362 -0.000622
-0.2163 -0.000558
-0.1925 -0.000506
-0.1628 -0.000463
-0.1237 -0.000431
-0.0666 -0.000415
0.0249 -0.000419
0.1488 -0.000433
0.2525 -0.000420
0.3121 -0.000378
0.3234 -0.103250
0.3073 -0.101206
0.2820 -0.097998
0.2533 -0.094366
0.2243 -0.090709
0.1964 -0.087196
0.1699 -0.083864
0.1445 -0.080671
0.1195 -0.077532
0.0939 -0.074321
0.0662 -0.070846
0.0337 -0.066788
-0.0080 -0.061586
-0.0657 -0.054393
-0.1419 -0.044871
-0.2238 -0.034632
-0.2951 -0.025692
-0.3510 -0.018693
-0.3926 -0.013472
-0.4228 -0.009011
-0.4440 -0.005461
-0.4583 -0.003389
-0.4676 -0.002202
-0.4728 -0.001540
-0.4750 -0.001183
-0.4746 -0.001002
-0.4721 -0.000918
-0.4678 -0.000884
-0.4620 -0.000873
-0.4546 -0.000870
-0.4459 -0.000866
-0.4357 -0.000859
-0.4242 -0.000846
-0.4112 -0.000828
-0.3968 -0.000804
-0.3807 -0.000776
-0.3629 -0.000745
-0.3432 -0.000711
-0.3215 -0.000676
-0.2974 -0.000641
-0.2705 -0.000606
-0.2448 -0.096214
-0.2295 -0.101882
-0.2122 -0.108295
-0.2018 -0.112200
-0.2044 -0.111196
-0.2197 -0.105456
-0.2434 -0.096517
-0.2709 -0.086163
-0.2984 -0.075796
-0.3238 -0.066258
-0.3459 -0.057934
-0.3645 -0.050913
-0.3799 -0.045136
-0.3922 -0.040474
-0.4020 -0.035800
-0.4093 -0.031406
-0.4146 -0.028030
-0.4180 -0.024145
-0.4199 -0.020344
-0.4203 -0.016904
-0.4195 -0.014253
-0.4178 -0.012155
-0.4153 -0.010456
-0.4122 -0.009054
-0.4085 -0.007879
-0.4043 -0.006882
-0.3996 -0.006029
-0.3945 -0.005293
-0.3889 -0.004655
-0.3828 -0.004100
-0.3763 -0.003613
-0.3694 -0.003186
-0.3622 -0.002809
-0.3546 -0.002475
-0.3466 -0.002179
-0.3384 -0.001918
-0.3298 -0.001687
-0.3208 -0.001483
-0.3114 -0.001304
-0.3013 -0.001147
-0.2904 -0.001011
-0.2785 -0.000892
-0.2653 -0.000789
-0.2504 -0.000701
-0.2333 -0.000625
-0.2134 -0.000561
-0.1894 -0.000508
-0.1594 -0.000465
-0.1195 -0.000434
-0.0609 -0.000418
0.0330 -0.000423
0.1567 -0.000436
0.2570 -0.000420
0.3137 -0.000377
0.3229 -0.103196
0.3058 -0.101019
0.2801 -0.097757
0.2513 -0.094116
0.2224 -0.090470
0.1947 -0.086976
0.1683 -0.083661
0.1430 -0.080482
0.1181 -0.077351
0.0925 -0.074141
0.0646 -0.070653
0.0319 -0.066564
-0.0103 -0.061299
-0.0687 -0.054009
-0.1455 -0.044424
-0.2270 -0.034227
-0.2976 -0.025384
-0.3526 -0.018482
-0.3936 -0.013341
-0.4233 -0.009029
-0.4441 -0.005495
-0.4582 -0.003432
-0.4672 -0.002250
-0.4722 -0.001588
-0.4742 -0.001231
-0.4737 -0.001048
-0.4711 -0.000961
-0.4667 -0.000924
-0.4607 -0.000911
-0.4532 -0.000905
-0.4443 -0.000899
-0.4341 -0.000889
-0.4224 -0.000874
-0.4093 -0.000854
-0.3946 -0.000828
-0.3784 -0.000798
-0.3604 -0.000765
-0.3405 -0.000730
-0.3185 -0.000694
-0.2940 -0.000658
-0.2667 -0.000622
-0.2438 -0.096581
-0.2279 -0.102468
-0.2112 -0.108707
-0.2028 -0.111821
-0.2078 -0.109918
-0.2248 -0.103525
-0.2493 -0.094295
-0.2768 -0.083959
-0.3037 -0.073807
-0.3282 -0.064575
-0.3495 -0.056576
-0.3673 -0.049866
-0.3819 -0.044366
-0.3936 -0.039944
-0.4028 -0.035177
-0.4096 -0.031041
-0.4145 -0.027506
-0.4176 -0.023839
-0.4191 -0.020005
-0.4192 -0.016682
-0.4182 -0.014105
-0.4163 -0.012054
-0.4136 -0.010386
-0.4103 -0.009003
-0.4065 -0.007841
-0.4022 -0.006853
-0.3973 -0.006005
-0.3920 -0.005273
-0.3863 -0.004639
-0.3801 -0.004085
-0.3734 -0.003601
-0.3664 -0.003174
-0.3590 -0.002798
-0.3512 -0.002466
-0.3431 -0.002171
-0.3347 -0.001910
-0.3259 -0.001680
-0.3168 -0.001477
-0.3071 -0.001299
-0.2967 -0.001143
-0.2856 -0.001007
-0.2733 -0.000889
-0.2597 -0.000787
-0.2443 -0.000699
-0.2265 -0.000624
-0.2056 -0.000561
-0.1802 -0.000509
-0.1479 -0.000468
-0.1039 -0.000440
-0.0367 -0.000429
0.0695 -0.000441
0.1909 -0.000447
0.2779 -0.000420
0.3223 -0.000371
0.3214 -0.103011
0.3001 -0.100291
0.2724 -0.096785
0.2430 -0.093072
0.2142 -0.089439
0.1868 -0.085988
0.1608 -0.082716
0.1357 -0.079561
0.1107 -0.076425
0.0847 -0.073161
0.0558 -0.069545
0.0209 -0.065195
-0.0251 -0.059446
-0.0892 -0.051462
-0.1691 -0.041471
-0.2485 -0.031535
-0.3146 -0.023251
-0.3653 -0.016896
-0.4027 -0.012204
-0.4296 -0.008306
-0.4482 -0.005097
-0.4607 -0.003233
-0.4684 -0.002170
-0.4724 -0.001579
-0.4736 -0.001263
-0.4723 -0.001102
-0.4691 -0.001027
-0.4642 -0.000994
-0.4577 -0.000981
-0.4498 -0.000973
-0.4405 -0.000963
-0.4297 -0.000950
-0.4176 -0.000930
-0.4040 -0.000905
-0.3888 -0.000875
-0.3720 -0.000842
-0.3534 -0.000805
-0.3328 -0.000767
-0.3101 -0.000727
-0.2848 -0.000688
-0.2564 -0.000651
-0.2398 -0.098117
-0.2230 -0.104337
-0.2087 -0.109657
-0.2056 -0.110795
-0.2157 -0.106969
-0.2360 -0.099311
-0.2619 -0.089584
-0.2890 -0.079353
-0.3147 -0.069660
-0.3376 -0.061039
-0.3572 -0.053678
-0.3734 -0.047566
-0.3866 -0.042597
-0.3971 -0.038609
-0.4052 -0.033626
-0.4110 -0.030010
-0.4151 -0.026182
-0.4174 -0.022882
-0.4183 -0.018905
-0.4179 -0.015869
-0.4164 -0.013486
-0.4141 -0.011569
-0.4112 -0.009996
-0.4076 -0.008683
-0.4035 -0.007572
-0.3989 -0.006624
-0.3939 -0.005808
-0.3884 -0.005102
-0.3824 -0.004489
-0.3759 -0.003955
-0.3690 -0.003487
-0.3616 -0.003077
-0.3538 -0.002715
-0.3456 -0.002394
-0.3371 -0.002110
-0.3282 -0.001858
-0.3190 -0.001635
-0.3094 -0.001437
-0.2994 -0.001264
-0.2888 -0.001111
-0.2775 -0.000977
-0.2652 -0.000861
-0.2516 -0.000761
-0.2362 -0.000675
-0.2185 -0.000601
-0.1976 -0.000540
-0.1721 -0.000489
-0.1393 -0.000449
-0.0936 -0.000422
-0.0232 -0.000413
0.0849 -0.000423
0.2000 -0.000423
0.2791 -0.000394
0.3182 -0.000346
0.3252 -0.103474
0.2996 -0.100227
0.2699 -0.096462
0.2396 -0.092642
0.2106 -0.088978
0.1832 -0.085530
0.1573 -0.082271
0.1322 -0.079125
0.1072 -0.075985
0.0810 -0.072696
0.0516 -0.069016
0.0157 -0.064536
-0.0323 -0.058550
-0.0988 -0.050262
-0.1796 -0.040160
-0.2576 -0.030393
-0.3216 -0.022372
-0.3704 -0.016258
-0.4062 -0.011762
-0.4319 -0.008537
-0.4498 -0.005844
-0.4616 -0.003730
-0.4688 -0.002530
-0.4724 -0.001867
-0.4732 -0.001514
-0.4717 -0.001335
-0.4682 -0.001250
-0.4631 -0.001213
-0.4564 -0.001196
-0.4483 -0.001185
