0.8087 3.3054
0.8193 3.8199
0.8325 4.5457
0.8463 5.3122
0.8585 6.0864
0.8686 6.8398
0.8765 7.6069
0.8845 9.8537
0.8947 13.3821
0.9047 17.5113
0.9130 22.3889
0.9190 26.2935
0.9227 27.4307
0.9240 25.7960
0.9238 24.1819
0.9231 24.4784
0.9230 25.8465
0.9234 26.6996
0.9238 26.3158
0.9236 24.7051
0.9227 22.1276
0.9209 19.1299
0.9181 16.2969
0.9144 13.8791
0.9100 11.9888
0.9053 10.5826
0.9006 9.5228
0.8960 8.6222
0.8913 7.7938
0.8862 7.0254
0.8806 6.3253
0.8745 5.6935
0.8676 5.1191
0.8601 4.5907
0.8516 4.1030
0.8421 3.6559
0.8314 3.2516
0.8196 2.8914
0.8067 2.5759
0.7928 2.3049
0.7784 2.0779
0.7640 1.8922
0.7501 1.7422
0.7371 1.6210
0.7252 1.5218
0.7144 1.4390
0.7046 1.3678
0.6956 1.3042
0.6870 1.2455
0.6786 1.1903
0.6703 1.1379
0.6619 1.0881
0.6534 1.0403
0.6448 0.9941
0.6360 0.9494
0.6269 0.9065
0.6178 0.8659
0.6087 0.8288
0.5999 0.7961
0.5918 0.7685
0.5847 0.7467
0.5789 0.7309
0.5747 0.7213
0.5720 0.7171
0.5708 0.7171
0.5708 0.7205
0.5720 0.7297
0.5752 0.7512
0.5825 0.8049
0.5985 0.9300
0.6267 1.1522
0.6639 1.4626
0.7035 1.8426
0.7401 2.2711
0.7708 2.7214
0.7950 3.1644
0.8131 3.5780
0.8265 3.9683
0.8369 4.3745
0.8458 4.9073
0.8548 5.6017
0.8638 6.4200
0.8725 7.3131
0.8801 8.1804
0.8864 8.9818
0.8912 9.6426
0.8954 11.3203
0.9024 16.5986
0.9113 23.1799
0.9185 27.5817
0.9229 29.2370
0.9250 29.4049
0.9257 29.5189
0.9260 30.6323
0.9264 32.1544
0.9268 32.7398
0.9270 31.7952
0.9267 29.1945
0.9256 25.8834
0.9239 22.4255
0.9214 19.2533
0.9183 16.4484
0.9146 14.0997
0.9104 12.1605
0.9056 10.5440
0.9003 9.1855
0.8945 8.0365
0.8882 7.0577
0.8812 6.2170
0.8737 5.4882
0.8654 4.8516
0.8562 4.2929
0.8463 3.8027
0.8354 3.3741
0.8236 3.0015
0.8110 2.6794
0.7976 2.4020
0.7838 2.1635
0.7695 1.9583
0.7551 1.7814
0.7405 1.6286
0.7261 1.4964
0.7118 1.3819
0.6979 1.2826
0.6845 1.1965
0.6716 1.1218
0.6594 1.0570
0.6480 1.0005
0.6372 0.9508
0.6271 0.9066
0.6177 0.8667
0.6087 0.8312
0.6004 0.8007
0.5930 0.7767
0.5871 0.7620
0.5834 0.7585
0.5826 0.7669
0.5849 0.7864
0.5899 0.8153
0.5973 0.8571
0.6089 0.9403
0.6283 1.0942
0.6556 1.3154
0.6868 1.5835
0.7173 1.8788
0.7445 2.1867
0.7671 2.4967
0.7854 2.8008
0.7999 3.0910
0.8113 3.3619
0.8205 3.6055
0.8276 3.8020
0.8328 3.9372
0.8363 4.0060
0.8381 4.0132
0.8386 3.9830
0.8382 3.9553
0.8382 4.0838
0.8414 4.5600
0.8493 5.4127
0.8602 6.4521
0.8713 7.5486
0.8810 8.6497
0.8889 10.0992
0.8968 12.9961
0.9052 17.4041
0.9132 23.5194
0.9196 27.7680
0.9233 28.1940
0.9246 27.3366
0.9248 26.7718
0.9245 26.1895
0.9240 25.2757
0.9233 23.8321
0.9222 21.8639
0.9207 19.5573
0.9184 17.1587
0.9155 14.8521
0.9117 12.6939
0.9070 10.7926
0.9013 9.2065
0.8948 7.9182
0.8877 6.8895
0.8801 6.0704
0.8723 5.4077
0.8644 4.8556
0.8562 4.3811
0.8478 3.9621
0.8388 3.5855
0.8293 3.2432
0.8190 2.9308
0.8079 2.6460
0.7958 2.3878
0.7827 2.1559
0.7689 1.9499
0.7544 1.7697
0.7396 1.6150
0.7249 1.4854
0.7107 1.3782
0.6975 1.2895
0.6854 1.2141
0.6741 1.1473
0.6634 1.0861
0.6529 1.0285
0.6424 0.9739
0.6318 0.9221
0.6210 0.8730
0.6101 0.8268
0.5991 0.7831
0.5881 0.7419
0.5770 0.7028
0.5659 0.6657
0.5548 0.6304
0.5436 0.5970
0.5326 0.5670
0.5224 0.5428
0.5139 0.5263
0.5080 0.5179
0.5049 0.5174
0.5053 0.5292
0.5123 0.5744
0.5304 0.6655
0.5589 0.7971
0.5930 0.9553
0.6274 1.1207
0.6576 1.2698
0.6810 1.3840
0.6972 1.4576
0.7073 1.5090
0.7140 1.5644
0.7199 1.6317
0.7260 1.7079
0.7326 1.7870
0.7392 1.8637
0.7455 1.9340
0.7511 1.9968
0.7559 2.0529
0.7600 2.0954
0.7627 2.1053
0.7635 2.0760
0.7618 2.0128
0.7578 1.9256
0.7517 1.8309
0.7455 1.8132
0.7465 2.0206
0.7594 2.4406
0.7803 2.9868
0.8029 3.5749
0.8225 4.1113
0.8370 4.4686
0.8478 5.3757
0.8648 8.8312
0.8852 13.1608
0.9010 16.3816
0.9106 18.3368
0.9161 21.3534
0.9196 23.8064
0.9217 24.9629
0.9228 25.1230
0.9232 26.1445
0.9239 28.0958
0.9248 30.6338
0.9261 34.8104
0.9275 38.0786
0.9286 38.5759
0.9289 36.2315
0.9285 32.6093
0.9274 29.0372
0.9259 26.0347
0.9241 23.4968
0.9223 21.2327
0.9203 19.0835
0.9179 17.0342
0.9153 15.1352
0.9122 13.4308
0.9087 11.9327
0.9047 10.6263
0.9004 9.4839
0.8957 8.4727
0.8906 7.5633
0.8848 6.7397
0.8784 5.9966
0.8712 5.3327
0.8632 4.7454
0.8545 4.2303
0.8450 3.7808
0.8348 3.3895
0.8239 3.0475
0.8125 2.7462
0.8004 2.4830
0.7881 2.2737
0.7767 2.1288
0.7674 2.0426
0.7609 2.0035
0.7574 1.9991
0.7565 2.0189
0.7575 2.0541
0.7598 2.0979
0.7628 2.1451
0.7660 2.1909
0.7690 2.2306
0.7715 2.2582
0.7733 2.2666
0.7739 2.2493
0.7730 2.2031
0.7703 2.1264
0.7656 2.0225
0.7587 1.8998
0.7497 1.7673
0.7388 1.6327
0.7263 1.5018
0.7125 1.3790
0.6977 1.2665
0.6824 1.1651
0.6669 1.0745
0.6513 0.9934
0.6360 0.9211
0.6213 0.8652
0.6105 0.8536
0.6101 0.9218
0.6244 1.0758
0.6506 1.2946
0.6820 1.5497
0.7124 1.8147
0.7385 2.0677
0.7591 2.2926
0.7745 2.4775
0.7853 2.6160
0.7925 2.7067
0.7969 2.7536
0.7991 2.7631
0.7996 2.7410
0.7987 2.6926
0.7967 2.6228
0.7935 2.5370
0.7895 2.4409
0.7846 2.3406
0.7793 2.2475
0.7741 2.1869
0.7707 2.1876
0.7703 2.2491
0.7729 2.3388
0.7772 2.4183
0.7813 2.4567
0.7855 2.7062
0.8075 5.0916
0.8470 9.3246
0.8799 13.1557
0.9003 15.7499
0.9106 16.9510
0.9148 17.8066
0.9170 20.4432
0.9194 24.8803
0.9222 28.9593
0.9244 29.8724
0.9254 29.2929
0.9257 29.1348
0.9257 29.0324
0.9256 28.8766
0.9254 28.5610
0.9251 27.1002
0.9244 24.7315
0.9230 22.4116
0.9214 20.4346
0.9195 18.6277
0.9174 16.9483
0.9151 15.4292
0.9126 14.0682
0.9099 12.7972
0.9069 11.6206
0.9036 10.5670
0.9001 9.6373
0.8963 8.8053
0.8922 8.0466
0.8878 7.3492
0.8831 6.7055
0.8779 6.1103
0.8722 5.5614
0.8659 5.0569
0.8591 4.5948
0.8516 4.1726
0.8434 3.7879
0.8346 3.4380
0.8251 3.1201
0.8149 2.8314
0.8038 2.5693
0.7921 2.3390
0.7803 2.1615
0.7697 2.0449
0.7615 1.9824
0.7563 1.9635
0.7542 1.9811
0.7553 2.0444
0.7596 2.1633
0.7670 2.3300
0.7765 2.5282
0.7867 2.7406
0.7966 2.9416
0.8050 3.1017
0.8114 3.2109
0.8157 3.2739
0.8183 3.2999
0.8194 3.2966
0.8193 3.2531
0.8179 3.1604
0.8150 3.0265
0.8105 2.8652
0.8045 2.6921
0.7974 2.5226
0.7896 2.3804
0.7825 2.3004
0.7779 2.2983
0.7770 2.3615
0.7794 2.4638
0.7841 2.5714
0.7892 2.6602
0.7939 2.7569
0.7989 2.9040
0.8048 3.0827
0.8109 3.2489
0.8165 3.3805
0.8209 3.4666
0.8238 3.4989
0.8250 3.4718
0.8252 3.5633
0.8340 5.3253
0.8574 8.5462
0.8800 11.0761
0.8952 12.2523
0.9023 11.8161
0.9039 11.3692
0.9040 12.0524
0.9050 13.1901
0.9068 13.8568
0.9082 14.0247
0.9095 15.5581
0.9119 17.2782
0.9142 18.5126
0.9164 20.3805
0.9185 22.6740
0.9205 24.1115
0.9218 24.1988
0.9221 23.0333
0.9214 20.9181
0.9197 18.2117
0.9168 15.3508
0.9128 13.0906
0.9084 11.6680
0.9045 10.9902
0.9019 10.7988
0.9006 10.8177
0.9002 10.7739
0.8998 10.4444
0.8987 9.8104
0.8964 9.0355
0.8932 8.2800
0.8893 7.6242
0.8852 7.0680
0.8809 6.5837
0.8767 6.1673
0.8726 5.8158
0.8687 5.5209
0.8650 5.2728
0.8616 5.0613
0.8585 4.8765
0.8556 4.7097
0.8528 4.5539
0.8500 4.4040
0.8472 4.2567
0.8443 4.1069
0.8411 3.9366
0.8372 3.7339
0.8324 3.5042
0.8263 3.2612
0.8191 3.0198
0.8110 2.7920
0.8020 2.5858
0.7928 2.4048
0.7834 2.2490
0.7744 2.1158
0.7657 2.0011
0.7575 1.9002
0.7497 1.8117
0.7425 1.7451
0.7371 1.7236
0.7352 1.7608
0.7378 1.8497
0.7442 1.9709
0.7529 2.1028
0.7620 2.2253
0.7700 2.3225
0.7762 2.3829
0.7801 2.4050
0.7819 2.4019
0.7822 2.3903
0.7817 2.3774
0.7809 2.3600
0.7797 2.3302
0.7779 2.2797
0.7750 2.2036
0.7705 2.1036
0.7646 2.0177
0.7604 2.0519
0.7636 2.3092
0.7772 2.8097
0.7970 3.3833
0.8160 3.8315
0.8311 4.4397
0.8491 6.5972
0.8711 9.7641
0.8895 12.5136
0.9016 14.0958
0.9075 13.7472
0.9086 12.7332
0.9078 12.9612
0.9081 14.3718
0.9099 16.0436
0.9127 18.9051
0.9164 22.8022
0.9199 25.4261
0.9221 25.3147
0.9228 24.3735
0.9229 25.0956
0.9232 26.1163
0.9236 26.4688
0.9238 26.0390
0.9236 24.7081
0.9227 21.8064
0.9205 18.3791
0.9173 15.7132
0.9137 14.0537
0.9105 13.1388
0.9080 12.5163
0.9060 11.9074
0.9041 11.2256
0.9019 10.4636
0.8994 9.7035
0.8964 9.0126
0.8932 8.4072
0.8899 7.8806
0.8866 7.4198
0.8834 7.0157
0.8802 6.6659
0.8772 6.3623
0.8743 6.0756
0.8712 5.7804
0.8679 5.4722
0.8642 5.1535
0.8600 4.8323
0.8552 4.5191
0.8498 4.2218
0.8441 3.9429
0.8380 3.6807
0.8315 3.4325
0.8245 3.1969
0.8171 2.9736
0.8091 2.7626
0.8006 2.5652
0.7915 2.3833
0.7821 2.2190
0.7725 2.0729
0.7629 1.9437
0.7534 1.8283
0.7440 1.7228
0.7345 1.6240
0.7250 1.5310
0.7153 1.4500
0.7066 1.3975
0.7006 1.3872
0.6989 1.4169
0.7015 1.4708
0.7069 1.5282
0.7128 1.5708
0.7175 1.5856
0.7195 1.5717
0.7196 1.5751
0.7223 1.6877
0.7333 1.9696
0.7539 2.4461
0.7798 3.0451
0.8047 3.6297
0.8240 4.0321
0.8366 4.3956
0.8491 5.8845
0.8670 8.5923
0.8844 11.1665
0.8971 12.9441
0.9045 13.7418
0.9079 13.5822
0.9083 12.6907
0.9066 11.4790
0.9032 10.1207
0.8989 9.3222
0.8970 10.6793
0.9002 13.5924
0.9062 17.4030
0.9131 22.9519
0.9191 27.5082
0.9230 28.8176
0.9248 28.6157
0.9254 29.5153
0.9258 30.0977
0.9260 29.9359
0.9259 29.4470
0.9256 27.7340
0.9246 24.1111
0.9226 20.6002
0.9199 17.9130
0.9169 15.9471
0.9138 14.4046
0.9108 13.0915
0.9077 11.8878
0.9044 10.7901
0.9009 9.8622
0.8973 9.0957
0.8937 8.4076
0.8899 7.7582
0.8858 7.1405
0.8814 6.5600
0.8765 6.0218
0.8712 5.5254
0.8654 5.0687
0.8591 4.6482
0.8524 4.2598
0.8451 3.8996
0.8372 3.5643
0.8286 3.2518
0.8192 2.9611
0.8089 2.6925
0.7978 2.4470
0.7858 2.2253
0.7732 2.0277
0.7601 1.8538
0.7466 1.7021
0.7332 1.5718
0.7202 1.4629
0.7080 1.3756
0.6972 1.3083
0.6880 1.2576
0.6806 1.2186
0.6746 1.1864
0.6694 1.1570
0.6647 1.1285
0.6602 1.1013
0.6559 1.0816
0.6532 1.0857
0.6546 1.1281
0.6613 1.2074
0.6726 1.3084
0.6860 1.4103
0.6988 1.4937
0.7090 1.5500
0.7163 1.5947
0.7219 1.6473
0.7278 1.7417
0.7382 1.9996
0.7582 2.5488
0.7860 3.3517
0.8143 4.2508
0.8377 5.0671
0.8540 5.6345
0.8650 6.6538
0.8775 9.4812
0.8913 12.7398
0.9023 15.2613
0.9095 16.8082
0.9135 17.4500
0.9151 17.0503
0.9147 15.3867
0.9128 14.6514
0.9123 16.4441
0.9138 18.7846
0.9165 22.5093
0.9201 27.5495
0.9232 30.0098
0.9250 29.7532
0.9257 29.4468
0.9258 29.1317
0.9256 28.5892
0.9253 28.0298
0.9249 26.5089
0.9240 23.9691
0.9224 21.2394
0.9203 18.8606
0.9178 16.8569
0.9151 15.1445
0.9122 13.6572
0.9091 12.2323
0.9054 10.8194
0.9010 9.5247
0.8961 8.4890
0.8910 7.7877
0.8866 7.3555
0.8831 7.0455
0.8803 6.7477
0.8776 6.4125
0.8745 6.0342
0.8708 5.6287
0.8663 5.2147
0.8610 4.8065
0.8550 4.4125
0.8481 4.0378
0.8404 3.6872
0.8320 3.3648
0.8229 3.0729
0.8132 2.8114
0.8030 2.5776
0.7924 2.3675
0.7814 2.1771
0.7699 2.0028
0.7579 1.8419
0.7453 1.6928
0.7321 1.5547
0.7181 1.4275
0.7036 1.3114
0.6886 1.2067
0.6734 1.1138
0.6583 1.0326
0.6437 0.9629
0.6299 0.9044
0.6174 0.8565
0.6065 0.8187
0.5974 0.7904
0.5903 0.7707
0.5852 0.7597
0.5826 0.7591
0.5827 0.7704
0.5858 0.7933
0.5916 0.8248
0.5992 0.8602
0.6075 0.8951
0.6155 0.9288
0.6231 0.9633
0.6311 1.0141
0.6422 1.1054
0.6582 1.2430
0.6783 1.4143
0.6998 1.6004
0.7200 1.7778
0.7369 1.9284
0.7511 2.1345
0.7683 2.6226
0.7928 3.5041
0.8202 4.6019
0.8442 5.6910
0.8618 6.5764
0.8746 8.3008
0.8882 12.1495
0.9007 15.8001
0.9098 18.4310
0.9152 20.1581
0.9182 21.2156
0.9196 20.9342
0.9195 19.5206
0.9189 20.5351
0.9195 22.7919
0.9208 24.7880
0.9225 28.1646
0.9245 32.5442
0.9264 34.6530
0.9273 33.5232
0.9276 33.8392
0.9278 34.6171
0.9279 34.8635
0.9280 34.2853
0.9277 31.6186
0.9267 27.7051
0.9250 24.0457
0.9228 21.0739
0.9203 18.7476
0.9177 16.8669
0.9151 15.2954
0.9125 13.9676
0.9098 12.8091
0.9069 11.7465
0.9039 10.7344
0.9006 9.7598
0.8967 8.8310
0.8924 7.9620
0.8874 7.1643
0.8818 6.4433
0.8757 5.7978
0.8689 5.2222
0.8616 4.7086
0.8537 4.2491
0.8451 3.8367
0.8359 3.4653
0.8260 3.1298
0.8153 2.8262
0.8037 2.5511
0.7912 2.3020
0.7779 2.0774
0.7636 1.8762
0.7486 1.6977
0.7329 1.5409
0.7170 1.4047
0.7010 1.2877
0.6855 1.1882
0.6705 1.1044
0.6566 1.0343
0.6439 0.9773
0.6329 0.9337
0.6239 0.9027
0.6171 0.8823
0.6124 0.8694
0.6093 0.8604
0.6071 0.8518
0.6050 0.8409
0.6025 0.8260
0.5990 0.8078
0.5948 0.7892
0.5908 0.7793
0.5895 0.7955
0.5945 0.8503
0.6072 0.9420
0.6259 1.0576
0.6469 1.1785
0.6667 1.2857
0.6828 1.3665
0.6956 1.4675
0.7107 1.6902
0.7321 2.0458
0.7578 2.5275
0.7852 3.2030
0.8118 4.0291
0.8343 4.8511
0.8510 5.5104
0.8633 6.7622
0.8779 10.0664
0.8930 13.6611
0.9044 16.4062
0.9116 18.1410
0.9155 18.8539
0.9171 18.6631
0.9170 17.3725
0.9155 15.6029
0.9139 16.4744
0.9148 20.0371
0.9180 25.5934
0.9219 31.0079
0.9250 33.7052
0.9268 34.0503
0.9276 34.4379
0.9279 34.3330
0.9279 33.8292
0.9277 32.4398
0.9270 29.1627
0.9257 25.3409
0.9236 22.0258
0.9212 19.4296
0.9186 17.4250
0.9160 15.8093
0.9134 14.4418
0.9107 13.2221
0.9080 12.0812
0.9049 10.9853
0.9015 9.9320
0.8975 8.9339
0.8929 8.0062
0.8877 7.1597
0.8818 6.3979
0.8753 5.7178
0.8680 5.1124
0.8601 4.5735
0.8514 4.0929
0.8419 3.6634
0.8316 3.2787
0.8204 2.9338
0.8082 2.6243
0.7949 2.3466
0.7806 2.0978
0.7651 1.8757
0.7486 1.6787
0.7313 1.5060
0.7133 1.3570
0.6951 1.2306
0.6773 1.1248
0.6603 1.0369
0.6445 0.9640
0.6300 0.9030
0.6169 0.8512
0.6049 0.8064
0.5939 0.7670
0.5837 0.7325
0.5744 0.7029
0.5662 0.6784
0.5590 0.6585
0.5530 0.6425
0.5480 0.6296
0.5439 0.6189
0.5404 0.6096
0.5374 0.6009
0.5345 0.5926
0.5318 0.5851
0.5294 0.5793
0.5276 0.5761
0.5267 0.5767
0.5270 0.5815
0.5288 0.5906
0.5322 0.6055
0.5376 0.6291
0.5457 0.6631
0.5565 0.7073
0.5696 0.7624
0.5853 0.8392
0.6055 0.9574
0.6313 1.1332
0.6626 1.3882
0.6972 1.7230
0.7311 2.1127
0.7611 2.5197
0.7853 2.9215
0.8048 3.4293
0.8226 4.1434
0.8398 5.1410
0.8563 6.3691
0.8705 7.6009
0.8813 8.6714
0.8902 11.1714
0.9003 15.6479
0.9093 19.2680
0.9156 21.7269
0.9194 23.4571
0.9214 23.9864
0.9221 23.6646
0.9225 25.4729
0.9235 29.4522
0.9253 34.6519
0.9272 38.0175
0.9286 40.1730
0.9295 42.0115
0.9300 41.5313
0.9300 38.8703
0.9294 35.0556
0.9283 31.0516
0.9268 27.3037
0.9249 24.0492
0.9228 21.2763
0.9204 18.9319
0.9179 16.9321
0.9152 15.1784
0.9122 13.5919
0.9089 12.1283
0.9052 10.7716
0.9009 9.5213
0.8959 8.3809
0.8901 7.3525
0.8834 6.4347
0.8758 5.6225
0.8671 4.9085
0.8573 4.2840
0.8462 3.7400
0.8340 3.2697
0.8206 2.8825
0.8069 2.5881
0.7939 2.3782
0.7827 2.2369
0.7739 2.1474
0.7675 2.0875
0.7629 2.0336
0.7587 1.9714
0.7542 1.8976
0.7488 1.8154
0.7424 1.7297
0.7351 1.6452
0.7273 1.5682
0.7199 1.5194
0.7150 1.5167
0.7142 1.5574
0.7176 1.6293
0.7241 1.7188
0.7322 1.8143
0.7406 1.9072
0.7484 1.9915
0.7551 2.0632
0.7605 2.1192
0.7645 2.1573
0.7671 2.1766
0.7685 2.1769
0.7686 2.1584
0.7676 2.1220
0.7653 2.0699
0.7619 2.0049
0.7573 1.9292
0.7518 1.8455
0.7451 1.7552
0.7374 1.6593
0.7285 1.5598
0.7184 1.4628
0.7082 1.3924
0.7007 1.3812
0.6991 1.4357
0.7042 1.5394
0.7144 1.6740
0.7282 1.8766
0.7463 2.2050
0.7678 2.6183
0.7889 3.0319
0.8068 3.4481
0.8224 4.0058
0.8365 4.6132
