0.9236 31.2958
0.9259 34.1447
0.9273 35.0040
0.9280 35.3605
0.9284 38.3952
0.9293 44.1194
0.9304 49.8924
0.9315 54.3505
0.9324 57.6103
0.9330 59.7450
0.9333 60.5647
0.9335 59.8633
0.9334 57.7623
0.9332 54.6164
0.9328 50.8233
0.9322 46.6365
0.9314 42.2963
0.9305 38.0300
0.9294 34.0241
0.9280 30.4298
0.9265 27.2727
0.9248 24.4898
0.9230 21.9970
0.9210 19.7267
0.9187 17.6420
0.9161 15.7306
0.9132 13.9806
0.9098 12.3824
0.9060 10.9696
0.9017 9.8057
0.8973 8.9000
0.8930 8.1979
0.8889 7.6270
0.8850 7.1224
0.8811 6.6360
0.8769 6.1402
0.8721 5.6267
0.8664 5.1021
0.8596 4.5809
0.8513 4.0774
0.8415 3.6056
0.8302 3.1801
0.8175 2.8131
0.8038 2.5135
0.7902 2.2871
0.7779 2.1437
0.7687 2.0819
0.7637 2.0864
0.7631 2.1470
0.7664 2.2662
0.7733 2.4442
0.7827 2.6678
0.7932 2.9099
0.8034 3.1367
0.8121 3.3203
0.8187 3.4450
0.8230 3.5056
0.8252 3.5038
0.8255 3.4463
0.8241 3.3439
0.8212 3.2091
0.8171 3.0543
0.8118 2.8898
0.8056 2.7250
0.7988 2.5698
0.7917 2.4369
0.7851 2.3398
0.7797 2.2870
0.7763 2.2809
0.7756 2.3221
0.7775 2.4140
0.7823 2.5689
0.7898 2.8034
0.8000 3.1378
0.8122 3.5872
0.8261 4.2717
0.8422 5.4036
0.8593 6.9573
0.8752 8.9336
0.8894 12.5846
0.9033 20.0178
0.9149 29.1896
0.9231 39.6405
0.9283 50.2878
0.9315 63.3266
0.9335 75.5910
0.9348 84.3713
0.9355 89.3721
0.9359 90.8572
0.9360 88.9556
0.9359 83.8947
0.9357 76.1847
0.9351 66.6492
0.9344 57.1342
0.9333 48.8002
0.9320 42.0687
0.9306 36.7514
0.9291 32.5401
0.9275 29.1073
0.9259 26.2378
0.9242 23.7705
0.9224 21.5549
0.9205 19.4641
0.9184 17.4104
0.9158 15.4144
0.9126 13.5510
0.9089 11.8928
0.9047 10.4690
0.9000 9.2691
0.8949 8.2623
0.8895 7.4119
0.8838 6.6830
0.8779 6.0452
0.8716 5.4748
0.8649 4.9562
0.8576 4.4817
0.8496 4.0483
0.8408 3.6582
0.8315 3.3279
0.8221 3.0729
0.8135 2.8909
0.8063 2.7693
0.8007 2.6916
0.7968 2.6405
0.7941 2.5995
0.7919 2.5548
0.7897 2.4971
0.7869 2.4239
0.7833 2.3383
0.7788 2.2470
0.7736 2.1572
0.7681 2.0746
0.7626 2.0022
0.7574 1.9415
0.7528 1.8946
0.7491 1.8647
0.7466 1.8551
0.7458 1.8717
0.7470 1.9218
0.7507 2.0094
0.7568 2.1330
0.7649 2.2878
0.7743 2.4784
0.7849 2.7335
0.7970 3.0876
0.8107 3.5730
0.8253 4.1990
0.8401 5.0217
0.8551 6.3013
0.8703 8.1076
0.8840 10.2409
0.8954 12.9054
0.9052 18.5394
0.9145 26.3457
0.9215 33.0358
0.9262 41.4213
0.9295 52.9253
0.9319 63.2294
0.9334 70.3882
0.9344 75.0192
0.9349 80.0285
0.9353 83.7889
0.9355 84.7559
0.9356 83.1244
0.9356 79.3521
0.9353 74.0318
0.9350 67.6068
0.9344 60.7412
0.9337 53.7190
0.9328 46.8308
0.9316 40.4351
0.9301 34.7777
0.9284 29.9338
0.9263 25.7750
0.9240 22.2442
0.9214 19.3101
0.9185 17.0070
0.9155 15.2611
0.9125 13.9051
0.9097 12.7799
0.9069 11.7606
0.9039 10.7633
0.9006 9.7531
0.8967 8.7392
0.8919 7.7527
0.8861 6.8259
0.8792 5.9809
0.8712 5.2300
0.8620 4.5792
0.8519 4.0275
0.8409 3.5671
0.8294 3.1896
0.8178 2.8887
0.8067 2.6586
0.7966 2.4900
0.7880 2.3703
0.7812 2.2850
0.7759 2.2204
0.7716 2.1655
0.7680 2.1131
0.7646 2.0600
0.7610 2.0058
0.7572 1.9514
0.7533 1.8979
0.7492 1.8463
0.7450 1.7977
0.7410 1.7556
0.7374 1.7294
0.7353 1.7354
0.7359 1.7903
0.7403 1.9012
0.7486 2.0636
0.7597 2.2642
0.7721 2.4920
0.7850 2.7763
0.7987 3.1622
0.8130 3.6453
0.8271 4.1895
0.8401 4.8083
0.8527 5.8636
0.8667 7.5866
0.8806 9.6976
0.8926 12.1244
0.9023 15.7553
0.9114 23.0690
0.9190 29.9952
0.9243 35.3406
0.9276 42.7253
0.9301 54.4561
0.9322 63.8375
0.9335 69.9741
0.9343 73.1481
0.9347 75.0259
0.9350 77.8256
0.9352 78.4909
0.9352 76.6637
0.9351 73.0188
0.9348 68.1133
0.9344 62.3644
0.9339 56.4837
0.9331 50.6811
0.9323 45.0265
0.9312 39.5910
0.9298 34.5027
0.9282 29.9266
0.9263 25.9501
0.9241 22.5506
0.9216 19.6340
0.9188 17.1655
0.9156 15.1468
0.9124 13.6214
0.9092 12.5194
0.9064 11.6911
0.9038 10.9934
0.9013 10.3168
0.8988 9.5973
0.8958 8.8216
0.8921 8.0147
0.8875 7.2138
0.8821 6.4513
0.8757 5.7480
0.8684 5.1163
0.8602 4.5606
0.8513 4.0798
0.8418 3.6700
0.8319 3.3256
0.8219 3.0385
0.8121 2.7997
0.8025 2.6010
0.7934 2.4352
0.7849 2.2961
0.7769 2.1785
0.7696 2.0781
0.7628 1.9916
0.7565 1.9164
0.7508 1.8502
0.7454 1.7916
0.7404 1.7417
0.7361 1.7046
0.7327 1.6839
0.7307 1.6843
0.7307 1.7117
0.7331 1.7692
0.7378 1.8545
0.7447 1.9681
0.7539 2.1480
0.7666 2.4533
0.7832 2.8926
0.8018 3.4327
0.8200 4.0425
0.8367 4.9082
0.8537 6.3700
0.8703 8.1777
0.8842 10.0224
0.8946 11.8395
0.9027 15.4598
0.9111 22.3880
0.9185 28.6582
0.9236 33.5852
0.9267 37.3332
0.9288 44.4100
0.9306 54.9499
0.9323 62.3095
0.9334 66.4800
0.9340 68.4228
0.9343 68.8246
0.9345 70.7830
0.9346 72.6808
0.9347 71.5987
0.9346 68.1407
0.9344 63.7995
0.9340 59.5386
0.9335 55.5352
0.9330 51.5793
0.9324 47.3984
0.9316 42.8832
0.9306 38.1460
0.9294 33.4421
0.9278 29.0368
0.9258 25.0293
0.9235 21.5599
0.9208 18.6919
0.9177 16.4767
0.9147 14.8547
0.9118 13.6553
0.9091 12.7056
0.9066 11.8641
0.9042 11.0312
0.9014 10.1625
0.8983 9.2608
0.8944 8.3538
0.8897 7.4739
0.8841 6.6472
0.8776 5.8906
0.8701 5.2113
0.8616 4.6097
0.8522 4.0825
0.8419 3.6256
0.8309 3.2356
0.8192 2.9089
0.8074 2.6412
0.7959 2.4265
0.7849 2.2565
0.7750 2.1216
0.7661 2.0123
0.7582 1.9207
0.7512 1.8410
0.7446 1.7704
0.7386 1.7102
0.7332 1.6642
0.7289 1.6351
0.7260 1.6244
0.7248 1.6369
0.7263 1.6955
0.7319 1.8162
0.7417 1.9969
0.7551 2.2432
0.7711 2.5798
0.7888 3.0238
0.8071 3.5654
0.8242 4.1654
0.8392 4.8119
0.8523 5.6971
0.8649 7.0145
0.8772 8.6407
0.8879 10.3216
0.8962 11.9269
0.9030 15.0664
0.9106 21.5277
0.9177 27.5644
0.9229 32.3931
0.9262 37.2093
0.9286 44.3768
0.9305 53.0014
0.9321 60.9402
0.9332 65.7852
0.9339 68.0028
0.9343 68.9529
0.9345 71.8649
0.9347 73.1208
0.9348 71.5411
0.9347 68.1222
0.9344 64.0830
0.9340 60.1013
0.9336 56.1665
0.9331 52.0113
0.9324 47.4468
0.9316 42.5514
0.9306 37.5827
0.9292 32.8096
0.9276 28.4194
0.9255 24.4927
0.9231 21.1204
0.9203 18.3406
0.9173 16.1891
0.9142 14.5761
0.9112 13.3388
0.9084 12.3215
0.9056 11.4041
0.9028 10.5102
0.8996 9.6084
0.8960 8.7032
0.8916 7.8174
0.8864 6.9767
0.8803 6.2008
0.8733 5.4998
0.8654 4.8762
0.8566 4.3267
0.8469 3.8463
0.8364 3.4295
0.8252 3.0712
0.8135 2.7698
0.8018 2.5397
0.7913 2.3908
0.7832 2.3154
0.7782 2.2977
0.7764 2.3206
0.7771 2.3687
0.7794 2.4294
0.7826 2.4933
0.7860 2.5541
0.7890 2.5957
0.7911 2.6044
0.7919 2.5871
0.7915 2.5635
0.7908 2.5590
0.7907 2.5930
0.7921 2.6721
0.7954 2.8049
0.8009 3.0158
0.8088 3.3239
0.8187 3.7249
0.8296 4.1956
0.8405 4.7621
0.8517 5.6174
0.8636 6.8586
0.8758 8.5091
0.8870 10.4035
0.8964 12.6456
0.9049 17.4635
0.9134 24.2413
0.9201 29.9901
0.9246 35.5792
0.9278 43.1340
0.9300 49.7715
0.9316 57.5537
0.9329 63.7138
0.9337 66.9532
0.9341 67.7550
0.9343 68.3066
0.9344 70.1406
0.9345 69.9445
0.9345 67.6852
0.9343 64.2449
0.9340 60.1617
0.9336 55.7747
0.9330 51.1565
0.9323 46.3148
0.9314 41.4066
0.9303 36.6409
0.9289 32.1682
0.9273 28.0879
0.9253 24.4609
0.9231 21.2870
0.9204 18.5236
0.9174 16.1202
0.9140 14.0632
0.9102 12.3657
0.9061 11.0626
0.9022 10.1060
0.8984 9.3739
0.8950 8.7426
0.8917 8.1242
0.8880 7.4804
0.8838 6.8146
0.8787 6.1496
0.8726 5.5091
0.8653 4.9102
0.8570 4.3630
0.8476 3.8717
0.8370 3.4417
0.8258 3.0894
0.8145 2.8218
0.8040 2.6305
0.7952 2.5004
0.7883 2.4152
0.7833 2.3588
0.7798 2.3162
0.7771 2.2749
0.7746 2.2271
0.7717 2.1696
0.7683 2.1027
0.7641 2.0285
0.7591 1.9517
0.7537 1.8822
0.7485 1.8339
0.7446 1.8177
0.7431 1.8394
0.7445 1.9058
0.7494 2.0200
0.7573 2.1767
0.7674 2.3743
0.7791 2.6418
0.7927 3.0162
0.8076 3.5032
0.8229 4.0752
0.8373 4.7507
0.8512 5.7822
0.8655 7.3908
0.8794 9.4215
0.8913 11.6208
0.9007 14.2789
0.9090 20.4142
0.9169 27.9149
0.9228 34.0254
0.9266 39.2097
0.9292 47.2940
0.9312 57.7504
0.9327 65.7354
0.9338 70.6134
0.9344 72.8316
0.9347 74.2628
0.9349 76.8972
0.9351 77.7234
0.9351 76.0592
0.9350 72.3892
0.9348 67.4865
0.9344 61.9545
0.9338 56.0520
0.9331 49.9505
0.9321 43.7830
0.9309 37.9041
0.9294 32.6441
0.9275 28.1349
0.9254 24.3543
0.9230 21.1931
0.9204 18.4876
0.9174 16.1479
0.9140 14.1440
0.9104 12.5044
0.9065 11.2153
0.9026 10.1855
0.8987 9.3101
0.8947 8.5067
0.8905 7.7288
0.8857 6.9664
0.8801 6.2337
0.8735 5.5514
0.8660 4.9338
0.8575 4.3867
0.8481 3.9090
0.8379 3.4954
0.8271 3.1381
0.8158 2.8286
0.8039 2.5590
0.7917 2.3222
0.7790 2.1129
0.7659 1.9271
0.7524 1.7623
0.7387 1.6175
0.7249 1.4920
0.7114 1.3860
0.6986 1.2996
0.6870 1.2322
0.6772 1.1825
0.6694 1.1486
0.6639 1.1289
0.6605 1.1233
0.6597 1.1351
0.6618 1.1703
0.6677 1.2374
0.6778 1.3449
0.6923 1.4990
0.7103 1.7035
0.7306 1.9665
0.7526 2.3338
0.7762 2.8561
0.8002 3.5311
0.8225 4.3144
0.8415 5.1739
0.8573 6.3442
0.8717 8.1243
0.8849 10.3644
0.8959 12.8981
0.9045 15.4499
0.9111 19.9369
0.9174 26.9794
0.9226 32.8553
0.9262 38.7948
0.9289 46.8864
0.9309 55.6546
0.9325 64.9001
0.9337 71.1295
0.9344 74.7708
0.9349 78.9662
0.9352 82.4281
0.9355 83.1213
0.9355 81.4775
0.9355 78.0806
0.9352 73.3577
0.9349 67.5197
0.9344 60.7695
0.9337 53.7988
0.9328 46.9882
0.9316 40.6743
0.9302 35.0708
0.9285 30.1309
0.9264 25.9233
0.9241 22.4225
0.9215 19.6007
0.9188 17.3655
0.9159 15.5559
0.9130 14.0309
0.9099 12.6800
0.9067 11.4219
0.9030 10.2136
0.8987 9.0526
0.8936 7.9594
0.8875 6.9566
0.8804 6.0582
0.8721 5.2682
0.8626 4.5827
0.8519 3.9934
0.8401 3.4899
0.8273 3.0621
0.8135 2.7013
0.7989 2.4001
0.7840 2.1519
0.7691 1.9502
0.7547 1.7888
0.7413 1.6623
0.7294 1.5659
0.7194 1.4956
0.7114 1.4474
0.7055 1.4179
0.7017 1.4030
0.6997 1.3991
0.6991 1.4044
0.6999 1.4219
0.7023 1.4637
0.7078 1.5577
0.7184 1.7349
0.7348 2.0175
0.7558 2.4010
0.7784 2.8619
0.7999 3.3789
0.8188 3.9704
0.8352 4.6688
0.8495 5.4898
0.8618 6.4198
0.8723 7.4041
0.8810 8.5054
0.8886 9.9799
0.8957 11.7928
0.9021 13.8715
0.9076 16.1334
0.9122 18.5638
0.9165 24.1621
0.9215 34.6419
0.9262 44.4726
0.9296 52.1340
0.9317 58.8373
0.9331 67.6579
0.9342 76.7984
0.9349 82.6064
0.9354 84.5717
0.9356 83.4948
0.9356 80.3291
0.9354 75.5328
0.9351 69.0602
0.9345 61.3800
0.9338 53.3124
0.9327 45.6735
0.9314 38.9335
0.9297 33.1743
0.9278 28.2792
0.9255 24.1608
0.9229 20.7522
0.9200 18.0301
0.9169 15.8760
0.9136 14.1298
0.9103 12.6483
0.9067 11.3212
0.9027 10.0829
0.8982 8.9141
0.8929 7.8246
0.8867 6.8317
0.8793 5.9471
0.8709 5.1739
0.8613 4.5075
0.8506 3.9392
0.8389 3.4587
0.8264 3.0554
0.8132 2.7189
0.7996 2.4395
0.7859 2.2081
0.7724 2.0170
0.7594 1.8596
0.7471 1.7305
0.7357 1.6251
0.7254 1.5393
0.7162 1.4688
0.7081 1.4109
0.7011 1.3655
0.6954 1.3346
0.6914 1.3212
0.6896 1.3290
0.6906 1.3602
0.6944 1.4134
0.7007 1.4835
0.7086 1.5636
0.7173 1.6492
0.7265 1.7607
0.7376 1.9393
0.7519 2.2110
0.7695 2.5886
0.7889 3.0647
0.8082 3.6166
0.8256 4.2226
0.8405 4.8824
0.8535 5.7633
0.8655 6.8691
0.8762 8.0667
0.8853 9.4735
0.8933 11.2754
0.9003 13.3162
0.9063 15.6009
0.9118 20.4636
0.9178 28.4253
0.9234 38.3457
0.9277 46.4769
0.9304 52.6486
0.9321 57.6197
0.9331 64.4530
0.9339 73.0020
0.9346 79.2525
0.9351 82.0275
0.9354 82.1187
0.9355 80.2981
0.9354 76.7676
0.9352 71.6131
0.9348 65.1313
0.9342 57.9119
0.9333 50.5944
0.9323 43.6902
0.9309 37.3995
0.9292 31.8657
0.9272 27.1845
0.9249 23.3890
0.9224 20.4120
0.9197 18.0588
0.9169 16.1358
0.9140 14.4876
0.9109 12.9980
0.9075 11.5975
0.9036 10.2681
0.8990 9.0264
0.8936 7.8968
0.8872 6.8954
0.8799 6.0262
0.8718 5.2839
0.8628 4.6570
0.8532 4.1314
0.8431 3.6928
0.8326 3.3279
0.8221 3.0253
0.8117 2.7757
0.8016 2.5729
0.7922 2.4116
0.7837 2.2856
0.7763 2.1877
0.7701 2.1104
0.7648 2.0476
0.7603 1.9968
0.7567 1.9582
0.7537 1.9311
0.7516 1.9136
0.7502 1.9048
0.7497 1.9220
0.7516 2.0110
0.7580 2.1913
0.7687 2.4470
0.7822 2.7512
0.7963 3.0880
0.8098 3.4449
0.8217 3.7993
0.8317 4.1239
0.8399 4.4679
0.8477 5.0279
0.8565 5.7946
0.8658 6.6571
0.8744 7.5404
0.8819 8.5524
0.8889 9.9672
0.8956 11.6705
0.9018 13.9088
0.9084 19.0481
0.9153 24.5704
0.9208 29.9322
0.9250 37.4930
0.9281 44.3114
0.9302 49.2865
0.9315 52.2358
0.9323 56.6546
0.9330 64.5220
0.9338 70.3837
0.9344 73.3330
0.9347 73.8632
0.9348 72.4959
0.9348 69.5323
0.9345 65.0781
0.9341 59.1441
0.9334 51.8071
0.9324 44.2284
0.9310 37.3008
0.9292 31.4555
0.9271 26.7489
0.9247 22.9753
0.9220 19.9184
0.9191 17.4397
0.9161 15.4935
0.9130 13.9685
0.9099 12.7205
0.9068 11.6285
0.9036 10.6026
0.9001 9.5905
0.8960 8.5823
0.8910 7.5986
0.8850 6.6705
0.8778 5.8246
0.8695 5.0780
0.8599 4.4381
0.8494 3.9043
0.8382 3.4690
0.8267 3.1197
0.8154 2.8414
0.8046 2.6181
0.7944 2.4349
0.7849 2.2794
0.7759 2.1425
0.7673 2.0198
0.7588 1.9125
0.7508 1.8250
0.7438 1.7657
0.7390 1.7545
0.7380 1.8085
0.7419 1.9240
0.7500 2.0808
0.7604 2.2523
0.7712 2.4133
0.7806 2.5470
0.7883 2.6659
0.7947 2.8056
0.8010 2.9792
0.8077 3.1866
0.8153 3.5209
0.8258 4.1209
0.8389 4.9027
0.8523 5.7463
0.8641 6.5876
0.8737 7.4786
0.8817 8.4796
0.8884 9.6232
0.8943 10.9380
0.9003 14.0195
0.9080 19.3526
0.9152 23.9833
0.9204 27.4137
0.9238 31.8895
0.9265 37.6593
0.9285 41.6017
0.9297 43.4027
0.9304 44.1166
0.9308 47.3249
0.9315 54.3196
0.9324 60.5841
0.9332 64.7459
0.9338 67.0388
0.9341 67.7509
0.9343 66.9854
0.9342 64.7017
0.9340 60.8993
0.9336 55.8083
0.9330 49.9157
0.9321 43.6329
0.9309 37.5508
0.9293 32.1874
0.9274 27.7119
0.9252 24.1461
0.9229 21.3190
0.9205 19.0069
0.9180 17.0637
0.9154 15.4637
0.9128 14.1596
0.9102 13.0512
0.9076 12.0472
0.9048 11.0793
0.9017 10.1093
0.8981 9.1349
0.8938 8.1829
0.8888 7.2999
0.8830 6.5220
0.8766 5.8620
0.8698 5.3195
0.8631 4.8866
0.8566 4.5501
0.8508 4.2931
0.8456 4.0975
0.8413 3.9450
0.8376 3.8182
0.8344 3.7036
0.8314 3.5938
0.8285 3.4928
0.8258 3.4295
0.8241 3.4374
0.8241 3.5209
0.8260 3.6595
0.8292 3.8229
0.8331 3.9799
0.8368 4.1055
0.8398 4.1910
0.8420 4.2496
0.8435 4.2974
0.8451 4.4878
0.8495 5.1321
0.8581 6.1698
0.8689 7.3593
0.8791 8.5199
0.8874 9.5482
0.8935 10.3445
0.8978 11.4866
0.9031 15.0687
0.9097 19.3185
0.9156 22.7842
0.9198 25.3357
0.9225 26.9186
0.9239 27.4769
0.9247 29.4280
0.9257 32.2060
0.9266 33.5869
0.9273 34.0991
0.9277 35.9419
0.9285 39.7297
0.9293 42.3891
0.9300 44.2150
0.9307 47.7667
0.9313 50.1715
0.9318 50.7309
0.9320 49.9465
0.9319 48.3507
0.9317 46.1283
0.9313 43.3336
0.9307 39.9864
0.9298 36.2047
0.9287 32.2657
0.9273 28.4876
0.9255 25.0684
0.9235 22.0747
0.9211 19.4983
0.9186 17.3006
0.9158 15.4354
0.9128 13.8605
0.9096 12.5638
0.9065 11.5506
0.9036 10.8567
0.9011 10.4249
0.8993 10.1159
0.8978 9.8045
0.8964 9.4069
0.8946 8.8857
0.8921 8.2516
0.8887 7.5481
0.8844 6.8271
0.8790 6.1423
0.8727 5.5421
0.8660 5.0453
0.8592 4.6477
0.8527 4.3365
0.8467 4.0995
0.8416 3.9259
0.8374 3.8040
0.8342 3.7215
0.8319 3.6668
0.8303 3.6309
0.8292 3.6049
0.8284 3.5825
0.8279 3.5809
0.8280 3.6220
0.8289 3.7019
0.8308 3.8024
0.8331 3.9042
0.8355 3.9939
0.8377 4.0777
0.8399 4.2409
0.8444 4.7900
0.8534 5.8658
0.8656 7.2359
0.8777 8.6644
0.8877 10.0055
0.8953 11.4668
0.9023 15.2237
