0.5767
0.6206
0.6570
0.6881
0.7021
0.7073
0.7081
0.7086
0.7076
0.7077
0.7074
0.7078
0.7069
0.7076
0.7069
0.7075
0.7072
0.7066
0.7074
0.7076
0.7072
0.7079
0.7068
0.7071
0.7071
0.7075
0.7071
0.7070
0.7078
0.7080
0.7077
0.7073
0.7076
0.7078
0.7082
0.7076
0.7074
0.7075
0.7071
0.7078
0.7076
0.7075
0.7079
0.7072
0.7067
0.7075
0.7073
0.7074
0.7075
0.7072
0.7073
0.7062
0.7073
0.7075
0.7070
0.7072
0.7073
0.7075
0.7067
0.7073
0.7081
0.7075
0.7079
0.7082
0.7079
0.7078
0.7069
0.7075
0.7078
0.7079
0.7072
0.7079
