0.9575
0.9616
0.9608
0.9608
0.9608
0.9608
0.9608
0.9608
0.9608
0.9608
0.9608
0.9608
0.9608
0.9608
0.9608
0.9608
0.9608
0.9608
0.9608
0.9608
0.9608
0.9608
0.9608
0.9608
0.9608
0.9608
0.9608
0.9608
0.9608
0.9608
0.9608
0.9608
0.9608
0.9608
0.9608
0.9608
0.9608
0.9608
0.9608
0.9608
0.9608
0.9608
0.9608
0.9608
0.9608
0.9608
0.9608
0.9608
0.9608
0.9608
0.9608
0.9608
0.9608
0.9608
0.9608
0.9608
0.9608
0.9608
0.9608
0.9608
0.9608
0.9608
0.9608
0.9608
0.9608
0.9608
0.9608
0.9608
0.9608
0.9608
0.9608
0.9608
0.9608
0.9608
0.9608
0.9608
0.9608
0.9608
0.9608
0.9608
0.9608
0.9608
0.9608
0.9608
0.9608
0.9608
0.9608
0.9608
0.9608
0.9608
0.9608
0.9608
0.9608
0.9608
0.9608
0.9608
0.9608
0.9608
0.9608
0.9608
0.9608
0.9608
0.9608
0.9608
0.9608
0.9608
0.9608
0.9608
0.9608
0.9608
0.9608
0.9608
0.9608
0.9608
0.9608
0.9608
0.9608
0.9608
0.9608
0.9608
0.9608
0.9608
0.9608
0.9608
0.9608
0.9608
0.9608
0.9608
0.9608
0.9608
0.9608
0.9608
0.9608
0.9608
0.9608
0.9608
0.9608
0.9608
0.9608
0.9608
0.9608
0.9608
0.9608
0.9608
0.9608
0.9608
0.9608
0.9608
0.9608
0.9608
