-0.3578 0.181954
-0.3518 0.178395
-0.3464 0.175254
-0.3415 0.172434
-0.3369 0.169862
-0.3327 0.167488
-0.3286 0.165271
-0.3267 0.140927
-0.3290 0.118494
-0.3339 0.100444
-0.3406 0.085552
-0.3483 0.073071
-0.3568 0.062509
-0.3658 0.053515
-0.3750 0.045822
-0.3844 0.039220
-0.3936 0.033541
-0.3836 0.219272
-0.3597 0.201321
-0.3408 0.187429
-0.3259 0.176516
-0.3138 0.167827
-0.3040 0.160827
-0.2959 0.155126
-0.2891 0.150435
-0.2585 0.263151
-0.2337 0.237244
-0.2134 0.216103
-0.1963 0.198403
-0.1817 0.183270
-0.1688 0.170077
-0.1574 0.158359
-0.1470 0.147769
-0.1374 0.138037
-0.1293 0.120424
-0.1237 0.106019
-0.1205 0.095799
-0.1195 0.088857
-0.1207 0.084628
-0.1242 0.082755
-0.1302 0.082992
-0.1387 0.085123
-0.1509 0.077513
-0.1678 0.071834
-0.1887 0.067345
-0.2126 0.063231
-0.2379 0.058999
-0.2634 0.054455
-0.2879 0.049631
-0.3107 0.044670
-0.3316 0.039747
-0.3503 0.035013
-0.3670 0.030579
-0.3816 0.026515
-0.3945 0.022854
-0.4058 0.019602
-0.4158 0.016746
-0.4246 0.014260
-0.4325 0.012109
-0.4394 0.010259
-0.4203 0.218494
-0.3908 0.201846
-0.3670 0.188557
-0.3477 0.177847
-0.3319 0.169143
-0.3189 0.162001
-0.3080 0.156079
-0.2989 0.151117
-0.2911 0.146924
-0.2845 0.143355
-0.2788 0.140303
-0.2739 0.137684
-0.2696 0.135418
-0.2660 0.127631
-0.2657 0.106450
-0.2689 0.089960
-0.2748 0.076765
-0.2828 0.065973
-0.2924 0.056981
-0.3034 0.049368
-0.3152 0.042834
-0.3275 0.037167
-0.3215 0.191322
-0.3057 0.177120
-0.2934 0.166131
-0.2836 0.157521
-0.2759 0.150709
-0.2697 0.145280
-0.2648 0.140933
-0.2606 0.267855
-0.2341 0.239557
-0.2124 0.216607
-0.1942 0.197354
-0.1782 0.180681
-0.1640 0.165887
-0.1510 0.152512
-0.1390 0.140196
-0.1277 0.128616
-0.1169 0.113548
-0.1079 0.095990
-0.1006 0.082684
-0.0946 0.072521
-0.0900 0.064792
-0.0866 0.059059
-0.0847 0.055073
-0.0845 0.052730
-0.0864 0.051271
-0.0918 0.045415
-0.1022 0.042148
-0.1186 0.040742
-0.1413 0.040467
-0.1698 0.040541
-0.2021 0.040256
-0.2359 0.039178
-0.2688 0.037229
-0.2993 0.034577
-0.3269 0.031489
-0.3428 0.198997
-0.3336 0.189226
-0.3264 0.181488
-0.3206 0.175270
-0.3158 0.170202
-0.2872 0.296797
-0.2628 0.270119
-0.2437 0.249370
-0.2284 0.232828
-0.2159 0.219367
-0.2054 0.208211
-0.1966 0.198810
-0.1890 0.190759
-0.1823 0.183724
-0.1763 0.177434
-0.1708 0.171724
-0.1658 0.165611
-0.1629 0.148664
-0.1631 0.135563
-0.1676 0.115826
-0.1770 0.101684
-0.1879 0.183792
-0.1863 0.167276
-0.1879 0.156071
-0.1919 0.148734
-0.1980 0.144286
-0.2057 0.141978
-0.2145 0.141195
-0.2239 0.141427
-0.2334 0.142261
-0.2412 0.263258
-0.2279 0.245310
-0.2176 0.231391
-0.2092 0.220275
-0.2021 0.211008
-0.1959 0.203032
-0.1903 0.196109
-0.1855 0.190155
-0.1824 0.173057
-0.1828 0.159178
-0.1858 0.149914
-0.1911 0.143980
-0.1979 0.140458
-0.2059 0.138662
-0.2146 0.138069
-0.2236 0.138277
-0.2324 0.138970
-0.2408 0.139902
-0.2486 0.136545
-0.2583 0.118335
-0.2703 0.103311
-0.2839 0.090497
-0.2982 0.079310
-0.3129 0.069405
-0.3273 0.060577
-0.3414 0.052699
-0.3547 0.045684
-0.3673 0.039463
-0.3790 0.033973
-0.3899 0.029156
-0.3999 0.024949
-0.4091 0.021294
-0.4176 0.018131
-0.4252 0.015404
-0.4321 0.013059
-0.4382 0.011048
-0.4435 0.009330
-0.4482 0.007866
-0.4523 0.006623
-0.4560 0.005570
-0.4591 0.004680
-0.4618 0.003927
-0.4640 0.003292
-0.4288 0.217101
-0.3952 0.199714
-0.3678 0.185551
-0.3452 0.173864
-0.3150 0.473721
-0.2485 0.373589
-0.1991 0.299368
-0.1595 0.239804
-0.1248 0.187699
-0.0916 0.137897
-0.0570 0.086063
-0.0187 0.028673
0.0235 -0.034351
0.0656 -0.091773
0.1008 -0.134740
0.1248 -0.160053
0.1385 -0.160516
0.1449 -0.152270
0.1458 -0.139981
0.1428 -0.120545
0.1384 -0.097053
0.1328 -0.077352
0.1167 -0.114986
0.0996 -0.089985
0.0828 -0.069181
0.0651 -0.050751
0.0454 -0.033282
0.0220 -0.015391
-0.0073 0.004560
-0.0456 0.028521
-0.0952 0.057693
-0.1526 0.089883
-0.2084 0.119698
-0.2551 0.143392
-0.2912 0.152850
-0.3213 0.139544
-0.3476 0.124907
-0.3708 0.110235
-0.3914 0.096260
-0.4097 0.083358
-0.4259 0.071691
-0.4402 0.061296
-0.4526 0.052140
-0.4633 0.044152
-0.4723 0.037239
-0.4799 0.031300
-0.4808 0.265685
-0.4444 0.241536
-0.4162 0.223068
-0.3941 0.208755
-0.3768 0.197639
-0.3589 0.366405
-0.3185 0.324046
-0.2885 0.292655
-0.2655 0.268635
-0.2473 0.249701
-0.2325 0.234390
-0.2202 0.221734
-0.2099 0.211077
-0.2015 0.193563
-0.1969 0.174145
-0.1954 0.160429
-0.1963 0.150780
-0.1991 0.144096
-0.2033 0.139616
-0.2086 0.135313
-0.2166 0.117357
-0.2077 0.197944
-0.2033 0.178504
-0.2021 0.164844
-0.2002 0.253061
-0.1851 0.225900
-0.1737 0.205640
-0.1649 0.190249
-0.1581 0.178449
-0.1530 0.169413
-0.1492 0.162594
-0.1467 0.157611
-0.1451 0.154173
-0.1445 0.152049
-0.1448 0.151052
-0.1458 0.151034
-0.1474 0.151867
-0.1504 0.144209
-0.1564 0.137499
-0.1649 0.134140
-0.1754 0.133164
-0.1877 0.125723
-0.2034 0.112661
-0.2217 0.101572
-0.2416 0.091513
-0.2620 0.082072
-0.2697 0.204469
-0.2658 0.189620
-0.2641 0.178678
-0.2644 0.170795
-0.2664 0.165352
-0.2695 0.161618
-0.2729 0.158940
-0.2761 0.156870
-0.2789 0.155150
-0.2811 0.153651
-0.2828 0.152308
-0.2841 0.151090
-0.2849 0.149976
-0.2854 0.148952
-0.2857 0.148004
-0.2857 0.147119
-0.2855 0.146287
-0.2710 0.274014
-0.2485 0.250734
-0.2306 0.225059
-0.2186 0.196127
-0.2112 0.175688
-0.2073 0.161064
-0.2059 0.150567
-0.2065 0.143080
-0.2085 0.137833
-0.2116 0.134271
-0.2156 0.131983
-0.2201 0.130649
-0.2249 0.130018
-0.2301 0.122438
-0.2381 0.105830
-0.2490 0.092387
-0.2617 0.081104
-0.2758 0.071368
-0.2906 0.062805
-0.2851 0.194115
-0.2758 0.179503
-0.2692 0.168534
-0.2647 0.160231
-0.2540 0.276572
-0.2306 0.247743
-0.2123 0.225413
-0.1974 0.207630
-0.1851 0.193131
-0.1748 0.181101
-0.1660 0.171015
-0.1585 0.162462
-0.1519 0.155086
-0.1460 0.148615
-0.1408 0.142884
-0.1361 0.137828
-0.1321 0.133455
-0.1292 0.123194
-0.1291 0.112984
-0.1320 0.106926
-0.1264 0.156902
-0.1223 0.136076
-0.1220 0.122753
-0.1252 0.115019
-0.1319 0.111550
-0.1416 0.111291
-0.1540 0.113354
-0.1682 0.116962
-0.1836 0.121437
-0.1993 0.126219
-0.2145 0.130890
-0.2287 0.135177
-0.2415 0.138933
-0.2527 0.142105
-0.2624 0.144702
-0.2705 0.146763
-0.2771 0.148337
-0.2829 0.138931
-0.2911 0.119302
-0.3014 0.103088
-0.3130 0.089348
-0.3253 0.077502
-0.3378 0.067183
-0.3503 0.058147
-0.3624 0.050219
-0.3741 0.043264
-0.3851 0.037172
-0.3953 0.031851
-0.4047 0.027218
-0.4132 0.023199
-0.4209 0.019727
-0.4279 0.016737
-0.4341 0.014174
-0.4396 0.011982
-0.4445 0.010113
-0.4488 0.008523
-0.4525 0.007172
-0.4554 0.006026
-0.4578 0.005057
-0.4598 0.004239
-0.4617 0.003553
-0.4636 0.002978
-0.4655 0.002496
-0.4578 0.231134
-0.4193 0.211357
-0.3881 0.195369
-0.3626 0.182324
-0.3415 0.171572
-0.3188 0.319869
-0.2773 0.278053
-0.2445 0.245072
-0.2176 0.218112
-0.1948 0.195198
-0.1689 0.253934
-0.1352 0.203263
-0.1036 0.155891
-0.0715 0.107783
-0.0366 0.055470
0.0024 -0.002988
0.0435 -0.063551
0.0813 -0.112675
0.1102 -0.145555
0.1282 -0.162299
0.1370 -0.159212
0.1408 -0.138877
0.1419 -0.116718
0.1407 -0.096475
0.1373 -0.078497
0.1319 -0.062870
0.1246 -0.049517
0.1154 -0.038257
0.1044 -0.028861
0.0914 -0.021071
0.0760 -0.014618
0.0575 -0.009226
0.0342 -0.004602
0.0034 -0.000422
-0.0400 0.003661
-0.1018 0.007811
-0.1786 0.011460
-0.2554 0.013686
-0.3082 0.167732
-0.3340 0.179364
-0.3516 0.186700
-0.3633 0.191012
-0.3705 0.193232
-0.3745 0.194022
-0.3764 0.193856
-0.3767 0.193063
-0.3759 0.191875
-0.3743 0.190444
-0.3723 0.188870
-0.3699 0.187211
-0.3672 0.185454
-0.3632 0.364445
-0.3291 0.330053
-0.3035 0.301645
-0.2865 0.260162
-0.2765 0.231551
-0.2711 0.211161
-0.2687 0.196298
-0.2683 0.185295
-0.2693 0.177056
-0.2711 0.170830
-0.2733 0.166083
-0.2758 0.162430
-0.2670 0.286843
-0.2474 0.262677
-0.2323 0.244160
-0.2203 0.229619
-0.2106 0.217788
-0.2044 0.193249
-0.2021 0.176174
-0.2028 0.164249
-0.2056 0.155987
-0.2101 0.150370
-0.2157 0.146672
-0.2220 0.144360
-0.2287 0.143031
-0.2354 0.142366
-0.2419 0.138701
-0.2505 0.118883
-0.2616 0.102815
-0.2746 0.089355
-0.2889 0.077832
-0.3040 0.067820
-0.3196 0.059035
-0.3352 0.051280
-0.3506 0.044414
-0.3654 0.038333
-0.3794 0.032960
-0.3924 0.028232
-0.4043 0.024090
-0.4151 0.020482
-0.4247 0.017356
-0.4332 0.014661
-0.4405 0.012348
-0.4467 0.010369
-0.4515 0.008681
-0.4551 0.007247
-0.4197 0.215553
-0.3878 0.198287
-0.3618 0.184273
-0.3405 0.172908
-0.2977 0.299606
-0.2614 0.262858
-0.2327 0.233802
-0.2092 0.209975
-0.1891 0.189723
-0.1714 0.171924
-0.1554 0.155785
-0.1404 0.140691
-0.1259 0.124353
-0.1127 0.102309
-0.1009 0.084777
-0.0896 0.070267
-0.0788 0.052179
-0.0686 0.037960
-0.0582 0.026867
-0.0464 0.017935
-0.0310 0.025655
-0.0102 0.008003
0.0143 -0.010162
0.0417 -0.028501
0.0663 -0.076392
0.0833 -0.094013
0.0939 -0.104056
0.0983 -0.107236
0.0974 -0.104887
0.0924 -0.098335
0.0840 -0.088598
0.0729 -0.076308
0.0594 -0.061708
0.0431 -0.044656
0.0238 -0.024585
0.0002 -0.000430
-0.0291 0.028958
-0.0661 0.060256
-0.1111 0.093541
-0.1603 0.125521
-0.2081 0.136395
-0.2522 0.136730
-0.2907 0.130420
-0.3238 0.120155
-0.3519 0.107981
-0.3754 0.095281
-0.3951 0.082936
-0.4116 0.071459
-0.4256 0.061102
-0.4375 0.051945
-0.4478 0.043962
-0.4566 0.037071
-0.4323 0.245056
-0.4057 0.225308
-0.3855 0.210398
-0.3704 0.199215
-0.3485 0.359750
-0.3126 0.320880
-0.2861 0.292329
-0.2659 0.270727
-0.2503 0.254052
-0.2379 0.240894
-0.2279 0.230232
-0.2195 0.221363
-0.2123 0.213821
-0.2063 0.202023
-0.2033 0.183038
-0.2033 0.169616
-0.2056 0.160116
-0.2095 0.149266
-0.2170 0.129081
-0.2280 0.113292
-0.2418 0.100302
-0.2573 0.089135
-0.2738 0.079218
-0.2907 0.070241
-0.3075 0.062049
-0.3238 0.054568
-0.3394 0.047766
-0.3541 0.041615
-0.3677 0.036091
-0.3802 0.031169
-0.3917 0.026815
-0.3883 0.216488
-0.3406 0.357325
-0.2971 0.309340
-0.2644 0.273459
-0.2389 0.245721
-0.2184 0.223598
-0.2014 0.205465
-0.1871 0.190243
-0.1747 0.177184
-0.1638 0.165762
-0.1541 0.155598
-0.1452 0.146423
-0.1371 0.138046
-0.1296 0.130335
-0.1226 0.123201
-0.1161 0.116585
-0.1100 0.110456
-0.0937 0.139797
-0.0787 0.105861
-0.0658 0.078842
-0.0540 0.058222
-0.0427 0.041834
-0.0314 0.028205
-0.0196 0.016313
-0.0070 0.005466
0.0067 -0.004738
0.0212 -0.014411
0.0360 -0.023374
0.0500 -0.031215
0.0621 -0.037443
0.0712 -0.041673
0.0766 -0.043742
0.0782 -0.043697
0.0766 -0.035948
0.0725 -0.028397
0.0657 -0.021487
0.0559 -0.015255
0.0422 -0.009627
0.0232 -0.004437
-0.0039 0.000567
-0.0436 0.005695
-0.1010 0.011050
-0.1735 0.015870
-0.2475 0.018924
-0.3122 0.019937
-0.3648 0.019445
-0.4062 0.018074
-0.4385 0.016283
-0.4636 0.014365
-0.4829 0.012488
-0.4978 0.010742
-0.5092 0.009169
-0.5179 0.007781
-0.5242 0.006573
-0.5287 0.005532
-0.5317 0.004641
-0.5332 0.003885
-0.5337 0.003244
-0.5332 0.002705
-0.5319 0.002252
-0.5300 0.001872
-0.5276 0.001555
-0.5249 0.001291
-0.5222 0.001072
-0.5196 0.000890
-0.5169 0.000739
-0.5144 0.000614
-0.5119 0.000510
-0.4805 0.240856
-0.4386 0.219758
-0.4048 0.202762
-0.3514 0.351951
-0.3038 0.304255
-0.2675 0.267795
-0.2388 0.239017
-0.2153 0.215483
-0.1954 0.195584
-0.1781 0.178242
-0.1625 0.162694
-0.1482 0.148367
-0.1347 0.134798
-0.1214 0.121578
-0.1082 0.108312
-0.0871 0.131084
-0.0627 0.089744
-0.0371 0.050468
-0.0089 0.011885
0.0218 -0.026658
0.0531 -0.059798
0.0818 -0.083756
0.1049 -0.094864
0.1219 -0.092023
0.1331 -0.083859
0.1391 -0.073102
0.1406 -0.061634
0.1384 -0.050589
0.1330 -0.040563
0.1250 -0.031803
0.1147 -0.024340
0.1022 -0.018090
0.0796 -0.051673
0.0546 -0.034170
0.0264 -0.016063
-0.0082 0.004599
-0.0532 0.030115
-0.1106 0.061546
-0.1743 0.095444
-0.2328 0.125722
-0.2797 0.149266
-0.3146 0.166191
-0.3394 0.177749
-0.3564 0.185262
-0.3674 0.189811
-0.3741 0.192215
-0.3774 0.193055
-0.3781 0.192712
-0.3796 0.161503
-0.3844 0.135202
-0.3909 0.113705
-0.3985 0.095860
-0.4067 0.080903
-0.4152 0.068297
-0.3873 0.246367
-0.3674 0.225044
-0.3531 0.209390
-0.3277 0.353098
-0.2954 0.314357
-0.2720 0.286429
-0.2546 0.265696
-0.2411 0.249848
-0.2305 0.237375
-0.2218 0.227287
-0.2145 0.218934
-0.2084 0.211888
-0.2037 0.195379
-0.2026 0.178162
-0.2042 0.166160
-0.2079 0.157827
-0.2130 0.152126
-0.2190 0.148325
-0.2257 0.145893
-0.2329 0.136534
-0.2430 0.118738
-0.2559 0.104175
-0.2705 0.091778
-0.2861 0.080907
-0.3020 0.071195
-0.3178 0.062443
-0.3247 0.215675
-0.3106 0.197779
-0.3001 0.184269
-0.2924 0.173983
-0.2869 0.166169
-0.2830 0.160200
-0.2803 0.155565
-0.2783 0.151897
-0.2767 0.148944
-0.2755 0.146537
-0.2745 0.144554
-0.2737 0.142906
-0.2730 0.141529
-0.2724 0.140373
-0.2726 0.126060
-0.2767 0.106810
-0.2837 0.091467
-0.2930 0.078877
-0.3038 0.068303
-0.3157 0.059263
-0.3281 0.051436
-0.3407 0.044603
-0.3531 0.038610
-0.3652 0.033344
-0.3766 0.028719
-0.3873 0.024666
-0.3972 0.021123
-0.4062 0.018038
-0.4142 0.015361
-0.4212 0.013046
-0.4274 0.011056
-0.4330 0.009355
-0.4029 0.208831
-0.3415 0.347030
-0.2954 0.299374
-0.2598 0.262825
-0.2314 0.233667
-0.2077 0.209402
-0.1871 0.188457
-0.1688 0.169800
-0.1519 0.152679
-0.1358 0.136471
-0.1201 0.120600
-0.1041 0.104473
-0.0871 0.087404
-0.0682 0.068543
-0.0465 0.046819
-0.0207 0.021044
0.0098 -0.009017
0.0441 -0.038155
0.0794 -0.057310
0.1112 -0.066859
0.1358 -0.067962
0.1520 -0.063286
0.1603 -0.055555
0.1623 -0.046782
0.1593 -0.038190
0.1524 -0.030408
0.1427 -0.023682
0.1307 -0.018040
0.1166 -0.013392
0.1005 -0.009604
0.0819 -0.006518
0.0600 -0.003977
0.0328 -0.001817
-0.0035 0.000138
-0.0550 0.002066
-0.1266 0.003978
-0.2095 0.005488
-0.2865 0.006253
-0.3497 0.006357
-0.3993 0.006040
-0.4373 0.005506
-0.4664 0.004887
-0.4884 0.004259
-0.5050 0.003664
-0.5175 0.003125
-0.5267 0.002647
-0.5334 0.002230
-0.5382 0.001872
-0.5414 0.001567
-0.5434 0.001309
-0.5446 0.001092
-0.5451 0.000910
-0.5450 0.000757
-0.5445 0.000629
-0.5436 0.000523
-0.5424 0.000434
-0.5408 0.000360
-0.5388 0.000299
-0.5365 0.000248
-0.5338 0.000205
-0.5310 0.000170
-0.5279 0.000141
-0.5247 0.000116
-0.4962 0.248400
-0.4514 0.225945
-0.4062 0.406926
-0.3444 0.344962
-0.2980 0.298426
-0.2622 0.262557
-0.2338 0.234072
-0.2105 0.210716
-0.1907 0.190932
-0.1735 0.173618
-0.1578 0.157969
-0.1432 0.143373
-0.1292 0.129326
-0.1157 0.109579
-0.1036 0.090485
-0.0923 0.074960
-0.0812 0.061821
-0.0699 0.050179
-0.0578 0.035881
-0.0452 0.023279
-0.0309 0.013236
-0.0137 0.004897
0.0080 -0.002270
0.0350 -0.008428
0.0663 -0.013293
0.0982 -0.016344
0.1255 -0.017354
0.1452 -0.016658
0.1564 -0.014890
0.1600 -0.012645
0.1576 -0.010334
0.1506 -0.008191
0.1400 -0.006319
0.1267 -0.004744
0.1110 -0.003449
0.0928 -0.002395
0.0717 -0.001535
0.0460 -0.000820
0.0129 -0.000195
-0.0334 0.000401
-0.0997 0.001001
-0.1828 0.001526
-0.2651 0.001840
-0.3346 0.001929
-0.3894 0.001864
-0.4315 0.001714
-0.4636 0.001529
-0.4533 0.227962
-0.4381 0.220115
-0.4257 0.213684
-0.4152 0.208281
-0.4061 0.203636
-0.3982 0.199569
-0.3911 0.195942
-0.3846 0.192618
-0.3785 0.189491
-0.3726 0.186503
-0.3669 0.183623
-0.3614 0.180837
-0.3560 0.178143
-0.3291 0.329464
-0.3003 0.300579
-0.2798 0.260036
-0.2675 0.228682
-0.2606 0.206701
-0.2572 0.190942
-0.2563 0.179466
-0.2569 0.171016
-0.2587 0.164742
-0.2610 0.160050
-0.2637 0.156517
-0.2665 0.153837
-0.2691 0.151787
-0.2717 0.150201
-0.2740 0.148959
-0.2760 0.147975
-0.2778 0.147191
-0.2809 0.128085
-0.2876 0.109456
-0.2970 0.094325
-0.3081 0.081691
-0.3205 0.070916
-0.3334 0.061586
-0.3465 0.053428
-0.3594 0.046253
-0.3717 0.039931
-0.3832 0.034362
-0.3937 0.029468
-0.4030 0.025184
-0.4041 0.223292
-0.3756 0.204321
-0.3528 0.189325
-0.3343 0.177363
-0.3193 0.167792
-0.3071 0.160102
-0.2972 0.153868
-0.2889 0.148752
-0.2820 0.144503
-0.2765 0.132637
-0.2751 0.110214
-0.2777 0.092890
-0.2831 0.079095
-0.2907 0.067819
-0.2998 0.058397
-0.3097 0.050381
-0.3200 0.043478
-0.3304 0.037493
-0.3408 0.032292
-0.3510 0.027774
-0.3610 0.023856
-0.3708 0.020466
-0.3624 0.198063
-0.3402 0.183320
-0.3224 0.171679
-0.3080 0.162364
-0.2962 0.154817
-0.2864 0.148628
-0.2782 0.143502
-0.2713 0.139238
-0.2655 0.135690
-0.2374 0.239803
-0.2139 0.215755
-0.1941 0.195484
-0.1677 0.252917
-0.1371 0.206625
-0.1088 0.164005
-0.0806 0.121518
-0.0503 0.075997
-0.0164 0.024860
0.0208 -0.028637
0.0586 -0.077462
0.0912 -0.115823
0.1145 -0.139129
0.1287 -0.141082
0.1358 -0.135349
0.1373 -0.122771
0.1359 -0.100858
0.1327 -0.081674
0.1276 -0.065145
0.1206 -0.051099
0.1118 -0.039304
0.1011 -0.029490
0.0882 -0.021369
0.0729 -0.014648
0.0541 -0.009030
0.0302 -0.004203
-0.0019 0.000178
-0.0476 0.004474
-0.1120 0.008776
-0.1899 0.012372
-0.2656 0.014378
-0.3294 0.014812
-0.3801 0.014190
-0.4194 0.012996
-0.4496 0.011562
-0.4726 0.010087
-0.4900 0.008680
-0.5031 0.007397
-0.5129 0.006259
-0.5202 0.005268
-0.5254 0.004416
-0.5289 0.003690
-0.5312 0.003076
-0.5029 0.254103
-0.4634 0.233709
-0.4322 0.217665
-0.4073 0.204902
-0.3873 0.194648
-0.3711 0.186324
-0.3577 0.179494
-0.3466 0.173820
-0.3373 0.169050
-0.3297 0.154286
-0.3273 0.127862
-0.3291 0.107378
-0.3340 0.090996
-0.3409 0.077562
-0.3491 0.066329
-0.3422 0.225517
-0.3222 0.203881
-0.3070 0.187579
-0.2954 0.175085
-0.2865 0.165382
-0.2794 0.157770
-0.2740 0.151756
-0.2697 0.146984
-0.2438 0.375625
-0.2015 0.309073
-0.1684 0.257412
-0.1405 0.214193
-0.1151 0.175164
-0.0904 0.137304
-0.0647 0.098263
-0.0369 0.056176
-0.0065 0.009906
0.0258 -0.033379
0.0582 -0.067839
