0.8461 5.1083
0.8562 5.7376
0.8651 6.4495
0.8729 7.1318
0.8790 7.6358
0.8832 7.9865
0.8870 9.2121
0.8941 12.7699
0.9033 16.7329
0.9112 19.8713
0.9166 21.9985
0.9197 22.9230
0.9210 22.1123
0.9207 20.6841
0.9201 21.3339
0.9204 23.1434
0.9213 24.6763
0.9223 25.6243
0.9231 26.4097
0.9239 28.4032
0.9249 29.9751
0.9256 30.0374
0.9258 29.1731
0.9255 27.4371
0.9247 25.0529
0.9235 23.8080
0.9227 24.5933
0.9228 25.6096
0.9232 26.1678
0.9235 26.1273
0.9236 25.2269
0.9230 22.9740
0.9215 20.0345
0.9190 17.2107
0.9158 14.9233
0.9121 13.1912
0.9083 11.8774
0.9047 10.8515
0.9012 10.0749
0.8982 9.5163
0.8956 9.1041
0.8935 8.8645
0.8922 8.8267
0.8917 8.8588
0.8915 8.8115
0.8912 8.6026
0.8902 8.2470
0.8884 7.8113
0.8859 7.3634
0.8830 6.9438
0.8797 6.5654
0.8764 6.2233
0.8730 5.9053
0.8695 5.5984
0.8659 5.2909
0.8618 4.9740
0.8573 4.6462
0.8520 4.3125
0.8459 3.9833
0.8390 3.6698
0.8314 3.3847
0.8235 3.1461
0.8159 2.9712
0.8094 2.8627
0.8047 2.8099
0.8021 2.8068
0.8015 2.8454
0.8026 2.9052
0.8047 2.9648
0.8069 3.0102
0.8088 3.0369
0.8100 3.0459
0.8105 3.0379
0.8104 3.0105
0.8094 2.9580
0.8075 2.8756
0.8043 2.7627
0.7998 2.6233
0.7937 2.4645
0.7861 2.2943
0.7768 2.1203
0.7661 1.9486
0.7539 1.7837
0.7405 1.6290
0.7262 1.4904
0.7117 1.3835
0.6997 1.3363
0.6943 1.3796
0.6987 1.5161
0.7122 1.7235
0.7309 1.9706
0.7506 2.2254
0.7683 2.4568
0.7825 2.6603
0.7945 2.9600
0.8077 3.4706
0.8233 4.2064
0.8397 5.0905
0.8548 5.9788
0.8667 6.7311
0.8751 7.2375
0.8801 7.4318
0.8823 7.3815
0.8839 8.3077
0.8900 11.3840
0.8992 14.6621
0.9074 17.3562
0.9132 19.3876
0.9168 20.6053
0.9187 20.8127
0.9193 19.9517
0.9185 18.0566
0.9166 16.0598
0.9145 16.0559
0.9143 18.1599
0.9159 20.1939
0.9179 21.5796
0.9194 22.2489
0.9204 22.1165
0.9205 21.1731
0.9200 20.8486
0.9200 22.3058
0.9207 23.7275
0.9216 24.4598
0.9223 24.6154
0.9226 25.2229
0.9233 27.1287
0.9241 28.6411
0.9249 29.3488
0.9254 29.6188
0.9257 29.4864
0.9256 28.6904
0.9252 26.6526
0.9241 23.7529
0.9223 20.7101
0.9199 18.1301
0.9171 16.2016
0.9143 14.8579
0.9117 13.8940
0.9095 13.1229
0.9076 12.4329
0.9057 11.7689
0.9038 11.1174
0.9017 10.4840
0.8995 9.8725
0.8970 9.2796
0.8943 8.6976
0.8914 8.1198
0.8881 7.5417
0.8843 6.9624
0.8799 6.3849
0.8748 5.8151
0.8688 5.2614
0.8619 4.7325
0.8540 4.2425
0.8451 3.8157
0.8357 3.4658
0.8263 3.1899
0.8175 2.9768
0.8096 2.8135
0.8027 2.6870
0.7969 2.5854
0.7919 2.4969
0.7873 2.4096
0.7826 2.3135
0.7772 2.2028
0.7706 2.0774
0.7626 1.9407
0.7529 1.7979
0.7414 1.6543
0.7284 1.5143
0.7138 1.3811
0.6979 1.2571
0.6810 1.1442
0.6635 1.0434
0.6458 0.9555
0.6285 0.8807
0.6122 0.8186
0.5974 0.7687
0.5845 0.7297
0.5738 0.7006
0.5657 0.6823
0.5608 0.6794
0.5605 0.6959
0.5657 0.7334
0.5764 0.7915
0.5915 0.8683
0.6097 0.9597
0.6292 1.0610
0.6485 1.1667
0.6664 1.2712
0.6821 1.3680
0.6952 1.4507
0.7054 1.5146
0.7129 1.5580
0.7177 1.5817
0.7204 1.5902
0.7216 1.6000
0.7230 1.6315
0.7260 1.6901
0.7310 1.7705
0.7377 1.8652
0.7454 1.9688
0.7533 2.0765
0.7610 2.1803
0.7678 2.2638
0.7730 2.3083
0.7760 2.3121
0.7768 2.2940
0.7763 2.2754
0.7754 2.2676
0.7748 2.2732
0.7748 2.2893
0.7755 2.3092
0.7765 2.3248
0.7772 2.3268
0.7774 2.3074
0.7764 2.2635
0.7740 2.1982
0.7703 2.1185
0.7654 2.0325
0.7597 1.9483
0.7536 1.8740
0.7480 1.8318
0.7465 1.9489
0.7561 2.3429
0.7764 2.9438
0.8015 3.7389
0.8262 4.7242
0.8474 5.7549
0.8634 6.6793
0.8744 7.4204
0.8816 7.9604
0.8859 8.2956
0.8883 8.4262
0.8892 8.3713
0.8891 8.1780
0.8882 8.0793
0.8890 9.3682
0.8945 12.3246
0.9022 15.0803
0.9088 17.5578
0.9142 21.0955
0.9187 25.1466
0.9221 28.2066
0.9243 30.0329
0.9256 30.6564
0.9261 29.6214
0.9258 27.5753
0.9250 26.2595
0.9243 26.4141
0.9242 27.7459
0.9246 29.1229
0.9252 29.5230
0.9254 28.6281
0.9251 26.6303
0.9242 23.9636
0.9225 21.0442
0.9201 18.1870
0.9170 15.5946
0.9132 13.3566
0.9087 11.4733
0.9036 9.9019
0.8978 8.5897
0.8915 7.4922
0.8846 6.5750
0.8772 5.8105
0.8694 5.1754
0.8612 4.6490
0.8529 4.2130
0.8445 3.8505
0.8363 3.5485
0.8283 3.3046
0.8210 3.1277
0.8149 3.0152
0.8105 2.9535
0.8077 2.9260
0.8063 2.9178
0.8057 2.9167
0.8055 2.9125
0.8054 2.8956
0.8047 2.8569
0.8033 2.7893
0.8006 2.6916
0.7966 2.5720
0.7913 2.4471
0.7853 2.3324
0.7791 2.2346
0.7732 2.1532
0.7678 2.0827
0.7629 2.0155
0.7580 1.9443
0.7526 1.8645
0.7464 1.7759
0.7391 1.6828
0.7308 1.5918
0.7219 1.5090
0.7131 1.4381
0.7048 1.3805
0.6976 1.3348
0.6914 1.2978
0.6861 1.2650
0.6813 1.2328
0.6766 1.1992
0.6716 1.1649
0.6663 1.1313
0.6610 1.0999
0.6557 1.0713
0.6507 1.0464
0.6462 1.0272
0.6428 1.0160
0.6408 1.0158
0.6408 1.0286
0.6431 1.0548
0.6477 1.0928
0.6543 1.1394
0.6619 1.1900
0.6699 1.2399
0.6774 1.2841
0.6838 1.3182
0.6885 1.3389
0.6915 1.3451
0.6925 1.3380
0.6917 1.3219
0.6898 1.3035
0.6875 1.2910
0.6862 1.2997
0.6876 1.3433
0.6929 1.4220
0.7019 1.5265
0.7131 1.6457
0.7252 1.7705
0.7368 1.8916
0.7470 1.9963
0.7553 2.0739
0.7612 2.1247
0.7653 2.1745
0.7691 2.2607
0.7744 2.4031
0.7817 2.5948
0.7906 2.8128
0.7999 3.0285
0.8083 3.2196
0.8158 3.4590
0.8247 3.9903
0.8373 4.8932
0.8521 5.9844
0.8659 7.0606
0.8769 7.9805
0.8846 8.6539
0.8895 9.0402
0.8921 9.1420
0.8930 9.0075
0.8926 8.7037
0.8912 8.3534
0.8897 8.2978
0.8899 9.3322
0.8956 14.0382
0.9063 22.5574
0.9165 30.2695
0.9234 36.0647
0.9274 40.2976
0.9294 42.6302
0.9303 42.4430
0.9304 39.7475
0.9298 36.0794
0.9288 33.7623
0.9281 33.4900
0.9277 33.4586
0.9275 33.0448
0.9273 31.9841
0.9268 29.7240
0.9258 26.3136
0.9241 22.4165
0.9214 19.0573
0.9183 16.5175
0.9149 14.6956
0.9116 13.3570
0.9085 12.2716
0.9055 11.2889
0.9024 10.3418
0.8991 9.4249
0.8952 8.5633
0.8909 7.7772
0.8862 7.0718
0.8810 6.4436
0.8756 5.8856
0.8698 5.3889
0.8637 4.9430
0.8572 4.5373
0.8504 4.1629
0.8431 3.8141
0.8351 3.4877
0.8264 3.1823
0.8169 2.8980
0.8065 2.6355
0.7952 2.3966
0.7832 2.1852
0.7708 2.0070
0.7588 1.8664
0.7479 1.7634
0.7388 1.6941
0.7321 1.6518
0.7275 1.6275
0.7247 1.6113
0.7228 1.5952
0.7211 1.5737
0.7189 1.5441
0.7160 1.5060
0.7119 1.4602
0.7068 1.4080
0.7007 1.3513
0.6936 1.2967
0.6870 1.2649
0.6830 1.2695
0.6831 1.3078
0.6875 1.3710
0.6951 1.4499
0.7044 1.5369
0.7142 1.6251
0.7235 1.7085
0.7317 1.7799
0.7383 1.8314
0.7428 1.8559
0.7451 1.8510
0.7450 1.8196
0.7427 1.7686
0.7385 1.7057
0.7330 1.6379
0.7266 1.5705
0.7197 1.5076
0.7128 1.4535
0.7066 1.4113
0.7014 1.3814
0.6974 1.3617
0.6947 1.3484
0.6927 1.3369
0.6911 1.3225
0.6891 1.3018
0.6864 1.2746
0.6828 1.2449
0.6788 1.2173
0.6749 1.1959
0.6720 1.1943
0.6726 1.2392
0.6792 1.3420
0.6920 1.4917
0.7087 1.6655
0.7260 1.8390
0.7416 1.9904
0.7540 2.1022
0.7626 2.1657
0.7675 2.1894
0.7697 2.1950
0.7706 2.2129
0.7730 2.3629
0.7818 2.7478
0.7971 3.2883
0.8149 3.8748
0.8312 4.4305
0.8441 4.8891
0.8532 5.1982
0.8588 5.3349
0.8614 5.3099
0.8615 5.1586
0.8598 4.9253
0.8565 4.6636
0.8528 4.5429
0.8540 5.8382
0.8690 9.8907
0.8883 14.2702
0.9034 17.8308
0.9128 20.4560
0.9180 22.1279
0.9204 22.4165
0.9210 21.6409
0.9208 22.0892
0.9210 23.3857
0.9216 24.2098
0.9222 24.5784
0.9225 24.6282
0.9226 24.3032
0.9226 24.4619
0.9228 25.9338
0.9235 27.1499
0.9240 27.0623
0.9241 26.2990
0.9241 26.7230
0.9243 28.1573
0.9248 29.1301
0.9253 29.3449
0.9255 28.8645
0.9253 27.6345
0.9247 25.3587
0.9234 22.6267
0.9215 20.0530
0.9192 17.9674
0.9168 16.3764
0.9144 15.1588
0.9122 14.2499
0.9103 13.5778
0.9087 13.0122
0.9072 12.4504
0.9057 11.8638
0.9040 11.2529
0.9021 10.6190
0.8999 9.9660
0.8974 9.2981
0.8945 8.6258
0.8911 7.9649
0.8872 7.3295
0.8829 6.7294
0.8780 6.1696
0.8727 5.6510
0.8670 5.1724
0.8607 4.7312
0.8538 4.3249
0.8465 3.9513
0.8385 3.6089
0.8299 3.2963
0.8207 3.0121
0.8109 2.7542
0.8005 2.5203
0.7895 2.3082
0.7780 2.1158
0.7660 1.9416
0.7535 1.7843
0.7405 1.6428
0.7273 1.5162
0.7140 1.4035
0.7006 1.3036
0.6874 1.2151
0.6745 1.1366
0.6619 1.0667
0.6497 1.0039
0.6379 0.9470
0.6263 0.8949
0.6150 0.8469
0.6039 0.8024
0.5930 0.7609
0.5822 0.7221
0.5715 0.6859
0.5609 0.6520
0.5505 0.6202
0.5403 0.5905
0.5303 0.5632
0.5211 0.5431
0.5159 0.5480
0.5198 0.5908
0.5348 0.6698
0.5588 0.7768
0.5873 0.9019
0.6165 1.0360
0.6435 1.1702
0.6668 1.2956
0.6856 1.4022
0.6998 1.4829
0.7097 1.5384
0.7161 1.5751
0.7202 1.6010
0.7229 1.6243
0.7251 1.6525
0.7278 1.6921
0.7314 1.7475
0.7361 1.8191
0.7420 1.9025
0.7485 1.9888
0.7549 2.0683
0.7606 2.1341
0.7652 2.1837
0.7686 2.2157
0.7708 2.2300
0.7720 2.2352
0.7728 2.2671
0.7752 2.3702
0.7806 2.5594
0.7893 2.8181
0.8000 3.1132
0.8108 3.4073
0.8206 3.6640
0.8283 3.8525
0.8336 3.9575
0.8368 4.0037
0.8385 4.0774
0.8413 4.4608
0.8488 5.4158
0.8608 6.8291
0.8741 8.4228
0.8856 9.9137
0.8942 11.0461
0.8996 11.6646
0.9025 12.0259
0.9048 13.6279
0.9085 16.7101
0.9130 20.3086
0.9176 24.8669
0.9216 29.1586
0.9245 31.6531
0.9261 31.5237
0.9265 29.6014
0.9261 28.7358
0.9257 29.1196
0.9256 29.1876
0.9255 29.1575
0.9256 30.0756
0.9260 31.3468
0.9264 31.6682
0.9265 30.6264
0.9262 28.5124
0.9253 25.7192
0.9237 22.7255
0.9216 19.9528
0.9191 17.5509
0.9162 15.5010
0.9129 13.7462
0.9094 12.2389
0.9057 10.9980
0.9018 10.0515
0.8982 9.3653
0.8951 8.8784
0.8925 8.5235
0.8903 8.2391
0.8885 7.9778
0.8868 7.7099
0.8850 7.4149
0.8830 7.0763
0.8804 6.6922
0.8773 6.2754
0.8735 5.8484
0.8690 5.4295
0.8640 5.0288
0.8584 4.6499
0.8523 4.2925
0.8457 3.9534
0.8384 3.6318
0.8304 3.3329
0.8219 3.0770
0.8135 2.8898
0.8064 2.7764
0.8013 2.7267
0.7985 2.7248
0.7978 2.7533
0.7986 2.7951
0.8002 2.8353
0.8019 2.8613
0.8030 2.8637
0.8033 2.8376
0.8025 2.7857
0.8006 2.7177
0.7979 2.6440
0.7947 2.5725
0.7913 2.5080
0.7881 2.4522
0.7851 2.4033
0.7823 2.3573
0.7797 2.3131
0.7772 2.2739
0.7749 2.2405
0.7728 2.2100
0.7709 2.1779
0.7688 2.1400
0.7663 2.0934
0.7633 2.0368
0.7594 1.9710
0.7548 1.8978
0.7492 1.8193
0.7429 1.7374
0.7358 1.6535
0.7279 1.5686
0.7193 1.4839
0.7099 1.4003
0.6999 1.3189
0.6893 1.2405
0.6782 1.1661
0.6668 1.0969
0.6553 1.0343
0.6440 0.9800
0.6336 0.9370
0.6253 0.9171
0.6223 0.9436
0.6293 1.0578
0.6536 1.3796
0.6963 1.9522
0.7445 2.6745
0.7863 3.4343
0.8175 4.1491
0.8385 4.7546
0.8517 5.1930
0.8593 5.4228
0.8629 5.4419
0.8635 5.2964
0.8618 5.0585
0.8587 4.7894
0.8546 4.5233
0.8500 4.2775
0.8453 4.0793
0.8412 3.9644
0.8386 3.9896
0.8413 4.9473
0.8573 8.0654
0.8789 11.8740
0.8966 15.3106
0.9082 18.2316
0.9150 20.5049
0.9186 21.8950
0.9203 21.8409
0.9205 21.2289
0.9204 22.0072
0.9209 24.0954
0.9220 25.9115
0.9231 26.7989
0.9238 26.3674
0.9237 25.0938
0.9235 25.6929
0.9238 28.4795
0.9249 31.6732
0.9262 33.9056
0.9272 34.8049
0.9277 34.1347
0.9276 31.5387
0.9267 27.8649
0.9251 24.1597
0.9229 21.0341
0.9203 18.5366
0.9175 16.5583
0.9147 15.0196
0.9121 13.9095
0.9096 13.0428
0.9074 12.2659
0.9053 11.5168
0.9030 10.7820
0.9006 10.0626
0.8978 9.3479
0.8947 8.6343
0.8911 7.9370
0.8871 7.2756
0.8825 6.6686
0.8776 6.1238
0.8723 5.6389
0.8668 5.2073
0.8611 4.8255
0.8553 4.4925
0.8495 4.2056
0.8438 3.9595
0.8383 3.7457
0.8330 3.5553
0.8279 3.3889
0.8231 3.2593
0.8189 3.1682
0.8157 3.1088
0.8134 3.0737
0.8119 3.0562
0.8111 3.0496
0.8107 3.0401
0.8102 3.0087
0.8091 2.9437
0.8068 2.8472
0.8033 2.7315
0.7987 2.6172
0.7938 2.5228
0.7892 2.4549
0.7855 2.4095
0.7828 2.3778
0.7807 2.3492
0.7789 2.3136
0.7768 2.2628
0.7739 2.1925
0.7698 2.1028
0.7641 1.9976
0.7570 1.8820
0.7483 1.7616
0.7382 1.6406
0.7269 1.5229
0.7147 1.4125
0.7019 1.3153
0.6894 1.2362
0.6782 1.1777
0.6691 1.1387
0.6624 1.1151
0.6581 1.1013
0.6554 1.0911
0.6535 1.0801
0.6516 1.0682
0.6499 1.0590
0.6486 1.0567
0.6483 1.0629
0.6494 1.0800
0.6530 1.1237
0.6611 1.2151
0.6749 1.3577
0.6933 1.5397
0.7137 1.7439
0.7335 1.9515
0.7509 2.1496
0.7655 2.3482
0.7782 2.5624
0.7895 2.7907
0.7996 3.0213
0.8088 3.2739
0.8183 3.6787
0.8296 4.2704
0.8418 4.9320
0.8532 5.5511
0.8623 6.0577
0.8690 6.4060
0.8732 6.5685
0.8752 6.5382
0.8753 6.3263
0.8737 6.0293
0.8713 5.8672
0.8696 5.9255
0.8700 6.4113
0.8765 9.1812
0.8899 13.5766
0.9027 17.3589
0.9118 20.1418
0.9172 21.8862
0.9200 22.9911
0.9216 24.8752
0.9229 27.0010
0.9240 28.2648
0.9248 28.9008
0.9253 29.9865
0.9260 32.5796
0.9269 34.1780
0.9274 34.0520
0.9275 32.5306
0.9272 30.5689
0.9265 29.2598
0.9259 29.0828
0.9256 29.2465
0.9256 29.3749
0.9256 29.0596
0.9253 27.5387
0.9246 25.1625
0.9233 22.6670
0.9216 20.5148
0.9196 18.7375
0.9176 17.2166
0.9155 15.8649
0.9133 14.5970
0.9109 13.3332
0.9082 12.0541
0.9049 10.8381
0.9011 9.7712
0.8970 8.8932
0.8929 8.1955
0.8889 7.6414
0.8851 7.1847
0.8816 6.7795
0.8782 6.3878
0.8745 5.9868
0.8704 5.5712
0.8656 5.1494
0.8601 4.7358
0.8538 4.3458
0.8469 3.9928
0.8395 3.6861
0.8320 3.4292
0.8248 3.2211
0.8181 3.0585
0.8122 2.9356
0.8073 2.8413
0.8033 2.7616
0.7997 2.6828
0.7961 2.5951
0.7920 2.4934
0.7871 2.3771
0.7810 2.2488
0.7738 2.1124
0.7652 1.9730
0.7555 1.8354
0.7447 1.7044
0.7332 1.5832
0.7213 1.4740
0.7092 1.3774
0.6973 1.2927
0.6859 1.2187
0.6750 1.1539
0.6647 1.0973
0.6552 1.0493
0.6468 1.0145
0.6406 0.9973
0.6374 1.0011
0.6381 1.0276
0.6429 1.0757
0.6512 1.1415
0.6620 1.2192
0.6740 1.3029
0.6860 1.3869
0.6970 1.4646
0.7065 1.5288
0.7139 1.5733
0.7189 1.5944
0.7215 1.6014
0.7230 1.6235
0.7257 1.6854
0.7314 1.7981
0.7406 1.9599
0.7524 2.1532
0.7651 2.3514
0.7770 2.5325
0.7871 2.6928
0.7954 2.8559
0.8036 3.1550
0.8146 3.6605
0.8279 4.2732
0.8411 4.8943
0.8526 5.4645
0.8615 5.9342
0.8678 6.2534
0.8717 6.3780
0.8734 6.2959
0.8731 6.1117
0.8719 6.0472
0.8713 6.1589
0.8722 6.6142
0.8778 8.8788
0.8895 12.9163
0.9017 16.8065
0.9109 19.7934
0.9165 21.2648
0.9192 21.3537
0.9202 22.2413
0.9212 24.4306
0.9224 26.3096
0.9235 27.5588
0.9243 28.1640
0.9248 28.4552
0.9252 29.5877
0.9257 30.6827
0.9261 30.8487
0.9262 29.8395
0.9258 27.9695
0.9252 27.5000
0.9250 28.5058
0.9251 29.2727
0.9254 29.4735
0.9255 28.8103
0.9252 26.8240
0.9242 24.1631
0.9227 21.6291
0.9208 19.6526
0.9188 18.2024
0.9169 17.1032
0.9153 16.1778
0.9137 15.2375
0.9120 14.1386
0.9098 12.8908
0.9070 11.6088
0.9036 10.4110
0.8996 9.3653
0.8952 8.4847
0.8907 7.7478
0.8860 7.1184
0.8813 6.5611
0.8765 6.0495
0.8714 5.5695
0.8658 5.1189
0.8598 4.7040
0.8534 4.3309
0.8466 4.0002
0.8395 3.7073
0.8324 3.4450
0.8250 3.2061
0.8174 2.9854
0.8095 2.7798
0.8012 2.5884
0.7926 2.4112
0.7835 2.2481
0.7742 2.0987
0.7645 1.9617
0.7547 1.8355
0.7446 1.7182
0.7342 1.6084
0.7235 1.5049
0.7124 1.4071
0.7008 1.3148
0.6888 1.2279
0.6763 1.1466
0.6635 1.0707
0.6505 1.0005
0.6373 0.9363
0.6245 0.8839
0.6142 0.8628
0.6103 0.8851
0.6149 0.9477
0.6271 1.0439
0.6447 1.1647
0.6646 1.2949
0.6837 1.4169
0.6999 1.5192
0.7125 1.6003
0.7218 1.6632
0.7285 1.7115
0.7331 1.7461
0.7362 1.7654
0.7378 1.7670
0.7379 1.7494
0.7364 1.7134
0.7333 1.6626
