-0.4890 -0.000036
-0.4838 -0.000044
-0.4775 -0.000052
-0.4703 -0.000057
-0.4621 -0.000061
-0.4530 -0.000063
-0.4431 -0.000064
-0.4322 -0.000063
-0.4204 -0.000062
-0.4076 -0.000060
-0.3939 -0.000058
-0.3791 -0.000055
-0.3634 -0.000052
-0.3465 -0.000049
-0.3286 -0.000045
-0.3097 -0.000042
-0.2897 -0.000039
-0.2697 -0.008666
-0.2508 -0.009369
-0.2333 -0.010024
-0.2191 -0.010556
-0.2105 -0.010876
-0.2099 -0.021778
-0.2172 -0.021231
-0.2299 -0.020277
-0.2464 -0.019046
-0.2648 -0.017663
-0.2838 -0.016234
-0.3024 -0.014841
-0.3197 -0.013535
-0.3356 -0.012347
-0.3496 -0.011289
-0.3620 -0.010364
-0.3726 -0.009564
-0.3816 -0.008502
-0.3891 -0.007336
-0.3953 -0.006435
-0.4002 -0.005738
-0.4041 -0.005198
-0.4070 -0.004320
-0.4090 -0.003529
-0.4103 -0.002906
-0.4109 -0.002411
-0.4108 -0.002014
-0.4103 -0.001693
-0.4092 -0.001430
-0.4077 -0.001215
-0.4057 -0.001036
-0.4033 -0.000887
-0.4005 -0.000762
-0.3973 -0.000657
-0.3936 -0.000568
-0.3895 -0.000493
-0.3849 -0.000429
-0.3798 -0.000374
-0.3742 -0.000327
-0.3679 -0.000287
-0.3610 -0.000252
-0.3534 -0.000222
-0.3450 -0.000196
-0.3358 -0.000173
-0.3256 -0.000154
-0.3144 -0.000137
-0.3021 -0.000122
-0.2885 -0.000109
-0.2735 -0.000097
-0.2568 -0.000087
-0.2382 -0.000078
-0.2171 -0.000071
-0.1929 -0.000064
-0.1644 -0.000058
-0.1291 -0.000054
-0.0828 -0.000051
-0.0176 -0.018112
0.0730 -0.042948
0.1664 -0.049964
0.2339 -0.055045
0.2693 -0.057720
0.2797 -0.058506
0.2735 -0.058048
0.2578 -0.056869
0.2372 -0.055324
0.2146 -0.053626
0.1915 -0.051890
0.1685 -0.050163
0.1457 -0.048450
0.1227 -0.046725
0.0988 -0.044937
0.0730 -0.042996
0.0429 -0.040454
0.0053 -0.034581
-0.0458 -0.028237
-0.1158 -0.019964
-0.1973 -0.013144
-0.2734 -0.008220
-0.3355 -0.004986
-0.3832 -0.002957
-0.4189 -0.001714
-0.4452 -0.000967
-0.4643 -0.000527
-0.4777 -0.000275
-0.4867 -0.000137
-0.4924 -0.000066
-0.4953 -0.000034
-0.4960 -0.000024
-0.4950 -0.000025
-0.4925 -0.000031
-0.4886 -0.000039
-0.4836 -0.000047
-0.4776 -0.000054
-0.4706 -0.000059
-0.4626 -0.000063
-0.4537 -0.000065
-0.4440 -0.000066
-0.4333 -0.000066
-0.4216 -0.000064
-0.4091 -0.000062
-0.3955 -0.000060
-0.3810 -0.000057
-0.3654 -0.000054
-0.3488 -0.000050
-0.3310 -0.000047
-0.3122 -0.000044
-0.2922 -0.000040
-0.2719 -0.008585
-0.2526 -0.009302
-0.2344 -0.009985
-0.2190 -0.010560
-0.2090 -0.010931
-0.2071 -0.021986
-0.2132 -0.021529
-0.2251 -0.020644
-0.2409 -0.019455
-0.2591 -0.018090
-0.2781 -0.016661
-0.2968 -0.015255
-0.3145 -0.013929
-0.3306 -0.012717
-0.3450 -0.011635
-0.3577 -0.010686
-0.3686 -0.009864
-0.3779 -0.008899
-0.3857 -0.007667
-0.3920 -0.006716
-0.3971 -0.005979
-0.4011 -0.005409
-0.4042 -0.004493
-0.4063 -0.003669
-0.4076 -0.003020
-0.4083 -0.002505
-0.4083 -0.002092
-0.4077 -0.001757
-0.4067 -0.001484
-0.4052 -0.001259
-0.4032 -0.001073
-0.4008 -0.000918
-0.3980 -0.000789
-0.3948 -0.000679
-0.3911 -0.000587
-0.3870 -0.000509
-0.3824 -0.000442
-0.3773 -0.000386
-0.3716 -0.000337
-0.3653 -0.000295
-0.3584 -0.000259
-0.3508 -0.000228
-0.3423 -0.000201
-0.3330 -0.000178
-0.3228 -0.000158
-0.3115 -0.000140
-0.2990 -0.000125
-0.2853 -0.000111
-0.2701 -0.000100
-0.2531 -0.000089
-0.2341 -0.000080
-0.2125 -0.000072
-0.1875 -0.000066
-0.1577 -0.000060
-0.1202 -0.000056
-0.0696 -0.000053
0.0028 -0.018873
0.0988 -0.044885
0.1889 -0.051657
0.2484 -0.056143
0.2766 -0.058271
0.2816 -0.058657
0.2720 -0.057941
0.2543 -0.056611
0.2327 -0.054986
0.2096 -0.053254
0.1864 -0.051506
0.1633 -0.049776
0.1405 -0.048061
0.1174 -0.046327
0.0932 -0.044516
0.0667 -0.042525
0.0354 -0.039296
-0.0045 -0.033448
-0.0595 -0.026262
-0.1330 -0.018286
-0.2144 -0.011888
-0.2877 -0.007385
-0.3463 -0.004465
-0.3911 -0.002643
-0.4244 -0.001532
-0.4489 -0.000865
-0.4665 -0.000474
-0.4788 -0.000251
-0.4869 -0.000129
-0.4918 -0.000067
-0.4942 -0.000040
-0.4944 -0.000032
-0.4929 -0.000034
-0.4900 -0.000040
-0.4858 -0.000047
-0.4805 -0.000054
-0.4742 -0.000060
-0.4669 -0.000064
-0.4586 -0.000067
-0.4494 -0.000068
-0.4393 -0.000068
-0.4283 -0.000068
-0.4164 -0.000066
-0.4034 -0.000064
-0.3895 -0.000061
-0.3746 -0.000058
-0.3586 -0.000054
-0.3415 -0.000051
-0.3233 -0.000047
-0.3039 -0.000044
-0.2834 -0.000040
-0.2633 -0.008905
-0.2438 -0.009633
-0.2257 -0.010309
-0.2115 -0.010839
-0.2038 -0.022233
-0.2053 -0.022123
-0.2135 -0.021512
-0.2269 -0.020508
-0.2438 -0.019240
-0.2625 -0.017832
-0.2817 -0.016392
-0.3003 -0.014996
-0.3176 -0.013696
-0.3333 -0.012519
-0.3472 -0.011474
-0.3593 -0.010563
-0.3697 -0.009779
-0.3786 -0.008575
-0.3858 -0.007438
-0.3917 -0.006559
-0.3965 -0.005879
-0.4001 -0.005117
-0.4028 -0.004159
-0.4046 -0.003409
-0.4056 -0.002816
-0.4060 -0.002343
-0.4057 -0.001961
-0.4050 -0.001651
-0.4037 -0.001398
-0.4020 -0.001188
-0.3998 -0.001014
-0.3972 -0.000869
-0.3942 -0.000747
-0.3907 -0.000644
-0.3868 -0.000557
-0.3824 -0.000483
-0.3775 -0.000421
-0.3721 -0.000367
-0.3661 -0.000321
-0.3594 -0.000281
-0.3521 -0.000247
-0.3440 -0.000218
-0.3351 -0.000192
-0.3252 -0.000170
-0.3144 -0.000151
-0.3024 -0.000134
-0.2892 -0.000119
-0.2746 -0.000107
-0.2584 -0.000095
-0.2402 -0.000086
-0.2196 -0.000077
-0.1958 -0.000070
-0.1677 -0.000064
-0.1329 -0.000059
-0.0868 -0.000055
-0.0208 -0.017993
0.0709 -0.042799
0.1671 -0.050021
0.2368 -0.055267
0.2733 -0.058022
0.2838 -0.058820
0.2773 -0.058338
0.2611 -0.057121
0.2400 -0.055538
0.2170 -0.053810
0.1936 -0.052051
0.1704 -0.050310
0.1475 -0.048591
0.1246 -0.046869
0.1009 -0.045092
0.0754 -0.043176
0.0459 -0.040973
0.0094 -0.035465
-0.0399 -0.029061
-0.1076 -0.020711
-0.1883 -0.013748
-0.2652 -0.008653
-0.3285 -0.005280
-0.3773 -0.003154
-0.4140 -0.001848
-0.4409 -0.001060
-0.4604 -0.000593
-0.4742 -0.000323
-0.4835 -0.000173
-0.4893 -0.000094
-0.4923 -0.000056
-0.4931 -0.000042
-0.4921 -0.000040
-0.4896 -0.000044
-0.4857 -0.000050
-0.4807 -0.000057
-0.4747 -0.000062
-0.4676 -0.000066
-0.4596 -0.000069
-0.4507 -0.000071
-0.4409 -0.000071
-0.4301 -0.000070
-0.4184 -0.000068
-0.4057 -0.000066
-0.3921 -0.000063
-0.3774 -0.000060
-0.3617 -0.000056
-0.3449 -0.000053
-0.3270 -0.000049
-0.3079 -0.000045
-0.2876 -0.000042
-0.2671 -0.008763
-0.2473 -0.009502
-0.2284 -0.010208
-0.2128 -0.010792
-0.2030 -0.011158
-0.2027 -0.022323
-0.2092 -0.021834
-0.2214 -0.020921
-0.2375 -0.019712
-0.2559 -0.018332
-0.2750 -0.016894
-0.2938 -0.015484
-0.3114 -0.014159
-0.3275 -0.012950
-0.3418 -0.011873
-0.3544 -0.010930
-0.3652 -0.010116
-0.3744 -0.009042
-0.3821 -0.007822
-0.3883 -0.006879
-0.3933 -0.006148
-0.3972 -0.005433
-0.4000 -0.004410
-0.4020 -0.003611
-0.4031 -0.002980
-0.4036 -0.002476
-0.4035 -0.002071
-0.4028 -0.001742
-0.4016 -0.001473
-0.3999 -0.001251
-0.3978 -0.001067
-0.3952 -0.000913
-0.3922 -0.000784
-0.3888 -0.000676
-0.3850 -0.000584
-0.3806 -0.000506
-0.3758 -0.000440
-0.3704 -0.000383
-0.3645 -0.000334
-0.3579 -0.000293
-0.3507 -0.000257
-0.3427 -0.000226
-0.3338 -0.000199
-0.3241 -0.000176
-0.3133 -0.000156
-0.3015 -0.000139
-0.2884 -0.000124
-0.2738 -0.000110
-0.2577 -0.000099
-0.2396 -0.000089
-0.2191 -0.000080
-0.1954 -0.000072
-0.1672 -0.000066
-0.1322 -0.000061
-0.0857 -0.000057
-0.0186 -0.018080
0.0744 -0.043062
0.1708 -0.050301
0.2398 -0.055493
0.2754 -0.058179
0.2851 -0.058918
0.2780 -0.058391
0.2614 -0.057143
0.2401 -0.055541
0.2169 -0.053802
0.1934 -0.052038
0.1702 -0.050296
0.1474 -0.048577
0.1244 -0.046857
0.1008 -0.045083
0.0753 -0.043171
0.0460 -0.040974
0.0095 -0.035620
-0.0396 -0.029099
-0.1071 -0.020754
-0.1876 -0.013792
-0.2643 -0.008692
-0.3276 -0.005313
-0.3763 -0.003182
-0.4129 -0.001872
-0.4398 -0.001080
-0.4593 -0.000610
-0.4730 -0.000338
-0.4822 -0.000186
-0.4880 -0.000105
-0.4910 -0.000066
-0.4917 -0.000050
-0.4907 -0.000047
-0.4881 -0.000050
-0.4842 -0.000056
-0.4791 -0.000061
-0.4730 -0.000066
-0.4659 -0.000070
-0.4579 -0.000072
-0.4489 -0.000073
-0.4390 -0.000073
-0.4282 -0.000072
-0.4164 -0.000070
-0.4037 -0.000067
-0.3900 -0.000064
-0.3753 -0.000061
-0.3595 -0.000057
-0.3426 -0.000053
-0.3246 -0.000050
-0.3054 -0.000046
-0.2849 -0.000043
-0.2645 -0.008861
-0.2446 -0.009605
-0.2257 -0.010311
-0.2104 -0.010882
-0.2018 -0.022390
-0.2021 -0.022369
-0.2092 -0.021837
-0.2217 -0.020896
-0.2380 -0.019671
-0.2565 -0.018287
-0.2755 -0.016856
-0.2941 -0.015458
-0.3116 -0.014149
-0.3274 -0.012959
-0.3415 -0.011900
-0.3538 -0.010974
-0.3644 -0.010176
-0.3734 -0.009036
-0.3809 -0.007840
-0.3869 -0.006915
-0.3917 -0.006198
-0.3955 -0.005364
-0.3982 -0.004363
-0.4000 -0.003578
-0.4010 -0.002957
-0.4014 -0.002461
-0.4011 -0.002060
-0.4003 -0.001735
-0.3990 -0.001467
-0.3972 -0.001247
-0.3950 -0.001064
-0.3924 -0.000911
-0.3893 -0.000782
-0.3858 -0.000674
-0.3818 -0.000582
-0.3774 -0.000505
-0.3724 -0.000438
-0.3670 -0.000382
-0.3609 -0.000334
-0.3542 -0.000292
-0.3468 -0.000256
-0.3386 -0.000225
-0.3296 -0.000199
-0.3196 -0.000176
-0.3086 -0.000156
-0.2965 -0.000138
-0.2830 -0.000123
-0.2681 -0.000110
-0.2515 -0.000098
-0.2328 -0.000088
-0.2114 -0.000080
-0.1866 -0.000072
-0.1566 -0.000066
-0.1185 -0.000061
-0.0662 -0.000058
0.0101 -0.019150
0.1089 -0.045648
0.1988 -0.052408
0.2562 -0.056736
0.2820 -0.058686
0.2851 -0.058919
0.2739 -0.058087
0.2552 -0.056679
0.2329 -0.055005
0.2095 -0.053245
0.1861 -0.051484
0.1630 -0.049751
0.1402 -0.048037
0.1172 -0.046310
0.0931 -0.044509
0.0668 -0.042534
0.0358 -0.039888
-0.0037 -0.033937
-0.0579 -0.026460
-0.1304 -0.018485
-0.2113 -0.012066
-0.2843 -0.007530
-0.3430 -0.004580
-0.3877 -0.002736
-0.4210 -0.001607
-0.4454 -0.000928
-0.4629 -0.000526
-0.4751 -0.000295
-0.4831 -0.000167
-0.4879 -0.000100
-0.4901 -0.000068
-0.4902 -0.000056
-0.4886 -0.000054
-0.4856 -0.000058
-0.4813 -0.000062
-0.4759 -0.000067
-0.4694 -0.000071
-0.4619 -0.000074
-0.4536 -0.000075
-0.4443 -0.000076
-0.4341 -0.000075
-0.4229 -0.000073
-0.4108 -0.000070
-0.3978 -0.000067
-0.3837 -0.000064
-0.3686 -0.000061
-0.3525 -0.000057
-0.3352 -0.000053
-0.3167 -0.000049
-0.2970 -0.000045
-0.2762 -0.008427
-0.2563 -0.009170
-0.2365 -0.009910
-0.2186 -0.010577
-0.2055 -0.011066
-0.2008 -0.022463
-0.2039 -0.022229
-0.2133 -0.021525
-0.2275 -0.020463
-0.2447 -0.019170
-0.2634 -0.017767
-0.2822 -0.016354
-0.3002 -0.014999
-0.3169 -0.013746
-0.3319 -0.012617
-0.3452 -0.011621
-0.3567 -0.010755
-0.3666 -0.010013
-0.3749 -0.008638
-0.3816 -0.007555
-0.3871 -0.006716
-0.3914 -0.006066
-0.3947 -0.004997
-0.3970 -0.004083
-0.3984 -0.003362
-0.3991 -0.002788
-0.3991 -0.002328
-0.3986 -0.001954
-0.3975 -0.001649
-0.3960 -0.001398
-0.3940 -0.001190
-0.3916 -0.001016
-0.3887 -0.000871
-0.3854 -0.000749
-0.3817 -0.000646
-0.3775 -0.000559
-0.3728 -0.000484
-0.3676 -0.000421
-0.3618 -0.000367
-0.3555 -0.000320
-0.3484 -0.000281
-0.3406 -0.000246
-0.3321 -0.000217
-0.3226 -0.000191
-0.3122 -0.000169
-0.3006 -0.000150
-0.2879 -0.000133
-0.2737 -0.000119
-0.2580 -0.000106
-0.2403 -0.000095
-0.2203 -0.000085
-0.1971 -0.000077
-0.1696 -0.000070
-0.1355 -0.000065
-0.0902 -0.000061
-0.0244 -0.017864
0.0674 -0.042541
0.1655 -0.049904
0.2374 -0.055314
0.2753 -0.058178
0.2866 -0.059030
0.2803 -0.058564
0.2640 -0.057342
0.2428 -0.055747
0.2196 -0.054006
0.1961 -0.052239
0.1729 -0.050495
0.1500 -0.048778
0.1272 -0.047067
0.1038 -0.045312
0.0788 -0.043435
0.0503 -0.041301
0.0153 -0.036637
-0.0313 -0.030427
-0.0956 -0.021937
-0.1747 -0.014746
-0.2526 -0.009371
-0.3178 -0.005765
-0.3684 -0.003478
-0.4065 -0.002065
-0.4345 -0.001208
-0.4548 -0.000696
-0.4691 -0.000397
-0.4788 -0.000227
-0.4849 -0.000135
-0.4882 -0.000088
-0.4891 -0.000068
-0.4882 -0.000061
-0.4857 -0.000062
-0.4819 -0.000065
-0.4769 -0.000070
-0.4709 -0.000074
-0.4638 -0.000076
-0.4558 -0.000078
-0.4469 -0.000078
-0.4371 -0.000077
-0.4263 -0.000076
-0.4146 -0.000073
-0.4020 -0.000070
-0.3883 -0.000067
-0.3736 -0.000063
-0.3579 -0.000059
-0.3411 -0.000055
-0.3231 -0.000052
-0.3039 -0.000048
-0.2835 -0.000044
-0.2633 -0.008910
-0.2433 -0.009655
-0.2245 -0.010357
-0.2095 -0.010917
-0.2018 -0.022386
-0.2026 -0.022330
-0.2100 -0.021778
-0.2226 -0.020832
-0.2388 -0.019616
-0.2569 -0.018254
-0.2756 -0.016852
-0.2937 -0.015488
-0.3107 -0.014213
-0.3261 -0.013056
-0.3398 -0.012028
-0.3517 -0.011130
-0.3620 -0.010357
-0.3707 -0.009190
-0.3779 -0.008005
-0.3837 -0.007087
-0.3883 -0.006375
-0.3918 -0.005447
-0.3943 -0.004443
-0.3960 -0.003653
-0.3969 -0.003025
-0.3971 -0.002521
-0.3967 -0.002113
-0.3957 -0.001781
-0.3943 -0.001507
-0.3924 -0.001281
-0.3901 -0.001093
-0.3873 -0.000936
-0.3841 -0.000804
-0.3805 -0.000692
-0.3764 -0.000598
-0.3719 -0.000518
-0.3668 -0.000449
-0.3612 -0.000391
-0.3550 -0.000341
-0.3482 -0.000298
-0.3406 -0.000262
-0.3323 -0.000230
-0.3231 -0.000202
-0.3129 -0.000179
-0.3017 -0.000158
-0.2893 -0.000140
-0.2755 -0.000125
-0.2602 -0.000111
-0.2431 -0.000100
-0.2236 -0.000090
-0.2012 -0.000081
-0.1748 -0.000074
-0.1422 -0.000068
-0.0995 -0.000063
-0.0383 -0.000061
0.0497 -0.041214
0.1494 -0.048693
0.2274 -0.054563
0.2711 -0.057863
0.2865 -0.059025
0.2827 -0.058748
0.2678 -0.057628
0.2472 -0.056079
0.2242 -0.054353
0.2007 -0.052587
0.1775 -0.050838
0.1546 -0.049121
0.1319 -0.047415
0.1087 -0.045679
0.0842 -0.043842
0.0568 -0.041783
0.0236 -0.037932
-0.0198 -0.032034
-0.0799 -0.023661
-0.1567 -0.016161
-0.2360 -0.010383
-0.3042 -0.006432
-0.3578 -0.003902
-0.3983 -0.002331
-0.4282 -0.001374
-0.4500 -0.000800
-0.4654 -0.000462
-0.4760 -0.000268
-0.4827 -0.000161
-0.4865 -0.000105
-0.4878 -0.000079
-0.4873 -0.000069
-0.4851 -0.000067
-0.4815 -0.000070
-0.4767 -0.000073
-0.4708 -0.000077
-0.4639 -0.000079
-0.4561 -0.000080
-0.4473 -0.000081
-0.4376 -0.000080
-0.4270 -0.000078
-0.4155 -0.000075
-0.4030 -0.000072
-0.3895 -0.000069
-0.3750 -0.000065
-0.3595 -0.000061
-0.3429 -0.000057
-0.3251 -0.000053
-0.3060 -0.000049
-0.2858 -0.000045
-0.2656 -0.008824
-0.2456 -0.009569
-0.2266 -0.010278
-0.2112 -0.010854
-0.2028 -0.022315
-0.2029 -0.022310
-0.2096 -0.021804
-0.2217 -0.020900
-0.2374 -0.019718
-0.2552 -0.018381
-0.2737 -0.016997
-0.2917 -0.015644
-0.3085 -0.014376
-0.3239 -0.013222
-0.3376 -0.012195
-0.3495 -0.011297
-0.3598 -0.010523
-0.3685 -0.009433
-0.3757 -0.008215
-0.3816 -0.007271
-0.3862 -0.006539
-0.3897 -0.005642
-0.3923 -0.004603
-0.3939 -0.003785
-0.3948 -0.003134
-0.3950 -0.002613
-0.3946 -0.002190
-0.3937 -0.001845
-0.3923 -0.001561
-0.3904 -0.001327
-0.3880 -0.001132
-0.3853 -0.000968
-0.3821 -0.000831
-0.3785 -0.000715
-0.3744 -0.000617
-0.3699 -0.000534
-0.3648 -0.000463
-0.3593 -0.000403
-0.3531 -0.000351
-0.3463 -0.000307
-0.3387 -0.000269
-0.3304 -0.000236
-0.3213 -0.000208
-0.3112 -0.000183
-0.3000 -0.000162
-0.2876 -0.000144
-0.2739 -0.000128
-0.2586 -0.000114
-0.2414 -0.000102
-0.2219 -0.000092
-0.1994 -0.000083
-0.1728 -0.000075
-0.1399 -0.000069
-0.0964 -0.000065
-0.0337 -0.000062
0.0559 -0.041678
0.1553 -0.049142
0.2314 -0.054866
0.2732 -0.058019
0.2871 -0.059073
0.2825 -0.058729
0.2670 -0.057571
0.2462 -0.056005
0.2232 -0.054274
0.1997 -0.052508
0.1764 -0.050763
0.1536 -0.049050
0.1310 -0.047348
0.1079 -0.045614
0.0834 -0.043776
0.0558 -0.041714
0.0225 -0.037823
-0.0212 -0.031921
-0.0815 -0.023478
-0.1584 -0.016018
-0.2374 -0.010288
-0.3051 -0.006377
-0.3583 -0.003874
-0.3984 -0.002320
-0.4280 -0.001372
-0.4495 -0.000804
-0.4648 -0.000469
-0.4752 -0.000276
-0.4818 -0.000169
-0.4854 -0.000113
-0.4867 -0.000086
-0.4860 -0.000075
-0.4837 -0.000073
-0.4800 -0.000075
-0.4752 -0.000078
-0.4692 -0.000080
-0.4623 -0.000082
-0.4544 -0.000083
-0.4455 -0.000083
-0.4358 -0.000082
-0.4251 -0.000080
-0.4135 -0.000077
-0.4010 -0.000073
-0.3874 -0.000070
-0.3729 -0.000066
-0.3572 -0.000062
-0.3405 -0.000058
-0.3226 -0.000053
-0.3035 -0.000049
-0.2832 -0.000046
-0.2632 -0.008914
-0.2433 -0.009657
-0.2247 -0.010352
-0.2101 -0.010898
-0.2031 -0.022291
-0.2042 -0.022210
-0.2117 -0.021645
-0.2243 -0.020703
-0.2402 -0.019505
-0.2580 -0.018172
-0.2762 -0.016806
-0.2938 -0.015481
-0.3103 -0.014245
-0.3252 -0.013124
-0.3384 -0.012129
-0.3500 -0.011261
-0.3599 -0.010515
-0.3683 -0.009346
-0.3752 -0.008169
-0.3807 -0.007256
-0.3851 -0.006547
-0.3885 -0.005563
-0.3908 -0.004548
-0.3923 -0.003747
-0.3930 -0.003108
-0.3930 -0.002594
-0.3925 -0.002177
-0.3914 -0.001836
-0.3899 -0.001555
-0.3879 -0.001322
-0.3855 -0.001128
-0.3826 -0.000965
-0.3794 -0.000829
-0.3756 -0.000713
-0.3715 -0.000616
-0.3668 -0.000533
-0.3617 -0.000462
-0.3560 -0.000402
-0.3497 -0.000350
-0.3428 -0.000306
-0.3351 -0.000268
-0.3266 -0.000235
-0.3173 -0.000207
-0.3070 -0.000183
-0.2956 -0.000162
-0.2829 -0.000143
-0.2689 -0.000127
-0.2532 -0.000114
-0.2355 -0.000102
-0.2154 -0.000091
-0.1920 -0.000083
-0.1640 -0.000075
-0.1287 -0.000069
-0.0809 -0.000065
-0.0109 -0.018375
0.0848 -0.043846
0.1806 -0.051046
0.2469 -0.056036
0.2798 -0.058524
0.2876 -0.059111
0.2792 -0.058484
0.2618 -0.057177
0.2401 -0.055546
0.2168 -0.053796
0.1934 -0.052035
0.1703 -0.050302
0.1476 -0.048598
0.1250 -0.046897
0.1017 -0.045149
0.0766 -0.043273
0.0480 -0.041131
0.0127 -0.036331
-0.0344 -0.029885
-0.0993 -0.021494
-0.1782 -0.014425
-0.2551 -0.009173
-0.3191 -0.005660
-0.3687 -0.003431
-0.4059 -0.002054
-0.4332 -0.001217
-0.4530 -0.000716
-0.4668 -0.000422
-0.4761 -0.000254
-0.4819 -0.000161
-0.4848 -0.000112
-0.4855 -0.000089
-0.4843 -0.000080
-0.4817 -0.000079
-0.4776 -0.000080
-0.4725 -0.000082
-0.4662 -0.000084
-0.4590 -0.000086
-0.4508 -0.000086
-0.4417 -0.000085
-0.4317 -0.000083
-0.4208 -0.000080
-0.4089 -0.000077
-0.3960 -0.000074
-0.3822 -0.000070
-0.3673 -0.000066
-0.3514 -0.000061
-0.3343 -0.000057
-0.3161 -0.000053
-0.2966 -0.000049
-0.2762 -0.008429
-0.2564 -0.009167
-0.2368 -0.009900
-0.2194 -0.010551
-0.2070 -0.011013
-0.2036 -0.022255
-0.2072 -0.021987
-0.2166 -0.021277
-0.2305 -0.020238
-0.2471 -0.018993
-0.2649 -0.017655
-0.2827 -0.016315
-0.2997 -0.015037
-0.3154 -0.013858
-0.3295 -0.012798
-0.3420 -0.011863
-0.3527 -0.011053
-0.3620 -0.010360
-0.3697 -0.008982
-0.3759 -0.007908
-0.3809 -0.007073
-0.3849 -0.006425
-0.3877 -0.005243
-0.3897 -0.004303
-0.3908 -0.003557
-0.3912 -0.002959
-0.3910 -0.002476
-0.3902 -0.002082
-0.3889 -0.001759
-0.3872 -0.001492
-0.3850 -0.001271
-0.3824 -0.001085
-0.3793 -0.000930
