-0.3185 -0.000220
-0.3063 -0.000196
-0.2929 -0.000175
-0.2780 -0.000157
-0.2615 -0.000141
-0.2430 -0.000127
-0.2222 -0.000114
-0.1981 -0.000104
-0.1695 -0.000095
-0.1338 -0.000088
-0.0857 -0.000083
-0.0142 -0.000081
0.0901 -0.000082
0.1928 -0.026027
0.2610 -0.028592
0.2939 -0.029830
0.3009 -0.030089
0.2914 -0.029730
0.2729 -0.029029
0.2501 -0.028168
0.2259 -0.027254
0.2017 -0.026340
0.1780 -0.025448
0.1549 -0.024579
0.1320 -0.023719
0.1088 -0.022846
0.0841 -0.021922
0.0565 -0.020886
0.0230 -0.019630
-0.0217 -0.017960
-0.0844 -0.014766
-0.1644 -0.009966
-0.2456 -0.006311
-0.3146 -0.003842
-0.3685 -0.002277
-0.4091 -0.001314
-0.4392 -0.000734
-0.4611 -0.000393
-0.4767 -0.000196
-0.4875 -0.000088
-0.4945 -0.000033
-0.4985 -0.000007
-0.5002 0.000001
-0.5000 -0.000000
-0.4982 -0.000005
-0.4950 -0.000012
-0.4907 -0.000018
-0.4853 -0.000024
-0.4790 -0.000029
-0.4718 -0.000033
-0.4637 -0.000035
-0.4547 -0.000036
-0.4448 -0.000037
-0.4341 -0.000037
-0.4224 -0.000036
-0.4098 -0.000035
-0.3962 -0.000034
-0.3816 -0.000032
-0.3660 -0.000031
-0.3492 -0.000029
-0.3314 -0.000027
-0.3124 -0.000025
-0.2922 -0.000023
-0.2713 -0.008591
-0.2515 -0.009330
-0.2346 -0.019907
-0.2210 -0.020928
-0.2130 -0.021533
-0.2143 -0.032160
-0.2228 -0.031203
-0.2370 -0.029611
-0.2548 -0.027613
-0.2742 -0.025427
-0.2938 -0.023224
-0.3124 -0.021123
-0.3296 -0.019192
-0.3449 -0.017464
-0.3584 -0.015948
-0.3700 -0.014638
-0.3799 -0.013522
-0.3882 -0.012583
-0.3951 -0.011345
-0.4007 -0.009925
-0.4049 -0.008520
-0.4081 -0.007446
-0.4103 -0.006326
-0.4117 -0.005202
-0.4123 -0.004315
-0.4122 -0.003605
-0.4116 -0.003031
-0.4105 -0.002563
-0.4090 -0.002177
-0.4070 -0.001858
-0.4047 -0.001591
-0.4019 -0.001367
-0.3988 -0.001178
-0.3953 -0.001018
-0.3914 -0.000882
-0.3870 -0.000766
-0.3822 -0.000667
-0.3769 -0.000582
-0.3710 -0.000509
-0.3646 -0.000446
-0.3574 -0.000392
-0.3496 -0.000346
-0.3409 -0.000305
-0.3313 -0.000270
-0.3208 -0.000240
-0.3091 -0.000213
-0.2962 -0.000190
-0.2820 -0.000170
-0.2662 -0.000152
-0.2485 -0.000137
-0.2286 -0.000123
-0.2058 -0.000112
-0.1790 -0.000102
-0.1461 -0.000094
-0.1029 -0.000088
-0.0403 -0.000085
0.0546 -0.000085
0.1640 -0.024950
0.2444 -0.027974
0.2878 -0.029604
0.3018 -0.030128
0.2966 -0.029926
0.2802 -0.029305
0.2583 -0.028476
0.2342 -0.027569
0.2098 -0.026650
0.1860 -0.025750
0.1627 -0.024874
0.1399 -0.024015
0.1169 -0.023152
0.0930 -0.022254
0.0668 -0.021271
0.0359 -0.020115
-0.0038 -0.018628
-0.0591 -0.016559
-0.1338 -0.011538
-0.2165 -0.007464
-0.2905 -0.004607
-0.3497 -0.002762
-0.3947 -0.001616
-0.4282 -0.000920
-0.4527 -0.000506
-0.4704 -0.000265
-0.4826 -0.000130
-0.4908 -0.000057
-0.4958 -0.000022
-0.4982 -0.000008
-0.4985 -0.000005
-0.4972 -0.000008
-0.4944 -0.000014
-0.4904 -0.000020
-0.4854 -0.000026
-0.4793 -0.000030
-0.4723 -0.000034
-0.4645 -0.000036
-0.4557 -0.000038
-0.4461 -0.000038
-0.4355 -0.000038
-0.4241 -0.000038
-0.4117 -0.000037
-0.3984 -0.000035
-0.3841 -0.000034
-0.3687 -0.000032
-0.3522 -0.000030
-0.3346 -0.000028
-0.3159 -0.000026
-0.2959 -0.000024
-0.2749 -0.008457
-0.2550 -0.009200
-0.2374 -0.019701
-0.2229 -0.020791
-0.2136 -0.021492
-0.2132 -0.032280
-0.2205 -0.031468
-0.2337 -0.029987
-0.2508 -0.028062
-0.2699 -0.025914
-0.2893 -0.023723
-0.3081 -0.021616
-0.3253 -0.019669
-0.3409 -0.017920
-0.3545 -0.016381
-0.3663 -0.015049
-0.3764 -0.013911
-0.3850 -0.012952
-0.3920 -0.011813
-0.3977 -0.010441
-0.4021 -0.008948
-0.4054 -0.007807
-0.4077 -0.006683
-0.4092 -0.005494
-0.4098 -0.004555
-0.4098 -0.003804
-0.4092 -0.003197
-0.4081 -0.002702
-0.4066 -0.002294
-0.4046 -0.001956
-0.4023 -0.001674
-0.3995 -0.001437
-0.3964 -0.001237
-0.3929 -0.001068
-0.3890 -0.000925
-0.3847 -0.000802
-0.3799 -0.000698
-0.3746 -0.000609
-0.3687 -0.000532
-0.3623 -0.000466
-0.3552 -0.000409
-0.3474 -0.000360
-0.3387 -0.000318
-0.3292 -0.000281
-0.3186 -0.000249
-0.3070 -0.000222
-0.2942 -0.000197
-0.2800 -0.000176
-0.2641 -0.000158
-0.2465 -0.000142
-0.2265 -0.000128
-0.2035 -0.000115
-0.1764 -0.000105
-0.1429 -0.000097
-0.0985 -0.000091
-0.0335 -0.000088
0.0648 -0.000089
0.1733 -0.025301
0.2508 -0.028214
0.2913 -0.029736
0.3031 -0.030179
0.2965 -0.029923
0.2792 -0.029271
0.2569 -0.028426
0.2327 -0.027512
0.2083 -0.026591
0.1844 -0.025692
0.1612 -0.024819
0.1384 -0.023961
0.1155 -0.023100
0.0916 -0.022201
0.0653 -0.021214
0.0342 -0.020049
-0.0060 -0.018546
-0.0621 -0.016244
-0.1372 -0.011247
-0.2195 -0.007265
-0.2928 -0.004484
-0.3511 -0.002691
-0.3955 -0.001579
-0.4284 -0.000903
-0.4525 -0.000500
-0.4698 -0.000266
-0.4818 -0.000134
-0.4897 -0.000063
-0.4944 -0.000029
-0.4967 -0.000014
-0.4969 -0.000011
-0.4954 -0.000014
-0.4925 -0.000019
-0.4884 -0.000024
-0.4832 -0.000029
-0.4770 -0.000033
-0.4699 -0.000036
-0.4619 -0.000038
-0.4530 -0.000039
-0.4433 -0.000040
-0.4326 -0.000040
-0.4210 -0.000039
-0.4085 -0.000037
-0.3950 -0.000036
-0.3804 -0.000034
-0.3649 -0.000032
-0.3482 -0.000030
-0.3304 -0.000028
-0.3114 -0.000026
-0.2912 -0.000024
-0.2703 -0.008628
-0.2504 -0.018724
-0.2334 -0.020000
-0.2196 -0.021038
-0.2120 -0.032410
-0.2135 -0.032244
-0.2222 -0.031277
-0.2363 -0.029689
-0.2539 -0.027708
-0.2731 -0.025549
-0.2924 -0.023381
-0.3107 -0.021317
-0.3275 -0.019424
-0.3425 -0.017732
-0.3557 -0.016250
-0.3670 -0.014971
-0.3767 -0.013883
-0.3848 -0.012968
-0.3915 -0.011731
-0.3968 -0.010276
-0.4009 -0.008855
-0.4039 -0.007764
-0.4060 -0.006503
-0.4071 -0.005362
-0.4076 -0.004457
-0.4074 -0.003731
-0.4066 -0.003141
-0.4054 -0.002658
-0.4037 -0.002260
-0.4015 -0.001929
-0.3990 -0.001652
-0.3961 -0.001419
-0.3929 -0.001222
-0.3892 -0.001055
-0.3851 -0.000914
-0.3806 -0.000793
-0.3756 -0.000690
-0.3701 -0.000602
-0.3641 -0.000526
-0.3574 -0.000461
-0.3500 -0.000405
-0.3419 -0.000356
-0.3329 -0.000314
-0.3230 -0.000278
-0.3121 -0.000247
-0.3000 -0.000219
-0.2866 -0.000195
-0.2718 -0.000174
-0.2553 -0.000156
-0.2366 -0.000140
-0.2154 -0.000127
-0.1908 -0.000115
-0.1610 -0.000105
-0.1231 -0.000098
-0.0703 -0.000093
0.0103 -0.000092
0.1209 -0.023338
0.2169 -0.026947
0.2760 -0.029165
0.3012 -0.030110
0.3027 -0.030162
0.2898 -0.029674
0.2694 -0.028901
0.2457 -0.028007
0.2212 -0.027081
0.1970 -0.026167
0.1735 -0.025281
0.1505 -0.024418
0.1278 -0.023563
0.1046 -0.022691
0.0799 -0.021762
0.0519 -0.020712
0.0174 -0.019423
-0.0289 -0.017691
-0.0937 -0.013778
-0.1741 -0.009236
-0.2536 -0.005834
-0.3201 -0.003557
-0.3718 -0.002118
-0.4106 -0.001234
-0.4392 -0.000701
-0.4599 -0.000386
-0.4745 -0.000205
-0.4845 -0.000104
-0.4908 -0.000052
-0.4943 -0.000027
-0.4955 -0.000018
-0.4948 -0.000017
-0.4926 -0.000020
-0.4891 -0.000025
-0.4844 -0.000029
-0.4787 -0.000034
-0.4720 -0.000037
-0.4644 -0.000039
-0.4559 -0.000041
-0.4466 -0.000041
-0.4363 -0.000041
-0.4252 -0.000040
-0.4131 -0.000039
-0.4000 -0.000037
-0.3859 -0.000036
-0.3708 -0.000034
-0.3547 -0.000032
-0.3373 -0.000030
-0.3188 -0.000028
-0.2991 -0.000025
-0.2782 -0.000024
-0.2580 -0.009091
-0.2395 -0.019542
-0.2239 -0.020711
-0.2132 -0.021521
-0.2114 -0.032478
-0.2173 -0.031819
-0.2295 -0.030459
-0.2459 -0.028617
-0.2645 -0.026518
-0.2838 -0.024350
-0.3024 -0.022248
-0.3198 -0.020294
-0.3354 -0.018532
-0.3492 -0.016978
-0.3612 -0.015630
-0.3714 -0.014477
-0.3800 -0.013504
-0.3872 -0.012471
-0.3930 -0.011144
-0.3975 -0.009548
-0.4009 -0.008326
-0.4032 -0.007139
-0.4047 -0.005873
-0.4053 -0.004871
-0.4053 -0.004069
-0.4047 -0.003420
-0.4036 -0.002890
-0.4020 -0.002453
-0.4000 -0.002091
-0.3975 -0.001788
-0.3947 -0.001534
-0.3916 -0.001320
-0.3880 -0.001138
-0.3840 -0.000984
-0.3796 -0.000853
-0.3748 -0.000741
-0.3694 -0.000646
-0.3635 -0.000564
-0.3570 -0.000493
-0.3498 -0.000433
-0.3418 -0.000380
-0.3331 -0.000335
-0.3234 -0.000296
-0.3128 -0.000262
-0.3010 -0.000233
-0.2879 -0.000207
-0.2734 -0.000185
-0.2573 -0.000165
-0.2391 -0.000148
-0.2185 -0.000134
-0.1945 -0.000121
-0.1658 -0.000111
-0.1295 -0.000102
-0.0795 -0.000097
-0.0037 -0.000096
0.1051 -0.022746
0.2059 -0.026533
0.2707 -0.028971
0.3003 -0.030081
0.3045 -0.030235
0.2932 -0.029802
0.2734 -0.029053
0.2499 -0.028165
0.2253 -0.027236
0.2010 -0.026318
0.1773 -0.025426
0.1543 -0.024561
0.1317 -0.023708
0.1087 -0.022843
0.0844 -0.021930
0.0572 -0.020911
0.0243 -0.019680
-0.0192 -0.018053
-0.0801 -0.014598
-0.1585 -0.009925
-0.2392 -0.006332
-0.3083 -0.003888
-0.3625 -0.002330
-0.4034 -0.001368
-0.4336 -0.000785
-0.4555 -0.000440
-0.4711 -0.000239
-0.4817 -0.000126
-0.4886 -0.000066
-0.4925 -0.000036
-0.4940 -0.000024
-0.4936 -0.000021
-0.4916 -0.000023
-0.4882 -0.000027
-0.4837 -0.000032
-0.4781 -0.000036
-0.4715 -0.000039
-0.4640 -0.000041
-0.4556 -0.000042
-0.4463 -0.000042
-0.4361 -0.000042
-0.4251 -0.000041
-0.4130 -0.000040
-0.4000 -0.000038
-0.3861 -0.000036
-0.3710 -0.000035
-0.3549 -0.000032
-0.3377 -0.000030
-0.3193 -0.000028
-0.2996 -0.000026
-0.2786 -0.000024
-0.2584 -0.009076
-0.2397 -0.019526
-0.2238 -0.020718
-0.2127 -0.021554
-0.2108 -0.032549
-0.2164 -0.031923
-0.2283 -0.030591
-0.2445 -0.028771
-0.2630 -0.026688
-0.2822 -0.024532
-0.3008 -0.022438
-0.3180 -0.020491
-0.3336 -0.018734
-0.3474 -0.017183
-0.3593 -0.015837
-0.3696 -0.014687
-0.3782 -0.013716
-0.3853 -0.012710
-0.3911 -0.011396
-0.3956 -0.009770
-0.3989 -0.008523
-0.4013 -0.007294
-0.4027 -0.006004
-0.4033 -0.004982
-0.4032 -0.004164
-0.4026 -0.003501
-0.4014 -0.002958
-0.3998 -0.002512
-0.3977 -0.002140
-0.3952 -0.001830
-0.3924 -0.001570
-0.3892 -0.001351
-0.3855 -0.001165
-0.3815 -0.001007
-0.3771 -0.000872
-0.3722 -0.000758
-0.3667 -0.000660
-0.3608 -0.000576
-0.3542 -0.000503
-0.3469 -0.000441
-0.3389 -0.000388
-0.3301 -0.000342
-0.3203 -0.000302
-0.3096 -0.000267
-0.2976 -0.000237
-0.2844 -0.000211
-0.2697 -0.000188
-0.2533 -0.000168
-0.2348 -0.000151
-0.2137 -0.000136
-0.1891 -0.000123
-0.1592 -0.000113
-0.1210 -0.000105
-0.0671 -0.000100
0.0158 -0.000100
0.1274 -0.023589
0.2226 -0.027166
0.2801 -0.029325
0.3038 -0.030214
0.3041 -0.030221
0.2905 -0.029701
0.2695 -0.028908
0.2456 -0.028002
0.2209 -0.027071
0.1966 -0.026156
0.1731 -0.025269
0.1503 -0.024408
0.1276 -0.023556
0.1045 -0.022689
0.0799 -0.021765
0.0521 -0.020722
0.0180 -0.019444
-0.0278 -0.017732
-0.0918 -0.013669
-0.1715 -0.009192
-0.2508 -0.005826
-0.3174 -0.003566
-0.3692 -0.002134
-0.4080 -0.001253
-0.4367 -0.000721
-0.4574 -0.000405
-0.4720 -0.000223
-0.4819 -0.000120
-0.4882 -0.000065
-0.4916 -0.000039
-0.4927 -0.000028
-0.4919 -0.000026
-0.4896 -0.000028
-0.4860 -0.000031
-0.4812 -0.000035
-0.4754 -0.000038
-0.4686 -0.000041
-0.4609 -0.000043
-0.4523 -0.000043
-0.4428 -0.000043
-0.4324 -0.000043
-0.4211 -0.000042
-0.4088 -0.000040
-0.3956 -0.000039
-0.3813 -0.000037
-0.3660 -0.000035
-0.3496 -0.000032
-0.3321 -0.000030
-0.3133 -0.000028
-0.2933 -0.000026
-0.2724 -0.008553
-0.2521 -0.018599
-0.2343 -0.019931
-0.2195 -0.021049
-0.2110 -0.032522
-0.2114 -0.032488
-0.2190 -0.031636
-0.2323 -0.030141
-0.2493 -0.028230
-0.2680 -0.026121
-0.2870 -0.023987
-0.3051 -0.021944
-0.3218 -0.020065
-0.3368 -0.018381
-0.3499 -0.016904
-0.3612 -0.015628
-0.3708 -0.014542
-0.3789 -0.013630
-0.3856 -0.012464
-0.3909 -0.011030
-0.3950 -0.009517
-0.3980 -0.008355
-0.3999 -0.006967
-0.4010 -0.005755
-0.4014 -0.004789
-0.4011 -0.004012
-0.4002 -0.003380
-0.3988 -0.002862
-0.3970 -0.002433
-0.3947 -0.002076
-0.3921 -0.001777
-0.3891 -0.001525
-0.3857 -0.001313
-0.3819 -0.001133
-0.3777 -0.000980
-0.3731 -0.000849
-0.3679 -0.000738
-0.3623 -0.000643
-0.3561 -0.000561
-0.3492 -0.000491
-0.3416 -0.000430
-0.3333 -0.000378
-0.3241 -0.000333
-0.3139 -0.000294
-0.3027 -0.000261
-0.2903 -0.000232
-0.2764 -0.000206
-0.2610 -0.000184
-0.2437 -0.000165
-0.2241 -0.000148
-0.2014 -0.000134
-0.1745 -0.000122
-0.1411 -0.000112
-0.0963 -0.000105
-0.0296 -0.000102
0.0718 -0.000104
0.1805 -0.025587
0.2573 -0.028473
0.2965 -0.029944
0.3070 -0.030334
0.2991 -0.030031
0.2810 -0.029343
0.2580 -0.028475
0.2335 -0.027546
0.2089 -0.026618
0.1850 -0.025717
0.1619 -0.024846
0.1392 -0.023993
0.1165 -0.023139
0.0929 -0.022253
0.0671 -0.021285
0.0369 -0.020151
-0.0018 -0.018702
-0.0555 -0.016251
-0.1281 -0.011364
-0.2096 -0.007414
-0.2836 -0.004616
-0.3429 -0.002799
-0.3882 -0.001664
-0.4218 -0.000972
-0.4464 -0.000557
-0.4639 -0.000313
-0.4761 -0.000173
-0.4841 -0.000096
-0.4889 -0.000056
-0.4911 -0.000037
-0.4912 -0.000031
-0.4896 -0.000030
-0.4866 -0.000033
-0.4824 -0.000036
-0.4770 -0.000039
-0.4707 -0.000042
-0.4634 -0.000043
-0.4552 -0.000044
-0.4461 -0.000045
-0.4361 -0.000044
-0.4252 -0.000043
-0.4134 -0.000042
-0.4006 -0.000040
-0.3868 -0.000038
-0.3720 -0.000036
-0.3561 -0.000034
-0.3391 -0.000032
-0.3208 -0.000029
-0.3013 -0.000027
-0.2805 -0.000025
-0.2601 -0.009010
-0.2412 -0.019419
-0.2247 -0.020654
-0.2130 -0.032300
-0.2102 -0.032612
-0.2151 -0.032073
-0.2263 -0.030815
-0.2420 -0.029054
-0.2601 -0.027015
-0.2790 -0.024890
-0.2974 -0.022818
-0.3145 -0.020884
-0.3301 -0.019136
-0.3438 -0.017591
-0.3557 -0.016249
-0.3659 -0.015101
-0.3745 -0.014131
-0.3816 -0.013206
-0.3874 -0.011881
-0.3919 -0.010232
-0.3952 -0.008930
-0.3975 -0.007647
-0.3989 -0.006300
-0.3995 -0.005232
-0.3993 -0.004375
-0.3986 -0.003679
-0.3974 -0.003110
-0.3957 -0.002640
-0.3935 -0.002250
-0.3910 -0.001923
-0.3881 -0.001649
-0.3848 -0.001418
-0.3811 -0.001222
-0.3770 -0.001056
-0.3725 -0.000914
-0.3675 -0.000793
-0.3620 -0.000690
-0.3560 -0.000601
-0.3493 -0.000525
-0.3420 -0.000460
-0.3339 -0.000404
-0.3250 -0.000355
-0.3151 -0.000314
-0.3042 -0.000277
-0.2921 -0.000246
-0.2787 -0.000219
-0.2637 -0.000195
-0.2470 -0.000174
-0.2280 -0.000156
-0.2061 -0.000141
-0.1804 -0.000128
-0.1487 -0.000118
-0.1070 -0.000110
-0.0462 -0.000106
0.0479 -0.000107
0.1598 -0.024812
0.2449 -0.028011
0.2916 -0.029764
0.3072 -0.030347
0.3024 -0.030159
0.2859 -0.029529
0.2635 -0.028684
0.2391 -0.027759
0.2144 -0.026828
0.1904 -0.025920
0.1671 -0.025043
0.1444 -0.024189
0.1218 -0.023339
0.0986 -0.022466
0.0736 -0.021526
0.0447 -0.020446
0.0087 -0.019096
-0.0405 -0.017256
-0.1085 -0.012421
-0.1893 -0.008237
-0.2661 -0.005182
-0.3290 -0.003164
-0.3775 -0.001894
-0.4136 -0.001115
-0.4401 -0.000646
-0.4592 -0.000368
-0.4725 -0.000207
-0.4814 -0.000117
-0.4868 -0.000069
-0.4896 -0.000046
-0.4901 -0.000036
-0.4889 -0.000034
-0.4861 -0.000035
-0.4821 -0.000038
-0.4770 -0.000041
-0.4708 -0.000043
-0.4637 -0.000045
-0.4557 -0.000046
-0.4468 -0.000046
-0.4369 -0.000045
-0.4262 -0.000044
-0.4145 -0.000043
-0.4019 -0.000041
-0.3883 -0.000039
-0.3737 -0.000037
-0.3580 -0.000035
-0.3411 -0.000032
-0.3231 -0.000030
-0.3038 -0.000028
-0.2832 -0.000026
-0.2627 -0.008913
-0.2435 -0.019248
-0.2266 -0.020513
-0.2140 -0.021461
-0.2103 -0.032602
-0.2143 -0.032164
-0.2248 -0.030989
-0.2399 -0.029288
-0.2577 -0.027288
-0.2764 -0.025184
-0.2947 -0.023119
-0.3119 -0.021185
-0.3275 -0.019430
-0.3412 -0.017876
-0.3532 -0.016524
-0.3635 -0.015365
-0.3722 -0.014386
-0.3795 -0.013553
-0.3853 -0.012185
-0.3899 -0.010571
-0.3933 -0.009216
-0.3956 -0.007945
-0.3970 -0.006545
-0.3976 -0.005434
-0.3975 -0.004543
-0.3968 -0.003820
-0.3956 -0.003228
-0.3939 -0.002739
-0.3918 -0.002334
-0.3892 -0.001994
-0.3863 -0.001709
-0.3830 -0.001469
-0.3793 -0.001265
-0.3753 -0.001093
-0.3707 -0.000945
-0.3658 -0.000820
-0.3603 -0.000713
-0.3542 -0.000621
-0.3476 -0.000542
-0.3403 -0.000474
-0.3322 -0.000416
-0.3233 -0.000366
-0.3135 -0.000323
-0.3026 -0.000285
-0.2906 -0.000253
-0.2772 -0.000225
-0.2622 -0.000200
-0.2455 -0.000179
-0.2265 -0.000161
-0.2046 -0.000145
-0.1787 -0.000132
-0.1467 -0.000121
-0.1044 -0.000113
-0.0423 -0.000109
0.0538 -0.000110
0.1652 -0.025019
0.2486 -0.028152
0.2935 -0.029839
0.3079 -0.030374
0.3023 -0.030155
0.2853 -0.029508
0.2627 -0.028654
0.2382 -0.027727
0.2135 -0.026795
0.1895 -0.025889
0.1663 -0.025014
0.1437 -0.024162
0.1212 -0.023314
0.0980 -0.022442
0.0729 -0.021502
0.0441 -0.020421
0.0079 -0.019068
-0.0414 -0.017222
-0.1095 -0.012300
-0.1902 -0.008154
-0.2666 -0.005132
-0.3293 -0.003137
-0.3774 -0.001881
-0.4133 -0.001111
-0.4396 -0.000646
-0.4585 -0.000371
-0.4717 -0.000211
-0.4805 -0.000122
-0.4858 -0.000074
-0.4884 -0.000050
-0.4889 -0.000040
-0.4876 -0.000037
-0.4848 -0.000038
-0.4807 -0.000041
-0.4755 -0.000043
-0.4693 -0.000045
-0.4621 -0.000046
-0.4540 -0.000047
-0.4450 -0.000047
-0.4351 -0.000046
-0.4243 -0.000045
-0.4126 -0.000044
-0.3999 -0.000042
-0.3862 -0.000040
-0.3715 -0.000037
-0.3557 -0.000035
-0.3387 -0.000033
-0.3206 -0.000030
-0.3011 -0.000028
-0.2804 -0.000026
-0.2601 -0.009011
-0.2412 -0.019417
-0.2247 -0.020653
-0.2133 -0.032258
-0.2108 -0.032554
-0.2157 -0.032006
-0.2269 -0.030753
-0.2424 -0.029011
-0.2602 -0.027004
-0.2787 -0.024918
-0.2968 -0.022887
-0.3136 -0.020995
-0.3287 -0.019286
-0.3421 -0.017777
-0.3537 -0.016467
-0.3637 -0.015347
-0.3721 -0.014403
-0.3790 -0.013496
-0.3846 -0.012175
-0.3890 -0.010510
-0.3921 -0.009194
-0.3943 -0.007835
-0.3955 -0.006467
-0.3959 -0.005378
-0.3957 -0.004502
-0.3949 -0.003790
-0.3935 -0.003206
-0.3917 -0.002722
-0.3895 -0.002320
-0.3868 -0.001984
-0.3838 -0.001701
-0.3804 -0.001462
-0.3766 -0.001260
-0.3724 -0.001088
-0.3678 -0.000941
-0.3627 -0.000816
-0.3571 -0.000710
-0.3510 -0.000618
-0.3442 -0.000540
-0.3367 -0.000472
-0.3285 -0.000414
-0.3194 -0.000364
-0.3093 -0.000321
-0.2982 -0.000284
-0.2859 -0.000252
-0.2721 -0.000224
-0.2568 -0.000199
-0.2395 -0.000178
-0.2198 -0.000160
-0.1970 -0.000145
-0.1697 -0.000132
-0.1353 -0.000121
-0.0886 -0.000114
-0.0177 -0.000112
0.0883 -0.022131
0.1943 -0.026112
0.2661 -0.028813
0.3009 -0.030118
0.3083 -0.030389
0.2985 -0.030012
0.2793 -0.029284
0.2559 -0.028397
0.2312 -0.027462
0.2067 -0.026536
0.1829 -0.025640
0.1599 -0.024774
0.1375 -0.023927
0.1149 -0.023078
0.0914 -0.022195
0.0656 -0.021229
0.0353 -0.020093
-0.0035 -0.018639
-0.0574 -0.015863
-0.1299 -0.011085
-0.2109 -0.007236
-0.2840 -0.004516
-0.3426 -0.002749
-0.3872 -0.001646
-0.4203 -0.000971
-0.4444 -0.000566
-0.4616 -0.000327
-0.4734 -0.000189
-0.4812 -0.000112
-0.4857 -0.000071
-0.4876 -0.000051
-0.4876 -0.000043
-0.4858 -0.000041
-0.4826 -0.000042
-0.4781 -0.000044
-0.4726 -0.000046
