0.7239
0.6002
0.4380
0.3247
0.2691
0.2508
0.2508
0.2534
0.2561
0.2566
0.2569
0.2568
0.2567
0.2569
0.2563
0.2562
0.2559
0.2565
0.2559
0.2568
0.2562
0.2566
0.2568
0.2570
0.2565
0.2567
0.2565
0.2566
0.2565
0.2569
0.2567
0.2562
0.2561
0.2555
0.2561
0.2568
0.2567
0.2556
0.2564
0.2567
0.2564
0.2564
0.2572
0.2567
0.2556
0.2569
0.2566
0.2562
0.2555
0.2564
0.2565
0.2562
0.2569
0.2568
0.2568
0.2567
0.2560
0.2563
0.2563
0.2562
0.2566
0.2568
0.2559
0.2568
0.2568
0.2572
0.2562
0.2564
0.2569
0.2566
0.2561
0.2564
0.2566
0.2569
0.2566
0.2570
0.2559
0.2561
0.2562
0.2570
0.2567
0.2562
0.2563
0.2569
0.2564
0.2561
0.2564
0.2574
0.2565
0.2561
0.2569
0.2566
0.2567
0.2560
0.2559
0.2566
0.2560
0.2571
0.2564
0.2577
0.2556
0.2560
0.2561
0.2564
0.2573
0.2565
0.2560
0.2565
0.2567
0.2564
0.2570
0.2563
0.2563
0.2573
0.2566
0.2567
0.2560
0.2571
0.2567
0.2556
0.2565
0.2560
0.2573
0.2559
0.2566
0.2565
0.2568
0.2564
0.2566
0.2561
0.2572
0.2559
0.2559
0.2571
0.2553
0.2569
0.2563
0.2557
0.2564
0.2568
0.2567
0.2568
0.2557
0.2567
0.2559
0.2563
0.2567
0.2560
0.2564
0.2570
