0.2080 -0.145259
0.2402 -0.168052
0.2437 -0.170631
0.2310 -0.161818
0.2110 -0.147868
0.1887 -0.132261
0.1663 -0.116583
0.1446 -0.101356
0.1235 -0.086566
0.1025 -0.071926
0.0812 -0.056974
0.0584 -0.041046
0.0328 -0.023166
0.0023 -0.001769
-0.0363 0.021187
-0.0871 0.042265
-0.1494 0.060055
-0.2141 0.071249
-0.2720 0.074915
-0.3199 0.072902
-0.3584 0.067553
-0.3890 0.060640
-0.4133 0.053279
-0.4326 0.046113
-0.4479 0.039476
-0.4599 0.033517
-0.4692 0.028277
-0.4763 0.023734
-0.4815 0.019838
-0.4851 0.016524
-0.4872 0.013723
-0.4880 0.011366
-0.4877 0.009391
-0.4863 0.007743
-0.4839 0.006370
-0.4805 0.005231
-0.4763 0.004286
-0.4711 0.003506
-0.4651 0.002862
-0.4582 0.002331
-0.4505 0.001895
-0.4419 0.001537
-0.4324 0.001243
-0.4222 0.001004
-0.4111 0.000808
-0.3992 0.000649
-0.3866 0.000520
-0.3732 0.000415
-0.3592 0.000330
-0.3444 0.000262
-0.3290 0.000207
-0.3129 0.000163
-0.2961 0.000127
-0.2786 0.000099
-0.2602 0.000076
-0.2408 0.000058
-0.2200 0.000044
-0.1971 0.000033
-0.1713 0.000024
-0.1405 0.000016
-0.1008 0.000009
-0.0429 0.015285
0.0467 -0.015998
0.1458 -0.101443
0.2134 -0.149038
0.2423 -0.169554
0.2437 -0.170641
0.2298 -0.161007
0.2093 -0.146666
0.1868 -0.130903
0.1643 -0.115177
0.1426 -0.099940
0.1214 -0.085136
0.1004 -0.070457
0.0789 -0.055416
0.0559 -0.039322
0.0299 -0.021156
-0.0012 0.000566
-0.0410 0.023502
-0.0931 0.044392
-0.1561 0.061666
-0.2204 0.072069
-0.2773 0.075038
-0.3241 0.072571
-0.3617 0.066980
-0.3916 0.059967
-0.4153 0.052592
-0.4341 0.045458
-0.4489 0.038877
-0.4606 0.032983
-0.4697 0.027808
-0.4765 0.023329
-0.4815 0.019491
-0.4849 0.016228
-0.4868 0.013472
-0.4875 0.011154
-0.4870 0.009213
-0.4854 0.007593
-0.4829 0.006245
-0.4794 0.005126
-0.4749 0.004199
-0.4696 0.003433
-0.4634 0.002801
-0.4563 0.002281
-0.4484 0.001853
-0.4396 0.001502
-0.4300 0.001215
-0.4195 0.000980
-0.4083 0.000788
-0.3962 0.000633
-0.3834 0.000506
-0.3699 0.000404
-0.3556 0.000321
-0.3407 0.000254
-0.3251 0.000201
-0.3089 0.000158
-0.2919 0.000123
-0.2742 0.000096
-0.2557 0.000074
-0.2359 0.000056
-0.2147 0.000042
-0.1913 0.000031
-0.1645 0.000022
-0.1323 0.000015
-0.0899 0.000008
-0.0264 0.009523
0.0677 -0.035005
0.1614 -0.112412
0.2204 -0.154029
0.2430 -0.170049
0.2408 -0.168631
0.2254 -0.157906
0.2044 -0.143257
0.1820 -0.127536
0.1597 -0.111964
0.1382 -0.096874
0.1172 -0.082159
0.0962 -0.067477
0.0745 -0.052311
0.0511 -0.035923
0.0243 -0.017207
-0.0082 0.005056
-0.0501 0.027876
-0.1047 0.048363
-0.1687 0.064563
-0.2319 0.073476
-0.2868 0.075201
-0.3317 0.071948
-0.3676 0.065947
-0.3961 0.058770
-0.4188 0.051377
-0.4367 0.044305
-0.4509 0.037825
-0.4620 0.032047
-0.4706 0.026990
-0.4770 0.022622
-0.4816 0.018886
-0.4847 0.015714
-0.4863 0.013037
-0.4867 0.010788
-0.4859 0.008906
-0.4841 0.007336
-0.4813 0.006030
-0.4775 0.004947
-0.4729 0.004050
-0.4673 0.003309
-0.4608 0.002698
-0.4535 0.002196
-0.4453 0.001783
-0.4363 0.001444
-0.4264 0.001167
-0.4157 0.000941
-0.4042 0.000756
-0.3919 0.000606
-0.3789 0.000485
-0.3652 0.000386
-0.3507 0.000307
-0.3356 0.000243
-0.3199 0.000191
-0.3034 0.000150
-0.2863 0.000117
-0.2684 0.000091
-0.2495 0.000070
-0.2294 0.000053
-0.2076 0.000040
-0.1833 0.000029
-0.1551 0.000020
-0.1201 0.000013
-0.0723 0.012761
0.0031 -0.000777
0.1040 -0.072113
0.1868 -0.130336
0.2311 -0.161558
0.2428 -0.169947
0.2347 -0.164405
0.2170 -0.152013
0.1955 -0.137017
0.1734 -0.121507
0.1516 -0.106294
0.1305 -0.091520
0.1098 -0.076988
0.0888 -0.062307
0.0668 -0.046908
0.0425 -0.029957
0.0143 -0.009860
-0.0208 0.012619
-0.0666 0.034755
-0.1250 0.054137
-0.1899 0.068105
-0.2509 0.074471
-0.3025 0.074296
-0.3443 0.069945
-0.3776 0.063444
-0.4041 0.056142
-0.4251 0.048837
-0.4417 0.041963
-0.4548 0.035728
-0.4650 0.030207
-0.4729 0.025398
-0.4787 0.021259
-0.4828 0.017728
-0.4854 0.014736
-0.4866 0.012216
-0.4866 0.010101
-0.4856 0.008333
-0.4835 0.006860
-0.4804 0.005636
-0.4763 0.004621
-0.4714 0.003781
-0.4656 0.003088
-0.4590 0.002517
-0.4514 0.002047
-0.4430 0.001661
-0.4338 0.001345
-0.4238 0.001086
-0.4129 0.000875
-0.4013 0.000703
-0.3888 0.000563
-0.3757 0.000450
-0.3618 0.000358
-0.3472 0.000284
-0.3320 0.000225
-0.3161 0.000177
-0.2995 0.000139
-0.2822 0.000108
-0.2641 0.000084
-0.2449 0.000064
-0.2245 0.000049
-0.2022 0.000036
-0.1771 0.000026
-0.1476 0.000018
-0.1103 0.000011
-0.0571 0.010121
0.0262 -0.008816
0.1269 -0.088180
0.2002 -0.139789
0.2350 -0.164401
0.2408 -0.168607
0.2299 -0.161050
0.2112 -0.147979
0.1897 -0.132956
0.1679 -0.117663
0.1465 -0.102704
0.1257 -0.088127
0.1051 -0.073696
0.0841 -0.058991
0.0618 -0.043404
0.0369 -0.026036
0.0076 -0.005240
-0.0293 0.017397
-0.0777 0.038953
-0.1382 0.057458
-0.2030 0.069889
-0.2623 0.074727
-0.3118 0.073500
-0.3517 0.068575
-0.3835 0.061835
-0.4087 0.054498
-0.4287 0.047272
-0.4445 0.040533
-0.4570 0.034456
-0.4667 0.029096
-0.4741 0.024439
-0.4796 0.020440
-0.4833 0.017033
-0.4856 0.014151
-0.4866 0.011724
-0.4864 0.009690
-0.4852 0.007991
-0.4829 0.006576
-0.4796 0.005400
-0.4754 0.004426
-0.4703 0.003621
-0.4644 0.002956
-0.4576 0.002408
-0.4499 0.001958
-0.4414 0.001588
-0.4321 0.001285
-0.4219 0.001038
-0.4109 0.000836
-0.3991 0.000671
-0.3866 0.000537
-0.3733 0.000429
-0.3593 0.000342
-0.3447 0.000271
-0.3293 0.000214
-0.3133 0.000168
-0.2966 0.000132
-0.2792 0.000103
-0.2609 0.000079
-0.2416 0.000061
-0.2209 0.000046
-0.1982 0.000034
-0.1726 0.000025
-0.1421 0.000017
-0.1031 0.000010
-0.0460 0.016364
0.0423 -0.014461
0.1421 -0.098867
0.2103 -0.146887
0.2400 -0.167925
0.2422 -0.169580
0.2291 -0.160467
0.2091 -0.146546
0.1871 -0.131096
0.1649 -0.115597
0.1434 -0.100531
0.1225 -0.085870
0.1017 -0.071328
0.0804 -0.056446
0.0577 -0.040564
0.0322 -0.022708
0.0017 -0.001333
-0.0370 0.021542
-0.0878 0.042628
-0.1499 0.060326
-0.2143 0.071409
-0.2720 0.074988
-0.3197 0.072918
-0.3580 0.067537
-0.3884 0.060606
-0.4126 0.053238
-0.4318 0.046069
-0.4469 0.039433
-0.4589 0.033476
-0.4681 0.028238
-0.4751 0.023698
-0.4803 0.019806
-0.4837 0.016495
-0.4858 0.013696
-0.4865 0.011342
-0.4861 0.009370
-0.4847 0.007724
-0.4822 0.006354
-0.4787 0.005216
-0.4744 0.004274
-0.4692 0.003494
-0.4630 0.002852
-0.4561 0.002322
-0.4482 0.001887
-0.4395 0.001530
-0.4300 0.001238
-0.4197 0.000999
-0.4085 0.000804
-0.3966 0.000645
-0.3839 0.000516
-0.3705 0.000412
-0.3563 0.000328
-0.3415 0.000260
-0.3260 0.000205
-0.3098 0.000161
-0.2930 0.000126
-0.2754 0.000098
-0.2569 0.000075
-0.2373 0.000058
-0.2162 0.000043
-0.1932 0.000032
-0.1673 0.000023
-0.1366 0.000016
-0.0975 0.000009
-0.0421 0.000003
0.0426 -0.014570
0.1373 -0.095518
0.2054 -0.143465
0.2377 -0.166261
0.2420 -0.169465
0.2300 -0.161138
0.2104 -0.147423
0.1882 -0.131886
0.1658 -0.116200
0.1440 -0.100938
0.1228 -0.086107
0.1018 -0.071426
0.0804 -0.056427
0.0575 -0.040439
0.0318 -0.022473
0.0011 -0.001002
-0.0377 0.022491
-0.0887 0.043921
-0.1507 0.061859
-0.2148 0.073000
-0.2721 0.076515
-0.3194 0.074321
-0.3574 0.068790
-0.3877 0.061706
-0.4117 0.054190
-0.4308 0.046885
-0.4459 0.040126
-0.4577 0.034061
-0.4669 0.028728
-0.4738 0.024108
-0.4789 0.020146
-0.4823 0.016775
-0.4842 0.013926
-0.4849 0.011530
-0.4844 0.009523
-0.4827 0.007847
-0.4801 0.006453
-0.4765 0.005295
-0.4719 0.004336
-0.4664 0.003544
-0.4600 0.002890
-0.4528 0.002352
-0.4447 0.001910
-0.4357 0.001547
-0.4259 0.001250
-0.4152 0.001008
-0.4037 0.000810
-0.3915 0.000650
-0.3785 0.000519
-0.3648 0.000414
-0.3504 0.000329
-0.3353 0.000260
-0.3196 0.000205
-0.3032 0.000161
-0.2860 0.000125
-0.2681 0.000097
-0.2493 0.000075
-0.2292 0.000057
-0.2079 0.000043
-0.1851 0.000031
-0.1612 0.000023
-0.1360 0.000016
-0.1086 0.000010
-0.0766 0.000006
-0.0349 0.000002
0.0235 -0.007989
0.0929 -0.048393
0.1525 -0.079828
0.1904 -0.099810
0.2071 -0.108697
0.2087 -0.109564
0.2007 -0.105410
0.1873 -0.098414
0.1711 -0.089939
0.1536 -0.080745
0.1354 -0.071187
0.1167 -0.061350
0.0972 -0.051133
0.0765 -0.040260
0.0535 -0.028236
0.0268 -0.014226
-0.0063 0.002806
-0.0501 0.020331
-0.1081 0.036456
-0.1763 0.049246
-0.2427 0.056141
-0.2995 0.057334
-0.3453 0.054672
-0.3813 0.049932
-0.4093 0.044335
-0.4311 0.038615
-0.4480 0.033177
-0.4608 0.028221
-0.4705 0.023823
-0.4775 0.019991
-0.4822 0.016695
-0.4851 0.013887
-0.4864 0.011512
-0.4862 0.009514
-0.4847 0.007843
-0.4820 0.006448
-0.4782 0.005290
-0.4733 0.004329
-0.4675 0.003535
-0.4607 0.002880
-0.4529 0.002342
-0.4443 0.001899
-0.4347 0.001537
-0.4244 0.001240
-0.4132 0.000998
-0.4012 0.000802
-0.3884 0.000642
-0.3750 0.000512
-0.3609 0.000408
-0.3461 0.000323
-0.3308 0.000255
-0.3148 0.000201
-0.2981 0.000157
-0.2809 0.000123
-0.2628 0.000095
-0.2438 0.000073
-0.2236 0.000055
-0.1966 0.034497
-0.1670 0.029300
-0.1373 0.024092
-0.1078 0.018928
-0.0775 0.013634
-0.0434 0.007666
-0.0004 0.000154
0.0543 -0.018820
0.1115 -0.038843
0.1578 -0.055097
0.1869 -0.065342
0.2003 -0.070080
0.2020 -0.070696
0.1954 -0.102673
0.1765 -0.123692
0.1545 -0.107513
0.1343 -0.089474
0.1150 -0.073849
0.0958 -0.059629
0.0759 -0.045991
0.0541 -0.032110
0.0290 -0.016984
-0.0017 0.000790
-0.0415 0.022699
-0.0933 0.047978
-0.1541 0.074965
-0.2139 0.099053
-0.2643 0.117302
-0.3033 0.129746
-0.3322 0.137636
-0.3537 0.132681
-0.3707 0.120238
-0.3857 0.103433
-0.3989 0.088457
-0.4104 0.075258
-0.4204 0.063731
-0.4287 0.053742
-0.4355 0.045143
-0.4409 0.037784
-0.4448 0.031519
-0.4473 0.026210
-0.4485 0.021730
-0.4485 0.017963
-0.4471 0.014808
-0.4445 0.012174
-0.4408 0.009980
-0.4359 0.008160
-0.4299 0.006654
-0.4228 0.005411
-0.4146 0.004388
-0.4055 0.003548
-0.3954 0.002861
-0.3844 0.002300
-0.3726 0.001843
-0.3599 0.001472
-0.3466 0.001172
-0.3325 0.000930
-0.3177 0.000734
-0.3023 0.000578
-0.2861 0.000452
-0.2693 0.000352
-0.2515 0.000272
-0.2327 0.000208
-0.2124 0.000157
-0.1900 0.000116
-0.1650 0.000083
-0.1312 0.023075
-0.0928 0.016339
-0.0470 0.008332
0.0116 -0.001917
0.0826 -0.028665
0.1462 -0.051004
0.1889 -0.066017
0.2102 -0.073551
0.2106 -0.110583
0.2012 -0.105690
0.1873 -0.098402
0.1710 -0.089863
0.1535 -0.080706
0.1355 -0.071219
0.1169 -0.061464
0.0976 -0.050276
0.0768 -0.050892
0.0524 -0.033562
0.0249 -0.015555
-0.0087 0.005001
-0.0520 0.029423
-0.1072 0.056826
-0.1692 0.084549
-0.2274 0.107822
-0.2756 0.118548
-0.3138 0.121166
-0.3434 0.120071
-0.3661 0.116944
-0.3833 0.112863
-0.3962 0.108474
-0.4057 0.104134
-0.4124 0.100028
-0.4169 0.096235
-0.4196 0.087695
-0.4226 0.073025
-0.4258 0.060833
-0.4287 0.050645
-0.4311 0.042109
-0.4328 0.034951
-0.4336 0.028951
-0.4334 0.023927
-0.4322 0.019727
-0.4299 0.016224
-0.4264 0.013308
-0.4219 0.010887
-0.4163 0.008882
-0.4096 0.007226
-0.4019 0.005861
-0.3931 0.004741
-0.3834 0.003823
-0.3727 0.003073
-0.3611 0.002462
-0.3488 0.001966
-0.3356 0.001564
-0.3217 0.001240
-0.3071 0.000978
-0.2917 0.000769
-0.2756 0.000600
-0.2586 0.000466
-0.2407 0.000358
-0.2214 0.000273
-0.2004 0.000204
-0.1768 0.000149
-0.1495 0.000104
-0.1114 0.019624
-0.0629 0.011141
0.0027 -0.000341
0.0858 -0.029776
0.1581 -0.082760
0.2003 -0.105019
0.2172 -0.114038
0.2173 -0.114164
0.2076 -0.109080
0.1927 -0.101244
0.1752 -0.092102
0.1568 -0.082407
0.1379 -0.072483
0.1186 -0.062384
0.0988 -0.051978
0.0778 -0.040227
0.0551 -0.026918
0.0287 -0.013430
-0.0041 0.001655
-0.0476 0.018924
-0.1055 0.035638
-0.1739 0.048686
-0.2410 0.055873
-0.2986 0.057283
-0.3450 0.054753
-0.3815 0.050083
-0.4100 0.044518
-0.4323 0.038808
-0.4495 0.033368
-0.4627 0.028402
-0.4727 0.023993
-0.4800 0.020148
-0.4852 0.016838
-0.4885 0.014018
-0.4903 0.011631
-0.4906 0.009623
-0.4896 0.007942
-0.4875 0.006538
-0.4844 0.005371
-0.4803 0.004403
-0.4752 0.003602
-0.4692 0.002941
-0.4623 0.002396
-0.4546 0.001948
-0.4460 0.001580
-0.4366 0.001279
-0.4264 0.001033
-0.4153 0.000832
-0.4036 0.000668
-0.3910 0.000535
-0.3778 0.000428
-0.3639 0.000341
-0.3494 0.000270
-0.3342 0.000214
-0.3184 0.000168
-0.3019 0.000132
-0.2848 0.000103
-0.2670 0.000080
-0.2482 0.000061
-0.2281 0.000047
-0.2065 0.000035
-0.1823 0.000026
-0.1532 0.026891
-0.1127 0.039627
-0.0558 0.019761
0.0218 -0.007327
0.1133 -0.039363
0.1779 -0.124228
0.2097 -0.146680
0.2179 -0.152529
0.2120 -0.148443
0.1986 -0.139113
0.1817 -0.127330
0.1635 -0.114573
0.1448 -0.101514
0.1260 -0.088362
0.1070 -0.075049
0.0874 -0.061312
0.0666 -0.045180
0.0439 -0.028167
0.0174 -0.010391
-0.0159 0.008491
-0.0598 0.029842
-0.1166 0.048290
-0.1815 0.062242
-0.2438 0.069215
-0.2971 0.069798
-0.3404 0.066151
-0.3748 0.060254
-0.4021 0.053460
-0.4237 0.046580
-0.4407 0.040064
-0.4541 0.034131
-0.4644 0.028864
-0.4723 0.024270
-0.4780 0.020312
-0.4820 0.016934
-0.4844 0.014072
-0.4854 0.011660
-0.4852 0.009636
-0.4839 0.007945
-0.4815 0.006537
-0.4781 0.005367
-0.4737 0.004397
-0.4685 0.003595
-0.4623 0.002934
-0.4553 0.002389
-0.4474 0.001941
-0.4387 0.001574
-0.4292 0.001273
-0.4188 0.001027
-0.4077 0.000827
-0.3958 0.000663
-0.3831 0.000531
-0.3698 0.000424
-0.3557 0.000337
-0.3410 0.000267
-0.3257 0.000211
-0.3097 0.000166
-0.2930 0.000130
-0.2756 0.000101
-0.2574 0.000078
-0.2380 0.000060
-0.2172 0.000045
-0.1944 0.000033
-0.1684 0.000024
-0.1373 0.000016
-0.0961 0.016911
-0.0327 0.011725
0.0563 -0.019355
0.1478 -0.102916
0.2040 -0.142539
0.2270 -0.158841
0.2277 -0.159431
0.2160 -0.151327
0.1986 -0.139139
0.1790 -0.125413
0.1589 -0.111352
0.1389 -0.097391
0.1192 -0.083549
0.0992 -0.069604
0.0786 -0.055158
0.0563 -0.039600
0.0312 -0.021194
0.0012 -0.000928
-0.0373 0.021052
-0.0878 0.042057
-0.1498 0.059411
-0.2141 0.070309
-0.2717 0.073846
-0.3194 0.071824
-0.3577 0.066535
-0.3882 0.059713
-0.4123 0.052455
-0.4315 0.045391
-0.4466 0.038850
-0.4585 0.032977
-0.4677 0.027814
-0.4746 0.023339
-0.4796 0.019502
-0.4830 0.016238
-0.4849 0.013480
-0.4856 0.011160
-0.4850 0.009217
-0.4834 0.007596
-0.4808 0.006246
-0.4772 0.005126
-0.4727 0.004198
-0.4673 0.003432
-0.4610 0.002799
-0.4539 0.002279
-0.4459 0.001851
-0.4371 0.001500
-0.4275 0.001213
-0.4170 0.000979
-0.4058 0.000787
-0.3938 0.000632
-0.3811 0.000505
-0.3676 0.000403
-0.3535 0.000321
-0.3387 0.000254
-0.3232 0.000200
-0.3071 0.000157
-0.2903 0.000123
-0.2728 0.000096
-0.2543 0.000074
-0.2347 0.000056
-0.2136 0.000042
-0.1902 0.000031
-0.1634 0.000022
-0.1309 0.000015
-0.0869 0.015316
-0.0197 0.007175
0.0741 -0.025569
0.1614 -0.112515
0.2125 -0.148492
0.2311 -0.161748
0.2288 -0.160257
0.2154 -0.150862
0.1968 -0.137925
0.1766 -0.123781
0.1562 -0.109485
0.1361 -0.095376
0.1161 -0.081408
0.0960 -0.067315
0.0750 -0.052655
0.0523 -0.036762
0.0264 -0.018052
-0.0050 0.002871
-0.0454 0.025445
-0.0983 0.045758
-0.1614 0.062262
-0.2250 0.071845
-0.2808 0.074218
-0.3267 0.071434
-0.3635 0.065731
-0.3927 0.058729
-0.4159 0.051433
-0.4343 0.044408
-0.4488 0.037947
-0.4601 0.032172
-0.4689 0.027108
-0.4755 0.022729
-0.4802 0.018981
-0.4834 0.015796
-0.4851 0.013107
-0.4855 0.010847
-0.4848 0.008956
-0.4830 0.007378
-0.4803 0.006065
-0.4766 0.004976
-0.4719 0.004074
-0.4664 0.003329
-0.4600 0.002715
-0.4528 0.002210
-0.4447 0.001794
-0.4358 0.001454
-0.4260 0.001175
-0.4155 0.000948
-0.4041 0.000762
-0.3920 0.000611
-0.3792 0.000489
-0.3656 0.000390
-0.3514 0.000310
-0.3365 0.000245
-0.3209 0.000193
-0.3047 0.000152
-0.2878 0.000119
-0.2701 0.000092
-0.2514 0.000071
-0.2316 0.000054
-0.2101 0.000040
-0.1863 0.000030
-0.1588 0.000021
-0.1250 0.000014
-0.0783 0.013804
-0.0065 0.002589
0.0906 -0.047033
0.1729 -0.120600
0.2186 -0.152829
0.2332 -0.163224
0.2284 -0.159948
0.2135 -0.149573
0.1943 -0.136151
0.1738 -0.121792
0.1532 -0.107408
0.1330 -0.093253
0.1130 -0.079230
0.0927 -0.065039
0.0715 -0.050199
0.0483 -0.033994
0.0217 -0.014752
-0.0109 0.006507
-0.0532 0.028951
-0.1083 0.048860
-0.1722 0.064394
-0.2349 0.072708
-0.2891 0.074057
-0.3334 0.070645
-0.3688 0.064631
-0.3969 0.057523
-0.4192 0.050241
-0.4369 0.043294
-0.4508 0.036941
-0.4617 0.031283
-0.4701 0.026336
-0.4763 0.022066
-0.4808 0.018415
-0.4837 0.015318
-0.4852 0.012704
-0.4854 0.010510
-0.4845 0.008674
-0.4826 0.007143
-0.4797 0.005870
-0.4758 0.004815
-0.4710 0.003941
-0.4654 0.003219
-0.4589 0.002625
-0.4515 0.002135
-0.4433 0.001733
-0.4342 0.001404
-0.4243 0.001134
-0.4137 0.000914
-0.4022 0.000735
-0.3900 0.000589
-0.3770 0.000471
-0.3633 0.000375
-0.3490 0.000298
-0.3339 0.000236
-0.3183 0.000186
-0.3019 0.000146
-0.2848 0.000114
-0.2670 0.000088
-0.2481 0.000068
-0.2280 0.000051
-0.2062 0.000038
-0.1819 0.000028
-0.1535 0.000020
-0.1181 0.000012
-0.0679 0.012000
0.0091 -0.002880
0.1080 -0.074954
0.1845 -0.128711
0.2241 -0.156674
0.2343 -0.164037
0.2270 -0.158988
0.2108 -0.147713
0.1911 -0.133900
0.1704 -0.119406
0.1498 -0.104992
0.1296 -0.090827
0.1095 -0.076768
0.0890 -0.062478
0.0675 -0.047438
0.0439 -0.030873
0.0163 -0.011029
-0.0177 0.010547
-0.0622 0.032693
-0.1194 0.052062
-0.1839 0.066426
-0.2454 0.073369
-0.2978 0.073679
-0.3404 0.069656
-0.3744 0.063356
-0.4013 0.056166
-0.4227 0.048919
-0.4396 0.042071
-0.4529 0.035842
-0.4633 0.030317
-0.4713 0.025499
-0.4772 0.021348
-0.4814 0.017804
-0.4840 0.014801
-0.4852 0.012270
-0.4853 0.010146
-0.4842 0.008370
-0.4821 0.006890
-0.4790 0.005661
-0.4749 0.004641
-0.4700 0.003797
-0.4642 0.003101
-0.4575 0.002527
-0.4500 0.002055
-0.4416 0.001668
-0.4324 0.001350
-0.4224 0.001090
-0.4116 0.000878
-0.3999 0.000706
