0.3541 0.2112
0.3606 0.2861
0.5032 2.5450
0.7248 15.3660
0.8615 35.5277
0.9204 53.3717
0.9387 64.7748
0.9411 67.4637
0.9389 63.3085
0.9362 56.4682
0.9340 49.4200
0.9323 42.9679
0.9308 37.2722
0.9292 32.3060
0.9274 27.9952
0.9253 24.2597
0.9229 21.0246
0.9202 18.2234
0.9171 15.7979
0.9135 13.6980
0.9094 11.8799
0.9047 10.3059
0.8994 8.9432
0.8933 7.7634
0.8864 6.7421
0.8787 5.8579
0.8699 5.0925
0.8601 4.4299
0.8491 3.8562
0.8369 3.3597
0.8233 2.9298
0.8084 2.5577
0.7921 2.2355
0.7744 1.9567
0.7554 1.7153
0.7350 1.5063
0.7135 1.3255
0.6910 1.1689
0.6677 1.0333
0.6439 0.9160
0.6199 0.8144
0.5959 0.7265
0.5722 0.6504
0.5493 0.5845
0.5272 0.5275
0.5062 0.4781
0.4865 0.4354
0.4682 0.3984
0.4514 0.3663
0.4360 0.3386
0.4221 0.3146
0.4095 0.2939
0.3984 0.2759
0.3884 0.2603
0.3796 0.2468
0.3719 0.2352
0.3651 0.2251
0.3591 0.2165
0.3543 0.2114
0.3608 0.2876
0.5048 2.5937
0.7261 15.4682
0.8621 35.6198
0.9207 53.4504
0.9388 64.8534
0.9410 67.5560
0.9389 63.4172
0.9362 56.5860
0.9341 49.5404
0.9323 43.0867
0.9308 37.3870
0.9292 32.4153
0.9274 28.0981
0.9254 24.3557
0.9230 21.1135
0.9203 18.3053
0.9172 15.8730
0.9136 13.7665
0.9095 11.9422
0.9049 10.3623
0.8996 8.9942
0.8936 7.8094
0.8867 6.7834
0.8790 5.8950
0.8703 5.1257
0.8606 4.4595
0.8497 3.8827
0.8375 3.3833
0.8241 2.9508
0.8093 2.5764
0.7930 2.2521
0.7754 1.9714
0.7565 1.7283
0.7362 1.5179
0.7148 1.3357
0.6924 1.1779
0.6692 1.0413
0.6454 0.9230
0.6214 0.8206
0.5974 0.7320
0.5738 0.6552
0.5508 0.5887
0.5287 0.5312
0.5076 0.4814
0.4879 0.4382
0.4695 0.4009
0.4525 0.3686
0.4371 0.3406
0.4231 0.3163
0.4104 0.2953
0.3992 0.2772
0.3891 0.2615
0.3803 0.2478
0.3724 0.2360
0.3656 0.2259
0.3596 0.2171
0.3546 0.2115
0.3596 0.2768
0.4976 2.4292
0.7207 15.0206
0.8595 35.1778
0.9198 53.1755
0.9386 64.8592
0.9411 67.8490
0.9390 63.8530
0.9363 57.0390
0.9341 49.9623
0.9324 43.4661
0.9309 37.7239
0.9293 32.7129
0.9275 28.3604
0.9255 24.5866
0.9232 21.3166
0.9205 18.4838
0.9174 16.0298
0.9139 13.9042
0.9098 12.0630
0.9052 10.4683
0.9000 9.0871
0.8940 7.8908
0.8873 6.8548
0.8796 5.9575
0.8710 5.1804
0.8614 4.5074
0.8506 3.9246
0.8385 3.4199
0.8252 2.9829
0.8105 2.6044
0.7944 2.2766
0.7769 1.9928
0.7581 1.7470
0.7379 1.5342
0.7166 1.3499
0.6943 1.1903
0.6711 1.0522
0.6474 0.9325
0.6235 0.8289
0.5995 0.7392
0.5758 0.6615
0.5528 0.5942
0.5306 0.5360
0.5094 0.4855
0.4896 0.4419
0.4711 0.4041
0.4540 0.3713
0.4384 0.3430
0.4243 0.3184
0.4116 0.2972
0.4002 0.2788
0.3900 0.2628
0.3811 0.2490
0.3731 0.2371
0.3662 0.2268
0.3601 0.2179
0.3550 0.2116
0.3577 0.2608
0.4843 2.1342
0.7104 14.1817
0.8546 34.3305
0.9181 52.6061
0.9383 64.7537
0.9412 68.2267
0.9391 64.4767
0.9365 57.6962
0.9343 50.5710
0.9326 44.0079
0.9310 38.1996
0.9294 33.1286
0.9277 28.7229
0.9257 24.9024
0.9234 21.5916
0.9207 18.7232
0.9177 16.2383
0.9142 14.0857
0.9102 12.2210
0.9057 10.6057
0.9005 9.2067
0.8946 7.9949
0.8879 6.9453
0.8804 6.0362
0.8719 5.2489
0.8623 4.5670
0.8516 3.9764
0.8397 3.4650
0.8265 3.0220
0.8119 2.6384
0.7960 2.3062
0.7787 2.0185
0.7600 1.7694
0.7400 1.5537
0.7188 1.3668
0.6965 1.2050
0.6735 1.0649
0.6498 0.9436
0.6258 0.8385
0.6019 0.7476
0.5782 0.6688
0.5550 0.6006
0.5328 0.5415
0.5115 0.4903
0.4915 0.4460
0.4729 0.4077
0.4557 0.3745
0.4400 0.3457
0.4257 0.3208
0.4128 0.2992
0.4013 0.2806
0.3910 0.2644
0.3819 0.2504
0.3739 0.2383
0.3669 0.2278
0.3607 0.2187
0.3554 0.2118
0.3559 0.2449
0.4673 1.7865
0.6965 13.1028
0.8477 33.2104
0.9156 51.8274
0.9377 64.5526
0.9413 68.6483
0.9394 65.2291
0.9367 58.4999
0.9345 51.3162
0.9327 44.6694
0.9312 38.7784
0.9296 33.6323
0.9279 29.1604
0.9259 25.2822
0.9236 21.9212
0.9210 19.0091
0.9180 16.4863
0.9146 14.3008
0.9107 12.4076
0.9062 10.7677
0.9011 9.3471
0.8953 8.1167
0.8887 7.0509
0.8812 6.1279
0.8728 5.3284
0.8634 4.6359
0.8528 4.0362
0.8411 3.5168
0.8280 3.0670
0.8136 2.6774
0.7978 2.3401
0.7806 2.0479
0.7621 1.7949
0.7422 1.5757
0.7211 1.3860
0.6990 1.2216
0.6760 1.0793
0.6524 0.9561
0.6285 0.8494
0.6045 0.7569
0.5807 0.6769
0.5576 0.6076
0.5352 0.5476
0.5138 0.4956
0.4937 0.4506
0.4749 0.4117
0.4575 0.3779
0.4416 0.3487
0.4272 0.3234
0.4142 0.3015
0.4025 0.2825
0.3921 0.2661
0.3829 0.2519
0.3748 0.2395
0.3676 0.2289
0.3613 0.2197
0.3559 0.2122
0.3545 0.2314
0.4475 1.4278
0.6791 11.8577
0.8389 31.8773
0.9124 50.8779
0.9370 64.2668
0.9415 69.1086
0.9397 66.1045
0.9369 59.4472
0.9347 52.1963
0.9329 45.4499
0.9313 39.4601
0.9298 34.2245
0.9281 29.6738
0.9262 25.7269
0.9239 22.3063
0.9214 19.3426
0.9184 16.7751
0.9150 14.5508
0.9112 12.6241
0.9068 10.9551
0.9017 9.5094
0.8960 8.2572
0.8895 7.1726
0.8822 6.2332
0.8739 5.4196
0.8646 4.7149
0.8542 4.1046
0.8426 3.5760
0.8296 3.1182
0.8154 2.7218
0.7998 2.3785
0.7828 2.0811
0.7644 1.8236
0.7447 1.6006
0.7237 1.4075
0.7017 1.2403
0.6788 1.0955
0.6553 0.9701
0.6314 0.8615
0.6074 0.7674
0.5836 0.6860
0.5603 0.6155
0.5378 0.5544
0.5163 0.5015
0.4960 0.4557
0.4771 0.4161
0.4595 0.3817
0.4435 0.3520
0.4289 0.3263
0.4157 0.3040
0.4038 0.2847
0.3933 0.2679
0.3840 0.2535
0.3757 0.2409
0.3684 0.2301
0.3621 0.2207
0.3565 0.2128
0.3535 0.2210
0.4257 1.0840
0.6577 10.4597
0.8278 30.3176
0.9083 49.7366
0.9361 63.8694
0.9416 69.5919
0.9400 67.1077
0.9373 60.5523
0.9349 53.2270
0.9331 46.3640
0.9316 40.2577
0.9300 34.9164
0.9284 30.2727
0.9265 26.2448
0.9243 22.7541
0.9217 19.7298
0.9189 17.1098
0.9155 14.8403
0.9117 12.8743
0.9074 11.1714
0.9025 9.6964
0.8969 8.4189
0.8905 7.3124
0.8833 6.3541
0.8751 5.5241
0.8659 4.8052
0.8557 4.1827
0.8442 3.6435
0.8315 3.1766
0.8174 2.7723
0.8020 2.4221
0.7852 2.1189
0.7669 1.8563
0.7474 1.6288
0.7266 1.4319
0.7047 1.2614
0.6819 1.1137
0.6585 0.9858
0.6346 0.8751
0.6106 0.7792
0.5867 0.6962
0.5634 0.6243
0.5408 0.5620
0.5191 0.5081
0.4987 0.4614
0.4795 0.4210
0.4618 0.3860
0.4455 0.3557
0.4307 0.3294
0.4173 0.3067
0.4053 0.2870
0.3946 0.2700
0.3851 0.2552
0.3767 0.2425
0.3693 0.2314
0.3628 0.2218
0.3572 0.2137
0.3531 0.2143
0.4032 0.7785
0.6316 8.9038
0.8137 28.4786
0.9029 48.3428
0.9347 63.2948
0.9417 70.0499
0.9404 68.2235
0.9376 61.8179
0.9352 54.4156
0.9333 47.4193
0.9318 41.1779
0.9303 35.7136
0.9286 30.9619
0.9268 26.8401
0.9246 23.2681
0.9222 20.1736
0.9193 17.4930
0.9161 15.1711
0.9124 13.1599
0.9081 11.4180
0.9033 9.9094
0.8978 8.6027
0.8915 7.4711
0.8844 6.4911
0.8764 5.6424
0.8674 4.9074
0.8573 4.2709
0.8460 3.7197
0.8335 3.2424
0.8196 2.8291
0.8044 2.4712
0.7878 2.1612
0.7697 1.8928
0.7504 1.6604
0.7298 1.4592
0.7080 1.2849
0.6853 1.1340
0.6620 1.0034
0.6381 0.8903
0.6141 0.7923
0.5902 0.7075
0.5667 0.6340
0.5440 0.5704
0.5222 0.5154
0.5015 0.4677
0.4822 0.4264
0.4642 0.3907
0.4477 0.3597
0.4327 0.3329
0.4191 0.3097
0.4069 0.2896
0.3960 0.2722
0.3864 0.2572
0.3778 0.2441
0.3703 0.2329
0.3637 0.2231
0.3579 0.2147
0.3533 0.2108
0.3829 0.5399
0.6007 7.2533
0.7963 26.3593
0.8959 46.6713
0.9329 62.4859
0.9416 70.4097
0.9408 69.4015
0.9380 63.2146
0.9355 55.7421
0.9336 48.6002
0.9320 42.2076
0.9305 36.6053
0.9289 31.7319
0.9271 27.5044
0.9250 23.8411
0.9226 20.6677
0.9198 17.9191
0.9167 15.5386
0.9130 13.4769
0.9089 11.6914
0.9041 10.1451
0.8987 8.8061
0.8926 7.6465
0.8856 6.6424
0.8778 5.7728
0.8690 5.0199
0.8590 4.3680
0.8479 3.8034
0.8356 3.3146
0.8219 2.8914
0.8069 2.5249
0.7905 2.2076
0.7727 1.9328
0.7535 1.6949
0.7331 1.4889
0.7115 1.3106
0.6890 1.1562
0.6656 1.0225
0.6418 0.9067
0.6178 0.8065
0.5939 0.7197
0.5703 0.6446
0.5474 0.5796
0.5254 0.5233
0.5046 0.4745
0.4850 0.4323
0.4668 0.3957
0.4501 0.3641
0.4349 0.3367
0.4211 0.3130
0.4087 0.2924
0.3976 0.2747
0.3877 0.2593
0.3790 0.2459
0.3713 0.2344
0.3646 0.2244
0.3587 0.2158
0.3537 0.2097
0.3676 0.3796
0.5658 5.6164
0.7755 24.0112
0.8873 44.7442
0.9304 61.4209
0.9415 70.6017
0.9413 70.5720
0.9385 64.6896
0.9359 57.1647
0.9339 49.8714
0.9323 43.3168
0.9308 37.5652
0.9292 32.5602
0.9275 28.2184
0.9254 24.4562
0.9231 21.1976
0.9204 18.3757
0.9173 15.9319
0.9137 13.8157
0.9096 11.9833
0.9050 10.3966
0.8997 9.0228
0.8937 7.8332
0.8869 6.8032
0.8792 5.9115
0.8705 5.1394
0.8608 4.4709
0.8499 3.8921
0.8377 3.3910
0.8243 2.9572
0.8095 2.5816
0.7933 2.2565
0.7757 1.9750
0.7567 1.7312
0.7365 1.5202
0.7151 1.3376
0.6926 1.1794
0.6694 1.0425
0.6456 0.9240
0.6216 0.8214
0.5976 0.7326
0.5740 0.6557
0.5509 0.5891
0.5288 0.5315
0.5077 0.4816
0.4879 0.4384
0.4695 0.4010
0.4526 0.3686
0.4371 0.3406
0.4231 0.3163
0.4105 0.2953
0.3992 0.2772
0.3891 0.2614
0.3803 0.2478
0.3724 0.2360
0.3655 0.2258
0.3595 0.2170
0.3543 0.2098
0.3585 0.2878
0.5286 4.1279
0.7518 21.5382
0.8770 42.6359
0.9272 60.1284
0.9411 70.5800
0.9417 71.6575
0.9390 66.1725
0.9363 58.6229
0.9342 51.1810
0.9326 44.4605
0.9311 38.5547
0.9295 33.4133
0.9278 28.9529
0.9258 25.0884
0.9235 21.7417
0.9209 18.8438
0.9178 16.3348
0.9144 14.1625
0.9104 12.2817
0.9058 10.6534
0.9007 9.2438
0.8948 8.0234
0.8881 6.9670
0.8806 6.0524
0.8721 5.2606
0.8625 4.5753
0.8518 3.9820
0.8398 3.4684
0.8266 3.0238
0.8120 2.6389
0.7960 2.3058
0.7786 2.0174
0.7599 1.7678
0.7398 1.5517
0.7185 1.3646
0.6962 1.2027
0.6731 1.0626
0.6494 0.9413
0.6253 0.8363
0.6013 0.7454
0.5776 0.6667
0.5544 0.5986
0.5321 0.5396
0.5108 0.4886
0.4908 0.4444
0.4722 0.4062
0.4550 0.3731
0.4393 0.3445
0.4250 0.3197
0.4122 0.2982
0.4007 0.2796
0.3905 0.2635
0.3815 0.2496
0.3735 0.2376
0.3665 0.2272
0.3603 0.2181
0.3550 0.2105
0.3542 0.2425
0.4920 2.9112
0.7265 19.1106
0.8656 40.4933
0.9235 58.7136
0.9405 70.3612
0.9421 72.6010
0.9395 67.5888
0.9367 60.0458
0.9345 52.4656
0.9328 45.5833
0.9313 39.5254
0.9298 34.2492
0.9281 29.6718
0.9262 25.7063
0.9239 22.2727
0.9213 19.3002
0.9184 16.7269
0.9150 14.4995
0.9111 12.5713
0.9066 10.9023
0.9016 9.4577
0.8958 8.2073
0.8892 7.1250
0.8818 6.1882
0.8735 5.3774
0.8641 4.6756
0.8535 4.0682
0.8418 3.5425
0.8287 3.0875
0.8143 2.6937
0.7985 2.3528
0.7813 2.0579
0.7628 1.8026
0.7429 1.5816
0.7217 1.3903
0.6996 1.2248
0.6765 1.0816
0.6528 0.9576
0.6288 0.8503
0.6047 0.7574
0.5809 0.6771
0.5576 0.6075
0.5351 0.5473
0.5137 0.4952
0.4935 0.4501
0.4746 0.4111
0.4572 0.3773
0.4413 0.3481
0.4269 0.3228
0.4138 0.3009
0.4022 0.2819
0.3918 0.2655
0.3826 0.2513
0.3745 0.2390
0.3673 0.2284
0.3611 0.2192
0.3556 0.2113
0.3527 0.2225
0.4593 2.0229
0.7015 16.9110
0.8538 38.4903
0.9195 57.3223
0.9398 70.0127
0.9424 73.3710
0.9399 68.8662
0.9370 61.3569
0.9348 53.6550
0.9331 46.6232
0.9316 40.4236
0.9301 35.0216
0.9284 30.3349
0.9265 26.2753
0.9243 22.7608
0.9218 19.7189
0.9188 17.0861
0.9155 14.8076
0.9117 12.8357
0.9073 11.1291
0.9023 9.6523
0.8967 8.3742
0.8902 7.2682
0.8829 6.3110
0.8747 5.4828
0.8654 4.7660
0.8550 4.1458
0.8434 3.6091
0.8306 3.1446
0.8163 2.7427
0.8007 2.3949
0.7837 2.0939
0.7653 1.8335
0.7455 1.6082
0.7245 1.4131
0.7024 1.2444
0.6795 1.0984
0.6558 0.9720
0.6318 0.8627
0.6077 0.7680
0.5838 0.6862
0.5604 0.6153
0.5378 0.5540
0.5162 0.5009
0.4958 0.4550
0.4768 0.4153
0.4592 0.3809
0.4431 0.3512
0.4284 0.3254
0.4152 0.3032
0.4034 0.2839
0.3929 0.2672
0.3835 0.2528
0.3753 0.2403
0.3680 0.2295
0.3617 0.2201
0.3561 0.2121
0.3522 0.2144
0.4330 1.4405
0.6789 15.1016
0.8428 36.8025
0.9157 56.1158
0.9390 69.6431
0.9426 73.9737
0.9403 69.9489
0.9374 62.4858
0.9350 54.6818
0.9333 47.5202
0.9318 41.1969
0.9303 35.6851
0.9286 30.9031
0.9268 26.7616
0.9246 23.1770
0.9221 20.0750
0.9192 17.3909
0.9159 15.0684
0.9122 13.0588
0.9079 11.3201
0.9030 9.8157
0.8974 8.5140
0.8910 7.3878
0.8838 6.4134
0.8757 5.5704
0.8665 4.8410
0.8563 4.2100
0.8448 3.6640
0.8320 3.1916
0.8179 2.7829
0.8025 2.4293
0.7856 2.1234
0.7673 1.8587
0.7476 1.6297
0.7267 1.4316
0.7047 1.2602
0.6818 1.1119
0.6582 0.9836
0.6341 0.8726
0.6100 0.7765
0.5860 0.6934
0.5626 0.6215
0.5398 0.5593
0.5181 0.5055
0.4976 0.4589
0.4784 0.4186
0.4607 0.3838
0.4444 0.3536
0.4297 0.3275
0.4163 0.3049
0.4044 0.2854
0.3937 0.2685
0.3843 0.2539
0.3759 0.2412
0.3686 0.2303
0.3622 0.2208
0.3566 0.2127
0.3522 0.2111
0.4148 1.0990
0.6613 13.8135
0.8340 35.5915
0.9125 55.2482
0.9384 69.3750
0.9427 74.4402
0.9406 70.7958
0.9376 63.3705
0.9352 55.4847
0.9334 48.2193
0.9319 41.7972
0.9304 36.1982
0.9288 31.3409
0.9270 27.1348
0.9248 23.4950
0.9224 20.3461
0.9195 17.6219
0.9163 15.2653
0.9125 13.2266
0.9083 11.4631
0.9034 9.9375
0.8979 8.6179
0.8916 7.4763
0.8845 6.4889
0.8764 5.6347
0.8673 4.8958
0.8571 4.2566
0.8457 3.7038
0.8331 3.2255
0.8191 2.8118
0.8037 2.4539
0.7869 2.1444
0.7687 1.8766
0.7491 1.6449
0.7282 1.4446
0.7063 1.2712
0.6834 1.1213
0.6598 0.9916
0.6358 0.8794
0.6116 0.7823
0.5876 0.6984
0.5640 0.6257
0.5412 0.5629
0.5194 0.5085
0.4988 0.4615
0.4795 0.4208
0.4617 0.3857
0.4453 0.3552
0.4305 0.3289
0.4170 0.3061
0.4050 0.2864
0.3943 0.2693
0.3847 0.2546
0.3763 0.2418
0.3690 0.2308
0.3625 0.2213
0.3568 0.2130
0.3523 0.2099
0.4045 0.9288
0.6504 13.1368
0.8285 34.9856
0.9106 54.8451
0.9380 69.3189
0.9428 74.8122
0.9408 71.3811
0.9378 63.9623
0.9353 56.0141
0.9335 48.6754
0.9320 42.1856
0.9305 36.5273
0.9289 31.6192
0.9271 27.3700
0.9250 23.6938
0.9225 20.5140
0.9197 17.7637
0.9165 15.3850
0.9128 13.3277
0.9085 11.5484
0.9037 10.0096
0.8982 8.6787
0.8919 7.5276
0.8848 6.5321
0.8768 5.6711
0.8678 4.9265
0.8576 4.2825
0.8463 3.7256
0.8336 3.2439
0.8197 2.8273
0.8043 2.4669
0.7876 2.1553
0.7694 1.8858
0.7498 1.6527
0.7290 1.4511
0.7071 1.2767
0.6842 1.1259
0.6606 0.9954
0.6365 0.8826
0.6123 0.7850
0.5883 0.7006
0.5647 0.6276
0.5419 0.5645
0.5200 0.5099
0.4993 0.4626
0.4800 0.4218
0.4621 0.3864
0.4457 0.3559
0.4308 0.3294
0.4173 0.3065
0.4052 0.2868
0.3944 0.2697
0.3849 0.2549
0.3765 0.2420
0.3691 0.2310
0.3626 0.2214
0.3569 0.2131
0.3523 0.2096
0.4016 0.8892
0.6479 13.1492
0.8274 35.0866
0.9103 55.0026
0.9380 69.5575
0.9429 75.1219
0.9408 71.6851
0.9378 64.2246
0.9354 56.2324
0.9335 48.8551
0.9320 42.3327
0.9306 36.6473
0.9290 31.7168
0.9271 27.4492
0.9250 23.7578
0.9226 20.5656
0.9197 17.8051
0.9165 15.4181
0.9128 13.3540
0.9086 11.5692
0.9038 10.0259
0.8983 8.6913
0.8920 7.5374
0.8849 6.5395
0.8769 5.6767
0.8678 4.9306
0.8577 4.2854
0.8463 3.7275
0.8337 3.2451
0.8197 2.8279
0.8044 2.4672
0.7876 2.1552
0.7694 1.8855
0.7498 1.6522
0.7290 1.4505
0.7070 1.2760
0.6841 1.1252
0.6605 0.9947
0.6364 0.8819
0.6122 0.7843
0.5881 0.6999
0.5645 0.6270
0.5416 0.5639
0.5198 0.5093
0.4991 0.4621
0.4798 0.4213
0.4619 0.3860
0.4455 0.3554
0.4306 0.3290
0.4171 0.3062
0.4050 0.2865
0.3943 0.2694
0.3847 0.2546
0.3763 0.2418
0.3689 0.2308
0.3625 0.2212
0.3568 0.2130
0.3523 0.2099
0.4063 0.9768
0.6545 13.9146
0.8311 35.9514
0.9118 55.7695
0.9384 70.1251
0.9429 75.3721
0.9408 71.6886
0.9378 64.1332
0.9353 56.1171
0.9335 48.7386
0.9320 42.2217
0.9305 36.5439
