0.2330 -0.232817
0.2394 -0.239462
0.2244 -0.224616
0.2004 -0.200679
0.1742 -0.174462
0.1485 -0.148789
0.1241 -0.124329
0.1005 -0.100749
0.0770 -0.077250
0.0525 -0.052707
0.0253 -0.025594
-0.0065 0.005731
-0.0462 0.036623
-0.0972 0.064001
-0.1577 0.086022
-0.2190 0.098927
-0.2738 0.102337
-0.3197 0.098850
-0.3573 0.091375
-0.3880 0.082057
-0.4131 0.072244
-0.4336 0.062711
-0.4505 0.053869
-0.4642 0.045903
-0.4754 0.038865
-0.4842 0.032735
-0.4911 0.027451
-0.4962 0.022932
-0.4996 0.019093
-0.5016 0.015848
-0.5021 0.013117
-0.5012 0.010827
-0.4991 0.008914
-0.4956 0.007319
-0.4909 0.005994
-0.4849 0.004896
-0.4777 0.003987
-0.4691 0.003238
-0.4593 0.002621
-0.4482 0.002115
-0.4358 0.001700
-0.4222 0.001362
-0.4073 0.001086
-0.3912 0.000863
-0.3739 0.000682
-0.3554 0.000536
-0.3358 0.000419
-0.3150 0.000325
-0.2928 0.000250
-0.2693 0.000190
-0.2440 0.000142
-0.2162 0.000104
-0.1849 0.000074
-0.1476 0.000049
-0.0992 0.000027
-0.0263 0.013603
0.0814 -0.080261
0.1772 -0.176475
0.2289 -0.228593
0.2405 -0.240533
0.2281 -0.228301
0.2050 -0.205263
0.1789 -0.179125
0.1530 -0.153255
0.1283 -0.128588
0.1047 -0.104912
0.0813 -0.081486
0.0570 -0.057250
0.0305 -0.030761
-0.0003 -0.000068
-0.0381 0.031287
-0.0869 0.059252
-0.1462 0.082534
-0.2080 0.097247
-0.2643 0.102240
-0.3118 0.099783
-0.3508 0.092857
-0.3826 0.083762
-0.4086 0.073974
-0.4299 0.064358
-0.4474 0.055377
-0.4616 0.047250
-0.4732 0.040047
-0.4824 0.033760
-0.4896 0.028331
-0.4950 0.023683
-0.4987 0.019729
-0.5009 0.016385
-0.5017 0.013568
-0.5011 0.011205
-0.4992 0.009229
-0.4959 0.007582
-0.4914 0.006212
-0.4857 0.005076
-0.4787 0.004136
-0.4704 0.003361
-0.4608 0.002722
-0.4499 0.002198
-0.4378 0.001768
-0.4244 0.001417
-0.4098 0.001132
-0.3939 0.000899
-0.3768 0.000711
-0.3586 0.000560
-0.3392 0.000438
-0.3186 0.000340
-0.2967 0.000262
-0.2734 0.000200
-0.2484 0.000150
-0.2212 0.000110
-0.1906 0.000079
-0.1546 0.000053
-0.1087 0.000031
-0.0417 0.010635
0.0622 -0.045761
0.1637 -0.162900
0.2235 -0.223177
0.2410 -0.240993
0.2316 -0.231801
0.2096 -0.209880
0.1836 -0.183898
0.1576 -0.157836
0.1327 -0.132938
0.1089 -0.109129
0.0855 -0.085737
0.0615 -0.061755
0.0355 -0.035824
0.0058 -0.005883
-0.0305 0.025828
-0.0770 0.054341
-0.1347 0.078741
-0.1968 0.095231
-0.2544 0.101901
-0.3035 0.100583
-0.3440 0.094285
-0.3770 0.085462
-0.4040 0.075728
-0.4260 0.066042
-0.4441 0.056928
-0.4589 0.048640
-0.4709 0.041271
-0.4805 0.034823
-0.4881 0.029245
-0.4938 0.024463
-0.4978 0.020391
-0.5002 0.016944
-0.5013 0.014038
-0.5009 0.011599
-0.4992 0.009558
-0.4962 0.007856
-0.4920 0.006440
-0.4865 0.005265
-0.4797 0.004292
-0.4716 0.003489
-0.4623 0.002828
-0.4517 0.002285
-0.4398 0.001839
-0.4267 0.001476
-0.4123 0.001179
-0.3967 0.000938
-0.3798 0.000743
-0.3618 0.000585
-0.3426 0.000458
-0.3222 0.000356
-0.3006 0.000275
-0.2776 0.000210
-0.2529 0.000158
-0.2261 0.000117
-0.1963 0.000084
-0.1614 0.000057
-0.1178 0.000035
-0.0560 0.014208
0.0420 -0.020430
0.1484 -0.147510
0.2167 -0.216282
0.2408 -0.240705
0.2350 -0.235103
0.2143 -0.214585
0.1886 -0.188863
0.1624 -0.162619
0.1372 -0.137463
0.1132 -0.113483
0.0898 -0.090081
0.0661 -0.066307
0.0406 -0.040876
0.0117 -0.011837
-0.0230 0.020143
-0.0674 0.049209
-0.1232 0.074605
-0.1851 0.092839
-0.2440 0.101293
-0.2948 0.101248
-0.3368 0.095677
-0.3711 0.087185
-0.3990 0.077537
-0.4219 0.067796
-0.4407 0.058552
-0.4560 0.050102
-0.4685 0.042562
-0.4786 0.035947
-0.4865 0.030213
-0.4925 0.025291
-0.4968 0.021094
-0.4995 0.017537
-0.5008 0.014538
-0.5007 0.012018
-0.4993 0.009908
-0.4965 0.008147
-0.4925 0.006682
-0.4872 0.005466
-0.4807 0.004459
-0.4729 0.003627
-0.4638 0.002941
-0.4535 0.002378
-0.4419 0.001916
-0.4290 0.001538
-0.4148 0.001229
-0.3995 0.000979
-0.3829 0.000776
-0.3651 0.000612
-0.3461 0.000480
-0.3260 0.000373
-0.3046 0.000289
-0.2819 0.000221
-0.2576 0.000167
-0.2312 0.000124
-0.2020 0.000089
-0.1683 0.000062
-0.1266 0.000038
-0.0694 0.000018
0.0216 -0.010260
0.1311 -0.130141
0.2081 -0.207595
0.2396 -0.239440
0.2380 -0.238098
0.2191 -0.219354
0.1938 -0.194037
0.1674 -0.167639
0.1420 -0.142203
0.1178 -0.118012
0.0943 -0.094559
0.0707 -0.070946
0.0457 -0.045960
0.0176 -0.017857
-0.0157 0.014025
-0.0578 0.043788
-0.1116 0.070050
-0.1730 0.089961
-0.2331 0.100303
-0.2855 0.101681
-0.3291 0.096955
-0.3648 0.088873
-0.3939 0.079356
-0.4176 0.069584
-0.4371 0.060222
-0.4531 0.051613
-0.4660 0.043900
-0.4765 0.037115
-0.4848 0.031222
-0.4912 0.026154
-0.4958 0.021828
-0.4988 0.018158
-0.5003 0.015060
-0.5005 0.012456
-0.4993 0.010275
-0.4968 0.008453
-0.4931 0.006936
-0.4880 0.005677
-0.4818 0.004633
-0.4742 0.003771
-0.4654 0.003060
-0.4553 0.002475
-0.4440 0.001996
-0.4313 0.001603
-0.4174 0.001283
-0.4023 0.001022
-0.3860 0.000811
-0.3684 0.000640
-0.3497 0.000502
-0.3298 0.000392
-0.3087 0.000303
-0.2862 0.000232
-0.2622 0.000176
-0.2363 0.000131
-0.2077 0.000095
-0.1750 0.000067
-0.1353 0.000043
-0.0818 0.000021
0.0016 -0.000307
0.1120 -0.110942
0.1975 -0.196913
0.2372 -0.236965
0.2405 -0.240631
0.2239 -0.224104
0.1991 -0.199385
0.1726 -0.172881
0.1469 -0.147150
0.1225 -0.122713
0.0989 -0.099163
0.0754 -0.075664
0.0508 -0.051067
0.0235 -0.023820
-0.0085 0.007623
-0.0486 0.038124
-0.1000 0.065145
-0.1606 0.086632
-0.2215 0.098938
-0.2757 0.101892
-0.3210 0.098141
-0.3581 0.090551
-0.3884 0.081213
-0.4131 0.071434
-0.4333 0.061964
-0.4499 0.053197
-0.4634 0.045309
-0.4744 0.038347
-0.4830 0.032288
-0.4897 0.027067
-0.4947 0.022606
-0.4980 0.018817
-0.4998 0.015616
-0.5002 0.012922
-0.4993 0.010665
-0.4971 0.008779
-0.4936 0.007207
-0.4888 0.005902
-0.4828 0.004819
-0.4755 0.003925
-0.4670 0.003187
-0.4571 0.002580
-0.4461 0.002081
-0.4337 0.001673
-0.4201 0.001340
-0.4052 0.001069
-0.3891 0.000849
-0.3718 0.000670
-0.3534 0.000527
-0.3337 0.000411
-0.3128 0.000319
-0.2906 0.000245
-0.2670 0.000186
-0.2415 0.000139
-0.2135 0.000102
-0.1817 0.000072
-0.1436 0.000047
-0.0936 0.000025
-0.0175 0.009250
0.0913 -0.090250
0.1848 -0.184103
0.2333 -0.233051
0.2425 -0.242525
0.2285 -0.228736
0.2046 -0.204857
0.1781 -0.178322
0.1520 -0.152291
0.1273 -0.127571
0.1036 -0.103882
0.0802 -0.080446
0.0559 -0.056179
0.0293 -0.029623
-0.0015 0.001132
-0.0396 0.032244
-0.0886 0.059945
-0.1479 0.082868
-0.2095 0.097175
-0.2653 0.101852
-0.3124 0.099213
-0.3510 0.092209
-0.3825 0.083104
-0.4083 0.073345
-0.4293 0.063779
-0.4466 0.054857
-0.4607 0.046790
-0.4721 0.039646
-0.4812 0.033413
-0.4882 0.028034
-0.4935 0.023430
-0.4971 0.019515
-0.4993 0.016204
-0.4999 0.013417
-0.4993 0.011079
-0.4973 0.009124
-0.4941 0.007495
-0.4896 0.006141
-0.4838 0.005017
-0.4768 0.004088
-0.4685 0.003322
-0.4590 0.002691
-0.4481 0.002172
-0.4361 0.001748
-0.4227 0.001401
-0.4081 0.001118
-0.3923 0.000889
-0.3753 0.000703
-0.3570 0.000553
-0.3376 0.000432
-0.3170 0.000336
-0.2951 0.000258
-0.2717 0.000197
-0.2466 0.000148
-0.2192 0.000109
-0.1883 0.000077
-0.1517 0.000051
-0.1047 0.000029
-0.0357 0.009141
0.0697 -0.068551
0.1699 -0.169115
0.2278 -0.227457
0.2436 -0.243563
0.2329 -0.233105
0.2101 -0.210368
0.1836 -0.183910
0.1573 -0.157592
0.1323 -0.132564
0.1085 -0.108693
0.0850 -0.085273
0.0610 -0.061278
0.0351 -0.035337
0.0053 -0.005433
-0.0310 0.026161
-0.0776 0.054486
-0.1351 0.078679
-0.1970 0.094970
-0.2544 0.101501
-0.3033 0.100116
-0.3436 0.093801
-0.3764 0.084992
-0.4032 0.075290
-0.4251 0.065645
-0.4431 0.056574
-0.4578 0.048328
-0.4697 0.041000
-0.4792 0.034589
-0.4867 0.029045
-0.4923 0.024293
-0.4962 0.020247
-0.4986 0.016822
-0.4996 0.013936
-0.4992 0.011514
-0.4975 0.009488
-0.4945 0.007798
-0.4903 0.006392
-0.4848 0.005226
-0.4780 0.004261
-0.4700 0.003464
-0.4607 0.002808
-0.4502 0.002268
-0.4384 0.001826
-0.4253 0.001465
-0.4110 0.001171
-0.3954 0.000931
-0.3786 0.000737
-0.3606 0.000581
-0.3415 0.000455
-0.3211 0.000353
-0.2995 0.000273
-0.2764 0.000208
-0.2517 0.000157
-0.2248 0.000116
-0.1947 0.000083
-0.1595 0.000056
-0.1151 0.000034
-0.0521 0.000013
0.0475 -0.034793
0.1531 -0.152175
0.2205 -0.220070
0.2436 -0.243553
0.2369 -0.237047
0.2155 -0.215798
0.1893 -0.189560
0.1627 -0.162986
0.1374 -0.137634
0.1133 -0.113545
0.0899 -0.090093
0.0661 -0.066310
0.0406 -0.040905
0.0118 -0.012026
-0.0228 0.019928
-0.0670 0.048852
-0.1226 0.074128
-0.1843 0.092316
-0.2431 0.100790
-0.2938 0.100792
-0.3358 0.095272
-0.3700 0.086828
-0.3979 0.077224
-0.4208 0.067522
-0.4395 0.058315
-0.4547 0.049896
-0.4672 0.042384
-0.4771 0.035794
-0.4850 0.030083
-0.4910 0.025180
-0.4952 0.021001
-0.4979 0.017459
-0.4992 0.014472
-0.4991 0.011963
-0.4976 0.009863
-0.4949 0.008110
-0.4909 0.006652
-0.4857 0.005441
-0.4792 0.004439
-0.4715 0.003611
-0.4624 0.002929
-0.4522 0.002368
-0.4406 0.001908
-0.4278 0.001532
-0.4137 0.001225
-0.3984 0.000975
-0.3819 0.000773
-0.3642 0.000609
-0.3453 0.000478
-0.3251 0.000372
-0.3038 0.000287
-0.2810 0.000220
-0.2566 0.000166
-0.2302 0.000123
-0.2008 0.000089
-0.1668 0.000061
-0.1247 0.000038
-0.0664 0.000017
0.0256 -0.012272
0.1347 -0.133753
0.2114 -0.210914
0.2425 -0.242344
0.2403 -0.240384
0.2208 -0.220996
0.1949 -0.195150
0.1681 -0.168376
0.1424 -0.142697
0.1181 -0.118364
0.0946 -0.094840
0.0710 -0.071212
0.0460 -0.046262
0.0180 -0.018346
-0.0151 0.013608
-0.0570 0.043186
-0.1104 0.069374
-0.1716 0.089317
-0.2316 0.099774
-0.2841 0.101276
-0.3277 0.096647
-0.3634 0.088634
-0.3925 0.079166
-0.4163 0.069429
-0.4357 0.060094
-0.4516 0.051505
-0.4646 0.043809
-0.4750 0.037037
-0.4833 0.031156
-0.4896 0.026098
-0.4942 0.021781
-0.4972 0.018119
-0.4987 0.015028
-0.4989 0.012429
-0.4977 0.010252
-0.4952 0.008435
-0.4915 0.006922
-0.4865 0.005665
-0.4803 0.004624
-0.4728 0.003764
-0.4640 0.003054
-0.4540 0.002471
-0.4427 0.001992
-0.4302 0.001601
-0.4164 0.001281
-0.4013 0.001021
-0.3850 0.000810
-0.3676 0.000639
-0.3489 0.000502
-0.3290 0.000391
-0.3079 0.000303
-0.2854 0.000232
-0.2614 0.000176
-0.2353 0.000131
-0.2066 0.000095
-0.1736 0.000066
-0.1334 0.000042
-0.0791 0.000021
0.0055 -0.002231
0.1157 -0.114645
0.2009 -0.200276
0.2401 -0.239924
0.2429 -0.242989
0.2256 -0.225810
0.2003 -0.200539
0.1734 -0.173636
0.1474 -0.147643
0.1228 -0.123048
0.0992 -0.099416
0.0757 -0.075890
0.0511 -0.051315
0.0239 -0.024144
-0.0081 0.007269
-0.0479 0.037604
-0.0990 0.064541
-0.1593 0.086028
-0.2202 0.098424
-0.2743 0.101491
-0.3197 0.097832
-0.3568 0.090310
-0.3870 0.081020
-0.4117 0.071276
-0.4320 0.061832
-0.4485 0.053086
-0.4620 0.045214
-0.4729 0.038266
-0.4815 0.032219
-0.4882 0.027009
-0.4931 0.022556
-0.4964 0.018775
-0.4982 0.015580
-0.4986 0.012893
-0.4977 0.010640
-0.4954 0.008758
-0.4919 0.007191
-0.4872 0.005888
-0.4812 0.004809
-0.4740 0.003916
-0.4655 0.003180
-0.4557 0.002574
-0.4447 0.002077
-0.4324 0.001670
-0.4188 0.001337
-0.4040 0.001067
-0.3879 0.000847
-0.3707 0.000669
-0.3522 0.000526
-0.3326 0.000410
-0.3117 0.000318
-0.2894 0.000244
-0.2657 0.000185
-0.2401 0.000139
-0.2119 0.000101
-0.1798 0.000071
-0.1412 0.000046
-0.0902 0.000024
-0.0124 0.006681
0.0968 -0.095738
0.1893 -0.188608
0.2366 -0.236389
0.2447 -0.244777
0.2299 -0.230094
0.2053 -0.205576
0.1784 -0.178630
0.1521 -0.152352
0.1273 -0.127494
0.1035 -0.103730
0.0800 -0.080260
0.0557 -0.055985
0.0292 -0.029442
-0.0017 0.001288
-0.0397 0.032238
-0.0886 0.059790
-0.1477 0.082578
-0.2091 0.096796
-0.2648 0.101438
-0.3118 0.098798
-0.3503 0.091815
-0.3817 0.082740
-0.4073 0.073016
-0.4283 0.063485
-0.4454 0.054598
-0.4594 0.046563
-0.4708 0.039450
-0.4798 0.033244
-0.4868 0.027889
-0.4920 0.023306
-0.4955 0.019410
-0.4976 0.016116
-0.4983 0.013342
-0.4976 0.011016
-0.4956 0.009072
-0.4923 0.007452
-0.4878 0.006105
-0.4820 0.004988
-0.4750 0.004064
-0.4667 0.003302
-0.4572 0.002674
-0.4464 0.002159
-0.4343 0.001737
-0.4209 0.001392
-0.4064 0.001111
-0.3905 0.000883
-0.3735 0.000698
-0.3552 0.000549
-0.3358 0.000429
-0.3151 0.000333
-0.2931 0.000256
-0.2696 0.000195
-0.2443 0.000146
-0.2166 0.000107
-0.1853 0.000076
-0.1480 0.000050
-0.0995 0.000028
-0.0276 0.014281
0.0792 -0.078068
0.1774 -0.176649
0.2324 -0.232050
0.2458 -0.245774
0.2335 -0.233742
0.2098 -0.210110
0.1829 -0.183203
0.1564 -0.156681
0.1313 -0.131570
0.1074 -0.107662
0.0840 -0.084212
0.0599 -0.060168
0.0339 -0.034140
0.0039 -0.004147
-0.0326 0.027246
-0.0795 0.055292
-0.1372 0.079117
-0.1989 0.094954
-0.2559 0.101102
-0.3043 0.099482
-0.3442 0.093060
-0.3767 0.084229
-0.4032 0.074555
-0.4249 0.064964
-0.4426 0.055960
-0.4571 0.047784
-0.4688 0.040524
-0.4781 0.034177
-0.4854 0.028691
-0.4909 0.023990
-0.4947 0.019990
-0.4970 0.016605
-0.4979 0.013754
-0.4974 0.011361
-0.4956 0.009359
-0.4925 0.007691
-0.4882 0.006303
-0.4826 0.005152
-0.4758 0.004200
-0.4677 0.003414
-0.4584 0.002766
-0.4478 0.002234
-0.4359 0.001798
-0.4228 0.001442
-0.4084 0.001152
-0.3927 0.000916
-0.3759 0.000725
-0.3578 0.000570
-0.3385 0.000446
-0.3180 0.000347
-0.2962 0.000267
-0.2730 0.000203
-0.2480 0.000153
-0.2207 0.000112
-0.1899 0.000080
-0.1537 0.000054
-0.1072 0.000031
-0.0399 0.000010
0.0636 -0.062496
0.1661 -0.165208
0.2277 -0.227337
0.2461 -0.246092
0.2365 -0.236686
0.2137 -0.214004
0.1869 -0.187206
0.1602 -0.160491
0.1349 -0.135154
0.1109 -0.111104
0.0874 -0.087649
0.0635 -0.063778
0.0379 -0.038158
0.0087 -0.008919
-0.0266 0.022828
-0.0717 0.051307
-0.1281 0.075950
-0.1898 0.093169
-0.2478 0.100695
-0.2975 0.100041
-0.3386 0.094165
-0.3721 0.085579
-0.3994 0.075963
-0.4217 0.066324
-0.4399 0.057216
-0.4548 0.048913
-0.4669 0.041519
-0.4766 0.035042
-0.4842 0.029435
-0.4899 0.024626
-0.4939 0.020529
-0.4964 0.017060
-0.4975 0.014136
-0.4972 0.011681
-0.4955 0.009626
-0.4926 0.007913
-0.4885 0.006487
-0.4831 0.005305
-0.4764 0.004326
-0.4685 0.003517
-0.4594 0.002851
-0.4489 0.002304
-0.4372 0.001855
-0.4242 0.001489
-0.4100 0.001190
-0.3945 0.000946
-0.3778 0.000749
-0.3599 0.000590
-0.3408 0.000462
-0.3204 0.000359
-0.2988 0.000277
-0.2757 0.000211
-0.2510 0.000159
-0.2239 0.000117
-0.1937 0.000084
-0.1582 0.000057
-0.1133 0.000034
-0.0492 0.000012
0.0508 -0.049729
0.1561 -0.155156
0.2232 -0.222808
0.2460 -0.245954
0.2388 -0.238938
0.2169 -0.217169
0.1902 -0.190516
0.1634 -0.163657
0.1379 -0.138130
0.1137 -0.113952
0.0902 -0.090477
0.0665 -0.066729
0.0412 -0.041421
0.0125 -0.012820
-0.0218 0.019099
-0.0655 0.047915
-0.1206 0.073147
-0.1821 0.091457
-0.2409 0.100147
-0.2918 0.100345
-0.3338 0.094966
-0.3682 0.086616
-0.3961 0.077072
-0.4190 0.067408
-0.4377 0.058226
-0.4529 0.049824
-0.4653 0.042325
-0.4752 0.035744
-0.4830 0.030040
-0.4890 0.025143
-0.4932 0.020968
-0.4958 0.017431
-0.4970 0.014447
-0.4969 0.011942
-0.4954 0.009844
-0.4926 0.008094
-0.4886 0.006638
-0.4834 0.005429
-0.4768 0.004429
-0.4691 0.003602
-0.4600 0.002921
-0.4497 0.002361
-0.4381 0.001902
-0.4253 0.001527
-0.4112 0.001220
-0.3958 0.000971
-0.3793 0.000770
-0.3615 0.000606
-0.3425 0.000475
-0.3222 0.000370
-0.3007 0.000285
-0.2778 0.000218
-0.2532 0.000164
-0.2263 0.000121
-0.1964 0.000087
-0.1615 0.000059
-0.1176 0.000036
-0.0557 0.000014
0.0414 -0.030177
0.1482 -0.147280
0.2195 -0.219029
0.2457 -0.245609
0.2404 -0.240522
0.2193 -0.219521
0.1927 -0.193014
0.1658 -0.166057
0.1401 -0.140387
0.1159 -0.116108
0.0924 -0.092613
0.0687 -0.068950
0.0436 -0.043866
0.0154 -0.015678
-0.0183 0.016221
-0.0609 0.045296
-0.1150 0.070932
-0.1762 0.090040
-0.2356 0.099632
-0.2872 0.100513
-0.3301 0.095541
-0.3650 0.087391
-0.3935 0.077912
-0.4168 0.068237
-0.4358 0.059001
-0.4514 0.050526
-0.4640 0.042946
-0.4741 0.036286
-0.4821 0.030507
-0.4882 0.025542
-0.4925 0.021307
-0.4953 0.017717
-0.4966 0.014688
-0.4966 0.012143
-0.4952 0.010013
-0.4925 0.008234
-0.4886 0.006754
-0.4834 0.005525
-0.4770 0.004508
-0.4693 0.003667
-0.4604 0.002974
-0.4502 0.002405
-0.4387 0.001938
-0.4259 0.001556
-0.4119 0.001244
-0.3966 0.000990
-0.3801 0.000785
-0.3624 0.000619
-0.3435 0.000485
-0.3233 0.000377
-0.3019 0.000291
-0.2790 0.000223
-0.2545 0.000168
-0.2279 0.000124
-0.1981 0.000089
-0.1635 0.000061
-0.1203 0.000037
-0.0597 0.000015
0.0354 -0.025701
0.1432 -0.142232
0.2170 -0.216522
0.2454 -0.245318
0.2414 -0.241501
0.2208 -0.221016
0.1943 -0.194613
0.1673 -0.167597
0.1416 -0.141837
0.1173 -0.117494
0.0938 -0.093986
0.0701 -0.070378
0.0452 -0.045437
0.0172 -0.017516
-0.0160 0.014316
-0.0579 0.043551
-0.1113 0.069423
-0.1723 0.089030
-0.2320 0.099215
-0.2842 0.100558
-0.3275 0.095869
-0.3629 0.087861
-0.3917 0.078434
-0.4153 0.068758
-0.4345 0.059491
-0.4502 0.050971
-0.4630 0.043341
-0.4733 0.036631
-0.4814 0.030805
-0.4875 0.025797
-0.4919 0.021524
-0.4948 0.017900
-0.4962 0.014842
-0.4962 0.012272
-0.4949 0.010120
-0.4923 0.008323
-0.4884 0.006828
-0.4833 0.005586
-0.4769 0.004558
-0.4693 0.003708
-0.4604 0.003008
-0.4502 0.002432
-0.4388 0.001960
-0.4261 0.001574
-0.4121 0.001259
-0.3969 0.001002
-0.3804 0.000794
-0.3627 0.000626
-0.3438 0.000491
-0.3237 0.000382
-0.3023 0.000295
-0.2795 0.000226
-0.2550 0.000170
-0.2284 0.000126
-0.1987 0.000091
-0.1642 0.000062
-0.1212 0.000038
-0.0611 0.000016
0.0333 -0.024129
0.1414 -0.140427
0.2162 -0.215640
0.2454 -0.245257
0.2418 -0.241909
0.2214 -0.221610
0.1950 -0.195242
0.1679 -0.168203
0.1422 -0.142410
0.1178 -0.118048
0.0943 -0.094542
0.0707 -0.070965
0.0458 -0.046095
0.0180 -0.018298
-0.0150 0.013477
