-0.3546 0.000975
-0.3510 0.000798
-0.3472 0.000653
-0.3432 0.000533
-0.3390 0.000436
-0.3346 0.000356
-0.3301 0.000290
-0.3255 0.000236
-0.3208 0.000193
-0.3161 0.000157
-0.3112 0.000128
-0.3063 0.000104
-0.3013 0.000085
-0.2963 0.000069
-0.2913 0.000056
-0.2862 0.000045
-0.2811 0.000037
-0.2760 0.000030
-0.2709 0.000024
-0.2657 0.000020
-0.2606 0.000016
-0.2554 0.000013
-0.2502 0.000010
-0.2450 0.000008
-0.2398 0.000007
-0.2345 0.000006
-0.2291 0.000004
-0.2237 0.000004
-0.2183 0.000003
-0.2127 0.000002
-0.2070 0.000002
-0.2011 0.000002
-0.1950 0.000001
-0.1887 0.000001
-0.1820 0.000001
-0.1749 0.000001
-0.1672 0.000000
-0.1588 0.000000
-0.1493 0.000000
-0.1383 0.000000
-0.1253 0.000000
-0.1090 0.000000
-0.0876 0.000000
-0.0575 0.000000
-0.0126 0.000000
0.0512 -0.030312
0.1199 -0.071535
0.1759 -0.105244
0.2193 -0.131346
0.2552 -0.152908
0.2828 -0.169563
0.3006 -0.180258
0.3085 -0.185084
0.3085 -0.185097
0.3027 -0.181676
0.2934 -0.176094
0.2821 -0.169338
0.2700 -0.162095
0.2579 -0.154800
0.2461 -0.147708
0.2348 -0.140954
0.2242 -0.134597
0.2143 -0.128653
0.2051 -0.123115
0.1965 -0.117961
0.1885 -0.113167
0.1811 -0.108706
0.1742 -0.104553
0.1677 -0.100684
0.1617 -0.097077
0.1561 -0.093713
0.1509 -0.090575
0.1460 -0.087647
0.1415 -0.084916
0.1372 -0.082368
0.1333 -0.079992
0.1296 -0.077778
0.1262 -0.075716
0.1230 -0.073796
0.1200 -0.072010
0.1172 -0.070349
0.1146 -0.068803
0.1123 -0.067366
0.1100 -0.066027
0.1079 -0.064779
0.1060 -0.063612
0.1042 -0.062518
0.1025 -0.061488
0.1008 -0.060511
0.0993 -0.059579
0.0978 -0.058681
0.0963 -0.057807
0.0949 -0.056947
0.0935 -0.056091
0.0920 -0.055228
0.0906 -0.054348
0.0890 -0.053439
0.0875 -0.052491
0.0858 -0.051491
0.0840 -0.050430
0.0821 -0.049293
