-0.3423 0.013102
-0.3354 0.010613
-0.3272 0.008561
-0.3179 0.006877
-0.3076 0.005503
-0.2964 0.004385
-0.2845 0.003479
-0.2718 0.002749
-0.2584 0.002161
-0.2442 0.001688
-0.2291 0.001310
-0.2132 0.001008
-0.1970 0.000770
-0.1822 0.000589
-0.1704 0.000455
-0.1633 0.000361
-0.1623 0.000296
-0.1683 0.000254
-0.1820 0.000227
-0.1921 0.110662
-0.1968 0.113298
-0.2061 0.118597
-0.2187 0.125821
-0.2331 0.134066
-0.2478 0.142491
-0.2617 0.150472
-0.2742 0.157650
-0.2850 0.163897
-0.2943 0.169207
-0.3019 0.173600
-0.3080 0.177093
-0.3125 0.176325
-0.3191 0.148853
-0.3289 0.126817
-0.3403 0.108495
-0.3524 0.092888
-0.3643 0.079404
-0.3755 0.067674
-0.3856 0.057452
-0.3941 0.048559
-0.4010 0.040850
-0.4060 0.034200
-0.4091 0.028494
-0.4103 0.023627
-0.4095 0.019500
-0.4069 0.016020
-0.4025 0.013102
-0.3964 0.010670
-0.3887 0.008652
-0.3797 0.006988
-0.3694 0.005621
-0.3579 0.004503
-0.3454 0.003594
-0.3321 0.002856
-0.3179 0.002261
-0.3030 0.001782
-0.2874 0.001397
-0.2710 0.001090
-0.2539 0.000844
-0.2358 0.000648
-0.2165 0.000492
-0.1954 0.000367
-0.1717 0.000267
-0.1415 0.081796
-0.0890 0.051612
-0.0164 0.019871
0.0710 -0.080702
0.1361 -0.234197
0.1579 -0.272414
0.1542 -0.266268
0.1274 -0.293840
0.0969 -0.223590
0.0680 -0.157097
0.0400 -0.091097
0.0121 -0.026879
-0.0172 0.034139
-0.0497 0.092176
-0.0863 0.142896
-0.1275 0.176670
-0.1718 0.196927
-0.2154 0.204356
-0.2559 0.200817
-0.2922 0.189659
-0.3243 0.174074
-0.3525 0.156454
-0.3771 0.138399
-0.3984 0.120904
-0.4166 0.104543
-0.4319 0.089616
-0.4444 0.076244
-0.4542 0.064435
-0.4614 0.054126
-0.4661 0.045213
-0.4685 0.037574
-0.4686 0.031076
-0.4666 0.025585
-0.4626 0.020974
-0.4568 0.017124
-0.4493 0.013927
-0.4403 0.011285
-0.4300 0.009112
-0.4185 0.007333
-0.4060 0.005883
-0.3927 0.004704
-0.3786 0.003750
-0.3640 0.002981
-0.3488 0.002362
-0.3333 0.001866
-0.3174 0.001469
-0.3011 0.001153
-0.2846 0.000901
-0.2676 0.000700
-0.2501 0.000541
-0.2319 0.000415
-0.2126 0.000315
-0.1917 0.000235
-0.1684 0.000170
-0.1408 0.000118
-0.1060 0.000073
-0.0544 0.031674
0.0272 -0.030304
0.1070 -0.244725
0.1472 -0.337959
0.1561 -0.359198
0.1438 -0.331274
0.1204 -0.277426
0.0925 -0.213314
0.0633 -0.146319
0.0338 -0.078329
0.0036 -0.008474
-0.0283 0.055845
-0.0645 0.106360
-0.1071 0.146353
-0.1546 0.174764
-0.2023 0.189274
-0.2465 0.190790
-0.2855 0.182807
-0.3193 0.169086
-0.3483 0.152537
-0.3731 0.135107
-0.3941 0.117997
-0.4115 0.101903
-0.4258 0.087188
-0.4371 0.074005
-0.4456 0.062378
-0.4514 0.052249
-0.4547 0.043516
-0.4556 0.036054
-0.4543 0.029727
-0.4510 0.024399
-0.4458 0.019941
-0.4389 0.016233
-0.4305 0.013165
-0.4207 0.010639
-0.4098 0.008568
-0.3979 0.006879
-0.3851 0.005505
-0.3717 0.004393
-0.3576 0.003495
-0.3431 0.002772
-0.3282 0.002193
-0.3130 0.001729
-0.2976 0.001359
-0.2818 0.001064
-0.2657 0.000830
-0.2492 0.000643
-0.2321 0.000495
-0.2140 0.000378
-0.1946 0.000284
-0.1731 0.000209
-0.1482 0.000148
-0.1175 0.000097
-0.0760 0.000052
-0.0117 0.007191
0.0691 -0.157313
0.1266 -0.290225
0.1529 -0.351381
0.1524 -0.350821
0.1345 -0.309794
0.1080 -0.249012
0.0785 -0.181287
0.0482 -0.111675
0.0174 -0.040717
-0.0145 0.030395
-0.0497 0.087242
-0.0910 0.132588
-0.1383 0.166764
-0.1874 0.186998
-0.2337 0.192989
-0.2750 0.187830
-0.3108 0.175569
-0.3415 0.159551
-0.3678 0.142081
-0.3900 0.124603
-0.4087 0.107968
-0.4241 0.092636
-0.4364 0.078819
-0.4458 0.066576
-0.4524 0.055871
-0.4565 0.046612
-0.4581 0.038677
-0.4574 0.031934
-0.4547 0.026245
-0.4500 0.021479
-0.4437 0.017509
-0.4359 0.014222
-0.4268 0.011514
-0.4166 0.009293
-0.4055 0.007479
-0.3936 0.006003
-0.3812 0.004807
-0.3683 0.003840
-0.3551 0.003062
-0.3417 0.002436
-0.3282 0.001934
-0.3145 0.001532
-0.3007 0.001211
-0.2867 0.000955
-0.2725 0.000751
-0.2580 0.000588
-0.2430 0.000458
-0.2275 0.000354
-0.2111 0.000272
-0.1935 0.000206
-0.1741 0.000153
-0.1519 0.000111
-0.1252 0.000075
-0.0847 0.098161
-0.0153 0.018505
0.0673 -0.076484
0.1397 -0.160048
0.1663 -0.286790
0.1622 -0.280071
0.1314 -0.302899
0.0993 -0.229173
0.0687 -0.158652
0.0389 -0.090151
0.0093 -0.020689
-0.0214 0.041689
-0.0554 0.100713
-0.0924 0.157597
-0.1304 0.201379
-0.1676 0.230791
-0.2011 0.249119
-0.2295 0.257943
-0.2524 0.259795
-0.2726 0.233689
-0.2923 0.207232
-0.3109 0.182281
-0.3280 0.158978
-0.3431 0.137503
-0.3560 0.117986
-0.3667 0.100484
-0.3750 0.084981
-0.3811 0.071404
-0.3849 0.059633
-0.3866 0.049524
-0.3863 0.040915
-0.3841 0.033640
-0.3802 0.027535
-0.3749 0.022445
-0.3681 0.018227
-0.3603 0.014749
-0.3514 0.011895
-0.3417 0.009564
-0.3313 0.007667
-0.3203 0.006129
-0.3089 0.004886
-0.2970 0.003884
-0.2848 0.003080
-0.2723 0.002435
-0.2598 0.001921
-0.2472 0.001511
-0.2348 0.001187
-0.2226 0.000930
-0.2109 0.000729
-0.1997 0.000571
-0.1892 0.000447
-0.1795 0.000350
-0.1704 0.000275
-0.1549 0.089387
-0.1270 0.073299
-0.0936 0.108221
-0.0478 0.055561
0.0008 -0.000413
0.0474 -0.054021
0.0825 -0.094537
0.1010 -0.116082
0.1050 -0.120833
0.0989 -0.113905
0.0872 -0.092355
0.0726 -0.070859
0.0556 -0.046930
0.0362 -0.025329
0.0125 -0.007345
-0.0187 0.008710
-0.0618 0.024117
-0.1199 0.038789
-0.1876 0.050254
-0.2532 0.056133
-0.3092 0.056727
-0.3542 0.053757
-0.3891 0.048851
-0.4156 0.043147
-0.4350 0.037349
-0.4487 0.031854
-0.4576 0.026864
-0.4627 0.022459
-0.4646 0.018648
-0.4639 0.015396
-0.4611 0.012653
-0.4565 0.010357
-0.4504 0.008449
-0.4430 0.006871
-0.4344 0.005572
-0.4250 0.004506
-0.4146 0.003635
-0.4035 0.002925
-0.3918 0.002349
-0.3795 0.001881
-0.3668 0.001503
-0.3536 0.001198
-0.3401 0.000953
-0.3263 0.000756
-0.3122 0.000598
-0.2979 0.000472
-0.2833 0.000371
-0.2687 0.000291
-0.2546 0.000228
-0.2419 0.000179
-0.2313 0.000142
-0.2049 0.118109
-0.1773 0.102160
-0.1535 0.088431
-0.1320 0.076064
-0.1102 0.127172
-0.0747 0.129671
-0.0338 0.058961
0.0054 -0.008668
0.0366 -0.083628
0.0541 -0.124263
0.0591 -0.135932
0.0551 -0.123783
0.0460 -0.099344
0.0337 -0.070340
0.0189 -0.037944
0.0022 -0.004118
-0.0175 0.026855
-0.0420 0.053551
-0.0737 0.077805
-0.1136 0.099343
-0.1598 0.115636
-0.2073 0.124095
-0.2515 0.124540
-0.2902 0.118859
-0.3229 0.109409
-0.3502 0.098118
-0.3725 0.086311
-0.3905 0.074813
-0.4046 0.064096
-0.4152 0.054393
-0.4227 0.045791
-0.4274 0.038285
-0.4296 0.031816
-0.4295 0.026298
-0.4272 0.021632
-0.4231 0.017714
-0.4173 0.014447
-0.4101 0.011737
-0.4015 0.009502
-0.3918 0.007666
-0.3811 0.006166
-0.3695 0.004944
-0.3573 0.003952
-0.3444 0.003150
-0.3311 0.002504
-0.3173 0.001984
-0.3031 0.001567
-0.2885 0.001233
-0.2735 0.000967
-0.2581 0.000754
-0.2421 0.000585
-0.2254 0.000450
-0.2085 0.000344
-0.1930 0.000264
-0.1807 0.000204
-0.1733 0.000162
-0.1718 0.000133
-0.1670 0.192522
-0.1399 0.161262
-0.1184 0.136432
-0.0910 0.157502
-0.0637 0.110347
-0.0380 0.065980
-0.0138 0.024123
0.0076 -0.016984
0.0224 -0.051242
0.0301 -0.069225
0.0318 -0.073059
0.0293 -0.064398
0.0241 -0.048482
0.0172 -0.030405
0.0086 -0.013595
-0.0020 0.002594
-0.0153 0.018889
-0.0322 0.034179
-0.0545 0.047842
-0.0838 0.060841
-0.1205 0.072387
-0.1624 0.080711
-0.2050 0.084313
-0.2444 0.083144
-0.2784 0.078339
-0.3065 0.071334
-0.3291 0.063326
-0.3466 0.055152
-0.3597 0.047330
-0.3689 0.040147
-0.3749 0.033737
-0.3782 0.028135
-0.3791 0.023320
-0.3781 0.019235
-0.3758 0.015805
-0.3723 0.012948
-0.3680 0.010582
-0.3630 0.008630
-0.3573 0.007023
-0.3509 0.005704
-0.3439 0.004621
-0.3362 0.003735
-0.3278 0.003011
-0.3187 0.002421
-0.3090 0.001941
-0.2986 0.001551
-0.2877 0.001235
-0.2762 0.000980
-0.2641 0.000775
-0.2513 0.000610
-0.2379 0.000478
-0.2239 0.000372
-0.2099 0.000288
-0.1903 0.109807
-0.1581 0.091226
-0.1285 0.148273
-0.0795 0.138029
-0.0322 0.056384
0.0107 -0.017715
0.0453 -0.077578
0.0674 -0.116047
0.0771 -0.132885
0.0770 -0.132480
0.0657 -0.144719
0.0507 -0.107551
0.0351 -0.069358
0.0190 -0.035023
0.0016 -0.002986
-0.0181 0.026459
-0.0415 0.054537
-0.0697 0.082831
-0.1028 0.111331
-0.1388 0.138149
-0.1740 0.160614
-0.2053 0.177108
-0.2307 0.187647
-0.2502 0.193215
-0.2642 0.195013
-0.2734 0.194085
-0.2785 0.191222
-0.2804 0.179343
-0.2832 0.149752
-0.2873 0.125590
-0.2917 0.105430
-0.2958 0.088413
-0.2994 0.073983
-0.3022 0.061752
-0.3044 0.051424
-0.3061 0.042751
-0.3073 0.035496
-0.3083 0.029436
-0.3087 0.024373
-0.3086 0.020145
-0.3079 0.016619
-0.3067 0.013685
-0.3049 0.011250
-0.3026 0.009231
-0.2997 0.007561
-0.2963 0.006180
-0.2922 0.005040
-0.2875 0.004099
-0.2820 0.003325
-0.2758 0.002689
-0.2688 0.002167
-0.2611 0.001740
-0.2526 0.001392
-0.2434 0.001109
-0.2103 0.121909
-0.1712 0.197955
-0.1271 0.146878
-0.0920 0.106332
-0.0649 0.074964
-0.0447 0.051637
-0.0307 0.035422
-0.0221 0.025558
-0.0186 0.021434
-0.0197 0.022292
-0.0255 0.026343
-0.0364 0.034754
-0.0537 0.043034
-0.0794 0.052579
-0.1145 0.062773
-0.1579 0.071571
-0.2047 0.076779
-0.2498 0.077526
-0.2901 0.074457
-0.3243 0.068843
-0.3525 0.061880
-0.3750 0.054452
-0.3926 0.047138
-0.4057 0.040281
-0.4149 0.034060
-0.4205 0.028546
-0.4231 0.023746
-0.4228 0.019624
-0.4202 0.016124
-0.4154 0.013179
-0.4087 0.010722
-0.4004 0.008686
-0.3908 0.007009
-0.3799 0.005634
-0.3681 0.004514
-0.3555 0.003604
-0.3421 0.002868
-0.3282 0.002275
-0.3139 0.001799
-0.2991 0.001417
-0.2839 0.001112
-0.2683 0.000869
-0.2521 0.000675
-0.2354 0.000521
-0.2177 0.000399
-0.1989 0.000301
-0.1736 0.100268
-0.1296 0.074899
-0.0789 0.045727
-0.0154 0.018575
0.0528 -0.060007
0.0996 -0.171299
0.1116 -0.256777
0.1013 -0.233332
0.0841 -0.193813
0.0638 -0.147267
0.0423 -0.094665
0.0201 -0.043449
-0.0037 0.007011
-0.0302 0.055759
-0.0605 0.101088
-0.0965 0.133607
-0.1384 0.158514
-0.1828 0.173268
-0.2259 0.177103
-0.2651 0.171908
-0.2996 0.160668
-0.3293 0.146090
-0.3548 0.130154
-0.3764 0.114161
-0.3943 0.098897
-0.4089 0.084805
-0.4204 0.072093
-0.4290 0.060828
-0.4348 0.050981
-0.4381 0.042471
-0.4390 0.035188
-0.4376 0.029007
-0.4342 0.023800
-0.4290 0.019442
-0.4221 0.015817
-0.4138 0.012819
-0.4041 0.010351
-0.3933 0.008330
-0.3815 0.006681
-0.3689 0.005342
-0.3558 0.004259
-0.3422 0.003387
-0.3284 0.002688
-0.3147 0.002130
-0.3012 0.001686
-0.2882 0.001333
-0.2755 0.001054
-0.2633 0.000833
-0.2513 0.000657
-0.2396 0.000518
-0.2279 0.000407
-0.2160 0.000319
-0.2036 0.000249
-0.1903 0.000192
-0.1758 0.000147
-0.1593 0.000110
-0.1397 0.000080
-0.1097 0.063376
-0.0614 0.071348
0.0089 -0.014016
0.0798 -0.136503
0.1272 -0.218928
0.1447 -0.249541
0.1403 -0.242172
0.1235 -0.213449
0.1010 -0.174680
0.0760 -0.131577
0.0500 -0.082272
0.0229 -0.034511
-0.0072 0.008469
-0.0431 0.068087
-0.0823 0.116037
-0.1256 0.159048
-0.1686 0.193487
-0.2069 0.217010
-0.2382 0.230398
-0.2625 0.236085
-0.2805 0.236554
-0.2932 0.233735
-0.3018 0.228950
-0.3068 0.223049
-0.3091 0.216558
-0.3090 0.209804
-0.3071 0.202998
-0.3038 0.196266
-0.2992 0.189662
-0.2940 0.173977
-0.2919 0.142820
-0.2929 0.118465
-0.2958 0.098912
-0.3000 0.082932
-0.3049 0.069694
-0.3101 0.058613
-0.3154 0.049278
-0.3205 0.041404
-0.3255 0.034774
-0.3307 0.029207
-0.3360 0.024535
-0.3413 0.020610
-0.3466 0.017304
-0.3516 0.014513
-0.3560 0.012150
-0.3596 0.010148
-0.3623 0.008452
-0.3637 0.007017
-0.3639 0.005805
-0.3628 0.004786
-0.3604 0.003930
-0.3567 0.003216
-0.3516 0.002621
-0.3454 0.002129
-0.3380 0.001723
-0.3295 0.001389
-0.3201 0.001115
-0.3098 0.000893
-0.2989 0.000712
-0.2885 0.000568
-0.2532 0.146191
-0.2228 0.128559
-0.2003 0.115484
-0.1847 0.106422
-0.1751 0.100857
-0.1708 0.098340
-0.1711 0.098436
-0.1750 0.100664
-0.1817 0.104469
-0.1900 0.109244
-0.1819 0.209338
-0.1722 0.182726
-0.1660 0.162181
-0.1621 0.147036
-0.1595 0.135534
-0.1578 0.126565
-0.1566 0.119404
-0.1555 0.113574
-0.1547 0.108813
-0.1544 0.105165
-0.1555 0.103062
-0.1592 0.103075
-0.1663 0.105536
-0.1768 0.110347
-0.1901 0.116993
-0.2050 0.124700
-0.2049 0.236233
-0.2013 0.211848
-0.2016 0.195464
-0.2043 0.184143
-0.2085 0.176074
-0.2132 0.170089
-0.2191 0.149781
-0.2282 0.128987
-0.2395 0.111903
-0.2518 0.097299
-0.2644 0.084482
-0.2766 0.073073
-0.2878 0.062871
-0.2977 0.053764
-0.3059 0.045682
-0.3123 0.038565
-0.3168 0.032351
-0.3195 0.026973
-0.3203 0.022360
-0.3194 0.018434
-0.3168 0.015120
-0.3128 0.012343
-0.3076 0.010035
-0.3016 0.008136
-0.2954 0.006589
-0.2895 0.005339
-0.2841 0.004332
-0.2794 0.003522
-0.2751 0.002868
-0.2714 0.002339
-0.2684 0.001913
-0.2667 0.001571
-0.2668 0.001299
-0.2693 0.001084
-0.2743 0.000913
-0.2819 0.000776
-0.2854 0.164884
-0.2664 0.153760
-0.2518 0.145250
-0.2404 0.138617
-0.2313 0.133289
-0.2237 0.128834
-0.2170 0.124947
-0.2109 0.121423
-0.2052 0.118123
-0.1997 0.114948
-0.1943 0.111821
-0.1889 0.108690
-0.1835 0.105576
-0.1784 0.102636
-0.1740 0.100089
-0.1706 0.098109
-0.1683 0.096800
-0.1682 0.084512
-0.1726 0.071696
-0.1814 0.062260
-0.1939 0.055028
-0.2096 0.049166
-0.2150 0.165376
-0.2099 0.154438
-0.2063 0.146033
-0.2034 0.139308
-0.2007 0.133640
-0.1978 0.128577
-0.1943 0.123790
-0.1901 0.119053
-0.1850 0.114223
-0.1751 0.207817
-0.1493 0.176315
-0.1240 0.145827
-0.0977 0.114560
-0.0692 0.081029
-0.0382 0.044810
-0.0057 0.007036
0.0256 -0.029357
0.0521 -0.060078
0.0709 -0.081551
0.0821 -0.086382
0.0877 -0.085059
0.0893 -0.075536
0.0894 -0.062521
0.0886 -0.051241
0.0872 -0.041706
0.0854 -0.033758
0.0831 -0.027173
0.0803 -0.021702
0.0765 -0.017108
0.0713 -0.013183
0.0638 -0.009760
0.0531 -0.006720
0.0379 -0.003978
0.0165 -0.001448
-0.0142 0.000988
-0.0587 0.036926
-0.1104 0.068530
-0.1665 0.102102
-0.2173 0.131922
-0.2574 0.154884
-0.2861 0.170898
-0.3052 0.181126
-0.3166 0.186905
-0.3222 0.189391
-0.3236 0.189524
-0.3221 0.188069
-0.3188 0.185674
-0.3147 0.182874
-0.3104 0.180065
-0.3064 0.177468
-0.3028 0.175133
-0.2993 0.172976
-0.2959 0.170849
-0.2922 0.168593
-0.2880 0.166081
-0.2837 0.151278
-0.2829 0.124705
-0.2849 0.103826
-0.2885 0.086925
-0.2928 0.072958
-0.2974 0.061261
-0.3017 0.051386
-0.3055 0.043015
-0.3084 0.035910
-0.3104 0.029884
-0.3114 0.024785
-0.3112 0.020484
-0.3099 0.016868
-0.3076 0.013840
-0.3041 0.011316
-0.2997 0.009220
-0.2943 0.007486
-0.2880 0.006058
-0.2810 0.004887
-0.2740 0.003940
-0.2696 0.003205
-0.2467 0.144395
-0.2324 0.135538
-0.2293 0.133384
-0.2351 0.136410
-0.2466 0.142848
-0.2611 0.151029
-0.2649 0.305600
-0.2534 0.292185
-0.2453 0.282703
-0.2393 0.275669
-0.2359 0.253202
-0.2369 0.233751
-0.2406 0.220192
-0.2457 0.210447
-0.2516 0.203180
-0.2574 0.197484
-0.2626 0.192728
-0.2668 0.188457
-0.2696 0.184346
-0.2709 0.180160
-0.2717 0.158791
-0.2751 0.132926
-0.2801 0.111896
-0.2857 0.094353
-0.2911 0.079494
-0.2959 0.066818
-0.2999 0.055994
-0.3030 0.046777
-0.3053 0.038964
-0.3068 0.032376
-0.3077 0.026844
-0.3079 0.022215
-0.3076 0.018350
-0.3068 0.015130
-0.3053 0.012450
-0.3032 0.010224
-0.3005 0.008377
-0.2971 0.006849
-0.2931 0.005586
-0.2884 0.004544
-0.2830 0.003687
-0.2770 0.002984
-0.2702 0.002407
-0.2628 0.001936
-0.2547 0.001551
-0.2458 0.001238
-0.2361 0.000983
-0.2255 0.000776
-0.2138 0.000609
-0.2012 0.000474
-0.1888 0.000367
-0.1787 0.000287
-0.1730 0.000230
-0.1738 0.000191
-0.1822 0.000166
-0.1988 0.000149
-0.2226 0.000138
-0.2517 0.000129
-0.2834 0.000120
-0.3155 0.000111
-0.3460 0.000100
-0.3739 0.000090
-0.3984 0.000079
-0.4194 0.000069
-0.4367 0.000059
-0.4505 0.000051
-0.4608 0.000043
-0.4679 0.000036
-0.4721 0.000030
-0.4735 0.000025
-0.4723 0.000020
-0.4688 0.000017
-0.4633 0.000014
-0.4559 0.000011
-0.4476 0.000009
-0.4399 0.000007
-0.4346 0.000006
-0.4329 0.000005
-0.4346 0.000004
-0.4392 0.000003
-0.4458 0.000003
-0.4536 0.000002
-0.4616 0.000002
-0.4693 0.000002
-0.4761 0.000001
-0.4817 0.000001
-0.4857 0.000001
-0.4880 0.000001
-0.4887 0.000001
-0.4877 0.000001
-0.4857 0.000000
-0.4829 0.000000
-0.4800 0.000000
-0.4773 0.000000
-0.4748 0.000000
-0.4726 0.000000
-0.4705 0.000000
-0.4683 0.000000
-0.4658 0.000000
-0.4628 0.000000
-0.4592 0.000000
-0.4547 0.000000
-0.4493 0.000000
-0.4428 0.000000
-0.4353 0.000000
-0.4267 0.000000
-0.4170 0.000000
-0.4062 0.000000
-0.3945 0.000000
-0.3817 0.000000
-0.3681 0.000000
-0.3537 0.000000
-0.3386 0.000000
-0.3229 0.000000
-0.3065 0.000000
-0.2896 0.000000
-0.2720 0.000000
-0.2537 0.000000
-0.2344 0.000000
-0.2138 0.000000
-0.1912 0.000000
-0.1655 0.000000
-0.1345 0.000000
-0.0939 0.000000
-0.0284 0.033641
0.0618 -0.105114
0.1372 -0.235686
0.1744 -0.300481
0.1725 -0.397267
0.1447 -0.333435
0.1149 -0.264900
0.0856 -0.197512
0.0572 -0.132281
0.0292 -0.067533
0.0009 -0.002648
-0.0292 0.057141
-0.0635 0.109370
-0.1027 0.156763
-0.1449 0.192520
-0.1882 0.206855
-0.2299 0.209057
-0.2682 0.201717
-0.3025 0.188158
-0.3328 0.171223
-0.3596 0.152953
-0.3829 0.134683
-0.4030 0.117231
-0.4202 0.101057
-0.4344 0.086392
-0.4458 0.073314
-0.4545 0.061804
-0.4606 0.051785
-0.4641 0.043147
-0.4653 0.035763
-0.4641 0.029497
-0.4608 0.024218
-0.4556 0.019798
-0.4487 0.016120
-0.4402 0.013076
-0.4303 0.010570
-0.4193 0.008516
-0.4073 0.006839
-0.3945 0.005477
-0.3810 0.004374
-0.3670 0.003484
-0.3525 0.002767
-0.3378 0.002192
-0.3227 0.001731
-0.3073 0.001364
-0.2917 0.001070
-0.2758 0.000837
-0.2595 0.000651
-0.2426 0.000503
-0.2250 0.000386
-0.2061 0.000292
-0.1855 0.000218
-0.1622 0.000157
-0.1343 0.000108
-0.0983 0.000065
-0.0392 0.022981
0.0447 -0.050413
0.1253 -0.287193
0.1543 -0.354677
