0.5551
0.5846
0.6223
0.6527
0.6669
0.6717
0.6729
0.6725
0.6732
0.6736
0.6726
0.6733
0.6728
0.6731
0.6725
0.6729
0.6727
0.6731
0.6728
0.6731
0.6724
0.6730
0.6728
0.6729
0.6732
0.6728
0.6728
0.6726
0.6728
0.6735
0.6725
0.6729
0.6734
0.6724
0.6731
0.6728
0.6725
0.6733
0.6721
0.6731
0.6739
0.6738
0.6729
0.6726
0.6732
0.6726
0.6728
0.6721
0.6729
0.6732
0.6729
0.6730
0.6727
0.6726
0.6723
0.6727
0.6728
0.6734
0.6728
0.6725
0.6724
0.6727
0.6730
0.6733
0.6726
0.6728
0.6728
0.6729
0.6730
0.6731
0.6731
0.6730
0.6723
0.6731
0.6725
0.6729
0.6728
0.6728
0.6727
0.6732
0.6726
0.6724
0.6732
0.6724
0.6727
0.6732
0.6733
0.6736
0.6726
0.6729
0.6733
0.6726
0.6731
0.6728
0.6734
0.6729
0.6726
0.6725
0.6730
0.6726
0.6732
0.6731
0.6732
0.6722
0.6722
0.6726
0.6728
0.6729
0.6729
0.6726
0.6731
0.6726
0.6730
0.6725
0.6722
0.6732
0.6733
0.6727
0.6731
0.6721
0.6722
0.6728
0.6725
0.6729
0.6731
0.6728
0.6725
0.6733
0.6725
0.6725
0.6722
0.6725
0.6724
0.6726
0.6726
