0.0613
0.0577
0.0542
0.0508
0.0476
0.0445
0.0415
0.0388
0.0363
0.0340
0.0320
0.0793
0.0704
0.0617
0.0528
0.0432
0.0325
0.0203
0.0059
-0.0115
-0.0330
-0.0597
-0.0917
-0.1274
-0.1630
-0.1952
-0.2243
-0.2497
-0.2714
-0.2895
-0.3045
-0.3166
-0.3262
-0.3334
-0.3383
-0.3410
-0.3418
-0.3410
-0.3391
-0.3361
-0.3324
-0.3280
-0.3232
-0.3180
-0.3124
-0.3065
-0.3005
-0.2943
-0.2880
-0.2817
-0.2693
-0.2386
-0.2111
-0.1853
-0.1598
-0.1183
-0.0729
-0.0178
0.0483
0.1083
0.1492
0.1720
0.1825
0.1847
0.1713
0.1610
0.1520
0.1436
0.1354
0.1280
0.1219
0.1162
0.1104
0.1044
0.0978
0.0907
0.0830
0.0746
0.0653
0.0550
0.0433
0.0299
0.0141
-0.0050
-0.0289
-0.0588
-0.0952
-0.1355
-0.1755
-0.2127
-0.2452
-0.2722
-0.2939
-0.3110
-0.3243
-0.3342
-0.3415
-0.3465
-0.3497
-0.3512
-0.3514
-0.3503
-0.3480
-0.3447
-0.3406
-0.3358
-0.3305
-0.3247
-0.3187
-0.3124
-0.3059
-0.2767
