0.6613 11.6337
0.8281 34.5405
0.9081 56.0889
0.9362 73.2423
0.9421 82.2503
0.9408 80.2663
0.9383 72.0979
0.9361 63.0508
0.9344 54.7754
0.9330 47.5092
0.9317 41.1910
0.9303 35.7106
0.9287 30.9597
0.9268 26.8420
0.9246 23.2732
0.9222 20.1804
0.9193 17.5004
0.9161 15.1782
0.9124 13.1663
0.9081 11.4233
0.9033 9.9134
0.8978 8.6055
0.8915 7.4727
0.8844 6.4916
0.8764 5.6420
0.8674 4.9062
0.8573 4.2690
0.8460 3.7173
0.8334 3.2396
0.8195 2.8260
0.8043 2.4679
0.7876 2.1578
0.7695 1.8894
0.7501 1.6570
0.7294 1.4558
0.7076 1.2817
0.6849 1.1309
0.6614 1.0004
0.6375 0.8875
0.6134 0.7897
0.5895 0.7050
0.5660 0.6317
0.5432 0.5683
0.5214 0.5134
0.5007 0.4659
0.4814 0.4248
0.4635 0.3892
0.4470 0.3584
0.4320 0.3317
0.4185 0.3086
0.4064 0.2896
0.4068 0.3864
0.5651 4.7501
0.7680 23.9350
0.8820 46.7587
0.9279 66.0992
0.9409 79.2593
0.9417 81.9963
0.9393 75.7720
0.9369 66.8030
0.9351 58.1587
0.9336 50.4770
0.9323 43.7763
0.9309 37.9588
0.9294 32.9139
0.9276 28.5402
0.9256 24.7489
0.9233 21.4627
0.9206 18.6144
0.9176 16.1459
0.9140 14.0068
0.9100 12.1532
0.9055 10.5472
0.9003 9.1558
0.8944 7.9505
0.8877 6.9064
0.8801 6.0020
0.8715 5.2186
0.8619 4.5402
0.8511 3.9526
0.8392 3.4438
0.8259 3.0031
0.8112 2.6216
0.7952 2.2912
0.7778 2.0051
0.7590 1.7574
0.7389 1.5429
0.7176 1.3572
0.6953 1.1964
0.6721 1.0572
0.6484 0.9367
0.6244 0.8324
0.6003 0.7421
0.5766 0.6639
0.5535 0.5962
0.5312 0.5376
0.5100 0.4868
0.4901 0.4429
0.4715 0.4049
0.4544 0.3720
0.4388 0.3435
0.4246 0.3189
0.4118 0.2977
0.4025 0.3010
0.4798 1.6319
0.6979 14.5969
0.8471 37.6360
0.9152 58.5818
0.9379 74.6774
0.9419 81.9203
0.9403 78.6581
0.9378 70.2667
0.9357 61.3862
0.9341 53.3311
0.9328 46.2688
0.9315 40.1283
0.9300 34.8006
0.9283 30.1807
0.9264 26.1751
0.9242 22.7024
0.9217 19.6919
0.9188 17.0823
0.9155 14.8205
0.9117 12.8602
0.9074 11.1614
0.9024 9.6894
0.8968 8.4139
0.8904 7.3088
0.8832 6.3514
0.8751 5.5221
0.8659 4.8036
0.8556 4.1813
0.8442 3.6423
0.8315 3.1755
0.8174 2.7711
0.8019 2.4210
0.7851 2.1177
0.7669 1.8551
0.7473 1.6277
0.7265 1.4308
0.7046 1.2603
0.6818 1.1126
0.6583 0.9848
0.6344 0.8741
0.6103 0.7782
0.5865 0.6952
0.5631 0.6234
0.5405 0.5612
0.5188 0.5073
0.4983 0.4607
0.4792 0.4203
0.4615 0.3854
0.4452 0.3551
0.4304 0.3289
0.4170 0.3063
0.4056 0.2915
0.4274 0.6194
0.6234 7.8381
0.8044 28.9430
0.8976 51.0920
0.9327 69.2600
0.9415 80.2302
0.9411 80.5254
0.9387 73.3405
0.9364 64.4173
0.9347 56.0469
0.9333 48.6491
0.9319 42.2026
0.9305 36.6056
0.9290 31.7507
0.9271 27.5405
0.9251 23.8897
0.9227 20.7242
0.9199 17.9798
0.9167 15.6006
0.9131 13.5382
0.9090 11.7506
0.9043 10.2013
0.8989 8.8587
0.8929 7.6952
0.8860 6.6871
0.8782 5.8136
0.8694 5.0568
0.8596 4.4012
0.8486 3.8332
0.8363 3.3412
0.8228 2.9150
0.8079 2.5459
0.7915 2.2262
0.7739 1.9492
0.7548 1.7094
0.7345 1.5017
0.7130 1.3218
0.6905 1.1660
0.6672 1.0311
0.6435 0.9143
0.6195 0.8131
0.5955 0.7255
0.5720 0.6496
0.5490 0.5840
0.5270 0.5271
0.5061 0.4778
0.4864 0.4352
0.4681 0.3983
0.4513 0.3663
0.4360 0.3386
0.4221 0.3147
0.4097 0.2953
0.4092 0.3774
0.5515 3.8216
0.7558 20.9901
0.8754 43.8618
0.9253 63.5537
0.9401 77.3686
0.9415 81.2602
0.9394 75.9039
0.9371 67.1962
0.9352 58.5882
0.9337 50.8883
0.9324 44.1573
0.9310 38.3077
0.9295 33.2319
0.9277 28.8291
0.9258 25.0107
0.9235 21.6993
0.9208 18.8279
0.9178 16.3381
0.9144 14.1795
0.9104 12.3082
0.9059 10.6860
0.9008 9.2800
0.8950 8.0613
0.8883 7.0052
0.8809 6.0900
0.8724 5.2970
0.8630 4.6098
0.8524 4.0145
0.8406 3.4987
0.8275 3.0518
0.8130 2.6646
0.7972 2.3293
0.7800 2.0388
0.7614 1.7871
0.7415 1.5692
0.7204 1.3804
0.6983 1.2169
0.6753 1.0753
0.6517 0.9526
0.6277 0.8464
0.6038 0.7544
0.5800 0.6747
0.5569 0.6057
0.5345 0.5459
0.5132 0.4942
0.4931 0.4494
0.4744 0.4106
0.4570 0.3770
0.4412 0.3479
0.4268 0.3227
0.4139 0.3014
0.4059 0.3164
0.4906 1.7537
0.7043 14.3442
0.8493 37.0629
0.9156 57.9173
0.9377 73.8363
0.9417 80.9544
0.9401 77.8703
0.9377 69.6807
0.9357 60.9319
0.9341 52.9696
0.9327 45.9787
0.9314 39.8954
0.9299 34.6144
0.9283 30.0327
0.9264 26.0583
0.9242 22.6110
0.9216 19.6212
0.9187 17.0284
0.9154 14.7800
0.9116 12.8306
0.9073 11.1404
0.9024 9.6751
0.8968 8.4049
0.8904 7.3040
0.8832 6.3498
0.8751 5.5228
0.8659 4.8061
0.8557 4.1850
0.8443 3.6468
0.8316 3.1805
0.8176 2.7765
0.8022 2.4265
0.7854 2.1232
0.7672 1.8605
0.7477 1.6329
0.7270 1.4357
0.7052 1.2649
0.6825 1.1170
0.6590 0.9889
0.6352 0.8778
0.6112 0.7817
0.5874 0.6984
0.5641 0.6263
0.5414 0.5638
0.5198 0.5097
0.4993 0.4629
0.4801 0.4223
0.4624 0.3871
0.4461 0.3567
0.4312 0.3304
0.4178 0.3077
0.4072 0.3010
0.4485 0.8631
0.6527 9.4278
0.8204 30.7882
0.9038 52.5345
0.9343 70.0261
0.9414 79.8492
0.9406 79.2284
0.9383 71.8626
0.9361 63.0819
0.9344 54.8989
0.9331 47.6723
0.9317 41.3735
0.9303 35.9024
0.9287 31.1545
0.9269 27.0353
0.9248 23.4618
0.9223 20.3619
0.9195 17.6732
0.9163 15.3413
0.9127 13.3190
0.9085 11.5654
0.9037 10.0450
0.8983 8.7267
0.8922 7.5839
0.8852 6.5932
0.8773 5.7345
0.8685 4.9902
0.8586 4.3451
0.8475 3.7860
0.8352 3.3015
0.8215 2.8817
0.8065 2.5179
0.7901 2.2027
0.7724 1.9295
0.7533 1.6929
0.7329 1.4879
0.7114 1.3102
0.6889 1.1563
0.6657 1.0230
0.6419 0.9075
0.6180 0.8075
0.5941 0.7208
0.5706 0.6458
0.5478 0.5807
0.5258 0.5244
0.5050 0.4756
0.4855 0.4334
0.4673 0.3967
0.4506 0.3650
0.4354 0.3376
0.4216 0.3139
0.4098 0.2990
0.4255 0.5323
0.6030 6.0546
0.7893 25.0984
0.8902 47.4803
0.9300 66.1840
0.9407 78.2079
0.9410 80.0328
0.9388 73.7596
0.9366 65.0621
0.9348 56.6988
0.9334 49.2576
0.9321 42.7585
0.9307 37.1097
0.9291 32.2063
0.9273 27.9514
0.9253 24.2597
0.9229 21.0568
0.9202 18.2783
0.9171 15.8682
0.9136 13.7777
0.9095 11.9647
0.9049 10.3924
0.8997 9.0291
0.8937 7.8470
0.8870 6.8221
0.8794 5.9336
0.8708 5.1634
0.8611 4.4957
0.8503 3.9170
0.8383 3.4155
0.8250 2.9808
0.8104 2.6040
0.7944 2.2775
0.7770 1.9946
0.7582 1.7495
0.7382 1.5370
0.7169 1.3530
0.6947 1.1935
0.6716 1.0553
0.6480 0.9356
0.6241 0.8319
0.6002 0.7420
0.5766 0.6642
0.5536 0.5967
0.5314 0.5383
0.5103 0.4877
0.4905 0.4438
0.4719 0.4058
0.4548 0.3729
0.4392 0.3445
0.4251 0.3198
0.4126 0.3011
0.4149 0.4035
0.5568 3.7839
0.7571 20.0732
0.8751 42.7733
0.9248 62.4414
0.9397 76.2408
0.9413 80.3662
0.9393 75.3933
0.9370 66.8976
0.9351 58.3934
0.9337 50.7560
0.9323 44.0689
0.9310 38.2523
0.9295 33.2018
0.9277 28.8186
0.9258 25.0150
0.9235 21.7147
0.9208 18.8512
0.9178 16.3670
0.9144 14.2120
0.9105 12.3427
0.9060 10.7215
0.9009 9.3155
0.8951 8.0962
0.8886 7.0390
0.8811 6.1223
0.8728 5.3275
0.8634 4.6385
0.8529 4.0412
0.8412 3.5235
0.8282 3.0747
0.8139 2.6857
0.7982 2.3486
0.7811 2.0564
0.7626 1.8031
0.7429 1.5837
0.7220 1.3935
0.7000 1.2287
0.6771 1.0859
0.6536 0.9622
0.6298 0.8550
0.6058 0.7621
0.5822 0.6816
0.5590 0.6119
0.5366 0.5515
0.5153 0.4991
0.4951 0.4538
0.4763 0.4145
0.4588 0.3805
0.4429 0.3510
0.4283 0.3255
0.4154 0.3047
0.4107 0.3463
0.5153 2.2922
0.7239 15.7867
0.8586 38.3916
0.9187 58.8513
0.9382 74.0988
0.9414 80.3349
0.9398 76.8066
0.9374 68.6296
0.9355 60.0204
0.9339 52.1999
0.9326 45.3325
0.9313 39.3539
0.9298 34.1612
0.9281 29.6539
0.9262 25.7423
0.9240 22.3478
0.9214 19.4024
0.9185 16.8468
0.9151 14.6296
0.9113 12.7062
0.9070 11.0378
0.9020 9.5907
0.8964 8.3357
0.8900 7.2473
0.8828 6.3036
0.8746 5.4852
0.8654 4.7757
0.8552 4.1605
0.8437 3.6272
0.8310 3.1649
0.8170 2.7641
0.8016 2.4168
0.7849 2.1157
0.7667 1.8547
0.7473 1.6285
0.7266 1.4325
0.7048 1.2626
0.6821 1.1154
0.6588 0.9878
0.6350 0.8772
0.6111 0.7814
0.5873 0.6984
0.5640 0.6265
0.5415 0.5641
0.5199 0.5101
0.4995 0.4633
0.4803 0.4228
0.4626 0.3877
0.4463 0.3572
0.4315 0.3309
0.4182 0.3087
0.4097 0.3198
0.4802 1.3834
0.6899 12.2507
0.8406 34.2851
0.9117 55.4093
0.9364 71.8587
0.9414 80.0149
0.9402 78.0299
0.9378 70.2905
0.9358 61.6121
0.9342 53.6183
0.9328 46.5743
0.9315 40.4360
0.9301 35.1030
0.9284 30.4734
0.9266 26.4553
0.9244 22.9682
0.9219 19.9422
0.9191 17.3164
0.9158 15.0382
0.9121 13.0616
0.9079 11.3470
0.9030 9.8596
0.8975 8.5696
0.8913 7.4507
0.8843 6.4804
0.8763 5.6390
0.8674 4.9094
0.8573 4.2768
0.8461 3.7283
0.8337 3.2527
0.8199 2.8405
0.8048 2.4831
0.7884 2.1733
0.7705 1.9048
0.7513 1.6721
0.7309 1.4703
0.7093 1.2955
0.6868 1.1440
0.6636 1.0126
0.6399 0.8988
0.6160 0.8002
0.5922 0.7147
0.5688 0.6406
0.5461 0.5764
0.5243 0.5208
0.5036 0.4726
0.4842 0.4309
0.4662 0.3947
0.4496 0.3633
0.4345 0.3362
0.4208 0.3130
0.4103 0.3082
0.4528 0.8736
0.6548 9.3627
0.8208 30.3817
0.9037 52.0737
0.9341 69.5473
0.9412 79.4569
0.9406 79.0921
0.9382 71.9156
0.9361 63.2043
0.9345 55.0430
0.9331 47.8219
0.9318 41.5223
0.9304 36.0475
0.9288 31.2944
0.9269 27.1690
0.9248 23.5886
0.9224 20.4814
0.9196 17.7851
0.9165 15.4456
0.9129 13.4158
0.9087 11.6548
0.9040 10.1272
0.8986 8.8021
0.8926 7.6528
0.8857 6.6560
0.8779 5.7916
0.8692 5.0420
0.8593 4.3920
0.8484 3.8284
0.8362 3.3397
0.8227 2.9161
0.8079 2.5488
0.7917 2.2304
0.7741 1.9544
0.7552 1.7151
0.7350 1.5077
0.7136 1.3280
0.6913 1.1722
0.6682 1.0371
0.6446 0.9201
0.6208 0.8187
0.5969 0.7308
0.5734 0.6546
0.5506 0.5885
0.5286 0.5313
0.5077 0.4818
0.4880 0.4388
0.4697 0.4016
0.4529 0.3693
0.4374 0.3414
0.4235 0.3173
0.4118 0.3042
0.4333 0.6020
0.6186 6.9989
0.7991 26.6431
0.8944 48.8102
0.9313 67.1721
0.9409 78.6824
0.9409 79.9982
0.9386 73.5197
0.9364 64.8187
0.9347 56.4952
0.9333 49.0942
0.9320 42.6296
0.9306 37.0094
0.9291 32.1297
0.9273 27.8943
0.9253 24.2184
0.9229 21.0284
0.9202 18.2602
0.9171 15.8582
0.9136 13.7741
0.9095 11.9660
0.9049 10.3975
0.8997 9.0369
0.8938 7.8567
0.8870 6.8331
0.8794 5.9454
0.8709 5.1755
0.8613 4.5080
0.8505 3.9291
0.8386 3.4272
0.8254 2.9920
0.8108 2.6147
0.7949 2.2876
0.7776 2.0041
0.7589 1.7583
0.7389 1.5452
0.7178 1.3605
0.6957 1.2004
0.6727 1.0617
0.6492 0.9414
0.6254 0.8371
0.6015 0.7468
0.5780 0.6685
0.5550 0.6006
0.5328 0.5418
0.5117 0.4909
0.4918 0.4467
0.4732 0.4084
0.4560 0.3753
0.4404 0.3465
0.4261 0.3217
0.4137 0.3039
0.4207 0.4548
0.5812 5.0277
0.7750 23.0202
0.8837 45.5629
0.9278 64.7135
0.9403 77.6891
0.9412 80.7424
0.9391 75.1136
0.9368 66.4759
0.9350 57.9952
0.9336 50.4094
0.9323 43.7734
0.9309 38.0021
0.9294 32.9908
0.9277 28.6413
0.9257 24.8665
0.9234 21.5907
0.9207 18.7481
0.9177 16.2815
0.9143 14.1415
0.9103 12.2848
0.9058 10.6741
0.9007 9.2769
0.8949 8.0650
0.8884 7.0139
0.8809 6.1023
0.8726 5.3117
0.8632 4.6261
0.8527 4.0316
0.8409 3.5162
0.8280 3.0692
0.8137 2.6817
0.7980 2.3458
0.7809 2.0546
0.7625 1.8021
0.7428 1.5832
0.7219 1.3935
0.6999 1.2290
0.6771 1.0865
0.6537 0.9629
0.6299 0.8558
0.6060 0.7630
0.5824 0.6826
0.5593 0.6129
0.5369 0.5524
0.5156 0.5001
0.4955 0.4547
0.4766 0.4154
0.4592 0.3813
0.4433 0.3517
0.4287 0.3262
0.4158 0.3057
0.4137 0.3737
0.5430 3.4029
0.7481 19.4997
0.8712 42.2840
0.9235 62.1465
0.9395 76.4576
0.9415 81.2940
0.9395 76.6850
0.9372 68.1806
0.9353 59.5514
0.9338 51.7757
0.9325 44.9612
0.9312 39.0322
0.9297 33.8836
0.9280 29.4151
0.9261 25.5372
0.9238 22.1722
0.9213 19.2522
0.9183 16.7186
0.9149 14.5204
0.9111 12.6134
0.9067 10.9591
0.9017 9.5240
0.8961 8.2793
0.8897 7.1997
0.8824 6.2634
0.8742 5.4515
0.8650 4.7473
0.8547 4.1368
0.8432 3.6073
0.8305 3.1483
0.8164 2.7503
0.8010 2.4053
0.7842 2.1062
0.7661 1.8468
0.7466 1.6220
0.7259 1.4272
0.7041 1.2582
0.6815 1.1118
0.6581 0.9849
0.6344 0.8749
0.6105 0.7796
0.5868 0.6969
0.5636 0.6253
0.5411 0.5632
0.5196 0.5094
0.4992 0.4628
0.4801 0.4224
0.4624 0.3874
0.4462 0.3570
0.4314 0.3308
0.4181 0.3086
0.4107 0.3309
0.5057 2.1591
0.7185 16.1248
0.8567 38.9528
0.9183 59.4638
0.9384 74.9786
0.9417 81.6132
0.9400 78.2046
0.9376 69.9246
0.9356 61.1618
0.9341 53.1927
0.9328 46.1933
0.9314 40.1000
0.9300 34.8086
0.9283 30.2162
0.9264 26.2312
0.9243 22.7733
0.9218 19.7730
0.9189 17.1699
0.9156 14.9115
0.9119 12.9523
0.9076 11.2528
0.9027 9.7786
0.8972 8.4999
0.8909 7.3909
0.8838 6.4292
0.8758 5.5951
0.8668 4.8719
0.8567 4.2447
0.8455 3.7009
0.8330 3.2295
0.8192 2.8207
0.8040 2.4663
0.7875 2.1590
0.7696 1.8927
0.7504 1.6618
0.7299 1.4616
0.7083 1.2881
0.6858 1.1377
0.6626 1.0074
0.6389 0.8944
0.6150 0.7965
0.5913 0.7116
0.5679 0.6380
0.5453 0.5742
0.5235 0.5190
0.5029 0.4711
0.4836 0.4296
0.4657 0.3936
0.4491 0.3624
0.4341 0.3354
0.4205 0.3123
0.4102 0.3110
0.4718 1.3109
0.6860 12.9576
0.8398 35.5489
0.9120 56.6558
0.9368 73.2441
0.9417 81.6514
0.9404 79.6254
0.9380 71.6859
0.9359 62.8140
0.9343 54.6514
0.9330 47.4622
0.9317 41.1997
0.9303 35.7606
0.9287 31.0404
0.9268 26.9447
0.9247 23.3912
0.9223 20.3081
0.9195 17.6333
0.9163 15.3129
0.9126 13.3000
0.9084 11.5539
0.9037 10.0395
0.8983 8.7260
0.8922 7.5868
0.8852 6.5989
0.8774 5.7421
0.8686 4.9993
0.8587 4.3551
0.8477 3.7966
0.8354 3.3123
0.8219 2.8925
0.8069 2.5285
0.7907 2.2130
0.7730 1.9394
0.7540 1.7023
0.7338 1.4968
0.7124 1.3186
0.6900 1.1641
0.6669 1.0303
0.6433 0.9142
0.6195 0.8136
0.5957 0.7265
0.5722 0.6509
0.5494 0.5854
0.5275 0.5287
0.5067 0.4795
0.4871 0.4369
0.4689 0.3999
0.4521 0.3679
0.4368 0.3402
0.4229 0.3162
0.4112 0.3037
0.4446 0.8110
0.6512 10.0948
0.8207 32.0939
0.9044 53.7462
0.9347 71.2808
0.9417 81.3801
0.9408 80.8948
0.9384 73.4325
0.9362 64.4868
0.9346 56.1350
0.9332 48.7540
0.9319 42.3191
0.9306 36.7295
0.9290 31.8789
0.9272 27.6705
0.9251 24.0194
0.9227 20.8520
0.9200 18.1042
0.9169 15.7206
0.9133 13.6531
0.9093 11.8597
0.9046 10.3043
0.8993 8.9553
0.8934 7.7854
0.8866 6.7709
0.8789 5.8912
0.8703 5.1284
0.8606 4.4670
0.8498 3.8935
0.8378 3.3963
0.8244 2.9652
0.8098 2.5915
0.7938 2.2676
0.7764 1.9867
0.7576 1.7433
0.7376 1.5323
0.7164 1.3494
0.6942 1.1908
0.6712 1.0534
0.6477 0.9343
0.6238 0.8310
0.6000 0.7415
0.5765 0.6640
0.5535 0.5968
0.5314 0.5385
0.5104 0.4880
0.4906 0.4442
0.4721 0.4063
0.4551 0.3735
0.4395 0.3450
0.4253 0.3203
0.4129 0.3024
0.4262 0.5472
0.6149 7.6177
0.7994 28.6446
0.8955 50.7836
0.9321 69.1437
0.9414 80.8007
0.9412 81.9654
0.9388 75.1289
0.9366 66.1559
0.9349 57.6243
0.9335 50.0526
0.9322 43.4448
0.9308 37.7038
0.9293 32.7219
0.9275 28.3999
0.9255 24.6507
0.9232 21.3983
0.9205 18.5771
0.9175 16.1300
0.9140 14.0075
0.9100 12.1665
0.9055 10.5700
0.9004 9.1853
0.8945 7.9846
0.8879 6.9434
0.8804 6.0406
0.8719 5.2577
0.8624 4.5790
0.8518 3.9905
0.8400 3.4803
0.8269 3.0380
0.8125 2.6546
0.7967 2.3222
0.7796 2.0341
0.7611 1.7843
0.7413 1.5678
0.7203 1.3801
0.6982 1.2175
0.6754 1.0765
0.6519 0.9543
0.6281 0.8483
0.6042 0.7565
0.5806 0.6770
0.5576 0.6080
0.5353 0.5483
0.5141 0.4965
0.4940 0.4516
0.4753 0.4127
0.4580 0.3790
0.4422 0.3498
0.4277 0.3245
0.4149 0.3039
0.4158 0.4147
0.5782 5.5372
0.7763 25.2526
0.8855 47.8127
0.9290 66.8917
0.9410 79.9353
0.9415 82.7948
0.9392 76.7316
0.9369 67.7881
0.9351 59.0916
