0.2653 -0.265545
0.2356 -0.235908
0.1994 -0.199725
0.1636 -0.163933
0.1301 -0.130443
0.0984 -0.098733
0.0668 -0.067164
0.0330 -0.033323
-0.0066 0.005793
-0.0565 0.044538
-0.1204 0.078868
-0.1922 0.104274
-0.2598 0.116705
-0.3174 0.117981
-0.3648 0.112176
-0.4037 0.102665
-0.4358 0.091648
-0.4625 0.080425
-0.4848 0.069711
-0.5035 0.059867
-0.5192 0.051043
-0.5322 0.043266
-0.5429 0.036496
-0.5516 0.030657
-0.5583 0.025656
-0.5632 0.021399
-0.5663 0.017791
-0.5677 0.014747
-0.5674 0.012187
-0.5654 0.010041
-0.5616 0.008247
-0.5560 0.006751
-0.5486 0.005508
-0.5392 0.004476
-0.5278 0.003623
-0.5143 0.002918
-0.4985 0.002339
-0.4805 0.001864
-0.4601 0.001476
-0.4374 0.001160
-0.4121 0.000904
-0.3844 0.000697
-0.3540 0.000531
-0.3208 0.000398
-0.2844 0.000292
-0.2441 0.000207
-0.1978 0.000139
-0.1412 0.000082
-0.0621 0.015798
0.0641 -0.062698
0.1917 -0.190690
0.2612 -0.260808
0.2740 -0.274105
0.2536 -0.253863
0.2196 -0.219981
0.1832 -0.183530
0.1484 -0.148780
0.1160 -0.116304
0.0847 -0.084994
0.0525 -0.052881
0.0168 -0.017068
-0.0264 0.023004
-0.0821 0.059869
-0.1506 0.091073
-0.2217 0.111013
-0.2852 0.118201
-0.3382 0.115968
-0.3817 0.108250
-0.4174 0.097901
-0.4469 0.086691
-0.4715 0.075636
-0.4922 0.065278
-0.5095 0.055872
-0.5239 0.047509
-0.5359 0.040180
-0.5456 0.033827
-0.5534 0.028366
-0.5592 0.023702
-0.5633 0.019740
-0.5656 0.016389
-0.5662 0.013566
-0.5651 0.011195
-0.5623 0.009210
-0.5577 0.007553
-0.5513 0.006174
-0.5430 0.005028
-0.5327 0.004078
-0.5203 0.003294
-0.5058 0.002648
-0.4891 0.002117
-0.4700 0.001682
-0.4486 0.001327
-0.4247 0.001039
-0.3984 0.000806
-0.3694 0.000618
-0.3378 0.000467
-0.3032 0.000347
-0.2651 0.000251
-0.2223 0.000174
-0.1719 0.000111
-0.1069 0.000057
-0.0065 0.003891
0.1311 -0.129738
0.2337 -0.232954
0.2733 -0.273145
0.2671 -0.267278
0.2382 -0.238534
0.2022 -0.202552
0.1664 -0.166712
0.1328 -0.133169
0.1012 -0.101522
0.0699 -0.070215
0.0366 -0.036936
-0.0019 0.001437
-0.0501 0.040360
-0.1123 0.075074
-0.1834 0.101628
-0.2517 0.115463
-0.3103 0.117801
-0.3586 0.112632
-0.3983 0.103446
-0.4309 0.092560
-0.4580 0.081353
-0.4806 0.070594
-0.4996 0.060675
-0.5154 0.051763
-0.5286 0.043897
-0.5395 0.037041
-0.5482 0.031123
-0.5550 0.026053
-0.5600 0.021733
-0.5632 0.018073
-0.5646 0.014982
-0.5644 0.012383
-0.5625 0.010203
-0.5588 0.008381
-0.5533 0.006862
-0.5460 0.005599
-0.5367 0.004551
-0.5254 0.003684
-0.5120 0.002968
-0.4964 0.002380
-0.4786 0.001897
-0.4584 0.001502
-0.4358 0.001181
-0.4107 0.000920
-0.3832 0.000710
-0.3530 0.000541
-0.3199 0.000405
-0.2837 0.000297
-0.2435 0.000211
-0.1973 0.000142
-0.1408 0.000084
-0.0616 0.015670
0.0644 -0.063034
0.1919 -0.190900
0.2615 -0.261076
0.2744 -0.274489
0.2540 -0.254334
0.2201 -0.220511
0.1838 -0.184113
0.1491 -0.149431
0.1167 -0.117058
0.0856 -0.085907
0.0537 -0.054047
0.0184 -0.018661
-0.0241 0.021160
-0.0789 0.057926
-0.1466 0.089295
-0.2176 0.109748
-0.2814 0.117475
-0.3347 0.115629
-0.3785 0.108147
-0.4144 0.097929
-0.4441 0.086786
-0.4688 0.075758
-0.4895 0.065406
-0.5068 0.055994
-0.5212 0.047619
-0.5332 0.040276
-0.5429 0.033909
-0.5506 0.028435
-0.5564 0.023759
-0.5604 0.019787
-0.5627 0.016427
-0.5633 0.013596
-0.5622 0.011219
-0.5593 0.009229
-0.5547 0.007568
-0.5483 0.006185
-0.5399 0.005036
-0.5296 0.004085
-0.5172 0.003299
-0.5027 0.002651
-0.4860 0.002119
-0.4669 0.001683
-0.4455 0.001328
-0.4216 0.001039
-0.3953 0.000806
-0.3664 0.000618
-0.3347 0.000467
-0.3001 0.000346
-0.2619 0.000250
-0.2188 0.000173
-0.1678 0.000110
-0.1013 0.000055
0.0024 -0.000530
0.1398 -0.138508
0.2383 -0.237676
0.2743 -0.274229
0.2661 -0.266304
0.2364 -0.236774
0.2003 -0.200701
0.1647 -0.165041
0.1314 -0.131734
0.1000 -0.100291
0.0688 -0.069132
0.0356 -0.035945
-0.0029 0.002344
-0.0511 0.040940
-0.1131 0.075316
-0.1840 0.101505
-0.2519 0.115052
-0.3101 0.117228
-0.3582 0.111996
-0.3975 0.102807
-0.4300 0.091951
-0.4568 0.080791
-0.4793 0.070086
-0.4980 0.060222
-0.5137 0.051364
-0.5267 0.043548
-0.5374 0.036738
-0.5460 0.030861
-0.5526 0.025827
-0.5574 0.021540
-0.5605 0.017907
-0.5618 0.014841
-0.5614 0.012263
-0.5593 0.010102
-0.5555 0.008295
-0.5499 0.006789
-0.5424 0.005537
-0.5330 0.004499
-0.5215 0.003640
-0.5080 0.002932
-0.4923 0.002349
-0.4743 0.001871
-0.4539 0.001481
-0.4312 0.001163
-0.4059 0.000906
-0.3782 0.000698
-0.3478 0.000531
-0.3145 0.000397
-0.2780 0.000290
-0.2372 0.000205
-0.1901 0.000136
-0.1316 0.000078
-0.0472 0.012098
0.0834 -0.082043
0.2052 -0.204248
0.2663 -0.266000
0.2736 -0.273667
0.2505 -0.250807
0.2159 -0.216225
0.1796 -0.179954
0.1453 -0.145653
0.1133 -0.113622
0.0823 -0.082655
0.0504 -0.050765
0.0148 -0.015030
-0.0284 0.024534
-0.0841 0.060741
-0.1522 0.091204
-0.2226 0.110444
-0.2854 0.117172
-0.3377 0.114719
-0.3806 0.106939
-0.4158 0.096622
-0.4449 0.085494
-0.4691 0.074544
-0.4893 0.064298
-0.5063 0.055005
-0.5203 0.046747
-0.5320 0.039516
-0.5414 0.033252
-0.5488 0.027871
-0.5543 0.023277
-0.5581 0.019376
-0.5601 0.016079
-0.5604 0.013302
-0.5590 0.010971
-0.5559 0.009021
-0.5510 0.007393
-0.5443 0.006038
-0.5357 0.004914
-0.5251 0.003983
-0.5124 0.003214
-0.4976 0.002580
-0.4806 0.002061
-0.4612 0.001635
-0.4395 0.001288
-0.4153 0.001007
-0.3887 0.000779
-0.3594 0.000596
-0.3273 0.000449
-0.2922 0.000331
-0.2533 0.000237
-0.2091 0.000162
-0.1559 0.000100
-0.0847 0.000045
0.0292 -0.020879
0.1642 -0.163037
0.2504 -0.249858
0.2759 -0.275918
0.2620 -0.262208
0.2302 -0.230517
0.1938 -0.194186
0.1586 -0.158963
0.1258 -0.126164
0.0947 -0.095035
0.0636 -0.063873
0.0299 -0.030261
-0.0095 0.008585
-0.0595 0.046322
-0.1231 0.079631
-0.1940 0.103931
-0.2605 0.115515
-0.3170 0.116322
-0.3635 0.110333
-0.4016 0.100812
-0.4329 0.089883
-0.4590 0.078795
-0.4807 0.068238
-0.4988 0.058555
-0.5140 0.049886
-0.5265 0.042255
-0.5368 0.035618
-0.5449 0.029897
-0.5511 0.025003
-0.5555 0.020839
-0.5582 0.017313
-0.5592 0.014339
-0.5584 0.011840
-0.5560 0.009747
-0.5518 0.007998
-0.5457 0.006541
-0.5379 0.005331
-0.5281 0.004327
-0.5162 0.003498
-0.5023 0.002814
-0.4861 0.002252
-0.4677 0.001791
-0.4469 0.001415
-0.4237 0.001110
-0.3980 0.000862
-0.3697 0.000662
-0.3388 0.000502
-0.3049 0.000373
-0.2675 0.000271
-0.2255 0.000189
-0.1763 0.000122
-0.1133 0.000065
-0.0179 0.009578
0.1185 -0.117145
0.2271 -0.226322
0.2729 -0.272747
0.2704 -0.270616
0.2431 -0.243395
0.2074 -0.207723
0.1714 -0.171764
0.1378 -0.138107
0.1063 -0.106564
0.0754 -0.075719
0.0431 -0.043440
0.0064 -0.006671
-0.0388 0.032357
-0.0972 0.067504
-0.1666 0.095890
-0.2357 0.112347
-0.2961 0.116821
-0.3462 0.112995
-0.3873 0.104533
-0.4210 0.093973
-0.4489 0.082856
-0.4721 0.072057
-0.4914 0.062029
-0.5076 0.052978
-0.5211 0.044965
-0.5321 0.037966
-0.5410 0.031916
-0.5479 0.026726
-0.5529 0.022301
-0.5562 0.018548
-0.5577 0.015379
-0.5576 0.012713
-0.5557 0.010477
-0.5522 0.008607
-0.5468 0.007047
-0.5396 0.005750
-0.5305 0.004675
-0.5194 0.003784
-0.5062 0.003050
-0.4909 0.002445
-0.4733 0.001949
-0.4534 0.001544
-0.4311 0.001214
-0.4063 0.000946
-0.3790 0.000730
-0.3491 0.000556
-0.3163 0.000416
-0.2803 0.000305
-0.2401 0.000216
-0.1937 0.000144
-0.1366 0.000084
-0.0556 0.014187
0.0719 -0.070484
0.1975 -0.196491
0.2645 -0.264097
0.2756 -0.275733
0.2544 -0.254655
0.2201 -0.220500
0.1837 -0.184096
0.1492 -0.149567
0.1171 -0.117431
0.0863 -0.086595
0.0548 -0.055169
0.0202 -0.020497
-0.0213 0.018872
-0.0746 0.055341
-0.1409 0.086734
-0.2113 0.107755
-0.2753 0.116177
-0.3289 0.114863
-0.3730 0.107723
-0.4090 0.097709
-0.4388 0.086680
-0.4635 0.075714
-0.4841 0.065391
-0.5013 0.055993
-0.5157 0.047621
-0.5275 0.040277
-0.5370 0.033907
-0.5446 0.028429
-0.5502 0.023750
-0.5541 0.019774
-0.5562 0.016413
-0.5566 0.013581
-0.5553 0.011203
-0.5523 0.009213
-0.5476 0.007552
-0.5410 0.006170
-0.5326 0.005022
-0.5221 0.004071
-0.5097 0.003286
-0.4951 0.002639
-0.4783 0.002108
-0.4592 0.001674
-0.4377 0.001319
-0.4138 0.001031
-0.3874 0.000798
-0.3584 0.000611
-0.3266 0.000460
-0.2917 0.000340
-0.2530 0.000244
-0.2090 0.000167
-0.1562 0.000103
-0.0852 0.000047
0.0277 -0.019709
0.1629 -0.161704
0.2506 -0.250012
0.2773 -0.277272
0.2638 -0.264075
0.2321 -0.232440
0.1956 -0.195990
0.1603 -0.160648
0.1275 -0.127807
0.0964 -0.096753
0.0655 -0.065822
0.0323 -0.032665
-0.0063 0.005644
-0.0550 0.043387
-0.1173 0.076861
-0.1876 0.101882
-0.2544 0.114384
-0.3115 0.115902
-0.3586 0.110352
-0.3971 0.101070
-0.4288 0.090250
-0.4550 0.079198
-0.4769 0.068634
-0.4951 0.058922
-0.5103 0.050216
-0.5229 0.042543
-0.5331 0.035866
-0.5413 0.030109
-0.5475 0.025181
-0.5519 0.020988
-0.5545 0.017437
-0.5555 0.014442
-0.5547 0.011925
-0.5523 0.009816
-0.5481 0.008055
-0.5421 0.006587
-0.5343 0.005368
-0.5245 0.004357
-0.5127 0.003522
-0.4988 0.002833
-0.4827 0.002267
-0.4644 0.001803
-0.4437 0.001425
-0.4206 0.001117
-0.3950 0.000867
-0.3669 0.000666
-0.3360 0.000504
-0.3022 0.000375
-0.2648 0.000272
-0.2227 0.000189
-0.1731 0.000122
-0.1091 0.000064
-0.0116 0.003212
0.1252 -0.123832
0.2316 -0.230824
0.2752 -0.275065
0.2713 -0.271459
0.2431 -0.243450
0.2071 -0.207453
0.1711 -0.171422
0.1375 -0.137809
0.1061 -0.106362
0.0753 -0.075649
0.0432 -0.043545
0.0068 -0.007044
-0.0380 0.031781
-0.0959 0.066714
-0.1648 0.095026
-0.2337 0.111579
-0.2940 0.116199
-0.3441 0.112498
-0.3851 0.104129
-0.4187 0.093637
-0.4465 0.082572
-0.4696 0.071813
-0.4889 0.061817
-0.5049 0.052794
-0.5183 0.044804
-0.5292 0.037826
-0.5379 0.031793
-0.5447 0.026619
-0.5496 0.022208
-0.5528 0.018468
-0.5542 0.015310
-0.5540 0.012653
-0.5520 0.010425
-0.5484 0.008563
-0.5429 0.007010
-0.5357 0.005718
-0.5265 0.004647
-0.5153 0.003761
-0.5021 0.003030
-0.4867 0.002429
-0.4691 0.001935
-0.4491 0.001532
-0.4268 0.001204
-0.4020 0.000938
-0.3747 0.000723
-0.3447 0.000550
-0.3118 0.000411
-0.2755 0.000301
-0.2350 0.000212
-0.1880 0.000140
-0.1293 0.000080
-0.0445 0.011418
0.0862 -0.084837
0.2079 -0.206929
0.2692 -0.268928
0.2764 -0.276567
0.2531 -0.253403
0.2181 -0.218467
0.1816 -0.181941
0.1472 -0.147538
0.1153 -0.115571
0.0846 -0.084862
0.0532 -0.053483
0.0184 -0.018796
-0.0232 0.020430
-0.0767 0.056491
-0.1431 0.087357
-0.2131 0.107757
-0.2764 0.115696
-0.3295 0.114104
-0.3730 0.106843
-0.4086 0.096807
-0.4380 0.085811
-0.4624 0.074908
-0.4827 0.064661
-0.4996 0.055342
-0.5137 0.047048
-0.5252 0.039777
-0.5346 0.033474
-0.5419 0.028056
-0.5473 0.023430
-0.5509 0.019502
-0.5529 0.016181
-0.5531 0.013385
-0.5516 0.011038
-0.5485 0.009074
-0.5435 0.007435
-0.5368 0.006072
-0.5282 0.004940
-0.5176 0.004003
-0.5050 0.003229
-0.4903 0.002592
-0.4733 0.002069
-0.4541 0.001641
-0.4325 0.001293
-0.4084 0.001009
-0.3818 0.000780
-0.3526 0.000596
-0.3206 0.000448
-0.2854 0.000330
-0.2462 0.000235
-0.2013 0.000159
-0.1467 0.000096
-0.0715 0.000039
0.0483 -0.046857
0.1802 -0.179044
0.2593 -0.258805
0.2792 -0.279181
0.2619 -0.262150
0.2286 -0.228981
0.1919 -0.192227
0.1567 -0.157059
0.1242 -0.124479
0.0933 -0.093603
0.0624 -0.062687
0.0290 -0.029325
-0.0102 0.009218
-0.0596 0.046331
-0.1227 0.079082
-0.1928 0.102964
-0.2586 0.114350
-0.3147 0.115116
-0.3607 0.109165
-0.3984 0.099721
-0.4294 0.088884
-0.4551 0.077894
-0.4765 0.067433
-0.4943 0.057843
-0.5091 0.049260
-0.5213 0.041708
-0.5312 0.035142
-0.5390 0.029485
-0.5449 0.024647
-0.5491 0.020533
-0.5514 0.017051
-0.5521 0.014116
-0.5511 0.011650
-0.5484 0.009586
-0.5440 0.007862
-0.5377 0.006426
-0.5297 0.005233
-0.5197 0.004245
-0.5076 0.003429
-0.4935 0.002756
-0.4772 0.002204
-0.4586 0.001751
-0.4377 0.001382
-0.4143 0.001082
-0.3885 0.000839
-0.3601 0.000643
-0.3289 0.000486
-0.2946 0.000360
-0.2566 0.000259
-0.2135 0.000178
-0.1621 0.000112
-0.0940 0.000054
0.0127 -0.008496
0.1493 -0.148056
0.2453 -0.244693
0.2791 -0.279066
0.2693 -0.269503
0.2386 -0.238915
0.2019 -0.202278
0.1661 -0.166418
0.1328 -0.133166
0.1017 -0.101989
0.0710 -0.071330
0.0386 -0.038978
0.0015 -0.001911
-0.0444 0.036303
-0.1037 0.070442
-0.1729 0.097333
-0.2407 0.112208
-0.2996 0.115563
-0.3483 0.111129
-0.3881 0.102420
-0.4208 0.091832
-0.4478 0.080811
-0.4702 0.070171
-0.4889 0.060329
-0.5044 0.051470
-0.5173 0.043643
-0.5278 0.036817
-0.5361 0.030924
-0.5425 0.025874
-0.5471 0.021574
-0.5499 0.017930
-0.5510 0.014855
-0.5505 0.012270
-0.5482 0.010104
-0.5442 0.008294
-0.5385 0.006785
-0.5309 0.005531
-0.5214 0.004492
-0.5100 0.003632
-0.4964 0.002924
-0.4807 0.002341
-0.4628 0.001863
-0.4425 0.001473
-0.4198 0.001156
-0.3947 0.000899
-0.3670 0.000691
-0.3366 0.000524
-0.3032 0.000390
-0.2663 0.000284
-0.2247 0.000198
-0.1758 0.000128
-0.1132 0.000068
-0.0191 0.005086
0.1166 -0.115225
0.2276 -0.226797
0.2762 -0.276045
0.2751 -0.275252
0.2478 -0.248134
0.2117 -0.212036
0.1753 -0.175609
0.1413 -0.141658
0.1098 -0.110076
0.0792 -0.079503
0.0476 -0.047904
0.0121 -0.012485
-0.0309 0.026404
-0.0863 0.061583
-0.1537 0.090928
-0.2229 0.109197
-0.2844 0.115333
-0.3357 0.112621
-0.3777 0.104799
-0.4121 0.094563
-0.4405 0.083580
-0.4640 0.072804
-0.4836 0.062741
-0.4998 0.053627
-0.5133 0.045538
-0.5244 0.038464
-0.5332 0.032341
-0.5401 0.027085
-0.5451 0.022602
-0.5484 0.018800
-0.5499 0.015588
-0.5497 0.012885
-0.5479 0.010618
-0.5444 0.008723
-0.5391 0.007142
-0.5320 0.005828
-0.5230 0.004737
-0.5120 0.003835
-0.4991 0.003090
-0.4839 0.002478
-0.4666 0.001975
-0.4469 0.001565
-0.4249 0.001230
-0.4004 0.000959
-0.3734 0.000739
-0.3437 0.000563
-0.3112 0.000421
-0.2752 0.000308
-0.2349 0.000218
-0.1882 0.000144
-0.1299 0.000083
-0.0462 0.000025
0.0835 -0.082088
0.2066 -0.205608
0.2704 -0.270061
0.2791 -0.279200
0.2562 -0.256472
0.2210 -0.221399
0.1842 -0.184580
0.1496 -0.149940
0.1176 -0.117878
0.0870 -0.087255
0.0559 -0.056194
0.0218 -0.022151
-0.0187 0.016709
-0.0705 0.052818
-0.1354 0.084113
-0.2051 0.105580
-0.2691 0.114635
-0.3229 0.113836
-0.3671 0.107043
-0.4032 0.097246
-0.4330 0.086351
-0.4576 0.075467
-0.4781 0.065196
-0.4952 0.055831
-0.5093 0.047483
-0.5209 0.040156
-0.5303 0.033800
-0.5376 0.028333
-0.5430 0.023664
-0.5467 0.019698
-0.5486 0.016345
-0.5489 0.013520
-0.5474 0.011150
-0.5443 0.009167
-0.5395 0.007512
-0.5328 0.006134
-0.5243 0.004991
-0.5138 0.004045
-0.5014 0.003263
-0.4868 0.002620
-0.4700 0.002092
-0.4510 0.001659
-0.4296 0.001307
-0.4057 0.001021
-0.3794 0.000789
-0.3504 0.000603
-0.3185 0.000453
-0.2835 0.000333
-0.2444 0.000238
-0.1995 0.000161
-0.1446 0.000096
-0.0688 0.000038
0.0515 -0.050099
0.1829 -0.181824
0.2617 -0.261186
0.2812 -0.281193
0.2635 -0.263758
0.2299 -0.230241
0.1929 -0.193253
0.1576 -0.157969
0.1251 -0.125382
0.0943 -0.094601
0.0636 -0.063901
0.0306 -0.030926
-0.0079 0.007175
-0.0563 0.044192
-0.1182 0.076966
-0.1878 0.101299
-0.2537 0.113323
-0.3101 0.114602
-0.3565 0.108980
-0.3944 0.099724
-0.4255 0.088983
-0.4513 0.078036
-0.4727 0.067586
-0.4905 0.057990
-0.5053 0.049394
-0.5174 0.041824
-0.5273 0.035241
-0.5350 0.029568
-0.5409 0.024716
-0.5450 0.020589
-0.5473 0.017096
-0.5479 0.014152
-0.5469 0.011679
-0.5441 0.009608
-0.5397 0.007880
-0.5334 0.006440
-0.5254 0.005244
-0.5154 0.004254
-0.5034 0.003436
-0.4894 0.002761
-0.4731 0.002207
-0.4546 0.001754
-0.4338 0.001384
-0.4105 0.001083
-0.3848 0.000839
-0.3564 0.000643
-0.3253 0.000485
-0.2911 0.000359
-0.2530 0.000258
-0.2096 0.000177
-0.1575 0.000110
-0.0878 0.000051
0.0219 -0.020587
0.1577 -0.156502
0.2504 -0.249753
0.2813 -0.281198
0.2696 -0.269842
0.2381 -0.238415
0.2011 -0.201516
0.1653 -0.165669
0.1322 -0.132539
0.1012 -0.101520
0.0707 -0.071039
0.0386 -0.038899
0.0017 -0.002127
-0.0438 0.035819
-0.1025 0.069685
-0.1711 0.096453
-0.2387 0.111381
-0.2974 0.114853
-0.3460 0.110530
-0.3857 0.101911
-0.4182 0.091395
-0.4451 0.080434
-0.4674 0.069842
-0.4859 0.060042
-0.5013 0.051219
-0.5140 0.043424
-0.5243 0.036626
-0.5326 0.030758
-0.5388 0.025730
-0.5432 0.021449
-0.5459 0.017823
-0.5469 0.014763
-0.5462 0.012191
-0.5438 0.010036
-0.5397 0.008236
-0.5339 0.006736
-0.5262 0.005490
-0.5167 0.004457
-0.5052 0.003603
-0.4916 0.002899
-0.4758 0.002320
-0.4579 0.001846
-0.4376 0.001459
-0.4149 0.001144
-0.3897 0.000888
-0.3619 0.000682
-0.3314 0.000517
-0.2979 0.000384
-0.2607 0.000278
-0.2187 0.000193
-0.1688 0.000123
-0.1038 0.000063
-0.0043 0.002811
0.1322 -0.130889
0.2371 -0.236339
0.2795 -0.279336
0.2744 -0.274643
0.2454 -0.245787
0.2089 -0.209244
0.1726 -0.172940
0.1390 -0.139276
0.1077 -0.107968
0.0773 -0.077591
0.0458 -0.046091
0.0103 -0.010706
-0.0328 0.027868
-0.0883 0.062587
-0.1555 0.091347
-0.2241 0.109016
-0.2850 0.114731
-0.3357 0.111797
-0.3771 0.103891
-0.4111 0.093654
-0.4390 0.082716
-0.4622 0.072009
-0.4815 0.062024
-0.4975 0.052990
-0.5107 0.044979
-0.5215 0.037976
-0.5301 0.031919
-0.5367 0.026722
-0.5415 0.022291
-0.5445 0.018534
-0.5458 0.015361
-0.5454 0.012693
-0.5434 0.010456
-0.5397 0.008586
-0.5342 0.007027
-0.5269 0.005731
-0.5177 0.004656
-0.5066 0.003767
-0.4935 0.003034
-0.4782 0.002431
-0.4607 0.001936
-0.4408 0.001532
-0.4187 0.001203
-0.3940 0.000936
-0.3668 0.000721
-0.3369 0.000547
-0.3040 0.000409
-0.2676 0.000297
-0.2266 0.000208
-0.1786 0.000136
-0.1173 0.000074
-0.0265 0.006938
0.1076 -0.106256
0.2226 -0.221731
0.2761 -0.275885
0.2780 -0.278146
0.2519 -0.252230
0.2159 -0.216292
0.1793 -0.179655
0.1452 -0.145494
0.1136 -0.113871
0.0832 -0.083514
