0.2167 -0.071703
0.2468 -0.074732
0.2564 -0.075694
0.2520 -0.075259
0.2391 -0.073969
0.2215 -0.072203
0.2016 -0.070201
0.1806 -0.068099
0.1592 -0.065958
0.1375 -0.063788
0.1153 -0.061561
0.0921 -0.054948
0.0673 -0.048650
0.0387 -0.043026
0.0025 -0.037674
-0.0470 -0.029828
-0.1145 -0.021213
-0.1935 -0.014095
-0.2678 -0.008918
-0.3289 -0.005490
-0.3760 -0.003322
-0.4114 -0.001982
-0.4375 -0.001168
-0.4564 -0.000681
-0.4697 -0.000395
-0.4787 -0.000232
-0.4842 -0.000144
-0.4871 -0.000098
-0.4877 -0.000077
-0.4866 -0.000070
-0.4840 -0.000070
-0.4801 -0.000073
-0.4751 -0.000076
-0.4690 -0.000079
-0.4620 -0.000081
-0.4540 -0.000082
-0.4452 -0.000082
-0.4354 -0.000081
-0.4248 -0.000078
-0.4132 -0.000076
-0.4007 -0.000072
-0.3872 -0.000068
-0.3727 -0.000065
-0.3571 -0.000060
-0.3405 -0.000056
-0.3229 -0.000052
-0.3043 -0.000048
-0.2850 -0.000044
-0.2660 -0.000040
-0.2487 -0.012594
-0.2373 -0.013163
-0.2304 -0.013507
-0.2295 -0.027080
-0.2351 -0.026516
-0.2450 -0.025530
-0.2580 -0.024222
-0.2732 -0.022707
-0.2892 -0.021103
-0.3051 -0.019510
-0.3202 -0.017999
-0.3340 -0.016613
-0.3464 -0.015373
-0.3573 -0.014286
-0.3666 -0.013347
-0.3746 -0.012548
-0.3813 -0.011877
-0.3868 -0.011324
-0.3913 -0.010684
-0.3947 -0.009510
-0.3972 -0.008604
-0.3987 -0.007137
-0.3994 -0.005918
-0.3994 -0.004942
-0.3988 -0.004153
-0.3976 -0.003508
-0.3960 -0.002977
-0.3939 -0.002536
-0.3914 -0.002168
-0.3885 -0.001859
-0.3852 -0.001598
-0.3815 -0.001377
-0.3774 -0.001190
-0.3729 -0.001030
-0.3680 -0.000894
-0.3625 -0.000777
-0.3565 -0.000677
-0.3500 -0.000591
-0.3428 -0.000518
-0.3350 -0.000454
-0.3263 -0.000399
-0.3168 -0.000351
-0.3064 -0.000310
-0.2949 -0.000274
-0.2822 -0.000243
-0.2681 -0.000216
-0.2524 -0.000193
-0.2348 -0.000173
-0.2148 -0.000155
-0.1919 -0.000140
-0.1652 -0.000127
-0.1360 -0.018297
-0.1018 -0.019996
-0.0567 -0.022237
0.0077 -0.025439
0.0938 -0.029735
0.1719 -0.067211
0.2243 -0.072468
0.2507 -0.075127
0.2576 -0.075817
0.2515 -0.075203
0.2375 -0.073805
0.2193 -0.071981
0.1990 -0.069950
0.1779 -0.067836
0.1565 -0.065690
0.1348 -0.063517
0.1125 -0.061282
0.0892 -0.054320
0.0642 -0.048090
0.0349 -0.042498
-0.0024 -0.037132
-0.0537 -0.028934
-0.1229 -0.020428
-0.2020 -0.013492
-0.2749 -0.008513
-0.3342 -0.005237
-0.3798 -0.003172
-0.4139 -0.001897
-0.4390 -0.001122
-0.4571 -0.000659
-0.4698 -0.000388
-0.4782 -0.000233
-0.4834 -0.000148
-0.4859 -0.000105
-0.4863 -0.000085
-0.4850 -0.000078
-0.4822 -0.000077
-0.4781 -0.000079
-0.4730 -0.000082
-0.4667 -0.000084
-0.4596 -0.000085
-0.4515 -0.000085
-0.4425 -0.000085
-0.4326 -0.000083
-0.4219 -0.000080
-0.4102 -0.000077
-0.3975 -0.000073
-0.3839 -0.000069
-0.3693 -0.000065
-0.3536 -0.000061
-0.3369 -0.000057
-0.3191 -0.000053
-0.3003 -0.000048
-0.2810 -0.000044
-0.2622 -0.000040
-0.2461 -0.012727
-0.2354 -0.013257
-0.2294 -0.013554
-0.2302 -0.027004
-0.2367 -0.026356
-0.2472 -0.025306
-0.2607 -0.023959
-0.2759 -0.022433
-0.2918 -0.020841
-0.3074 -0.019278
-0.3221 -0.017807
-0.3355 -0.016467
-0.3474 -0.015274
-0.3578 -0.014231
-0.3668 -0.013333
-0.3744 -0.012572
-0.3807 -0.011936
-0.3859 -0.011413
-0.3901 -0.010584
-0.3932 -0.009467
-0.3954 -0.008464
-0.3968 -0.006980
-0.3972 -0.005801
-0.3970 -0.004854
-0.3962 -0.004085
-0.3949 -0.003455
-0.3931 -0.002935
-0.3909 -0.002502
-0.3883 -0.002140
-0.3852 -0.001835
-0.3818 -0.001578
-0.3780 -0.001361
-0.3738 -0.001176
-0.3691 -0.001018
-0.3640 -0.000883
-0.3585 -0.000768
-0.3523 -0.000669
-0.3456 -0.000584
-0.3383 -0.000511
-0.3302 -0.000448
-0.3213 -0.000394
-0.3116 -0.000347
-0.3008 -0.000306
-0.2890 -0.000271
-0.2759 -0.000240
-0.2613 -0.000214
-0.2451 -0.000191
-0.2267 -0.000171
-0.2058 -0.000153
-0.1816 -0.000139
-0.1533 -0.017449
-0.1229 -0.018953
-0.0847 -0.020849
-0.0322 -0.023455
0.0429 -0.027198
0.1308 -0.063092
0.1988 -0.069914
0.2395 -0.074002
0.2566 -0.075720
0.2571 -0.075766
0.2469 -0.074751
0.2307 -0.073127
0.2114 -0.071187
0.1906 -0.069107
0.1693 -0.066976
0.1478 -0.064822
0.1260 -0.062633
0.1033 -0.058727
0.0796 -0.051898
0.0533 -0.045940
0.0216 -0.040475
-0.0204 -0.034839
-0.0785 -0.025585
-0.1532 -0.017592
-0.2313 -0.011389
-0.2991 -0.007112
-0.3528 -0.004354
-0.3935 -0.002631
-0.4237 -0.001573
-0.4458 -0.000933
-0.4616 -0.000553
-0.4724 -0.000332
-0.4794 -0.000206
-0.4834 -0.000139
-0.4850 -0.000104
-0.4847 -0.000089
-0.4827 -0.000084
-0.4793 -0.000084
-0.4748 -0.000085
-0.4692 -0.000087
-0.4625 -0.000088
-0.4550 -0.000089
-0.4465 -0.000088
-0.4372 -0.000086
-0.4269 -0.000084
-0.4158 -0.000081
-0.4037 -0.000077
-0.3907 -0.000073
-0.3767 -0.000069
-0.3616 -0.000065
-0.3455 -0.000060
-0.3284 -0.000056
-0.3101 -0.000052
-0.2911 -0.000047
-0.2718 -0.000043
-0.2537 -0.000039
-0.2405 -0.013003
-0.2320 -0.013425
-0.2290 -0.027127
-0.2330 -0.026724
-0.2415 -0.025878
-0.2534 -0.024683
-0.2678 -0.023250
-0.2833 -0.021696
-0.2989 -0.020128
-0.3140 -0.018624
-0.3278 -0.017233
-0.3403 -0.015980
-0.3514 -0.014876
-0.3609 -0.013919
-0.3691 -0.013101
-0.3759 -0.012413
-0.3816 -0.011843
-0.3863 -0.011379
-0.3898 -0.010161
-0.3924 -0.009172
-0.3941 -0.007834
-0.3950 -0.006490
-0.3951 -0.005416
-0.3945 -0.004547
-0.3934 -0.003837
-0.3918 -0.003253
-0.3897 -0.002769
-0.3872 -0.002364
-0.3843 -0.002025
-0.3811 -0.001739
-0.3774 -0.001496
-0.3734 -0.001291
-0.3689 -0.001116
-0.3640 -0.000967
-0.3586 -0.000839
-0.3527 -0.000730
-0.3463 -0.000637
-0.3392 -0.000556
-0.3315 -0.000487
-0.3230 -0.000427
-0.3136 -0.000375
-0.3033 -0.000331
-0.2920 -0.000292
-0.2795 -0.000259
-0.2655 -0.000230
-0.2500 -0.000205
-0.2326 -0.000183
-0.2127 -0.000164
-0.1898 -0.000148
-0.1629 -0.000134
-0.1334 -0.018437
-0.0980 -0.020190
-0.0508 -0.022537
0.0171 -0.025915
0.1056 -0.030332
0.1815 -0.068174
0.2306 -0.073111
0.2543 -0.075485
0.2590 -0.075966
0.2515 -0.075215
0.2368 -0.073734
0.2181 -0.071864
0.1976 -0.069812
0.1765 -0.067690
0.1551 -0.065544
0.1334 -0.063374
0.1111 -0.061142
0.0878 -0.054191
0.0627 -0.047966
0.0333 -0.042371
-0.0043 -0.036990
-0.0560 -0.028745
-0.1256 -0.020258
-0.2043 -0.013370
-0.2765 -0.008444
-0.3349 -0.005208
-0.3798 -0.003167
-0.4134 -0.001907
-0.4380 -0.001140
-0.4557 -0.000680
-0.4680 -0.000410
-0.4762 -0.000254
-0.4811 -0.000168
-0.4835 -0.000123
-0.4837 -0.000101
-0.4822 -0.000092
-0.4793 -0.000090
-0.4751 -0.000090
-0.4698 -0.000091
-0.4635 -0.000092
-0.4562 -0.000092
-0.4480 -0.000091
-0.4390 -0.000090
-0.4290 -0.000087
-0.4182 -0.000084
-0.4064 -0.000080
-0.3937 -0.000076
-0.3800 -0.000072
-0.3653 -0.000067
-0.3496 -0.000063
-0.3327 -0.000058
-0.3148 -0.000054
-0.2960 -0.000049
-0.2767 -0.000045
-0.2582 -0.000041
-0.2436 -0.012849
-0.2340 -0.013327
-0.2292 -0.027104
-0.2320 -0.026825
-0.2394 -0.026089
-0.2504 -0.024982
-0.2641 -0.023612
-0.2793 -0.022097
-0.2948 -0.020545
-0.3098 -0.019041
-0.3238 -0.017639
-0.3365 -0.016370
-0.3477 -0.015246
-0.3574 -0.014268
-0.3658 -0.013430
-0.3728 -0.012723
-0.3787 -0.012135
-0.3835 -0.011656
-0.3873 -0.010609
-0.3900 -0.009550
-0.3919 -0.008346
-0.3928 -0.006907
-0.3930 -0.005758
-0.3926 -0.004829
-0.3915 -0.004072
-0.3900 -0.003449
-0.3880 -0.002933
-0.3855 -0.002503
-0.3827 -0.002142
-0.3795 -0.001838
-0.3759 -0.001580
-0.3719 -0.001362
-0.3675 -0.001177
-0.3627 -0.001019
-0.3574 -0.000883
-0.3516 -0.000768
-0.3452 -0.000669
-0.3383 -0.000583
-0.3306 -0.000510
-0.3223 -0.000447
-0.3131 -0.000393
-0.3030 -0.000346
-0.2918 -0.000305
-0.2795 -0.000270
-0.2658 -0.000239
-0.2505 -0.000213
-0.2334 -0.000190
-0.2138 -0.000170
-0.1912 -0.000153
-0.1647 -0.000139
-0.1354 -0.018341
-0.1005 -0.020072
-0.0540 -0.022381
0.0128 -0.025705
0.1011 -0.030108
0.1786 -0.067894
0.2294 -0.072989
0.2542 -0.075483
0.2598 -0.076043
0.2527 -0.075338
0.2382 -0.073881
0.2197 -0.072022
0.1993 -0.069974
0.1781 -0.067855
0.1567 -0.065712
0.1351 -0.063548
0.1129 -0.061328
0.0898 -0.054870
0.0650 -0.048556
0.0362 -0.042911
-0.0004 -0.037524
-0.0505 -0.029648
-0.1184 -0.021036
-0.1967 -0.013969
-0.2698 -0.008858
-0.3295 -0.005480
-0.3755 -0.003344
-0.4099 -0.002021
-0.4351 -0.001215
-0.4533 -0.000730
-0.4661 -0.000443
-0.4745 -0.000278
-0.4797 -0.000185
-0.4822 -0.000135
-0.4825 -0.000111
-0.4811 -0.000100
-0.4783 -0.000096
-0.4742 -0.000095
-0.4689 -0.000096
-0.4627 -0.000096
-0.4555 -0.000096
-0.4473 -0.000094
-0.4383 -0.000092
-0.4284 -0.000089
-0.4176 -0.000086
-0.4059 -0.000082
-0.3933 -0.000078
-0.3797 -0.000073
-0.3650 -0.000069
-0.3494 -0.000064
-0.3326 -0.000059
-0.3148 -0.000055
-0.2960 -0.000050
-0.2767 -0.000046
-0.2582 -0.000042
-0.2439 -0.012836
-0.2344 -0.013311
-0.2298 -0.027051
-0.2326 -0.026770
-0.2399 -0.026038
-0.2509 -0.024940
-0.2644 -0.023584
-0.2794 -0.022087
-0.2947 -0.020556
-0.3095 -0.019073
-0.3232 -0.017693
-0.3357 -0.016444
-0.3467 -0.015338
-0.3563 -0.014377
-0.3646 -0.013554
-0.3715 -0.012860
-0.3772 -0.012284
-0.3819 -0.011814
-0.3856 -0.010749
-0.3883 -0.009688
-0.3900 -0.008457
-0.3909 -0.007005
-0.3911 -0.005843
-0.3905 -0.004904
-0.3894 -0.004136
-0.3878 -0.003505
-0.3857 -0.002981
-0.3833 -0.002543
-0.3804 -0.002176
-0.3771 -0.001867
-0.3735 -0.001606
-0.3694 -0.001384
-0.3650 -0.001195
-0.3601 -0.001034
-0.3548 -0.000896
-0.3489 -0.000779
-0.3425 -0.000678
-0.3355 -0.000591
-0.3278 -0.000517
-0.3194 -0.000453
-0.3101 -0.000397
-0.2999 -0.000350
-0.2887 -0.000309
-0.2762 -0.000273
-0.2624 -0.000242
-0.2470 -0.000215
-0.2295 -0.000192
-0.2096 -0.000172
-0.1865 -0.000155
-0.1592 -0.000141
-0.1294 -0.018641
-0.0927 -0.020460
-0.0429 -0.022936
0.0291 -0.026517
0.1189 -0.061909
0.1916 -0.069195
0.2369 -0.073742
0.2573 -0.075793
0.2598 -0.076048
0.2509 -0.075153
0.2353 -0.073589
0.2162 -0.071676
0.1956 -0.069606
0.1744 -0.067480
0.1530 -0.065336
0.1313 -0.063169
0.1090 -0.060938
0.0858 -0.053823
0.0605 -0.047637
0.0308 -0.042059
-0.0074 -0.036669
-0.0601 -0.028241
-0.1304 -0.019829
-0.2088 -0.013057
-0.2798 -0.008247
-0.3371 -0.005096
-0.3810 -0.003110
-0.4137 -0.001884
-0.4376 -0.001137
-0.4548 -0.000688
-0.4667 -0.000423
-0.4745 -0.000270
-0.4791 -0.000185
-0.4812 -0.000139
-0.4812 -0.000116
-0.4795 -0.000105
-0.4764 -0.000101
-0.4721 -0.000100
-0.4666 -0.000100
-0.4602 -0.000100
-0.4528 -0.000099
-0.4445 -0.000097
-0.4353 -0.000094
-0.4253 -0.000091
-0.4143 -0.000087
-0.4024 -0.000083
-0.3896 -0.000078
-0.3758 -0.000074
-0.3610 -0.000069
-0.3451 -0.000064
-0.3281 -0.000059
-0.3101 -0.000055
-0.2912 -0.000050
-0.2720 -0.000046
-0.2540 -0.000041
-0.2414 -0.012963
-0.2330 -0.013377
-0.2306 -0.026973
-0.2345 -0.026573
-0.2428 -0.025745
-0.2544 -0.024582
-0.2683 -0.023194
-0.2833 -0.021698
-0.2983 -0.020193
-0.3127 -0.018753
-0.3259 -0.017424
-0.3379 -0.016229
-0.3483 -0.015177
-0.3574 -0.014267
-0.3652 -0.013491
-0.3717 -0.012839
-0.3770 -0.012302
-0.3814 -0.011866
-0.3847 -0.010590
-0.3871 -0.009593
-0.3886 -0.008164
-0.3892 -0.006779
-0.3891 -0.005667
-0.3883 -0.004765
-0.3870 -0.004025
-0.3852 -0.003415
-0.3830 -0.002907
-0.3804 -0.002482
-0.3773 -0.002125
-0.3739 -0.001824
-0.3702 -0.001569
-0.3660 -0.001353
-0.3614 -0.001168
-0.3563 -0.001011
-0.3508 -0.000877
-0.3448 -0.000762
-0.3382 -0.000663
-0.3310 -0.000579
-0.3231 -0.000506
-0.3144 -0.000443
-0.3048 -0.000389
-0.2943 -0.000343
-0.2827 -0.000302
-0.2698 -0.000267
-0.2554 -0.000237
-0.2393 -0.000211
-0.2210 -0.000189
-0.1999 -0.000169
-0.1753 -0.000153
-0.1468 -0.017787
-0.1147 -0.019373
-0.0732 -0.021435
-0.0145 -0.024349
0.0681 -0.028468
0.1543 -0.065460
0.2155 -0.071600
0.2491 -0.074974
0.2608 -0.076145
0.2575 -0.075819
0.2451 -0.074577
0.2277 -0.072825
0.2077 -0.070824
0.1867 -0.068721
0.1654 -0.066586
0.1440 -0.064438
0.1222 -0.062255
0.0995 -0.058004
0.0757 -0.051267
0.0491 -0.045365
0.0166 -0.039914
-0.0267 -0.033910
-0.0865 -0.024755
-0.1618 -0.016920
-0.2385 -0.010931
-0.3041 -0.006839
-0.3557 -0.004209
-0.3946 -0.002566
-0.4235 -0.001557
-0.4444 -0.000944
-0.4592 -0.000578
-0.4693 -0.000364
-0.4757 -0.000240
-0.4792 -0.000172
-0.4803 -0.000135
-0.4796 -0.000117
-0.4772 -0.000109
-0.4736 -0.000106
-0.4687 -0.000104
-0.4628 -0.000104
-0.4560 -0.000103
-0.4482 -0.000101
-0.4395 -0.000098
-0.4299 -0.000095
-0.4195 -0.000091
-0.4081 -0.000087
-0.3959 -0.000082
-0.3826 -0.000078
-0.3684 -0.000073
-0.3531 -0.000068
-0.3368 -0.000063
-0.3193 -0.000058
-0.3009 -0.000053
-0.2818 -0.000049
-0.2630 -0.000044
-0.2476 -0.012654
-0.2370 -0.013178
-0.2311 -0.013473
-0.2325 -0.026779
-0.2387 -0.026162
-0.2486 -0.025164
-0.2614 -0.023889
-0.2757 -0.022450
-0.2906 -0.020958
-0.3052 -0.019498
-0.3189 -0.018129
-0.3313 -0.016883
-0.3424 -0.015776
-0.3520 -0.014810
-0.3603 -0.013981
-0.3673 -0.013280
-0.3731 -0.012696
-0.3779 -0.012220
-0.3816 -0.011341
-0.3844 -0.010203
-0.3862 -0.009120
-0.3872 -0.007550
-0.3874 -0.006295
-0.3869 -0.005280
-0.3858 -0.004452
-0.3842 -0.003770
-0.3822 -0.003204
-0.3797 -0.002732
-0.3768 -0.002336
-0.3736 -0.002002
-0.3699 -0.001720
-0.3659 -0.001481
-0.3615 -0.001278
-0.3566 -0.001104
-0.3513 -0.000957
-0.3455 -0.000830
-0.3392 -0.000722
-0.3322 -0.000629
-0.3246 -0.000549
-0.3163 -0.000480
-0.3071 -0.000421
-0.2970 -0.000370
-0.2859 -0.000326
-0.2735 -0.000288
-0.2598 -0.000255
-0.2444 -0.000227
-0.2271 -0.000202
-0.2072 -0.000181
-0.1840 -0.000163
-0.1564 -0.000148
-0.1264 -0.018799
-0.0886 -0.020671
-0.0367 -0.023251
0.0383 -0.026985
0.1285 -0.062873
0.1988 -0.069925
0.2412 -0.074186
0.2594 -0.076007
0.2603 -0.076104
0.2504 -0.075109
0.2343 -0.073489
0.2149 -0.071548
0.1942 -0.069468
0.1730 -0.067340
0.1516 -0.065200
0.1300 -0.063037
0.1077 -0.060754
0.0845 -0.053619
0.0592 -0.047456
0.0294 -0.041890
-0.0091 -0.036499
-0.0623 -0.028005
-0.1328 -0.019635
-0.2107 -0.012924
-0.2811 -0.008170
-0.3377 -0.005060
-0.3809 -0.003100
-0.4131 -0.001889
-0.4367 -0.001150
-0.4535 -0.000705
-0.4651 -0.000441
-0.4727 -0.000288
-0.4772 -0.000201
-0.4791 -0.000154
-0.4789 -0.000129
-0.4771 -0.000117
-0.4739 -0.000112
-0.4694 -0.000109
-0.4639 -0.000108
-0.4573 -0.000106
-0.4498 -0.000104
-0.4414 -0.000102
-0.4322 -0.000098
-0.4220 -0.000094
-0.4110 -0.000090
-0.3990 -0.000085
-0.3861 -0.000080
-0.3723 -0.000075
-0.3573 -0.000070
-0.3414 -0.000065
-0.3243 -0.000060
-0.3062 -0.000056
-0.2872 -0.000051
-0.2683 -0.000046
-0.2516 -0.012456
-0.2400 -0.013034
-0.2327 -0.013392
-0.2322 -0.026810
-0.2371 -0.026316
-0.2461 -0.025421
-0.2580 -0.024224
-0.2719 -0.022835
-0.2866 -0.021367
-0.3011 -0.019911
-0.3149 -0.018533
-0.3275 -0.017270
-0.3387 -0.016142
-0.3486 -0.015153
-0.3571 -0.014301
-0.3643 -0.013577
-0.3703 -0.012973
-0.3753 -0.012478
-0.3792 -0.011846
-0.3822 -0.010622
-0.3842 -0.009671
-0.3854 -0.008047
-0.3857 -0.006701
-0.3853 -0.005614
-0.3843 -0.004729
-0.3828 -0.004001
-0.3808 -0.003398
-0.3784 -0.002895
-0.3756 -0.002474
-0.3724 -0.002119
-0.3688 -0.001819
-0.3649 -0.001565
-0.3605 -0.001349
-0.3558 -0.001165
-0.3505 -0.001008
-0.3448 -0.000874
-0.3386 -0.000759
-0.3318 -0.000661
-0.3243 -0.000576
-0.3162 -0.000504
-0.3072 -0.000441
-0.2973 -0.000387
-0.2864 -0.000341
-0.2743 -0.000301
-0.2608 -0.000266
-0.2458 -0.000236
-0.2288 -0.000211
-0.2094 -0.000188
-0.1868 -0.000170
-0.1599 -0.000154
-0.1302 -0.018614
-0.0936 -0.020429
-0.0436 -0.022910
0.0287 -0.026509
0.1194 -0.061972
0.1927 -0.069317
0.2383 -0.073892
0.2588 -0.075951
0.2613 -0.076204
0.2523 -0.075302
0.2367 -0.073732
0.2176 -0.071815
0.1969 -0.069744
0.1757 -0.067620
0.1544 -0.065483
0.1329 -0.063328
0.1108 -0.061117
0.0878 -0.054635
0.0629 -0.048344
0.0340 -0.042708
-0.0029 -0.037317
-0.0534 -0.029367
-0.1215 -0.020801
-0.1993 -0.013810
-0.2712 -0.008777
-0.3298 -0.005455
-0.3747 -0.003352
-0.4083 -0.002049
-0.4329 -0.001252
-0.4506 -0.000770
-0.4628 -0.000484
-0.4709 -0.000316
-0.4757 -0.000220
-0.4779 -0.000167
-0.4780 -0.000139
-0.4764 -0.000124
-0.4733 -0.000117
-0.4690 -0.000114
-0.4635 -0.000112
-0.4571 -0.000110
-0.4497 -0.000108
-0.4414 -0.000105
-0.4323 -0.000101
-0.4222 -0.000097
-0.4113 -0.000092
-0.3995 -0.000087
-0.3867 -0.000082
-0.3729 -0.000077
-0.3581 -0.000072
-0.3423 -0.000067
-0.3254 -0.000062
-0.3073 -0.000057
-0.2885 -0.000052
-0.2696 -0.000047
-0.2528 -0.012397
-0.2410 -0.012984
-0.2335 -0.013353
-0.2327 -0.026758
-0.2374 -0.026292
-0.2460 -0.025426
-0.2577 -0.024255
-0.2714 -0.022890
-0.2858 -0.021443
-0.3002 -0.020004
-0.3138 -0.018640
-0.3263 -0.017389
-0.3374 -0.016271
-0.3472 -0.015290
-0.3557 -0.014444
-0.3628 -0.013726
-0.3688 -0.013126
-0.3737 -0.012634
-0.3776 -0.012055
-0.3806 -0.010810
-0.3826 -0.009843
-0.3837 -0.008236
-0.3841 -0.006859
-0.3837 -0.005748
-0.3827 -0.004842
-0.3811 -0.004096
-0.3791 -0.003478
-0.3767 -0.002963
-0.3738 -0.002532
-0.3706 -0.002168
-0.3670 -0.001861
-0.3631 -0.001601
-0.3587 -0.001379
-0.3539 -0.001191
-0.3487 -0.001030
-0.3430 -0.000893
-0.3367 -0.000775
-0.3299 -0.000674
-0.3224 -0.000588
-0.3143 -0.000514
-0.3053 -0.000450
-0.2954 -0.000395
-0.2844 -0.000347
-0.2723 -0.000306
-0.2588 -0.000271
-0.2438 -0.000240
-0.2267 -0.000214
-0.2071 -0.000192
-0.1843 -0.000172
-0.1570 -0.000156
-0.1271 -0.018772
-0.0895 -0.020635
-0.0377 -0.023207
0.0372 -0.026938
0.1279 -0.062828
0.1989 -0.069937
0.2417 -0.074241
0.2601 -0.076088
0.2612 -0.076198
0.2514 -0.075210
0.2353 -0.073592
0.2159 -0.071652
0.1952 -0.069572
0.1740 -0.067448
0.1527 -0.065312
0.1312 -0.063158
0.1091 -0.060945
0.0860 -0.054200
0.0610 -0.047963
0.0317 -0.042357
-0.0058 -0.036966
-0.0574 -0.028797
-0.1263 -0.020315
-0.2040 -0.013447
-0.2751 -0.008536
-0.3326 -0.005307
-0.3767 -0.003265
-0.4095 -0.002000
-0.4336 -0.001227
-0.4507 -0.000759
-0.4626 -0.000481
-0.4704 -0.000318
-0.4750 -0.000224
-0.4770 -0.000172
-0.4769 -0.000144
-0.4751 -0.000130
-0.4719 -0.000122
-0.4675 -0.000118
-0.4620 -0.000115
-0.4554 -0.000113
-0.4480 -0.000110
-0.4396 -0.000107
-0.4304 -0.000103
-0.4202 -0.000098
-0.4092 -0.000093
-0.3973 -0.000088
-0.3844 -0.000083
-0.3706 -0.000078
-0.3557 -0.000072
-0.3398 -0.000067
-0.3227 -0.000062
-0.3046 -0.000057
-0.2857 -0.000052
-0.2670 -0.000047
-0.2511 -0.012480
-0.2400 -0.013032
-0.2333 -0.013362
-0.2338 -0.026649
-0.2391 -0.026119
-0.2482 -0.025207
-0.2601 -0.024012
-0.2738 -0.022644
-0.2881 -0.021211
