0.4727 0.4084
0.4561 0.3762
0.4409 0.3482
0.4270 0.3238
0.4145 0.3028
0.4042 0.2917
0.4151 0.4321
0.5483 2.6121
0.7369 11.2055
0.8587 27.8701
0.9153 46.9261
0.9350 62.0777
0.9392 69.9919
0.9384 69.9632
0.9366 64.6055
0.9349 57.4294
0.9336 50.3758
0.9323 44.0053
0.9310 38.3905
0.9295 33.4790
0.9278 29.1933
0.9259 25.4566
0.9238 22.1993
0.9213 19.3602
0.9184 16.8859
0.9152 14.7296
0.9115 12.8506
0.9073 11.2133
0.9026 9.7868
0.8972 8.5440
0.8911 7.4613
0.8843 6.5182
0.8766 5.6966
0.8680 4.9810
0.8584 4.3577
0.8477 3.8149
0.8358 3.3421
0.8227 2.9305
0.8084 2.5719
0.7927 2.2598
0.7758 1.9879
0.7576 1.7513
0.7382 1.5452
0.7178 1.3658
0.6963 1.2096
0.6741 1.0736
0.6513 0.9552
0.6283 0.8521
0.6051 0.7624
0.5822 0.6843
0.5598 0.6164
0.5382 0.5572
0.5174 0.5057
0.4978 0.4608
0.4793 0.4218
0.4622 0.3879
0.4465 0.3583
0.4321 0.3326
0.4190 0.3103
0.4077 0.2936
0.4056 0.3378
0.4881 1.3087
0.6807 7.4231
0.8270 21.7727
0.9020 40.6382
0.9309 57.5795
0.9387 68.1195
0.9388 70.6069
0.9372 66.6395
0.9354 59.7842
0.9340 52.5986
0.9327 45.9903
0.9314 40.1341
0.9300 35.0026
0.9284 30.5223
0.9266 26.6152
0.9245 23.2091
0.9221 20.2403
0.9194 17.6529
0.9163 15.3980
0.9128 13.4330
0.9087 11.7208
0.9042 10.2289
0.8990 8.9292
0.8932 7.7969
0.8866 6.8104
0.8792 5.9512
0.8709 5.2027
0.8616 4.5509
0.8513 3.9831
0.8398 3.4886
0.8271 3.0580
0.8132 2.6830
0.7980 2.3565
0.7815 2.0722
0.7637 1.8246
0.7447 1.6091
0.7245 1.4214
0.7034 1.2580
0.6814 1.1157
0.6588 0.9919
0.6358 0.8841
0.6126 0.7902
0.5896 0.7085
0.5671 0.6374
0.5451 0.5755
0.5240 0.5216
0.5040 0.4747
0.4852 0.4339
0.4676 0.3984
0.4514 0.3675
0.4366 0.3405
0.4231 0.3172
0.4111 0.2981
0.4041 0.3082
0.4499 0.7626
0.6285 5.0690
0.7941 16.9349
0.8870 35.0729
0.9258 53.1747
0.9376 65.7568
0.9391 70.5071
0.9376 68.0537
0.9359 61.7071
0.9344 54.4904
0.9330 47.7002
0.9318 41.6420
0.9304 36.3221
0.9289 31.6739
0.9271 27.6194
0.9251 24.0847
0.9228 21.0036
0.9202 18.3183
0.9172 15.9780
0.9138 13.9385
0.9099 12.1614
0.9055 10.6129
0.9005 9.2638
0.8948 8.0885
0.8885 7.0645
0.8813 6.1726
0.8733 5.3956
0.8642 4.7189
0.8542 4.1295
0.8430 3.6162
0.8307 3.1691
0.8171 2.7798
0.8022 2.4408
0.7861 2.1456
0.7686 1.8886
0.7500 1.6648
0.7301 1.4699
0.7092 1.3002
0.6874 1.1525
0.6650 1.0239
0.6421 0.9120
0.6189 0.8145
0.5959 0.7297
0.5732 0.6558
0.5510 0.5916
0.5297 0.5356
0.5094 0.4869
0.4902 0.4445
0.4723 0.4076
0.4557 0.3755
0.4405 0.3475
0.4267 0.3232
0.4143 0.3028
0.4051 0.2995
0.4296 0.5444
0.5845 3.5272
0.7631 13.3144
0.8717 30.5149
0.9200 49.2066
0.9361 63.2996
0.9391 69.9175
0.9380 68.9144
0.9362 63.1811
0.9347 56.0202
0.9333 49.1041
0.9320 42.8862
0.9307 37.4128
0.9292 32.6268
0.9275 28.4509
0.9255 24.8101
0.9233 21.6363
0.9208 18.8701
0.9178 16.4592
0.9145 14.3582
0.9108 12.5274
0.9065 10.9321
0.9016 9.5421
0.8961 8.3311
0.8899 7.2760
0.8829 6.3570
0.8751 5.5564
0.8663 4.8590
0.8565 4.2516
0.8456 3.7226
0.8335 3.2619
0.8202 2.8607
0.8056 2.5113
0.7897 2.2070
0.7726 1.9421
0.7542 1.7114
0.7346 1.5105
0.7139 1.3356
0.6923 1.1834
0.6700 1.0508
0.6471 0.9354
0.6240 0.8349
0.6010 0.7474
0.5781 0.6713
0.5559 0.6050
0.5343 0.5473
0.5138 0.4971
0.4943 0.4534
0.4762 0.4153
0.4593 0.3822
0.4438 0.3534
0.4296 0.3284
0.4169 0.3071
0.4068 0.2979
0.4198 0.4493
0.5508 2.5447
0.7367 10.8374
0.8577 27.0367
0.9145 45.8805
0.9345 61.0370
0.9389 69.0840
0.9382 69.3279
0.9365 64.2160
0.9349 57.1711
0.9335 50.1808
0.9323 43.8467
0.9309 38.2573
0.9295 33.3658
0.9278 29.0965
0.9259 25.3738
0.9237 22.1285
0.9212 19.2997
0.9184 16.8342
0.9151 14.6855
0.9114 12.8130
0.9072 11.1814
0.9025 9.7596
0.8971 8.5209
0.8910 7.4417
0.8842 6.5015
0.8765 5.6824
0.8678 4.9690
0.8582 4.3476
0.8475 3.8063
0.8356 3.3349
0.8225 2.9243
0.8081 2.5668
0.7925 2.2554
0.7756 1.9843
0.7574 1.7482
0.7380 1.5426
0.7175 1.3636
0.6960 1.2077
0.6738 1.0721
0.6511 0.9539
0.6280 0.8511
0.6049 0.7615
0.5820 0.6836
0.5596 0.6157
0.5379 0.5567
0.5172 0.5052
0.4976 0.4605
0.4792 0.4215
0.4621 0.3876
0.4464 0.3581
0.4320 0.3324
0.4190 0.3105
0.4084 0.2987
0.4156 0.4061
0.5283 1.9743
0.7166 9.2783
0.8465 24.5558
0.9097 43.3090
0.9330 59.1608
0.9387 68.2094
0.9384 69.4126
0.9367 64.8433
0.9351 57.9394
0.9337 50.9183
0.9324 44.5107
0.9311 38.8434
0.9296 33.8798
0.9280 29.5464
0.9261 25.7672
0.9240 22.4724
0.9215 19.6004
0.9187 17.0971
0.9155 14.9153
0.9119 13.0138
0.9077 11.3569
0.9030 9.9130
0.8977 8.6549
0.8917 7.5587
0.8850 6.6037
0.8774 5.7718
0.8689 5.0470
0.8594 4.4157
0.8488 3.8658
0.8370 3.3869
0.8241 2.9697
0.8099 2.6064
0.7944 2.2900
0.7776 2.0145
0.7596 1.7745
0.7403 1.5656
0.7200 1.3837
0.6986 1.2253
0.6765 1.0874
0.6538 0.9673
0.6308 0.8627
0.6077 0.7717
0.5847 0.6925
0.5623 0.6235
0.5405 0.5634
0.5197 0.5111
0.4999 0.4656
0.4814 0.4260
0.4641 0.3915
0.4482 0.3615
0.4337 0.3354
0.4206 0.3131
0.4097 0.3002
0.4145 0.3888
0.5161 1.6850
0.7042 8.4086
0.8392 22.9959
0.9065 41.5847
0.9319 57.8190
0.9385 67.4614
0.9384 69.2839
0.9368 65.1061
0.9352 58.3295
0.9338 51.3098
0.9325 44.8686
0.9312 39.1618
0.9297 34.1604
0.9281 29.7931
0.9262 25.9838
0.9241 22.6626
0.9217 19.7673
0.9189 17.2435
0.9157 15.0437
0.9121 13.1265
0.9080 11.4557
0.9034 9.9997
0.8981 8.7309
0.8922 7.6254
0.8855 6.6622
0.8779 5.8230
0.8695 5.0919
0.8600 4.4550
0.8495 3.9003
0.8379 3.4170
0.8250 2.9961
0.8109 2.6296
0.7955 2.3103
0.7788 2.0322
0.7609 1.7901
0.7417 1.5792
0.7214 1.3956
0.7001 1.2357
0.6781 1.0965
0.6554 0.9753
0.6324 0.8697
0.6093 0.7778
0.5864 0.6978
0.5639 0.6281
0.5421 0.5675
0.5212 0.5147
0.5013 0.4687
0.4827 0.4287
0.4653 0.3939
0.4494 0.3636
0.4347 0.3373
0.4215 0.3148
0.4106 0.3021
0.4152 0.3880
0.5131 1.5895
0.6999 8.0718
0.8363 22.2754
0.9051 40.7104
0.9314 57.0569
0.9383 66.9123
0.9384 69.0017
0.9368 65.0276
0.9352 58.3414
0.9338 51.3487
0.9325 44.9133
0.9312 39.2058
0.9297 34.2019
0.9281 29.8315
0.9263 26.0191
0.9241 22.6949
0.9217 19.7969
0.9189 17.2705
0.9157 15.0683
0.9121 13.1488
0.9081 11.4759
0.9034 10.0179
0.8982 8.7474
0.8922 7.6403
0.8856 6.6756
0.8780 5.8350
0.8696 5.1027
0.8602 4.4647
0.8497 3.9090
0.8381 3.4248
0.8252 3.0031
0.8112 2.6358
0.7958 2.3158
0.7791 2.0372
0.7612 1.7945
0.7421 1.5832
0.7218 1.3991
0.7006 1.2388
0.6785 1.0992
0.6559 0.9777
0.6329 0.8719
0.6098 0.7797
0.5869 0.6995
0.5644 0.6297
0.5426 0.5688
0.5216 0.5159
0.5018 0.4698
0.4831 0.4297
0.4658 0.3947
0.4497 0.3643
0.4351 0.3379
0.4219 0.3156
0.4112 0.3043
0.4177 0.4014
0.5186 1.6553
0.7040 8.2260
0.8383 22.3805
0.9057 40.7109
0.9315 56.9152
0.9382 66.6113
0.9383 68.6097
0.9367 64.6320
0.9351 57.9842
0.9337 51.0383
0.9324 44.6462
0.9311 38.9764
0.9297 34.0049
0.9280 29.6623
0.9262 25.8738
0.9240 22.5702
0.9216 19.6898
0.9188 17.1786
0.9156 14.9894
0.9120 13.0812
0.9079 11.4179
0.9032 9.9682
0.8980 8.7047
0.8920 7.6037
0.8853 6.6442
0.8778 5.8082
0.8693 5.0797
0.8599 4.4450
0.8493 3.8921
0.8377 3.4104
0.8248 2.9907
0.8107 2.6252
0.7953 2.3068
0.7786 2.0294
0.7607 1.7879
0.7415 1.5775
0.7212 1.3942
0.7000 1.2347
0.6779 1.0957
0.6553 0.9747
0.6323 0.8693
0.6092 0.7775
0.5863 0.6976
0.5638 0.6281
0.5420 0.5675
0.5212 0.5147
0.5013 0.4688
0.4827 0.4288
0.4654 0.3940
0.4494 0.3637
0.4348 0.3374
0.4217 0.3155
0.4116 0.3074
0.4224 0.4323
0.5326 1.8888
0.7159 8.8574
0.8446 23.2574
0.9082 41.5346
0.9321 57.3458
0.9382 66.5259
0.9381 68.1008
0.9366 63.9278
0.9350 57.2704
0.9336 50.3908
0.9323 44.0781
0.9310 38.4828
0.9295 33.5774
0.9279 29.2924
0.9260 25.5539
0.9238 22.2935
0.9213 19.4505
0.9185 16.9716
0.9153 14.8105
0.9117 12.9265
0.9075 11.2841
0.9028 9.8525
0.8975 8.6048
0.8915 7.5173
0.8847 6.5695
0.8771 5.7436
0.8686 5.0239
0.8590 4.3968
0.8484 3.8504
0.8367 3.3743
0.8237 2.9596
0.8095 2.5983
0.7940 2.2835
0.7772 2.0093
0.7592 1.7705
0.7400 1.5625
0.7196 1.3813
0.6983 1.2235
0.6762 1.0860
0.6536 0.9663
0.6306 0.8621
0.6075 0.7713
0.5846 0.6922
0.5622 0.6234
0.5405 0.5634
0.5197 0.5112
0.5000 0.4658
0.4814 0.4262
0.4642 0.3918
0.4483 0.3618
0.4338 0.3358
0.4209 0.3147
0.4120 0.3128
0.4306 0.4897
0.5554 2.3464
0.7348 10.0334
0.8547 24.9102
0.9122 43.1332
0.9332 58.2754
0.9383 66.5875
0.9379 67.4394
0.9363 62.9132
0.9348 56.2167
0.9334 49.4266
0.9321 43.2280
0.9308 37.7418
0.9293 32.9338
0.9276 28.7341
0.9257 25.0698
0.9235 21.8739
0.9210 19.0867
0.9181 16.6564
0.9148 14.5372
0.9111 12.6896
0.9069 11.0789
0.9021 9.6747
0.8967 8.4506
0.8906 7.3837
0.8837 6.4538
0.8760 5.6433
0.8674 4.9370
0.8577 4.3215
0.8470 3.7852
0.8351 3.3179
0.8220 2.9107
0.8076 2.5559
0.7920 2.2468
0.7750 1.9775
0.7568 1.7429
0.7375 1.5386
0.7170 1.3606
0.6956 1.2056
0.6735 1.0705
0.6508 0.9529
0.6278 0.8504
0.6047 0.7612
0.5819 0.6835
0.5596 0.6158
0.5380 0.5569
0.5173 0.5056
0.4977 0.4609
0.4794 0.4220
0.4623 0.3881
0.4466 0.3586
0.4323 0.3332
0.4197 0.3137
0.4129 0.3234
0.4444 0.5920
0.5871 3.1207
0.7593 11.8462
0.8673 27.3578
0.9171 45.4198
0.9345 59.5745
0.9383 66.6730
0.9376 66.5515
0.9360 61.5677
0.9345 54.8307
0.9332 48.1607
0.9319 42.1119
0.9305 36.7684
0.9290 32.0879
0.9273 27.9998
0.9253 24.4326
0.9230 21.3209
0.9205 18.6070
0.9175 16.2401
0.9142 14.1761
0.9104 12.3763
0.9061 10.8071
0.9012 9.4389
0.8957 8.2461
0.8894 7.2063
0.8824 6.2999
0.8745 5.5099
0.8657 4.8213
0.8559 4.2211
0.8449 3.6981
0.8328 3.2423
0.8195 2.8452
0.8050 2.4991
0.7891 2.1975
0.7720 1.9348
0.7536 1.7059
0.7340 1.5065
0.7134 1.3327
0.6919 1.1814
0.6697 1.0496
0.6469 0.9347
0.6239 0.8347
0.6009 0.7475
0.5782 0.6716
0.5560 0.6055
0.5345 0.5480
0.5140 0.4978
0.4946 0.4542
0.4765 0.4161
0.4597 0.3830
0.4442 0.3543
0.4302 0.3298
0.4183 0.3134
0.4155 0.3459
0.4667 0.7788
0.6271 4.3264
0.7874 14.4000
0.8812 30.6196
0.9222 48.2727
0.9358 61.0840
0.9382 66.6489
0.9372 65.3741
0.9356 59.8944
0.9342 53.1438
0.9329 46.6283
0.9316 40.7618
0.9302 35.5904
0.9286 31.0633
0.9268 27.1096
0.9248 23.6595
0.9225 20.6496
0.9198 18.0240
0.9168 15.7339
0.9133 13.7366
0.9094 11.9948
0.9050 10.4758
0.9000 9.1514
0.8943 7.9965
0.8879 6.9896
0.8807 6.1119
0.8726 5.3466
0.8636 4.6796
0.8535 4.0982
0.8423 3.5914
0.8300 3.1497
0.8164 2.7648
0.8016 2.4293
0.7854 2.1370
0.7681 1.8823
0.7494 1.6603
0.7297 1.4669
0.7089 1.2984
0.6872 1.1516
0.6648 1.0237
0.6420 0.9123
0.6190 0.8152
0.5961 0.7306
0.5734 0.6570
0.5514 0.5928
0.5301 0.5369
0.5099 0.4883
0.4908 0.4459
0.4729 0.4089
0.4564 0.3768
0.4412 0.3490
0.4276 0.3259
0.4170 0.3158
0.4220 0.3951
0.5007 1.1465
0.6733 6.1136
0.8171 17.7576
0.8949 34.6685
0.9271 51.4830
0.9368 62.5695
0.9380 66.3394
0.9367 63.8270
0.9352 57.8922
0.9338 51.1833
0.9325 44.8616
0.9312 39.2088
0.9297 34.2359
0.9281 29.8850
0.9263 26.0856
0.9242 22.7697
0.9217 19.8766
0.9190 17.3525
0.9159 15.1506
0.9123 13.2299
0.9083 11.5547
0.9037 10.0936
0.8985 8.8193
0.8926 7.7081
0.8860 6.7392
0.8786 5.8943
0.8703 5.1578
0.8610 4.5156
0.8506 3.9557
0.8392 3.4677
0.8265 3.0423
0.8126 2.6715
0.7974 2.3484
0.7810 2.0667
0.7633 1.8212
0.7444 1.6073
0.7243 1.4209
0.7033 1.2585
0.6814 1.1169
0.6590 0.9936
0.6361 0.8861
0.6131 0.7925
0.5902 0.7109
0.5678 0.6399
0.5459 0.5780
0.5249 0.5240
0.5050 0.4771
0.4862 0.4361
0.4686 0.4005
0.4525 0.3695
0.4377 0.3429
0.4247 0.3223
0.4167 0.3251
0.4366 0.4984
0.5487 1.9197
0.7226 8.7062
0.8459 21.9539
0.9075 39.3704
0.9311 54.8078
0.9374 63.7956
0.9376 65.5986
0.9362 61.8718
0.9347 55.5892
0.9333 48.9915
0.9321 42.9018
0.9307 37.4894
0.9292 32.7368
0.9275 28.5808
0.9256 24.9516
0.9234 21.7841
0.9209 19.0199
0.9180 16.6080
0.9148 14.5036
0.9110 12.6676
0.9068 11.0660
0.9021 9.6690
0.8967 8.4504
0.8906 7.3876
0.8838 6.4607
0.8761 5.6524
0.8675 4.9475
0.8579 4.3329
0.8472 3.7971
0.8354 3.3299
0.8223 2.9226
0.8081 2.5675
0.7925 2.2580
0.7757 1.9882
0.7576 1.7531
0.7384 1.5481
0.7181 1.3695
0.6968 1.2138
0.6747 1.0781
0.6521 0.9599
0.6292 0.8569
0.6063 0.7671
0.5835 0.6889
0.5612 0.6207
0.5396 0.5613
0.5189 0.5096
0.4993 0.4645
0.4809 0.4252
0.4638 0.3911
0.4480 0.3614
0.4338 0.3364
0.4219 0.3207
0.4193 0.3521
0.4646 0.7094
0.6092 3.4157
0.7716 12.2950
0.8720 27.0357
0.9180 44.4617
0.9342 57.9539
0.9377 64.5225
0.9371 64.3046
0.9356 59.5021
0.9342 53.0263
0.9329 46.6125
0.9316 40.7895
0.9302 35.6399
0.9286 31.1249
0.9269 27.1782
0.9248 23.7318
0.9225 20.7234
0.9199 18.0977
0.9169 15.8062
0.9135 13.8065
0.9096 12.0616
0.9052 10.5392
0.9002 9.2110
0.8946 8.0523
0.8882 7.0416
0.8811 6.1600
0.8731 5.3910
0.8642 4.7204
0.8542 4.1355
0.8431 3.6255
0.8309 3.1808
0.8175 2.7930
0.8028 2.4549
0.7868 2.1602
0.7696 1.9032
0.7511 1.6792
0.7315 1.4839
0.7108 1.3137
0.6893 1.1653
0.6671 1.0360
0.6444 0.9233
0.6214 0.8251
0.5985 0.7395
0.5759 0.6649
0.5539 0.5999
0.5326 0.5432
0.5122 0.4939
0.4930 0.4508
0.4751 0.4134
0.4584 0.3808
0.4432 0.3527
0.4296 0.3304
0.4200 0.3254
0.4291 0.4247
0.5106 1.1681
0.6760 5.8837
0.8167 16.9311
0.8937 33.0031
0.9260 49.5512
0.9361 60.5774
0.9376 64.5328
0.9365 62.3886
0.9350 56.7600
0.9336 50.2606
0.9323 44.0955
0.9310 38.5674
0.9296 33.6973
0.9279 29.4324
0.9261 25.7053
0.9239 22.4505
0.9215 19.6088
0.9187 17.1282
0.9155 14.9630
0.9119 13.0732
0.9079 11.4239
0.9033 9.9847
0.8980 8.7288
0.8921 7.6330
0.8855 6.6770
0.8780 5.8430
0.8697 5.1154
0.8604 4.4808
0.8500 3.9272
0.8385 3.4444
0.8258 3.0234
0.8119 2.6562
0.7967 2.3360
0.7803 2.0568
0.7626 1.8133
0.7437 1.6011
0.7237 1.4160
0.7027 1.2547
0.6809 1.1141
0.6585 0.9915
0.6357 0.8846
0.6128 0.7914
0.5900 0.7102
0.5676 0.6395
0.5458 0.5778
0.5248 0.5240
0.5049 0.4772
0.4862 0.4363
0.4687 0.4008
0.4526 0.3700
0.4380 0.3440
0.4257 0.3266
0.4211 0.3461
0.4537 0.5978
0.5759 2.2933
0.7417 9.6141
0.8551 22.6318
0.9105 39.5658
0.9315 54.2149
0.9371 62.3616
0.9371 63.6775
0.9358 59.8582
0.9344 53.7216
0.9330 47.3511
0.9317 41.4864
0.9304 36.2742
0.9288 31.6952
0.9271 27.6884
0.9251 24.1873
0.9229 21.1295
0.9203 18.4595
0.9173 16.1283
0.9140 14.0930
0.9102 12.3164
0.9059 10.7655
0.9010 9.4120
0.8955 8.2306
0.8893 7.1997
0.8823 6.3001
0.8745 5.5152
0.8658 4.8303
0.8560 4.2329
0.8452 3.7116
0.8332 3.2570
0.8200 2.8604
0.8056 2.5144
0.7899 2.2127
0.7729 1.9496
0.7547 1.7202
0.7354 1.5201
0.7150 1.3456
0.6936 1.1935
0.6716 1.0608
0.6490 0.9452
0.6261 0.8443
0.6033 0.7564
0.5806 0.6798
0.5585 0.6130
0.5370 0.5548
0.5165 0.5040
0.4971 0.4598
0.4789 0.4213
0.4620 0.3878
0.4465 0.3590
0.4328 0.3361
0.4230 0.3302
0.4297 0.4113
0.4999 0.9867
0.6540 4.6624
0.8006 14.6048
0.8852 29.4344
0.9224 46.1220
0.9349 58.0405
0.9373 63.0783
0.9365 61.9107
0.9351 56.8159
0.9337 50.4890
0.9324 44.3630
0.9311 38.8337
0.9296 33.9497
0.9280 29.6672
0.9262 25.9219
0.9241 22.6494
0.9216 19.7909
0.9189 17.2944
0.9158 15.1142
0.9122 13.2105
0.9082 11.5484
0.9036 10.0972
0.8985 8.8304
0.8927 7.7247
