0.3298 0.1752
0.3288 0.1738
0.3278 0.1725
0.3270 0.1713
0.3262 0.1702
0.3255 0.1692
0.3249 0.1683
0.3244 0.1676
0.3239 0.1668
0.3234 0.1662
0.3230 0.1656
0.3226 0.1651
0.3223 0.1646
0.3220 0.1642
0.3217 0.1638
0.3214 0.1635
0.3212 0.1633
0.3211 0.1631
0.3210 0.1630
0.3209 0.1629
0.3209 0.1630
0.3209 0.1632
0.3211 0.1637
0.3214 0.1645
0.3219 0.1656
0.3227 0.1675
0.3240 0.1704
0.3259 0.1744
0.3285 0.1799
0.3325 0.1896
0.3394 0.2055
0.3488 0.2239
0.3621 0.2579
0.3858 0.3194
0.4163 0.3759
0.4351 0.3734
0.4399 0.3741
0.4512 0.4330
0.4790 0.5251
0.5005 0.5216
0.5017 0.4874
0.4968 0.4842
0.4973 0.5026
0.4964 0.4759
0.4845 0.4283
0.4671 0.3899
0.4508 0.3650
0.4385 0.3489
0.4289 0.3326
0.4197 0.3151
0.4104 0.2982
0.4015 0.2836
0.3936 0.2714
0.3867 0.2608
0.3805 0.2511
0.3748 0.2422
0.3696 0.2341
0.3648 0.2268
0.3605 0.2203
0.3566 0.2144
0.3530 0.2092
0.3498 0.2044
0.3469 0.2001
0.3443 0.1962
0.3419 0.1928
0.3397 0.1896
0.3378 0.1868
0.3360 0.1842
0.3344 0.1819
0.3329 0.1798
0.3316 0.1779
0.3304 0.1762
0.3293 0.1746
0.3284 0.1732
0.3275 0.1720
0.3267 0.1708
0.3259 0.1698
0.3253 0.1689
0.3247 0.1680
0.3242 0.1673
0.3237 0.1666
0.3232 0.1660
0.3228 0.1654
0.3225 0.1649
0.3221 0.1645
0.3218 0.1641
0.3216 0.1637
0.3214 0.1634
0.3212 0.1632
0.3210 0.1631
0.3209 0.1630
0.3209 0.1630
0.3209 0.1631
0.3210 0.1635
0.3212 0.1641
0.3216 0.1650
0.3223 0.1665
0.3233 0.1688
0.3248 0.1723
0.3271 0.1769
0.3302 0.1840
0.3355 0.1968
0.3437 0.2139
0.3544 0.2370
0.3722 0.2851
0.4005 0.3511
0.4280 0.3805
0.4382 0.3689
0.4433 0.3936
0.4629 0.4799
0.4918 0.5332
0.5030 0.5034
0.4991 0.4812
0.4963 0.4932
0.4982 0.4968
0.4921 0.4534
0.4766 0.4089
0.4591 0.3767
0.4446 0.3572
0.4339 0.3417
0.4246 0.3246
0.4154 0.3070
0.4062 0.2911
0.3977 0.2777
0.3903 0.2663
0.3837 0.2562
0.3778 0.2469
0.3723 0.2383
0.3673 0.2306
0.3628 0.2237
0.3586 0.2175
0.3549 0.2119
0.3515 0.2069
0.3484 0.2024
0.3457 0.1983
0.3431 0.1946
0.3409 0.1913
0.3388 0.1883
0.3369 0.1855
0.3352 0.1831
0.3337 0.1809
0.3323 0.1789
0.3311 0.1771
0.3299 0.1755
0.3289 0.1740
0.3280 0.1726
0.3271 0.1714
0.3263 0.1704
0.3256 0.1694
0.3250 0.1685
0.3244 0.1677
0.3239 0.1670
0.3235 0.1663
0.3230 0.1657
0.3227 0.1652
0.3223 0.1647
0.3220 0.1643
0.3217 0.1639
0.3215 0.1636
0.3213 0.1634
0.3211 0.1632
0.3210 0.1630
0.3209 0.1630
0.3209 0.1631
0.3210 0.1633
0.3211 0.1638
0.3215 0.1646
0.3220 0.1658
0.3228 0.1677
0.3241 0.1707
0.3261 0.1748
0.3288 0.1805
0.3329 0.1906
0.3400 0.2068
0.3495 0.2255
0.3634 0.2613
0.3878 0.3239
0.4182 0.3782
0.4361 0.3734
0.4404 0.3755
0.4523 0.4373
0.4805 0.5273
0.5010 0.5203
0.5016 0.4868
0.4968 0.4851
0.4975 0.5032
0.4964 0.4750
0.4842 0.4272
0.4667 0.3891
0.4504 0.3644
0.4383 0.3485
0.4286 0.3322
0.4194 0.3146
0.4101 0.2978
0.4013 0.2833
0.3934 0.2712
0.3865 0.2606
0.3804 0.2509
0.3747 0.2420
0.3695 0.2340
0.3648 0.2267
0.3605 0.2202
0.3565 0.2144
0.3530 0.2091
0.3498 0.2044
0.3469 0.2001
0.3443 0.1962
0.3419 0.1927
0.3397 0.1896
0.3378 0.1867
0.3360 0.1842
0.3344 0.1819
0.3329 0.1798
0.3316 0.1779
0.3304 0.1762
0.3293 0.1746
0.3284 0.1732
0.3275 0.1720
0.3267 0.1708
0.3260 0.1698
0.3253 0.1689
0.3247 0.1680
0.3242 0.1673
0.3237 0.1666
0.3232 0.1660
0.3228 0.1654
0.3225 0.1649
0.3221 0.1645
0.3219 0.1641
0.3216 0.1638
0.3214 0.1635
0.3212 0.1633
0.3211 0.1631
0.3210 0.1630
0.3209 0.1631
0.3210 0.1633
0.3211 0.1636
0.3213 0.1643
0.3218 0.1654
0.3225 0.1670
0.3236 0.1696
0.3254 0.1733
0.3277 0.1783
0.3312 0.1864
0.3372 0.2008
0.3461 0.2184
0.3578 0.2459
0.3783 0.3011
0.4083 0.3662
0.4326 0.3796
0.4396 0.3702
0.4464 0.4086
0.4698 0.5036
0.4967 0.5318
0.5034 0.4975
0.4986 0.4824
0.4969 0.4981
0.4984 0.4917
0.4899 0.4444
0.4734 0.4017
0.4560 0.3719
0.4423 0.3541
0.4320 0.3383
0.4228 0.3210
0.4135 0.3037
0.4044 0.2882
0.3961 0.2753
0.3889 0.2643
0.3825 0.2544
0.3767 0.2452
0.3714 0.2369
0.3665 0.2293
0.3620 0.2226
0.3580 0.2165
0.3543 0.2110
0.3510 0.2061
0.3480 0.2017
0.3452 0.1977
0.3428 0.1940
0.3405 0.1908
0.3385 0.1878
0.3367 0.1851
0.3350 0.1827
0.3335 0.1806
0.3321 0.1786
0.3309 0.1768
0.3298 0.1752
0.3287 0.1738
0.3278 0.1725
0.3270 0.1713
0.3262 0.1702
0.3255 0.1692
0.3249 0.1684
0.3244 0.1676
0.3239 0.1669
0.3234 0.1662
0.3230 0.1656
0.3226 0.1651
0.3223 0.1647
0.3220 0.1643
0.3217 0.1639
0.3215 0.1636
0.3213 0.1634
0.3211 0.1632
0.3210 0.1631
0.3210 0.1631
0.3210 0.1632
0.3211 0.1635
0.3213 0.1641
0.3217 0.1651
0.3223 0.1665
0.3233 0.1687
0.3248 0.1721
0.3270 0.1766
0.3300 0.1834
0.3351 0.1958
0.3432 0.2129
0.3537 0.2352
0.3709 0.2819
0.3989 0.3481
0.4274 0.3832
0.4388 0.3705
0.4430 0.3891
0.4608 0.4714
0.4902 0.5347
0.5033 0.5086
0.5002 0.4831
0.4968 0.4923
0.4987 0.5014
0.4940 0.4601
0.4791 0.4140
0.4613 0.3799
0.4462 0.3592
0.4351 0.3436
0.4258 0.3267
0.4165 0.3091
0.4072 0.2929
0.3987 0.2792
0.3911 0.2676
0.3845 0.2574
0.3785 0.2481
0.3730 0.2394
0.3680 0.2317
0.3634 0.2247
0.3592 0.2184
0.3554 0.2127
0.3520 0.2076
0.3489 0.2030
0.3461 0.1989
0.3435 0.1951
0.3412 0.1918
0.3391 0.1887
0.3372 0.1860
0.3355 0.1835
0.3339 0.1812
0.3325 0.1792
0.3313 0.1774
0.3301 0.1757
0.3291 0.1742
0.3281 0.1729
0.3273 0.1717
0.3265 0.1706
0.3258 0.1696
0.3251 0.1686
0.3246 0.1678
0.3240 0.1671
0.3236 0.1664
0.3231 0.1658
0.3227 0.1653
0.3224 0.1648
0.3221 0.1644
0.3218 0.1640
0.3216 0.1637
0.3214 0.1634
0.3212 0.1632
0.3211 0.1631
0.3210 0.1631
0.3210 0.1632
0.3210 0.1635
0.3212 0.1640
0.3216 0.1649
0.3221 0.1661
0.3230 0.1681
0.3244 0.1713
0.3264 0.1755
0.3292 0.1815
0.3337 0.1923
0.3411 0.2089
0.3509 0.2286
0.3659 0.2681
0.3916 0.3325
0.4218 0.3820
0.4377 0.3732
0.4414 0.3783
0.4544 0.4457
0.4833 0.5308
0.5019 0.5180
0.5015 0.4863
0.4970 0.4877
0.4982 0.5050
0.4966 0.4736
0.4837 0.4254
0.4660 0.3877
0.4498 0.3637
0.4378 0.3479
0.4283 0.3315
0.4190 0.3139
0.4097 0.2970
0.4009 0.2826
0.3930 0.2706
0.3862 0.2601
0.3801 0.2505
0.3745 0.2417
0.3693 0.2336
0.3646 0.2264
0.3603 0.2200
0.3564 0.2142
0.3529 0.2089
0.3497 0.2042
0.3468 0.2000
0.3442 0.1961
0.3418 0.1927
0.3397 0.1895
0.3377 0.1867
0.3360 0.1841
0.3344 0.1818
0.3329 0.1798
0.3316 0.1779
0.3304 0.1762
0.3293 0.1746
0.3284 0.1732
0.3275 0.1720
0.3267 0.1709
0.3260 0.1698
0.3253 0.1689
0.3247 0.1681
0.3242 0.1673
0.3237 0.1666
0.3232 0.1660
0.3228 0.1654
0.3225 0.1650
0.3222 0.1645
0.3219 0.1641
0.3216 0.1638
0.3214 0.1635
0.3212 0.1633
0.3211 0.1632
0.3210 0.1631
0.3210 0.1632
0.3210 0.1635
0.3212 0.1639
0.3215 0.1647
0.3221 0.1659
0.3229 0.1678
0.3242 0.1707
0.3261 0.1748
0.3287 0.1802
0.3327 0.1900
0.3396 0.2059
0.3490 0.2244
0.3626 0.2590
0.3865 0.3209
0.4171 0.3790
0.4366 0.3767
0.4409 0.3735
0.4506 0.4281
0.4775 0.5228
0.5000 0.5243
0.5024 0.4902
0.4974 0.4846
0.4975 0.5031
0.4979 0.4833
0.4869 0.4344
0.4695 0.3940
0.4527 0.3674
0.4399 0.3509
0.4301 0.3349
0.4209 0.3174
0.4116 0.3003
0.4026 0.2853
0.3945 0.2728
0.3875 0.2621
0.3813 0.2524
0.3756 0.2434
0.3703 0.2352
0.3655 0.2279
0.3611 0.2213
0.3572 0.2153
0.3536 0.2100
0.3503 0.2051
0.3474 0.2008
0.3447 0.1969
0.3423 0.1933
0.3401 0.1901
0.3381 0.1873
0.3363 0.1847
0.3347 0.1823
0.3332 0.1802
0.3319 0.1783
0.3307 0.1765
0.3296 0.1749
0.3286 0.1735
0.3277 0.1722
0.3269 0.1711
0.3261 0.1700
0.3254 0.1691
0.3248 0.1682
0.3243 0.1675
0.3238 0.1668
0.3233 0.1661
0.3229 0.1656
0.3226 0.1651
0.3222 0.1646
0.3219 0.1642
0.3217 0.1639
0.3215 0.1636
0.3213 0.1634
0.3211 0.1632
0.3211 0.1632
0.3210 0.1632
0.3211 0.1635
0.3212 0.1639
0.3215 0.1647
0.3220 0.1658
0.3228 0.1676
0.3240 0.1704
0.3259 0.1744
0.3284 0.1796
0.3322 0.1888
0.3388 0.2042
0.3480 0.2222
0.3607 0.2538
0.3833 0.3133
0.4138 0.3750
0.4355 0.3786
0.4405 0.3714
0.4485 0.4184
0.4740 0.5159
0.4988 0.5286
0.5032 0.4943
0.4982 0.4842
0.4975 0.5015
0.4988 0.4897
0.4891 0.4408
0.4720 0.3987
0.4547 0.3700
0.4413 0.3528
0.4312 0.3370
0.4220 0.3196
0.4127 0.3023
0.4036 0.2870
0.3954 0.2742
0.3883 0.2633
0.3820 0.2535
0.3762 0.2445
0.3710 0.2362
0.3661 0.2288
0.3617 0.2221
0.3577 0.2160
0.3540 0.2106
0.3507 0.2057
0.3477 0.2013
0.3450 0.1974
0.3426 0.1938
0.3404 0.1906
0.3384 0.1876
0.3366 0.1850
0.3349 0.1826
0.3334 0.1805
0.3321 0.1785
0.3308 0.1768
0.3297 0.1752
0.3287 0.1737
0.3278 0.1724
0.3270 0.1713
0.3262 0.1702
0.3255 0.1692
0.3249 0.1684
0.3244 0.1676
0.3239 0.1669
0.3234 0.1662
0.3230 0.1657
0.3226 0.1651
0.3223 0.1647
0.3220 0.1643
0.3217 0.1639
0.3215 0.1636
0.3213 0.1634
0.3212 0.1633
0.3211 0.1632
0.3210 0.1633
0.3211 0.1635
0.3212 0.1639
0.3215 0.1647
0.3220 0.1658
0.3228 0.1675
0.3240 0.1703
0.3258 0.1742
0.3283 0.1793
0.3320 0.1882
0.3385 0.2034
0.3476 0.2213
0.3601 0.2520
0.3823 0.3108
0.4127 0.3736
0.4354 0.3805
0.4409 0.3713
0.4480 0.4144
0.4725 0.5119
0.4982 0.5308
0.5037 0.4967
0.4987 0.4841
0.4975 0.5004
0.4990 0.4927
0.4902 0.4441
0.4733 0.4011
0.4558 0.3715
0.4421 0.3539
0.4319 0.3382
0.4227 0.3209
0.4134 0.3035
0.4043 0.2880
0.3960 0.2751
0.3888 0.2641
0.3824 0.2542
0.3767 0.2452
0.3713 0.2368
0.3665 0.2293
0.3620 0.2226
0.3580 0.2165
0.3543 0.2110
0.3510 0.2061
0.3480 0.2017
0.3453 0.1977
0.3428 0.1941
0.3406 0.1908
0.3385 0.1879
0.3367 0.1852
0.3350 0.1828
0.3335 0.1807
0.3322 0.1787
0.3309 0.1769
0.3298 0.1753
0.3288 0.1739
0.3279 0.1725
0.3270 0.1714
0.3263 0.1703
0.3256 0.1693
0.3250 0.1684
0.3244 0.1677
0.3239 0.1669
0.3234 0.1663
0.3230 0.1657
0.3227 0.1652
0.3223 0.1647
0.3220 0.1643
0.3218 0.1640
0.3215 0.1637
0.3213 0.1635
0.3212 0.1633
0.3211 0.1633
0.3211 0.1633
0.3211 0.1635
0.3213 0.1640
0.3216 0.1647
0.3221 0.1659
0.3228 0.1676
0.3241 0.1704
0.3259 0.1744
0.3284 0.1796
0.3322 0.1886
0.3387 0.2039
0.3479 0.2219
0.3605 0.2531
0.3829 0.3122
0.4133 0.3745
0.4358 0.3807
0.4410 0.3713
0.4480 0.4144
0.4725 0.5119
0.4982 0.5306
0.5036 0.4967
0.4987 0.4842
0.4976 0.5005
0.4992 0.4934
0.4904 0.4447
0.4735 0.4015
0.4560 0.3717
0.4422 0.3540
0.4319 0.3383
0.4227 0.3210
0.4135 0.3036
0.4043 0.2881
0.3960 0.2751
0.3888 0.2641
0.3825 0.2543
0.3767 0.2452
0.3714 0.2369
0.3665 0.2294
0.3620 0.2226
0.3580 0.2166
0.3543 0.2111
0.3510 0.2062
0.3480 0.2018
0.3453 0.1978
0.3428 0.1942
0.3406 0.1909
0.3386 0.1879
0.3367 0.1853
0.3351 0.1829
0.3336 0.1807
0.3322 0.1787
0.3310 0.1770
0.3298 0.1754
0.3288 0.1739
0.3279 0.1726
0.3271 0.1714
0.3263 0.1703
0.3256 0.1693
0.3250 0.1685
0.3244 0.1677
0.3239 0.1670
0.3235 0.1663
0.3230 0.1657
0.3227 0.1652
0.3223 0.1648
0.3220 0.1643
0.3218 0.1640
0.3215 0.1637
0.3214 0.1635
0.3212 0.1633
0.3211 0.1633
0.3211 0.1634
0.3211 0.1636
0.3213 0.1640
0.3216 0.1648
0.3221 0.1660
0.3229 0.1678
0.3242 0.1707
0.3260 0.1746
0.3286 0.1799
0.3325 0.1892
0.3391 0.2048
0.3484 0.2231
0.3614 0.2558
0.3845 0.3162
0.4151 0.3774
0.4367 0.3803
0.4413 0.3720
0.4489 0.4182
0.4740 0.5159
0.4989 0.5292
0.5035 0.4954
0.4985 0.4847
0.4977 0.5016
0.4992 0.4922
0.4900 0.4430
0.4729 0.4002
0.4554 0.3709
0.4418 0.3534
0.4316 0.3377
0.4224 0.3204
0.4131 0.3030
0.4040 0.2875
0.3957 0.2747
0.3885 0.2637
0.3822 0.2539
0.3765 0.2449
0.3712 0.2366
0.3663 0.2292
0.3619 0.2224
0.3579 0.2164
0.3542 0.2110
0.3509 0.2061
0.3479 0.2016
0.3452 0.1977
0.3428 0.1941
0.3405 0.1908
0.3385 0.1879
0.3367 0.1852
0.3350 0.1828
0.3335 0.1806
0.3322 0.1787
0.3309 0.1769
0.3298 0.1753
0.3288 0.1739
0.3279 0.1726
0.3270 0.1714
0.3263 0.1703
0.3256 0.1693
0.3250 0.1685
0.3244 0.1677
0.3239 0.1669
0.3235 0.1663
0.3230 0.1657
0.3227 0.1652
0.3223 0.1648
0.3220 0.1644
0.3218 0.1640
0.3216 0.1637
0.3214 0.1635
0.3212 0.1634
0.3211 0.1633
0.3211 0.1634
0.3212 0.1637
0.3213 0.1642
0.3217 0.1650
0.3222 0.1662
0.3231 0.1682
0.3244 0.1712
0.3264 0.1753
0.3290 0.1809
0.3332 0.1910
0.3403 0.2071
0.3498 0.2260
0.3638 0.2622
0.3883 0.3251
0.4189 0.3822
0.4381 0.3785
0.4418 0.3738
0.4509 0.4277
0.4776 0.5238
0.5005 0.5264
0.5032 0.4927
0.4982 0.4860
0.4981 0.5035
0.4989 0.4877
0.4884 0.4379
0.4709 0.3963
0.4537 0.3685
0.4405 0.3517
0.4306 0.3359
0.4214 0.3185
0.4121 0.3013
0.4031 0.2860
0.3949 0.2734
0.3879 0.2627
0.3816 0.2530
0.3759 0.2440
0.3707 0.2359
0.3659 0.2285
0.3615 0.2218
0.3575 0.2158
0.3539 0.2104
0.3506 0.2056
0.3476 0.2012
0.3450 0.1973
0.3425 0.1937
0.3403 0.1905
0.3383 0.1876
0.3365 0.1850
0.3349 0.1826
0.3334 0.1804
0.3320 0.1785
0.3308 0.1768
0.3297 0.1752
0.3287 0.1737
0.3278 0.1724
0.3270 0.1713
0.3262 0.1702
0.3256 0.1693
0.3249 0.1684
0.3244 0.1676
0.3239 0.1669
0.3234 0.1663
0.3230 0.1657
0.3226 0.1652
0.3223 0.1647
0.3220 0.1643
0.3218 0.1640
0.3215 0.1637
0.3214 0.1635
0.3212 0.1634
0.3212 0.1634
0.3211 0.1635
0.3212 0.1638
0.3214 0.1643
0.3218 0.1652
0.3224 0.1666
0.3233 0.1687
0.3248 0.1719
0.3268 0.1762
0.3297 0.1823
0.3343 0.1935
0.3419 0.2102
0.3518 0.2304
0.3673 0.2717
0.3936 0.3367
0.4237 0.3861
0.4394 0.3754
0.4423 0.3778
0.4542 0.4433
0.4828 0.5316
0.5022 0.5212
0.5025 0.4893
0.4979 0.4887
0.4987 0.5063
0.4982 0.4805
0.4860 0.4307
0.4681 0.3910
0.4513 0.3653
0.4388 0.3493
0.4291 0.3333
0.4200 0.3158
0.4107 0.2987
0.4017 0.2839
0.3937 0.2716
0.3868 0.2611
0.3807 0.2515
0.3751 0.2427
0.3699 0.2347
0.3652 0.2274
0.3609 0.2209
0.3569 0.2150
0.3534 0.2097
0.3501 0.2049
0.3472 0.2006
0.3446 0.1967
0.3422 0.1932
0.3400 0.1901
0.3381 0.1872
0.3363 0.1846
0.3347 0.1823
0.3332 0.1802
0.3319 0.1783
0.3307 0.1765
0.3296 0.1750
0.3286 0.1736
0.3277 0.1723
0.3269 0.1711
0.3261 0.1701
0.3255 0.1691
0.3249 0.1683
0.3243 0.1675
0.3238 0.1668
0.3234 0.1662
0.3230 0.1656
0.3226 0.1651
0.3223 0.1647
0.3220 0.1643
0.3217 0.1640
0.3215 0.1637
0.3214 0.1635
0.3212 0.1634
0.3212 0.1634
0.3212 0.1635
0.3213 0.1639
0.3215 0.1645
0.3219 0.1655
0.3226 0.1670
0.3236 0.1693
0.3252 0.1728
0.3274 0.1773
0.3305 0.1842
0.3357 0.1969
0.3439 0.2141
0.3545 0.2370
0.3722 0.2849
0.4004 0.3509
0.4291 0.3880
0.4406 0.3726
0.4434 0.3856
0.4592 0.4642
0.4887 0.5359
0.5036 0.5138
0.5015 0.4862
0.4976 0.4924
0.4994 0.5072
0.4968 0.4706
0.4827 0.4219
0.4646 0.3848
0.4485 0.3618
0.4368 0.3463
0.4273 0.3299
0.4181 0.3123
0.4088 0.2956
0.4001 0.2813
0.3923 0.2694
0.3855 0.2591
0.3795 0.2497
0.3740 0.2411
0.3689 0.2332
0.3643 0.2261
0.3600 0.2197
0.3562 0.2139
0.3527 0.2087
0.3496 0.2040
0.3467 0.1998
0.3441 0.1960
0.3418 0.1926
0.3396 0.1895
0.3377 0.1867
0.3360 0.1842
0.3344 0.1819
0.3329 0.1798
0.3316 0.1779
0.3304 0.1762
0.3294 0.1747
0.3284 0.1733
0.3275 0.1721
0.3267 0.1709
