0.0489 -0.043492
0.0387 -0.032985
0.0283 -0.022193
0.0174 -0.012636
0.0053 -0.003637
-0.0086 0.005380
-0.0249 0.014846
-0.0446 0.023784
-0.0688 0.033002
-0.0976 0.040981
-0.1306 0.045356
-0.1653 0.047488
-0.1986 0.047181
-0.2280 0.044819
-0.2528 0.041089
-0.2728 0.036669
-0.2885 0.032072
-0.3006 0.027632
-0.3096 0.023538
-0.3162 0.019878
-0.3208 0.016675
-0.3238 0.013917
-0.3256 0.011568
-0.3263 0.009586
-0.3262 0.007924
-0.3255 0.006538
-0.3244 0.005387
-0.3229 0.004434
-0.3212 0.003646
-0.3193 0.002997
-0.3173 0.002462
-0.3151 0.002022
-0.3129 0.001660
-0.3106 0.001362
-0.3080 0.001117
-0.3052 0.000915
-0.3021 0.000749
-0.2984 0.000612
-0.2940 0.000498
-0.2888 0.000405
-0.2826 0.000327
-0.2752 0.000264
-0.2666 0.000211
-0.2566 0.000168
-0.2452 0.000133
-0.2324 0.000104
-0.2180 0.000081
-0.2019 0.000062
-0.1763 0.039776
-0.1424 0.064298
-0.0995 0.044992
-0.0439 0.020037
0.0337 -0.022157
0.1230 -0.082433
0.1934 -0.130188
0.2347 -0.158240
0.2452 -0.220661
0.2429 -0.218702
0.2344 -0.211067
0.2227 -0.200579
0.2097 -0.188879
0.1964 -0.176873
0.1832 -0.165028
0.1705 -0.153561
0.1583 -0.142551
0.1466 -0.132001
0.1353 -0.121879
0.1245 -0.112131
0.1140 -0.102696
0.1038 -0.093508
0.0938 -0.084496
0.0839 -0.075588
0.0740 -0.066702
0.0641 -0.057751
0.0539 -0.048631
0.0436 -0.038021
0.0330 -0.026954
0.0221 -0.016637
0.0101 -0.007151
-0.0034 0.002105
-0.0193 0.010943
-0.0387 0.019688
-0.0627 0.028813
-0.0919 0.035876
-0.1261 0.040710
-0.1626 0.043434
-0.1979 0.043735
-0.2293 0.041916
-0.2556 0.038647
-0.2768 0.034613
-0.2934 0.030344
-0.3061 0.026182
-0.3157 0.022325
-0.3227 0.018868
-0.3276 0.015837
-0.3308 0.013224
-0.3327 0.010998
-0.3336 0.009118
-0.3337 0.007542
-0.3332 0.006226
-0.3322 0.005133
-0.1238 0.027919
-0.0936 0.021132
-0.0524 0.023800
0.0012 -0.000284
0.0668 -0.044623
0.1266 -0.085135
0.1677 -0.112982
0.1886 -0.127227
0.1944 -0.131249
0.1905 -0.128637
0.1807 -0.122060
0.1676 -0.113245
0.1528 -0.103218
0.1369 -0.092527
0.1204 -0.081402
0.1033 -0.069337
0.0858 -0.054326
0.0673 -0.040539
0.0471 -0.025322
0.0234 -0.011415
-0.0062 0.002573
-0.0456 0.018043
-0.0983 0.032271
-0.1620 0.044046
-0.2264 0.050965
-0.2829 0.052700
-0.3290 0.050693
-0.3653 0.046566
-0.3937 0.041501
-0.4156 0.036232
-0.4325 0.031175
-0.4453 0.026539
-0.4547 0.022412
-0.4616 0.018810
-0.4662 0.015709
-0.4690 0.013066
-0.4702 0.010832
-0.4701 0.008954
-0.4689 0.007384
-0.4666 0.006075
-0.4634 0.004989
-0.4593 0.004089
-0.4545 0.003345
-0.4490 0.002733
-0.4429 0.002229
-0.4362 0.001815
-0.4289 0.001476
-0.4212 0.001198
-0.4131 0.000971
-0.4045 0.000787
-0.3957 0.000636
-0.3866 0.000514
-0.3772 0.000415
-0.3677 0.000334
-0.3581 0.000269
-0.3484 0.000216
-0.3386 0.000174
-0.3288 0.000140
-0.3190 0.000112
-0.3092 0.000090
-0.2995 0.000072
-0.2898 0.000058
-0.2801 0.000046
-0.2704 0.000037
-0.2608 0.000029
-0.2511 0.000023
-0.2413 0.000019
-0.2314 0.000015
-0.2214 0.000012
-0.2110 0.000009
-0.2002 0.000007
-0.1887 0.000006
-0.1764 0.000004
-0.1628 0.000003
-0.1472 0.000002
-0.1187 0.053552
-0.0814 0.036835
-0.0340 0.023343
0.0262 -0.017246
0.0885 -0.079092
0.1371 -0.123078
0.1656 -0.148863
0.1770 -0.159298
0.1770 -0.159346
0.1700 -0.153055
0.1589 -0.143124
0.1456 -0.131178
0.1311 -0.118112
0.1158 -0.104349
0.0998 -0.090006
0.0832 -0.074121
0.0660 -0.053930
0.0478 -0.036052
0.0270 -0.018712
0.0019 -0.001344
-0.0304 0.015869
-0.0737 0.031972
-0.1290 0.046390
-0.1904 0.056659
-0.2482 0.061148
-0.2975 0.060631
-0.3374 0.056884
-0.3691 0.051468
-0.3941 0.045441
-0.4136 0.039438
-0.4287 0.033807
-0.4404 0.028712
-0.4491 0.024213
-0.4555 0.020305
-0.4599 0.016950
-0.4626 0.014097
-0.4638 0.011687
-0.4637 0.009662
-0.4626 0.007969
-0.4604 0.006557
-0.4573 0.005385
-0.4533 0.004414
-0.4486 0.003612
-0.4432 0.002951
-0.4372 0.002406
-0.4305 0.001959
-0.4234 0.001593
-0.4157 0.001293
-0.4076 0.001049
-0.3991 0.000849
-0.3904 0.000686
-0.3813 0.000554
-0.3720 0.000447
-0.3626 0.000360
-0.3530 0.000290
-0.3434 0.000233
-0.3337 0.000187
-0.3240 0.000150
-0.3142 0.000121
-0.3045 0.000097
-0.2948 0.000077
-0.2852 0.000062
-0.2755 0.000049
-0.2659 0.000039
-0.2563 0.000031
-0.2466 0.000025
-0.2368 0.000020
-0.2268 0.000016
-0.2166 0.000012
-0.2060 0.000010
-0.1950 0.000008
-0.1831 0.000006
-0.1702 0.000005
-0.1558 0.000003
-0.1389 0.000003
-0.1123 0.025336
-0.0783 0.017699
-0.0315 0.014433
0.0313 -0.013763
0.0967 -0.086476
0.1457 -0.130768
0.1727 -0.155279
0.1821 -0.163875
0.1801 -0.162118
0.1713 -0.154304
0.1590 -0.143183
0.1447 -0.130342
0.1294 -0.116606
0.1135 -0.102324
0.0971 -0.087541
0.0799 -0.072086
0.0618 -0.053423
0.0422 -0.035152
0.0197 -0.015487
-0.0075 0.005108
-0.0424 0.025490
-0.0881 0.044012
-0.1442 0.059648
-0.2033 0.069619
-0.2574 0.072934
-0.3029 0.071008
-0.3398 0.065890
-0.3693 0.059224
-0.3927 0.052084
-0.4113 0.045102
-0.4259 0.038617
-0.4372 0.032782
-0.4459 0.027645
-0.4524 0.023190
-0.4570 0.019370
-0.4600 0.016121
-0.4616 0.013376
-0.4620 0.011070
-0.4614 0.009140
-0.4597 0.007531
-0.4573 0.006193
-0.4540 0.005084
-0.4500 0.004166
-0.4452 0.003409
-0.4399 0.002784
-0.4339 0.002271
-0.4274 0.001849
-0.4203 0.001504
-0.4128 0.001221
-0.4049 0.000990
-0.3965 0.000802
-0.3879 0.000649
-0.3789 0.000524
-0.3698 0.000423
-0.3604 0.000341
-0.3509 0.000274
-0.3412 0.000220
-0.3315 0.000177
-0.3218 0.000142
-0.3120 0.000114
-0.3023 0.000091
-0.2925 0.000073
-0.2827 0.000058
-0.2730 0.000047
-0.2632 0.000037
-0.2534 0.000030
-0.2435 0.000023
-0.2335 0.000019
-0.2233 0.000015
-0.2128 0.000012
-0.2018 0.000009
-0.1902 0.000007
-0.1777 0.000005
-0.1639 0.000004
-0.1482 0.000003
-0.1268 0.028599
-0.0964 0.021762
-0.0563 0.025536
0.0004 0.000125
0.0701 -0.046839
0.1332 -0.089538
0.1749 -0.117843
0.1885 -0.169618
0.1880 -0.169241
0.1797 -0.161829
0.1672 -0.150641
0.1527 -0.137560
0.1371 -0.123571
0.1211 -0.109105
0.1046 -0.094260
0.0875 -0.078909
0.0696 -0.061525
0.0505 -0.042901
0.0292 -0.023750
0.0040 -0.003189
-0.0275 0.018843
-0.0682 0.041791
-0.1189 0.065038
-0.1748 0.082667
-0.2287 0.089493
-0.2757 0.089262
-0.3147 0.084279
-0.3464 0.076723
-0.3719 0.068132
-0.3925 0.059457
-0.4090 0.051232
-0.4222 0.043724
-0.4325 0.037041
-0.4405 0.031193
-0.4465 0.026141
-0.4507 0.021818
-0.4534 0.018147
-0.4547 0.015048
-0.4548 0.012445
-0.4538 0.010268
-0.4518 0.008453
-0.4490 0.006945
-0.4453 0.005695
-0.4410 0.004663
-0.4361 0.003813
-0.4307 0.003114
-0.4250 0.002540
-0.4190 0.002071
-0.4127 0.001686
-0.4061 0.001372
-0.3994 0.001116
-0.3925 0.000907
-0.3854 0.000736
-0.3780 0.000597
-0.3705 0.000484
-0.3628 0.000392
-0.3549 0.000317
-0.3468 0.000256
-0.3385 0.000207
-0.3301 0.000167
-0.3215 0.000134
-0.3129 0.000108
-0.3041 0.000087
-0.2952 0.000070
-0.2862 0.000056
-0.2771 0.000045
-0.2680 0.000036
-0.2587 0.000029
-0.2494 0.000023
-0.2399 0.000018
-0.2301 0.000014
-0.2201 0.000011
-0.2098 0.000009
-0.1989 0.000007
-0.1873 0.000005
-0.1747 0.000004
-0.1607 0.000003
-0.1445 0.000002
-0.1250 0.000002
-0.0978 0.044196
-0.0552 0.025057
0.0004 0.000115
0.0690 -0.030730
0.1314 -0.088334
0.1675 -0.150506
0.1823 -0.164041
0.1837 -0.165343
0.1769 -0.159272
0.1655 -0.149082
0.1518 -0.136718
0.1368 -0.123236
0.1211 -0.109135
0.1049 -0.094564
0.0881 -0.079436
0.0703 -0.063467
0.0511 -0.045076
0.0300 -0.024298
0.0052 -0.004090
-0.0257 0.017547
-0.0656 0.041349
-0.1155 0.062893
-0.1718 0.077444
-0.2267 0.084571
-0.2748 0.084808
-0.3146 0.080327
-0.3469 0.073257
-0.3729 0.065118
-0.3937 0.056853
-0.4103 0.048993
-0.4235 0.041810
-0.4337 0.035410
-0.4416 0.029809
-0.4474 0.024970
-0.4513 0.020830
-0.4537 0.017314
-0.4547 0.014347
-0.4545 0.011856
-0.4531 0.009773
-0.4507 0.008038
-0.4474 0.006597
-0.4433 0.005405
-0.4385 0.004421
-0.4331 0.003610
-0.4272 0.002944
-0.4208 0.002398
-0.4139 0.001950
-0.4067 0.001584
-0.3991 0.001286
-0.3912 0.001042
-0.3830 0.000843
-0.3746 0.000682
-0.3659 0.000551
-0.3570 0.000444
-0.3480 0.000358
-0.3388 0.000288
-0.3296 0.000232
-0.3203 0.000186
-0.3109 0.000150
-0.3016 0.000120
-0.2922 0.000096
-0.2828 0.000077
-0.2733 0.000061
-0.2639 0.000049
-0.2544 0.000039
-0.2449 0.000031
-0.2352 0.000025
-0.2253 0.000020
-0.2152 0.000015
-0.2048 0.000012
-0.1942 0.000010
-0.1836 0.000007
-0.1731 0.000006
-0.1628 0.000005
-0.1526 0.000004
-0.1427 0.000003
-0.1292 0.029113
-0.1126 0.025376
-0.0951 0.021443
-0.0733 0.033076
-0.0459 0.020805
-0.0116 0.005377
0.0322 -0.014259
0.0799 -0.053604
0.1213 -0.081607
0.1497 -0.100897
0.1646 -0.111039
0.1687 -0.113884
0.1653 -0.111622
0.1570 -0.106028
0.1456 -0.098337
0.1322 -0.089326
0.1179 -0.075497
0.1031 -0.062669
0.0875 -0.050826
0.0706 -0.039420
0.0517 -0.026037
0.0298 -0.013642
0.0026 -0.001220
-0.0333 0.012338
-0.0819 0.025259
-0.1433 0.036639
-0.2088 0.044213
-0.2682 0.047000
-0.3172 0.045993
-0.3560 0.042695
-0.3861 0.038297
-0.4092 0.033566
-0.4268 0.028945
-0.4399 0.024668
-0.4494 0.020839
-0.4560 0.017484
-0.4602 0.014590
-0.4624 0.012121
-0.4629 0.010033
-0.4619 0.008278
-0.4597 0.006812
-0.4563 0.005591
-0.4520 0.004579
-0.4469 0.003743
-0.4409 0.003054
-0.4343 0.002487
-0.4272 0.002022
-0.4195 0.001642
-0.4113 0.001331
-0.4028 0.001078
-0.3940 0.000872
-0.3850 0.000704
-0.3758 0.000568
-0.3664 0.000458
-0.3570 0.000369
-0.3475 0.000297
-0.3380 0.000239
-0.3285 0.000192
-0.3190 0.000154
-0.3096 0.000124
-0.3002 0.000099
-0.2909 0.000079
-0.2817 0.000064
-0.2725 0.000051
-0.2634 0.000041
-0.2542 0.000032
-0.2451 0.000026
-0.2362 0.000021
-0.2200 0.049562
-0.2037 0.045885
-0.1903 0.042847
-0.1801 0.040554
-0.1735 0.039055
-0.1704 0.038341
-0.1705 0.038352
-0.1734 0.039001
-0.1787 0.040194
-0.1860 0.041835
-0.1923 0.129883
-0.1849 0.124847
-0.1783 0.120363
-0.1723 0.116316
-0.1668 0.112629
-0.1618 0.109263
-0.1574 0.103559
-0.1545 0.096061
-0.1531 0.090630
-0.1531 0.086874
-0.1545 0.084505
-0.1571 0.083302
-0.1609 0.083083
-0.1658 0.083687
-0.1716 0.084964
-0.1780 0.086763
-0.1850 0.088937
-0.1921 0.089823
-0.2011 0.077736
-0.2127 0.067962
-0.2262 0.059744
-0.2408 0.052600
-0.2560 0.046240
-0.2713 0.040504
-0.2860 0.035308
-0.2999 0.030612
-0.3126 0.026391
-0.3242 0.022628
-0.3344 0.019300
-0.3433 0.016380
-0.3507 0.013839
-0.3569 0.011642
-0.3617 0.009757
-0.3653 0.008147
-0.3677 0.006781
-0.3689 0.005626
-0.3691 0.004654
-0.3683 0.003839
-0.3665 0.003159
-0.3639 0.002593
-0.3604 0.002124
-0.3562 0.001735
-0.3513 0.001415
-0.3457 0.001151
-0.3396 0.000935
-0.3330 0.000758
-0.3259 0.000614
-0.3184 0.000496
-0.3106 0.000400
-0.3025 0.000322
-0.2942 0.000259
-0.2856 0.000208
-0.2769 0.000167
-0.2679 0.000133
-0.2588 0.000106
-0.2495 0.000085
-0.2400 0.000067
-0.2302 0.000054
-0.2201 0.000042
-0.2095 0.000033
-0.1984 0.000026
-0.1866 0.000020
-0.1736 0.000016
-0.1591 0.000012
-0.1422 0.000009
-0.1191 0.026862
-0.0857 0.019367
-0.0395 0.009018
0.0265 -0.005798
0.1046 -0.046725
0.1692 -0.075904
0.2075 -0.093278
0.2231 -0.100352
0.2172 -0.146672
0.1962 -0.176819
0.1743 -0.157046
0.1536 -0.138463
0.1341 -0.120861
0.1153 -0.103895
0.0966 -0.087146
0.0777 -0.070080
0.0580 -0.050116
0.0366 -0.030548
0.0119 -0.009786
-0.0183 0.013975
-0.0565 0.040620
-0.1039 0.070023
-0.1566 0.099576
-0.2067 0.124877
-0.2487 0.143221
-0.2822 0.145428
-0.3090 0.139766
-0.3319 0.124115
-0.3518 0.108782
-0.3691 0.094373
-0.3841 0.081205
-0.3970 0.069405
-0.4080 0.058984
-0.4174 0.049886
-0.4251 0.042013
-0.4314 0.035251
-0.4363 0.029479
-0.4400 0.024579
-0.4424 0.020437
-0.4438 0.016950
-0.4441 0.014025
-0.4435 0.011579
-0.4419 0.009540
-0.4395 0.007845
-0.4362 0.006438
-0.4322 0.005274
-0.4275 0.004313
-0.4220 0.003521
-0.4160 0.002870
-0.4094 0.002335
-0.4023 0.001897
-0.3947 0.001539
-0.3867 0.001247
-0.3784 0.001008
-0.3697 0.000815
-0.3608 0.000657
-0.3517 0.000530
-0.3424 0.000427
-0.3330 0.000343
-0.3235 0.000276
-0.3140 0.000221
-0.3044 0.000177
-0.2948 0.000142
-0.2852 0.000114
-0.2755 0.000091
-0.2659 0.000072
-0.2562 0.000058
-0.2464 0.000046
-0.2364 0.000036
-0.2263 0.000029
-0.2159 0.000023
-0.2051 0.000018
-0.1937 0.000014
-0.1815 0.000011
-0.1681 0.000008
-0.1530 0.000006
-0.1352 0.000005
-0.1132 0.000003
-0.0838 0.000002
-0.0414 0.000001
0.0237 -0.010306
0.1028 -0.068910
0.1614 -0.144882
0.1906 -0.171362
0.1983 -0.178512
0.1930 -0.173824
0.1808 -0.162887
0.1654 -0.149047
0.1488 -0.134051
0.1317 -0.118676
0.1144 -0.103156
0.0969 -0.087411
0.0789 -0.071157
0.0597 -0.053917
0.0386 -0.034967
0.0145 -0.013012
-0.0145 0.011510
-0.0510 0.037829
-0.0968 0.062654
-0.1505 0.080692
-0.2055 0.091200
-0.2554 0.093761
-0.2975 0.090357
-0.3320 0.083414
-0.3601 0.074811
-0.3828 0.065765
-0.4011 0.056988
-0.4159 0.048858
-0.4277 0.041547
-0.4371 0.035103
-0.4443 0.029503
-0.4496 0.024690
-0.4534 0.020585
-0.4558 0.017109
-0.4568 0.014179
-0.4568 0.011722
-0.4556 0.009668
-0.4536 0.007958
-0.4506 0.006537
-0.4468 0.005360
-0.4423 0.004387
-0.4371 0.003584
-0.4312 0.002924
-0.4248 0.002381
-0.4178 0.001937
-0.4104 0.001573
-0.4025 0.001275
-0.3942 0.001033
-0.3856 0.000835
-0.3767 0.000675
-0.3676 0.000544
-0.3583 0.000439
-0.3488 0.000353
-0.3393 0.000284
-0.3297 0.000228
-0.3200 0.000183
-0.3104 0.000147
-0.3007 0.000118
-0.2910 0.000094
-0.2813 0.000075
-0.2716 0.000060
-0.2619 0.000048
-0.2521 0.000038
-0.2423 0.000030
-0.2323 0.000024
-0.2221 0.000019
-0.2116 0.000015
-0.2006 0.000012
-0.1890 0.000009
-0.1764 0.000007
-0.1625 0.000005
-0.1465 0.000004
-0.1274 0.000003
-0.1031 0.000002
-0.0697 0.000001
-0.0201 0.000000
0.0528 -0.035116
0.1251 -0.112063
0.1745 -0.156714
0.1970 -0.177238
0.2001 -0.180109
0.1917 -0.172620
0.1775 -0.159935
0.1610 -0.145030
0.1436 -0.129374
0.1260 -0.113552
0.1083 -0.097662
0.0904 -0.081526
0.0718 -0.064766
0.0518 -0.046799
0.0295 -0.026761
0.0035 -0.003352
-0.0283 0.022021
-0.0690 0.044681
-0.1201 0.064438
-0.1770 0.078667
-0.2319 0.085282
-0.2795 0.085062
-0.3189 0.080273
-0.3508 0.073030
-0.3765 0.064813
-0.3971 0.056530
-0.4136 0.048687
-0.4267 0.041538
-0.4371 0.035181
-0.4451 0.029624
-0.4512 0.024827
-0.4555 0.020724
-0.4583 0.017242
-0.4598 0.014303
-0.4601 0.011834
-0.4594 0.009769
-0.4577 0.008047
-0.4551 0.006616
-0.4517 0.005429
-0.4475 0.004448
-0.4427 0.003638
-0.4373 0.002971
-0.4313 0.002423
-0.4248 0.001973
-0.4177 0.001604
-0.4103 0.001303
-0.4024 0.001057
-0.3942 0.000856
-0.3857 0.000692
-0.3769 0.000559
-0.3679 0.000451
-0.3587 0.000364
-0.3494 0.000293
-0.3399 0.000236
-0.3304 0.000189
-0.3208 0.000152
-0.3112 0.000122
-0.3015 0.000098
-0.2918 0.000078
-0.2821 0.000063
-0.2724 0.000050
-0.2627 0.000040
-0.2529 0.000032
-0.2430 0.000025
-0.2329 0.000020
-0.2226 0.000016
-0.2120 0.000012
-0.2009 0.000010
-0.1891 0.000008
-0.1764 0.000006
-0.1623 0.000004
-0.1461 0.000003
-0.1266 0.000002
-0.1019 0.000002
-0.0677 0.000001
-0.0153 0.003579
0.0583 -0.038819
0.1313 -0.117653
0.1773 -0.159238
0.1972 -0.177359
0.1988 -0.178974
0.1900 -0.171074
0.1759 -0.158421
0.1595 -0.143716
0.1424 -0.128291
0.1250 -0.112674
0.1075 -0.096948
0.0897 -0.080936
0.0712 -0.064265
0.0513 -0.046359
0.0290 -0.026356
0.0031 -0.002918
-0.0288 0.021643
-0.0697 0.044188
-0.1211 0.063598
-0.1783 0.077536
-0.2332 0.083957
-0.2809 0.083662
-0.3202 0.078896
-0.3521 0.071737
-0.3777 0.063637
-0.3982 0.055481
-0.4146 0.047767
-0.4276 0.040740
-0.4379 0.034494
-0.4458 0.029038
-0.4517 0.024331
-0.4560 0.020307
-0.4588 0.016893
-0.4602 0.014012
-0.4605 0.011593
-0.4598 0.009570
-0.4581 0.007884
-0.4556 0.006482
-0.4522 0.005321
-0.4482 0.004359
-0.4434 0.003566
-0.4380 0.002913
-0.4320 0.002375
-0.4254 0.001934
-0.4183 0.001573
-0.4108 0.001277
-0.4028 0.001035
-0.3945 0.000838
-0.3858 0.000678
-0.3769 0.000547
-0.3677 0.000442
-0.3583 0.000356
-0.3488 0.000286
-0.3392 0.000230
-0.3294 0.000185
-0.3196 0.000148
-0.3098 0.000119
-0.3000 0.000095
-0.2902 0.000076
-0.2803 0.000061
-0.2705 0.000049
-0.2606 0.000039
-0.2507 0.000031
-0.2406 0.000024
-0.2304 0.000019
-0.2199 0.000015
-0.2091 0.000012
-0.1977 0.000009
-0.1856 0.000007
-0.1724 0.000006
-0.1577 0.000004
-0.1406 0.000003
-0.1196 0.000002
-0.0924 0.000001
-0.0529 0.012014
0.0082 -0.003373
0.0848 -0.056752
0.1523 -0.102442
0.1877 -0.168730
0.1992 -0.179235
0.1960 -0.176505
0.1849 -0.166531
0.1699 -0.153079
0.1534 -0.138186
0.1363 -0.122808
0.1190 -0.107279
0.1016 -0.091581
0.0837 -0.075474
0.0648 -0.058534
0.0443 -0.040108
0.0211 -0.018829
-0.0063 0.004915
-0.0407 0.028931
-0.0848 0.053284
-0.1380 0.072627
-0.1943 0.084682
-0.2466 0.088905
-0.2911 0.086832
-0.3276 0.080839
-0.3572 0.072893
-0.3811 0.064303
-0.4002 0.055849
-0.4156 0.047954
-0.4278 0.040820
-0.4375 0.034512
-0.4449 0.029020
-0.4504 0.024292
-0.4543 0.020258
-0.4567 0.016838
-0.4578 0.013956
-0.4577 0.011537
-0.4566 0.009516
-0.4545 0.007833
-0.4517 0.006436
-0.4482 0.005281
-0.4442 0.004327
-0.4398 0.003542
-0.4350 0.002897
-0.4299 0.002367
-0.4245 0.001933
-0.4189 0.001577
-0.4129 0.001285
-0.4066 0.001046
-0.4000 0.000851
-0.3930 0.000691
-0.3857 0.000561
-0.3780 0.000455
-0.3700 0.000368
-0.3617 0.000297
-0.3531 0.000240
-0.3443 0.000193
-0.3352 0.000156
-0.3260 0.000125
-0.3166 0.000101
-0.3071 0.000081
-0.2976 0.000065
-0.2879 0.000052
-0.2781 0.000041
-0.2683 0.000033
-0.2583 0.000026
-0.2483 0.000021
-0.2381 0.000017
-0.2276 0.000013
-0.2168 0.000010
-0.2056 0.000008
-0.1937 0.000006
-0.1810 0.000005
-0.1669 0.000004
-0.1509 0.000003
-0.1320 0.000002
-0.1081 0.000001
-0.0734 0.033220
-0.0197 0.009159
0.0518 -0.022958
0.1254 -0.084242
0.1764 -0.118787
0.2019 -0.136182
0.2036 -0.183290
0.1929 -0.173712
0.1781 -0.160432
0.1616 -0.145593
0.1445 -0.130236
0.1273 -0.114766
0.1101 -0.099224
0.0925 -0.083431
0.0743 -0.067040
0.0548 -0.049516
0.0332 -0.029039
0.0085 -0.006938
-0.0220 0.015915
-0.0609 0.041350
-0.1095 0.065876
-0.1640 0.088082
-0.2165 0.104669
-0.2622 0.105644
-0.3008 0.100225
-0.3325 0.091649
-0.3586 0.081725
-0.3799 0.071597
-0.3973 0.061920
-0.4115 0.053031
-0.4230 0.045075
-0.4322 0.038080
-0.4394 0.032010
-0.4448 0.026794
-0.4487 0.022346
-0.4511 0.018576
-0.4522 0.015398
-0.4522 0.012731
-0.4511 0.010500
-0.4489 0.008640
-0.4459 0.007095
-0.4419 0.005815
-0.4372 0.004756
-0.4317 0.003883
-0.4255 0.003165
-0.4187 0.002575
-0.4114 0.002092
-0.4036 0.001697
-0.3953 0.001374
-0.3867 0.001111
-0.3778 0.000898
-0.3686 0.000724
-0.3592 0.000584
-0.3497 0.000470
-0.3401 0.000378
-0.3304 0.000303
-0.3207 0.000243
-0.3110 0.000195
-0.3012 0.000156
-0.2915 0.000125
-0.2818 0.000100
-0.2721 0.000080
-0.2624 0.000064
-0.2527 0.000051
-0.2429 0.000040
-0.2329 0.000032
-0.2228 0.000025
-0.2124 0.000020
-0.2015 0.000016
-0.1900 0.000012
-0.1777 0.000009
-0.1640 0.000007
-0.1484 0.000005
-0.1299 0.000004
-0.1066 0.000003
-0.0716 0.032406
-0.0190 0.008831
0.0504 -0.022352
0.1241 -0.055554
0.1792 -0.120698
0.2018 -0.136154
0.2067 -0.139527
0.1956 -0.176211
0.1784 -0.160719
0.1605 -0.144575
0.1425 -0.128432
0.1248 -0.112457
0.1071 -0.096546
0.0892 -0.080423
0.0706 -0.063668
0.0505 -0.045672
0.0283 -0.024493
0.0023 -0.002074
-0.0298 0.021498
-0.0709 0.047983
