0.7905
0.8124
0.7664
0.7663
0.7703
0.7642
0.7789
0.7702
0.7593
0.7578
0.7711
0.7571
0.7753
0.7844
0.7948
0.7877
0.8017
0.8032
0.7815
0.7706
0.7901
0.7893
0.8139
0.8308
0.8339
0.8341
0.8061
0.8128
0.7969
0.7455
0.7624
0.7757
0.7869
0.8091
0.7691
0.7610
0.7592
0.7721
0.7526
0.7604
0.7704
0.8268
0.8074
0.8136
0.7582
0.7402
0.7577
0.8071
0.8238
0.7746
0.7655
0.8100
0.7931
0.8248
0.7824
0.7896
0.8115
0.8253
0.8310
0.8372
0.8425
0.8227
0.7933
0.7843
0.7841
0.8016
0.8016
0.7867
0.7777
0.7688
0.7638
0.7755
0.7738
0.7670
0.7613
0.7578
0.7540
0.7473
0.7612
0.7759
0.7842
0.7838
0.7835
0.7721
0.7650
0.7789
0.7871
0.8051
0.7772
0.7999
0.7958
0.7689
0.7567
0.7946
0.8055
0.7719
0.7633
0.7722
0.7539
0.7928
0.7853
0.7712
0.7544
0.7509
0.7557
0.8194
0.8330
0.8395
0.8448
0.8466
0.8354
0.8340
0.8337
0.7931
0.8225
0.8383
0.8430
0.8316
0.8309
0.8155
0.8198
0.7521
0.7498
0.7544
0.7642
0.7778
0.7817
0.7711
0.7968
0.8034
0.8007
0.7697
0.7803
0.7639
0.7600
0.7706
0.7609
0.7461
0.7600
0.7723
0.7954
0.8008
0.7898
0.7869
0.7735
0.7589
0.7553
0.7758
0.7908
0.7758
