0.8210 3.5103
0.8253 3.7115
0.8312 4.1035
0.8400 4.7628
0.8510 5.5585
0.8618 6.3482
0.8710 7.0388
0.8780 7.5734
0.8827 7.9116
0.8855 8.0243
0.8866 7.9550
0.8866 7.8936
0.8864 7.9361
0.8867 8.1971
0.8880 8.6894
0.8903 9.2718
0.8931 10.0333
0.8976 12.7573
0.9048 17.1362
0.9120 20.7688
0.9174 23.2519
0.9206 24.7101
0.9224 25.2596
0.9230 24.7404
0.9228 23.3054
0.9222 23.1904
0.9220 24.3664
0.9224 25.0867
0.9228 25.3122
0.9231 25.2272
0.9231 24.8899
0.9229 24.4579
0.9228 25.3362
0.9234 27.8359
0.9244 29.5544
0.9253 30.3322
0.9259 30.5907
0.9261 30.4623
0.9262 30.2009
0.9263 31.5827
0.9267 33.3784
0.9272 34.0977
0.9275 33.9501
0.9276 33.2272
0.9274 31.9889
0.9269 30.1046
0.9261 27.2061
0.9246 23.5366
0.9222 19.8432
0.9190 16.7727
0.9153 14.4696
0.9113 12.8429
0.9076 11.8044
0.9046 11.3643
0.9029 11.3964
0.9025 11.6501
0.9028 11.9075
0.9035 12.0164
0.9038 11.9030
0.9037 11.5402
0.9027 10.9746
0.9011 10.4046
0.8993 10.0031
0.8977 9.7460
0.8964 9.5656
0.8954 9.4141
0.8946 9.2657
0.8938 9.0881
0.8929 8.8395
0.8917 8.5031
0.8900 8.0950
0.8877 7.6439
0.8848 7.1734
0.8815 6.6987
0.8776 6.2304
0.8732 5.7794
0.8683 5.3578
0.8631 4.9758
0.8577 4.6387
0.8522 4.3464
0.8467 4.0946
0.8414 3.8757
0.8363 3.6800
0.8312 3.4979
0.8261 3.3218
0.8208 3.1468
0.8150 2.9710
0.8087 2.7941
0.8016 2.6173
0.7938 2.4426
0.7851 2.2741
0.7758 2.1183
0.7661 1.9815
0.7565 1.8672
0.7475 1.7760
0.7396 1.7054
0.7329 1.6514
0.7275 1.6085
0.7230 1.5711
0.7189 1.5337
0.7149 1.4924
0.7103 1.4458
0.7051 1.3968
0.6994 1.3505
0.6936 1.3109
0.6883 1.2798
0.6839 1.2567
0.6805 1.2395
0.6778 1.2253
0.6755 1.2103
0.6731 1.1909
0.6701 1.1643
0.6659 1.1290
0.6603 1.0852
0.6528 1.0341
0.6437 0.9779
0.6329 0.9204
0.6213 0.8708
0.6111 0.8422
0.6049 0.8411
0.6043 0.8655
0.6092 0.9071
0.6176 0.9552
0.6273 0.9987
0.6359 1.0285
0.6418 1.0393
0.6442 1.0300
0.6429 1.0029
0.6380 0.9620
0.6300 0.9118
0.6194 0.8564
0.6068 0.7992
0.5926 0.7426
0.5775 0.6885
0.5618 0.6380
0.5460 0.5918
0.5306 0.5508
0.5160 0.5160
0.5031 0.4886
0.4925 0.4697
0.4852 0.4605
0.4817 0.4609
0.4822 0.4704
0.4864 0.4875
0.4935 0.5100
0.5024 0.5353
0.5121 0.5609
0.5215 0.5841
0.5297 0.6030
0.5362 0.6164
0.5408 0.6242
0.5434 0.6271
0.5443 0.6264
0.5442 0.6253
0.5448 0.6366
0.5500 0.6768
0.5628 0.7519
0.5831 0.8605
0.6088 0.9967
0.6365 1.1516
0.6634 1.3141
0.6873 1.4715
0.7072 1.6106
0.7225 1.7209
0.7335 1.7982
0.7408 1.8544
0.7460 1.9115
0.7506 1.9786
0.7553 2.0545
0.7604 2.1454
0.7667 2.2815
0.7749 2.4828
0.7854 2.7511
0.7973 3.0734
0.8096 3.4230
0.8210 3.7684
0.8308 4.0816
0.8386 4.3392
0.8444 4.5197
0.8482 4.6298
0.8511 4.8422
0.8549 5.2844
0.8608 6.0167
0.8687 6.9653
0.8770 7.9786
0.8846 9.0444
0.8912 10.2421
0.8970 11.9629
0.9039 16.4901
0.9116 21.5110
0.9178 25.2602
0.9218 27.7733
0.9242 29.4179
0.9257 32.4754
0.9270 36.3654
0.9282 39.2426
0.9293 43.6412
0.9304 48.2381
0.9313 51.5837
0.9320 53.6299
0.9325 56.1533
0.9329 58.9944
0.9332 59.6921
0.9333 58.5151
0.9333 56.3157
0.9330 53.5762
0.9326 50.3939
0.9321 46.7607
0.9314 42.7702
0.9306 38.6818
0.9295 34.8518
0.9283 31.4608
0.9270 28.5165
0.9255 25.9669
0.9240 23.7360
0.9224 21.7366
0.9207 19.8992
0.9188 18.1874
0.9168 16.5901
0.9145 15.1058
0.9120 13.7329
0.9092 12.4666
0.9061 11.3003
0.9026 10.2277
0.8988 9.2430
0.8945 8.3407
0.8897 7.5157
0.8844 6.7631
0.8785 6.0782
0.8720 5.4569
0.8647 4.8950
0.8567 4.3886
0.8480 3.9339
0.8383 3.5266
0.8279 3.1626
0.8165 2.8377
0.8043 2.5479
0.7912 2.2893
0.7772 2.0586
0.7624 1.8533
0.7467 1.6719
0.7305 1.5140
0.7143 1.3872
0.6998 1.3091
0.6897 1.2860
0.6857 1.3103
0.6878 1.3688
0.6945 1.4479
0.7037 1.5354
0.7135 1.6209
0.7227 1.6944
0.7301 1.7464
0.7353 1.7693
0.7376 1.7600
0.7372 1.7207
0.7339 1.6571
0.7282 1.5763
0.7202 1.4852
0.7103 1.3893
0.6988 1.2942
0.6866 1.2142
0.6757 1.1698
0.6689 1.1670
0.6677 1.1996
0.6717 1.2574
0.6795 1.3306
0.6892 1.4102
0.6994 1.4880
0.7087 1.5550
0.7163 1.6020
0.7215 1.6216
0.7238 1.6107
0.7230 1.5716
0.7193 1.5096
0.7128 1.4316
0.7039 1.3441
0.6930 1.2527
0.6803 1.1618
0.6663 1.0744
0.6514 0.9925
0.6359 0.9171
0.6202 0.8486
0.6045 0.7871
0.5892 0.7332
0.5760 0.7106
0.5794 0.8599
0.6180 1.2776
0.6769 1.8640
0.7338 2.5039
0.7782 3.1230
0.8090 3.6764
0.8287 4.1312
0.8408 4.4536
0.8476 4.6090
0.8506 4.5816
0.8503 4.3931
0.8471 4.0935
0.8413 3.7376
0.8332 3.3681
0.8231 3.0123
0.8113 2.6849
0.7979 2.3917
0.7833 2.1336
0.7678 1.9087
0.7514 1.7140
0.7347 1.5461
0.7177 1.4023
0.7012 1.2973
0.6920 1.3951
0.7139 2.4266
0.7796 6.2039
0.8444 11.0044
0.8858 15.0957
0.9072 18.2834
0.9167 20.6462
0.9204 22.2152
0.9216 22.9010
0.9218 22.5185
0.9212 20.7943
0.9196 18.2565
0.9175 17.7580
0.9169 19.5531
0.9178 21.1862
0.9192 22.3574
0.9204 23.1764
0.9213 23.6717
0.9218 23.6160
0.9218 22.8958
0.9217 23.7758
0.9223 26.2088
0.9234 28.3192
0.9248 32.4468
0.9267 38.0742
0.9285 42.5093
0.9298 45.4075
0.9307 46.7961
0.9312 46.8349
0.9313 45.3148
0.9310 42.5450
0.9305 39.2326
0.9297 36.0879
0.9287 33.4678
0.9278 31.4784
0.9269 29.9140
0.9261 28.5045
0.9253 27.0781
0.9245 25.5499
0.9235 23.8687
0.9223 22.0130
0.9208 20.0840
0.9190 18.3487
0.9171 16.9156
0.9151 15.7275
0.9131 14.7114
0.9112 13.8143
0.9092 13.0068
0.9073 12.2588
0.9053 11.5321
0.9031 10.8078
0.9007 10.0907
0.8980 9.3915
0.8949 8.7150
0.8916 8.0586
0.8878 7.4171
0.8835 6.7885
0.8785 6.1764
0.8728 5.5888
0.8662 5.0342
0.8588 4.5198
0.8504 4.0526
0.8411 3.6530
0.8317 3.3498
0.8230 3.1477
0.8160 3.0319
0.8113 2.9821
0.8088 2.9765
0.8080 2.9917
0.8083 3.0050
0.8087 2.9994
0.8086 2.9673
0.8076 2.9084
0.8055 2.8270
0.8025 2.7285
0.7984 2.6184
0.7935 2.5022
0.7880 2.3965
0.7834 2.3866
0.7838 2.5831
0.7916 2.9545
0.8046 3.4006
0.8187 3.8346
0.8310 4.1926
0.8401 4.4254
0.8458 4.4999
0.8479 4.4110
0.8469 4.1857
0.8429 3.8712
0.8363 3.5158
0.8274 3.1581
0.8164 2.8236
0.8040 2.5255
0.7904 2.2683
0.7763 2.0506
0.7620 1.8679
0.7480 1.7139
0.7343 1.5821
0.7211 1.4666
0.7081 1.3629
0.6951 1.2676
0.6821 1.1789
0.6686 1.0957
0.6548 1.0179
0.6406 0.9459
0.6262 0.8806
0.6120 0.8230
0.5984 0.7738
0.5859 0.7330
0.5748 0.7001
0.5654 0.6741
0.5576 0.6535
0.5512 0.6370
0.5460 0.6231
0.5415 0.6105
0.5374 0.5983
0.5334 0.5861
0.5293 0.5737
0.5250 0.5609
0.5205 0.5486
0.5164 0.5401
0.5141 0.5422
0.5158 0.5607
0.5231 0.5979
0.5359 0.6519
0.5530 0.7188
0.5723 0.7936
0.5920 0.8705
0.6104 0.9435
0.6265 1.0116
0.6409 1.0871
0.6550 1.1782
0.6695 1.2816
0.6841 1.3894
0.6979 1.4937
0.7102 1.5944
0.7216 1.7164
0.7337 1.8791
0.7469 2.0712
0.7603 2.2698
0.7729 2.4756
0.7859 2.8451
0.8025 3.4720
0.8214 4.2231
0.8390 4.9876
0.8534 5.6984
0.8642 6.3115
0.8718 6.7943
0.8768 7.1150
0.8799 7.2747
0.8817 7.4862
0.8835 7.9521
0.8866 9.0159
0.8934 13.0613
0.9038 18.4949
0.9129 22.9458
0.9192 26.3153
0.9229 28.7405
0.9250 30.2760
0.9260 30.7511
0.9263 30.9621
0.9267 33.4149
0.9273 35.2294
0.9279 36.5637
0.9287 40.7275
0.9297 45.1623
0.9306 48.3949
0.9314 50.4161
0.9319 51.0017
0.9320 49.7872
0.9319 48.6959
0.9318 49.1121
0.9318 48.3885
0.9316 46.8573
0.9314 45.1520
0.9311 43.6695
0.9307 42.4482
0.9304 41.0028
0.9300 38.7349
0.9294 35.6403
0.9285 32.2711
0.9272 29.0131
0.9258 26.1017
0.9241 23.6829
0.9225 21.8142
0.9208 20.3520
0.9193 19.1213
0.9179 17.9607
0.9163 16.7703
0.9146 15.5359
0.9126 14.2781
0.9103 13.0270
0.9075 11.8198
0.9042 10.6893
0.9005 9.6536
0.8964 8.7135
0.8918 7.8567
0.8867 7.0660
0.8810 6.3278
0.8745 5.6364
0.8670 4.9922
0.8583 4.3985
0.8483 3.8578
0.8367 3.3714
0.8236 2.9386
0.8087 2.5577
0.7922 2.2262
0.7740 1.9416
0.7544 1.7005
0.7339 1.4993
0.7130 1.3336
0.6924 1.2006
0.6732 1.0992
0.6565 1.0286
0.6435 0.9859
0.6348 0.9662
0.6304 0.9634
0.6294 0.9706
0.6306 0.9811
0.6326 0.9891
0.6343 0.9910
0.6350 0.9864
0.6344 0.9766
0.6327 0.9634
0.6303 0.9487
0.6273 0.9334
0.6240 0.9181
0.6207 0.9024
0.6171 0.8852
0.6132 0.8661
0.6089 0.8469
0.6046 0.8301
0.6007 0.8182
0.5979 0.8126
0.5967 0.8164
0.5982 0.8391
0.6042 0.8900
0.6157 0.9691
0.6315 1.0680
0.6493 1.1747
0.6668 1.2759
0.6819 1.3596
0.6935 1.4172
0.7012 1.4455
0.7050 1.4464
0.7055 1.4249
0.7031 1.3871
0.6985 1.3388
0.6923 1.2846
0.6848 1.2282
0.6766 1.1726
0.6680 1.1196
0.6592 1.0704
0.6506 1.0255
0.6423 0.9854
0.6345 0.9515
0.6277 0.9250
0.6221 0.9060
0.6179 0.8937
0.6151 0.8865
0.6135 0.8840
0.6132 0.8891
0.6146 0.9057
0.6184 0.9345
0.6246 0.9791
0.6343 1.0543
0.6486 1.1673
0.6668 1.3111
0.6868 1.4726
0.7066 1.6382
0.7243 1.7990
0.7399 1.9734
0.7544 2.1887
0.7693 2.5027
0.7878 3.1044
0.8101 3.9479
0.8323 4.8918
0.8509 5.8391
0.8650 6.7248
0.8752 7.4990
0.8821 8.1169
0.8867 8.5656
0.8898 9.0172
0.8924 9.6156
0.8956 11.2452
0.9022 16.2235
0.9105 21.4471
0.9173 25.5977
0.9219 28.7684
0.9246 31.0669
0.9262 32.5871
0.9271 33.4009
0.9274 33.0195
0.9273 31.8975
0.9272 33.1918
0.9276 37.7328
0.9288 43.0632
0.9300 47.0080
0.9310 49.6484
0.9317 51.1508
0.9320 51.4975
0.9321 50.0829
0.9319 46.8859
0.9315 45.3232
0.9312 44.5927
0.9309 43.4588
0.9306 42.2121
0.9303 41.0012
0.9300 39.7486
0.9297 38.1368
0.9292 35.8475
0.9285 33.0224
0.9275 30.0815
0.9263 27.3256
0.9249 25.0637
0.9234 23.3840
0.9222 22.2827
0.9211 21.5137
0.9203 20.7808
0.9195 19.8985
0.9186 18.8102
0.9173 17.5375
0.9157 16.1249
0.9137 14.6157
0.9110 13.0718
0.9077 11.5729
0.9036 10.1884
0.8988 8.9647
0.8934 7.9164
0.8874 7.0336
0.8810 6.2944
0.8744 5.6723
0.8675 5.1404
0.8604 4.6749
0.8530 4.2577
0.8451 3.8770
0.8367 3.5262
0.8276 3.2018
0.8176 2.9019
0.8067 2.6254
0.7947 2.3715
0.7818 2.1395
0.7678 1.9290
0.7527 1.7397
0.7369 1.5717
0.7204 1.4255
0.7038 1.3027
0.6879 1.2050
0.6736 1.1329
0.6619 1.0853
0.6535 1.0590
0.6484 1.0496
0.6464 1.0521
0.6466 1.0608
0.6480 1.0712
0.6499 1.0804
0.6517 1.0871
0.6531 1.0910
0.6540 1.0929
0.6548 1.1019
0.6573 1.1418
0.6644 1.2282
0.6768 1.3575
0.6933 1.5171
0.7114 1.6921
0.7291 1.8711
0.7451 2.0559
0.7594 2.2504
0.7722 2.4449
0.7831 2.6213
0.7919 2.7630
0.7985 2.8597
0.8029 2.9074
0.8051 2.9061
0.8053 2.8600
0.8038 2.7920
0.8015 2.7455
0.7997 2.7416
0.7993 2.8005
0.8025 3.0811
0.8124 3.6738
0.8273 4.4440
0.8432 5.2538
0.8569 6.0082
0.8674 6.6423
0.8747 7.1083
0.8794 7.3607
0.8818 7.3645
0.8823 7.2441
0.8821 7.3623
0.8833 8.1545
0.8892 11.6697
0.9001 17.0811
0.9104 21.7568
0.9176 25.3881
0.9220 28.0441
0.9245 29.7148
0.9257 30.1554
0.9260 29.7834
0.9262 31.0258
0.9265 32.2553
0.9268 32.7718
0.9272 34.5126
0.9280 38.7792
0.9290 42.5629
0.9300 44.7574
0.9306 45.2132
0.9309 44.3034
0.9308 42.3936
0.9304 40.0653
0.9300 39.6224
0.9298 40.0841
0.9297 39.8539
0.9296 39.0791
0.9294 37.9897
0.9291 36.6088
0.9287 34.7997
0.9281 32.4246
0.9272 29.4635
0.9259 26.2511
0.9242 23.3474
0.9222 21.1019
0.9203 19.5441
0.9186 18.4691
0.9171 17.6504
0.9159 16.8932
0.9147 16.0691
0.9134 15.2112
0.9120 14.4961
0.9107 13.9571
0.9095 13.5215
0.9084 13.1251
0.9074 12.7177
0.9063 12.2519
0.9050 11.6871
0.9034 11.0101
0.9013 10.2408
0.8985 9.4219
0.8951 8.6000
0.8911 7.8109
0.8864 7.0749
0.8811 6.3985
0.8752 5.7796
0.8686 5.2142
0.8614 4.6993
0.8535 4.2335
0.8448 3.8152
0.8354 3.4427
0.8254 3.1143
0.8148 2.8311
0.8041 2.5980
0.7937 2.4183
0.7845 2.2903
0.7769 2.2071
0.7714 2.1584
0.7679 2.1325
0.7658 2.1169
0.7645 2.0999
0.7632 2.0723
0.7614 2.0289
0.7586 1.9693
0.7545 1.8967
0.7491 1.8150
0.7426 1.7296
0.7354 1.6534
0.7286 1.6064
0.7240 1.5967
0.7224 1.6193
0.7240 1.6638
0.7278 1.7266
0.7339 1.8270
0.7427 1.9793
0.7540 2.1700
0.7664 2.3731
0.7783 2.5651
0.7886 2.7295
0.7967 2.8738
0.8043 3.1383
0.8144 3.6175
0.8269 4.1919
0.8395 4.7576
0.8505 5.2879
0.8593 5.7799
0.8661 6.2097
0.8712 6.5355
0.8746 6.7156
0.8765 6.7310
0.8769 6.5908
0.8760 6.3791
0.8747 6.3554
0.8748 6.7447
0.8776 7.6109
0.8844 10.3873
0.8961 15.5094
0.9075 20.2021
0.9157 23.8113
0.9207 26.3659
0.9234 27.8978
0.9247 28.2218
0.9250 27.6534
0.9251 28.6617
0.9254 29.9532
0.9257 30.2995
0.9260 30.0555
0.9259 29.4934
0.9257 28.6536
0.9253 27.6530
0.9249 27.8524
0.9252 30.5627
0.9260 33.1043
0.9269 34.8343
0.9277 35.8252
0.9282 36.7033
0.9287 39.6867
0.9295 42.5571
0.9301 43.4954
0.9304 42.7620
0.9304 41.0223
0.9300 38.7176
0.9294 35.5696
0.9284 31.5748
0.9270 27.6422
0.9252 24.7830
0.9234 23.0350
0.9220 22.0866
0.9210 21.6340
0.9204 21.4218
0.9201 21.2079
0.9198 20.7517
0.9193 19.9168
0.9185 18.7403
0.9173 17.3737
0.9156 15.9715
0.9135 14.6396
0.9111 13.4304
0.9085 12.3543
0.9058 11.3929
0.9029 10.5158
0.8998 9.6986
0.8964 8.9319
0.8928 8.2179
0.8888 7.5628
0.8846 6.9714
0.8801 6.4444
0.8754 5.9791
0.8707 5.5690
0.8658 5.2043
0.8609 4.8741
0.8559 4.5694
0.8507 4.2837
0.8453 4.0130
0.8395 3.7551
0.8333 3.5082
0.8267 3.2712
0.8195 3.0433
0.8117 2.8241
0.8031 2.6138
0.7938 2.4147
0.7839 2.2392
0.7741 2.1044
0.7656 2.0193
0.7594 1.9887
0.7568 2.0216
0.7588 2.1361
0.7657 2.3327
0.7764 2.5848
0.7888 2.8530
0.8006 3.0993
0.8105 3.2953
0.8177 3.4233
0.8223 3.4739
0.8243 3.4454
0.8241 3.3903
0.8238 3.4995
0.8267 3.8095
0.8330 4.2086
0.8408 4.6084
0.8484 4.9585
0.8546 5.2264
0.8591 5.3825
0.8617 5.4018
0.8624 5.2862
0.8612 5.0621
0.8584 4.7681
0.8541 4.4470
0.8488 4.1772
0.8443 4.1662
0.8440 4.5409
0.8502 5.6429
0.8658 9.2965
0.8867 14.5988
0.9035 19.2250
0.9141 22.7795
0.9200 25.2865
0.9229 26.7551
0.9242 27.1207
0.9245 26.2142
0.9239 23.9096
0.9225 21.7198
0.9213 22.3192
0.9212 23.6380
0.9217 24.5429
0.9223 25.0345
0.9228 25.1736
0.9230 24.9047
0.9229 24.0685
0.9223 22.9753
0.9219 23.9196
0.9224 26.3216
0.9235 28.2889
0.9246 29.6797
0.9255 30.5298
0.9260 30.9494
0.9265 32.6926
0.9272 35.5124
0.9280 37.1070
0.9285 37.5190
0.9288 37.2386
0.9288 36.5531
0.9287 35.4605
0.9283 33.5476
0.9276 30.6302
0.9264 27.2943
0.9248 24.4568
0.9231 22.3580
0.9214 20.8509
0.9199 19.7881
0.9187 19.1123
0.9178 18.8219
0.9173 18.7246
0.9171 18.5925
0.9169 18.3090
0.9165 17.8503
0.9160 17.2239
0.9152 16.4428
0.9140 15.5288
0.9125 14.5194
0.9107 13.4614
0.9084 12.3993
0.9058 11.3683
0.9028 10.3919
0.8994 9.4831
0.8956 8.6472
0.8914 7.8888
0.8869 7.2169
0.8822 6.6328
0.8773 6.1279
0.8723 5.6895
0.8673 5.3049
0.8624 4.9640
0.8574 4.6659
0.8525 4.4164
0.8479 4.2136
0.8438 4.0490
0.8401 3.9130
0.8368 3.7966
0.8339 3.6907
0.8311 3.5861
0.8282 3.4747
0.8251 3.3514
0.8214 3.2156
0.8171 3.0701
0.8122 2.9194
0.8066 2.7684
0.8005 2.6207
0.7939 2.4783
0.7869 2.3417
0.7794 2.2107
0.7717 2.0924
0.7651 2.0758
0.7660 2.3172
0.7776 2.7691
0.7957 3.3058
0.8144 3.8389
0.8303 4.3160
0.8423 4.7044
0.8507 4.9844
0.8559 5.1386
0.8586 5.1513
0.8591 5.0302
0.8577 4.8110
0.8546 4.5391
0.8501 4.2508
0.8448 3.9668
0.8387 3.7192
0.8335 3.6636
0.8321 3.8761
0.8354 4.2391
0.8418 4.6402
0.8489 5.0235
0.8561 5.7255
0.8686 8.7999
0.8863 13.1973
