-0.4338 -0.099536
-0.4431 -0.085502
-0.4490 -0.076610
-0.4526 -0.071139
-0.4547 -0.067924
-0.4559 -0.066199
-0.4564 -0.065471
-0.4564 -0.065420
-0.4561 -0.065831
-0.4556 -0.065930
-0.4546 -0.064669
-0.4533 -0.064286
-0.4516 -0.063149
-0.4495 -0.061352
-0.4469 -0.060405
-0.4441 -0.060036
-0.4411 -0.060099
-0.4380 -0.060509
-0.4348 -0.061218
-0.4314 -0.062016
-0.4276 -0.059188
-0.4229 -0.056207
-0.4169 -0.050553
-0.4097 -0.045894
-0.4013 -0.041880
-0.3919 -0.038314
-0.3815 -0.035084
-0.3701 -0.032124
-0.3577 -0.029389
-0.3443 -0.026851
-0.3299 -0.024489
-0.3147 -0.022286
-0.2986 -0.020230
-0.2817 -0.018313
-0.2641 -0.016530
-0.2457 -0.014880
-0.2265 -0.013363
-0.2064 -0.011982
-0.1850 -0.010735
-0.1618 -0.009625
-0.1359 -0.008653
-0.1055 -0.007831
-0.0664 -0.007186
-0.0108 -0.006769
0.0692 -0.006576
0.1584 -0.006354
0.2280 -0.005870
0.2701 -0.005188
0.2891 -0.004441
0.2916 -0.003721
0.2833 -0.003075
0.2684 -0.002520
0.2500 -0.002054
0.2300 -0.001670
0.2096 -0.001355
0.1894 -0.001100
0.1697 -0.000892
0.1503 -0.000723
0.1310 -0.000586
0.1117 -0.000475
0.0916 -0.000383
0.0699 -0.000308
0.0452 -0.000246
0.0151 -0.000195
-0.0245 -0.000150
-0.0790 -0.000111
-0.1484 -0.000077
-0.2209 -0.000051
-0.2839 -0.000033
-0.3330 -0.000021
-0.3692 -0.000014
-0.3948 -0.000009
-0.4119 -0.000007
-0.4223 -0.000005
-0.4274 -0.000004
-0.4281 -0.000003
-0.4252 -0.000003
-0.4196 -0.000002
-0.4122 -0.000002
-0.4045 -0.000002
-0.3974 -0.000002
-0.3916 -0.000002
-0.3871 -0.000001
-0.3839 -0.000001
-0.3817 -0.000001
-0.3803 -0.000001
-0.3849 -0.043195
-0.3914 -0.040747
-0.3969 -0.038675
-0.4017 -0.036867
-0.4060 -0.035257
-0.4098 -0.033852
-0.4129 -0.032681
-0.4153 -0.031769
-0.4170 -0.031116
-0.4181 -0.030709
-0.4186 -0.030525
-0.4186 -0.030538
-0.4181 -0.030723
-0.4172 -0.031059
-0.4159 -0.031531
-0.4143 -0.032125
-0.4124 -0.032832
-0.4103 -0.033643
-0.4078 -0.034551
-0.4052 -0.035550
-0.4019 -0.031949
-0.3974 -0.027900
-0.3919 -0.024546
-0.3856 -0.021700
-0.3785 -0.019243
-0.3708 -0.017095
-0.3624 -0.015205
-0.3533 -0.013534
-0.3436 -0.012053
-0.3331 -0.010740
-0.3218 -0.009575
-0.3096 -0.008543
-0.2964 -0.007630
-0.2820 -0.006823
-0.2661 -0.006113
-0.2485 -0.005490
-0.2286 -0.004947
-0.2057 -0.004480
-0.1975 -0.117261
-0.1931 -0.233539
-0.2210 -0.316769
-0.2527 -0.280424
-0.2816 -0.247351
-0.3093 -0.215795
-0.3354 -0.186152
-0.3587 -0.159766
-0.3782 -0.137579
-0.3939 -0.119800
-0.4060 -0.106091
-0.4150 -0.095848
-0.4216 -0.088406
-0.4258 -0.079312
-0.4280 -0.073156
-0.4287 -0.067162
-0.4279 -0.061220
-0.4259 -0.057127
-0.4231 -0.054248
-0.4198 -0.052210
-0.4161 -0.050788
-0.4121 -0.049840
-0.4080 -0.049270
-0.4033 -0.043976
-0.3974 -0.038936
-0.3907 -0.034642
-0.3833 -0.030900
-0.3752 -0.027591
-0.3666 -0.024640
-0.3574 -0.021998
-0.3476 -0.019629
-0.3373 -0.017505
-0.3263 -0.015605
-0.3146 -0.013908
-0.3021 -0.012398
-0.2887 -0.011058
-0.2741 -0.009873
-0.2580 -0.008830
-0.2402 -0.007918
-0.2200 -0.007126
-0.1966 -0.006448
-0.1684 -0.005885
-0.1325 -0.005447
-0.0823 -0.005168
-0.0040 -0.005121
0.1119 -0.005276
0.2250 -0.005225
0.2992 -0.004814
0.3347 -0.004200
0.3416 -0.003538
0.3304 -0.002916
0.3094 -0.002374
0.2842 -0.001921
0.2579 -0.001550
0.2323 -0.001251
0.2079 -0.001010
0.1849 -0.000816
0.1632 -0.000660
0.1423 -0.000534
0.1217 -0.000431
0.1008 -0.000348
0.0788 -0.000280
0.0543 -0.000224
0.0250 -0.000177
-0.0129 -0.000137
-0.0651 -0.000102
-0.1341 -0.000072
-0.2096 -0.000048
-0.2772 -0.000031
-0.3310 -0.000019
-0.3715 -0.000012
-0.4009 -0.000008
-0.4216 -0.000005
-0.4355 -0.000004
-0.4442 -0.000003
-0.4487 -0.000002
-0.4499 -0.000002
-0.4484 -0.000001
-0.4447 -0.000001
-0.4390 -0.000001
-0.4316 -0.000001
-0.4226 -0.000001
-0.4120 -0.000001
-0.4001 -0.000001
-0.3866 -0.000001
-0.3717 -0.000001
-0.3552 -0.000001
-0.3371 -0.000001
-0.3229 -0.066368
-0.3216 -0.133833
-0.3279 -0.193693
-0.3460 -0.231318
-0.3657 -0.201678
-0.3852 -0.172513
-0.4033 -0.145378
-0.4187 -0.122217
-0.4308 -0.103900
-0.4399 -0.090297
-0.4462 -0.080728
-0.4505 -0.074348
-0.4531 -0.070358
-0.4546 -0.068098
-0.4553 -0.066192
-0.4550 -0.063938
-0.4541 -0.063012
-0.4527 -0.062933
-0.4511 -0.063420
-0.4493 -0.064303
-0.4472 -0.063036
-0.4445 -0.061676
-0.4411 -0.058336
-0.4369 -0.056071
-0.4321 -0.052600
-0.4263 -0.047710
-0.4195 -0.043514
-0.4119 -0.039765
-0.4036 -0.036336
-0.3946 -0.033166
-0.3850 -0.030220
-0.3748 -0.027484
-0.3639 -0.024949
-0.3523 -0.022609
-0.3400 -0.020459
-0.3268 -0.018493
-0.3127 -0.016704
-0.2974 -0.015086
-0.2808 -0.013630
-0.2626 -0.012329
-0.2423 -0.011176
-0.2194 -0.010165
-0.1927 -0.009297
-0.1605 -0.008576
-0.1193 -0.008029
-0.0610 -0.007729
0.0305 -0.007796
0.1520 -0.008004
0.2537 -0.007733
0.3137 -0.006977
0.3378 -0.006002
0.3372 -0.005010
0.3220 -0.004108
0.2993 -0.003336
0.2738 -0.002698
0.2480 -0.002178
0.2231 -0.001758
0.1995 -0.001420
0.1773 -0.001148
0.1560 -0.000929
0.1355 -0.000752
0.1150 -0.000607
0.0940 -0.000490
0.0715 -0.000394
0.0460 -0.000314
0.0148 -0.000247
-0.0266 -0.000190
-0.0839 -0.000140
-0.1562 -0.000096
-0.2305 -0.000063
-0.2941 -0.000040
-0.3438 -0.000026
-0.3807 -0.000016
-0.4073 -0.000011
-0.4258 -0.000007
-0.4380 -0.000005
-0.4453 -0.000004
-0.4488 -0.000003
-0.4491 -0.000002
-0.4470 -0.000002
-0.4427 -0.000002
-0.4365 -0.000002
-0.4287 -0.000002
-0.4194 -0.000002
-0.4086 -0.000001
-0.3964 -0.000001
-0.3828 -0.000001
-0.3678 -0.000001
-0.3514 -0.000001
-0.3337 -0.000001
-0.3236 -0.132381
-0.3285 -0.128676
-0.3353 -0.247390
-0.3595 -0.211071
-0.3803 -0.179842
-0.3989 -0.151983
-0.4147 -0.128116
-0.4275 -0.108866
-0.4373 -0.094223
-0.4443 -0.083663
-0.4491 -0.076436
-0.4522 -0.071773
-0.4540 -0.069001
-0.4550 -0.067580
-0.4550 -0.064833
-0.4543 -0.063440
-0.4532 -0.063032
-0.4517 -0.063268
-0.4500 -0.063944
-0.4482 -0.064937
-0.4462 -0.064773
-0.4438 -0.063541
-0.4407 -0.061271
-0.4369 -0.058171
-0.4320 -0.052363
-0.4259 -0.047611
-0.4190 -0.043488
-0.4113 -0.039774
-0.4029 -0.036360
-0.3939 -0.033188
-0.3842 -0.030229
-0.3741 -0.027469
-0.3633 -0.024900
-0.3520 -0.022518
-0.3401 -0.020320
-0.3275 -0.018301
-0.3143 -0.016458
-0.3002 -0.014784
-0.2852 -0.013275
-0.2690 -0.011921
-0.2513 -0.010718
-0.2317 -0.009656
-0.2096 -0.008729
-0.1839 -0.007934
-0.1530 -0.007274
-0.1132 -0.006769
-0.0565 -0.006480
0.0329 -0.006499
0.1520 -0.006643
0.2527 -0.006409
0.3126 -0.005782
0.3368 -0.004974
0.3364 -0.004153
0.3213 -0.003406
0.2987 -0.002767
0.2732 -0.002237
0.2475 -0.001806
0.2226 -0.001458
0.1990 -0.001178
0.1768 -0.000952
0.1555 -0.000770
0.1349 -0.000623
0.1145 -0.000504
0.0935 -0.000406
0.0711 -0.000326
0.0456 -0.000260
0.0144 -0.000205
-0.0269 -0.000158
-0.0838 -0.000116
-0.1557 -0.000080
-0.2294 -0.000053
-0.2926 -0.000034
-0.3417 -0.000021
-0.3781 -0.000014
-0.4041 -0.000009
-0.4220 -0.000006
-0.4336 -0.000004
-0.4403 -0.000003
-0.4432 -0.000003
-0.4431 -0.000002
-0.4406 -0.000002
-0.4362 -0.000002
-0.4300 -0.000002
-0.4225 -0.000001
-0.4136 -0.000001
-0.4035 -0.000001
-0.3923 -0.000001
-0.3799 -0.000001
-0.3670 -0.000001
-0.3544 -0.000001
-0.3447 -0.058240
-0.3461 -0.057715
-0.3483 -0.056885
-0.3593 -0.105615
-0.3723 -0.095871
-0.3843 -0.086880
-0.3950 -0.078806
-0.4043 -0.071832
-0.4120 -0.066064
-0.4180 -0.061508
-0.4226 -0.058081
-0.4258 -0.055650
-0.4279 -0.054058
-0.4291 -0.053145
-0.4295 -0.050095
-0.4286 -0.046762
-0.4268 -0.044531
-0.4245 -0.043062
-0.4217 -0.042143
-0.4185 -0.041639
-0.4151 -0.041461
-0.4116 -0.041546
-0.4078 -0.041854
-0.4034 -0.036735
-0.3979 -0.032427
-0.3915 -0.028776
-0.3844 -0.025613
-0.3766 -0.022832
-0.3682 -0.020364
-0.3593 -0.018160
-0.3498 -0.016186
-0.3398 -0.014415
-0.3293 -0.012827
-0.3183 -0.011403
-0.3068 -0.010130
-0.2946 -0.008993
-0.2817 -0.007983
-0.2679 -0.007087
-0.2530 -0.006298
-0.2368 -0.005605
-0.2188 -0.005001
-0.1984 -0.004479
-0.1745 -0.004036
-0.1712 -0.250192
-0.1922 -0.233655
-0.2115 -0.218606
-0.2302 -0.204137
-0.2504 -0.188639
-0.2724 -0.171837
-0.2951 -0.154570
-0.3170 -0.137919
-0.3370 -0.122777
-0.3543 -0.109667
-0.3688 -0.098744
-0.3804 -0.089913
-0.3897 -0.082945
-0.3968 -0.077567
-0.4021 -0.073511
-0.4061 -0.070537
-0.4088 -0.068441
-0.4107 -0.067054
-0.4117 -0.066238
-0.4122 -0.065884
-0.4119 -0.062424
-0.4102 -0.055288
-0.4067 -0.047967
-0.4018 -0.042151
-0.3959 -0.037321
-0.3892 -0.033183
-0.3818 -0.029561
-0.3738 -0.026348
-0.3654 -0.023476
-0.3565 -0.020900
-0.3472 -0.018586
-0.3375 -0.016509
-0.3273 -0.014650
-0.3167 -0.012989
-0.3055 -0.011509
-0.2937 -0.010196
-0.2811 -0.009034
-0.2676 -0.008010
-0.2530 -0.007111
-0.2368 -0.006326
-0.2188 -0.005645
-0.1983 -0.005057
-0.1747 -0.004555
-0.1465 -0.004133
-0.1110 -0.003798
-0.0619 -0.003571
0.0063 -0.193124
0.0634 -0.214255
0.1227 -0.236257
0.1682 -0.253102
0.1938 -0.262411
0.2016 -0.265031
0.1966 -0.262865
0.1835 -0.257708
0.1659 -0.250855
0.1457 -0.243077
0.1257 -0.208332
0.1103 -0.169698
0.0978 -0.138830
0.0870 -0.113841
0.0769 -0.093425
0.0666 -0.076637
0.0556 -0.062758
0.0430 -0.051230
0.0280 -0.041599
0.0089 -0.033488
-0.0167 -0.026570
-0.0521 -0.020569
-0.1006 -0.015323
-0.1602 -0.010893
-0.2214 -0.007462
-0.2754 -0.005023
-0.3190 -0.003380
-0.3526 -0.002299
-0.3774 -0.001596
-0.3952 -0.001139
-0.4073 -0.000842
-0.4147 -0.000646
-0.4185 -0.000515
-0.4192 -0.000426
-0.4174 -0.000364
-0.4135 -0.000319
-0.4076 -0.000284
-0.4000 -0.000257
-0.3909 -0.000234
-0.3804 -0.000214
-0.3685 -0.000197
-0.3553 -0.000181
-0.3408 -0.000166
-0.3251 -0.000152
-0.3090 -0.000139
-0.2934 -0.000125
-0.2861 -0.080315
-0.3016 -0.149042
-0.3176 -0.137019
-0.3331 -0.125306
-0.3486 -0.113728
-0.3632 -0.102731
-0.3764 -0.092848
-0.3876 -0.084407
-0.3968 -0.077504
-0.4037 -0.068481
-0.4081 -0.060256
-0.4105 -0.054549
-0.4114 -0.050588
-0.4111 -0.047804
-0.4095 -0.040657
-0.4063 -0.035118
-0.4022 -0.030635
-0.3972 -0.026884
-0.3916 -0.023669
-0.3856 -0.020869
-0.3791 -0.018407
-0.3724 -0.016230
-0.3654 -0.014301
-0.3581 -0.012591
-0.3505 -0.011076
-0.3427 -0.009735
-0.3345 -0.008550
-0.3261 -0.007504
-0.3174 -0.006581
-0.3084 -0.005766
-0.2991 -0.005050
-0.2895 -0.004419
-0.2795 -0.003865
-0.2691 -0.003380
-0.2583 -0.002955
-0.2468 -0.002585
-0.2346 -0.002263
-0.2213 -0.001984
-0.2067 -0.001744
-0.1901 -0.001539
-0.1708 -0.001365
-0.1472 -0.001222
-0.1333 -0.138555
-0.1303 -0.139509
-0.1270 -0.140602
-0.1253 -0.141143
-0.1275 -0.140236
-0.1353 -0.137233
-0.1556 -0.258959
-0.2012 -0.224723
-0.2457 -0.191232
-0.2850 -0.161667
-0.3176 -0.137109
-0.3437 -0.117428
-0.3642 -0.102034
-0.3798 -0.088276
-0.3907 -0.073800
-0.3978 -0.063941
-0.4022 -0.057146
-0.4046 -0.052427
-0.4056 -0.049149
-0.4056 -0.046893
-0.4048 -0.045383
-0.4034 -0.044432
-0.4015 -0.043914
-0.3992 -0.043738
-0.3967 -0.043834
-0.3939 -0.044148
-0.3910 -0.044636
-0.3876 -0.040982
-0.3830 -0.035620
-0.3774 -0.031171
-0.3710 -0.027388
-0.3640 -0.024115
-0.3565 -0.021253
-0.3485 -0.018733
-0.3402 -0.016509
-0.3314 -0.014545
-0.3222 -0.012810
-0.3125 -0.011282
-0.3022 -0.009937
-0.2913 -0.008757
-0.2796 -0.007724
-0.2670 -0.006820
-0.2532 -0.006031
-0.2382 -0.005343
-0.2216 -0.004746
-0.2029 -0.004229
-0.1814 -0.003788
-0.1556 -0.003418
-0.1231 -0.003124
-0.0857 -0.158140
-0.0618 -0.166756
-0.0273 -0.179384
0.0201 -0.196941
0.0757 -0.217620
0.1258 -0.236274
0.1595 -0.248786
0.1759 -0.254753
0.1787 -0.255629
0.1731 -0.233296
0.1676 -0.193217
0.1625 -0.160125
0.1572 -0.132665
0.1514 -0.109821
0.1449 -0.090805
0.1377 -0.074978
0.1295 -0.061818
0.1205 -0.050888
0.1105 -0.041818
0.0996 -0.034297
0.0874 -0.028063
0.0738 -0.022892
0.0581 -0.018595
0.0393 -0.015010
0.0160 -0.011993
-0.0150 -0.009418
-0.0577 -0.007174
-0.1152 -0.005215
-0.1820 -0.003601
-0.2459 -0.002404
-0.2991 -0.001587
-0.3401 -0.001055
-0.3703 -0.000714
-0.3917 -0.000498
-0.4059 -0.000361
-0.4145 -0.000274
-0.4185 -0.000218
-0.4188 -0.000181
-0.4160 -0.000157
-0.4105 -0.000139
-0.4027 -0.000126
-0.3928 -0.000116
-0.3809 -0.000108
-0.3672 -0.000101
-0.3516 -0.000094
-0.3421 -0.059252
-0.3343 -0.062190
-0.3278 -0.129265
-0.3337 -0.124831
-0.3502 -0.168751
-0.3681 -0.148624
-0.3849 -0.129681
-0.4000 -0.112631
-0.4129 -0.098173
-0.4231 -0.086591
-0.4309 -0.077788
-0.4366 -0.071431
-0.4404 -0.067098
-0.4428 -0.064249
-0.4438 -0.059663
-0.4435 -0.057017
-0.4425 -0.055635
-0.4408 -0.055105
-0.4388 -0.055169
-0.4365 -0.055665
-0.4340 -0.056486
-0.4313 -0.057561
-0.4285 -0.058842
-0.4257 -0.060300
-0.4225 -0.059164
-0.4186 -0.056966
-0.4136 -0.051850
-0.4073 -0.046486
-0.3997 -0.041982
-0.3912 -0.038061
-0.3816 -0.034567
-0.3712 -0.031411
-0.3599 -0.028541
-0.3476 -0.025923
-0.3343 -0.023536
-0.3199 -0.021362
-0.3043 -0.019390
-0.2872 -0.017607
-0.2683 -0.016006
-0.2473 -0.014579
-0.2236 -0.013319
-0.1962 -0.012227
-0.1633 -0.011313
-0.1381 -0.145796
-0.1195 -0.151533
-0.0962 -0.159252
-0.0695 -0.168359
-0.0406 -0.178433
-0.0087 -0.189706
0.0271 -0.202532
0.0651 -0.216272
0.1001 -0.228903
0.1266 -0.238360
0.1436 -0.222295
0.1569 -0.189489
0.1666 -0.160593
0.1724 -0.135307
0.1747 -0.113382
0.1737 -0.094557
0.1700 -0.078540
0.1641 -0.065017
0.1565 -0.053675
0.1475 -0.044210
0.1373 -0.036343
0.1262 -0.029824
0.1143 -0.024432
0.1014 -0.019977
0.0875 -0.016298
0.0722 -0.013257
0.0548 -0.010736
0.0344 -0.008636
0.0089 -0.006870
-0.0247 -0.005360
-0.0706 -0.004045
-0.1301 -0.002912
-0.1954 -0.002003
-0.2549 -0.001346
-0.3028 -0.000905
-0.3386 -0.000618
-0.3639 -0.000435
-0.3805 -0.000319
-0.3902 -0.000245
-0.3941 -0.000197
-0.3934 -0.000165
-0.3888 -0.000144
-0.3808 -0.000129
-0.3699 -0.000118
-0.3570 -0.000108
-0.3438 -0.000098
-0.3340 -0.062350
-0.3369 -0.061267
-0.3423 -0.059222
-0.3575 -0.107054
-0.3754 -0.093577
-0.3915 -0.081509
-0.4052 -0.071243
-0.4162 -0.062923
-0.4248 -0.056479
-0.4311 -0.051712
-0.4355 -0.048371
-0.4384 -0.046200
-0.4401 -0.044959
-0.4407 -0.044446
-0.4406 -0.043162
-0.4395 -0.040500
-0.4374 -0.038833
-0.4347 -0.037840
-0.4316 -0.037328
-0.4282 -0.037175
-0.4245 -0.037305
-0.4206 -0.037666
-0.4166 -0.038225
-0.4123 -0.038958
-0.4079 -0.039116
-0.4027 -0.034526
-0.3963 -0.030714
-0.3890 -0.027455
-0.3809 -0.024610
-0.3720 -0.022095
-0.3622 -0.019853
-0.3517 -0.017846
-0.3403 -0.016048
-0.3280 -0.014435
-0.3147 -0.012990
-0.3002 -0.011699
-0.2842 -0.010549
-0.2666 -0.009528
-0.2470 -0.008627
-0.2247 -0.007840
-0.1987 -0.007165
-0.1789 -0.126746
-0.1700 -0.253070
-0.1815 -0.243403
-0.1939 -0.233244
-0.2107 -0.219898
-0.2331 -0.202547
-0.2591 -0.182537
-0.2859 -0.161969
-0.3112 -0.142638
-0.3336 -0.125623
-0.3524 -0.111342
-0.3676 -0.099763
-0.3796 -0.090623
-0.3889 -0.083568
-0.3960 -0.078235
-0.4012 -0.074295
-0.4049 -0.071468
-0.4074 -0.069522
-0.4091 -0.068276
-0.4100 -0.067586
-0.4096 -0.059263
-0.4071 -0.050858
-0.4030 -0.044353
-0.3977 -0.039067
-0.3915 -0.034612
-0.3845 -0.030760
-0.3769 -0.027370
-0.3689 -0.024358
-0.3603 -0.021665
-0.3514 -0.019253
-0.3420 -0.017093
-0.3322 -0.015162
-0.3219 -0.013439
-0.3110 -0.011908
-0.2995 -0.010551
-0.2872 -0.009354
-0.2739 -0.008300
-0.2593 -0.007377
-0.2432 -0.006573
-0.2250 -0.005878
-0.2041 -0.005282
-0.1792 -0.004783
-0.1481 -0.004380
-0.1065 -0.004089
-0.0503 -0.172403
0.0018 -0.191587
0.0757 -0.219066
0.1522 -0.247610
0.2045 -0.267032
0.2274 -0.275301
0.2280 -0.275157
0.2149 -0.269928
0.1949 -0.262104
0.1718 -0.253173
0.1498 -0.213498
0.1332 -0.173729
0.1199 -0.142043
0.1086 -0.116452
0.0982 -0.095589
0.0880 -0.078471
0.0775 -0.064359
0.0660 -0.052681
0.0529 -0.042981
0.0373 -0.034887
0.0179 -0.028084
-0.0077 -0.022298
-0.0431 -0.017290
-0.0920 -0.012901
-0.1532 -0.009161
-0.2172 -0.006241
-0.2740 -0.004166
-0.3197 -0.002775
-0.3547 -0.001868
-0.3803 -0.001284
-0.3985 -0.000909
-0.4106 -0.000668
-0.4179 -0.000512
-0.4214 -0.000410
-0.4218 -0.000340
-0.4196 -0.000292
-0.4153 -0.000257
-0.4092 -0.000230
-0.4016 -0.000208
-0.3928 -0.000189
-0.3827 -0.000173
-0.3716 -0.000158
-0.3594 -0.000145
-0.3461 -0.000132
-0.3320 -0.000121
-0.3170 -0.000110
-0.3121 -0.070548
-0.3087 -0.071815
-0.3181 -0.136569
-0.3290 -0.128379
-0.3419 -0.118696
-0.3561 -0.108047
-0.3702 -0.097466
-0.3830 -0.087831
-0.3939 -0.079626
-0.4028 -0.072994
-0.4096 -0.067864
-0.4146 -0.064057
-0.4182 -0.061362
-0.4204 -0.056381
-0.4209 -0.051691
-0.4201 -0.048516
-0.4185 -0.046381
-0.4162 -0.044987
-0.4135 -0.044138
-0.4104 -0.043701
-0.4071 -0.043588
-0.4036 -0.043735
-0.3997 -0.040113
-0.3946 -0.035192
-0.3885 -0.031075
-0.3817 -0.027545
-0.3742 -0.024468
-0.3660 -0.021756
-0.3573 -0.019353
-0.3480 -0.017216
-0.3381 -0.015314
-0.3275 -0.013621
-0.3163 -0.012118
-0.3042 -0.010785
-0.2912 -0.009606
-0.2770 -0.008567
-0.2615 -0.007654
-0.2441 -0.006856
-0.2246 -0.006163
-0.2021 -0.005567
-0.1754 -0.005065
-0.1424 -0.004659
-0.1169 -0.147767
-0.0970 -0.154684
-0.0700 -0.164388
-0.0640 -0.329783
-0.0711 -0.324027
-0.0892 -0.310073
-0.1213 -0.285713
-0.1654 -0.252351
-0.2145 -0.215255
-0.2610 -0.180106
-0.3008 -0.150060
-0.3328 -0.125886
-0.3576 -0.107134
-0.3764 -0.092945
-0.3900 -0.078018
-0.3989 -0.066119
-0.4044 -0.058121
-0.4069 -0.047356
-0.4068 -0.039577
-0.4049 -0.033731
-0.4016 -0.029141
-0.3973 -0.025401
-0.3922 -0.022269
-0.3864 -0.019590
-0.3802 -0.017266
-0.3734 -0.015231
-0.3663 -0.013439
-0.3587 -0.011856
-0.3508 -0.010457
-0.3425 -0.009220
-0.3337 -0.008128
-0.3245 -0.007165
-0.3147 -0.006317
-0.3043 -0.005572
-0.2931 -0.004920
-0.2810 -0.004349
-0.2678 -0.003851
-0.2532 -0.003418
-0.2369 -0.003043
-0.2183 -0.002720
-0.1968 -0.002445
-0.1711 -0.002215
-0.1390 -0.002030
-0.0958 -0.001898
-0.0316 -0.001836
0.0679 -0.001858
0.1215 -0.467679
0.1367 -0.478934
0.1405 -0.481584
0.1335 -0.476209
0.1169 -0.463638
0.0923 -0.445097
0.0605 -0.421140
0.0196 -0.390454
-0.0356 -0.349084
-0.1103 -0.293121
-0.1950 -0.229514
-0.2701 -0.172986
-0.3277 -0.129663
-0.3690 -0.098528
-0.3978 -0.076858
-0.4173 -0.062131
-0.4303 -0.052395
-0.4384 -0.046221
-0.4433 -0.042584
-0.4456 -0.039511
-0.4458 -0.036223
-0.4441 -0.031223
-0.4406 -0.027665
-0.4360 -0.024916
-0.4303 -0.022641
-0.4239 -0.020662
-0.4167 -0.018882
-0.4088 -0.017253
-0.4004 -0.015746
-0.3913 -0.014350
