-0.4553 0.004997
-0.4503 0.004086
-0.4432 0.003325
-0.4342 0.002694
-0.4238 0.002174
-0.4123 0.001749
-0.4003 0.001404
-0.3880 0.001125
-0.3758 0.000901
-0.3641 0.000722
-0.3529 0.000578
-0.3424 0.000464
-0.3325 0.000373
-0.3232 0.000299
-0.3141 0.000241
-0.3053 0.000193
-0.2967 0.000155
-0.2880 0.000125
-0.2793 0.000100
-0.2702 0.000080
-0.2608 0.000064
-0.2509 0.000051
-0.2402 0.000040
-0.2277 0.085525
-0.1877 0.141113
-0.1376 0.155503
-0.0781 0.088537
-0.0060 0.007619
0.0805 -0.089546
0.1569 -0.175794
0.2046 -0.229769
0.2269 -0.255098
0.2325 -0.261558
0.2283 -0.256968
0.2189 -0.246417
0.2069 -0.232952
0.1939 -0.218297
0.1806 -0.203377
0.1676 -0.188652
0.1456 -0.218740
0.1283 -0.192643
0.1137 -0.170714
0.1007 -0.151245
0.0887 -0.133239
0.0773 -0.116069
0.0661 -0.099310
0.0550 -0.082634
0.0437 -0.065749
0.0321 -0.048002
0.0203 -0.027435
0.0080 -0.009549
-0.0060 0.006021
-0.0228 0.020859
-0.0439 0.036143
-0.0705 0.052636
-0.1031 0.070305
-0.1398 0.087955
-0.1780 0.094234
-0.2156 0.094414
-0.2504 0.090717
-0.2817 0.084402
-0.3095 0.076676
-0.3341 0.068448
-0.3560 0.060307
-0.3755 0.052599
-0.3929 0.045507
-0.4083 0.039108
-0.4220 0.033417
-0.4340 0.028415
-0.4443 0.024057
-0.4533 0.020292
-0.4609 0.017060
-0.4674 0.014305
-0.4729 0.011967
-0.4772 0.009984
-0.4797 0.008299
-0.4800 0.006865
-0.4776 0.005648
-0.4726 0.004622
-0.4652 0.003762
-0.4558 0.003047
-0.4447 0.002458
-0.4324 0.001976
-0.4194 0.001585
-0.4061 0.001269
-0.3930 0.001015
-0.3803 0.000812
-0.3682 0.000650
-0.3569 0.000521
-0.3463 0.000418
-0.3365 0.000336
-0.3273 0.000270
-0.3187 0.000217
-0.3105 0.000175
-0.3026 0.000141
-0.2949 0.000114
-0.2874 0.000092
-0.2799 0.000074
-0.2722 0.000059
-0.2639 0.000048
-0.2546 0.000038
-0.2441 0.000030
-0.2320 0.000024
-0.1839 0.207535
-0.1261 0.142472
-0.0638 0.072496
0.0133 -0.013978
0.1014 -0.113167
0.1726 -0.193567
0.2140 -0.240411
0.2317 -0.260515
0.2343 -0.263664
0.2285 -0.257107
0.2181 -0.245445
0.2055 -0.231386
0.1923 -0.216445
0.1744 -0.261906
0.1534 -0.230318
0.1367 -0.205218
0.1225 -0.183896
0.1098 -0.164851
0.0980 -0.147204
0.0868 -0.130403
0.0759 -0.114077
0.0652 -0.097936
0.0544 -0.081719
0.0434 -0.064353
0.0323 -0.045932
0.0208 -0.027475
0.0085 -0.010065
-0.0056 0.005574
-0.0226 0.020581
-0.0442 0.036140
-0.0714 0.053010
-0.1048 0.069465
-0.1436 0.078751
-0.1849 0.083884
-0.2249 0.084419
-0.2614 0.081154
-0.2937 0.075405
-0.3220 0.068375
-0.3470 0.060938
-0.3695 0.053644
-0.3899 0.046806
-0.4087 0.040577
-0.4265 0.035011
-0.4435 0.030102
-0.4600 0.025813
-0.4761 0.022092
-0.4921 0.018878
-0.5080 0.016114
-0.5240 0.013742
-0.5400 0.011710
-0.5560 0.009968
-0.5707 0.008461
-0.5821 0.007135
-0.5880 0.005959
-0.5876 0.004925
-0.5811 0.004028
-0.5696 0.003264
-0.5540 0.002625
-0.5356 0.002099
-0.5153 0.001669
-0.4940 0.001323
-0.4722 0.001046
-0.4505 0.000825
-0.4292 0.000650
-0.4085 0.000511
-0.3887 0.000402
-0.3699 0.000317
-0.3522 0.000249
-0.3355 0.000196
-0.3197 0.000155
-0.3049 0.000122
-0.2909 0.000096
-0.2774 0.000076
-0.2643 0.000060
-0.2515 0.000047
-0.2386 0.000037
-0.2251 0.000029
-0.2107 0.000022
-0.1946 0.000017
-0.1649 0.124017
-0.1126 0.127417
-0.0464 0.053047
0.0365 -0.040019
0.1245 -0.139206
0.1889 -0.211942
0.2235 -0.251204
0.2366 -0.266098
0.2365 -0.266072
0.2290 -0.257704
0.2151 -0.322987
0.1915 -0.287625
0.1730 -0.259812
0.1575 -0.236470
0.1438 -0.215903
0.1313 -0.197140
0.1196 -0.179590
0.1085 -0.162874
0.0977 -0.146719
0.0872 -0.130908
0.0767 -0.115246
0.0663 -0.099538
0.0556 -0.083578
0.0446 -0.067137
0.0332 -0.048992
0.0214 -0.030294
0.0086 -0.011451
-0.0057 0.006528
-0.0227 0.023076
-0.0442 0.037218
-0.0721 0.050251
-0.1075 0.061964
-0.1489 0.071030
-0.1925 0.075953
-0.2340 0.076397
-0.2713 0.073260
-0.3038 0.067858
-0.3320 0.061328
-0.3566 0.054458
-0.3780 0.047736
-0.3967 0.041431
-0.4131 0.035676
-0.4274 0.030520
-0.4397 0.025957
-0.4494 0.021940
-0.4563 0.018418
-0.4600 0.015352
-0.4605 0.012709
-0.4582 0.010457
-0.4536 0.008559
-0.4471 0.006976
-0.4392 0.005666
-0.4304 0.004591
-0.4210 0.003712
-0.4112 0.002998
-0.4014 0.002420
-0.3918 0.001953
-0.3827 0.001577
-0.3741 0.001275
-0.3662 0.001032
-0.3589 0.000836
-0.3523 0.000679
-0.3464 0.000552
-0.3409 0.000449
-0.3360 0.000366
-0.3315 0.000298
-0.3274 0.000244
-0.3238 0.000199
-0.3206 0.000163
-0.3179 0.000134
-0.3155 0.000110
-0.3135 0.000090
-0.3115 0.000074
-0.3093 0.000061
-0.3062 0.000050
-0.3018 0.000041
-0.2957 0.000033
-0.2877 0.000026
-0.2749 0.103222
-0.2445 0.091818
-0.2148 0.080656
-0.1845 0.069299
-0.1514 0.113874
-0.0936 0.106000
-0.0244 0.028302
0.0611 -0.067695
0.1431 -0.160243
0.1977 -0.222006
0.2249 -0.252792
0.2333 -0.262428
0.2306 -0.259499
0.2219 -0.249721
0.2101 -0.236545
0.1971 -0.221931
0.1741 -0.261536
0.1551 -0.232906
0.1395 -0.209409
0.1259 -0.188974
0.1135 -0.170431
0.1019 -0.153085
0.0909 -0.136494
0.0801 -0.119786
0.0700 -0.100231
0.0604 -0.083295
0.0508 -0.067814
0.0407 -0.052960
0.0299 -0.038065
0.0180 -0.022510
0.0046 -0.005291
-0.0111 0.010933
-0.0305 0.026911
-0.0550 0.043759
-0.0857 0.061066
-0.1228 0.072454
-0.1644 0.080235
-0.2063 0.083275
-0.2450 0.081831
-0.2792 0.077125
-0.3087 0.070519
-0.3340 0.063091
-0.3557 0.055564
-0.3745 0.048374
-0.3909 0.041753
-0.4054 0.035806
-0.4184 0.030556
-0.4302 0.025978
-0.4410 0.022019
-0.4509 0.018610
-0.4596 0.015685
-0.4669 0.013176
-0.4724 0.011022
-0.4751 0.009167
-0.4746 0.007571
-0.4707 0.006209
-0.4638 0.005059
-0.4545 0.004099
-0.4433 0.003306
-0.4310 0.002657
-0.4180 0.002131
-0.4047 0.001706
-0.3918 0.001365
-0.3793 0.001093
-0.3677 0.000876
-0.3571 0.000703
-0.3477 0.000566
-0.3395 0.000457
-0.3327 0.000370
-0.3272 0.000301
-0.3227 0.000246
-0.3188 0.000201
-0.3150 0.000164
-0.3108 0.000134
-0.3058 0.000109
-0.2999 0.000088
-0.2929 0.000071
-0.2698 0.101323
-0.2424 0.091041
-0.2158 0.081071
-0.1890 0.071003
-0.1603 0.060246
-0.1274 0.047915
-0.0861 0.032476
-0.0279 0.021477
0.0533 -0.059029
0.1339 -0.149817
0.1893 -0.212523
0.2178 -0.244838
0.2274 -0.255850
0.2258 -0.254038
0.2178 -0.245150
0.2067 -0.232675
0.1942 -0.218606
0.1783 -0.267774
0.1566 -0.235237
0.1396 -0.209559
0.1251 -0.187858
0.1122 -0.168549
0.1005 -0.148050
0.0901 -0.127402
0.0806 -0.109951
0.0714 -0.094438
0.0621 -0.080039
0.0524 -0.066154
0.0422 -0.052285
0.0311 -0.037968
0.0188 -0.022718
0.0049 -0.005988
-0.0111 0.012531
-0.0301 0.030622
-0.0536 0.048606
-0.0825 0.067322
-0.1171 0.080923
-0.1561 0.089270
-0.1962 0.092844
-0.2344 0.091720
-0.2689 0.087030
-0.2995 0.080169
-0.3266 0.072303
-0.3509 0.064234
-0.3730 0.056454
-0.3933 0.049226
-0.4122 0.042655
-0.4295 0.036752
-0.4449 0.031482
-0.4581 0.026799
-0.4685 0.022664
-0.4761 0.019042
-0.4807 0.015900
-0.4827 0.013200
-0.4820 0.010898
-0.4785 0.008947
-0.4724 0.007303
-0.4638 0.005929
-0.4534 0.004792
-0.4415 0.003858
-0.4287 0.003098
-0.4155 0.002482
-0.4022 0.001987
-0.3892 0.001590
-0.3768 0.001272
-0.3652 0.001020
-0.3545 0.000818
-0.3450 0.000658
-0.3366 0.000531
-0.3292 0.000429
-0.3226 0.000348
-0.3163 0.000282
-0.3100 0.000229
-0.3035 0.000185
-0.2967 0.000150
-0.2894 0.000121
-0.2670 0.100330
-0.2408 0.090458
-0.2159 0.081104
-0.1914 0.071888
-0.1658 0.062296
-0.1372 0.051595
-0.1026 0.038628
-0.0563 0.021319
0.0108 -0.003760
0.1000 -0.037148
0.1837 -0.068641
0.2319 -0.173699
0.2376 -0.267363
0.2317 -0.260754
0.2213 -0.249108
0.2089 -0.235115
0.1956 -0.220254
0.1824 -0.205295
0.1666 -0.250321
0.1456 -0.218743
0.1290 -0.193720
0.1149 -0.172491
0.1023 -0.151629
0.0915 -0.129910
0.0817 -0.111896
0.0724 -0.096146
0.0632 -0.081753
0.0538 -0.068087
0.0440 -0.054654
0.0335 -0.041019
0.0221 -0.026756
0.0095 -0.011406
-0.0049 0.005542
-0.0213 0.024636
-0.0401 0.046370
-0.0616 0.070943
-0.0855 0.094102
-0.1131 0.103140
-0.1446 0.109034
-0.1779 0.110990
-0.2109 0.108828
-0.2420 0.103259
-0.2704 0.095420
-0.2961 0.086411
-0.3194 0.077077
-0.3407 0.067986
-0.3605 0.059475
-0.3791 0.051715
-0.3968 0.044766
-0.4140 0.038614
-0.4305 0.033199
-0.4461 0.028444
-0.4604 0.024275
-0.4730 0.020620
-0.4828 0.017405
-0.4888 0.014569
-0.4902 0.012083
-0.4874 0.009933
-0.4808 0.008102
-0.4713 0.006567
-0.4598 0.005298
-0.4471 0.004259
-0.4336 0.003415
-0.4198 0.002734
-0.4061 0.002187
-0.3927 0.001749
-0.3798 0.001398
-0.3676 0.001119
-0.3560 0.000896
-0.3453 0.000718
-0.3354 0.000577
-0.3266 0.000464
-0.3185 0.000375
-0.3111 0.000302
-0.3041 0.000244
-0.2973 0.000198
-0.2906 0.000160
-0.2825 0.106166
-0.2561 0.096230
-0.2319 0.087121
-0.2090 0.078509
-0.1863 0.069998
-0.1625 0.061046
-0.1355 0.050925
-0.1024 0.038548
-0.0581 0.021980
0.0061 -0.002015
0.0926 -0.034393
0.1763 -0.065836
0.2340 -0.087590
0.2552 -0.191386
0.2553 -0.191510
0.2477 -0.185868
0.2249 -0.253329
0.2032 -0.228784
0.1850 -0.208312
0.1691 -0.190459
0.1548 -0.174358
0.1372 -0.206191
0.1183 -0.177355
0.1035 -0.148407
0.0913 -0.126019
0.0804 -0.107494
0.0702 -0.091292
0.0602 -0.076456
0.0500 -0.062339
0.0395 -0.048449
0.0284 -0.034364
0.0164 -0.019677
0.0032 -0.003962
-0.0115 0.013235
-0.0280 0.032352
-0.0466 0.053690
-0.0673 0.077185
-0.0893 0.102136
-0.1115 0.127140
-0.1331 0.141272
-0.1548 0.145934
-0.1771 0.138708
-0.2002 0.129638
-0.2230 0.119435
-0.2449 0.108475
-0.2656 0.097251
-0.2847 0.086217
-0.3024 0.075719
-0.3187 0.065985
-0.3338 0.057140
-0.3478 0.049226
-0.3608 0.042227
-0.3729 0.036089
-0.3842 0.030737
-0.3944 0.026092
-0.4035 0.022074
-0.4115 0.018612
-0.4183 0.015643
-0.4239 0.013107
-0.4283 0.010950
-0.4316 0.009124
-0.4339 0.007584
-0.4353 0.006290
-0.4357 0.005207
-0.4351 0.004299
-0.4331 0.003538
-0.4292 0.002899
-0.4236 0.002366
-0.4165 0.001923
-0.4081 0.001558
-0.3988 0.001259
-0.3889 0.001015
-0.3787 0.000817
-0.3682 0.000657
-0.3574 0.000527
-0.3463 0.000423
-0.3350 0.000338
-0.3235 0.000270
-0.3120 0.000215
-0.3006 0.000171
-0.2731 0.102671
-0.2438 0.091607
-0.2166 0.081375
-0.1904 0.071532
-0.1636 0.061492
-0.1341 0.050447
-0.0987 0.037162
-0.0513 0.019453
0.0171 -0.006110
0.1059 -0.039398
0.1871 -0.069917
0.2408 -0.090173
0.2688 -0.100750
0.2625 -0.196974
0.2508 -0.188174
0.2365 -0.177528
0.2108 -0.237450
0.1880 -0.211684
0.1638 -0.246159
0.1410 -0.211735
0.1232 -0.185027
0.1083 -0.162729
0.0957 -0.138486
0.0848 -0.118078
0.0749 -0.100871
0.0655 -0.085627
0.0560 -0.071545
0.0464 -0.058055
0.0363 -0.044712
0.0256 -0.031122
0.0140 -0.016905
0.0013 -0.001664
-0.0129 0.015012
-0.0289 0.033511
-0.0469 0.054081
-0.0667 0.076631
-0.0880 0.096942
-0.1107 0.115183
-0.1335 0.132164
-0.1558 0.137850
-0.1774 0.141305
-0.1984 0.131288
-0.2194 0.120045
-0.2396 0.108423
-0.2587 0.096784
-0.2763 0.085489
-0.2925 0.074826
-0.3072 0.064990
-0.3206 0.056085
-0.3329 0.048145
-0.3441 0.041152
-0.3545 0.035056
-0.3643 0.029784
-0.3736 0.025257
-0.3827 0.021389
-0.3917 0.018100
-0.4007 0.015312
-0.4100 0.012953
-0.4197 0.010961
-0.4297 0.009280
-0.4403 0.007861
-0.4510 0.006658
-0.4609 0.005626
-0.4685 0.004728
-0.4724 0.003943
-0.4724 0.003260
-0.4684 0.002673
-0.4611 0.002176
-0.4511 0.001760
-0.4392 0.001417
-0.4261 0.001136
-0.4122 0.000909
-0.3980 0.000726
-0.3839 0.000579
-0.3700 0.000461
-0.3566 0.000368
-0.3438 0.000293
-0.3318 0.000234
-0.3207 0.000187
-0.3107 0.000150
-0.3017 0.000120
-0.2937 0.000097
-0.2867 0.000078
-0.2803 0.000063
-0.2742 0.000051
-0.2680 0.000041
-0.2492 0.093563
-0.2244 0.084281
-0.2002 0.075166
-0.1752 0.065799
-0.1479 0.055584
-0.1158 0.043582
-0.0745 0.028136
-0.0159 0.006232
0.0672 -0.024856
0.1570 -0.058569
0.2241 -0.083828
0.2628 -0.098437
0.2705 -0.202908
0.2598 -0.194956
0.2458 -0.184498
0.2231 -0.251335
0.1980 -0.223013
0.1780 -0.200507
0.1579 -0.237279
0.1355 -0.203488
0.1179 -0.177076
0.1031 -0.154896
0.0900 -0.135239
0.0783 -0.113230
0.0679 -0.094382
0.0580 -0.077994
0.0482 -0.063040
0.0382 -0.048806
0.0277 -0.034738
0.0165 -0.020357
0.0042 -0.005208
-0.0095 0.011157
-0.0248 0.029166
-0.0421 0.049136
-0.0613 0.071108
-0.0820 0.094614
-0.1031 0.118556
-0.1242 0.134234
-0.1449 0.143951
-0.1656 0.146717
-0.1860 0.140023
-0.2071 0.128916
-0.2281 0.117439
-0.2485 0.105795
-0.2679 0.094299
-0.2860 0.083255
-0.3029 0.072898
-0.3185 0.063380
-0.3329 0.054776
-0.3462 0.047104
-0.3586 0.040335
-0.3700 0.034416
-0.3807 0.029277
-0.3907 0.024843
-0.4001 0.021036
-0.4090 0.017781
-0.4175 0.015007
-0.4256 0.012648
-0.4329 0.010636
-0.4386 0.008912
-0.4424 0.007431
-0.4436 0.006163
-0.4424 0.005082
-0.4388 0.004168
-0.4331 0.003401
-0.4255 0.002763
-0.4165 0.002236
-0.4065 0.001804
-0.3960 0.001453
-0.3854 0.001169
-0.3750 0.000941
-0.3651 0.000757
-0.3560 0.000611
-0.3478 0.000493
-0.3405 0.000399
-0.3343 0.000324
-0.3292 0.000264
-0.3252 0.000215
-0.3224 0.000177
-0.3209 0.000145
-0.3204 0.000120
-0.3207 0.000099
-0.3212 0.000082
-0.3213 0.000068
-0.3205 0.000056
-0.3186 0.000046
-0.3020 0.113395
-0.2772 0.104063
-0.2537 0.095250
-0.2310 0.086731
-0.2082 0.078192
-0.1843 0.069229
-0.1579 0.059340
-0.1271 0.047795
-0.0883 0.033274
-0.0346 0.013207
0.0431 -0.015843
0.1355 -0.050474
0.2106 -0.078734
0.2426 -0.181788
0.2542 -0.190591
0.2532 -0.189951
0.2450 -0.183842
0.2268 -0.255420
0.2027 -0.228295
0.1832 -0.206311
0.1635 -0.245615
0.1407 -0.211350
0.1231 -0.181059
0.1094 -0.154368
0.0979 -0.133284
0.0875 -0.115575
0.0777 -0.099951
0.0680 -0.085595
0.0582 -0.071940
0.0481 -0.058545
0.0374 -0.045028
0.0260 -0.031023
0.0136 -0.016144
-0.0002 0.000029
-0.0156 0.017943
-0.0331 0.038009
-0.0528 0.060431
-0.0744 0.084943
-0.0971 0.110008
-0.1203 0.124994
-0.1445 0.133525
-0.1685 0.139710
-0.1913 0.138580
-0.2139 0.128109
-0.2360 0.116865
-0.2570 0.105274
-0.2769 0.093781
-0.2955 0.082760
-0.3130 0.072469
-0.3294 0.063063
-0.3450 0.054608
-0.3599 0.047102
-0.3742 0.040501
-0.3880 0.034724
-0.4011 0.029681
-0.4133 0.025283
-0.4241 0.021455
-0.4335 0.018130
-0.4411 0.015255
-0.4470 0.012782
-0.4512 0.010667
-0.4537 0.008870
-0.4548 0.007351
-0.4545 0.006075
-0.4533 0.005009
-0.4510 0.004121
-0.4476 0.003382
-0.4428 0.002766
-0.4365 0.002254
-0.4288 0.001831
-0.4199 0.001483
-0.4103 0.001198
-0.4001 0.000966
-0.3895 0.000777
-0.3787 0.000625
-0.3675 0.000501
-0.3560 0.000402
-0.3442 0.000321
-0.3322 0.000256
-0.3200 0.000204
-0.3079 0.000162
-0.2803 0.105350
-0.2498 0.093887
-0.2218 0.083328
-0.1949 0.073224
-0.1676 0.062999
-0.1379 0.051865
-0.1026 0.038623
-0.0558 0.021149
0.0115 -0.004014
0.1005 -0.037359
0.1838 -0.068684
0.2398 -0.089778
0.2693 -0.100932
0.2640 -0.198041
0.2525 -0.189456
0.2383 -0.178842
0.2213 -0.249290
0.1943 -0.218891
0.1734 -0.195277
0.1467 -0.220370
0.1266 -0.190131
0.1103 -0.164506
0.0970 -0.138526
0.0856 -0.117825
0.0753 -0.100302
0.0653 -0.084712
0.0554 -0.070249
0.0453 -0.056334
0.0347 -0.042508
0.0234 -0.028359
0.0112 -0.013479
-0.0023 0.002552
-0.0174 0.020162
-0.0344 0.039718
-0.0533 0.061383
-0.0740 0.084871
-0.0955 0.109254
-0.1174 0.126360
-0.1388 0.140180
-0.1599 0.143916
-0.1803 0.145864
-0.1993 0.141075
-0.2184 0.127797
-0.2373 0.114815
-0.2555 0.102235
-0.2728 0.090248
-0.2889 0.079039
-0.3039 0.068744
-0.3177 0.059434
-0.3306 0.051126
-0.3424 0.043791
-0.3534 0.037367
-0.3635 0.031781
-0.3728 0.026948
-0.3813 0.022789
-0.3890 0.019224
-0.3960 0.016180
-0.4023 0.013591
-0.4080 0.011396
-0.4131 0.009541
-0.4177 0.007976
-0.4214 0.006653
-0.4236 0.005531
-0.4241 0.004578
-0.4225 0.003771
-0.4191 0.003093
-0.4140 0.002526
-0.4076 0.002057
-0.4002 0.001670
-0.3921 0.001352
-0.3835 0.001094
-0.3746 0.000883
-0.3655 0.000713
-0.3563 0.000574
-0.3469 0.000462
-0.3374 0.000372
-0.3278 0.000299
-0.3184 0.000240
-0.3091 0.000193
-0.3001 0.000155
-0.2755 0.103523
-0.2487 0.093452
-0.2243 0.084272
-0.2012 0.075600
-0.1782 0.066952
-0.1536 0.057723
-0.1253 0.047123
-0.0900 0.033912
-0.0417 0.015848
0.0283 -0.010298
0.1158 -0.043087
0.1921 -0.071819
0.2413 -0.090363
0.2661 -0.099747
0.2595 -0.194699
0.2462 -0.184799
0.2313 -0.173597
0.2158 -0.161995
0.1979 -0.222930
0.1728 -0.194656
0.1485 -0.223210
0.1254 -0.183993
0.1083 -0.152500
0.0945 -0.128393
0.0823 -0.108591
0.0711 -0.091386
0.0602 -0.075732
0.0493 -0.060915
0.0381 -0.046388
0.0263 -0.031685
0.0137 -0.016366
-0.0002 0.000007
-0.0155 0.017879
-0.0326 0.037638
-0.0517 0.059471
-0.0726 0.083115
-0.0943 0.107652
-0.1155 0.131566
-0.1349 0.149836
-0.1527 0.158609
-0.1699 0.156897
-0.1864 0.154467
-0.2018 0.151379
-0.2165 0.137925
-0.2318 0.122140
-0.2474 0.107766
-0.2627 0.094605
-0.2773 0.082590
-0.2912 0.071704
-0.3041 0.061930
-0.3162 0.053231
-0.3272 0.045556
-0.3374 0.038834
-0.3466 0.032988
-0.3550 0.027934
-0.3626 0.023590
-0.3694 0.019874
-0.3756 0.016709
-0.3813 0.014024
-0.3865 0.011753
-0.3913 0.009839
-0.3959 0.008229
-0.4001 0.006876
-0.4036 0.005736
-0.4061 0.004772
-0.4072 0.003956
-0.4066 0.003266
-0.4044 0.002686
-0.4007 0.002201
-0.3959 0.001798
-0.3901 0.001465
-0.3835 0.001191
-0.3763 0.000966
-0.3685 0.000782
-0.3601 0.000632
-0.3512 0.000510
-0.3419 0.000410
-0.3325 0.000330
-0.3230 0.000265
-0.3138 0.000213
-0.3048 0.000171
-0.2752 0.103437
-0.2489 0.093544
-0.2251 0.084554
-0.2025 0.076086
-0.1801 0.067656
-0.1562 0.058694
-0.1289 0.048479
-0.0953 0.035905
-0.0500 0.018974
0.0153 -0.005450
0.1005 -0.037370
0.1797 -0.067133
0.2329 -0.087192
0.2610 -0.097801
0.2693 -0.202080
0.2523 -0.189364
0.2351 -0.176422
