0.1664 -0.124892
0.1492 -0.149329
0.1331 -0.133273
0.1192 -0.119363
0.1067 -0.106785
0.0949 -0.095025
0.0836 -0.083745
0.0726 -0.072700
0.0616 -0.061691
0.0504 -0.050515
0.0388 -0.038949
0.0267 -0.026126
0.0137 -0.012942
-0.0006 0.000406
-0.0169 0.013741
-0.0360 0.027459
-0.0589 0.040755
-0.0864 0.053147
-0.1178 0.065056
-0.1511 0.073065
-0.1843 0.073725
-0.2153 0.071249
-0.2429 0.066466
-0.2666 0.060336
-0.2867 0.053665
-0.3038 0.047016
-0.3183 0.040731
-0.3307 0.034993
-0.3415 0.029876
-0.3509 0.025386
-0.3593 0.021493
-0.3669 0.018146
-0.3738 0.015286
-0.3802 0.012854
-0.3861 0.010794
-0.3916 0.009051
-0.3962 0.007573
-0.3995 0.006313
-0.4010 0.005239
-0.4003 0.004324
-0.3974 0.003550
-0.3925 0.002899
-0.3858 0.002356
-0.3777 0.001907
-0.3685 0.001539
-0.3585 0.001238
-0.3480 0.000993
-0.3372 0.000796
-0.3264 0.000637
-0.3156 0.000509
-0.3049 0.000407
-0.2944 0.000325
-0.2840 0.000259
-0.2738 0.000206
-0.2637 0.000164
-0.2537 0.000131
-0.2434 0.000104
-0.2324 0.000082
-0.2202 0.000064
-0.2038 0.051045
-0.1777 0.044532
-0.1487 0.037269
-0.1140 0.028605
-0.0683 0.017224
-0.0017 0.000633
0.0894 -0.044214
0.1717 -0.128296
0.2242 -0.167881
0.2504 -0.187674
0.2586 -0.193934
0.2558 -0.191921
0.2469 -0.185235
0.2347 -0.176137
0.2212 -0.165975
0.2072 -0.155516
0.1934 -0.145165
0.1800 -0.135120
0.1671 -0.125452
0.1537 -0.153899
0.1361 -0.136293
0.1212 -0.121375
0.1080 -0.108102
0.0957 -0.095830
0.0840 -0.084138
0.0726 -0.072737
0.0613 -0.061397
0.0498 -0.049906
0.0379 -0.038031
0.0255 -0.024600
0.0123 -0.011457
-0.0024 0.001965
-0.0190 0.015608
-0.0386 0.029602
-0.0621 0.042123
-0.0903 0.054535
-0.1222 0.066375
-0.1556 0.076633
-0.1877 0.079292
-0.2175 0.075987
-0.2439 0.070488
-0.2668 0.063755
-0.2863 0.056570
-0.3027 0.049473
-0.3167 0.042792
-0.3285 0.036701
-0.3385 0.031273
-0.3471 0.026513
-0.3545 0.022391
-0.3610 0.018854
-0.3669 0.015842
-0.3723 0.013291
-0.3773 0.011139
-0.3822 0.009329
-0.3870 0.007809
-0.3917 0.006535
-0.3963 0.005467
-0.4009 0.004572
-0.4053 0.003822
-0.4095 0.003193
-0.4134 0.002665
-0.4169 0.002222
-0.4196 0.001850
-0.4216 0.001536
-0.4226 0.001273
-0.4225 0.001053
-0.4213 0.000868
-0.4188 0.000713
-0.4149 0.000584
-0.4091 0.000476
-0.4007 0.000386
-0.3895 0.000310
-0.3757 0.000247
-0.3597 0.000196
-0.3418 0.000154
-0.3226 0.000120
-0.3023 0.000093
-0.2811 0.000072
-0.2500 0.062641
-0.2158 0.054059
-0.1809 0.045331
-0.1428 0.035829
-0.0970 0.024385
-0.0339 0.008664
0.0580 -0.028502
0.1591 -0.079123
0.2280 -0.170613
0.2616 -0.196057
0.2736 -0.205196
0.2723 -0.204298
0.2635 -0.197701
0.2507 -0.188157
0.2363 -0.177308
0.2193 -0.219539
0.1972 -0.197374
0.1792 -0.179342
0.1638 -0.163934
0.1501 -0.150257
0.1376 -0.137763
0.1260 -0.126102
0.1149 -0.115035
0.1043 -0.104385
0.0939 -0.094007
0.0837 -0.083767
0.0734 -0.073528
0.0630 -0.063146
0.0524 -0.052035
0.0415 -0.039513
0.0302 -0.027703
0.0179 -0.015995
0.0043 -0.003824
-0.0113 0.009303
-0.0298 0.020740
-0.0528 0.030473
-0.0818 0.039068
-0.1169 0.046202
-0.1560 0.050994
-0.1951 0.052769
-0.2309 0.051671
-0.2619 0.048473
-0.2879 0.044068
-0.3095 0.039176
-0.3275 0.034277
-0.3426 0.029657
-0.3557 0.025457
-0.3672 0.021729
-0.3776 0.018474
-0.3871 0.015661
-0.3959 0.013245
-0.4042 0.011180
-0.4119 0.009420
-0.4190 0.007923
-0.4255 0.006653
-0.4314 0.005577
-0.4366 0.004667
-0.4409 0.003897
-0.4437 0.003242
-0.4442 0.002684
-0.4420 0.002208
-0.4369 0.001805
-0.4294 0.001466
-0.4196 0.001185
-0.4081 0.000953
-0.3954 0.000763
-0.3820 0.000610
-0.3681 0.000486
-0.3540 0.000386
-0.3401 0.000307
-0.3264 0.000244
-0.3132 0.000193
-0.3005 0.000153
-0.2885 0.000122
-0.2769 0.000097
-0.2657 0.000077
-0.2543 0.000061
-0.2424 0.000048
-0.2296 0.000037
-0.2155 0.000029
-0.1997 0.000022
-0.1811 0.045373
-0.1507 0.037761
-0.1141 0.028635
-0.0655 0.016513
0.0062 -0.001333
0.1003 -0.074544
0.1820 -0.136002
0.2330 -0.174475
0.2575 -0.193001
0.2642 -0.198169
0.2603 -0.195285
0.2504 -0.187915
0.2376 -0.178285
0.2235 -0.167709
0.2091 -0.156924
0.1949 -0.146316
0.1787 -0.178940
0.1597 -0.159913
0.1440 -0.144097
0.1302 -0.130285
0.1176 -0.117753
0.1059 -0.106047
0.0948 -0.094869
0.0839 -0.084001
0.0732 -0.073261
0.0624 -0.062471
0.0513 -0.051451
0.0399 -0.040008
0.0278 -0.027914
0.0148 -0.014469
0.0006 -0.000668
-0.0156 0.012730
-0.0346 0.026519
-0.0575 0.039890
-0.0852 0.052553
-0.1175 0.060784
-0.1529 0.065463
-0.1885 0.066751
-0.2214 0.064864
-0.2503 0.060643
-0.2748 0.055065
-0.2954 0.048940
-0.3126 0.042825
-0.3271 0.037055
-0.3395 0.031806
-0.3505 0.027147
-0.3604 0.023080
-0.3696 0.019573
-0.3785 0.016571
-0.3871 0.014014
-0.3956 0.011840
-0.4038 0.009992
-0.4116 0.008422
-0.4189 0.007086
-0.4251 0.005946
-0.4295 0.004968
-0.4315 0.004126
-0.4306 0.003405
-0.4270 0.002792
-0.4208 0.002275
-0.4125 0.001844
-0.4026 0.001488
-0.3915 0.001197
-0.3796 0.000959
-0.3674 0.000768
-0.3551 0.000614
-0.3431 0.000490
-0.3315 0.000392
-0.3206 0.000313
-0.3104 0.000251
-0.3006 0.000201
-0.2912 0.000161
-0.2816 0.000129
-0.2715 0.000102
-0.2607 0.000081
-0.2488 0.000064
-0.2358 0.000050
-0.2215 0.000039
-0.2057 0.000030
-0.1878 0.000023
-0.1666 0.041739
-0.1329 0.033334
-0.0907 0.022810
-0.0299 0.015327
0.0564 -0.041571
0.1470 -0.109675
0.2119 -0.158593
0.2472 -0.185207
0.2609 -0.195608
0.2611 -0.195833
0.2535 -0.190183
0.2418 -0.181417
0.2281 -0.171201
0.2138 -0.160495
0.1996 -0.149816
0.1858 -0.139419
0.1686 -0.168785
0.1507 -0.150816
0.1355 -0.135628
0.1220 -0.122173
0.1097 -0.109814
0.0980 -0.098143
0.0868 -0.086886
0.0757 -0.075832
0.0647 -0.064793
0.0535 -0.053570
0.0418 -0.041941
0.0295 -0.029654
0.0163 -0.016195
0.0018 -0.001737
-0.0148 0.012141
-0.0344 0.025630
-0.0584 0.038577
-0.0876 0.051679
-0.1213 0.064115
-0.1576 0.068912
-0.1937 0.070050
-0.2268 0.067856
-0.2557 0.063273
-0.2802 0.057342
-0.3008 0.050895
-0.3180 0.044496
-0.3326 0.038479
-0.3451 0.033014
-0.3561 0.028166
-0.3660 0.023935
-0.3751 0.020284
-0.3837 0.017157
-0.3921 0.014494
-0.4002 0.012234
-0.4083 0.010319
-0.4162 0.008696
-0.4235 0.007318
-0.4296 0.006137
-0.4334 0.005120
-0.4345 0.004244
-0.4326 0.003494
-0.4280 0.002858
-0.4211 0.002325
-0.4123 0.001883
-0.4022 0.001518
-0.3913 0.001221
-0.3799 0.000981
-0.3687 0.000787
-0.3578 0.000631
-0.3475 0.000507
-0.3380 0.000408
-0.3294 0.000328
-0.3216 0.000265
-0.3143 0.000214
-0.3074 0.000173
-0.3005 0.000140
-0.2931 0.000113
-0.2849 0.000091
-0.2755 0.000073
-0.2647 0.000058
-0.2526 0.000045
-0.2390 0.000036
-0.2238 0.000028
-0.2065 0.000021
-0.1811 0.045365
-0.1480 0.037109
-0.1083 0.027187
-0.0500 0.025333
0.0320 -0.023304
0.1269 -0.094518
0.2010 -0.150343
0.2437 -0.182583
0.2622 -0.196555
0.2650 -0.198780
0.2587 -0.194108
0.2475 -0.185708
0.2339 -0.175517
0.2194 -0.164661
0.2049 -0.153755
0.1907 -0.143109
0.1756 -0.175847
0.1563 -0.156487
0.1403 -0.140416
0.1262 -0.126377
0.1135 -0.113615
0.1015 -0.101654
0.0901 -0.090180
0.0788 -0.078961
0.0677 -0.067797
0.0564 -0.056493
0.0447 -0.044839
0.0325 -0.032599
0.0194 -0.018923
0.0052 -0.004860
-0.0109 0.008924
-0.0298 0.021746
-0.0531 0.034338
-0.0815 0.047167
-0.1148 0.059924
-0.1509 0.067230
-0.1872 0.069013
-0.2210 0.067390
-0.2507 0.063225
-0.2759 0.057557
-0.2971 0.051252
-0.3148 0.044909
-0.3298 0.038893
-0.3424 0.033396
-0.3534 0.028499
-0.3631 0.024211
-0.3719 0.020502
-0.3800 0.017322
-0.3877 0.014612
-0.3952 0.012314
-0.4024 0.010368
-0.4091 0.008714
-0.4145 0.007301
-0.4182 0.006090
-0.4196 0.005053
-0.4188 0.004170
-0.4158 0.003423
-0.4109 0.002797
-0.4043 0.002276
-0.3966 0.001846
-0.3882 0.001494
-0.3794 0.001207
-0.3708 0.000976
-0.3628 0.000789
-0.3556 0.000640
-0.3493 0.000519
-0.3439 0.000423
-0.3391 0.000345
-0.3349 0.000281
-0.3307 0.000230
-0.3262 0.000187
-0.3208 0.000152
-0.3145 0.000124
-0.3070 0.000100
-0.2983 0.000080
-0.2885 0.000064
-0.2776 0.000051
-0.2655 0.000040
-0.2522 0.000032
-0.2377 0.000025
-0.2168 0.054288
-0.1885 0.047204
-0.1575 0.039462
-0.1210 0.030348
-0.0734 0.018481
-0.0020 0.001448
0.0930 -0.069047
0.1778 -0.132808
0.2317 -0.173450
0.2579 -0.193338
0.2656 -0.199206
0.2620 -0.196588
0.2522 -0.189233
0.2392 -0.179485
0.2248 -0.168731
0.2102 -0.157748
0.1958 -0.146942
0.1792 -0.179429
0.1600 -0.160170
0.1440 -0.144127
0.1300 -0.130087
0.1172 -0.117319
0.1052 -0.105363
0.0938 -0.093915
0.0826 -0.082748
0.0716 -0.071672
0.0604 -0.060500
0.0489 -0.049023
0.0370 -0.035980
0.0244 -0.022846
0.0106 -0.009705
-0.0049 0.004022
-0.0230 0.017786
-0.0449 0.030740
-0.0718 0.043766
-0.1037 0.056817
-0.1393 0.064817
-0.1761 0.067791
-0.2110 0.067179
-0.2419 0.063704
-0.2682 0.058413
-0.2901 0.052253
-0.3082 0.045907
-0.3231 0.039805
-0.3356 0.034184
-0.3461 0.029150
-0.3551 0.024727
-0.3628 0.020892
-0.3696 0.017595
-0.3754 0.014779
-0.3805 0.012385
-0.3849 0.010357
-0.3886 0.008647
-0.3918 0.007208
-0.3946 0.006003
-0.3972 0.004995
-0.3995 0.004154
-0.4016 0.003453
-0.4036 0.002869
-0.4055 0.002383
-0.4072 0.001979
-0.4089 0.001643
-0.4104 0.001363
-0.4117 0.001131
-0.4128 0.000937
-0.4136 0.000777
-0.4142 0.000643
-0.4142 0.000532
-0.4135 0.000439
-0.4117 0.000361
-0.4084 0.000296
-0.4031 0.000242
-0.3957 0.000196
-0.3860 0.000158
-0.3742 0.000127
-0.3606 0.000101
-0.3357 0.084069
-0.3052 0.076424
-0.2761 0.069147
-0.2479 0.062065
-0.2194 0.054943
-0.1895 0.047471
-0.1565 0.039213
-0.1171 0.029401
-0.0612 0.030927
0.0189 -0.008987
0.1200 -0.059510
0.2064 -0.102838
0.2529 -0.189427
0.2706 -0.202921
0.2727 -0.204563
0.2656 -0.199295
0.2536 -0.190335
0.2394 -0.179642
0.2243 -0.168344
0.2093 -0.157054
0.1946 -0.146073
0.1806 -0.135525
0.1671 -0.125434
0.1542 -0.115770
0.1418 -0.106478
0.1293 -0.129472
0.1126 -0.112731
0.0979 -0.096378
0.0849 -0.080187
0.0729 -0.066424
0.0613 -0.054128
0.0495 -0.042639
0.0373 -0.031443
0.0243 -0.019236
0.0101 -0.007569
-0.0061 0.004114
-0.0252 0.016566
-0.0483 0.030459
-0.0759 0.046159
-0.1073 0.063258
-0.1409 0.074795
-0.1740 0.083902
-0.2037 0.090086
-0.2288 0.093569
-0.2489 0.094956
-0.2645 0.093905
-0.2776 0.081498
-0.2894 0.070239
-0.2998 0.060167
-0.3089 0.051267
-0.3169 0.043485
-0.3238 0.036741
-0.3298 0.030940
-0.3350 0.025983
-0.3394 0.021769
-0.3433 0.018202
-0.3466 0.015196
-0.3495 0.012669
-0.3520 0.010551
-0.3542 0.008779
-0.3562 0.007298
-0.3579 0.006063
-0.3593 0.005033
-0.3604 0.004174
-0.3609 0.003456
-0.3608 0.002857
-0.3598 0.002356
-0.3578 0.001937
-0.3545 0.001587
-0.3499 0.001295
-0.3441 0.001053
-0.3371 0.000853
-0.3276 0.082626
-0.3040 0.076579
-0.2821 0.070979
-0.2613 0.065674
-0.2409 0.060501
-0.2202 0.055274
-0.1984 0.049799
-0.1748 0.043858
-0.1480 0.037142
-0.1159 0.029102
-0.0690 0.034814
-0.0040 0.002406
0.0824 -0.040770
0.1669 -0.083097
0.2247 -0.168280
0.2463 -0.184671
0.2518 -0.188838
0.2475 -0.185669
0.2378 -0.178430
0.2254 -0.169145
0.2118 -0.158996
0.1980 -0.148635
0.1844 -0.138398
0.1711 -0.128436
0.1583 -0.118795
0.1458 -0.109461
0.1337 -0.099577
0.1225 -0.086048
0.1120 -0.074765
0.1018 -0.065000
0.0915 -0.056268
0.0810 -0.048211
0.0668 -0.055441
0.0523 -0.042751
0.0374 -0.029837
0.0215 -0.016107
0.0038 -0.002821
-0.0167 0.010964
-0.0412 0.026087
-0.0705 0.043084
-0.1042 0.061679
-0.1398 0.076301
-0.1746 0.086373
-0.2055 0.092976
-0.2310 0.096445
-0.2510 0.097540
-0.2661 0.097042
-0.2772 0.095579
-0.2850 0.093598
-0.2903 0.091398
-0.2937 0.089168
-0.2959 0.081414
-0.2990 0.068019
-0.3030 0.056990
-0.3076 0.047827
-0.3124 0.040169
-0.3174 0.033742
-0.3224 0.028335
-0.3272 0.023780
-0.3319 0.019941
-0.3362 0.016705
-0.3403 0.013977
-0.3438 0.011678
-0.3468 0.009739
-0.3489 0.008102
-0.3500 0.006720
-0.3499 0.005555
-0.3485 0.004574
-0.3457 0.003751
-0.3415 0.003064
-0.3359 0.002493
-0.3293 0.002020
-0.3217 0.001632
-0.3134 0.001314
-0.2913 0.073880
-0.2696 0.068228
-0.2491 0.062916
-0.2291 0.057772
-0.2089 0.052610
-0.1877 0.047223
-0.1645 0.041365
-0.1379 0.034684
-0.1042 0.052386
-0.0556 0.028107
0.0118 -0.005528
0.0977 -0.048428
0.1758 -0.087634
0.2272 -0.113496
0.2472 -0.185363
0.2485 -0.186456
0.2420 -0.181592
0.2312 -0.173513
0.2183 -0.163883
0.2047 -0.153664
0.1910 -0.143372
0.1775 -0.133262
0.1644 -0.123439
0.1518 -0.113923
0.1395 -0.104685
0.1274 -0.094838
0.1162 -0.081588
0.1056 -0.070468
0.0952 -0.060764
0.0846 -0.051993
0.0736 -0.043790
0.0619 -0.035849
0.0493 -0.027509
0.0351 -0.026583
0.0180 -0.012900
-0.0014 0.000786
-0.0242 0.015438
-0.0519 0.031889
-0.0847 0.050438
-0.1212 0.070209
-0.1581 0.083661
-0.1921 0.092442
-0.2210 0.097531
-0.2441 0.099641
-0.2617 0.099677
-0.2747 0.098420
-0.2841 0.096442
-0.2905 0.094129
-0.2947 0.091723
-0.2973 0.089369
-0.2986 0.087150
-0.2990 0.085108
-0.2988 0.083261
-0.2986 0.074307
-0.3002 0.061752
-0.3031 0.051554
-0.3069 0.043166
-0.3114 0.036204
-0.3161 0.030386
-0.3209 0.025504
-0.3256 0.021395
-0.3300 0.017933
-0.3342 0.015014
-0.3379 0.012553
-0.3412 0.010481
-0.3439 0.008735
-0.3459 0.007263
-0.3469 0.006024
-0.3469 0.004980
-0.3458 0.004104
-0.3435 0.003371
-0.3399 0.002759
-0.3352 0.002249
-0.3294 0.001827
-0.3225 0.001479
-0.3046 0.077369
-0.2829 0.071673
-0.2623 0.066295
-0.2420 0.061075
-0.2216 0.055841
-0.2003 0.050410
-0.1772 0.044576
-0.1513 0.038052
-0.1203 0.060436
-0.0749 0.037767
-0.0133 0.007016
0.0702 -0.034675
0.1559 -0.077652
0.2174 -0.108557
0.2448 -0.183521
0.2510 -0.188309
0.2472 -0.185464
0.2377 -0.178358
0.2253 -0.169091
0.2117 -0.158900
0.1978 -0.148469
0.1840 -0.138150
0.1707 -0.128101
0.1577 -0.118371
0.1451 -0.108950
0.1329 -0.099791
0.1214 -0.086271
0.1107 -0.074644
0.1004 -0.064649
0.0901 -0.055776
0.0796 -0.047655
0.0669 -0.055713
0.0525 -0.043006
0.0378 -0.029121
0.0223 -0.016203
0.0050 -0.003550
-0.0152 0.009746
-0.0395 0.024523
-0.0689 0.041357
-0.1029 0.060040
-0.1397 0.073543
-0.1758 0.084195
-0.2081 0.091450
-0.2350 0.095570
-0.2563 0.097287
-0.2726 0.097368
-0.2847 0.096428
-0.2935 0.094903
-0.2996 0.093079
-0.3036 0.091138
-0.3063 0.082858
-0.3096 0.069257
-0.3136 0.057999
-0.3179 0.048604
-0.3222 0.040728
-0.3263 0.034107
-0.3301 0.028533
-0.3336 0.023840
-0.3366 0.019890
-0.3392 0.016569
-0.3411 0.013779
-0.3426 0.011441
-0.3435 0.009486
-0.3440 0.007854
-0.3441 0.006496
-0.3438 0.005367
-0.3433 0.004430
-0.3425 0.003654
-0.3414 0.003012
-0.3399 0.002480
-0.3380 0.002038
-0.3355 0.001673
-0.3322 0.001370
-0.3282 0.001119
-0.3233 0.000911
-0.3175 0.000740
-0.3109 0.000599
-0.2999 0.075509
-0.2785 0.070042
-0.2583 0.064908
-0.2388 0.059950
-0.2191 0.054990
-0.1986 0.049826
-0.1763 0.044233
-0.1511 0.037918
-0.1211 0.030396
-0.0824 0.020737
-0.0247 0.012709
0.0555 -0.027293
0.1431 -0.071167
0.2093 -0.104439
0.2427 -0.181901
0.2511 -0.188305
0.2485 -0.186420
0.2397 -0.179847
0.2277 -0.170847
0.2142 -0.160762
0.2003 -0.150344
0.1865 -0.139987
0.1730 -0.129875
0.1600 -0.120074
0.1473 -0.110580
0.1350 -0.101354
0.1232 -0.089391
0.1122 -0.077046
0.1016 -0.066523
0.0911 -0.057217
0.0804 -0.048702
0.0691 -0.040644
0.0571 -0.032748
0.0433 -0.035201
0.0268 -0.020882
0.0087 -0.006481
-0.0120 0.008109
-0.0367 0.023859
-0.0663 0.041434
-0.1005 0.060441
-0.1374 0.074326
-0.1737 0.085247
-0.2060 0.092551
-0.2327 0.096541
-0.2537 0.098012
-0.2695 0.097790
-0.2812 0.096536
-0.2895 0.094716
-0.2952 0.092633
-0.2988 0.090475
-0.3009 0.088351
-0.3017 0.086321
-0.3017 0.082580
-0.3025 0.068456
-0.3046 0.056997
-0.3076 0.047584
-0.3110 0.039785
-0.3147 0.033286
-0.3185 0.027851
-0.3222 0.023296
-0.3258 0.019472
-0.3290 0.016262
-0.3320 0.013567
-0.3346 0.011304
-0.3367 0.009406
-0.3384 0.007816
-0.3396 0.006486
-0.3403 0.005374
-0.3404 0.004444
-0.3398 0.003668
-0.3384 0.003021
-0.3361 0.002481
-0.3329 0.002031
-0.3286 0.001658
-0.3234 0.001349
-0.3174 0.001095
-0.3100 0.078445
-0.2885 0.072860
-0.2685 0.067703
-0.2495 0.062828
-0.2308 0.058064
-0.2118 0.053223
-0.1915 0.048113
-0.1693 0.042519
-0.1439 0.036141
-0.1132 0.028449
-0.0730 0.018405
-0.0147 0.007706
0.0666 -0.032859
0.1512 -0.075244
0.2094 -0.156783
0.2358 -0.176772
0.2445 -0.183410
0.2424 -0.181843
0.2340 -0.175625
0.2225 -0.166982
0.2095 -0.157226
0.1960 -0.147095
0.1825 -0.136976
0.1693 -0.127054
0.1564 -0.117398
0.1439 -0.108009
0.1320 -0.094405
0.1212 -0.082123
0.1059 -0.095059
0.0920 -0.080280
0.0789 -0.067225
0.0661 -0.055130
0.0529 -0.043432
0.0391 -0.031661
0.0241 -0.019355
0.0074 -0.005948
-0.0118 0.008498
-0.0346 0.023838
-0.0622 0.040817
-0.0945 0.058784
-0.1303 0.072698
-0.1665 0.084061
-0.1995 0.091986
-0.2274 0.096547
-0.2496 0.098431
-0.2665 0.098457
-0.2790 0.097320
-0.2890 0.084487
-0.2980 0.072053
-0.3062 0.061215
-0.3136 0.051827
-0.3201 0.043744
-0.3259 0.036822
-0.3310 0.030924
-0.3355 0.025918
-0.3395 0.021686
-0.3431 0.018118
-0.3462 0.015116
-0.3489 0.012596
-0.3512 0.010484
-0.3532 0.008717
-0.3548 0.007239
-0.3559 0.006005
-0.3567 0.004977
-0.3572 0.004120
-0.3574 0.003408
-0.3572 0.002816
-0.3567 0.002325
-0.3557 0.001917
-0.3541 0.001578
-0.3518 0.001297
-0.3486 0.001062
-0.3445 0.000868
-0.3393 0.000707
-0.3334 0.000574
-0.3267 0.000465
-0.3114 0.078270
-0.2901 0.072851
-0.2703 0.067844
-0.2516 0.063103
-0.2331 0.058443
-0.2141 0.053665
-0.1938 0.048575
-0.1714 0.042971
-0.1458 0.036558
-0.1148 0.028804
-0.0741 0.018653
-0.0156 0.004084
0.0671 -0.033123
0.1533 -0.076263
0.2143 -0.160450
0.2403 -0.180107
0.2484 -0.186320
