0.4159 0.3057
0.4058 0.2942
0.4084 0.3529
0.4770 0.8930
0.6361 3.9551
0.7866 10.9914
0.8760 22.7213
0.9169 35.2784
0.9315 44.1602
0.9348 47.0322
0.9341 45.2344
0.9325 41.1491
0.9308 36.5822
0.9291 32.2695
0.9274 28.3854
0.9255 24.9390
0.9234 21.8970
0.9210 19.2181
0.9182 16.8618
0.9151 14.7911
0.9116 12.9725
0.9076 11.3764
0.9031 9.9763
0.8980 8.7488
0.8922 7.6730
0.8857 6.7306
0.8785 5.9052
0.8704 5.1827
0.8613 4.5503
0.8512 3.9970
0.8401 3.5129
0.8278 3.0895
0.8143 2.7193
0.7995 2.3956
0.7836 2.1126
0.7664 1.8653
0.7480 1.6492
0.7285 1.4603
0.7080 1.2953
0.6867 1.1511
0.6647 1.0252
0.6423 0.9152
0.6196 0.8191
0.5970 0.7352
0.5747 0.6620
0.5530 0.5980
0.5320 0.5422
0.5119 0.4935
0.4929 0.4509
0.4751 0.4138
0.4586 0.3814
0.4434 0.3531
0.4295 0.3285
0.4169 0.3070
0.4059 0.2905
0.4013 0.3102
0.4466 0.6740
0.6016 3.3501
0.7669 10.6089
0.8685 23.4972
0.9156 37.7975
0.9324 48.0067
0.9361 51.4868
0.9354 49.5791
0.9336 45.0266
0.9318 39.9347
0.9302 35.1421
0.9285 30.8408
0.9267 27.0366
0.9247 23.6889
0.9225 20.7491
0.9199 18.1702
0.9170 15.9094
0.9136 13.9286
0.9098 12.1941
0.9055 10.6758
0.9007 9.3472
0.8952 8.1851
0.8890 7.1689
0.8821 6.2806
0.8743 5.5041
0.8656 4.8255
0.8559 4.2327
0.8451 3.7148
0.8333 3.2625
0.8202 2.8675
0.8058 2.5226
0.7903 2.2215
0.7734 1.9586
0.7554 1.7291
0.7362 1.5288
0.7159 1.3540
0.6947 1.2014
0.6728 1.0683
0.6504 0.9522
0.6276 0.8508
0.6048 0.7624
0.5822 0.6853
0.5601 0.6180
0.5387 0.5593
0.5182 0.5082
0.4988 0.4635
0.4805 0.4246
0.4635 0.3907
0.4478 0.3611
0.4335 0.3352
0.4204 0.3128
0.4087 0.2935
0.3994 0.2852
0.4108 0.4121
0.5262 1.8378
0.7109 7.9255
0.8406 20.5014
0.9056 36.4683
0.9304 49.3914
0.9369 55.2083
0.9368 54.3913
0.9350 49.8339
0.9331 44.2649
0.9314 38.9184
0.9298 34.1031
0.9281 29.8467
0.9262 26.1074
0.9242 22.8301
0.9218 19.9607
0.9191 17.4501
0.9160 15.2545
0.9125 13.3352
0.9085 11.6579
0.9040 10.1927
0.8989 8.9130
0.8931 7.7956
0.8866 6.8201
0.8793 5.9687
0.8711 5.2256
0.8619 4.5773
0.8517 4.0116
0.8404 3.5181
0.8279 3.0877
0.8142 2.7123
0.7993 2.3848
0.7830 2.0993
0.7655 1.8503
0.7468 1.6332
0.7270 1.4440
0.7061 1.2790
0.6844 1.1351
0.6621 1.0097
0.6393 0.9004
0.6164 0.8051
0.5935 0.7221
0.5710 0.6497
0.5491 0.5867
0.5280 0.5317
0.5079 0.4838
0.4890 0.4421
0.4713 0.4057
0.4549 0.3740
0.4398 0.3464
0.4261 0.3224
0.4137 0.3015
0.4027 0.2844
0.3968 0.2965
0.4424 0.7106
0.6164 4.3609
0.7842 14.4211
0.8811 30.7552
0.9228 46.8072
0.9360 56.4999
0.9379 58.4625
0.9365 54.8698
0.9344 49.1189
0.9326 43.2487
0.9310 37.8824
0.9294 33.1232
0.9277 28.9419
0.9258 25.2804
0.9236 22.0784
0.9211 19.2801
0.9183 16.8358
0.9151 14.7016
0.9114 12.8386
0.9073 11.2129
0.9026 9.7945
0.8972 8.5573
0.8912 7.4783
0.8844 6.5374
0.8768 5.7171
0.8682 5.0020
0.8587 4.3786
0.8481 3.8353
0.8363 3.3617
0.8233 2.9491
0.8091 2.5895
0.7936 2.2762
0.7768 2.0032
0.7587 1.7653
0.7395 1.5581
0.7191 1.3776
0.6978 1.2204
0.6757 1.0834
0.6531 0.9641
0.6301 0.8602
0.6071 0.7697
0.5842 0.6908
0.5618 0.6222
0.5401 0.5624
0.5193 0.5103
0.4996 0.4650
0.4811 0.4255
0.4639 0.3911
0.4480 0.3612
0.4335 0.3352
0.4204 0.3125
0.4085 0.2929
0.3984 0.2795
0.4008 0.3490
0.5005 1.5562
0.6938 7.8888
0.8343 22.0863
0.9048 40.0088
0.9314 54.0235
0.9382 60.3387
0.9379 59.2414
0.9359 54.0301
0.9339 47.8273
0.9321 41.9376
0.9306 36.6625
0.9290 32.0167
0.9272 27.9475
0.9253 24.3905
0.9230 21.2840
0.9204 18.5724
0.9175 16.2062
0.9141 14.1422
0.9103 12.3423
0.9060 10.7729
0.9011 9.4048
0.8955 8.2124
0.8892 7.1733
0.8822 6.2679
0.8742 5.4790
0.8653 4.7918
0.8554 4.1931
0.8444 3.6717
0.8322 3.2175
0.8187 2.8220
0.8040 2.4775
0.7880 2.1775
0.7707 1.9163
0.7522 1.6889
0.7324 1.4908
0.7117 1.3184
0.6900 1.1683
0.6676 1.0376
0.6447 0.9238
0.6215 0.8248
0.5985 0.7386
0.5757 0.6635
0.5534 0.5982
0.5320 0.5413
0.5115 0.4918
0.4922 0.4488
0.4741 0.4113
0.4574 0.3786
0.4421 0.3502
0.4280 0.3255
0.4154 0.3040
0.4040 0.2858
0.3956 0.2821
0.4193 0.5146
0.5770 3.3789
0.7593 13.1074
0.8704 30.3212
0.9197 47.7246
0.9360 58.9118
0.9387 61.8832
0.9373 58.4535
0.9352 52.3841
0.9333 46.0888
0.9317 40.3209
0.9301 35.2093
0.9285 30.7247
0.9267 26.8035
0.9246 23.3796
0.9222 20.3919
0.9195 17.7857
0.9165 15.5132
0.9130 13.5321
0.9090 11.8054
0.9044 10.3007
0.8993 8.9898
0.8935 7.8477
0.8870 6.8530
0.8796 5.9866
0.8713 5.2321
0.8620 4.5751
0.8517 4.0030
0.8402 3.5048
0.8276 3.0712
0.8137 2.6936
0.7985 2.3650
0.7819 2.0789
0.7641 1.8299
0.7451 1.6131
0.7249 1.4244
0.7038 1.2602
0.6817 1.1173
0.6591 0.9930
0.6360 0.8847
0.6128 0.7906
0.5897 0.7086
0.5671 0.6373
0.5451 0.5752
0.5239 0.5212
0.5038 0.4742
0.4850 0.4333
0.4674 0.3978
0.4512 0.3668
0.4363 0.3399
0.4228 0.3165
0.4106 0.2962
0.3999 0.2805
0.3965 0.3094
0.4666 1.0555
0.6591 6.4058
0.8149 20.0767
0.8970 38.6974
0.9294 54.0539
0.9382 61.8522
0.9385 61.6550
0.9365 56.5837
0.9344 50.1573
0.9327 43.9715
0.9311 38.4160
0.9295 33.5230
0.9278 29.2399
0.9259 25.4990
0.9238 22.2348
0.9213 19.3879
0.9185 16.9057
0.9152 14.7422
0.9115 12.8569
0.9073 11.2143
0.9026 9.7834
0.8972 8.5371
0.8911 7.4517
0.8842 6.5066
0.8765 5.6837
0.8679 4.9672
0.8582 4.3435
0.8474 3.8006
0.8355 3.3279
0.8223 2.9166
0.8078 2.5585
0.7921 2.2469
0.7750 1.9757
0.7567 1.7397
0.7372 1.5344
0.7166 1.3557
0.6950 1.2002
0.6726 1.0649
0.6497 0.9472
0.6266 0.8447
0.6034 0.7556
0.5804 0.6781
0.5579 0.6106
0.5362 0.5520
0.5155 0.5009
0.4959 0.4565
0.4775 0.4179
0.4604 0.3843
0.4448 0.3550
0.4305 0.3296
0.4175 0.3075
0.4059 0.2887
0.3966 0.2804
0.4102 0.4315
0.5492 2.6565
0.7385 11.5261
0.8601 28.6061
0.9161 46.6830
0.9352 58.9475
0.9389 62.9424
0.9377 60.0018
0.9356 53.9477
0.9336 47.4956
0.9320 41.5460
0.9304 36.2661
0.9288 31.6336
0.9271 27.5845
0.9251 24.0505
0.9228 20.9681
0.9201 18.2808
0.9171 15.9384
0.9137 13.8973
0.9098 12.1191
0.9054 10.5702
0.9003 9.2212
0.8946 8.0464
0.8882 7.0236
0.8810 6.1330
0.8729 5.3578
0.8637 4.6829
0.8536 4.0955
0.8423 3.5843
0.8298 3.1393
0.8161 2.7521
0.8010 2.4151
0.7847 2.1218
0.7671 1.8667
0.7482 1.6447
0.7281 1.4515
0.7070 1.2834
0.6851 1.1372
0.6624 1.0100
0.6394 0.8993
0.6161 0.8030
0.5929 0.7192
0.5702 0.6464
0.5480 0.5830
0.5267 0.5279
0.5064 0.4799
0.4873 0.4382
0.4695 0.4019
0.4531 0.3704
0.4380 0.3429
0.4243 0.3191
0.4120 0.2984
0.4012 0.2824
0.3970 0.3061
0.4596 0.9465
0.6491 5.9432
0.8086 19.3014
0.8942 38.0356
0.9285 53.7430
0.9381 62.0075
0.9386 62.1705
0.9367 57.2161
0.9346 50.7597
0.9328 44.5040
0.9312 38.8765
0.9297 33.9184
0.9280 29.5787
0.9261 25.7891
0.9240 22.4831
0.9215 19.6004
0.9187 17.0876
0.9155 14.8979
0.9118 12.9900
0.9077 11.3282
0.9030 9.8808
0.8976 8.6204
0.8916 7.5229
0.8847 6.5675
0.8771 5.7357
0.8685 5.0116
0.8589 4.3814
0.8481 3.8329
0.8363 3.3555
0.8231 2.9401
0.8088 2.5786
0.7931 2.2640
0.7761 1.9903
0.7578 1.7521
0.7383 1.5449
0.7177 1.3646
0.6962 1.2078
0.6738 1.0713
0.6509 0.9526
0.6277 0.8494
0.6045 0.7595
0.5815 0.6814
0.5589 0.6134
0.5372 0.5543
0.5164 0.5029
0.4967 0.4582
0.4782 0.4193
0.4611 0.3855
0.4453 0.3561
0.4310 0.3305
0.4179 0.3083
0.4063 0.2896
0.3975 0.2841
0.4152 0.4630
0.5597 2.8680
0.7459 12.0537
0.8637 29.3346
0.9173 47.2288
0.9355 59.1466
0.9389 62.8205
0.9376 59.7120
0.9355 53.6280
0.9336 47.1987
0.9319 41.2815
0.9304 36.0329
0.9288 31.4286
0.9270 27.4045
0.9250 23.8926
0.9226 20.8297
0.9200 18.1594
0.9170 15.8320
0.9135 13.8041
0.9096 12.0374
0.9051 10.4986
0.9001 9.1585
0.8943 7.9915
0.8879 6.9755
0.8806 6.0909
0.8724 5.3209
0.8633 4.6506
0.8530 4.0672
0.8417 3.5594
0.8291 3.1176
0.8153 2.7330
0.8002 2.3984
0.7838 2.1072
0.7661 1.8539
0.7471 1.6334
0.7270 1.4416
0.7059 1.2748
0.6838 1.1296
0.6612 1.0033
0.6381 0.8935
0.6148 0.7979
0.5916 0.7148
0.5689 0.6425
0.5467 0.5796
0.5255 0.5249
0.5053 0.4773
0.4862 0.4359
0.4685 0.3999
0.4522 0.3686
0.4372 0.3414
0.4236 0.3178
0.4113 0.2974
0.4009 0.2838
0.4014 0.3366
0.4867 1.2979
0.6789 7.2402
0.8260 21.6774
0.9017 40.3173
0.9308 55.0161
0.9384 62.0231
0.9383 61.2602
0.9363 55.9814
0.9342 49.5539
0.9325 43.4224
0.9309 37.9280
0.9294 33.0920
0.9277 28.8602
0.9257 25.1650
0.9235 21.9411
0.9210 19.1297
0.9182 16.6790
0.9149 14.5431
0.9111 12.6821
0.9069 11.0609
0.9021 9.6488
0.8966 8.4190
0.8904 7.3481
0.8835 6.4157
0.8757 5.6039
0.8669 4.8973
0.8571 4.2821
0.8462 3.7467
0.8341 3.2807
0.8208 2.8751
0.8062 2.5222
0.7903 2.2150
0.7731 1.9477
0.7546 1.7152
0.7349 1.5128
0.7142 1.3368
0.6925 1.1836
0.6700 1.0503
0.6471 0.9344
0.6238 0.8335
0.6006 0.7458
0.5777 0.6695
0.5553 0.6031
0.5337 0.5453
0.5130 0.4951
0.4935 0.4514
0.4753 0.4134
0.4584 0.3804
0.4429 0.3516
0.4287 0.3266
0.4160 0.3050
0.4047 0.2881
0.3990 0.3008
0.4419 0.6908
0.6148 4.4141
0.7846 15.6766
0.8824 33.7020
0.9240 50.3182
0.9369 60.1448
0.9386 61.8622
0.9369 57.7584
0.9349 51.5299
0.9330 45.2698
0.9314 39.5792
0.9299 34.5479
0.9282 30.1379
0.9264 26.2842
0.9243 22.9205
0.9219 19.9864
0.9191 17.4279
0.9160 15.1977
0.9124 13.2540
0.9083 11.5604
0.9037 10.0849
0.8985 8.7998
0.8925 7.6805
0.8858 6.7058
0.8783 5.8570
0.8699 5.1181
0.8604 4.4748
0.8499 3.9147
0.8382 3.4272
0.8253 3.0029
0.8112 2.6336
0.7957 2.3122
0.7789 2.0324
0.7609 1.7890
0.7416 1.5772
0.7212 1.3929
0.6998 1.2325
0.6776 1.0929
0.6548 0.9715
0.6316 0.8659
0.6084 0.7740
0.5854 0.6940
0.5628 0.6245
0.5409 0.5640
0.5199 0.5113
0.5000 0.4656
0.4813 0.4257
0.4640 0.3911
0.4480 0.3610
0.4334 0.3348
0.4202 0.3121
0.4084 0.2934
0.4002 0.2913
0.4199 0.4748
0.5591 2.6954
0.7427 11.2844
0.8610 27.8665
0.9157 45.6071
0.9347 57.6536
0.9385 61.6862
0.9375 58.9685
0.9354 53.1214
0.9335 46.8187
0.9318 40.9814
0.9303 35.7911
0.9287 31.2324
0.9269 27.2451
0.9249 23.7632
0.9225 20.7249
0.9199 18.0747
0.9168 15.7639
0.9134 13.7495
0.9095 11.9939
0.9050 10.4640
0.8999 9.1312
0.8942 7.9702
0.8877 6.9590
0.8805 6.0783
0.8723 5.3114
0.8631 4.6436
0.8529 4.0621
0.8416 3.5560
0.8290 3.1153
0.8152 2.7317
0.8002 2.3978
0.7838 2.1072
0.7661 1.8543
0.7472 1.6341
0.7271 1.4425
0.7060 1.2758
0.6840 1.1307
0.6613 1.0045
0.6383 0.8946
0.6151 0.7991
0.5919 0.7159
0.5692 0.6436
0.5471 0.5806
0.5258 0.5258
0.5056 0.4782
0.4866 0.4368
0.4689 0.4007
0.4525 0.3693
0.4375 0.3421
0.4239 0.3184
0.4117 0.2986
0.4022 0.2900
0.4104 0.3892
0.5157 1.6899
0.7038 8.3101
0.8391 23.0814
0.9066 41.2229
0.9319 54.9334
0.9382 60.9542
0.9378 59.6625
0.9358 54.3354
0.9339 48.0697
0.9322 42.1336
0.9306 36.8197
0.9290 32.1415
0.9273 28.0456
0.9253 24.4669
0.9231 21.3429
0.9205 18.6171
0.9175 16.2397
0.9142 14.1666
0.9104 12.3594
0.9060 10.7843
0.9011 9.4117
0.8955 8.2157
0.8893 7.1739
0.8822 6.2663
0.8742 5.4759
0.8653 4.7875
0.8553 4.1880
0.8443 3.6660
0.8320 3.2115
0.8185 2.8158
0.8038 2.4713
0.7877 2.1714
0.7703 1.9104
0.7517 1.6831
0.7319 1.4854
0.7110 1.3132
0.6893 1.1634
0.6668 1.0330
0.6438 0.9196
0.6206 0.8208
0.5975 0.7349
0.5746 0.6601
0.5524 0.5951
0.5309 0.5385
0.5104 0.4892
0.4911 0.4464
0.4731 0.4091
0.4564 0.3767
0.4411 0.3485
0.4272 0.3240
0.4146 0.3033
0.4044 0.2915
0.4067 0.3513
0.4859 1.1585
0.6702 6.3932
0.8186 19.3979
0.8973 37.3885
0.9287 52.2803
0.9375 59.8962
0.9380 59.9224
0.9362 55.1835
0.9342 49.0193
0.9324 43.0291
0.9309 37.6270
0.9293 32.8590
0.9276 28.6799
0.9257 25.0264
0.9234 21.8358
0.9209 19.0509
0.9181 16.6212
0.9148 14.5020
0.9111 12.6541
0.9068 11.0431
0.9020 9.6388
0.8966 8.4151
0.8904 7.3487
0.8835 6.4196
0.8757 5.6103
0.8670 4.9052
0.8572 4.2912
0.8464 3.7564
0.8343 3.2907
0.8211 2.8851
0.8066 2.5320
0.7908 2.2245
0.7737 1.9568
0.7553 1.7238
0.7357 1.5209
0.7151 1.3443
0.6935 1.1906
0.6711 1.0568
0.6483 0.9404
0.6251 0.8390
0.6020 0.7508
0.5791 0.6740
0.5567 0.6072
0.5351 0.5491
0.5144 0.4985
0.4949 0.4545
0.4766 0.4162
0.4597 0.3829
0.4441 0.3539
0.4299 0.3287
0.4171 0.3073
0.4064 0.2938
0.4057 0.3341
0.4674 0.8884
0.6433 5.1420
0.8008 16.6831
0.8889 34.2228
0.9256 49.9019
0.9368 58.7251
0.9380 59.8649
0.9364 55.7060
0.9344 49.6828
0.9326 43.6754
0.9311 38.2173
0.9295 33.3875
0.9278 29.1498
0.9259 25.4428
0.9237 22.2042
0.9213 19.3766
0.9184 16.9088
0.9152 14.7558
0.9116 12.8778
0.9074 11.2402
0.9027 9.8124
0.8973 8.5678
0.8913 7.4831
0.8845 6.5378
0.8768 5.7142
0.8682 4.9966
0.8586 4.3714
0.8479 3.8268
0.8361 3.3525
0.8230 2.9394
0.8087 2.5796
0.7931 2.2663
0.7762 1.9935
0.7580 1.7560
0.7387 1.5491
0.7182 1.3690
0.6967 1.2123
0.6745 1.0758
0.6517 0.9570
0.6286 0.8536
0.6055 0.7636
0.5826 0.6852
0.5601 0.6170
0.5384 0.5576
0.5176 0.5060
0.4979 0.4610
0.4794 0.4219
0.4623 0.3879
0.4465 0.3583
0.4321 0.3325
0.4191 0.3107
0.4082 0.2962
0.4059 0.3269
0.4572 0.7542
0.6236 4.3343
0.7869 14.7878
0.8819 31.7770
0.9229 47.9272
0.9360 57.5980
0.9380 59.5972
0.9365 55.9464
0.9346 50.0774
0.9328 44.0818
0.9312 38.5970
0.9296 33.7322
0.9279 29.4594
0.9261 25.7197
0.9239 22.4512
0.9215 19.5965
0.9187 17.1043
0.9155 14.9294
0.9119 13.0319
0.9078 11.3767
0.9031 9.9334
0.8978 8.6749
0.8919 7.5778
0.8851 6.6215
0.8776 5.7881
0.8691 5.0618
0.8596 4.4290
0.8490 3.8776
0.8373 3.3973
0.8244 2.9788
0.8102 2.6144
0.7948 2.2969
0.7780 2.0204
0.7600 1.7796
0.7408 1.5700
0.7204 1.3874
0.6991 1.2284
0.6770 1.0900
0.6543 0.9694
0.6312 0.8645
0.6081 0.7731
0.5851 0.6936
0.5626 0.6244
0.5408 0.5641
0.5199 0.5117
0.5001 0.4660
0.4815 0.4263
0.4642 0.3917
0.4483 0.3616
0.4337 0.3355
0.4206 0.3133
0.4096 0.2984
0.4066 0.3250
0.4526 0.6921
0.6113 3.8464
0.7775 13.5806
0.8769 30.0525
0.9209 46.4339
0.9354 56.6332
0.9379 59.2212
0.9366 55.9617
0.9346 50.2353
0.9328 44.2712
0.9312 38.7847
0.9297 33.9087
0.9280 29.6224
0.9261 25.8688
0.9240 22.5869
0.9216 19.7196
0.9188 17.2156
0.9157 15.0298
0.9121 13.1222
0.9080 11.4578
0.9034 10.0060
0.8981 8.7399
0.8922 7.6359
0.8855 6.6734
0.8780 5.8343
0.8696 5.1030
0.8602 4.4656
0.8497 3.9102
0.8381 3.4262
0.8253 3.0045
0.8112 2.6372
0.7959 2.3171
0.7792 2.0383
0.7613 1.7955
0.7422 1.5840
0.7219 1.3998
0.7007 1.2393
0.6786 1.0996
0.6560 0.9780
0.6330 0.8721
0.6099 0.7798
0.5869 0.6995
0.5644 0.6296
0.5425 0.5687
0.5216 0.5157
0.5017 0.4696
0.4830 0.4294
0.4656 0.3945
0.4496 0.3640
0.4349 0.3376
0.4217 0.3152
0.4106 0.3004
0.4076 0.3261
0.4514 0.6678
0.6052 3.5917
0.7725 12.9364
0.8741 29.0147
0.9196 45.4667
0.9350 55.9332
0.9378 58.8572
0.9366 55.8492
0.9347 50.2300
0.9329 44.3025
0.9312 38.8291
0.9297 33.9581
0.9280 29.6732
0.9262 25.9193
0.9240 22.6360
0.9216 19.7667
0.9189 17.2604
0.9157 15.0718
0.9121 13.1615
0.9081 11.4943
0.9035 10.0397
0.8983 8.7709
0.8924 7.6643
0.8857 6.6993
0.8782 5.8579
0.8699 5.1244
0.8605 4.4850
0.8501 3.9277
0.8385 3.4420
0.8257 3.0187
0.8117 2.6499
0.7964 2.3286
0.7799 2.0486
0.7620 1.8047
0.7430 1.5922
0.7228 1.4071
0.7016 1.2459
0.6796 1.1055
