-0.3851 -0.086175
-0.3832 -0.087612
-0.3813 -0.089021
-0.3794 -0.088745
-0.3766 -0.083438
-0.3729 -0.079639
-0.3686 -0.076900
-0.3639 -0.074933
-0.3590 -0.073552
-0.3540 -0.072625
-0.3489 -0.070168
-0.3428 -0.060992
-0.3352 -0.053375
-0.3342 -0.107045
-0.3358 -0.160343
-0.3462 -0.144451
-0.3529 -0.133569
-0.3571 -0.126060
-0.3595 -0.120811
-0.3609 -0.117089
-0.3616 -0.114431
-0.3617 -0.112543
-0.3616 -0.111226
-0.3611 -0.110341
-0.3605 -0.109785
-0.3598 -0.109477
-0.3591 -0.109359
-0.3583 -0.109382
-0.3574 -0.109512
-0.3566 -0.109723
-0.3558 -0.109996
-0.3549 -0.110318
-0.3541 -0.110676
-0.3525 -0.102808
-0.3496 -0.096854
-0.3458 -0.092437
-0.3416 -0.089128
-0.3370 -0.086645
-0.3316 -0.075928
-0.3244 -0.066104
-0.3160 -0.057851
-0.3066 -0.050768
-0.2966 -0.044602
-0.2860 -0.039190
-0.2749 -0.034418
-0.2635 -0.030204
-0.2517 -0.026483
-0.2395 -0.023204
-0.2268 -0.020322
-0.2135 -0.017798
-0.1993 -0.015597
-0.1840 -0.013689
-0.1670 -0.012049
-0.1472 -0.010659
-0.1232 -0.009507
-0.0917 -0.008601
-0.0465 -0.007975
0.0231 -0.007680
0.1178 -0.007575
0.2068 -0.007241
0.2679 -0.006574
0.3015 -0.005732
0.3140 -0.004863
0.3121 -0.004052
0.3010 -0.003338
0.2846 -0.002731
0.2657 -0.002226
0.2458 -0.001810
0.2260 -0.001472
0.2067 -0.001196
0.1881 -0.000973
0.1704 -0.000792
0.1532 -0.000644
0.1364 -0.000524
0.1199 -0.000426
0.1031 -0.000346
0.0856 -0.000281
0.0668 -0.000227
0.0454 -0.000183
0.0198 -0.000145
-0.0131 -0.000114
-0.0576 -0.000086
-0.1165 -0.000063
-0.1834 -0.000043
-0.2461 -0.000029
-0.2975 -0.000019
-0.3367 -0.000013
-0.3654 -0.000009
-0.3858 -0.000006
-0.3996 -0.000005
-0.4085 -0.000004
-0.4136 -0.000003
-0.4158 -0.000002
-0.4158 -0.000002
-0.4141 -0.000002
-0.4111 -0.000001
-0.4070 -0.000001
-0.4023 -0.000001
-0.3969 -0.000001
-0.3991 -0.075738
-0.4052 -0.071122
-0.4086 -0.068554
-0.4102 -0.067375
-0.4106 -0.067085
-0.4102 -0.067366
-0.4093 -0.068039
-0.4080 -0.069000
-0.4092 -0.102208
-0.4125 -0.098505
-0.4141 -0.096615
-0.4147 -0.095962
-0.4145 -0.096139
-0.4139 -0.096866
-0.4129 -0.097953
-0.4117 -0.099272
-0.4104 -0.100735
-0.4091 -0.102282
-0.4077 -0.103872
-0.4062 -0.105474
-0.4048 -0.107067
-0.4034 -0.108636
-0.4021 -0.110173
-0.4003 -0.104556
-0.3967 -0.096787
-0.3920 -0.091242
-0.3864 -0.087131
-0.3804 -0.084012
-0.3741 -0.081624
-0.3677 -0.079804
-0.3613 -0.078442
-0.3549 -0.074822
-0.3474 -0.065727
-0.3387 -0.058029
-0.3290 -0.051350
-0.3188 -0.045463
-0.3080 -0.040228
-0.2968 -0.035553
-0.2853 -0.031374
-0.2839 -0.107460
-0.2868 -0.101690
-0.2887 -0.097251
-0.2897 -0.093811
-0.2903 -0.091107
-0.2905 -0.088948
-0.2906 -0.087203
-0.2906 -0.085782
-0.2905 -0.084618
-0.2904 -0.083653
-0.2903 -0.082844
-0.2903 -0.082163
-0.2903 -0.081587
-0.2903 -0.081098
-0.2903 -0.080685
-0.2903 -0.080339
-0.2904 -0.080051
-0.2903 -0.079816
-0.2903 -0.079625
-0.2903 -0.079471
-0.2903 -0.079350
-0.2902 -0.079256
-0.2901 -0.079187
-0.2898 -0.073229
-0.2874 -0.061853
-0.2830 -0.052700
-0.2773 -0.045180
-0.2704 -0.038900
-0.2625 -0.033592
-0.2540 -0.029067
-0.2447 -0.025189
-0.2348 -0.021851
-0.2243 -0.018973
-0.2131 -0.016489
-0.2011 -0.014346
-0.1881 -0.012502
-0.1737 -0.010921
-0.1575 -0.009574
-0.1383 -0.008442
-0.1145 -0.007513
-0.0828 -0.006790
-0.0365 -0.006298
0.0346 -0.006064
0.1272 -0.005942
0.2104 -0.005623
0.2662 -0.005067
0.2959 -0.004397
0.3061 -0.003720
0.3029 -0.003095
0.2914 -0.002548
0.2751 -0.002084
0.2565 -0.001699
0.2371 -0.001382
0.2179 -0.001124
0.1991 -0.000914
0.1810 -0.000744
0.1636 -0.000605
0.1467 -0.000493
0.1302 -0.000401
0.1136 -0.000326
0.0967 -0.000265
0.0789 -0.000215
0.0593 -0.000173
0.0368 -0.000139
0.0090 -0.000110
-0.0274 -0.000085
-0.0770 -0.000064
-0.1399 -0.000045
-0.2066 -0.000031
-0.2656 -0.000021
-0.3125 -0.000014
-0.3477 -0.000009
-0.3731 -0.000006
-0.3908 -0.000005
-0.4026 -0.000003
-0.4099 -0.000003
-0.4138 -0.000002
-0.4150 -0.000002
-0.4143 -0.000001
-0.4121 -0.000001
-0.4087 -0.000001
-0.4045 -0.000001
-0.3996 -0.000001
-0.3996 -0.037650
-0.4019 -0.073616
-0.4069 -0.069835
-0.4126 -0.098384
-0.4214 -0.117961
-0.4282 -0.107797
-0.4318 -0.102299
-0.4336 -0.099653
-0.4341 -0.098778
-0.4340 -0.099027
-0.4333 -0.100000
-0.4324 -0.101436
-0.4312 -0.103162
-0.4299 -0.105057
-0.4286 -0.107040
-0.4273 -0.109056
-0.4259 -0.111071
-0.4246 -0.113062
-0.4233 -0.115015
-0.4218 -0.113821
-0.4197 -0.112526
-0.4172 -0.112223
-0.4146 -0.112542
-0.4115 -0.108733
-0.4075 -0.102897
-0.4022 -0.096833
-0.3961 -0.090373
-0.3886 -0.080943
-0.3798 -0.072929
-0.3701 -0.065828
-0.3596 -0.059385
-0.3487 -0.053469
-0.3373 -0.048015
-0.3256 -0.042988
-0.3136 -0.038365
-0.3014 -0.034131
-0.2891 -0.030272
-0.2767 -0.026773
-0.2641 -0.023618
-0.2514 -0.020790
-0.2384 -0.018268
-0.2251 -0.016032
-0.2113 -0.014062
-0.1967 -0.012337
-0.1809 -0.010839
-0.1634 -0.009549
-0.1431 -0.008456
-0.1182 -0.007552
-0.0856 -0.006846
-0.0383 -0.006367
0.0342 -0.006150
0.1289 -0.006047
0.2136 -0.005734
0.2702 -0.005170
0.3003 -0.004488
0.3106 -0.003797
0.3074 -0.003159
0.2958 -0.002600
0.2793 -0.002127
0.2605 -0.001733
0.2408 -0.001410
0.2213 -0.001147
0.2024 -0.000932
0.1841 -0.000758
0.1665 -0.000617
0.1496 -0.000502
0.1329 -0.000409
0.1164 -0.000332
0.0995 -0.000270
0.0819 -0.000219
0.0627 -0.000177
0.0407 -0.000142
0.0138 -0.000113
-0.0212 -0.000088
-0.0688 -0.000066
-0.1305 -0.000047
-0.1978 -0.000032
-0.2587 -0.000022
-0.3077 -0.000014
-0.3447 -0.000010
-0.3717 -0.000007
-0.3907 -0.000005
-0.4035 -0.000003
-0.4117 -0.000003
-0.4163 -0.000002
-0.4181 -0.000002
-0.4178 -0.000001
-0.4159 -0.000001
-0.4127 -0.000001
-0.4086 -0.000001
-0.4037 -0.000001
-0.3983 -0.000001
-0.3925 -0.000001
-0.3864 -0.000001
-0.3800 -0.000000
-0.3736 -0.000000
-0.3670 -0.000000
-0.3604 -0.000000
-0.3538 -0.000000
-0.3472 -0.000000
-0.3405 -0.000000
-0.3339 -0.000000
-0.3272 -0.000000
-0.3245 -0.065830
-0.3298 -0.063849
-0.3393 -0.120628
-0.3514 -0.111559
-0.3600 -0.105026
-0.3746 -0.141173
-0.3848 -0.129734
-0.3915 -0.122077
-0.3960 -0.117057
-0.3988 -0.113881
-0.4005 -0.112006
-0.4013 -0.111053
-0.4016 -0.110755
-0.4014 -0.110920
-0.4010 -0.111408
-0.4003 -0.112117
-0.3996 -0.112974
-0.3987 -0.113927
-0.3978 -0.114938
-0.3969 -0.115981
-0.3960 -0.117041
-0.3950 -0.118106
-0.3941 -0.119169
-0.3930 -0.117375
-0.3910 -0.113318
-0.3881 -0.107025
-0.3838 -0.100020
-0.3784 -0.094870
-0.3721 -0.085562
-0.3642 -0.075890
-0.3550 -0.067650
-0.3480 -0.116297
-0.3474 -0.106902
-0.3452 -0.100125
-0.3419 -0.095152
-0.3380 -0.091437
-0.3338 -0.088614
-0.3295 -0.086453
-0.3253 -0.084802
-0.3211 -0.083557
-0.3171 -0.082641
-0.3133 -0.081990
-0.3097 -0.081552
-0.3064 -0.081285
-0.3032 -0.081151
-0.3003 -0.081122
-0.2976 -0.081175
-0.2951 -0.081292
-0.2928 -0.081459
-0.2907 -0.081660
-0.2888 -0.081878
-0.2871 -0.082094
-0.2856 -0.082292
-0.2844 -0.082460
-0.2832 -0.078360
-0.2803 -0.066308
-0.2755 -0.056570
-0.2694 -0.048538
-0.2621 -0.041811
-0.2540 -0.036112
-0.2451 -0.031248
-0.2355 -0.027073
-0.2254 -0.023480
-0.2145 -0.020383
-0.2029 -0.017714
-0.1904 -0.015418
-0.1766 -0.013449
-0.1610 -0.011771
-0.1429 -0.010356
-0.1206 -0.009187
-0.0915 -0.008261
-0.0498 -0.007601
0.0142 -0.007246
0.1035 -0.007103
0.1919 -0.006804
0.2550 -0.006203
0.2908 -0.005428
0.3055 -0.004618
0.3054 -0.003857
0.2957 -0.003183
0.2805 -0.002607
0.2625 -0.002127
0.2432 -0.001732
0.2239 -0.001409
0.2050 -0.001146
0.1867 -0.000932
0.1691 -0.000758
0.1521 -0.000617
0.1355 -0.000502
0.1190 -0.000409
0.1023 -0.000332
0.0849 -0.000269
0.0661 -0.000218
0.0448 -0.000175
0.0193 -0.000139
-0.0135 -0.000109
-0.0578 -0.000083
-0.1163 -0.000060
-0.1827 -0.000041
-0.2450 -0.000028
-0.2961 -0.000019
-0.3350 -0.000013
-0.3635 -0.000009
-0.3836 -0.000006
-0.3973 -0.000005
-0.4061 -0.000003
-0.4112 -0.000003
-0.4135 -0.000002
-0.4136 -0.000002
-0.4122 -0.000002
-0.4095 -0.000001
-0.4059 -0.000001
-0.4020 -0.036771
-0.4037 -0.036135
-0.4038 -0.036082
-0.4050 -0.071302
-0.4109 -0.100360
-0.4178 -0.092574
-0.4235 -0.114929
-0.4294 -0.106026
-0.4324 -0.101362
-0.4338 -0.099325
-0.4340 -0.098924
-0.4336 -0.099541
-0.4328 -0.100790
-0.4317 -0.102422
-0.4305 -0.104276
-0.4292 -0.106248
-0.4278 -0.108267
-0.4265 -0.110289
-0.4251 -0.112285
-0.4238 -0.114240
-0.4226 -0.116144
-0.4213 -0.117994
-0.4201 -0.119791
-0.4190 -0.121161
-0.4172 -0.116300
-0.4142 -0.111284
-0.4103 -0.107714
-0.4054 -0.098956
-0.3986 -0.088529
-0.3904 -0.079914
-0.3811 -0.072371
-0.3711 -0.065542
-0.3605 -0.059254
-0.3494 -0.053425
-0.3379 -0.048017
-0.3261 -0.043013
-0.3141 -0.038402
-0.3019 -0.034174
-0.2896 -0.030319
-0.2771 -0.026824
-0.2645 -0.023673
-0.2516 -0.020849
-0.2385 -0.018332
-0.2250 -0.016101
-0.2109 -0.014136
-0.1960 -0.012414
-0.1798 -0.010919
-0.1618 -0.009632
-0.1408 -0.008542
-0.1149 -0.007647
-0.0804 -0.006956
-0.0298 -0.006508
0.0475 -0.006326
0.1435 -0.006211
0.2249 -0.005847
0.2774 -0.005239
0.3042 -0.004527
0.3120 -0.003818
0.3072 -0.003170
0.2945 -0.002606
0.2774 -0.002130
0.2583 -0.001735
0.2385 -0.001411
0.2190 -0.001147
0.2001 -0.000933
0.1819 -0.000759
0.1644 -0.000617
0.1474 -0.000503
0.1308 -0.000409
0.1142 -0.000332
0.0973 -0.000270
0.0795 -0.000219
0.0600 -0.000177
0.0375 -0.000142
0.0098 -0.000112
-0.0265 -0.000087
-0.0759 -0.000065
-0.1387 -0.000046
-0.2057 -0.000032
-0.2652 -0.000021
-0.3125 -0.000014
-0.3481 -0.000009
-0.3739 -0.000007
-0.3921 -0.000005
-0.4043 -0.000003
-0.4120 -0.000003
-0.4163 -0.000002
-0.4179 -0.000002
-0.4175 -0.000001
-0.4155 -0.000001
-0.4124 -0.000001
-0.4082 -0.000001
-0.4033 -0.000001
-0.3979 -0.000001
-0.3919 -0.000001
-0.3868 -0.042454
-0.3879 -0.042036
-0.3877 -0.042099
-0.3866 -0.042508
-0.3849 -0.043151
-0.3828 -0.043950
-0.3836 -0.087353
-0.3880 -0.083993
-0.3908 -0.081948
-0.3922 -0.080868
-0.3927 -0.080492
-0.3925 -0.080628
-0.3947 -0.118538
-0.3997 -0.112922
-0.4027 -0.109543
-0.4043 -0.107709
-0.4047 -0.103400
-0.4037 -0.099157
-0.4018 -0.096628
-0.4031 -0.127987
-0.4054 -0.121821
-0.4062 -0.118260
-0.4061 -0.116361
-0.4053 -0.115531
-0.4042 -0.115388
-0.4029 -0.115689
-0.4015 -0.116272
-0.4001 -0.117034
-0.3987 -0.117905
-0.3972 -0.116041
-0.3948 -0.112102
-0.3919 -0.109608
-0.3886 -0.108078
-0.3852 -0.107212
-0.3818 -0.106817
-0.3784 -0.105174
-0.3742 -0.098646
-0.3691 -0.093808
-0.3635 -0.090153
-0.3575 -0.087370
-0.3514 -0.085255
-0.3454 -0.083672
-0.3391 -0.077355
-0.3314 -0.067697
-0.3224 -0.059542
-0.3125 -0.052498
-0.3019 -0.046326
-0.2907 -0.040872
-0.2791 -0.036032
-0.2670 -0.031731
-0.2546 -0.027913
-0.2418 -0.024530
-0.2285 -0.021543
-0.2145 -0.018916
-0.1997 -0.016618
-0.1836 -0.014619
-0.1658 -0.012895
-0.1454 -0.011428
-0.1205 -0.010212
-0.0879 -0.009259
-0.0408 -0.008613
0.0315 -0.008323
0.1271 -0.008202
0.2136 -0.007799
0.2717 -0.007046
0.3029 -0.006124
0.3138 -0.005185
0.3109 -0.004316
0.2993 -0.003553
0.2828 -0.002906
0.2638 -0.002368
0.2440 -0.001926
0.2243 -0.001566
0.2051 -0.001273
0.1867 -0.001036
0.1690 -0.000843
0.1519 -0.000686
0.1352 -0.000558
0.1187 -0.000454
0.1019 -0.000369
0.0844 -0.000299
0.0655 -0.000242
0.0440 -0.000194
0.0181 -0.000154
-0.0152 -0.000121
-0.0604 -0.000091
-0.1198 -0.000066
-0.1867 -0.000046
-0.2488 -0.000030
-0.2995 -0.000020
-0.3380 -0.000014
-0.3662 -0.000009
-0.3862 -0.000007
-0.3997 -0.000005
-0.4085 -0.000004
-0.4136 -0.000003
-0.4158 -0.000002
-0.4159 -0.000002
-0.4144 -0.000002
-0.4117 -0.000001
-0.4080 -0.000001
-0.4036 -0.000001
-0.3987 -0.000001
-0.3932 -0.000001
-0.3883 -0.041902
-0.3898 -0.041332
-0.3901 -0.082490
-0.3963 -0.077810
-0.4000 -0.075049
-0.4018 -0.073659
-0.4024 -0.073226
-0.4021 -0.073444
-0.4012 -0.074101
-0.3999 -0.075054
-0.3984 -0.076212
-0.4006 -0.111853
-0.4041 -0.107863
-0.4061 -0.105657
-0.4070 -0.104672
-0.4071 -0.104507
-0.4068 -0.104884
-0.4061 -0.105619
-0.4048 -0.101874
-0.4026 -0.099111
-0.4054 -0.127562
-0.4069 -0.122157
-0.4070 -0.119119
-0.4063 -0.117571
-0.4052 -0.116963
-0.4038 -0.116950
-0.4019 -0.112487
-0.3990 -0.109113
-0.3957 -0.106997
-0.3922 -0.105724
-0.3886 -0.105035
-0.3850 -0.104759
-0.3815 -0.104781
-0.3782 -0.105019
-0.3748 -0.100764
-0.3703 -0.095135
-0.3652 -0.090919
-0.3597 -0.087720
-0.3539 -0.085284
-0.3481 -0.083443
-0.3423 -0.082078
-0.3367 -0.081101
-0.3312 -0.080328
-0.3248 -0.069605
-0.3170 -0.060737
-0.3080 -0.053213
-0.2982 -0.046712
-0.2877 -0.041032
-0.2768 -0.036034
-0.2654 -0.031623
-0.2537 -0.027726
-0.2417 -0.024288
-0.2292 -0.021261
-0.2163 -0.018606
-0.2026 -0.016286
-0.1879 -0.014272
-0.1718 -0.012535
-0.1535 -0.011053
-0.1316 -0.009813
-0.1037 -0.008813
-0.0652 -0.008074
-0.0067 -0.007646
0.0797 -0.007503
0.1744 -0.007293
0.2466 -0.006746
0.2899 -0.005963
0.3098 -0.005106
0.3129 -0.004281
0.3049 -0.003541
0.2904 -0.002904
0.2724 -0.002370
0.2528 -0.001929
0.2330 -0.001569
0.2135 -0.001275
0.1947 -0.001037
0.1767 -0.000844
0.1593 -0.000686
0.1424 -0.000559
0.1258 -0.000454
0.1091 -0.000369
0.0920 -0.000300
0.0737 -0.000243
0.0534 -0.000195
0.0295 -0.000156
-0.0004 -0.000123
-0.0404 -0.000095
-0.0945 -0.000070
-0.1600 -0.000049
-0.2256 -0.000033
-0.2814 -0.000022
-0.3248 -0.000015
-0.3571 -0.000010
-0.3803 -0.000007
-0.3964 -0.000005
-0.4072 -0.000004
-0.4138 -0.000003
-0.4173 -0.000002
-0.4185 -0.000002
-0.4177 -0.000002
-0.4156 -0.000001
-0.4124 -0.000001
-0.4083 -0.000001
-0.4035 -0.000001
-0.3983 -0.000001
-0.3926 -0.000001
-0.3866 -0.000001
-0.3803 -0.000001
-0.3739 -0.000000
-0.3673 -0.000000
-0.3606 -0.000000
-0.3538 -0.000000
-0.3469 -0.000000
-0.3399 -0.000000
-0.3330 -0.000000
-0.3259 -0.000000
-0.3189 -0.000000
-0.3118 -0.000000
-0.3056 -0.072910
-0.3121 -0.070499
-0.3168 -0.068700
-0.3203 -0.067413
-0.3226 -0.066516
-0.3243 -0.065899
-0.3254 -0.065485
-0.3261 -0.065227
-0.3264 -0.065095
-0.3265 -0.065070
-0.3263 -0.065134
-0.3259 -0.065278
-0.3254 -0.065489
-0.3347 -0.124021
-0.3447 -0.174951
-0.3606 -0.156964
-0.3718 -0.144353
-0.3795 -0.135640
-0.3847 -0.129722
-0.3882 -0.125795
-0.3904 -0.123285
-0.3918 -0.121777
-0.3973 -0.154100
-0.4025 -0.145195
-0.4051 -0.135662
-0.4057 -0.130023
-0.4052 -0.126747
-0.4040 -0.124935
-0.4025 -0.124048
-0.4009 -0.123759
-0.3991 -0.123858
-0.3974 -0.122134
-0.3948 -0.117542
-0.3916 -0.114549
-0.3881 -0.112613
-0.3844 -0.111403
-0.3803 -0.105225
-0.3752 -0.099346
-0.3694 -0.094879
-0.3633 -0.091428
-0.3569 -0.088748
-0.3505 -0.086680
-0.3441 -0.085112
-0.3378 -0.083962
-0.3317 -0.083163
-0.3257 -0.078624
-0.3182 -0.068470
-0.3093 -0.059976
-0.2993 -0.052708
-0.2885 -0.046397
-0.2769 -0.040868
-0.2647 -0.035998
-0.2519 -0.031702
-0.2384 -0.027912
-0.2242 -0.024575
-0.2091 -0.021646
-0.1928 -0.019090
-0.1749 -0.016874
-0.1545 -0.014975
-0.1302 -0.013384
-0.0992 -0.012113
-0.0557 -0.011211
0.0109 -0.010761
0.1049 -0.010640
0.1980 -0.010258
0.2639 -0.009381
0.3012 -0.008220
0.3163 -0.006995
0.3159 -0.005840
0.3056 -0.004816
0.2896 -0.003942
0.2707 -0.003214
0.2507 -0.002614
0.2306 -0.002125
0.2111 -0.001727
0.1924 -0.001404
0.1744 -0.001142
0.1571 -0.000930
0.1403 -0.000757
0.1237 -0.000615
0.1070 -0.000500
0.0898 -0.000406
0.0714 -0.000328
0.0508 -0.000264
0.0264 -0.000211
-0.0044 -0.000166
-0.0458 -0.000127
-0.1014 -0.000093
-0.1675 -0.000065
-0.2323 -0.000044
-0.2867 -0.000029
-0.3288 -0.000019
-0.3599 -0.000013
-0.3821 -0.000009
-0.3975 -0.000007
-0.4076 -0.000005
-0.4136 -0.000004
-0.4166 -0.000003
-0.4172 -0.000003
-0.4160 -0.000002
-0.4133 -0.000002
-0.4095 -0.000002
-0.4049 -0.000001
-0.3995 -0.000001
-0.3935 -0.000001
-0.3871 -0.000001
-0.3803 -0.000001
-0.3731 -0.000001
-0.3743 -0.047139
-0.3798 -0.090208
-0.3901 -0.123746
-0.3992 -0.113492
-0.4050 -0.106967
-0.4087 -0.102791
-0.4110 -0.100173
-0.4174 -0.124046
-0.4214 -0.117900
-0.4237 -0.114525
-0.4247 -0.112980
-0.4249 -0.112635
-0.4246 -0.113067
-0.4240 -0.113994
-0.4232 -0.115227
-0.4222 -0.116640
-0.4209 -0.114639
-0.4190 -0.113155
-0.4166 -0.112687
-0.4141 -0.112849
-0.4116 -0.113408
-0.4091 -0.114219
-0.4067 -0.115186
-0.4040 -0.111355
-0.4006 -0.108584
-0.3966 -0.103134
-0.3915 -0.097095
-0.3856 -0.092541
-0.3793 -0.089008
-0.3727 -0.086229
-0.3655 -0.077175
-0.3569 -0.068557
-0.3474 -0.061082
-0.3371 -0.054458
-0.3262 -0.048521
-0.3148 -0.043169
-0.3031 -0.038338
-0.2910 -0.033979
-0.2786 -0.030058
-0.2660 -0.026540
-0.2530 -0.023398
-0.2395 -0.020602
-0.2256 -0.018126
-0.2110 -0.015943
-0.1955 -0.014030
-0.1786 -0.012364
-0.1598 -0.010930
-0.1379 -0.009716
-0.1106 -0.008725
-0.0737 -0.007975
-0.0186 -0.007517
0.0645 -0.007360
0.1612 -0.007202
0.2384 -0.006721
0.2863 -0.005979
0.3093 -0.005141
0.3145 -0.004321
0.3078 -0.003580
0.2939 -0.002938
0.2761 -0.002399
0.2565 -0.001953
0.2366 -0.001588
0.2170 -0.001291
0.1980 -0.001050
0.1799 -0.000854
0.1624 -0.000695
0.1454 -0.000565
0.1288 -0.000460
0.1121 -0.000374
0.0951 -0.000304
0.0771 -0.000246
0.0572 -0.000198
0.0342 -0.000159
0.0056 -0.000126
-0.0321 -0.000097
-0.0834 -0.000072
-0.1474 -0.000051
-0.2137 -0.000035
-0.2715 -0.000023
-0.3170 -0.000015
-0.3509 -0.000010
-0.3753 -0.000007
-0.3923 -0.000005
-0.4036 -0.000004
-0.4106 -0.000003
-0.4142 -0.000002
-0.4154 -0.000002
-0.4147 -0.000002
-0.4125 -0.000001
-0.4092 -0.000001
-0.4051 -0.000001
-0.4004 -0.000001
-0.3953 -0.000001
-0.3898 -0.000001
-0.3841 -0.000001
-0.3782 -0.000001
-0.3722 -0.000001
-0.3661 -0.000000
-0.3599 -0.000000
-0.3537 -0.000000
-0.3474 -0.000000
-0.3411 -0.000000
-0.3348 -0.000000
-0.3284 -0.000000
-0.3220 -0.000000
-0.3155 -0.000000
-0.3091 -0.000000
-0.3026 -0.000000
-0.2961 -0.000000
-0.2895 -0.000000
-0.2829 -0.000000
-0.2763 -0.000000
-0.2696 -0.000000
-0.2628 -0.000000
-0.2560 -0.000000
-0.2491 -0.000000
-0.2421 -0.000000
-0.2350 -0.000000
-0.2277 -0.000000
-0.2203 -0.000000
-0.2125 -0.000000
-0.2044 -0.000000
-0.2025 -0.111632
-0.2163 -0.106427
-0.2297 -0.101420
-0.2421 -0.096741
-0.2536 -0.092430
-0.2641 -0.088499
-0.2759 -0.168278
-0.2988 -0.151059
-0.3170 -0.137365
-0.3354 -0.185399
-0.3555 -0.162725
-0.3697 -0.146769
-0.3794 -0.135710
-0.3861 -0.128179
-0.3905 -0.123173
-0.3934 -0.119967
-0.3951 -0.118039
-0.3960 -0.117016
-0.3963 -0.116627
