0.2959
0.2565
0.2394
0.2283
0.2243
0.2227
0.2225
0.2223
0.2224
0.2227
0.2227
0.2225
0.2228
0.2228
0.2226
0.2228
0.2225
0.2226
0.2234
0.2227
0.2224
0.2227
0.2229
0.2227
0.2226
0.2230
0.2227
0.2226
0.2229
0.2226
0.2225
0.2228
0.2227
0.2228
0.2227
0.2227
0.2226
0.2226
0.2228
0.2227
0.2227
0.2230
0.2224
0.2225
0.2229
0.2227
0.2223
0.2227
0.2230
0.2226
0.2227
0.2229
0.2227
0.2228
0.2226
0.2226
0.2229
0.2227
0.2228
0.2225
0.2231
0.2226
0.2227
0.2228
0.2226
0.2225
0.2228
0.2229
0.2229
0.2227
0.2229
0.2227
0.2227
0.2228
0.2227
0.2228
0.2227
0.2226
0.2225
0.2225
0.2227
0.2228
0.2227
0.2224
0.2228
0.2230
0.2225
0.2229
0.2228
0.2227
0.2230
0.2229
0.2227
0.2225
0.2232
0.2231
0.2227
0.2229
0.2229
0.2226
0.2223
0.2228
0.2231
0.2227
0.2225
0.2228
0.2227
0.2230
0.2228
0.2224
0.2227
0.2227
0.2228
0.2224
0.2230
0.2230
0.2226
0.2225
0.2229
0.2224
0.2230
0.2227
0.2226
0.2225
0.2226
0.2225
0.2232
0.2227
0.2230
0.2228
0.2226
0.2226
0.2227
0.2229
0.2225
0.2223
0.2225
0.2227
0.2224
0.2228
0.2228
0.2231
0.2229
0.2225
0.2227
0.2224
0.2228
0.2226
0.2226
0.2226
