0.9582
0.9520
0.7950
0.6647
0.6398
0.6307
0.6269
0.6265
0.6248
0.6254
0.6245
0.6248
0.6248
0.6257
0.6249
0.6253
0.6251
0.6250
0.6249
0.6251
0.6243
0.6248
0.6244
0.6253
0.6250
0.6256
0.6245
0.6254
0.6250
0.6248
0.6249
0.6254
0.6257
0.6254
0.6252
0.6252
0.6251
0.6244
0.6246
0.6252
0.6248
0.6256
0.6247
0.6253
0.6252
0.6250
0.6251
0.6256
0.6250
0.6248
0.6253
0.6255
0.6251
0.6251
0.6252
0.6253
0.6252
0.6245
0.6251
0.6250
0.6252
0.6258
0.6251
0.6244
0.6257
0.6250
0.6252
0.6238
0.6246
0.6243
0.6255
0.6252
0.6252
0.6248
0.6255
0.6252
0.6250
0.6253
0.6251
0.6245
0.6246
0.6251
0.6253
0.6258
0.6242
0.6260
0.6242
0.6249
0.6251
0.6253
0.6251
0.6246
0.6246
0.6247
0.6245
0.6250
0.6256
0.6245
0.6251
0.6250
0.6246
0.6250
0.6252
0.6248
0.6252
0.6252
0.6249
0.6252
0.6253
0.6251
0.6250
0.6243
0.6253
0.6256
0.6258
0.6242
0.6256
0.6250
0.6256
0.6249
0.6251
0.6251
0.6244
