0.1070 -0.040165
0.0938 -0.035209
0.0802 -0.028659
0.0661 -0.022399
0.0508 -0.015653
0.0338 -0.009349
0.0136 -0.003148
-0.0117 0.002156
-0.0450 0.006960
-0.0890 0.011408
-0.1424 0.015120
-0.1980 0.017404
-0.2478 0.018030
-0.2884 0.017361
-0.3198 0.015920
-0.3432 0.014129
-0.3602 0.012264
-0.3722 0.010480
-0.3804 0.008857
-0.3857 0.007424
-0.3887 0.006187
-0.3901 0.005134
-0.3902 0.004247
-0.3896 0.003506
-0.3884 0.002890
-0.3868 0.002379
-0.3849 0.001958
-0.3827 0.001609
-0.3801 0.001322
-0.3771 0.001084
-0.3736 0.000888
-0.3695 0.000726
-0.3649 0.000593
-0.3598 0.000483
-0.3543 0.000394
-0.3484 0.000320
-0.3422 0.000260
-0.3357 0.000211
-0.3288 0.000171
-0.3213 0.000138
-0.3129 0.000111
-0.3035 0.000089
-0.2933 0.000071
-0.2822 0.000057
-0.2704 0.000045
-0.2580 0.000035
-0.2451 0.000028
-0.2317 0.000022
-0.2177 0.000017
-0.2029 0.000013
-0.1845 0.023099
-0.1595 0.039945
-0.1289 0.032308
-0.0913 0.022924
-0.0398 0.010098
0.0353 -0.012908
0.1263 -0.047025
0.2021 -0.075568
0.2493 -0.093364
0.2722 -0.102023
0.2783 -0.104355
0.2738 -0.102696
0.2631 -0.098705
0.2491 -0.093480
0.2337 -0.087704
0.2179 -0.081779
0.2023 -0.075926
0.1872 -0.070249
0.1726 -0.064783
0.1586 -0.059523
0.1450 -0.054437
0.1318 -0.049480
0.1188 -0.044595
0.1058 -0.039718
0.0926 -0.034767
0.0789 -0.029642
0.0644 -0.023197
0.0490 -0.015668
0.0317 -0.009101
0.0112 -0.002943
-0.0145 0.003026
-0.0483 0.008417
-0.0924 0.013349
-0.1450 0.017359
-0.1990 0.019714
-0.2468 0.020233
-0.2853 0.019355
-0.3148 0.017662
-0.3365 0.015615
-0.3521 0.013510
-0.3628 0.011512
-0.3699 0.009705
-0.3743 0.008119
-0.3766 0.006755
-0.3774 0.005598
-0.3772 0.004626
-0.3764 0.003816
-0.3751 0.003145
-0.3737 0.002590
-0.3722 0.002133
-0.3706 0.001756
-0.3691 0.001446
-0.3675 0.001190
-0.3657 0.000979
-0.3636 0.000805
-0.3610 0.000661
-0.3578 0.000542
-0.3541 0.000443
-0.3498 0.000362
-0.3450 0.000295
-0.3398 0.000240
-0.3342 0.000195
-0.3279 0.000159
-0.3209 0.000128
-0.3129 0.000103
-0.3040 0.000083
-0.2944 0.000067
-0.2840 0.000053
-0.2730 0.000042
-0.2615 0.000033
-0.2496 0.000026
-0.2373 0.000021
-0.2246 0.000016
-0.2112 0.000013
-0.1968 0.024627
-0.1766 0.022113
-0.1546 0.019358
-0.1285 0.032205
-0.0929 0.023318
-0.0441 0.011176
0.0274 -0.006639
0.1186 -0.029425
0.1966 -0.073498
0.2454 -0.091897
0.2697 -0.101073
0.2768 -0.103783
0.2729 -0.102380
0.2627 -0.098558
0.2490 -0.093438
0.2338 -0.087726
0.2181 -0.081837
0.2025 -0.076000
0.1874 -0.070327
0.1728 -0.064859
0.1588 -0.059593
0.1452 -0.054501
0.1320 -0.049540
0.1189 -0.044653
0.1059 -0.039775
0.0927 -0.034478
0.0793 -0.027824
0.0653 -0.021775
0.0500 -0.015979
0.0327 -0.010004
0.0122 -0.003390
-0.0134 0.003251
-0.0468 0.010228
-0.0902 0.016365
-0.1425 0.021407
-0.1967 0.024457
-0.2454 0.025246
-0.2853 0.024281
-0.3164 0.022276
-0.3401 0.019799
-0.3576 0.017217
-0.3702 0.014738
-0.3787 0.012467
-0.3839 0.010450
-0.3863 0.008696
-0.3866 0.007196
-0.3852 0.005927
-0.3824 0.004865
-0.3786 0.003983
-0.3741 0.003254
-0.3692 0.002655
-0.3640 0.002165
-0.3587 0.001764
-0.3535 0.001437
-0.3483 0.001171
-0.3433 0.000954
-0.3385 0.000778
-0.3339 0.000634
-0.3295 0.000518
-0.3253 0.000422
-0.3213 0.000345
-0.3173 0.000282
-0.3130 0.000230
-0.3081 0.000187
-0.3025 0.000152
-0.2960 0.000123
-0.2886 0.000099
-0.2804 0.000080
-0.2716 0.000064
-0.2623 0.000051
-0.2525 0.000040
-0.2424 0.000032
-0.2319 0.000025
-0.2212 0.000020
-0.2092 0.026182
-0.1922 0.024060
-0.1744 0.021826
-0.1548 0.019380
-0.1321 0.016553
-0.1039 0.013035
-0.0655 0.016495
-0.0073 0.002008
0.0746 -0.018433
0.1613 -0.040140
0.2258 -0.056317
0.2632 -0.065745
0.2742 -0.102792
0.2728 -0.102308
0.2640 -0.099032
0.2511 -0.094212
0.2362 -0.088644
0.2207 -0.082811
0.2051 -0.076981
0.1900 -0.071290
0.1753 -0.065793
0.1612 -0.060497
0.1475 -0.055380
0.1343 -0.050405
0.1213 -0.045519
0.1084 -0.039297
0.0957 -0.032849
0.0829 -0.027114
0.0694 -0.021792
0.0548 -0.016612
0.0383 -0.011288
0.0189 -0.005473
-0.0049 0.001273
-0.0356 0.008739
-0.0756 0.017037
-0.1248 0.025997
-0.1780 0.030761
-0.2278 0.032574
-0.2697 0.031907
-0.3030 0.029645
-0.3285 0.026587
-0.3478 0.023280
-0.3622 0.020046
-0.3727 0.017054
-0.3800 0.014380
-0.3849 0.012042
-0.3877 0.010031
-0.3889 0.008320
-0.3889 0.006878
-0.3878 0.005671
-0.3859 0.004666
-0.3834 0.003833
-0.3806 0.003146
-0.3773 0.002579
-0.3736 0.002111
-0.3692 0.001725
-0.3641 0.001407
-0.3582 0.001144
-0.3515 0.000928
-0.3442 0.000752
-0.3364 0.000607
-0.3284 0.000490
-0.3204 0.000395
-0.3125 0.000319
-0.3048 0.000257
-0.2975 0.000208
-0.2904 0.000168
-0.2833 0.000135
-0.2759 0.000109
-0.2681 0.000087
-0.2598 0.000070
-0.2509 0.000056
-0.2416 0.000045
-0.2316 0.000035
-0.2212 0.000028
-0.2101 0.000022
-0.1982 0.024808
-0.1805 0.022601
-0.1614 0.020213
-0.1398 0.017511
-0.1137 0.014258
-0.0796 0.009999
-0.0304 0.003876
0.0427 -0.010455
0.1308 -0.032483
0.2044 -0.050957
0.2504 -0.093792
0.2684 -0.100603
0.2716 -0.101855
0.2656 -0.099642
0.2544 -0.095431
0.2403 -0.090181
0.2251 -0.084484
0.2097 -0.078686
0.1944 -0.072971
0.1796 -0.067422
0.1654 -0.062065
0.1516 -0.056889
0.1382 -0.051861
0.1250 -0.046936
0.1120 -0.042056
0.0990 -0.036065
0.0859 -0.029622
0.0725 -0.023802
0.0580 -0.018286
0.0419 -0.012762
0.0232 -0.006874
0.0003 -0.000164
-0.0288 0.007973
-0.0667 0.016878
-0.1141 0.024769
-0.1672 0.030046
-0.2183 0.032463
-0.2620 0.032237
-0.2969 0.030219
-0.3238 0.027255
-0.3440 0.023947
-0.3590 0.020663
-0.3698 0.017602
-0.3774 0.014856
-0.3826 0.012450
-0.3857 0.010379
-0.3872 0.008615
-0.3875 0.007128
-0.3867 0.005882
-0.3852 0.004844
-0.3831 0.003984
-0.3807 0.003273
-0.3780 0.002687
-0.3753 0.002206
-0.3727 0.001811
-0.3703 0.001488
-0.3680 0.001222
-0.3657 0.001004
-0.3634 0.000825
-0.3609 0.000678
-0.3581 0.000556
-0.3550 0.000456
-0.3515 0.000373
-0.3476 0.000305
-0.3434 0.000249
-0.3388 0.000203
-0.3341 0.000166
-0.3293 0.000135
-0.3244 0.000110
-0.3192 0.000089
-0.3133 0.000073
-0.3065 0.000059
-0.2987 0.000047
-0.2898 0.000038
-0.2800 0.000030
-0.2694 0.000024
-0.2580 0.000019
-0.2461 0.000015
-0.2337 0.000012
-0.2207 0.000009
-0.2066 0.025856
-0.1869 0.023393
-0.1657 0.020742
-0.1417 0.017745
-0.1126 0.014112
-0.0738 0.009279
-0.0157 0.004109
0.0682 -0.016812
0.1600 -0.039782
0.2266 -0.084775
0.2631 -0.098583
0.2783 -0.104350
0.2793 -0.104770
0.2717 -0.101916
0.2591 -0.097217
0.2441 -0.091595
0.2281 -0.085614
0.2121 -0.079594
0.1964 -0.073703
0.1812 -0.068014
0.1666 -0.062542
0.1526 -0.057270
0.1390 -0.052159
0.1256 -0.047157
0.1124 -0.042202
0.0992 -0.036132
0.0859 -0.029607
0.0721 -0.023700
0.0574 -0.018084
0.0408 -0.012440
0.0215 -0.006397
-0.0021 0.000524
-0.0324 0.008253
-0.0720 0.015962
-0.1217 0.022329
-0.1762 0.026778
-0.2277 0.028630
-0.2709 0.028189
-0.3050 0.026248
-0.3308 0.023545
-0.3498 0.020589
-0.3634 0.017688
-0.3728 0.015004
-0.3789 0.012611
-0.3826 0.010529
-0.3844 0.008747
-0.3849 0.007241
-0.3845 0.005981
-0.3835 0.004933
-0.3823 0.004066
-0.3811 0.003351
-0.3800 0.002763
-0.3792 0.002279
-0.3787 0.001882
-0.3785 0.001555
-0.3786 0.001286
-0.3787 0.001064
-0.3785 0.000879
-0.3779 0.000726
-0.3765 0.000598
-0.3743 0.000491
-0.3712 0.000403
-0.3673 0.000330
-0.3626 0.000269
-0.3574 0.000219
-0.3518 0.000178
-0.3460 0.000145
-0.3401 0.000118
-0.3343 0.000096
-0.3284 0.000078
-0.3226 0.000063
-0.3167 0.000051
-0.3102 0.000042
-0.3028 0.000034
-0.2942 0.000027
-0.2844 0.000022
-0.2736 0.000017
-0.2619 0.000014
-0.2493 0.000011
-0.2359 0.000008
-0.2216 0.000006
-0.2064 0.000005
-0.1889 0.023647
-0.1657 0.020751
-0.1393 0.017453
-0.1051 0.026386
-0.0580 0.014641
0.0108 -0.002489
0.1031 -0.038322
0.1875 -0.070063
0.2436 -0.091188
0.2728 -0.102228
0.2828 -0.106022
0.2803 -0.105142
0.2705 -0.101474
0.2566 -0.096290
0.2409 -0.090395
0.2246 -0.084269
0.2083 -0.078182
0.1926 -0.072266
0.1738 -0.087005
0.1569 -0.078549
0.1415 -0.070827
0.1270 -0.063587
0.1131 -0.056642
0.0995 -0.049835
0.0859 -0.043023
0.0720 -0.035431
0.0575 -0.027182
0.0420 -0.019169
0.0245 -0.010900
0.0040 -0.001730
-0.0214 0.008079
-0.0538 0.018113
-0.0949 0.028513
-0.1427 0.038572
-0.1910 0.046861
-0.2338 0.052519
-0.2685 0.055693
-0.2951 0.054969
-0.3157 0.048627
-0.3316 0.042236
-0.3437 0.036204
-0.3529 0.030738
-0.3598 0.025913
-0.3650 0.021733
-0.3688 0.018159
-0.3718 0.015134
-0.3740 0.012590
-0.3759 0.010462
-0.3775 0.008687
-0.3789 0.007209
-0.3801 0.005979
-0.3811 0.004956
-0.3818 0.004106
-0.3823 0.003399
-0.3825 0.002812
-0.3824 0.002324
-0.3821 0.001920
-0.3816 0.001586
-0.3809 0.001309
-0.3801 0.001080
-0.3791 0.000890
-0.3781 0.000734
-0.3769 0.000605
-0.3756 0.000499
-0.3741 0.000411
-0.3723 0.000338
-0.3702 0.000278
-0.3676 0.000228
-0.3647 0.000187
-0.3613 0.000153
-0.3575 0.000125
-0.3532 0.000102
-0.3481 0.000083
-0.3419 0.000068
-0.3340 0.000055
-0.3245 0.000044
-0.3135 0.000035
-0.3011 0.000028
-0.2876 0.000022
-0.2732 0.000017
-0.2582 0.000014
-0.2425 0.000011
-0.2261 0.000008
-0.2088 0.000006
-0.1902 0.000005
-0.1623 0.040662
-0.1284 0.032199
-0.0847 0.031967
-0.0232 0.008989
0.0639 -0.023591
0.1590 -0.059298
0.2299 -0.086006
0.2706 -0.101378
0.2881 -0.107990
0.2899 -0.108738
0.2822 -0.105875
0.2691 -0.100973
0.2533 -0.095054
0.2365 -0.088745
0.2196 -0.082404
0.2011 -0.100633
0.1820 -0.091085
0.1650 -0.082566
0.1494 -0.074764
0.1348 -0.067452
0.1208 -0.060459
0.1072 -0.053644
0.0936 -0.046876
0.0799 -0.040012
0.0656 -0.032886
0.0505 -0.024290
0.0340 -0.014969
0.0152 -0.005909
-0.0076 0.002490
-0.0367 0.010968
-0.0743 0.020038
-0.1205 0.029526
-0.1707 0.038289
-0.2175 0.045092
-0.2567 0.049575
-0.2874 0.048748
-0.3114 0.043679
-0.3299 0.038268
-0.3441 0.033003
-0.3548 0.028141
-0.3629 0.023798
-0.3688 0.020002
-0.3732 0.016734
-0.3763 0.013952
-0.3786 0.011604
-0.3801 0.009633
-0.3812 0.007988
-0.3820 0.006619
-0.3828 0.005484
-0.3836 0.004544
-0.3846 0.003766
-0.3857 0.003123
-0.3870 0.002591
-0.3883 0.002149
-0.3898 0.001784
-0.3912 0.001480
-0.3925 0.001228
-0.3937 0.001018
-0.3948 0.000844
-0.3957 0.000700
-0.3962 0.000579
-0.3961 0.000479
-0.3949 0.000395
-0.3924 0.000324
-0.3885 0.000266
-0.3832 0.000217
-0.3766 0.000176
-0.3689 0.000142
-0.3603 0.000115
-0.3512 0.000093
-0.3418 0.000075
-0.3323 0.000060
-0.3228 0.000048
-0.3136 0.000039
-0.3046 0.000031
-0.2960 0.000025
-0.2877 0.000020
-0.2794 0.000016
-0.2711 0.000013
-0.2625 0.000010
-0.2535 0.000008
-0.2438 0.000007
-0.2330 0.000005
-0.2196 0.027472
-0.1984 0.049665
-0.1717 0.043003
-0.1415 0.035457
-0.1046 0.026264
-0.0549 0.013870
0.0186 -0.006636
0.1140 -0.042378
0.1988 -0.074276
0.2534 -0.094880
0.2810 -0.105307
0.2895 -0.108545
0.2858 -0.107190
0.2749 -0.103124
0.2601 -0.097612
0.2437 -0.091447
0.2268 -0.085101
0.2101 -0.078832
0.1939 -0.072765
0.1784 -0.066941
0.1635 -0.061353
0.1491 -0.055967
0.1327 -0.066425
0.1168 -0.058468
0.1016 -0.050856
0.0865 -0.043079
0.0715 -0.033141
0.0562 -0.023998
0.0398 -0.015799
0.0212 -0.007925
-0.0010 0.000246
-0.0287 0.008666
-0.0645 0.017549
-0.1092 0.026946
-0.1590 0.035926
-0.2070 0.043186
-0.2480 0.048157
-0.2802 0.051082
-0.3045 0.052496
-0.3222 0.052907
-0.3347 0.052694
-0.3433 0.052124
-0.3491 0.048495
-0.3538 0.040641
-0.3580 0.033997
-0.3617 0.028398
-0.3649 0.023691
-0.3678 0.019743
-0.3703 0.016435
-0.3725 0.013669
-0.3743 0.011356
-0.3757 0.009425
-0.3767 0.007813
-0.3773 0.006470
-0.3775 0.005352
-0.3773 0.004424
-0.3769 0.003654
-0.3763 0.003016
-0.3756 0.002489
-0.3748 0.002054
-0.3741 0.001695
-0.3735 0.001399
-0.3731 0.001155
-0.3729 0.000955
-0.3730 0.000790
-0.3735 0.000654
-0.3743 0.000542
-0.3754 0.000449
-0.3768 0.000373
-0.3782 0.000309
-0.3798 0.000257
-0.3811 0.000213
-0.3822 0.000177
-0.3830 0.000146
-0.3831 0.000121
-0.3826 0.000100
-0.3811 0.000082
-0.3784 0.000068
-0.3743 0.000055
-0.3687 0.000045
-0.3617 0.000037
-0.3533 0.000030
-0.3436 0.000024
-0.3328 0.000019
-0.3207 0.000015
-0.3075 0.000012
-0.2874 0.035961
-0.2658 0.033263
-0.2441 0.030540
-0.2186 0.054717
-0.1897 0.047503
-0.1585 0.039711
-0.1222 0.030663
-0.0756 0.019035
-0.0082 0.002263
0.0876 -0.021640
0.1855 -0.046173
0.2548 -0.063557
0.2932 -0.073237
0.3086 -0.077125
0.3085 -0.077141
0.2981 -0.111852
0.2777 -0.104233
0.2573 -0.096573
0.2376 -0.089163
0.2188 -0.082133
0.2012 -0.075520
0.1847 -0.069305
0.1690 -0.063440
0.1542 -0.057862
0.1399 -0.052501
0.1260 -0.046095
0.1127 -0.038983
0.0997 -0.031922
0.0869 -0.024881
0.0725 -0.027853
0.0569 -0.020559
0.0400 -0.013703
0.0207 -0.006789
-0.0026 0.000732
-0.0319 0.009514
-0.0694 0.020169
-0.1151 0.032673
-0.1643 0.045712
-0.2099 0.057396
-0.2473 0.066639
-0.2756 0.071639
-0.2967 0.070203
-0.3121 0.067832
-0.3231 0.065058
-0.3306 0.062203
-0.3355 0.059451
-0.3383 0.056894
-0.3396 0.054572
-0.3397 0.052495
-0.3390 0.050653
-0.3383 0.042462
-0.3383 0.035104
-0.3386 0.029055
-0.3392 0.024063
-0.3398 0.019929
-0.3402 0.016501
-0.3406 0.013656
-0.3407 0.011294
-0.3405 0.009335
-0.3402 0.007711
-0.3397 0.006366
-0.3390 0.005253
-0.3382 0.004333
-0.3373 0.003572
-0.3363 0.002945
-0.3352 0.002427
-0.3341 0.002000
-0.3330 0.001649
-0.3320 0.001359
-0.3308 0.001119
-0.3295 0.000922
-0.3279 0.000759
-0.3258 0.000623
-0.3232 0.000511
-0.3198 0.000418
-0.3158 0.000341
-0.3111 0.000278
-0.3056 0.000226
-0.2994 0.000183
-0.2923 0.000148
-0.2844 0.000119
-0.2723 0.034156
-0.2564 0.032143
-0.2403 0.030109
-0.2237 0.028031
-0.2047 0.051261
-0.1812 0.045379
-0.1556 0.038982
-0.1260 0.031593
-0.0889 0.022333
-0.0374 0.009496
0.0383 -0.009347
0.1311 -0.032564
0.2094 -0.052190
0.2587 -0.064593
0.2831 -0.070740
0.2898 -0.072464
0.2853 -0.071339
0.2725 -0.102256
0.2528 -0.094864
0.2336 -0.087664
0.2153 -0.080793
0.1980 -0.074296
0.1816 -0.068164
0.1661 -0.062355
0.1514 -0.056812
0.1373 -0.049061
0.1240 -0.042007
0.1110 -0.035905
0.0980 -0.029439
0.0838 -0.033124
0.0684 -0.025325
0.0521 -0.018220
0.0339 -0.011315
0.0127 -0.004098
-0.0135 0.004026
-0.0468 0.013742
-0.0889 0.025494
-0.1379 0.038685
-0.1870 0.051496
-0.2296 0.062248
-0.2630 0.070363
-0.2875 0.075647
-0.3052 0.073016
-0.3180 0.069796
-0.3270 0.066422
-0.3330 0.063145
-0.3368 0.060091
-0.3388 0.057315
-0.3394 0.054830
-0.3391 0.051050
-0.3389 0.042187
-0.3392 0.034907
-0.3397 0.028904
-0.3403 0.023942
-0.3410 0.019836
-0.3417 0.016437
-0.3425 0.013621
-0.3433 0.011288
-0.3441 0.009355
-0.3449 0.007752
-0.3456 0.006422
-0.3461 0.005318
-0.3463 0.004399
-0.3460 0.003634
-0.3452 0.002998
-0.3438 0.002469
-0.3419 0.002030
-0.3395 0.001667
-0.3368 0.001367
-0.3338 0.001120
-0.3307 0.000918
-0.3273 0.000751
-0.3238 0.000614
-0.3199 0.000502
-0.3155 0.000409
-0.3107 0.000333
-0.3055 0.000271
-0.2997 0.000220
-0.2934 0.000178
-0.2865 0.000144
-0.2788 0.000116
-0.2705 0.000093
-0.2606 0.032670
-0.2446 0.030654
-0.2284 0.028610
-0.2117 0.026512
-0.1918 0.048040
-0.1679 0.042062
-0.1413 0.035403
-0.1094 0.027447
-0.0676 0.017022
-0.0072 0.001993
0.0778 -0.019226
0.1670 -0.041549
0.2323 -0.057951
0.2697 -0.067364
0.2855 -0.071366
0.2868 -0.071705
0.2789 -0.069758
0.2628 -0.098635
0.2431 -0.091239
0.2242 -0.084137
0.2062 -0.077407
0.1893 -0.071057
0.1733 -0.065056
0.1581 -0.059352
0.1435 -0.053880
0.1295 -0.047020
0.1160 -0.039868
0.1028 -0.033664
0.0895 -0.026460
0.0760 -0.020228
0.0616 -0.014899
0.0456 -0.010112
0.0268 -0.005530
0.0039 -0.000787
-0.0257 0.004556
-0.0649 0.010953
-0.1129 0.032265
-0.1645 0.046036
-0.2125 0.058404
-0.2518 0.068155
-0.2815 0.075186
-0.3028 0.074978
-0.3182 0.072048
-0.3290 0.068703
-0.3360 0.065295
-0.3401 0.062021
-0.3421 0.058978
-0.3423 0.056207
-0.3412 0.053715
-0.3392 0.051490
-0.3364 0.049513
-0.3332 0.047761
-0.3297 0.046212
-0.3260 0.044841
-0.3223 0.043630
-0.3186 0.042558
-0.3152 0.037791
-0.3130 0.031030
-0.3119 0.025562
-0.3115 0.021108
-0.3117 0.017461
-0.3122 0.014460
-0.3129 0.011982
-0.3135 0.009928
-0.3141 0.008223
-0.3144 0.006805
-0.3143 0.005626
-0.3140 0.004646
-0.3132 0.003833
-0.3122 0.003159
-0.3110 0.002601
-0.3095 0.002141
-0.3079 0.001761
-0.3060 0.001447
-0.3037 0.001187
-0.3010 0.000973
-0.2976 0.000795
-0.2936 0.000649
-0.2890 0.000528
-0.2836 0.000428
-0.2773 0.000346
-0.2704 0.000279
-0.2626 0.000224
-0.2541 0.031960
-0.2390 0.030028
-0.2235 0.028071
-0.2026 0.050796
-0.1807 0.045284
-0.1570 0.039346
-0.1299 0.032566
-0.0964 0.024209
-0.0510 0.012884
0.0155 -0.003685
0.1037 -0.025696
0.1863 -0.046410
0.2424 -0.060503
0.2724 -0.068068
0.2832 -0.070816
0.2814 -0.070382
0.2719 -0.068004
0.2535 -0.095154
0.2343 -0.087924
0.2158 -0.081004
0.1983 -0.074447
0.1818 -0.068249
0.1662 -0.062374
0.1512 -0.056763
0.1368 -0.051351
0.1228 -0.044465
0.1093 -0.036146
0.0963 -0.028417
0.0832 -0.022095
0.0693 -0.016736
0.0541 -0.011992
0.0368 -0.007548
0.0159 -0.003078
-0.0104 0.001810
-0.0450 0.007579
-0.0904 0.014569
-0.1446 0.022423
-0.1966 0.054005
-0.2400 0.064919
-0.2736 0.073052
-0.2980 0.077195
-0.3158 0.074482
-0.3286 0.071194
-0.3374 0.067749
-0.3430 0.064381
-0.3462 0.061215
-0.3473 0.058305
-0.3469 0.055666
-0.3454 0.053295
-0.3429 0.051175
-0.3398 0.049289
-0.3363 0.047615
-0.3326 0.046131
-0.3287 0.044809
-0.3246 0.043623
-0.3205 0.042548
-0.3163 0.041568
-0.3126 0.035086
-0.3100 0.028767
-0.3082 0.023653
-0.3072 0.019492
-0.3068 0.016095
-0.3070 0.013313
-0.3075 0.011028
-0.3085 0.009147
