-0.4785 0.000183
-0.4739 0.000150
-0.4687 0.000123
-0.4629 0.000100
-0.4568 0.000082
-0.4504 0.000067
-0.4419 0.055309
-0.4255 0.053247
-0.4108 0.051396
-0.3974 0.049715
-0.3851 0.048170
-0.3700 0.092558
-0.3513 0.087872
-0.3277 0.122990
-0.3062 0.114896
-0.2872 0.107760
-0.2702 0.101375
-0.2547 0.095574
-0.2405 0.090228
-0.2272 0.085234
-0.2146 0.080508
-0.2025 0.075972
-0.1907 0.071551
-0.1790 0.067168
-0.1644 0.082277
-0.1477 0.073945
-0.1298 0.065013
-0.1097 0.054962
-0.0857 0.042972
-0.0551 0.026943
-0.0139 0.006723
0.0415 -0.018475
0.1048 -0.044319
0.1599 -0.063063
0.1971 -0.072968
0.2169 -0.075918
0.2235 -0.074467
0.2215 -0.066411
0.2143 -0.057822
0.2038 -0.049928
0.1913 -0.042926
0.1776 -0.036817
0.1631 -0.031510
0.1480 -0.026873
0.1325 -0.021970
0.1166 -0.016003
0.1001 -0.011365
0.0822 -0.007722
0.0619 -0.004816
0.0376 -0.002428
0.0064 -0.000359
-0.0364 0.001577
-0.0963 0.003473
-0.1706 0.005102
-0.2450 0.006069
-0.3082 0.006323
-0.3581 0.006082
-0.3963 0.005569
-0.4250 0.004942
-0.4464 0.004295
-0.4623 0.003679
-0.4738 0.003120
-0.4820 0.002626
-0.4878 0.002199
-0.4916 0.001833
-0.4940 0.001524
-0.4951 0.001263
-0.4951 0.001045
-0.4940 0.000863
-0.4921 0.000711
-0.4892 0.000585
-0.4856 0.000480
-0.4813 0.000394
-0.4764 0.000322
-0.4709 0.000264
-0.4651 0.000215
-0.4589 0.000176
-0.4524 0.000143
-0.4456 0.000117
-0.4386 0.000095
-0.4312 0.000077
-0.4236 0.000063
-0.4158 0.000051
-0.4081 0.000042
-0.3991 0.049940
-0.3826 0.047863
-0.3675 0.045981
-0.3539 0.044267
-0.3413 0.042688
-0.3295 0.041215
-0.3184 0.039826
-0.3077 0.076970
-0.2905 0.072681
-0.2748 0.068744
-0.2602 0.065096
-0.2466 0.061681
-0.2336 0.058440
-0.2212 0.055324
-0.2090 0.052292
-0.1971 0.049305
-0.1851 0.046317
-0.1718 0.064478
-0.1546 0.058026
-0.1360 0.051056
-0.1148 0.043127
-0.0891 0.033514
-0.0555 0.020952
-0.0086 0.003416
0.0556 -0.020576
0.1263 -0.047120
0.1831 -0.066714
0.2187 -0.075411
0.2358 -0.077493
0.2397 -0.075532
0.2348 -0.071371
0.2246 -0.066175
0.2114 -0.057813
0.1971 -0.048850
0.1823 -0.041309
0.1672 -0.034946
0.1518 -0.029528
0.1361 -0.024845
0.1201 -0.018659
0.1037 -0.013319
0.0861 -0.009149
0.0664 -0.005845
0.0433 -0.003159
0.0142 -0.000870
-0.0252 0.001227
-0.0805 0.003273
-0.1519 0.005122
-0.2270 0.006341
-0.2930 0.006772
-0.3456 0.006611
-0.3861 0.006108
-0.4165 0.005450
-0.4392 0.004753
-0.4560 0.004080
-0.4681 0.003464
-0.4768 0.002917
-0.4827 0.002442
-0.4865 0.002035
-0.4885 0.001689
-0.4890 0.001398
-0.4883 0.001154
-0.4865 0.000951
-0.4838 0.000782
-0.4805 0.000642
-0.4765 0.000526
-0.4719 0.000431
-0.4643 0.058405
-0.4487 0.056382
-0.4345 0.054554
-0.4215 0.052878
-0.4093 0.051316
-0.3976 0.049835
-0.3865 0.048418
-0.3757 0.047055
-0.3654 0.045742
-0.3554 0.044483
-0.3458 0.043279
-0.3312 0.082857
-0.3155 0.078937
-0.3014 0.075397
-0.2885 0.072169
-0.2766 0.069190
-0.2655 0.066406
-0.2525 0.094762
-0.2367 0.088836
-0.2219 0.083273
-0.2077 0.077960
-0.1940 0.070729
-0.1811 0.062581
-0.1684 0.055553
-0.1556 0.049290
-0.1422 0.043486
-0.1275 0.037838
-0.1106 0.031996
-0.0900 0.025485
-0.0624 0.025203
-0.0231 0.009353
0.0313 -0.012086
0.0968 -0.037581
0.1562 -0.060421
0.1968 -0.075837
0.2183 -0.083825
0.2255 -0.083428
0.2235 -0.078077
0.2156 -0.071663
0.2043 -0.065001
0.1909 -0.058504
0.1764 -0.051446
0.1617 -0.042509
0.1470 -0.035140
0.1321 -0.028967
0.1166 -0.023686
0.1004 -0.019038
0.0828 -0.014791
0.0631 -0.010706
0.0400 -0.006504
0.0113 -0.001622
-0.0271 0.003083
-0.0801 0.007609
-0.1480 0.011655
-0.2197 0.014325
-0.2830 0.015276
-0.3339 0.014911
-0.3731 0.013783
-0.4028 0.012307
-0.4251 0.010740
-0.4416 0.009227
-0.4538 0.007841
-0.4627 0.006610
-0.4690 0.005541
-0.4734 0.004625
-0.4763 0.003847
-0.4779 0.003192
-0.4786 0.002643
-0.4783 0.002184
-0.4771 0.001802
-0.4752 0.001484
-0.4726 0.001220
-0.4695 0.001002
-0.4658 0.000822
-0.4618 0.000674
-0.4573 0.000552
-0.4526 0.000452
-0.4476 0.000369
-0.4425 0.000302
-0.4370 0.000247
-0.4313 0.000201
-0.4252 0.000164
-0.4187 0.000134
-0.4121 0.000109
-0.4053 0.000088
-0.3986 0.000072
-0.3909 0.048944
-0.3700 0.092593
-0.3481 0.087116
-0.3289 0.082289
-0.3117 0.077979
-0.2960 0.074054
-0.2815 0.070411
-0.2678 0.066983
-0.2548 0.063732
-0.2409 0.090394
-0.2233 0.083800
-0.2065 0.077504
-0.1901 0.071356
-0.1737 0.065188
-0.1566 0.058792
-0.1382 0.051883
-0.1172 0.044040
-0.0919 0.034567
-0.0590 0.022250
-0.0130 0.005096
0.0503 -0.017980
0.1216 -0.056711
0.1781 -0.080525
0.2132 -0.093779
0.2297 -0.098661
0.2330 -0.098031
0.2280 -0.090666
0.2184 -0.081345
0.2061 -0.072461
0.1923 -0.064278
0.1777 -0.056846
0.1627 -0.050108
0.1474 -0.043956
0.1320 -0.036894
0.1166 -0.029485
0.1008 -0.023273
0.0840 -0.017879
0.0656 -0.012971
0.0442 -0.008214
0.0181 -0.003205
-0.0161 0.002608
-0.0629 0.009905
-0.1244 0.017316
-0.1935 0.022318
-0.2579 0.024628
-0.3112 0.024594
-0.3529 0.023079
-0.3849 0.020819
-0.4090 0.018300
-0.4271 0.015804
-0.4405 0.013480
-0.4502 0.011395
-0.4572 0.009570
-0.4621 0.007997
-0.4652 0.006659
-0.4671 0.005529
-0.4680 0.004581
-0.4680 0.003788
-0.4673 0.003128
-0.4659 0.002579
-0.4640 0.002124
-0.4615 0.001747
-0.4585 0.001436
-0.4551 0.001178
-0.4512 0.000966
-0.4470 0.000792
-0.4425 0.000648
-0.4378 0.000530
-0.4329 0.000433
-0.4277 0.000354
-0.4223 0.000289
-0.4166 0.000236
-0.4107 0.000192
-0.4046 0.000157
-0.3984 0.000128
-0.3922 0.000104
-0.3861 0.000085
-0.3767 0.047167
-0.3624 0.045370
-0.3495 0.043743
-0.3377 0.042256
-0.3267 0.040878
-0.3163 0.039576
-0.3064 0.038333
-0.2969 0.037141
-0.2878 0.035999
-0.2769 0.069270
-0.2622 0.065589
-0.2485 0.062162
-0.2356 0.058941
-0.2234 0.055873
-0.2115 0.052906
-0.1998 0.049991
-0.1882 0.047082
-0.1729 0.064887
-0.1558 0.058493
-0.1374 0.051595
-0.1165 0.043772
-0.0913 0.034331
-0.0585 0.022062
-0.0128 0.004992
0.0497 -0.024513
0.1187 -0.058064
0.1748 -0.082223
0.2099 -0.095396
0.2268 -0.099988
0.2305 -0.099028
0.2256 -0.094833
0.2155 -0.088932
0.2025 -0.082254
0.1880 -0.072642
0.1737 -0.059432
0.1597 -0.048771
0.1457 -0.040048
0.1314 -0.032801
0.1167 -0.026669
0.1012 -0.021356
0.0844 -0.016605
0.0659 -0.012169
0.0444 -0.007768
0.0180 -0.003038
-0.0164 0.002312
-0.0637 0.007544
-0.1262 0.012416
-0.1963 0.016023
-0.2613 0.017680
-0.3149 0.017648
-0.3567 0.016555
-0.3884 0.014931
-0.4123 0.013122
-0.4300 0.011332
-0.4431 0.009666
-0.4524 0.008172
-0.4590 0.006864
-0.4634 0.005738
-0.4661 0.004778
-0.4675 0.003967
-0.4677 0.003286
-0.4670 0.002716
-0.4655 0.002242
-0.4634 0.001848
-0.4606 0.001521
-0.4574 0.001250
-0.4536 0.001027
-0.4495 0.000842
-0.4451 0.000691
-0.4404 0.000566
-0.4353 0.000463
-0.4299 0.000379
-0.4243 0.000309
-0.4184 0.000253
-0.4125 0.000206
-0.4065 0.000168
-0.4005 0.000137
-0.3912 0.049033
-0.3768 0.047201
-0.3637 0.045546
-0.3517 0.044036
-0.3406 0.042636
-0.3302 0.041318
-0.3202 0.040065
-0.3107 0.038868
-0.3016 0.037725
-0.2929 0.036639
-0.2828 0.070747
-0.2685 0.067169
-0.2553 0.063871
-0.2431 0.060803
-0.2315 0.057917
-0.2205 0.055163
-0.2099 0.052497
-0.1994 0.049882
-0.1890 0.047284
-0.1779 0.066775
-0.1626 0.061032
-0.1464 0.054970
-0.1286 0.048306
-0.1080 0.040601
-0.0827 0.031123
-0.0490 0.024025
-0.0013 0.000886
0.0615 -0.027421
0.1279 -0.055736
0.1798 -0.076618
0.2114 -0.088255
0.2256 -0.092579
0.2275 -0.092027
0.2216 -0.088522
0.2111 -0.080542
0.1984 -0.071201
0.1846 -0.062768
0.1704 -0.051818
0.1562 -0.042803
0.1418 -0.035316
0.1271 -0.028997
0.1117 -0.023554
0.0953 -0.018728
0.0773 -0.014283
0.0570 -0.009963
0.0326 -0.005339
0.0016 -0.000268
-0.0404 0.004448
-0.0982 0.008998
-0.1686 0.012828
-0.2387 0.015059
-0.2983 0.015601
-0.3453 0.014964
-0.3811 0.013683
-0.4079 0.012132
-0.4278 0.010537
-0.4422 0.009022
-0.4526 0.007648
-0.4598 0.006436
-0.4646 0.005387
-0.4676 0.004490
-0.4692 0.003732
-0.4697 0.003094
-0.4692 0.002560
-0.4681 0.002115
-0.4663 0.001746
-0.4640 0.001439
-0.4612 0.001185
-0.4580 0.000974
-0.4544 0.000801
-0.4505 0.000658
-0.4462 0.000540
-0.4418 0.000443
-0.4372 0.000363
-0.4324 0.000297
-0.4276 0.000244
-0.4228 0.000200
-0.4180 0.000163
-0.4130 0.000134
-0.4078 0.000109
-0.4024 0.000089
-0.3969 0.000073
-0.3912 0.000060
-0.3781 0.047332
-0.3643 0.045588
-0.3515 0.043984
-0.3396 0.042492
-0.3284 0.041088
-0.3178 0.039755
-0.3077 0.038485
-0.2980 0.037274
-0.2888 0.036124
-0.2801 0.035033
-0.2719 0.034001
-0.2595 0.064907
-0.2461 0.061559
-0.2335 0.058420
-0.2216 0.055442
-0.2102 0.052574
-0.1964 0.073715
-0.1802 0.067637
-0.1636 0.061430
-0.1461 0.054854
-0.1267 0.047573
-0.1039 0.039051
-0.0738 0.037089
-0.0328 0.016623
0.0237 -0.011513
0.0928 -0.044007
0.1563 -0.071667
0.2001 -0.088986
0.2237 -0.096862
0.2320 -0.098159
0.2299 -0.095401
0.2214 -0.090359
0.2091 -0.084161
0.1948 -0.077479
0.1794 -0.069927
0.1641 -0.059615
0.1492 -0.048211
0.1346 -0.038998
0.1198 -0.031396
0.1045 -0.024968
0.0881 -0.019361
0.0699 -0.014257
0.0488 -0.009094
0.0232 -0.003610
-0.0102 0.001251
-0.0566 0.005901
-0.1192 0.010346
-0.1917 0.013806
-0.2602 0.015545
-0.3170 0.015704
-0.3613 0.014835
-0.3947 0.013432
-0.4193 0.011825
-0.4370 0.010213
-0.4495 0.008704
-0.4578 0.007346
-0.4631 0.006158
-0.4661 0.005135
-0.4674 0.004267
-0.4674 0.003535
-0.4665 0.002923
-0.4648 0.002414
-0.4626 0.001991
-0.4601 0.001641
-0.4572 0.001351
-0.4541 0.001112
-0.4509 0.000915
-0.4475 0.000753
-0.4441 0.000619
-0.4408 0.000509
-0.4374 0.000419
-0.4342 0.000344
-0.4310 0.000283
-0.4278 0.000233
-0.4247 0.000192
-0.4215 0.000158
-0.4183 0.000130
-0.4150 0.000107
-0.4117 0.000088
-0.4084 0.000072
-0.4049 0.000059
-0.4012 0.000049
-0.3970 0.000040
-0.3925 0.000033
-0.3875 0.000027
-0.3809 0.047652
-0.3666 0.045860
-0.3533 0.044192
-0.3409 0.042636
-0.3292 0.041173
-0.3181 0.039778
-0.3073 0.038436
-0.2970 0.037141
-0.2870 0.035897
-0.2775 0.034704
-0.2684 0.033565
-0.2597 0.032480
-0.2515 0.031447
-0.2436 0.030463
-0.2314 0.057872
-0.2186 0.054676
-0.2037 0.076450
-0.1865 0.070006
-0.1692 0.063518
-0.1480 0.074122
-0.1237 0.061999
-0.0954 0.047846
-0.0594 0.029918
-0.0103 0.005447
0.0557 -0.027486
0.1272 -0.061684
0.1837 -0.085790
0.2183 -0.098552
0.2342 -0.102712
0.2371 -0.101376
0.2314 -0.096866
0.2206 -0.090698
0.2069 -0.083794
0.1917 -0.076675
0.1759 -0.069605
0.1599 -0.061882
0.1441 -0.052507
0.1284 -0.044380
0.1128 -0.034801
0.0969 -0.025880
0.0802 -0.017757
0.0617 -0.011338
0.0401 -0.006118
0.0130 -0.001676
-0.0232 0.002372
-0.0735 0.006301
-0.1393 0.009917
-0.2106 0.012449
-0.2748 0.013480
-0.3269 0.013297
-0.3670 0.012381
-0.3974 0.011112
-0.4199 0.009734
-0.4365 0.008387
-0.4485 0.007144
-0.4570 0.006034
-0.4628 0.005065
-0.4665 0.004232
-0.4685 0.003523
-0.4692 0.002925
-0.4688 0.002423
-0.4676 0.002003
-0.4657 0.001654
-0.4632 0.001364
-0.4604 0.001123
-0.4573 0.000925
-0.4540 0.000761
-0.4506 0.000627
-0.4473 0.000516
-0.4441 0.000424
-0.4409 0.000349
-0.4378 0.000288
-0.4347 0.000237
-0.4315 0.000195
-0.4283 0.000160
-0.4251 0.000132
-0.4217 0.000109
-0.4183 0.000089
-0.4148 0.000073
-0.4112 0.000060
-0.4075 0.000050
-0.4035 0.000041
-0.3991 0.000033
-0.3943 0.000027
-0.3890 0.000022
-0.3834 0.000018
-0.3711 0.046415
-0.3570 0.044657
-0.3440 0.043026
-0.3319 0.041509
-0.3205 0.040085
-0.3097 0.038730
-0.2993 0.037430
-0.2893 0.036179
-0.2797 0.034973
-0.2704 0.033816
-0.2615 0.032705
-0.2530 0.031642
-0.2449 0.030625
-0.2370 0.059287
-0.2228 0.083635
-0.2048 0.076856
-0.1872 0.070266
-0.1696 0.063649
-0.1511 0.056730
-0.1308 0.049141
-0.1072 0.040316
-0.0778 0.029292
-0.0379 0.014384
0.0186 -0.006732
0.0908 -0.033336
0.1597 -0.055596
0.2086 -0.069188
0.2327 -0.103028
0.2395 -0.103288
0.2363 -0.099615
0.2268 -0.093815
0.2138 -0.087010
0.1988 -0.079850
0.1830 -0.072680
0.1669 -0.065652
0.1509 -0.055818
0.1353 -0.047237
0.1196 -0.039211
0.1038 -0.030380
0.0872 -0.023023
0.0693 -0.016627
0.0487 -0.010738
0.0237 -0.004873
-0.0087 0.001523
-0.0530 0.008031
-0.1128 0.014291
-0.1828 0.019307
-0.2499 0.021995
-0.3061 0.022441
-0.3502 0.021382
-0.3838 0.019513
-0.4090 0.017310
-0.4275 0.015064
-0.4409 0.012933
-0.4504 0.010997
-0.4567 0.009284
-0.4607 0.007796
-0.4629 0.006521
-0.4637 0.005438
-0.4634 0.004524
-0.4623 0.003757
-0.4605 0.003116
-0.4582 0.002581
-0.4555 0.002137
-0.4525 0.001767
-0.4493 0.001461
-0.4459 0.001207
-0.4423 0.000997
-0.4387 0.000823
-0.4350 0.000680
-0.4312 0.000561
-0.4273 0.000463
-0.4235 0.000382
-0.4197 0.000315
-0.4159 0.000260
-0.4121 0.000215
-0.4084 0.000177
-0.4045 0.000146
-0.4005 0.000121
-0.3961 0.000099
-0.3915 0.000082
-0.3865 0.000067
-0.3761 0.047088
-0.3626 0.045386
-0.3501 0.043815
-0.3385 0.042358
-0.3277 0.040994
-0.3173 0.039697
-0.3074 0.038453
-0.2978 0.037254
-0.2886 0.036099
-0.2798 0.034989
-0.2713 0.033927
-0.2632 0.032912
-0.2555 0.031946
-0.2481 0.031026
-0.2411 0.030152
-0.2280 0.085583
-0.2107 0.079075
-0.1941 0.072832
-0.1776 0.066673
-0.1608 0.060382
-0.1430 0.053682
-0.1229 0.046184
-0.0991 0.037277
-0.0687 0.025907
-0.0269 0.010085
0.0319 -0.010859
0.1040 -0.034152
0.1692 -0.053398
0.2136 -0.065055
0.2372 -0.070069
0.2452 -0.070530
0.2381 -0.096728
0.2256 -0.090463
0.2107 -0.083545
0.1946 -0.076453
0.1781 -0.068639
0.1619 -0.058624
0.1461 -0.050076
0.1304 -0.041871
0.1147 -0.032951
0.0987 -0.025581
0.0816 -0.019271
0.0626 -0.013605
0.0405 -0.008178
0.0131 -0.002507
-0.0233 0.004045
-0.0732 0.012191
-0.1375 0.021936
-0.2064 0.031726
-0.2682 0.034970
-0.3188 0.034676
-0.3585 0.032519
-0.3891 0.029431
-0.4125 0.026013
-0.4302 0.022616
-0.4432 0.019429
-0.4526 0.016540
-0.4589 0.013982
-0.4627 0.011755
-0.4646 0.009840
-0.4649 0.008210
-0.4640 0.006832
-0.4622 0.005673
-0.4596 0.004704
-0.4566 0.003896
-0.4531 0.003224
-0.4494 0.002666
-0.4455 0.002204
-0.4414 0.001820
-0.4371 0.001503
-0.4329 0.001241
-0.4285 0.001025
-0.4242 0.000846
-0.4200 0.000698
-0.4159 0.000577
-0.4118 0.000476
-0.4076 0.000393
-0.4034 0.000324
-0.3989 0.000267
-0.3942 0.000220
-0.3893 0.000181
-0.3790 0.047545
-0.3657 0.045848
-0.3535 0.044300
-0.3423 0.042881
-0.3319 0.041563
-0.3221 0.040319
-0.3126 0.039129
-0.3035 0.037983
-0.2947 0.036881
-0.2863 0.035822
-0.2783 0.034809
-0.2706 0.033843
-0.2632 0.032925
-0.2563 0.032053
-0.2497 0.031230
-0.2435 0.030453
-0.2326 0.058189
-0.2165 0.081245
-0.2007 0.075319
-0.1853 0.069564
-0.1700 0.063794
-0.1539 0.057792
-0.1366 0.051282
-0.1168 0.043871
-0.0929 0.033903
-0.0623 0.021556
-0.0198 0.006671
0.0398 -0.012291
0.1109 -0.033427
0.1733 -0.050809
0.2149 -0.061449
0.2364 -0.066174
0.2429 -0.066769
0.2394 -0.064783
0.2295 -0.061318
0.2161 -0.057093
0.2007 -0.052542
0.1816 -0.067040
0.1628 -0.056773
0.1455 -0.045460
0.1290 -0.036125
0.1126 -0.028527
0.0957 -0.022126
0.0775 -0.016500
0.0569 -0.011275
0.0325 -0.006050
0.0015 -0.000315
-0.0404 0.006616
-0.0971 0.015323
-0.1656 0.025214
-0.2330 0.034410
-0.2897 0.041676
-0.3337 0.046935
-0.3666 0.050570
-0.3905 0.053001
-0.4076 0.054570
-0.4202 0.048071
-0.4301 0.041073
-0.4380 0.034905
-0.4440 0.029533
-0.4484 0.024894
-0.4514 0.020918
-0.4532 0.017527
-0.4538 0.014651
-0.4535 0.012221
-0.4525 0.010176
-0.4507 0.008460
-0.4484 0.007025
-0.4456 0.005827
-0.4424 0.004829
-0.4389 0.003999
-0.4352 0.003309
-0.4313 0.002738
-0.4274 0.002264
-0.4233 0.001872
-0.4191 0.001547
-0.4147 0.001278
-0.4101 0.001054
-0.4052 0.000870
-0.4001 0.000717
-0.3949 0.000591
-0.3895 0.000486
-0.3761 0.047419
-0.3629 0.045692
-0.3509 0.044129
-0.3399 0.042705
-0.3297 0.041389
-0.3200 0.040153
-0.3109 0.038980
-0.3021 0.037861
-0.2937 0.036794
-0.2857 0.035777
-0.2780 0.034811
-0.2708 0.033895
-0.2639 0.033028
-0.2544 0.063646
-0.2422 0.060611
-0.2309 0.057768
-0.2202 0.055080
-0.2092 0.078535
-0.1941 0.072842
-0.1790 0.067192
-0.1636 0.061417
-0.1473 0.055311
-0.1294 0.048589
-0.1086 0.040804
-0.0831 0.029619
-0.0496 0.016858
-0.0026 0.001007
0.0615 -0.018823
0.1314 -0.039104
0.1871 -0.054258
0.2217 -0.062789
0.2378 -0.066021
0.2407 -0.065695
0.2349 -0.063202
0.2238 -0.059500
0.2097 -0.055198
0.1943 -0.048154
0.1786 -0.040481
0.1632 -0.030973
0.1481 -0.023246
0.1330 -0.017258
0.1174 -0.012599
0.1009 -0.008956
0.0829 -0.006086
0.0624 -0.003793
0.0378 -0.001907
0.0062 -0.000273
-0.0373 0.001258
-0.0981 0.002757
-0.1732 0.004036
-0.2479 0.004784
-0.3112 0.004970
-0.3610 0.004770
-0.3990 0.004360
-0.4275 0.003864
-0.4486 0.003353
-0.4642 0.002869
-0.4754 0.002429
-0.4832 0.002042
-0.4883 0.001706
-0.4913 0.001419
-0.4925 0.001176
-0.4921 0.000972
-0.4904 0.000801
-0.4876 0.000658
-0.4840 0.000540
-0.4797 0.000443
-0.4749 0.000362
-0.4696 0.000296
-0.4640 0.000242
-0.4583 0.000198
-0.4524 0.000161
-0.4465 0.000132
-0.4406 0.000107
-0.4348 0.000088
-0.4289 0.000072
-0.4231 0.000058
-0.4171 0.000048
-0.4109 0.000039
-0.4046 0.000032
-0.3982 0.000026
-0.3918 0.000021
-0.3854 0.000017
-0.3732 0.046679
-0.3590 0.044906
-0.3462 0.043294
-0.3344 0.041817
-0.3234 0.040443
-0.3130 0.039147
-0.3032 0.037914
-0.2938 0.036742
-0.2849 0.035629
-0.2765 0.034573
-0.2659 0.066516
-0.2522 0.063075
-0.2393 0.059861
-0.2272 0.056829
-0.2156 0.053929
-0.2043 0.051111
-0.1932 0.048328
-0.1804 0.067694
-0.1642 0.061655
-0.1473 0.055297
-0.1286 0.048309
-0.1070 0.040202
-0.0801 0.030152
-0.0442 0.016729
0.0064 -0.002099
0.0733 -0.024947
0.1422 -0.046386
0.1946 -0.061005
0.2258 -0.068343
