0.8274 3.0765
0.8138 2.7066
0.7990 2.3836
0.7829 2.1017
0.7657 1.8556
0.7472 1.6408
0.7277 1.4532
0.7072 1.2895
0.6859 1.1465
0.6639 1.0216
0.6416 0.9126
0.6191 0.8174
0.5966 0.7344
0.5745 0.6620
0.5530 0.5993
0.5326 0.5466
0.5142 0.5062
0.5005 0.4928
0.5027 0.5709
0.5378 0.8264
0.6218 2.3238
0.7555 8.2125
0.8508 14.4665
0.8995 20.5255
0.9204 29.9603
0.9286 39.4617
0.9315 47.3764
0.9325 53.5977
0.9330 57.9298
0.9333 59.9939
0.9334 59.7513
0.9334 57.6339
0.9332 53.9032
0.9327 48.8397
0.9319 43.2122
0.9307 37.7936
0.9293 32.9477
0.9277 28.7295
0.9257 25.0735
0.9235 21.8960
0.9210 19.1264
0.9181 16.7088
0.9149 14.5980
0.9112 12.7552
0.9071 11.1470
0.9023 9.7437
0.8970 8.5195
0.8910 7.4519
0.8842 6.5207
0.8766 5.7088
0.8681 5.0007
0.8587 4.3833
0.8481 3.8450
0.8365 3.3755
0.8237 2.9660
0.8097 2.6089
0.7945 2.2974
0.7780 2.0257
0.7603 1.7886
0.7415 1.5818
0.7216 1.4013
0.7008 1.2438
0.6793 1.1064
0.6571 0.9864
0.6347 0.8817
0.6121 0.7903
0.5897 0.7106
0.5677 0.6413
0.5465 0.5816
0.5265 0.5321
0.5092 0.4991
0.4988 0.4986
0.5054 0.6087
0.5686 1.2889
0.6754 2.6877
0.7731 5.7309
0.8520 16.0101
0.8997 27.2100
0.9218 36.2027
0.9301 43.6355
0.9326 50.2080
0.9332 55.7323
0.9334 59.7417
0.9336 61.5800
0.9336 60.5026
0.9335 56.5670
0.9330 51.1041
0.9323 45.4757
0.9313 40.2450
0.9300 35.4828
0.9286 31.1702
0.9269 27.3043
0.9249 23.8782
0.9226 20.8668
0.9200 18.2319
0.9170 15.9307
0.9137 13.9223
0.9098 12.1698
0.9055 10.6408
0.9006 9.3067
0.8950 8.1427
0.8888 7.1271
0.8818 6.2411
0.8739 5.4680
0.8652 4.7933
0.8554 4.2047
0.8446 3.6910
0.8326 3.2427
0.8195 2.8514
0.8052 2.5099
0.7896 2.2118
0.7728 1.9517
0.7549 1.7245
0.7357 1.5263
0.7156 1.3532
0.6946 1.2020
0.6729 1.0701
0.6507 0.9549
0.6282 0.8543
0.6057 0.7665
0.5834 0.6899
0.5616 0.6235
0.5407 0.5668
0.5214 0.5213
0.5055 0.4953
0.5007 0.5354
0.5245 0.7270
0.5892 1.4796
0.7185 6.3180
0.8286 12.7395
0.8891 18.6036
0.9161 27.0716
0.9270 36.9224
0.9309 45.3082
0.9323 52.0270
0.9329 56.9464
0.9332 59.7109
0.9334 60.1131
0.9334 58.5005
0.9333 55.2220
0.9328 50.4798
0.9321 44.9168
0.9311 39.3748
0.9298 34.3406
0.9282 29.9373
0.9263 26.1202
0.9242 22.8058
0.9218 19.9188
0.9190 17.3997
0.9159 15.2004
0.9124 13.2803
0.9084 11.6046
0.9038 10.1424
0.8987 8.8669
0.8929 7.7544
0.8863 6.7842
0.8790 5.9382
0.8708 5.2006
0.8616 4.5574
0.8514 3.9965
0.8401 3.5075
0.8276 3.0810
0.8140 2.7090
0.7991 2.3846
0.7830 2.1017
0.7657 1.8549
0.7472 1.6395
0.7276 1.4516
0.7070 1.2877
0.6856 1.1446
0.6636 1.0197
0.6412 0.9107
0.6187 0.8156
0.5962 0.7327
0.5740 0.6604
0.5525 0.5980
0.5321 0.5455
0.5140 0.5077
0.5015 0.4985
0.5029 0.5673
0.5524 1.1037
0.6558 2.3894
0.7565 4.7823
0.8399 13.8942
0.8934 25.4160
0.9192 34.7728
0.9292 42.4091
0.9324 49.1389
0.9332 54.8871
0.9334 59.2156
0.9336 61.5096
0.9336 61.0003
0.9335 57.5150
0.9331 52.2087
0.9325 46.5406
0.9315 41.2169
0.9303 36.3624
0.9289 31.9607
0.9272 28.0070
0.9253 24.4969
0.9231 21.4082
0.9205 18.7042
0.9176 16.3422
0.9143 14.2807
0.9106 12.4819
0.9063 10.9124
0.9015 9.5432
0.8961 8.3486
0.8900 7.3064
0.8832 6.3972
0.8755 5.6039
0.8669 4.9117
0.8573 4.3077
0.8467 3.7807
0.8349 3.3208
0.8220 2.9194
0.8079 2.5691
0.7926 2.2634
0.7760 1.9966
0.7582 1.7637
0.7393 1.5604
0.7194 1.3829
0.6985 1.2279
0.6769 1.0926
0.6547 0.9745
0.6322 0.8714
0.6097 0.7814
0.5873 0.7029
0.5654 0.6347
0.5444 0.5763
0.5248 0.5291
0.5083 0.4998
0.5017 0.5306
0.5224 0.7068
0.5826 1.3494
0.7090 5.8690
0.8226 12.3147
0.8862 18.1870
0.9149 26.4160
0.9266 36.3307
0.9308 44.8247
0.9322 51.6596
0.9328 56.7186
0.9332 59.6580
0.9334 60.2315
0.9335 58.7498
0.9333 55.5814
0.9329 50.9227
0.9322 45.3822
0.9312 39.8112
0.9299 34.7272
0.9283 30.2729
0.9265 26.4105
0.9244 23.0572
0.9220 20.1369
0.9193 17.5891
0.9162 15.3648
0.9127 13.4232
0.9087 11.7286
0.9042 10.2501
0.8991 8.9604
0.8933 7.8355
0.8869 6.8546
0.8796 5.9993
0.8714 5.2536
0.8623 4.6034
0.8522 4.0364
0.8410 3.5421
0.8286 3.1110
0.8150 2.7351
0.8003 2.4073
0.7842 2.1213
0.7670 1.8719
0.7486 1.6543
0.7290 1.4644
0.7085 1.2988
0.6872 1.1543
0.6652 1.0281
0.6428 0.9180
0.6203 0.8219
0.5977 0.7381
0.5756 0.6652
0.5540 0.6021
0.5336 0.5492
0.5154 0.5111
0.5029 0.5021
0.5045 0.5755
0.5558 1.1351
0.6595 2.4405
0.7596 4.9574
0.8423 14.3843
0.8948 25.8382
0.9198 35.1072
0.9294 42.7011
0.9325 49.4076
0.9332 55.1186
0.9334 59.3918
0.9336 61.6057
0.9336 60.9945
0.9335 57.4248
0.9331 52.0847
0.9324 46.4164
0.9315 41.1004
0.9303 36.2527
0.9288 31.8583
0.9272 27.9133
0.9252 24.4126
0.9230 21.3332
0.9205 18.6377
0.9176 16.2834
0.9142 14.2286
0.9105 12.4358
0.9062 10.8717
0.9014 9.5071
0.8960 8.3167
0.8898 7.2782
0.8829 6.3722
0.8752 5.5818
0.8666 4.8921
0.8570 4.2904
0.8463 3.7654
0.8345 3.3073
0.8216 2.9075
0.8074 2.5586
0.7921 2.2541
0.7754 1.9884
0.7576 1.7564
0.7387 1.5539
0.7187 1.3772
0.6978 1.2229
0.6761 1.0882
0.6539 0.9706
0.6314 0.8680
0.6089 0.7784
0.5865 0.7002
0.5647 0.6324
0.5436 0.5746
0.5242 0.5282
0.5082 0.5023
0.5038 0.5466
0.5287 0.7472
0.5965 1.6371
0.7278 6.7953
0.8344 13.1789
0.8918 19.0764
0.9173 27.9129
0.9275 37.6841
0.9311 45.9408
0.9324 52.5338
0.9329 57.3243
0.9332 59.9444
0.9334 60.2092
0.9335 58.4782
0.9333 55.0811
0.9328 50.2427
0.9321 44.6442
0.9311 39.1147
0.9297 34.1104
0.9281 29.7370
0.9262 25.9451
0.9241 22.6513
0.9217 19.7819
0.9189 17.2782
0.9158 15.0927
0.9122 13.1849
0.9081 11.5201
0.9036 10.0677
0.8984 8.8008
0.8925 7.6960
0.8859 6.7327
0.8785 5.8927
0.8702 5.1604
0.8610 4.5219
0.8507 3.9652
0.8394 3.4798
0.8268 3.0566
0.8131 2.6875
0.7981 2.3656
0.7819 2.0849
0.7645 1.8400
0.7459 1.6264
0.7263 1.4400
0.7056 1.2775
0.6842 1.1356
0.6621 1.0118
0.6397 0.9037
0.6171 0.8094
0.5946 0.7272
0.5725 0.6557
0.5511 0.5941
0.5309 0.5431
0.5134 0.5094
0.5029 0.5098
0.5111 0.6415
0.5787 1.3895
0.6852 2.8424
0.7813 6.4646
0.8581 17.3833
0.9029 28.3379
0.9231 37.1031
0.9306 44.4443
0.9328 50.9471
0.9333 56.3594
0.9335 60.2036
0.9336 61.8044
0.9336 60.4437
0.9335 56.3019
0.9330 50.7717
0.9322 45.1507
0.9312 39.9391
0.9300 35.1938
0.9285 30.9005
0.9267 27.0579
0.9248 23.6567
0.9225 20.6696
0.9198 18.0570
0.9168 15.7757
0.9134 13.7849
0.9095 12.0480
0.9051 10.5328
0.9002 9.2110
0.8946 8.0580
0.8883 7.0521
0.8812 6.1746
0.8733 5.4091
0.8644 4.7413
0.8545 4.1586
0.8436 3.6502
0.8316 3.2065
0.8183 2.8194
0.8039 2.4816
0.7882 2.1868
0.7713 1.9295
0.7531 1.7050
0.7339 1.5090
0.7137 1.3379
0.6926 1.1885
0.6708 1.0581
0.6485 0.9443
0.6259 0.8450
0.6034 0.7583
0.5811 0.6828
0.5594 0.6174
0.5387 0.5623
0.5200 0.5201
0.5061 0.5080
0.5094 0.5953
0.5461 0.8764
0.6380 2.8805
0.7702 9.0607
0.8590 15.2168
0.9032 21.6392
0.9220 31.4726
0.9292 40.7686
0.9317 48.4519
0.9326 54.4507
0.9331 58.5482
0.9333 60.3587
0.9335 59.8887
0.9334 57.5637
0.9332 53.6233
0.9326 48.4166
0.9318 42.7562
0.9306 37.3718
0.9292 32.5780
0.9275 28.4075
0.9255 24.7905
0.9233 21.6451
0.9208 18.9032
0.9179 16.5103
0.9146 14.4215
0.9109 12.5985
0.9067 11.0079
0.9019 9.6204
0.8965 8.4103
0.8904 7.3551
0.8835 6.4351
0.8758 5.6330
0.8672 4.9337
0.8576 4.3240
0.8470 3.7925
0.8352 3.3291
0.8223 2.9250
0.8081 2.5726
0.7927 2.2653
0.7761 1.9973
0.7583 1.7635
0.7393 1.5596
0.7193 1.3817
0.6983 1.2265
0.6767 1.0911
0.6544 0.9729
0.6319 0.8697
0.6093 0.7798
0.5869 0.7014
0.5650 0.6333
0.5439 0.5753
0.5245 0.5296
0.5092 0.5072
0.5038 0.5351
0.5325 0.8684
0.6250 1.9561
0.7295 3.7914
0.8187 10.7688
0.8818 22.5669
0.9142 32.5020
0.9275 40.5037
0.9319 47.4755
0.9331 53.5504
0.9334 58.3411
0.9335 61.2947
0.9336 61.6545
0.9336 58.9572
0.9333 54.0024
0.9327 48.3170
0.9318 42.8465
0.9307 37.8343
0.9293 33.2814
0.9278 29.1805
0.9259 25.5297
0.9238 22.3112
0.9214 19.4910
0.9186 17.0267
0.9154 14.8757
0.9118 12.9991
0.9077 11.3619
0.9031 9.9337
0.8978 8.6880
0.8919 7.6013
0.8853 6.6533
0.8778 5.8264
0.8695 5.1051
0.8602 4.4758
0.8499 3.9267
0.8385 3.4477
0.8259 3.0297
0.8121 2.6650
0.7971 2.3467
0.7809 2.0690
0.7634 1.8266
0.7448 1.6150
0.7251 1.4304
0.7044 1.2692
0.6830 1.1285
0.6609 1.0057
0.6385 0.8985
0.6159 0.8050
0.5935 0.7234
0.5714 0.6525
0.5501 0.5917
0.5301 0.5421
0.5131 0.5105
0.5057 0.5387
0.5252 0.7126
0.5850 1.3917
0.7124 6.0562
0.8247 12.4881
0.8872 18.3755
0.9154 26.8559
0.9268 36.7464
0.9309 45.1774
0.9323 51.9581
0.9329 56.9776
0.9332 59.8861
0.9334 60.4310
0.9335 58.9129
0.9333 55.6930
0.9329 50.9835
0.9322 45.4143
0.9312 39.8333
0.9299 34.7461
0.9283 30.2887
0.9265 26.4220
0.9244 23.0641
0.9220 20.1397
0.9193 17.5885
0.9162 15.3618
0.9127 13.4184
0.9087 11.7227
0.9042 10.2433
0.8991 8.9531
0.8933 7.8280
0.8868 6.8471
0.8795 5.9919
0.8713 5.2463
0.8622 4.5964
0.8521 4.0298
0.8408 3.5358
0.8284 3.1051
0.8148 2.7295
0.8000 2.4020
0.7840 2.1165
0.7667 1.8674
0.7482 1.6501
0.7286 1.4606
0.7081 1.2953
0.6867 1.1510
0.6647 1.0251
0.6423 0.9153
0.6197 0.8195
0.5971 0.7359
0.5749 0.6633
0.5534 0.6006
0.5331 0.5490
0.5156 0.5152
0.5053 0.5170
0.5152 0.6701
0.5866 1.4731
0.6928 2.9728
0.7878 7.1363
0.8628 18.4292
0.9053 29.1848
0.9241 37.7850
0.9309 45.0624
0.9329 51.5049
0.9333 56.8226
0.9335 60.5287
0.9336 61.9318
0.9337 60.3415
0.9335 56.0408
0.9330 50.4640
0.9322 44.8535
0.9311 39.6614
0.9299 34.9343
0.9284 30.6610
0.9266 26.8409
0.9246 23.4629
0.9223 20.4978
0.9196 17.9051
0.9166 15.6416
0.9132 13.6665
0.9093 11.9435
0.9048 10.4405
0.8998 9.1296
0.8942 7.9861
0.8878 6.9886
0.8807 6.1186
0.8727 5.3597
0.8637 4.6976
0.8538 4.1201
0.8428 3.6162
0.8306 3.1766
0.8173 2.7930
0.8028 2.4583
0.7870 2.1662
0.7699 1.9114
0.7517 1.6890
0.7324 1.4949
0.7121 1.3254
0.6909 1.1776
0.6690 1.0485
0.6467 0.9358
0.6241 0.8375
0.6016 0.7517
0.5793 0.6770
0.5577 0.6126
0.5372 0.5589
0.5189 0.5198
0.5072 0.5224
0.5171 0.6471
0.5632 1.0451
0.6750 4.3591
0.7993 10.8065
0.8745 16.7804
0.9100 24.1963
0.9247 34.2500
0.9302 43.1111
0.9321 50.3374
0.9328 55.8584
0.9332 59.3879
0.9334 60.5742
0.9335 59.5718
0.9334 56.7918
0.9331 52.4405
0.9325 47.0093
0.9315 41.3569
0.9303 36.1050
0.9288 31.4711
0.9270 27.4466
0.9250 23.9539
0.9227 20.9141
0.9201 18.2633
0.9171 15.9499
0.9137 13.9309
0.9099 12.1692
0.9055 10.6323
0.9006 9.2918
0.8950 8.1230
0.8887 7.1039
0.8816 6.2155
0.8737 5.4410
0.8648 4.7658
0.8550 4.1773
0.8440 3.6642
0.8319 3.2169
0.8187 2.8269
0.8042 2.4868
0.7885 2.1903
0.7715 1.9317
0.7533 1.7061
0.7340 1.5094
0.7137 1.3378
0.6926 1.1881
0.6707 1.0574
0.6484 0.9434
0.6258 0.8440
0.6032 0.7573
0.5809 0.6818
0.5591 0.6165
0.5384 0.5618
0.5201 0.5230
0.5077 0.5152
0.5110 0.6115
0.5693 1.2665
0.6737 2.6501
0.7715 5.8150
0.8517 16.3386
0.8998 27.4753
0.9220 36.4092
0.9302 43.8568
0.9327 50.4658
0.9333 56.0206
0.9335 60.0634
0.9336 61.9437
0.9337 60.9168
0.9335 57.0187
0.9331 51.5561
0.9324 45.8930
0.9314 40.6092
0.9301 35.7916
0.9287 31.4297
0.9270 27.5225
0.9250 24.0619
0.9228 21.0215
0.9202 18.3617
0.9172 16.0392
0.9138 14.0127
0.9100 12.2449
0.9057 10.7029
0.9008 9.3579
0.8953 8.1848
0.8891 7.1616
0.8821 6.2692
0.8742 5.4907
0.8655 4.8117
0.8557 4.2194
0.8449 3.7026
0.8329 3.2518
0.8198 2.8585
0.8055 2.5153
0.7899 2.2159
0.7731 1.9546
0.7551 1.7266
0.7359 1.5276
0.7158 1.3540
0.6947 1.2024
0.6730 1.0701
0.6507 0.9547
0.6281 0.8539
0.6056 0.7660
0.5832 0.6894
0.5614 0.6232
0.5407 0.5677
0.5220 0.5261
0.5090 0.5210
0.5156 0.6293
0.5574 0.9752
0.6626 3.8469
0.7901 10.2489
0.8697 16.2758
0.9079 23.3953
0.9239 33.4513
0.9299 42.4457
0.9320 49.8126
0.9328 55.4917
0.9331 59.2214
0.9334 60.6273
0.9335 59.8048
0.9334 57.1698
0.9331 52.9397
0.9325 47.5640
0.9316 41.8939
0.9304 36.5875
0.9290 31.8919
0.9272 27.8109
0.9252 24.2694
0.9229 21.1880
0.9203 18.5012
0.9174 16.1567
0.9140 14.1106
0.9102 12.3253
0.9059 10.7679
0.9010 9.4096
0.8955 8.2253
0.8893 7.1927
0.8823 6.2926
0.8745 5.5079
0.8657 4.8240
0.8559 4.2278
0.8451 3.7080
0.8331 3.2549
0.8199 2.8599
0.8055 2.5155
0.7899 2.2152
0.7731 1.9533
0.7550 1.7249
0.7358 1.5257
0.7156 1.3520
0.6945 1.2004
0.6726 1.0681
0.6503 0.9527
0.6277 0.8521
0.6051 0.7643
0.5828 0.6878
0.5610 0.6218
0.5402 0.5663
0.5216 0.5265
0.5090 0.5177
0.5118 0.6117
0.5693 1.2625
0.6734 2.6434
0.7713 5.8294
0.8516 16.3907
0.8998 27.5169
0.9220 36.4416
0.9302 43.8923
0.9327 50.5071
0.9333 56.0663
0.9335 60.1137
0.9336 61.9993
0.9337 60.9784
0.9335 57.0845
0.9331 51.6213
0.9324 45.9530
0.9314 40.6612
0.9301 35.8351
0.9287 31.4659
0.9270 27.5526
0.9250 24.0870
0.9228 21.0424
0.9202 18.3790
0.9172 16.0536
0.9139 14.0245
0.9101 12.2546
0.9057 10.7107
0.9008 9.3643
0.8953 8.1899
0.8891 7.1657
0.8821 6.2724
0.8742 5.4933
0.8655 4.8136
0.8557 4.2208
0.8449 3.7037
0.8330 3.2526
0.8198 2.8590
0.8055 2.5157
0.7899 2.2161
0.7731 1.9547
0.7551 1.7266
0.7359 1.5275
0.7158 1.3538
0.6947 1.2022
0.6729 1.0699
0.6506 0.9544
0.6281 0.8537
0.6055 0.7657
0.5832 0.6892
0.5614 0.6231
0.5407 0.5678
0.5221 0.5270
0.5098 0.5266
0.5184 0.6467
0.5632 1.0402
0.6747 4.3612
0.7990 10.8076
0.8744 16.7833
0.9099 24.2884
0.9247 34.3569
0.9302 43.2054
0.9321 50.4236
0.9328 55.9481
0.9332 59.4942
0.9334 60.7014
0.9335 59.7097
0.9334 56.9255
0.9331 52.5622
0.9325 47.1187
0.9316 41.4550
0.9303 36.1918
0.9288 31.5464
0.9271 27.5106
0.9250 24.0074
0.9227 20.9586
0.9201 18.3000
0.9171 15.9802
0.9138 13.9559
0.9099 12.1897
0.9055 10.6490
0.9006 9.3055
0.8950 8.1341
0.8887 7.1129
0.8817 6.2227
0.8738 5.4468
0.8649 4.7704
0.8550 4.1809
0.8441 3.6670
0.8320 3.2190
0.8187 2.8285
0.8043 2.4880
0.7885 2.1911
0.7715 1.9322
0.7534 1.7064
0.7341 1.5095
0.7138 1.3378
0.6926 1.1879
0.6707 1.0572
0.6483 0.9432
0.6257 0.8437
0.6031 0.7570
0.5808 0.6815
0.5590 0.6163
0.5384 0.5622
0.5204 0.5255
0.5091 0.5234
0.5170 0.6659
0.5857 1.4509
0.6910 2.9407
0.7865 7.1576
0.8623 18.5069
0.9052 29.2419
0.9241 37.8311
0.9310 45.1282
0.9329 51.5931
0.9334 56.9327
0.9335 60.6652
0.9336 62.1022
0.9337 60.5496
0.9335 56.2728
0.9330 50.6951
0.9322 45.0648
0.9312 39.8449
0.9299 35.0900
0.9284 30.7923
0.9267 26.9515
0.9247 23.5562
0.9224 20.5764
0.9197 17.9711
0.9167 15.6968
0.9133 13.7126
0.9094 11.9818
0.9050 10.4723
0.9000 9.1559
0.8943 8.0077
0.8880 7.0064
0.8808 6.1332
0.8728 5.3715
0.8639 4.7072
0.8540 4.1278
0.8430 3.6224
0.8308 3.1815
0.8175 2.7968
0.8029 2.4613
0.7871 2.1685
0.7701 1.9131
0.7519 1.6902
0.7325 1.4957
0.7122 1.3260
0.6910 1.1779
0.6691 1.0486
0.6467 0.9358
0.6241 0.8374
0.6016 0.7515
0.5793 0.6768
0.5577 0.6126
0.5372 0.5597
0.5194 0.5238
0.5102 0.5437
0.5266 0.7057
0.5834 1.3587
0.7099 5.9766
0.8231 12.4078
0.8864 18.3221
0.9151 26.9327
0.9268 36.8333
0.9310 45.2610
0.9324 52.0522
0.9329 57.1111
0.9333 60.0879
0.9335 60.7020
0.9335 59.2213
0.9334 56.0082
0.9330 51.2902
0.9323 45.7022
0.9313 40.0946
0.9300 34.9766
0.9284 30.4879
0.9266 26.5916
0.9245 23.2073
0.9221 20.2602
0.9194 17.6897
0.9163 15.4468
