-0.3019 -0.005971
-0.3388 -0.004056
-0.3662 -0.002811
-0.3861 -0.001998
-0.4000 -0.001464
-0.4094 -0.001108
-0.4151 -0.000866
-0.4181 -0.000698
-0.4187 -0.000578
-0.4175 -0.000490
-0.4147 -0.000423
-0.4106 -0.000370
-0.4054 -0.000327
-0.3994 -0.000291
-0.3930 -0.000258
-0.3865 -0.000229
-0.3803 -0.000201
-0.3746 -0.000176
-0.3694 -0.000153
-0.3646 -0.000133
-0.3600 -0.000115
-0.3557 -0.000099
-0.3515 -0.000085
-0.3472 -0.000073
-0.3430 -0.000063
-0.3385 -0.000054
-0.3339 -0.000046
-0.3289 -0.000040
-0.3236 -0.000034
-0.3178 -0.000029
-0.3116 -0.000025
-0.3049 -0.000022
-0.2976 -0.000019
-0.2899 -0.000017
-0.2816 -0.000014
-0.2731 -0.000012
-0.2644 -0.000011
-0.2558 -0.000009
-0.2474 -0.000008
-0.2391 -0.000007
-0.2310 -0.000006
-0.2230 -0.000005
-0.2151 -0.000004
-0.2069 -0.000004
-0.1983 -0.000003
-0.1890 -0.000003
-0.1786 -0.000002
-0.1666 -0.000002
-0.1523 -0.000002
-0.1344 -0.000002
-0.1109 -0.000001
-0.0783 -0.000001
-0.0294 -0.000001
0.0453 -0.000001
0.1384 -0.000001
0.2178 -0.000001
0.2681 -0.000001
0.2796 -0.097456
0.2716 -0.096467
0.2555 -0.094466
0.2354 -0.091956
0.2138 -0.089256
0.1921 -0.086536
0.1708 -0.083871
0.1500 -0.081274
0.1296 -0.078721
0.1091 -0.076163
0.0880 -0.073522
0.0652 -0.070676
0.0392 -0.067431
0.0073 -0.063454
-0.0348 -0.058208
-0.0917 -0.051120
-0.1607 -0.042496
-0.2292 -0.033933
-0.2865 -0.026749
-0.3303 -0.020393
-0.3618 -0.013865
-0.3836 -0.009747
-0.3983 -0.007114
-0.4077 -0.005390
-0.4133 -0.004225
-0.4163 -0.003408
-0.4173 -0.002811
-0.4169 -0.002359
-0.4154 -0.002005
-0.4130 -0.001721
-0.4100 -0.001488
-0.4063 -0.001293
-0.4021 -0.001128
-0.3974 -0.000987
-0.3923 -0.000865
-0.3869 -0.000759
-0.3811 -0.000666
-0.3750 -0.000585
-0.3687 -0.000513
-0.3622 -0.000450
-0.3556 -0.000394
-0.3492 -0.000343
-0.3429 -0.000299
-0.3368 -0.000259
-0.3309 -0.000224
-0.3251 -0.000194
-0.3196 -0.000167
-0.3144 -0.023337
-0.3138 -0.023394
-0.3130 -0.023469
-0.3123 -0.023549
-0.3115 -0.023627
-0.3109 -0.023691
-0.3105 -0.023732
-0.3103 -0.023751
-0.3102 -0.023754
-0.3102 -0.023754
-0.3101 -0.023763
-0.3098 -0.023791
-0.3094 -0.023846
-0.3086 -0.023936
-0.3076 -0.024065
-0.3061 -0.024240
-0.3043 -0.024463
-0.3021 -0.024736
-0.3009 -0.049796
-0.3026 -0.049363
-0.3032 -0.045295
-0.3026 -0.042016
-0.3010 -0.039467
-0.2988 -0.037466
-0.2964 -0.035865
-0.2940 -0.034550
-0.2918 -0.033444
-0.2900 -0.032499
-0.2886 -0.031686
-0.2874 -0.030987
-0.2865 -0.030388
-0.2858 -0.029881
-0.2851 -0.029459
-0.2845 -0.029115
-0.2838 -0.028843
-0.2831 -0.028637
-0.2823 -0.028494
-0.2813 -0.026754
-0.2793 -0.022324
-0.2764 -0.018707
-0.2727 -0.015730
-0.2682 -0.013266
-0.2658 -0.040361
-0.2657 -0.038465
-0.2648 -0.037026
-0.2631 -0.035957
-0.2610 -0.035166
-0.2589 -0.034553
-0.2571 -0.034042
-0.2558 -0.033588
-0.2550 -0.033165
-0.2547 -0.032762
-0.2549 -0.032377
-0.2554 -0.032015
-0.2560 -0.031683
-0.2567 -0.031389
-0.2573 -0.031142
-0.2578 -0.030945
-0.2580 -0.030800
-0.2580 -0.030705
-0.2576 -0.028112
-0.2562 -0.023613
-0.2537 -0.019916
-0.2504 -0.016854
-0.2464 -0.014299
-0.2419 -0.012153
-0.2370 -0.010339
-0.2319 -0.008801
-0.2267 -0.007492
-0.2214 -0.006377
-0.2161 -0.005428
-0.2106 -0.004619
-0.2051 -0.003931
-0.1995 -0.003345
-0.1938 -0.002846
-0.1880 -0.002422
-0.1820 -0.002061
-0.1757 -0.001755
-0.1692 -0.001495
-0.1622 -0.001275
-0.1547 -0.001088
-0.1465 -0.000930
-0.1372 -0.000797
-0.1263 -0.000686
-0.1130 -0.000593
-0.0958 -0.000517
-0.0724 -0.000457
-0.0383 -0.000412
0.0136 -0.000382
0.0856 -0.000364
0.1599 -0.082763
0.2025 -0.088073
0.2265 -0.091055
0.2351 -0.092110
0.2326 -0.091768
0.2227 -0.090502
0.2083 -0.088682
0.1915 -0.086559
0.1735 -0.084292
0.1550 -0.081964
0.1362 -0.079604
0.1171 -0.077204
0.0973 -0.074718
0.0760 -0.072062
0.0523 -0.069088
0.0238 -0.065537
-0.0128 -0.060967
-0.0624 -0.049521
-0.1260 -0.035369
-0.1954 -0.024062
-0.2584 -0.015946
-0.3089 -0.010529
-0.3507 -0.025576
-0.3810 -0.019482
-0.4021 -0.015400
-0.4164 -0.012710
-0.4256 -0.010979
-0.4311 -0.009900
-0.4341 -0.009269
-0.4352 -0.008947
-0.4349 -0.008844
-0.4336 -0.008899
-0.4316 -0.009069
-0.4290 -0.009326
-0.4259 -0.009649
-0.4225 -0.010026
-0.4188 -0.010449
-0.4148 -0.010912
-0.4105 -0.011412
-0.4060 -0.011948
-0.4012 -0.012519
-0.3962 -0.012619
-0.3906 -0.010998
-0.3843 -0.009612
-0.3776 -0.008414
-0.3703 -0.007372
-0.3625 -0.006460
-0.3567 -0.023475
-0.3513 -0.023366
-0.3452 -0.023457
-0.3387 -0.023702
-0.3322 -0.024021
-0.3261 -0.024343
-0.3208 -0.024626
-0.3162 -0.024856
-0.3124 -0.025035
-0.3093 -0.025172
-0.3067 -0.025283
-0.3044 -0.025385
-0.3023 -0.025496
-0.3002 -0.025631
-0.2980 -0.025798
-0.2957 -0.025994
-0.2931 -0.022496
-0.2897 -0.019086
-0.2859 -0.016225
-0.2818 -0.013808
-0.2775 -0.011758
-0.2730 -0.010015
-0.2684 -0.008532
-0.2637 -0.007270
-0.2588 -0.006195
-0.2539 -0.005279
-0.2522 -0.035412
-0.2534 -0.034520
-0.2544 -0.033764
-0.2555 -0.033117
-0.2565 -0.032559
-0.2576 -0.032070
-0.2587 -0.031629
-0.2600 -0.031222
-0.2614 -0.030841
-0.2629 -0.030484
-0.2644 -0.030153
-0.2658 -0.029852
-0.2671 -0.029591
-0.2682 -0.029377
-0.2689 -0.029218
-0.2692 -0.029124
-0.2690 -0.029100
-0.2683 -0.029154
-0.2670 -0.029287
-0.2650 -0.029503
-0.2623 -0.026826
-0.2582 -0.022794
-0.2527 -0.019466
-0.2461 -0.016691
-0.2385 -0.014357
-0.2299 -0.012382
-0.2204 -0.010704
-0.2099 -0.009274
-0.1983 -0.008055
-0.1920 -0.045368
-0.1862 -0.045069
-0.1797 -0.045014
-0.1728 -0.045136
-0.1664 -0.045315
-0.1609 -0.045453
-0.1569 -0.045486
-0.1544 -0.045376
-0.1538 -0.045099
-0.1551 -0.044641
-0.1582 -0.043992
-0.1631 -0.043152
-0.1698 -0.042129
-0.1781 -0.040944
-0.1876 -0.039627
-0.1980 -0.038220
-0.2089 -0.036766
-0.2200 -0.035312
-0.2307 -0.031346
-0.2400 -0.025272
-0.2478 -0.020473
-0.2541 -0.016666
-0.2592 -0.013631
-0.2631 -0.011201
-0.2659 -0.009243
-0.2677 -0.007658
-0.2687 -0.006369
-0.2689 -0.005314
-0.2684 -0.004446
-0.2675 -0.003727
-0.2663 -0.003129
-0.2650 -0.002628
-0.2635 -0.002208
-0.2638 -0.031372
-0.2680 -0.030512
-0.2719 -0.029759
-0.2754 -0.029104
-0.2785 -0.028532
-0.2815 -0.028014
-0.2864 -0.053977
-0.2940 -0.051968
-0.3008 -0.050185
-0.3067 -0.048631
-0.3118 -0.047297
-0.3162 -0.046160
-0.3199 -0.045193
-0.3230 -0.044379
-0.3256 -0.043710
-0.3277 -0.043181
-0.3292 -0.042787
-0.3302 -0.042523
-0.3307 -0.042387
-0.3307 -0.042373
-0.3302 -0.042479
-0.3293 -0.042592
-0.3275 -0.039500
-0.3246 -0.037154
-0.3207 -0.035406
-0.3159 -0.034149
-0.3103 -0.033304
-0.3033 -0.028742
-0.2947 -0.024875
-0.2845 -0.021652
-0.2727 -0.018938
-0.2592 -0.016632
-0.2443 -0.014649
-0.2280 -0.012923
-0.2105 -0.011406
-0.1918 -0.010071
-0.1714 -0.008905
-0.1483 -0.007903
-0.1207 -0.007068
-0.0849 -0.058270
-0.0465 -0.062449
0.0106 -0.069168
0.0891 -0.078730
0.1685 -0.088367
0.2258 -0.095079
0.2572 -0.098437
0.2677 -0.099165
0.2639 -0.098141
0.2513 -0.096092
0.2340 -0.093527
0.2146 -0.090763
0.1945 -0.087974
0.1744 -0.085241
0.1546 -0.082587
0.1350 -0.079996
0.1154 -0.077432
0.0954 -0.074831
0.0741 -0.072099
0.0516 -0.058683
0.0272 -0.046845
-0.0017 -0.036983
-0.0387 -0.028597
-0.0876 -0.021361
-0.1471 -0.015271
-0.2083 -0.010544
-0.2619 -0.007188
-0.3044 -0.004930
-0.3363 -0.003444
-0.3594 -0.002470
-0.3756 -0.001824
-0.3867 -0.001388
-0.3941 -0.001083
-0.3990 -0.000862
-0.4022 -0.000697
-0.4042 -0.000571
-0.4051 -0.000472
-0.4051 -0.000394
-0.4044 -0.000331
-0.4030 -0.000281
-0.4010 -0.000239
-0.3982 -0.000205
-0.3948 -0.000177
-0.3909 -0.000154
-0.3864 -0.000134
-0.3816 -0.000116
-0.3767 -0.000101
-0.3716 -0.000088
-0.3666 -0.000076
-0.3616 -0.000066
-0.3566 -0.000057
-0.3517 -0.000049
-0.3468 -0.000043
-0.3419 -0.000037
-0.3370 -0.000032
-0.3319 -0.000027
-0.3267 -0.000023
-0.3214 -0.000020
-0.3159 -0.000017
-0.3101 -0.000015
-0.3042 -0.000013
-0.2982 -0.000011
-0.2919 -0.000010
-0.2856 -0.000008
-0.2792 -0.000007
-0.2728 -0.000006
-0.2665 -0.000005
-0.2602 -0.000004
-0.2540 -0.000004
-0.2479 -0.000003
-0.2418 -0.000003
-0.2357 -0.000002
-0.2296 -0.000002
-0.2233 -0.000002
-0.2169 -0.000001
-0.2103 -0.000001
-0.2034 -0.000001
-0.1962 -0.000001
-0.1887 -0.000001
-0.1810 -0.000001
-0.1742 -0.040731
-0.1749 -0.040634
-0.1768 -0.040405
-0.1798 -0.040036
-0.1840 -0.039506
-0.1897 -0.038794
-0.1969 -0.037903
-0.2089 -0.072822
-0.2253 -0.068721
-0.2414 -0.064678
-0.2567 -0.060855
-0.2707 -0.057352
-0.2832 -0.054218
-0.2942 -0.051468
-0.3037 -0.049101
-0.3117 -0.047102
-0.3183 -0.045445
-0.3237 -0.044097
-0.3279 -0.043025
-0.3311 -0.040132
-0.3329 -0.036611
-0.3341 -0.054531
-0.3373 -0.051342
-0.3392 -0.049007
-0.3399 -0.047352
-0.3396 -0.046236
-0.3385 -0.045530
-0.3369 -0.045107
-0.3351 -0.043352
-0.3327 -0.040184
-0.3298 -0.037645
-0.3266 -0.035601
-0.3232 -0.033958
-0.3196 -0.032648
-0.3159 -0.031624
-0.3120 -0.030848
-0.3078 -0.030293
-0.3033 -0.029939
-0.2985 -0.029767
-0.2933 -0.029762
-0.2877 -0.029904
-0.2815 -0.026840
-0.2744 -0.022935
-0.2668 -0.019628
-0.2589 -0.016794
-0.2511 -0.014351
-0.2436 -0.012241
-0.2363 -0.010420
-0.2292 -0.008855
-0.2224 -0.007515
-0.2157 -0.006371
-0.2089 -0.005400
-0.2019 -0.004577
-0.1946 -0.003882
-0.1866 -0.003297
-0.1780 -0.002805
-0.1686 -0.002390
-0.1583 -0.002040
-0.1469 -0.001745
-0.1340 -0.001497
-0.1187 -0.001291
-0.0997 -0.001122
-0.0743 -0.000988
-0.0378 -0.000888
0.0174 -0.000822
0.0930 -0.000780
0.1694 -0.000730
0.2261 -0.000655
0.2594 -0.000568
0.2737 -0.000479
0.2742 -0.000397
0.2657 -0.000325
0.2518 -0.000264
0.2350 -0.000214
0.2168 -0.000173
0.1983 -0.000139
0.1799 -0.000112
0.1618 -0.000091
0.1440 -0.000073
0.1264 -0.000059
0.1088 -0.000047
0.0905 -0.000038
0.0711 -0.000030
0.0495 -0.000024
0.0238 -0.000019
-0.0089 -0.000015
-0.0532 -0.000011
-0.1122 -0.000008
-0.1805 -0.000005
-0.2454 -0.000004
-0.2990 -0.000002
-0.3402 -0.000002
-0.3705 -0.000001
-0.3922 -0.000001
-0.4072 -0.000001
-0.4170 -0.000000
-0.4230 -0.000000
-0.4261 -0.000000
-0.4269 -0.000000
-0.4261 -0.000000
-0.4240 -0.000000
-0.4210 -0.000000
-0.4172 -0.000000
-0.4129 -0.000000
-0.4081 -0.000000
-0.4030 -0.000000
-0.3975 -0.000000
-0.3917 -0.000000
-0.3856 -0.000000
-0.3792 -0.000000
-0.3726 -0.000000
-0.3656 -0.000000
-0.3582 -0.000000
-0.3537 -0.018279
-0.3519 -0.037029
-0.3493 -0.037674
-0.3462 -0.038451
-0.3435 -0.039119
-0.3420 -0.039502
-0.3417 -0.039584
-0.3423 -0.039439
-0.3434 -0.039155
-0.3448 -0.038809
-0.3462 -0.038459
-0.3474 -0.038147
-0.3484 -0.037902
-0.3490 -0.037739
-0.3493 -0.037667
-0.3492 -0.037688
-0.3488 -0.037803
-0.3479 -0.038013
-0.3467 -0.038317
-0.3451 -0.038715
-0.3431 -0.039207
-0.3407 -0.037452
-0.3369 -0.032022
-0.3317 -0.027593
-0.3253 -0.023912
-0.3181 -0.020795
-0.3103 -0.018112
-0.3021 -0.015775
-0.2939 -0.013723
-0.2857 -0.011915
-0.2778 -0.010320
-0.2701 -0.008917
-0.2628 -0.007685
-0.2557 -0.006610
-0.2489 -0.005674
-0.2422 -0.004864
-0.2357 -0.004165
-0.2292 -0.003564
-0.2227 -0.003048
-0.2161 -0.002606
-0.2095 -0.002227
-0.2029 -0.001902
-0.1962 -0.001624
-0.1895 -0.001386
-0.1827 -0.001183
-0.1757 -0.001010
-0.1683 -0.000863
-0.1605 -0.000737
-0.1519 -0.000631
-0.1423 -0.000542
-0.1310 -0.000467
-0.1173 -0.000404
-0.0997 -0.000353
-0.0758 -0.000312
-0.0411 -0.000282
0.0118 -0.000263
0.0858 -0.000251
0.1633 -0.000238
0.2223 -0.000216
0.2577 -0.000189
0.2732 -0.000161
0.2743 -0.000135
0.2659 -0.000112
0.2517 -0.000091
0.2345 -0.000075
0.2160 -0.000061
0.1971 -0.000049
0.1784 -0.000040
0.1601 -0.000033
0.1421 -0.000027
0.1242 -0.000022
0.1061 -0.000017
0.0874 -0.000014
0.0673 -0.000011
0.0446 -0.000009
0.0174 -0.000007
-0.0178 -0.000006
-0.0655 -0.000004
-0.1275 -0.000003
-0.2002 -0.037572
-0.2677 -0.029119
-0.3199 -0.022568
-0.3578 -0.017813
-0.3843 -0.014484
-0.4026 -0.012194
-0.4151 -0.010630
-0.4235 -0.009570
-0.4291 -0.008868
-0.4326 -0.008431
-0.4344 -0.008199
-0.4349 -0.008136
-0.4343 -0.008214
-0.4327 -0.008416
-0.4301 -0.008728
-0.4268 -0.009140
-0.4228 -0.009644
-0.4181 -0.010231
-0.4129 -0.010884
-0.4073 -0.011579
-0.4016 -0.011241
-0.3956 -0.009860
-0.3895 -0.008629
-0.3834 -0.007529
-0.3774 -0.006547
-0.3715 -0.005675
-0.3657 -0.004904
-0.3600 -0.004227
-0.3544 -0.003634
-0.3501 -0.021828
-0.3482 -0.021567
-0.3460 -0.021417
-0.3437 -0.021356
-0.3414 -0.021356
-0.3391 -0.021389
-0.3371 -0.021439
-0.3351 -0.021505
-0.3333 -0.021589
-0.3315 -0.021694
-0.3296 -0.021825
-0.3276 -0.021982
-0.3256 -0.022164
-0.3234 -0.022374
-0.3212 -0.022611
-0.3187 -0.022879
-0.3160 -0.023182
-0.3130 -0.023526
-0.3097 -0.023917
-0.3059 -0.024363
-0.3017 -0.024871
-0.2969 -0.024424
-0.2909 -0.020999
-0.2835 -0.018161
-0.2746 -0.015787
-0.2642 -0.013788
-0.2524 -0.012095
-0.2388 -0.010653
-0.2234 -0.009421
-0.2057 -0.008369
-0.1853 -0.007475
-0.1609 -0.006725
-0.1305 -0.006119
-0.0896 -0.005674
-0.0284 -0.005443
0.0666 -0.005459
0.1782 -0.005459
0.2648 -0.005144
0.3061 -0.105277
0.3108 -0.105164
0.2991 -0.103044
0.2785 -0.099889
0.2541 -0.096353
0.2289 -0.092804
0.2043 -0.089409
0.1808 -0.086218
0.1585 -0.083214
0.1369 -0.080350
0.1156 -0.077554
0.0940 -0.074737
0.0710 -0.071770
0.0450 -0.068461
0.0137 -0.064491
-0.0272 -0.059339
-0.0826 -0.052383
-0.1524 -0.087195
-0.2297 -0.067806
-0.2931 -0.051912
-0.3398 -0.038782
-0.3720 -0.028512
-0.3933 -0.022046
-0.4069 -0.017964
-0.4156 -0.015349
-0.4209 -0.013635
-0.4241 -0.012492
-0.4258 -0.011726
-0.4264 -0.011227
-0.4261 -0.010933
-0.4251 -0.010806
-0.4233 -0.010823
-0.4207 -0.010965
-0.4176 -0.011218
-0.4138 -0.011569
-0.4096 -0.012004
-0.4048 -0.012513
-0.3996 -0.013086
-0.3941 -0.013450
-0.3881 -0.011872
-0.3815 -0.010496
-0.3746 -0.009277
-0.3675 -0.008188
-0.3602 -0.007212
-0.3530 -0.006337
-0.3457 -0.005553
-0.3385 -0.004855
-0.3314 -0.004232
-0.3245 -0.003680
-0.3185 -0.025864
-0.3163 -0.025646
-0.3140 -0.025516
-0.3117 -0.025452
-0.3096 -0.025417
-0.3080 -0.025369
-0.3069 -0.025288
-0.3062 -0.025180
-0.3060 -0.025057
-0.3059 -0.024932
-0.3060 -0.024816
-0.3060 -0.024716
-0.3060 -0.024637
-0.3059 -0.024584
-0.3057 -0.024561
-0.3053 -0.024569
-0.3047 -0.024609
-0.3037 -0.022498
-0.3020 -0.018953
-0.2996 -0.016022
-0.2966 -0.013579
-0.2932 -0.011529
-0.2895 -0.009800
-0.2856 -0.008337
-0.2815 -0.007097
-0.2771 -0.006044
-0.2726 -0.005149
-0.2680 -0.004388
-0.2634 -0.003738
-0.2587 -0.003183
-0.2541 -0.002710
-0.2495 -0.002305
-0.2451 -0.001959
-0.2407 -0.001664
-0.2364 -0.001413
-0.2322 -0.001199
-0.2281 -0.001016
-0.2240 -0.000862
-0.2201 -0.000730
-0.2199 -0.035621
-0.2233 -0.035100
-0.2267 -0.034580
-0.2303 -0.034065
-0.2338 -0.033557
-0.2375 -0.033052
-0.2412 -0.032543
-0.2451 -0.032028
-0.2490 -0.031508
-0.2530 -0.030987
-0.2570 -0.030471
-0.2609 -0.029962
-0.2648 -0.029464
-0.2685 -0.028988
-0.2720 -0.028544
-0.2751 -0.028143
-0.2779 -0.027792
-0.2802 -0.027496
-0.2821 -0.027259
-0.2835 -0.027082
-0.2844 -0.026763
-0.2842 -0.022141
-0.2828 -0.018429
-0.2801 -0.015422
-0.2764 -0.012969
-0.2715 -0.010955
-0.2656 -0.009293
-0.2585 -0.007916
-0.2502 -0.006770
-0.2406 -0.005812
-0.2296 -0.005009
-0.2171 -0.004333
-0.2027 -0.003764
-0.1862 -0.003284
-0.1668 -0.002883
-0.1432 -0.002553
-0.1129 -0.002290
-0.0705 -0.002100
-0.0055 -0.001998
0.0910 -0.001974
0.1931 -0.001915
0.2673 -0.001754
0.3078 -0.001527
0.3190 -0.103678
0.2978 -0.100785
0.2719 -0.097346
0.2449 -0.093799
0.2185 -0.090371
0.1936 -0.087145
0.1701 -0.084121
0.1477 -0.081258
0.1260 -0.078491
0.1043 -0.075738
0.0818 -0.072885
0.0570 -0.069770
0.0280 -0.066130
-0.0088 -0.061523
-0.0586 -0.055300
-0.1240 -0.047120
-0.1965 -0.038047
-0.2619 -0.029853
-0.3136 -0.023362
-0.3519 -0.018565
-0.3788 -0.015178
-0.3969 -0.011877
-0.4080 -0.008850
-0.4137 -0.006926
-0.4155 -0.005662
-0.4145 -0.004788
-0.4114 -0.004142
-0.4070 -0.003630
-0.4018 -0.003199
-0.3963 -0.002823
-0.3906 -0.002487
-0.3850 -0.002183
-0.3797 -0.001907
-0.3748 -0.001658
-0.3703 -0.001434
-0.3663 -0.001235
-0.3626 -0.001060
-0.3591 -0.000908
-0.3557 -0.000776
-0.3524 -0.000663
-0.3491 -0.000566
-0.3473 -0.019564
-0.3475 -0.019467
-0.3502 -0.037786
-0.3528 -0.037068
-0.3548 -0.036531
-0.3562 -0.036140
-0.3572 -0.035864
-0.3578 -0.035671
-0.3583 -0.035542
-0.3585 -0.035471
-0.3585 -0.035458
-0.3582 -0.035507
-0.3577 -0.035618
-0.3570 -0.035791
-0.3560 -0.036023
-0.3549 -0.036309
-0.3535 -0.036642
-0.3548 -0.052985
-0.3556 -0.048755
-0.3549 -0.043889
-0.3531 -0.040124
-0.3506 -0.037176
-0.3474 -0.034843
-0.3439 -0.032985
-0.3401 -0.031503
-0.3362 -0.030325
-0.3323 -0.029399
-0.3282 -0.028683
-0.3241 -0.028145
-0.3201 -0.027758
-0.3160 -0.027499
-0.3119 -0.027352
-0.3078 -0.027299
-0.3037 -0.027329
-0.2996 -0.027433
-0.2954 -0.027603
-0.2911 -0.027836
-0.2863 -0.023732
-0.2804 -0.020173
-0.2736 -0.017211
-0.2657 -0.014732
-0.2568 -0.012651
-0.2467 -0.010900
-0.2352 -0.009427
-0.2221 -0.008186
-0.2068 -0.007144
-0.1888 -0.006274
-0.1670 -0.005554
-0.1396 -0.004973
-0.1030 -0.004531
-0.0495 -0.004253
0.0346 -0.004174
0.1458 -0.004173
0.2418 -0.003968
0.3019 -0.003551
0.3290 -0.003039
0.3319 -0.002524
0.3199 -0.002058
0.2997 -0.001661
0.2760 -0.001334
0.2515 -0.001069
0.2277 -0.000856
0.2050 -0.000687
0.1835 -0.000551
0.1632 -0.000442
0.1437 -0.000355
0.1247 -0.000285
0.1057 -0.000229
0.0861 -0.000183
0.0649 -0.000146
0.0408 -0.000116
0.0115 -0.000091
-0.0269 -0.000069
-0.0791 -0.000051
-0.1449 -0.000036
-0.2137 -0.000024
-0.2735 -0.000016
-0.3201 -0.000010
-0.3543 -0.000007
-0.3782 -0.000005
-0.3940 -0.000003
-0.4034 -0.000003
-0.4078 -0.000002
-0.4085 -0.000002
-0.4064 -0.000001
-0.4022 -0.000001
-0.3966 -0.000001
-0.3903 -0.000001
-0.3838 -0.000001
-0.3775 -0.000001
-0.3717 -0.000001
-0.3663 -0.000001
-0.3615 -0.000000
-0.3571 -0.000000
-0.3531 -0.000000
-0.3494 -0.000000
-0.3488 -0.018897
-0.3487 -0.018917
-0.3483 -0.018966
-0.3477 -0.019033
-0.3472 -0.019104
-0.3467 -0.019161
-0.3464 -0.019194
-0.3464 -0.019204
-0.3496 -0.056443
-0.3560 -0.054016
-0.3612 -0.052059
-0.3653 -0.050527
-0.3684 -0.049353
-0.3708 -0.048467
-0.3725 -0.047815
-0.3737 -0.047363
-0.3744 -0.047088
-0.3746 -0.045021
-0.3740 -0.042979
-0.3727 -0.041491
-0.3710 -0.040432
-0.3706 -0.055374
-0.3710 -0.054086
-0.3708 -0.053246
-0.3700 -0.052756
-0.3688 -0.051103
