0.8910 9.6067
0.8973 14.2516
0.9065 19.0788
0.9142 22.5373
0.9193 24.8670
0.9221 25.8016
0.9231 24.2631
0.9224 20.8882
0.9199 17.4902
0.9163 14.7361
0.9119 12.6321
0.9071 11.0410
0.9023 9.8314
0.8975 8.9029
0.8930 8.1834
0.8888 7.6203
0.8850 7.1707
0.8815 6.7938
0.8783 6.4507
0.8751 6.1115
0.8717 5.7621
0.8678 5.4137
0.8640 5.2285
0.8621 5.4275
0.8635 5.8759
0.8677 6.5014
0.8739 7.4777
0.8814 8.7267
0.8896 11.3570
0.9007 17.5328
0.9113 22.9568
0.9187 27.1022
0.9232 30.1984
0.9256 32.4470
0.9270 34.0063
0.9277 34.9675
0.9281 35.3430
0.9282 35.0440
0.9281 33.8756
0.9277 31.6586
0.9268 28.5243
0.9254 24.9692
0.9233 21.5055
0.9206 18.4121
0.9174 15.7606
0.9135 13.5220
0.9091 11.6377
0.9040 10.0500
0.8985 8.7778
0.8929 8.0414
0.8885 7.7281
0.8859 7.6545
0.8847 7.7177
0.8848 7.8589
0.8855 8.0538
0.8871 8.6916
0.8904 9.6541
0.8941 10.2263
0.8967 10.2100
0.8973 9.7486
0.8960 9.0460
0.8932 8.2464
0.8891 7.4341
0.8838 6.6493
0.8776 5.9115
0.8703 5.2327
0.8619 4.6303
0.8527 4.1349
0.8433 3.7580
0.8345 3.4888
0.8269 3.3075
0.8209 3.1950
0.8168 3.1357
0.8143 3.1189
0.8135 3.1395
0.8142 3.2531
0.8192 3.7064
0.8300 4.4121
0.8434 5.1862
0.8561 5.9261
0.8664 6.5849
0.8741 7.1464
0.8796 7.6097
0.8834 7.9921
0.8864 8.6263
0.8928 12.8211
0.9031 17.9513
0.9122 21.9184
0.9183 24.9828
0.9221 27.6488
0.9244 30.0727
0.9258 32.1856
0.9268 33.9128
0.9275 35.0967
0.9280 35.3152
0.9281 34.0437
0.9277 31.3295
0.9267 27.8007
0.9251 24.1406
0.9228 20.7517
0.9199 17.7813
0.9165 15.2428
0.9126 13.0971
0.9080 11.2902
0.9029 9.7692
0.8972 8.4879
0.8909 7.4155
0.8843 6.6401
0.8781 6.1520
0.8729 5.8160
0.8687 5.5169
0.8647 5.1842
0.8601 4.7989
0.8544 4.3776
0.8472 3.9477
0.8384 3.5345
0.8281 3.1580
0.8166 2.8304
0.8043 2.5552
0.7919 2.3317
0.7799 2.1573
0.7691 2.0286
0.7600 1.9404
0.7532 1.8908
0.7492 1.8942
0.7493 1.9672
0.7547 2.1591
0.7692 2.6885
0.7932 3.5320
0.8196 4.5013
0.8428 5.6356
0.8618 7.0443
0.8767 8.5332
0.8878 10.1889
0.8981 15.1839
0.9087 21.0476
0.9168 25.4752
0.9218 28.6712
0.9247 30.9102
0.9262 32.4159
0.9270 33.3367
0.9274 33.7366
0.9276 33.6011
0.9276 32.8163
0.9272 31.1664
0.9266 28.5338
0.9253 25.2108
0.9234 21.7528
0.9208 18.5940
0.9176 15.9336
0.9138 13.7922
0.9097 12.1035
0.9054 10.7792
0.9011 9.7363
0.8969 8.9047
0.8929 8.2447
0.8891 7.7435
0.8858 7.3628
0.8829 7.0533
0.8804 6.7758
0.8779 6.5068
0.8755 6.2376
0.8729 5.9692
0.8702 5.7695
0.8715 7.8657
0.8846 12.6780
0.8991 16.5355
0.9096 19.3799
0.9160 21.5457
0.9196 23.4719
0.9217 25.2098
0.9230 26.6717
0.9240 27.7886
0.9246 28.4097
0.9250 28.1877
0.9246 24.8216
0.9230 21.5250
0.9208 19.1014
0.9183 17.2104
0.9157 15.5854
0.9129 14.0849
0.9100 12.6626
0.9066 11.3210
0.9027 10.0753
0.8982 8.9371
0.8931 7.9118
0.8872 6.9990
0.8807 6.1939
0.8734 5.4908
0.8654 4.8995
0.8571 4.4287
0.8491 4.1115
0.8437 4.1810
0.8440 4.6115
0.8496 5.2311
0.8583 6.1339
0.8688 7.3424
0.8792 8.6413
0.8880 9.8889
0.8948 11.0097
0.8998 11.9609
0.9033 12.7025
0.9056 13.1874
0.9070 13.3820
0.9076 13.2982
0.9076 12.9773
0.9069 12.4675
0.9057 11.8310
0.9043 11.9231
0.9061 15.8413
0.9111 19.6667
0.9160 22.4231
0.9196 24.3864
0.9219 25.7880
0.9233 26.8953
0.9242 27.9799
0.9248 28.8917
0.9253 29.3545
0.9255 29.0191
0.9254 27.6091
0.9247 25.2711
0.9234 22.5482
0.9214 19.9291
0.9190 17.6209
0.9162 15.6186
0.9131 13.8411
0.9096 12.2269
0.9056 10.7567
0.9009 9.4315
0.8956 8.2546
0.8895 7.2269
0.8826 6.3439
0.8750 5.6085
0.8671 5.0560
0.8601 4.8169
0.8568 5.1061
0.8592 5.7528
0.8654 6.5552
0.8731 7.4008
0.8804 8.2653
0.8867 9.1568
0.8920 10.0513
0.8963 10.8958
0.8998 11.6209
0.9023 12.1468
0.9041 12.4017
0.9050 12.3577
0.9051 12.0482
0.9044 11.5403
0.9030 10.8975
0.9009 10.1655
0.8983 9.4777
0.8975 11.6676
0.9029 15.8727
0.9097 18.9543
0.9150 21.0998
0.9185 22.6441
0.9207 23.8369
0.9220 24.8050
0.9227 25.3243
0.9228 22.7996
0.9211 18.6676
0.9176 15.3172
0.9130 12.8126
0.9077 10.9569
0.9021 9.5683
0.8965 8.5072
0.8910 7.6756
0.8857 7.0067
0.8806 6.4566
0.8756 5.9997
0.8716 6.1613
0.8779 10.3436
0.8925 15.1336
0.9054 18.9944
0.9142 22.0739
0.9194 24.8139
0.9224 27.2895
0.9242 27.6953
0.9244 25.3012
0.9235 23.1098
0.9222 21.9023
0.9210 21.4087
0.9203 21.0745
0.9197 20.5422
0.9192 19.7298
0.9183 18.6434
0.9171 17.3254
0.9154 15.8523
0.9132 14.3230
0.9105 12.8289
0.9071 11.4333
0.9032 10.1684
0.8987 9.0449
0.8937 8.0608
0.8882 7.2175
0.8824 6.5267
0.8766 5.9815
0.8710 5.5610
0.8659 5.2424
0.8615 5.0092
0.8579 4.8485
0.8552 4.7470
0.8533 4.6911
0.8522 4.6665
0.8516 4.6568
0.8513 4.6441
0.8511 4.6126
0.8505 4.5519
0.8496 4.4685
0.8488 4.5517
0.8506 4.9335
0.8553 5.4400
0.8615 5.9589
0.8685 7.2069
0.8825 12.4975
0.8989 17.9877
0.9111 22.4046
0.9187 26.1328
0.9230 29.4562
0.9255 32.2991
0.9269 34.5756
0.9278 36.2091
0.9284 36.9220
0.9285 33.7319
0.9276 29.7638
0.9262 26.5907
0.9245 24.0284
0.9227 21.8445
0.9209 19.8789
0.9189 18.0609
0.9167 16.3627
0.9142 14.7780
0.9114 13.3024
0.9082 11.9283
0.9046 10.6496
0.9004 9.4645
0.8956 8.3742
0.8900 7.3810
0.8836 6.4862
0.8762 5.6890
0.8679 4.9859
0.8584 4.3751
0.8481 3.8703
0.8374 3.4790
0.8270 3.1924
0.8179 2.9992
0.8106 2.8898
0.8064 2.9456
0.8099 3.4908
0.8289 6.3122
0.8637 12.7988
0.8929 18.7865
0.9109 23.7703
0.9203 27.8938
0.9247 31.2812
0.9268 34.0126
0.9279 36.0877
0.9285 37.3657
0.9289 37.5276
0.9289 36.2301
0.9285 33.5132
0.9276 29.9386
0.9262 26.1638
0.9242 22.5990
0.9216 19.4110
0.9185 16.6335
0.9149 14.2438
0.9106 12.2008
0.9057 10.4636
0.9001 8.9961
0.8937 7.7635
0.8865 6.7329
0.8787 5.8766
0.8703 5.1865
0.8616 4.6546
0.8532 4.2581
0.8456 3.9691
0.8390 3.7617
0.8336 3.6143
0.8295 3.5204
0.8267 3.4855
0.8254 3.5001
0.8254 3.5449
0.8264 3.5987
0.8278 3.6427
0.8290 3.6641
0.8297 3.6602
0.8298 3.6599
0.8349 5.4413
0.8650 15.2988
0.8957 25.3805
0.9151 33.5528
0.9251 39.8403
0.9295 42.9336
0.9308 41.9824
0.9307 38.8889
0.9298 35.1200
0.9286 32.2850
0.9274 30.2796
0.9264 28.7226
0.9255 27.3269
0.9247 25.9362
0.9238 24.4961
0.9228 22.9851
0.9216 21.3895
0.9202 19.7146
0.9186 17.9974
0.9165 16.2896
0.9141 14.6390
0.9111 13.0840
0.9077 11.6489
0.9038 10.3467
0.8994 9.1814
0.8943 8.1499
0.8887 7.2436
0.8826 6.4512
0.8759 5.7603
0.8686 5.1591
0.8608 4.6364
0.8525 4.1821
0.8438 3.7873
0.8347 3.4433
0.8253 3.1423
0.8156 2.8766
0.8056 2.6397
0.7953 2.4261
0.7845 2.2319
0.7733 2.0544
0.7617 1.8933
0.7499 1.7633
0.7394 1.6848
0.7323 1.6758
0.7312 1.7528
0.7382 2.0093
0.7588 2.6544
0.7890 3.5781
0.8231 5.9409
0.8592 9.4862
0.8857 12.2125
0.9000 12.7962
0.9063 13.4922
0.9090 14.4713
0.9108 15.5979
0.9124 16.7751
0.9141 17.9384
0.9157 19.0463
0.9171 20.0571
0.9183 20.8752
0.9192 21.3631
0.9198 21.4046
0.9199 20.9648
0.9196 20.0951
0.9188 18.8980
0.9175 17.4923
0.9158 15.9898
0.9135 14.4799
0.9108 13.0236
0.9076 11.6573
0.9038 10.4002
0.8995 9.2601
0.8947 8.2369
0.8892 7.3251
0.8832 6.5160
0.8764 5.7991
0.8690 5.1640
0.8609 4.6011
0.8520 4.1026
0.8422 3.6619
0.8317 3.2737
0.8203 2.9329
0.8082 2.6348
0.7955 2.3751
0.7822 2.1518
0.7690 1.9789
0.7572 1.8706
0.7485 1.8230
0.7439 1.8379
0.7471 2.0920
0.7647 2.7128
0.7915 3.5168
0.8187 4.5131
0.8489 8.7703
0.8807 14.6428
0.9025 19.1386
0.9146 22.5281
0.9206 25.4818
0.9236 28.2894
0.9252 30.0074
0.9258 28.9396
0.9255 27.3855
0.9249 26.4970
0.9243 25.9611
0.9238 25.3996
0.9233 24.6700
0.9228 23.7924
0.9222 22.7757
0.9214 21.6069
0.9204 20.2873
0.9191 18.8404
0.9175 17.3174
0.9155 15.7913
0.9132 14.3319
0.9105 12.9851
0.9075 11.7677
0.9041 10.6733
0.9005 9.6839
0.8965 8.7810
0.8921 7.9531
0.8873 7.1980
0.8820 6.5161
0.8763 5.9066
0.8701 5.3662
0.8635 4.8906
0.8566 4.4741
0.8494 4.1113
0.8421 3.7964
0.8347 3.5240
0.8274 3.2877
0.8202 3.0810
0.8130 2.8968
0.8060 2.7292
0.7989 2.5771
0.7932 2.6864
0.8150 6.4445
0.8560 11.1727
0.8870 14.7313
0.9050 17.4171
0.9141 19.5211
0.9183 21.2328
0.9203 22.6577
0.9214 23.9762
0.9223 25.5622
0.9233 27.1840
0.9241 28.2413
0.9248 28.3848
0.9250 27.9515
0.9248 26.7301
0.9243 25.5839
0.9236 24.7248
0.9230 23.9613
0.9224 23.2219
0.9218 22.4384
0.9211 21.5704
0.9203 20.6294
0.9194 19.6228
0.9183 18.5242
0.9170 17.3071
0.9154 15.9851
0.9134 14.6116
0.9110 13.2528
0.9081 11.9633
0.9047 10.7763
0.9009 9.7061
0.8967 8.7529
0.8921 7.9077
0.8871 7.1592
0.8818 6.4972
0.8761 5.9144
0.8702 5.4155
0.8643 5.1022
0.8648 7.2932
0.8797 12.0445
0.8961 15.9007
0.9080 18.8559
0.9152 21.3817
0.9193 23.7188
0.9218 25.7745
0.9234 27.4445
0.9244 28.5743
0.9251 28.8904
0.9253 28.1022
0.9249 26.2530
0.9239 23.8194
0.9224 21.2985
0.9203 18.9230
0.9178 16.7297
0.9149 14.7073
0.9114 12.8575
0.9073 11.1903
0.9025 9.7105
0.8969 8.4137
0.8905 7.2881
0.8831 6.3173
0.8748 5.4839
0.8655 4.7705
0.8552 4.1609
0.8438 3.6407
0.8315 3.2057
0.8189 2.9004
0.8082 2.7579
0.8016 2.7575
0.8001 2.8592
0.8030 3.0246
0.8085 3.2232
0.8152 3.4363
0.8224 3.7630
0.8390 6.8454
0.8690 12.1039
0.8935 16.2736
0.9085 19.6146
0.9167 22.8220
0.9212 26.2894
0.9239 30.5173
0.9262 36.1257
0.9279 37.3489
0.9284 34.5069
0.9280 31.8448
0.9272 29.8559
0.9262 28.2616
0.9253 26.8699
0.9244 25.5615
0.9236 24.2559
0.9226 22.9262
0.9216 21.5702
0.9204 20.1788
0.9190 18.7268
0.9174 17.2022
0.9154 15.6319
0.9129 14.0695
0.9099 12.5685
0.9064 11.1679
0.9023 9.8902
0.8975 8.7441
0.8921 7.7281
0.8861 6.8344
0.8793 6.0516
0.8719 5.3672
0.8637 4.7688
0.8549 4.2454
0.8453 3.7871
0.8349 3.3853
0.8238 3.0329
0.8120 2.7253
0.7996 2.4591
0.7867 2.2309
0.7737 2.0366
0.7608 1.8747
0.7485 1.7489
0.7392 1.7593
0.7439 2.1395
0.7649 2.7776
0.7940 3.7409
0.8244 5.0090
0.8502 6.3888
0.8694 7.7670
0.8826 9.0814
0.8915 10.3126
0.8976 11.4939
0.9021 12.7553
0.9058 14.2392
0.9092 15.9799
0.9123 17.5966
0.9148 18.7042
0.9165 19.1898
0.9174 19.1696
0.9176 18.8403
0.9173 18.3593
0.9168 17.8111
0.9161 17.2136
0.9152 16.5376
0.9142 15.7375
0.9129 14.7907
0.9112 13.7208
0.9090 12.5831
0.9063 11.4328
0.9030 10.3073
0.8991 9.2518
0.8946 8.3273
0.8899 7.6399
0.8857 7.2714
0.8827 7.1448
0.8810 7.0644
0.8798 6.8677
0.8781 6.4949
0.8750 5.9734
0.8701 5.3702
0.8633 4.7516
0.8544 4.1639
0.8437 3.6322
0.8312 3.1659
0.8172 2.7648
0.8018 2.4239
0.7855 2.1431
0.7691 1.9392
0.7550 1.8286
0.7460 1.8217
0.7442 1.9087
0.7497 2.0929
0.7618 2.3903
0.7785 2.7826
0.7967 3.2417
0.8147 3.8943
0.8340 5.0680
0.8542 6.6790
0.8720 8.4285
0.8868 11.9596
0.9014 18.5339
0.9129 23.9982
0.9201 28.2418
0.9242 31.7963
0.9266 34.8606
0.9280 37.3402
0.9288 39.1337
0.9294 40.1650
0.9297 40.3708
0.9298 39.6320
0.9296 38.1788
0.9294 39.2675
0.9295 40.4733
0.9297 40.4388
0.9297 39.6748
0.9296 38.5324
0.9293 37.2073
0.9289 35.8026
0.9285 34.3326
0.9280 32.6922
0.9273 30.6381
0.9264 27.8674
0.9247 22.7558
0.9216 18.2467
0.9174 14.9218
0.9123 12.4625
0.9067 10.5945
0.9008 9.1308
0.8944 7.9490
0.8877 6.9796
0.8807 6.1812
0.8733 5.5140
0.8657 4.9594
0.8579 4.5079
0.8503 4.1464
0.8430 3.8599
0.8363 3.6364
0.8304 3.4645
0.8253 3.3339
0.8212 3.2377
0.8180 3.1872
0.8163 3.2029
0.8166 3.2964
0.8194 3.5128
0.8254 3.8852
0.8349 4.5915
0.8489 6.2366
0.8716 12.0078
0.8946 18.2344
0.9104 23.4685
0.9195 27.7734
0.9242 31.2710
0.9266 34.0608
0.9278 36.2001
0.9285 37.6764
0.9290 38.3608
0.9292 37.9750
0.9290 36.2165
0.9285 33.1303
0.9275 29.2582
0.9258 25.2450
0.9236 21.5016
0.9207 18.2125
0.9172 15.6063
0.9134 13.7556
0.9097 12.4345
0.9063 11.4648
0.9032 10.7349
0.9006 10.1745
0.8983 9.7366
0.8964 9.4358
0.8952 9.4662
0.8950 9.6745
0.8954 9.7754
0.8957 9.6245
0.8952 9.2210
0.8936 8.6517
0.8910 8.0173
0.8875 7.3909
0.8834 6.8139
0.8789 6.3044
0.8742 5.8668
0.8695 5.4979
0.8649 5.1883
0.8606 4.9254
0.8566 4.6980
0.8528 4.4970
0.8491 4.3162
0.8456 4.1550
0.8433 4.4408
0.8567 8.6773
0.8803 13.3028
0.8990 16.9145
0.9107 20.0466
0.9173 22.8219
0.9210 25.2362
0.9231 27.2879
0.9244 28.9640
0.9253 30.3287
0.9262 34.1157
0.9275 38.8010
0.9288 41.2522
0.9297 41.8353
0.9300 41.1777
0.9300 39.5119
0.9295 35.6773
0.9284 30.7448
0.9267 26.6002
0.9246 23.4792
0.9224 21.1552
0.9203 19.3825
0.9184 18.0101
0.9166 16.9329
0.9150 16.0274
0.9135 15.1804
0.9119 14.3244
0.9102 13.4320
0.9083 12.5154
0.9060 11.6037
0.9034 10.7306
0.9005 9.9175
0.8974 9.1704
0.8940 8.4861
0.8904 7.8591
0.8865 7.2844
0.8825 6.7558
0.8782 6.2646
0.8736 5.8016
0.8686 5.3605
0.8631 4.9391
0.8571 4.5385
0.8504 4.1615
0.8431 3.8109
0.8351 3.4890
0.8265 3.1972
0.8174 2.9363
0.8080 2.7061
0.7984 2.5070
0.7890 2.3659
0.7842 2.5169
0.7905 2.9900
0.8056 3.6053
0.8232 4.2546
0.8393 4.9074
0.8549 7.1000
0.8780 13.0459
0.8986 18.3880
0.9120 22.6204
0.9194 25.9782
0.9233 28.8449
0.9254 31.2597
0.9266 33.1397
0.9273 34.4276
0.9278 34.9781
0.9280 34.5036
0.9278 32.8108
0.9273 30.1786
0.9262 27.1981
0.9247 24.3093
0.9229 21.6778
0.9207 19.3238
0.9183 17.2367
0.9156 15.4066
0.9127 13.8189
0.9095 12.4487
0.9061 11.2604
0.9026 10.2105
0.8987 9.2578
0.8946 8.4343
0.8906 7.9795
0.8877 7.8319
0.8862 7.8492
0.8858 7.9499
0.8862 8.0908
0.8870 8.2534
0.8880 8.4412
0.8891 8.6695
0.8904 8.9317
0.8918 9.1930
0.8930 9.3940
0.8940 9.4744
0.8945 9.4060
0.8943 9.1909
0.8946 10.5725
0.9004 15.2023
0.9082 18.9289
0.9146 21.6217
0.9188 23.5826
0.9213 24.9864
0.9227 25.1445
0.9227 22.2018
0.9208 18.3107
0.9173 15.1080
0.9126 12.6613
0.9073 10.7942
0.9015 9.3415
0.8955 8.1832
0.8892 7.2870
0.8835 6.8524
0.8798 6.8060
0.8784 6.9436
0.8788 7.1419
0.8800 7.3356
0.8815 7.4960
0.8828 7.6154
0.8838 7.6943
0.8845 7.7293
0.8848 7.7020
0.8846 7.5756
0.8839 7.3847
0.8830 7.3905
0.8829 7.5618
0.8837 7.7827
0.8849 8.0071
0.8864 8.2540
0.8879 8.5456
0.8896 8.8698
0.8914 9.2126
0.8931 9.5726
0.8948 9.9081
0.8963 10.1555
0.8975 10.6007
0.9013 14.6818
0.9084 19.3039
0.9149 22.6702
0.9195 25.0767
0.9223 26.8107
0.9239 28.0642
0.9248 28.9456
0.9254 29.4986
0.9257 29.6993
0.9258 29.4285
0.9256 28.4387
0.9251 26.5214
0.9241 23.8196
0.9223 20.8051
0.9199 17.9201
0.9167 15.3863
0.9128 13.2551
0.9086 11.8147
0.9064 13.7842
0.9089 17.3296
0.9132 20.1632
0.9170 22.3064
0.9198 23.9297
0.9217 25.1414
0.9228 25.9743
0.9235 26.3603
0.9238 26.1042
0.9237 24.9385
0.9229 22.8092
0.9214 20.1210
0.9191 17.3028
0.9158 14.9210
0.9121 13.1833
0.9083 11.7984
0.9044 10.5846
0.9002 9.4700
0.8956 8.4462
0.8904 7.5233
0.8846 6.7087
0.8782 6.0067
0.8714 5.4165
0.8644 4.9373
0.8576 4.5949
0.8519 4.4037
0.8481 4.3579
0.8466 4.4401
0.8475 4.6194
0.8501 4.8611
0.8539 5.1320
0.8579 5.4038
0.8618 5.6726
0.8674 7.3900
0.8826 12.8065
0.8991 17.7454
0.9111 21.9229
0.9184 25.4337
0.9226 28.3091
0.9249 30.6151
0.9262 32.4085
0.9270 33.6836
0.9275 34.3200
0.9278 34.2293
0.9278 33.1918
0.9274 31.1538
0.9266 28.5225
0.9254 25.7498
0.9238 23.1141
0.9220 20.7481
0.9198 18.6946
0.9176 16.9396
0.9152 15.4515
0.9128 14.3593
0.9107 13.7022
0.9090 13.2560
0.9078 12.8885
0.9068 12.5553
0.9059 12.2517
0.9050 11.9976
0.9043 11.8008
0.9037 11.6393
0.9031 11.4656
0.9025 11.2158
