0.6786 1.1105
0.6578 0.9960
0.6365 0.8950
0.6151 0.8059
0.5937 0.7273
0.5725 0.6581
0.5518 0.5972
0.5317 0.5436
0.5125 0.4964
0.4942 0.4549
0.4769 0.4185
0.4609 0.3867
0.4461 0.3591
0.4327 0.3355
0.4209 0.3160
0.4109 0.3004
0.4028 0.2889
0.3967 0.2815
0.3930 0.2790
0.3929 0.2876
0.4045 0.3472
0.4582 0.6995
0.6032 2.6351
0.7522 6.2093
0.8455 9.7372
0.8907 12.2838
0.9075 12.5800
0.9099 11.4223
0.9062 10.0444
0.9002 8.8094
0.8936 7.7406
0.8866 6.8188
0.8794 6.0216
0.8716 5.3290
0.8632 4.7251
0.8541 4.1966
0.8443 3.7327
0.8335 3.3243
0.8219 2.9641
0.8094 2.6457
0.7960 2.3638
0.7816 2.1140
0.7662 1.8924
0.7500 1.6957
0.7328 1.5209
0.7148 1.3657
0.6961 1.2278
0.6767 1.1053
0.6568 0.9965
0.6366 0.8998
0.6162 0.8141
0.5958 0.7379
0.5755 0.6704
0.5557 0.6105
0.5363 0.5575
0.5177 0.5105
0.4999 0.4689
0.4830 0.4322
0.4672 0.4001
0.4526 0.3728
0.4398 0.3507
0.4292 0.3344
0.4212 0.3235
0.4157 0.3174
0.4126 0.3148
0.4113 0.3145
0.4112 0.3153
0.4117 0.3167
0.4129 0.3212
0.4202 0.3685
0.4986 1.2486
0.6686 4.2150
0.8002 9.0509
0.8756 14.7062
0.9085 16.4632
0.9176 15.0534
0.9161 13.0681
0.9108 11.2932
0.9045 9.7736
0.8979 8.4779
0.8911 7.3702
0.8837 6.4205
0.8757 5.6043
0.8669 4.9016
0.8572 4.2956
0.8464 3.7720
0.8347 3.3189
0.8220 2.9259
0.8081 2.5845
0.7933 2.2874
0.7774 2.0283
0.7605 1.8020
0.7426 1.6040
0.7239 1.4305
0.7044 1.2784
0.6842 1.1447
0.6636 1.0273
0.6426 0.9240
0.6215 0.8330
0.6005 0.7529
0.5797 0.6823
0.5593 0.6200
0.5395 0.5651
0.5204 0.5168
0.5023 0.4741
0.4851 0.4365
0.4690 0.4034
0.4541 0.3751
0.4410 0.3532
0.4310 0.3402
0.4252 0.3374
0.4242 0.3436
0.4277 0.3568
0.4343 0.3739
0.4425 0.3915
0.4509 0.4071
0.4582 0.4194
0.4642 0.4298
0.4709 0.4584
0.5089 0.8153
0.6226 2.3122
0.7519 6.2405
0.8443 11.4416
0.8921 14.2025
0.9103 14.0328
0.9130 12.2745
0.9089 10.5867
0.9026 9.1503
0.8955 7.9290
0.8880 6.8855
0.8800 5.9908
0.8714 5.2220
0.8619 4.5602
0.8515 3.9897
0.8400 3.4970
0.8274 3.0710
0.8136 2.7022
0.7988 2.3823
0.7829 2.1045
0.7658 1.8629
0.7478 1.6525
0.7288 1.4691
0.7090 1.3089
0.6886 1.1688
0.6676 1.0463
0.6462 0.9389
0.6248 0.8448
0.6033 0.7622
0.5822 0.6896
0.5615 0.6259
0.5414 0.5698
0.5221 0.5205
0.5037 0.4772
0.4864 0.4390
0.4701 0.4054
0.4549 0.3759
0.4411 0.3510
0.4296 0.3349
0.4232 0.3361
0.4271 0.3676
0.4445 0.4314
0.4722 0.5115
0.5029 0.5903
0.5311 0.6605
0.5546 0.7190
0.5724 0.7615
0.5843 0.7856
0.5912 0.7997
0.5959 0.8246
0.6075 0.9817
0.6545 1.7937
0.7283 2.9392
0.7877 3.7920
0.8258 4.6165
0.8479 5.0467
0.8573 4.9875
0.8583 4.7378
0.8549 4.4283
0.8492 4.1018
0.8423 3.7723
0.8343 3.4480
0.8253 3.1357
0.8153 2.8404
0.8042 2.5654
0.7919 2.3121
0.7785 2.0809
0.7639 1.8713
0.7482 1.6822
0.7315 1.5124
0.7138 1.3603
0.6953 1.2244
0.6762 1.1032
0.6564 0.9953
0.6364 0.8993
0.6161 0.8141
0.5958 0.7384
0.5757 0.6713
0.5560 0.6118
0.5368 0.5591
0.5183 0.5124
0.5006 0.4711
0.4839 0.4345
0.4681 0.4021
0.4534 0.3735
0.4398 0.3482
0.4273 0.3264
0.4176 0.3191
0.4217 0.3696
0.4530 0.5065
0.5091 0.7368
0.5768 1.0431
0.6395 1.3402
0.6865 1.5595
0.7163 1.6915
0.7325 1.7569
0.7395 1.7742
0.7409 1.7562
0.7391 1.7277
0.7361 1.7001
0.7330 1.6796
0.7319 1.7286
0.7361 1.8631
0.7452 2.0331
0.7576 2.2606
0.7709 2.4499
0.7812 2.5209
0.7862 2.4863
0.7861 2.3878
0.7819 2.2551
0.7748 2.1060
0.7654 1.9516
0.7543 1.7990
0.7419 1.6524
0.7284 1.5142
0.7138 1.3854
0.6984 1.2665
0.6823 1.1574
0.6655 1.0577
0.6482 0.9669
0.6306 0.8844
0.6127 0.8097
0.5947 0.7420
0.5768 0.6809
0.5590 0.6257
0.5415 0.5761
0.5245 0.5313
0.5081 0.4912
0.4923 0.4551
0.4773 0.4227
0.4631 0.3937
0.4497 0.3678
0.4372 0.3446
0.4256 0.3238
0.4148 0.3053
0.4050 0.2890
0.3979 0.2907
0.4310 0.5614
0.5512 1.4599
0.6826 2.9878
0.7888 6.1768
0.8567 9.2244
0.8892 9.9311
0.8985 8.7970
0.8959 7.6761
0.8891 6.8780
0.8817 6.2387
0.8743 5.5928
0.8664 4.9366
0.8573 4.3155
0.8467 3.7623
0.8346 3.2886
0.8212 2.8916
0.8070 2.5584
0.7922 2.2775
0.7769 2.0400
0.7613 1.8375
0.7455 1.6630
0.7296 1.5118
0.7136 1.3804
0.6978 1.2658
0.6821 1.1654
0.6667 1.0766
0.6515 0.9972
0.6365 0.9255
0.6217 0.8602
0.6070 0.8003
0.5923 0.7451
0.5776 0.6941
0.5631 0.6468
0.5485 0.6030
0.5341 0.5625
0.5199 0.5251
0.5060 0.4905
0.4923 0.4587
0.4791 0.4295
0.4664 0.4028
0.4542 0.3784
0.4426 0.3561
0.4316 0.3359
0.4213 0.3175
0.4117 0.3009
0.4027 0.2858
0.3945 0.2723
0.3869 0.2603
0.3857 0.3109
0.5187 2.4221
0.7204 8.8343
0.8468 15.4206
0.9038 18.7206
0.9220 18.5360
0.9235 16.7860
0.9194 14.6955
0.9138 12.7690
0.9082 11.0726
0.9025 9.6072
0.8965 8.3487
0.8901 7.2642
0.8829 6.3258
0.8748 5.5122
0.8658 4.8065
0.8557 4.1945
0.8444 3.6641
0.8320 3.2048
0.8183 2.8077
0.8035 2.4649
0.7874 2.1694
0.7702 1.9150
0.7521 1.6961
0.7331 1.5077
0.7135 1.3453
0.6935 1.2050
0.6733 1.0836
0.6530 0.9782
0.6329 0.8863
0.6131 0.8060
0.5937 0.7354
0.5748 0.6732
0.5565 0.6181
0.5389 0.5693
0.5220 0.5258
0.5059 0.4869
0.4906 0.4522
0.4761 0.4212
0.4624 0.3933
0.4495 0.3684
0.4375 0.3460
0.4264 0.3259
0.4160 0.3080
0.4065 0.2918
0.3977 0.2774
0.3897 0.2645
0.3824 0.2529
0.3757 0.2426
0.3714 0.2531
0.4755 1.9322
0.7016 12.1088
0.8472 24.7354
0.9122 32.4731
0.9325 31.4126
0.9342 27.4001
0.9301 23.5901
0.9252 20.3380
0.9207 17.5339
0.9165 15.1206
0.9123 13.0526
0.9078 11.2820
0.9028 9.7626
0.8971 8.4555
0.8907 7.3294
0.8834 6.3587
0.8752 5.5215
0.8659 4.7995
0.8556 4.1765
0.8441 3.6387
0.8314 3.1741
0.8173 2.7725
0.8020 2.4253
0.7853 2.1249
0.7673 1.8651
0.7481 1.6404
0.7278 1.4461
0.7064 1.2780
0.6843 1.1327
0.6617 1.0070
0.6388 0.8983
0.6159 0.8041
0.5932 0.7225
0.5711 0.6517
0.5497 0.5901
0.5292 0.5366
0.5098 0.4900
0.4915 0.4493
0.4745 0.4138
0.4587 0.3828
0.4442 0.3556
0.4309 0.3319
0.4188 0.3110
0.4078 0.2927
0.3979 0.2767
0.3891 0.2626
0.3811 0.2502
0.3740 0.2393
0.3676 0.2298
0.3635 0.2388
0.4808 2.5965
0.7174 17.1785
0.8600 33.5722
0.9200 41.1371
0.9370 38.8559
0.9374 33.9859
0.9331 29.3744
0.9286 25.3587
0.9247 21.8952
0.9213 18.9099
0.9179 16.3367
0.9143 14.1188
0.9103 12.2073
0.9056 10.5598
0.9003 9.1397
0.8943 7.9155
0.8875 6.8599
0.8797 5.9495
0.8710 5.1641
0.8612 4.4862
0.8502 3.9012
0.8380 3.3960
0.8245 2.9597
0.8096 2.5828
0.7934 2.2572
0.7758 1.9758
0.7568 1.7326
0.7366 1.5223
0.7153 1.3404
0.6930 1.1831
0.6700 1.0470
0.6465 0.9292
0.6227 0.8273
0.5991 0.7390
0.5758 0.6626
0.5531 0.5963
0.5313 0.5389
0.5106 0.4891
0.4911 0.4460
0.4729 0.4086
0.4561 0.3761
0.4408 0.3479
0.4268 0.3234
0.4142 0.3021
0.4029 0.2837
0.3928 0.2676
0.3838 0.2537
0.3759 0.2415
0.3688 0.2310
0.3627 0.2231
0.3915 0.6136
0.6174 8.7275
0.8065 26.4672
0.8995 39.8866
0.9324 42.2252
0.9385 38.2005
0.9358 33.3691
0.9314 28.9845
0.9274 25.1534
0.9241 21.8271
0.9210 18.9425
0.9179 16.4417
0.9145 14.2738
0.9106 12.3945
0.9061 10.7653
0.9011 9.3529
0.8953 8.1283
0.8888 7.0666
0.8814 6.1462
0.8730 5.3481
0.8637 4.6562
0.8532 4.0564
0.8415 3.5365
0.8285 3.0857
0.8142 2.6950
0.7986 2.3564
0.7815 2.0629
0.7631 1.8085
0.7434 1.5881
0.7224 1.3972
0.7004 1.2317
0.6775 1.0883
0.6540 0.9641
0.6301 0.8565
0.6062 0.7633
0.5825 0.6826
0.5593 0.6126
0.5369 0.5521
0.5155 0.4996
0.4953 0.4542
0.4764 0.4148
0.4590 0.3807
0.4430 0.3512
0.4285 0.3257
0.4154 0.3035
0.4036 0.2843
0.3931 0.2677
0.3838 0.2533
0.3756 0.2409
0.3684 0.2301
0.3621 0.2214
0.3812 0.5013
0.6045 8.7149
0.8008 27.2694
0.8980 41.3084
0.9325 43.7998
0.9391 39.5680
0.9364 34.5110
0.9320 29.9342
0.9280 25.9431
0.9246 22.4827
0.9216 19.4853
0.9185 16.8895
0.9152 14.6414
0.9113 12.6947
0.9069 11.0091
0.9019 9.5496
0.8962 8.2859
0.8897 7.1920
0.8824 6.2450
0.8740 5.4253
0.8647 4.7157
0.8542 4.1017
0.8425 3.5702
0.8295 3.1103
0.8151 2.7124
0.7994 2.3680
0.7822 2.0700
0.7636 1.8122
0.7437 1.5892
0.7226 1.3963
0.7003 1.2293
0.6772 1.0849
0.6534 0.9600
0.6293 0.8519
0.6051 0.7585
0.5812 0.6776
0.5578 0.6077
0.5352 0.5472
0.5137 0.4949
0.4934 0.4496
0.4744 0.4105
0.4570 0.3767
0.4410 0.3474
0.4265 0.3221
0.4135 0.3002
0.4018 0.2812
0.3914 0.2649
0.3822 0.2507
0.3741 0.2385
0.3670 0.2279
0.3609 0.2210
0.4099 0.9659
0.6538 12.7227
0.8289 31.5383
0.9094 43.3683
0.9356 43.4411
0.9391 38.5595
0.9356 33.4383
0.9311 28.8936
0.9272 24.9554
0.9239 21.5558
0.9208 18.6231
0.9175 16.0932
0.9139 13.9108
0.9098 12.0280
0.9051 10.4037
0.8997 9.0021
0.8936 7.7928
0.8867 6.7492
0.8788 5.8486
0.8698 5.0714
0.8598 4.4005
0.8486 3.8215
0.8361 3.3217
0.8222 2.8902
0.8069 2.5177
0.7902 2.1962
0.7720 1.9185
0.7525 1.6788
0.7316 1.4718
0.7096 1.2930
0.6865 1.1387
0.6628 1.0054
0.6385 0.8902
0.6141 0.7908
0.5898 0.7049
0.5660 0.6308
0.5429 0.5667
0.5208 0.5114
0.4999 0.4636
0.4804 0.4223
0.4623 0.3866
0.4458 0.3558
0.4307 0.3292
0.4172 0.3062
0.4050 0.2863
0.3942 0.2692
0.3846 0.2543
0.3762 0.2415
0.3688 0.2305
0.3626 0.2233
0.3935 0.6352
0.6203 8.8880
0.8080 26.6717
0.9001 39.6461
0.9324 41.4919
0.9384 37.3007
0.9355 32.4029
0.9310 27.9898
0.9269 24.1572
0.9234 20.8493
0.9201 17.9974
0.9167 15.5394
0.9130 13.4208
0.9087 11.5949
0.9038 10.0211
0.8982 8.6645
0.8919 7.4951
0.8846 6.4870
0.8764 5.6178
0.8671 4.8684
0.8567 4.2222
0.8451 3.6650
0.8321 3.1844
0.8177 2.7698
0.8019 2.4123
0.7847 2.1038
0.7660 1.8377
0.7459 1.6082
0.7246 1.4101
0.7021 1.2391
0.6787 1.0916
0.6546 0.9643
0.6302 0.8545
0.6057 0.7596
0.5815 0.6778
0.5578 0.6071
0.5350 0.5461
0.5132 0.4934
0.4928 0.4480
0.4737 0.4087
0.4561 0.3748
0.4401 0.3456
0.4256 0.3203
0.4125 0.2985
0.4008 0.2796
0.3905 0.2633
0.3813 0.2494
0.3734 0.2378
0.3671 0.2315
0.3770 0.3504
0.5411 3.4720
0.7490 15.5388
0.8704 29.5617
0.9208 35.4974
0.9348 33.8279
0.9347 29.8358
0.9306 25.9071
0.9262 22.4322
0.9223 19.4128
0.9187 16.7987
0.9151 14.5377
0.9111 12.5829
0.9066 10.8933
0.9015 9.4332
0.8957 8.1715
0.8890 7.0815
0.8815 6.1397
0.8730 5.3262
0.8634 4.6234
0.8526 4.0163
0.8406 3.4918
0.8273 3.0387
0.8126 2.6473
0.7964 2.3092
0.7789 2.0171
0.7599 1.7648
0.7396 1.5467
0.7180 1.3584
0.6954 1.1956
0.6720 1.0550
0.6480 0.9335
0.6237 0.8285
0.5994 0.7378
0.5754 0.6594
0.5521 0.5916
0.5297 0.5331
0.5083 0.4825
0.4883 0.4388
0.4697 0.4010
0.4526 0.3683
0.4369 0.3401
0.4228 0.3157
0.4101 0.2946
0.3988 0.2765
0.3888 0.2612
0.3804 0.2493
0.3745 0.2455
0.3802 0.3042
0.4735 1.2834
0.6723 6.6129
0.8208 16.2621
0.8961 24.1548
0.9241 26.0512
0.9299 24.0779
0.9276 21.2348
0.9233 18.5460
0.9188 16.1643
0.9146 14.0807
0.9103 12.2633
0.9057 10.6799
0.9007 9.3011
0.8950 8.1012
0.8886 7.0574
0.8813 6.1497
0.8730 5.3606
0.8638 4.6748
0.8535 4.0789
0.8420 3.5612
0.8292 3.1116
0.8151 2.7211
0.7997 2.3821
0.7829 2.0878
0.7648 1.8324
0.7454 1.6106
0.7247 1.4182
0.7030 1.2512
0.6804 1.1064
0.6572 0.9807
0.6335 0.8716
0.6098 0.7771
0.5862 0.6950
0.5630 0.6239
0.5406 0.5622
0.5192 0.5086
0.4989 0.4622
0.4799 0.4220
0.4623 0.3871
0.4461 0.3569
0.4313 0.3307
0.4180 0.3080
0.4061 0.2888
0.3958 0.2734
0.3879 0.2644
0.3848 0.2712
0.3977 0.3498
0.4717 0.9125
0.6357 3.5655
0.7810 8.3488
0.8663 13.3899
0.9047 16.2002
0.9171 16.0764
0.9178 14.5755
0.9141 12.8970
0.9091 11.3553
0.9038 9.9871
0.8983 8.7810
0.8924 7.7197
0.8860 6.7864
0.8789 5.9662
0.8710 5.2458
0.8621 4.6134
0.8523 4.0586
0.8414 3.5719
0.8294 3.1452
0.8162 2.7712
0.8018 2.4435
0.7861 2.1565
0.7693 1.9052
0.7512 1.6852
0.7320 1.4926
0.7118 1.3241
0.6907 1.1767
0.6689 1.0478
0.6466 0.9351
0.6240 0.8366
0.6014 0.7505
0.5790 0.6752
0.5571 0.6095
0.5359 0.5520
0.5155 0.5019
0.4963 0.4581
0.4782 0.4199
0.4614 0.3866
0.4459 0.3575
0.4317 0.3321
0.4189 0.3104
0.4077 0.2935
0.3995 0.2855
0.3978 0.2982
0.4108 0.3641
0.4566 0.5821
0.5547 1.3949
0.6860 3.1518
0.7884 5.4027
0.8504 7.4511
0.8811 8.8123
0.8932 9.0178
0.8951 8.3939
0.8918 7.5669
0.8861 6.7772
0.8795 6.0604
0.8722 5.4154
0.8644 4.8359
0.8559 4.3157
0.8466 3.8495
0.8364 3.4325
0.8252 3.0601
0.8130 2.7280
0.7997 2.4325
0.7854 2.1697
0.7699 1.9364
0.7535 1.7294
0.7360 1.5459
0.7176 1.3834
0.6984 1.2395
0.6785 1.1122
0.6580 0.9996
0.6372 0.9000
0.6162 0.8121
0.5953 0.7344
0.5745 0.6658
0.5542 0.6052
0.5345 0.5518
0.5156 0.5047
0.4975 0.4631
0.4805 0.4265
0.4645 0.3942
0.4497 0.3658
0.4360 0.3408
0.4234 0.3188
0.4120 0.2997
0.4024 0.2873
0.3997 0.3054
0.4240 0.4457
0.5001 0.8618
0.6149 1.9474
0.7311 3.6178
0.8083 4.7723
0.8496 5.7624
0.8681 6.0199
0.8734 5.9681
0.8724 5.6407
0.8678 5.1238
0.8608 4.6154
0.8527 4.1693
0.8439 3.7770
0.8346 3.4291
0.8249 3.1173
0.8147 2.8350
0.8039 2.5779
0.7924 2.3430
0.7801 2.1282
0.7669 1.9318
0.7528 1.7526
0.7378 1.5894
0.7220 1.4411
0.7054 1.3066
0.6880 1.1850
0.6700 1.0752
0.6514 0.9764
0.6325 0.8874
0.6134 0.8076
0.5941 0.7360
0.5750 0.6720
0.5562 0.6147
0.5378 0.5636
0.5200 0.5180
0.5029 0.4773
0.4866 0.4412
0.4712 0.4090
0.4567 0.3803
0.4432 0.3549
0.4307 0.3324
0.4192 0.3123
0.4087 0.2946
0.3991 0.2789
0.3904 0.2653
0.3874 0.2928
0.4483 0.7970
0.6214 3.7723
0.7767 8.2204
0.8640 11.5837
0.9011 12.8106
0.9115 12.2911
0.9106 11.3022
0.9058 9.9682
0.8995 8.6541
0.8925 7.5158
0.8850 6.5473
0.8770 5.7130
0.8682 4.9925
0.8586 4.3711
0.8479 3.8349
0.8363 3.3721
0.8236 2.9726
0.8100 2.6275
0.7953 2.3291
0.7798 2.0704
0.7634 1.8455
0.7463 1.6494
0.7284 1.4779
0.7099 1.3272
0.6910 1.1946
0.6716 1.0776
0.6519 0.9740
0.6320 0.8823
0.6122 0.8008
0.5924 0.7285
0.5729 0.6642
0.5538 0.6071
0.5352 0.5563
0.5173 0.5111
0.5001 0.4709
0.4839 0.4352
0.4685 0.4035
0.4541 0.3754
0.4408 0.3504
0.4284 0.3282
0.4170 0.3086
0.4067 0.2912
0.3972 0.2758
0.3886 0.2621
0.3809 0.2501
0.3742 0.2424
0.4168 0.8184
0.6333 6.7521
0.8055 17.0041
0.8928 25.6214
0.9251 27.6643
0.9318 25.0234
0.9291 21.5740
0.9241 18.4998
0.9190 15.8659
0.9142 13.6158
0.9094 11.6967
0.9042 10.0590
0.8984 8.6596
0.8918 7.4627
0.8844 6.4383
0.8760 5.5612
0.8665 4.8099
0.8558 4.1662
0.8439 3.6145
0.8308 3.1415
0.8163 2.7358
0.8005 2.3876
0.7833 2.0885
0.7649 1.8314
0.7453 1.6101
0.7247 1.4193
0.7032 1.2547
0.6809 1.1124
0.6582 0.9893
0.6353 0.8827
0.6123 0.7902
0.5896 0.7098
0.5674 0.6400
0.5459 0.5792
0.5254 0.5262
0.5058 0.4801
0.4874 0.4398
0.4703 0.4046
0.4544 0.3739
0.4399 0.3471
0.4265 0.3237
0.4145 0.3032
0.4036 0.2853
0.3938 0.2696
0.3850 0.2559
0.3772 0.2439
0.3703 0.2335
0.3693 0.2821
0.5243 3.6466
0.7446 17.9335
0.8712 32.8075
0.9227 38.3096
0.9364 35.5588
0.9358 30.9478
0.9314 26.6325
0.9268 22.8758
0.9227 19.6438
0.9190 16.8697
0.9152 14.4905
0.9110 12.4508
0.9063 10.7028
0.9009 9.2050
0.8946 7.9219
0.8875 6.8227
0.8794 5.8810
0.8703 5.0742
0.8599 4.3828
0.8483 3.7903
0.8354 3.2823
0.8210 2.8466
0.8052 2.4728
