0.5546
0.6492
0.7095
0.7647
0.7908
0.7964
0.7966
0.7951
0.7944
0.7935
0.7943
0.7945
0.7945
0.7937
0.7942
0.7946
0.7938
0.7941
0.7942
0.7942
0.7944
0.7942
0.7942
0.7935
0.7943
0.7940
0.7952
0.7946
0.7944
0.7948
0.7948
0.7947
0.7937
0.7930
0.7945
0.7945
0.7939
0.7934
0.7936
0.7950
0.7931
0.7938
0.7947
0.7948
0.7943
0.7945
0.7942
0.7938
0.7942
0.7946
0.7940
0.7946
0.7947
0.7940
0.7944
0.7944
0.7941
0.7936
0.7938
0.7936
0.7939
0.7937
0.7944
0.7938
0.7933
0.7939
0.7948
0.7946
0.7941
0.7938
0.7945
0.7939
0.7944
0.7938
0.7941
0.7947
0.7939
0.7939
0.7945
0.7948
0.7940
0.7938
0.7939
0.7941
0.7935
0.7950
0.7943
0.7944
0.7942
0.7942
0.7944
0.7940
0.7941
0.7943
0.7941
0.7944
0.7935
0.7937
0.7941
0.7946
0.7941
0.7944
0.7944
0.7944
0.7938
0.7937
0.7946
0.7940
0.7942
0.7947
0.7941
0.7944
0.7938
0.7946
0.7938
0.7944
0.7939
0.7946
0.7944
0.7942
0.7940
0.7946
0.7941
0.7936
0.7939
0.7938
0.7934
0.7938
0.7940
0.7943
0.7942
0.7943
0.7938
0.7935
0.7942
0.7942
0.7945
0.7946
0.7943
0.7941
0.7940
0.7946
0.7940
0.7943
0.7941
0.7941
0.7938
0.7940
0.7937
0.7938
0.7940
0.7946
0.7937
0.7941
0.7947
0.7941
0.7935
0.7940
0.7933
0.7949
0.7946
0.7936
0.7951
0.7936
0.7938
0.7947
0.7940
0.7937
0.7937
0.7947
0.7950
0.7942
0.7932
0.7943
0.7930
0.7941
0.7939
0.7940
0.7935
0.7935
0.7942
0.7942
0.7942
0.7934
0.7943
0.7938
0.7944
0.7941
0.7940
0.7944
0.7941
0.7941
0.7946
0.7953
0.7938
0.7941
0.7934
0.7940
0.7935
0.7940
