-0.1101 0.107704
-0.0722 0.070773
-0.0188 0.037675
0.0351 -0.067523
0.0763 -0.222554
0.0927 -0.270736
0.0965 -0.282181
0.0924 -0.270498
0.0837 -0.242550
0.0712 -0.264719
0.0518 -0.185628
0.0369 -0.127925
0.0242 -0.081928
0.0129 -0.042933
0.0026 -0.008118
-0.0076 0.021402
-0.0179 0.046930
-0.0292 0.068324
-0.0419 0.088161
-0.0562 0.107207
-0.0720 0.125787
-0.0893 0.139673
-0.1099 0.142109
-0.1343 0.143546
-0.1613 0.142643
-0.1895 0.138602
-0.2173 0.131424
-0.2435 0.121763
-0.2673 0.110553
-0.2886 0.098690
-0.3072 0.086884
-0.3234 0.075625
-0.3372 0.065210
-0.3490 0.055792
-0.3587 0.047422
-0.3667 0.040085
-0.3731 0.033721
-0.3780 0.028251
-0.3817 0.023585
-0.3842 0.019628
-0.3856 0.016291
-0.3862 0.013489
-0.3859 0.011145
-0.3850 0.009192
-0.3834 0.007569
-0.3813 0.006224
-0.3787 0.005111
-0.3757 0.004193
-0.3724 0.003436
-0.3689 0.002814
-0.3651 0.002303
-0.3611 0.001883
-0.3570 0.001539
-0.3528 0.001258
-0.3484 0.001027
-0.3441 0.000839
-0.3397 0.000685
-0.3353 0.000559
-0.3309 0.000456
-0.3266 0.000372
-0.3223 0.000304
-0.3180 0.000248
-0.3138 0.000202
-0.3097 0.000165
-0.3057 0.000135
-0.3019 0.000110
-0.2981 0.000090
-0.2945 0.000073
-0.2910 0.000060
-0.2877 0.000049
-0.2847 0.000040
-0.2818 0.000033
-0.2793 0.000027
-0.2772 0.000022
-0.2755 0.000018
-0.2410 0.235471
-0.1978 0.193261
-0.1601 0.156429
-0.1245 0.121723
-0.0879 0.086107
-0.0409 0.080776
0.0138 -0.025819
0.0639 -0.123768
0.0878 -0.256412
0.0961 -0.280906
0.0947 -0.277241
0.0876 -0.256494
0.0779 -0.217657
0.0588 -0.213665
0.0425 -0.149208
0.0291 -0.099354
0.0174 -0.058019
0.0067 -0.021355
-0.0035 0.009870
-0.0137 0.037450
-0.0245 0.059832
-0.0366 0.080165
-0.0502 0.099459
-0.0654 0.118203
-0.0821 0.136495
-0.1011 0.140743
-0.1241 0.142832
-0.1503 0.143057
-0.1783 0.140355
-0.2065 0.134408
-0.2334 0.125653
-0.2583 0.114963
-0.2806 0.103279
-0.3002 0.091395
-0.3174 0.079887
-0.3321 0.069125
-0.3446 0.059313
-0.3551 0.050538
-0.3638 0.042806
-0.3708 0.036074
-0.3763 0.030269
-0.3804 0.025303
-0.3833 0.021082
-0.3852 0.017515
-0.3861 0.014515
-0.3861 0.012003
-0.3854 0.009906
-0.3840 0.008162
-0.3821 0.006715
-0.3797 0.005517
-0.3769 0.004528
-0.3737 0.003712
-0.3702 0.003041
-0.3665 0.002489
-0.3626 0.002036
-0.3586 0.001664
-0.3544 0.001360
-0.3501 0.001111
-0.3457 0.000907
-0.3414 0.000740
-0.3370 0.000604
-0.3326 0.000493
-0.3282 0.000402
-0.3239 0.000328
-0.3196 0.000268
-0.3154 0.000219
-0.3113 0.000178
-0.3072 0.000146
-0.3033 0.000119
-0.2994 0.000097
-0.2958 0.000079
-0.2922 0.000065
-0.2889 0.000053
-0.2857 0.000043
-0.2827 0.000035
-0.2801 0.000029
-0.2777 0.000024
-0.2758 0.000020
-0.2660 0.259913
-0.2185 0.213499
-0.1785 0.174407
-0.1422 0.138989
-0.1065 0.104192
-0.0681 0.066804
-0.0135 0.027447
0.0400 -0.077072
0.0785 -0.229059
0.0935 -0.273112
0.0963 -0.281858
0.0917 -0.268539
0.0828 -0.238370
0.0688 -0.254619
0.0501 -0.178775
0.0355 -0.122752
0.0230 -0.077732
0.0119 -0.039181
0.0016 -0.005040
-0.0086 0.024117
-0.0190 0.049054
-0.0304 0.070225
-0.0432 0.089936
-0.0577 0.108903
-0.0736 0.127416
-0.0911 0.139426
-0.1121 0.141905
-0.1369 0.143219
-0.1642 0.142068
-0.1925 0.137730
-0.2202 0.130290
-0.2461 0.120450
-0.2697 0.109155
-0.2907 0.097289
-0.3091 0.085539
-0.3250 0.074373
-0.3386 0.064072
-0.3501 0.054776
-0.3596 0.046528
-0.3674 0.039306
-0.3736 0.033050
-0.3784 0.027677
-0.3819 0.023097
-0.3843 0.019216
-0.3857 0.015944
-0.3861 0.013198
-0.3858 0.010903
-0.3847 0.008990
-0.3831 0.007401
-0.3809 0.006085
-0.3783 0.004997
-0.3753 0.004098
-0.3719 0.003359
-0.3683 0.002750
-0.3645 0.002250
-0.3605 0.001840
-0.3564 0.001504
-0.3521 0.001229
-0.3478 0.001003
-0.3435 0.000819
-0.3391 0.000669
-0.3347 0.000546
-0.3303 0.000445
-0.3259 0.000363
-0.3216 0.000296
-0.3174 0.000242
-0.3132 0.000197
-0.3091 0.000161
-0.3051 0.000131
-0.3012 0.000107
-0.2975 0.000088
-0.2938 0.000072
-0.2904 0.000058
-0.2871 0.000048
-0.2840 0.000039
-0.2812 0.000032
-0.2786 0.000026
-0.2764 0.000021
-0.2747 0.000018
-0.2473 0.241601
-0.2030 0.198372
-0.1648 0.160997
-0.1290 0.126125
-0.0927 0.090726
-0.0478 0.094281
0.0070 -0.012523
0.0583 -0.112708
0.0859 -0.250680
0.0957 -0.279772
0.0953 -0.278947
0.0888 -0.259865
0.0791 -0.222997
0.0610 -0.222761
0.0442 -0.155880
0.0305 -0.104685
0.0187 -0.062545
0.0079 -0.025384
-0.0023 0.006459
-0.0124 0.034430
-0.0231 0.057358
-0.0351 0.077836
-0.0485 0.097178
-0.0635 0.115924
-0.0799 0.134227
-0.0985 0.140179
-0.1210 0.142421
-0.1469 0.142961
-0.1748 0.140671
-0.2030 0.135128
-0.2302 0.126693
-0.2553 0.116203
-0.2779 0.104609
-0.2979 0.092728
-0.3154 0.081164
-0.3304 0.070309
-0.3431 0.060385
-0.3539 0.051491
-0.3627 0.043642
-0.3699 0.036799
-0.3756 0.030892
-0.3799 0.025834
-0.3829 0.021532
-0.3849 0.017895
-0.3859 0.014834
-0.3860 0.012269
-0.3854 0.010128
-0.3841 0.008346
-0.3822 0.006867
-0.3799 0.005643
-0.3771 0.004632
-0.3739 0.003798
-0.3705 0.003111
-0.3668 0.002547
-0.3629 0.002083
-0.3589 0.001703
-0.3547 0.001392
-0.3504 0.001137
-0.3461 0.000928
-0.3417 0.000758
-0.3373 0.000619
-0.3329 0.000505
-0.3285 0.000412
-0.3242 0.000336
-0.3199 0.000274
-0.3157 0.000224
-0.3115 0.000183
-0.3075 0.000149
-0.3035 0.000122
-0.2997 0.000099
-0.2959 0.000081
-0.2924 0.000066
-0.2890 0.000054
-0.2857 0.000044
-0.2827 0.000036
-0.2799 0.000030
-0.2775 0.000024
-0.2754 0.000020
-0.2738 0.000016
-0.2364 0.230907
-0.1938 0.189364
-0.1564 0.152836
-0.1208 0.118112
-0.0838 0.082122
-0.0351 0.069424
0.0196 -0.037175
0.0682 -0.198623
0.0893 -0.260845
0.0963 -0.281713
0.0942 -0.275765
0.0866 -0.253633
0.0767 -0.213573
0.0564 -0.204285
0.0406 -0.142308
0.0275 -0.093859
0.0160 -0.053374
0.0054 -0.017300
-0.0047 0.013349
-0.0149 0.040263
-0.0258 0.062283
-0.0381 0.082397
-0.0519 0.101540
-0.0672 0.120159
-0.0840 0.137702
-0.1035 0.140361
-0.1270 0.142386
-0.1535 0.142377
-0.1817 0.139347
-0.2098 0.133077
-0.2366 0.124082
-0.2611 0.113261
-0.2831 0.101549
-0.3025 0.089716
-0.3193 0.078313
-0.3337 0.067685
-0.3460 0.058021
-0.3562 0.049396
-0.3647 0.041809
-0.3714 0.035213
-0.3767 0.029530
-0.3807 0.024673
-0.3835 0.020549
-0.3852 0.017066
-0.3859 0.014138
-0.3858 0.011688
-0.3850 0.009644
-0.3836 0.007944
-0.3816 0.006534
-0.3791 0.005367
-0.3763 0.004404
-0.3730 0.003610
-0.3695 0.002957
-0.3658 0.002420
-0.3618 0.001979
-0.3578 0.001618
-0.3535 0.001322
-0.3492 0.001080
-0.3449 0.000882
-0.3405 0.000720
-0.3361 0.000587
-0.3317 0.000479
-0.3273 0.000391
-0.3230 0.000319
-0.3187 0.000260
-0.3145 0.000212
-0.3104 0.000173
-0.3064 0.000141
-0.3024 0.000115
-0.2986 0.000094
-0.2949 0.000077
-0.2914 0.000063
-0.2880 0.000051
-0.2848 0.000042
-0.2818 0.000034
-0.2791 0.000028
-0.2767 0.000023
-0.2747 0.000019
-0.2732 0.000016
-0.2308 0.225524
-0.1891 0.184768
-0.1521 0.148609
-0.1165 0.113892
-0.0791 0.077511
-0.0284 0.056499
0.0260 -0.049746
0.0718 -0.209241
0.0909 -0.265500
0.0965 -0.282278
0.0935 -0.273807
0.0854 -0.250184
0.0743 -0.278647
0.0542 -0.195401
0.0388 -0.135604
0.0260 -0.088392
0.0146 -0.048647
0.0041 -0.013140
-0.0060 0.016973
-0.0162 0.043249
-0.0273 0.064947
-0.0397 0.084886
-0.0537 0.103928
-0.0692 0.122473
-0.0862 0.137796
-0.1063 0.140498
-0.1302 0.142369
-0.1571 0.142038
-0.1854 0.138605
-0.2134 0.131957
-0.2399 0.122683
-0.2641 0.111706
-0.2858 0.099947
-0.3048 0.088151
-0.3213 0.076838
-0.3355 0.066333
-0.3474 0.056807
-0.3574 0.048323
-0.3656 0.040872
-0.3722 0.034402
-0.3773 0.028835
-0.3811 0.024082
-0.3837 0.020048
-0.3853 0.016644
-0.3859 0.013785
-0.3857 0.011392
-0.3848 0.009397
-0.3833 0.007739
-0.3813 0.006365
-0.3787 0.005227
-0.3758 0.004289
-0.3725 0.003515
-0.3690 0.002879
-0.3652 0.002356
-0.3612 0.001927
-0.3571 0.001575
-0.3529 0.001287
-0.3486 0.001051
-0.3442 0.000858
-0.3398 0.000700
-0.3354 0.000572
-0.3310 0.000466
-0.3267 0.000381
-0.3224 0.000310
-0.3181 0.000253
-0.3139 0.000207
-0.3098 0.000169
-0.3057 0.000138
-0.3018 0.000112
-0.2980 0.000092
-0.2943 0.000075
-0.2907 0.000061
-0.2874 0.000050
-0.2842 0.000041
-0.2812 0.000033
-0.2785 0.000027
-0.2761 0.000022
-0.2741 0.000018
-0.2725 0.000015
-0.2330 0.227612
-0.1909 0.186536
-0.1537 0.150216
-0.1181 0.115470
-0.0808 0.079199
-0.0307 0.061021
0.0238 -0.045452
0.0707 -0.205867
0.0904 -0.264132
0.0965 -0.282240
0.0938 -0.274561
0.0858 -0.251388
0.0751 -0.282343
0.0547 -0.197856
0.0393 -0.137452
0.0264 -0.089894
0.0150 -0.049933
0.0045 -0.014248
-0.0056 0.016019
-0.0159 0.042493
-0.0269 0.064266
-0.0393 0.084228
-0.0532 0.103263
-0.0686 0.121790
-0.0855 0.137413
-0.1054 0.140162
-0.1293 0.142120
-0.1561 0.141910
-0.1844 0.138611
-0.2125 0.132084
-0.2390 0.122899
-0.2634 0.111977
-0.2851 0.100244
-0.3042 0.088450
-0.3208 0.077125
-0.3350 0.066600
-0.3471 0.057048
-0.3571 0.048537
-0.3654 0.041060
-0.3720 0.034564
-0.3771 0.028974
-0.3809 0.024200
-0.3836 0.020148
-0.3852 0.016728
-0.3858 0.013855
-0.3857 0.011451
-0.3848 0.009447
-0.3833 0.007780
-0.3812 0.006398
-0.3787 0.005255
-0.3758 0.004312
-0.3725 0.003534
-0.3690 0.002894
-0.3652 0.002368
-0.3613 0.001937
-0.3572 0.001583
-0.3529 0.001294
-0.3486 0.001057
-0.3443 0.000863
-0.3399 0.000704
-0.3355 0.000575
-0.3311 0.000469
-0.3267 0.000383
-0.3224 0.000312
-0.3181 0.000255
-0.3139 0.000208
-0.3098 0.000170
-0.3057 0.000138
-0.3018 0.000113
-0.2980 0.000092
-0.2942 0.000075
-0.2907 0.000061
-0.2873 0.000050
-0.2841 0.000041
-0.2811 0.000034
-0.2783 0.000027
-0.2758 0.000023
-0.2737 0.000018
-0.2721 0.000015
-0.2435 0.237927
-0.1998 0.195252
-0.1618 0.158140
-0.1261 0.123277
-0.0895 0.087611
-0.0430 0.084984
0.0118 -0.021962
0.0624 -0.120809
0.0873 -0.254826
0.0960 -0.280735
0.0950 -0.277877
0.0880 -0.257550
0.0781 -0.219551
0.0586 -0.213654
0.0424 -0.149369
0.0291 -0.099615
0.0174 -0.058323
0.0068 -0.021673
-0.0034 0.009620
-0.0135 0.037214
-0.0243 0.059571
-0.0364 0.079821
-0.0499 0.098986
-0.0650 0.117580
-0.0815 0.135730
-0.1006 0.139268
-0.1236 0.141566
-0.1499 0.141973
-0.1781 0.139429
-0.2063 0.133612
-0.2333 0.124963
-0.2582 0.114359
-0.2805 0.102748
-0.3002 0.090929
-0.3174 0.079478
-0.3321 0.068767
-0.3446 0.059002
-0.3550 0.050268
-0.3637 0.042574
-0.3706 0.035875
-0.3761 0.030099
-0.3801 0.025158
-0.3830 0.020959
-0.3848 0.017412
-0.3857 0.014428
-0.3857 0.011930
-0.3850 0.009845
-0.3836 0.008111
-0.3816 0.006672
-0.3792 0.005482
-0.3764 0.004498
-0.3732 0.003688
-0.3697 0.003021
-0.3660 0.002472
-0.3620 0.002022
-0.3580 0.001653
-0.3538 0.001351
-0.3495 0.001103
-0.3451 0.000901
-0.3407 0.000735
-0.3363 0.000600
-0.3319 0.000490
-0.3275 0.000400
-0.3232 0.000326
-0.3189 0.000266
-0.3147 0.000217
-0.3105 0.000177
-0.3065 0.000144
-0.3025 0.000118
-0.2986 0.000096
-0.2949 0.000079
-0.2913 0.000064
-0.2878 0.000052
-0.2845 0.000043
-0.2814 0.000035
-0.2786 0.000029
-0.2760 0.000023
-0.2737 0.000019
-0.2718 0.000016
-0.2684 0.262192
-0.2204 0.215284
-0.1800 0.175881
-0.1435 0.140270
-0.1077 0.105359
-0.0693 0.067927
-0.0149 0.030142
0.0389 -0.074895
0.0780 -0.227517
0.0933 -0.272727
0.0964 -0.282110
0.0919 -0.269092
0.0829 -0.240320
0.0680 -0.252883
0.0496 -0.177652
0.0351 -0.121994
0.0228 -0.077199
0.0117 -0.038753
0.0014 -0.004713
-0.0086 0.024383
-0.0190 0.049213
-0.0304 0.070265
-0.0432 0.089821
-0.0575 0.108608
-0.0733 0.126939
-0.0908 0.137477
-0.1121 0.140246
-0.1370 0.141773
-0.1645 0.140773
-0.1929 0.136541
-0.2207 0.129181
-0.2467 0.119413
-0.2702 0.108191
-0.2912 0.096404
-0.3095 0.084736
-0.3254 0.073653
-0.3389 0.063434
-0.3503 0.054216
-0.3598 0.046041
-0.3675 0.038886
-0.3736 0.032689
-0.3783 0.027369
-0.3817 0.022835
-0.3840 0.018995
-0.3853 0.015758
-0.3857 0.013042
-0.3853 0.010772
-0.3842 0.008882
-0.3825 0.007311
-0.3803 0.006010
-0.3777 0.004934
-0.3746 0.004047
-0.3713 0.003316
-0.3676 0.002715
-0.3638 0.002221
-0.3598 0.001816
-0.3556 0.001485
-0.3514 0.001213
-0.3470 0.000990
-0.3427 0.000809
-0.3383 0.000660
-0.3339 0.000539
-0.3295 0.000439
-0.3251 0.000358
-0.3208 0.000292
-0.3165 0.000239
-0.3123 0.000195
-0.3082 0.000159
-0.3042 0.000130
-0.3003 0.000106
-0.2965 0.000086
-0.2928 0.000071
-0.2892 0.000058
-0.2858 0.000047
-0.2826 0.000038
-0.2796 0.000031
-0.2768 0.000026
-0.2742 0.000021
-0.2720 0.000017
-0.2703 0.000014
-0.2598 0.253802
-0.2133 0.208411
-0.1738 0.169844
-0.1376 0.134535
-0.1016 0.099416
-0.0604 0.118822
-0.0055 0.011786
0.0475 -0.091723
0.0818 -0.238648
0.0946 -0.276590
0.0961 -0.281246
0.0906 -0.265353
0.0812 -0.232979
0.0640 -0.236318
0.0466 -0.166023
0.0327 -0.112979
0.0207 -0.069708
0.0098 -0.031902
-0.0004 0.000956
-0.0105 0.029455
-0.0210 0.053285
-0.0327 0.073970
-0.0457 0.093316
-0.0603 0.111970
-0.0763 0.130183
-0.0945 0.137345
-0.1165 0.140112
-0.1422 0.141333
-0.1700 0.139805
-0.1985 0.134982
-0.2261 0.127118
-0.2516 0.117019
-0.2747 0.105648
-0.2952 0.093862
-0.3130 0.082302
-0.3283 0.071394
-0.3414 0.061385
-0.3524 0.052391
-0.3615 0.044437
-0.3689 0.037492
-0.3747 0.031489
-0.3791 0.026344
-0.3823 0.021965
-0.3843 0.018259
-0.3854 0.015140
-0.3856 0.012525
-0.3851 0.010341
-0.3838 0.008523
-0.3820 0.007013
-0.3797 0.005764
-0.3770 0.004731
-0.3739 0.003879
-0.3704 0.003178
-0.3668 0.002602
-0.3629 0.002128
-0.3588 0.001740
-0.3546 0.001422
-0.3504 0.001162
-0.3460 0.000948
-0.3416 0.000774
-0.3372 0.000632
-0.3328 0.000516
-0.3284 0.000421
-0.3241 0.000343
-0.3198 0.000280
-0.3155 0.000228
-0.3113 0.000186
-0.3072 0.000152
-0.3032 0.000124
-0.2993 0.000101
-0.2955 0.000083
-0.2918 0.000067
-0.2882 0.000055
-0.2848 0.000045
-0.2815 0.000037
-0.2785 0.000030
-0.2756 0.000025
-0.2730 0.000020
-0.2707 0.000017
-0.2688 0.000014
-0.2674 0.000011
-0.2322 0.226833
-0.1902 0.185804
-0.1529 0.149452
-0.1171 0.114575
-0.0796 0.078040
-0.0292 0.057951
0.0255 -0.048730
0.0714 -0.208131
0.0908 -0.265180
0.0965 -0.282360
0.0936 -0.274034
0.0855 -0.250411
0.0727 -0.273515
0.0531 -0.192128
0.0381 -0.133321
0.0254 -0.086685
0.0142 -0.047266
0.0038 -0.011970
-0.0063 0.018014
-0.0165 0.044032
-0.0276 0.065546
-0.0400 0.085280
-0.0539 0.104091
-0.0693 0.122399
-0.0862 0.135270
-0.1067 0.138379
-0.1310 0.140508
-0.1582 0.140317
-0.1867 0.136943
-0.2148 0.130321
-0.2413 0.121078
-0.2655 0.110159
-0.2871 0.098487
-0.3060 0.086800
-0.3223 0.075611
-0.3363 0.065234
-0.3481 0.055835
-0.3579 0.047473
-0.3660 0.040135
-0.3724 0.033768
-0.3774 0.028293
-0.3810 0.023621
-0.3835 0.019658
-0.3850 0.016316
-0.3855 0.013509
-0.3853 0.011162
-0.3843 0.009206
-0.3827 0.007580
-0.3806 0.006232
-0.3780 0.005118
-0.3750 0.004198
-0.3717 0.003441
-0.3681 0.002817
-0.3643 0.002305
-0.3603 0.001885
-0.3562 0.001541
-0.3519 0.001259
-0.3476 0.001028
-0.3432 0.000839
-0.3388 0.000685
-0.3344 0.000559
-0.3300 0.000456
-0.3257 0.000372
-0.3213 0.000304
-0.3170 0.000248
-0.3128 0.000202
-0.3087 0.000165
-0.3046 0.000134
-0.3006 0.000110
-0.2967 0.000090
-0.2929 0.000073
-0.2893 0.000060
-0.2857 0.000049
-0.2823 0.000040
-0.2791 0.000033
-0.2760 0.000027
-0.2731 0.000022
-0.2704 0.000018
-0.2679 0.000015
-0.2658 0.000012
-0.2640 0.000010
-0.2627 0.000008
-0.2313 0.225957
-0.1894 0.185045
-0.1522 0.148722
-0.1163 0.113775
-0.0786 0.077048
-0.0280 0.055633
0.0268 -0.051139
0.0717 -0.208893
0.0908 -0.265305
0.0964 -0.282010
0.0934 -0.273352
0.0852 -0.249496
0.0708 -0.266940
0.0518 -0.187829
0.0371 -0.130229
0.0247 -0.084311
0.0136 -0.045332
0.0032 -0.010371
-0.0068 0.019350
-0.0170 0.044924
-0.0281 0.066216
-0.0405 0.085755
-0.0543 0.104383
-0.0697 0.122521
-0.0868 0.133403
-0.1076 0.136785
-0.1323 0.139051
-0.1597 0.138886
-0.1884 0.135472
-0.2166 0.128799
-0.2431 0.119536
-0.2671 0.108641
-0.2885 0.097037
-0.3073 0.085449
-0.3234 0.074378
-0.3373 0.064129
-0.3489 0.054857
-0.3586 0.046617
-0.3665 0.039393
-0.3727 0.033131
-0.3776 0.027749
-0.3811 0.023159
-0.3835 0.019268
-0.3849 0.015988
-0.3853 0.013235
-0.3850 0.010933
-0.3839 0.009015
-0.3823 0.007422
-0.3801 0.006102
-0.3775 0.005010
-0.3744 0.004109
-0.3711 0.003367
-0.3675 0.002757
-0.3637 0.002256
-0.3597 0.001845
-0.3555 0.001508
-0.3513 0.001232
-0.3469 0.001006
-0.3426 0.000821
-0.3382 0.000670
-0.3338 0.000547
-0.3294 0.000446
-0.3250 0.000364
-0.3206 0.000297
-0.3164 0.000242
-0.3121 0.000198
-0.3080 0.000161
-0.3039 0.000132
-0.2999 0.000107
-0.2960 0.000088
-0.2922 0.000071
-0.2885 0.000058
-0.2849 0.000048
-0.2814 0.000039
-0.2780 0.000032
-0.2747 0.000026
-0.2715 0.000021
-0.2684 0.000017
-0.2655 0.000014
-0.2627 0.000012
-0.2599 0.000009
-0.2574 0.000008
-0.2549 0.000006
-0.2526 0.000005
-0.2504 0.000004
-0.2483 0.000004
-0.2463 0.000003
-0.2445 0.000002
-0.2429 0.000002
-0.2413 0.000002
-0.2399 0.000001
-0.2387 0.000001
-0.2376 0.000001
-0.2366 0.000001
-0.2358 0.000001
-0.2351 0.000000
-0.2346 0.000000
-0.2343 0.000000
-0.2341 0.000000
-0.2340 0.000000
-0.2342 0.000000
-0.2345 0.000000
-0.2350 0.000000
-0.2357 0.000000
-0.2367 0.000000
-0.2379 0.000000
-0.2395 0.000000
-0.2415 0.000000
-0.2440 0.000000
-0.2472 0.000000
-0.2206 0.215430
-0.1837 0.359500
-0.1230 0.240922
-0.0704 0.138365
-0.0192 0.038475
0.0307 -0.058944
0.0723 -0.140292
0.0991 -0.192935
0.1112 -0.216786
0.0963 -0.282101
0.0733 -0.282165
0.0514 -0.189662
0.0350 -0.121348
0.0218 -0.069824
0.0094 -0.028408
-0.0030 0.008082
-0.0158 0.041627
-0.0290 0.072933
-0.0423 0.102392
-0.0560 0.124748
-0.0712 0.142480
-0.1101 0.107704
-0.0722 0.070773
-0.0188 0.037675
0.0351 -0.067523
0.0763 -0.222554
0.0927 -0.270736
0.0965 -0.282181
0.0924 -0.270498
0.0837 -0.242550
0.0712 -0.264719
0.0518 -0.185628
0.0369 -0.127925
0.0242 -0.081928
0.0129 -0.042933
0.0026 -0.008118
-0.0076 0.021402
-0.0179 0.046930
-0.0292 0.068324
-0.0419 0.088161
-0.0562 0.107207
-0.0720 0.125787
-0.0893 0.139673
-0.1099 0.142109
-0.1343 0.143546
-0.1613 0.142643
-0.1895 0.138602
-0.2173 0.131424
-0.2435 0.121763
-0.2673 0.110553
-0.2886 0.098690
-0.3072 0.086884
-0.3234 0.075625
-0.3372 0.065210
-0.3490 0.055792
-0.3587 0.047422
-0.3667 0.040085
-0.3731 0.033721
-0.3780 0.028251
-0.3817 0.023585
-0.3842 0.019628
-0.3856 0.016291
-0.3862 0.013489
-0.3859 0.011145
-0.3850 0.009192
-0.3834 0.007569
-0.3813 0.006224
-0.3787 0.005111
-0.3757 0.004193
-0.3724 0.003436
-0.3689 0.002814
-0.3651 0.002303
-0.3611 0.001883
-0.3570 0.001539
-0.3528 0.001258
-0.3484 0.001027
-0.3441 0.000839
-0.3397 0.000685
-0.3353 0.000559
-0.3309 0.000456
-0.3266 0.000372
-0.3223 0.000304
-0.3180 0.000248
-0.3138 0.000202
-0.3097 0.000165
-0.3057 0.000135
-0.3019 0.000110
-0.2981 0.000090
-0.2945 0.000073
-0.2910 0.000060
-0.2877 0.000049
-0.2847 0.000040
-0.2818 0.000033
-0.2793 0.000027
-0.2772 0.000022
-0.2755 0.000018
-0.2410 0.235471
-0.1978 0.193261
-0.1601 0.156429
-0.1245 0.121723
-0.0879 0.086107
-0.0409 0.080776
0.0138 -0.025819
0.0639 -0.123768
0.0878 -0.256412
0.0961 -0.280906
0.0947 -0.277241
0.0876 -0.256494
0.0779 -0.217657
0.0588 -0.213665
0.0425 -0.149208
0.0291 -0.099354
0.0174 -0.058019
0.0067 -0.021355
-0.0035 0.009870
-0.0137 0.037450
-0.0245 0.059832
-0.0366 0.080165
-0.0502 0.099459
-0.0654 0.118203
-0.0821 0.136495
-0.1011 0.140743
-0.1241 0.142832
-0.1503 0.143057
-0.1783 0.140355
-0.2065 0.134408
-0.2334 0.125653
-0.2583 0.114963
-0.2806 0.103279
-0.3002 0.091395
-0.3174 0.079887
-0.3321 0.069125
-0.3446 0.059313
-0.3551 0.050538
-0.3638 0.042806
-0.3708 0.036074
-0.3763 0.030269
-0.3804 0.025303
-0.3833 0.021082
-0.3852 0.017515
-0.3861 0.014515
-0.3861 0.012003
-0.3854 0.009906
-0.3840 0.008162
-0.3821 0.006715
-0.3797 0.005517
-0.3769 0.004528
-0.3737 0.003712
-0.3702 0.003041
-0.3665 0.002489
-0.3626 0.002036
-0.3586 0.001664
-0.3544 0.001360
-0.3501 0.001111
-0.3457 0.000907
-0.3414 0.000740
-0.3370 0.000604
-0.3326 0.000493
-0.3282 0.000402
-0.3239 0.000328
-0.3196 0.000268
-0.3154 0.000219
-0.3113 0.000178
-0.3072 0.000146
-0.3033 0.000119
-0.2994 0.000097
-0.2958 0.000079
-0.2922 0.000065
-0.2889 0.000053
-0.2857 0.000043
-0.2827 0.000035
-0.2801 0.000029
-0.2777 0.000024
-0.2758 0.000020
-0.2660 0.259913
-0.2185 0.213499
-0.1785 0.174407
-0.1422 0.138989
-0.1065 0.104192
-0.0681 0.066804
-0.0135 0.027447
0.0400 -0.077072
0.0785 -0.229059
0.0935 -0.273112
0.0963 -0.281858
0.0917 -0.268539
0.0828 -0.238370
0.0688 -0.254619
0.0501 -0.178775
0.0355 -0.122752
0.0230 -0.077732
0.0119 -0.039181
0.0016 -0.005040
-0.0086 0.024117
-0.0190 0.049054
-0.0304 0.070225
-0.0432 0.089936
-0.0577 0.108903
-0.0736 0.127416
-0.0911 0.139426
-0.1121 0.141905
-0.1369 0.143219
-0.1642 0.142068
-0.1925 0.137730
-0.2202 0.130290
-0.2461 0.120450
-0.2697 0.109155
-0.2907 0.097289
-0.3091 0.085539
-0.3250 0.074373
-0.3386 0.064072
-0.3501 0.054776
-0.3596 0.046528
-0.3674 0.039306
-0.3736 0.033050
-0.3784 0.027677
-0.3819 0.023097
-0.3843 0.019216
-0.3857 0.015944
-0.3861 0.013198
-0.3858 0.010903
-0.3847 0.008990
-0.3831 0.007401
-0.3809 0.006085
-0.3783 0.004997
-0.3753 0.004098
-0.3719 0.003359
-0.3683 0.002750
-0.3645 0.002250
-0.3605 0.001840
-0.3564 0.001504
-0.3521 0.001229
-0.3478 0.001003
-0.3435 0.000819
-0.3391 0.000669
-0.3347 0.000546
-0.3303 0.000445
-0.3259 0.000363
-0.3216 0.000296
-0.3174 0.000242
-0.3132 0.000197
-0.3091 0.000161
-0.3051 0.000131
-0.3012 0.000107
-0.2975 0.000088
-0.2938 0.000072
-0.2904 0.000058
-0.2871 0.000048
-0.2840 0.000039
-0.2812 0.000032
-0.2786 0.000026
-0.2764 0.000021
-0.2747 0.000018
-0.2473 0.241601
-0.2030 0.198372
-0.1648 0.160997
-0.1290 0.126125
-0.0927 0.090726
-0.0478 0.094281
0.0070 -0.012523
0.0583 -0.112708
0.0859 -0.250680
0.0957 -0.279772
0.0953 -0.278947
0.0888 -0.259865
0.0791 -0.222997
0.0610 -0.222761
0.0442 -0.155880
0.0305 -0.104685
0.0187 -0.062545
0.0079 -0.025384
-0.0023 0.006459
-0.0124 0.034430
-0.0231 0.057358
-0.0351 0.077836
-0.0485 0.097178
-0.0635 0.115924
-0.0799 0.134227
-0.0985 0.140179
-0.1210 0.142421
-0.1469 0.142961
-0.1748 0.140671
-0.2030 0.135128
-0.2302 0.126693
-0.2553 0.116203
-0.2779 0.104609
-0.2979 0.092728
-0.3154 0.081164
-0.3304 0.070309
-0.3431 0.060385
-0.3539 0.051491
-0.3627 0.043642
-0.3699 0.036799
-0.3756 0.030892
-0.3799 0.025834
-0.3829 0.021532
-0.3849 0.017895
-0.3859 0.014834
-0.3860 0.012269
-0.3854 0.010128
-0.3841 0.008346
-0.3822 0.006867
-0.3799 0.005643
-0.3771 0.004632
-0.3739 0.003798
-0.3705 0.003111
-0.3668 0.002547
-0.3629 0.002083
-0.3589 0.001703
-0.3547 0.001392
-0.3504 0.001137
-0.3461 0.000928
-0.3417 0.000758
-0.3373 0.000619
-0.3329 0.000505
-0.3285 0.000412
-0.3242 0.000336
-0.3199 0.000274
-0.3157 0.000224
-0.3115 0.000183
-0.3075 0.000149
-0.3035 0.000122
-0.2997 0.000099
-0.2959 0.000081
-0.2924 0.000066
-0.2890 0.000054
-0.2857 0.000044
-0.2827 0.000036
-0.2799 0.000030
-0.2775 0.000024
-0.2754 0.000020
-0.2738 0.000016
-0.2364 0.230907
-0.1938 0.189364
-0.1564 0.152836
-0.1208 0.118112
-0.0838 0.082122
-0.0351 0.069424
0.0196 -0.037175
0.0682 -0.198623
0.0893 -0.260845
0.0963 -0.281713
0.0942 -0.275765
0.0866 -0.253633
0.0767 -0.213573
0.0564 -0.204285
0.0406 -0.142308
0.0275 -0.093859
0.0160 -0.053374
0.0054 -0.017300
-0.0047 0.013349
-0.0149 0.040263
-0.0258 0.062283
-0.0381 0.082397
-0.0519 0.101540
-0.0672 0.120159
-0.0840 0.137702
-0.1035 0.140361
-0.1270 0.142386
-0.1535 0.142377
-0.1817 0.139347
-0.2098 0.133077
-0.2366 0.124082
-0.2611 0.113261
-0.2831 0.101549
-0.3025 0.089716
-0.3193 0.078313
-0.3337 0.067685
-0.3460 0.058021
-0.3562 0.049396
-0.3647 0.041809
-0.3714 0.035213
-0.3767 0.029530
-0.3807 0.024673
-0.3835 0.020549
-0.3852 0.017066
-0.3859 0.014138
-0.3858 0.011688
-0.3850 0.009644
-0.3836 0.007944
-0.3816 0.006534
-0.3791 0.005367
-0.3763 0.004404
-0.3730 0.003610
-0.3695 0.002957
-0.3658 0.002420
-0.3618 0.001979
-0.3578 0.001618
-0.3535 0.001322
-0.3492 0.001080
-0.3449 0.000882
-0.3405 0.000720
-0.3361 0.000587
-0.3317 0.000479
-0.3273 0.000391
-0.3230 0.000319
-0.3187 0.000260
-0.3145 0.000212
-0.3104 0.000173
-0.3064 0.000141
-0.3024 0.000115
-0.2986 0.000094
-0.2949 0.000077
-0.2914 0.000063
-0.2880 0.000051
-0.2848 0.000042
-0.2818 0.000034
-0.2791 0.000028
-0.2767 0.000023
-0.2747 0.000019
-0.2732 0.000016
-0.2308 0.225524
-0.1891 0.184768
-0.1521 0.148609
-0.1165 0.113892
-0.0791 0.077511
-0.0284 0.056499
0.0260 -0.049746
0.0718 -0.209241
0.0909 -0.265500
0.0965 -0.282278
0.0935 -0.273807
0.0854 -0.250184
0.0743 -0.278647
0.0542 -0.195401
0.0388 -0.135604
0.0260 -0.088392
0.0146 -0.048647
0.0041 -0.013140
-0.0060 0.016973
-0.0162 0.043249
-0.0273 0.064947
-0.0397 0.084886
-0.0537 0.103928
-0.0692 0.122473
-0.0862 0.137796
-0.1063 0.140498
-0.1302 0.142369
-0.1571 0.142038
-0.1854 0.138605
-0.2134 0.131957
-0.2399 0.122683
-0.2641 0.111706
-0.2858 0.099947
-0.3048 0.088151
-0.3213 0.076838
-0.3355 0.066333
-0.3474 0.056807
-0.3574 0.048323
-0.3656 0.040872
-0.3722 0.034402
-0.3773 0.028835
-0.3811 0.024082
-0.3837 0.020048
-0.3853 0.016644
-0.3859 0.013785
-0.3857 0.011392
-0.3848 0.009397
-0.3833 0.007739
-0.3813 0.006365
-0.3787 0.005227
-0.3758 0.004289
-0.3725 0.003515
-0.3690 0.002879
-0.3652 0.002356
-0.3612 0.001927
-0.3571 0.001575
-0.3529 0.001287
-0.3486 0.001051
-0.3442 0.000858
-0.3398 0.000700
-0.3354 0.000572
-0.3310 0.000466
-0.3267 0.000381
-0.3224 0.000310
-0.3181 0.000253
-0.3139 0.000207
-0.3098 0.000169
-0.3057 0.000138
-0.3018 0.000112
-0.2980 0.000092
-0.2943 0.000075
-0.2907 0.000061
-0.2874 0.000050
-0.2842 0.000041
-0.2812 0.000033
-0.2785 0.000027
-0.2761 0.000022
-0.2741 0.000018
-0.2725 0.000015
-0.2330 0.227612
-0.1909 0.186536
-0.1537 0.150216
-0.1181 0.115470
-0.0808 0.079199
-0.0307 0.061021
0.0238 -0.045452
0.0707 -0.205867
0.0904 -0.264132
0.0965 -0.282240
0.0938 -0.274561
0.0858 -0.251388
0.0751 -0.282343
0.0547 -0.197856
0.0393 -0.137452
0.0264 -0.089894
0.0150 -0.049933
0.0045 -0.014248
-0.0056 0.016019
-0.0159 0.042493
-0.0269 0.064266
-0.0393 0.084228
-0.0532 0.103263
-0.0686 0.121790
-0.0855 0.137413
-0.1054 0.140162
-0.1293 0.142120
-0.1561 0.141910
-0.1844 0.138611
-0.2125 0.132084
-0.2390 0.122899
-0.2634 0.111977
-0.2851 0.100244
-0.3042 0.088450
-0.3208 0.077125
-0.3350 0.066600
-0.3471 0.057048
-0.3571 0.048537
-0.3654 0.041060
-0.3720 0.034564
-0.3771 0.028974
-0.3809 0.024200
-0.3836 0.020148
-0.3852 0.016728
-0.3858 0.013855
-0.3857 0.011451
-0.3848 0.009447
-0.3833 0.007780
-0.3812 0.006398
-0.3787 0.005255
-0.3758 0.004312
-0.3725 0.003534
-0.3690 0.002894
-0.3652 0.002368
-0.3613 0.001937
-0.3572 0.001583
-0.3529 0.001294
-0.3486 0.001057
-0.3443 0.000863
-0.3399 0.000704
-0.3355 0.000575
-0.3311 0.000469
-0.3267 0.000383
-0.3224 0.000312
-0.3181 0.000255
-0.3139 0.000208
-0.3098 0.000170
-0.3057 0.000138
-0.3018 0.000113
-0.2980 0.000092
-0.2942 0.000075
-0.2907 0.000061
-0.2873 0.000050
-0.2841 0.000041
-0.2811 0.000034
-0.2783 0.000027
-0.2758 0.000023
-0.2737 0.000018
-0.2721 0.000015
-0.2435 0.237927
-0.1998 0.195252
-0.1618 0.158140
-0.1261 0.123277
-0.0895 0.087611
-0.0430 0.084984
0.0118 -0.021962
0.0624 -0.120809
0.0873 -0.254826
0.0960 -0.280735
0.0950 -0.277877
0.0880 -0.257550
0.0781 -0.219551
0.0586 -0.213654
0.0424 -0.149369
0.0291 -0.099615
0.0174 -0.058323
0.0068 -0.021673
-0.0034 0.009620
-0.0135 0.037214
-0.0243 0.059571
-0.0364 0.079821
-0.0499 0.098986
-0.0650 0.117580
-0.0815 0.135730
-0.1006 0.139268
-0.1236 0.141566
-0.1499 0.141973
-0.1781 0.139429
-0.2063 0.133612
-0.2333 0.124963
-0.2582 0.114359
-0.2805 0.102748
-0.3002 0.090929
-0.3174 0.079478
-0.3321 0.068767
-0.3446 0.059002
-0.3550 0.050268
-0.3637 0.042574
-0.3706 0.035875
-0.3761 0.030099
-0.3801 0.025158
-0.3830 0.020959
-0.3848 0.017412
-0.3857 0.014428
-0.3857 0.011930
-0.3850 0.009845
-0.3836 0.008111
-0.3816 0.006672
-0.3792 0.005482
-0.3764 0.004498
-0.3732 0.003688
-0.3697 0.003021
-0.3660 0.002472
-0.3620 0.002022
-0.3580 0.001653
-0.3538 0.001351
-0.3495 0.001103
-0.3451 0.000901
-0.3407 0.000735
-0.3363 0.000600
-0.3319 0.000490
-0.3275 0.000400
-0.3232 0.000326
-0.3189 0.000266
-0.3147 0.000217
-0.3105 0.000177
-0.3065 0.000144
-0.3025 0.000118
-0.2986 0.000096
-0.2949 0.000079
-0.2913 0.000064
-0.2878 0.000052
-0.2845 0.000043
-0.2814 0.000035
-0.2786 0.000029
-0.2760 0.000023
-0.2737 0.000019
-0.2718 0.000016
-0.2684 0.262192
-0.2204 0.215284
-0.1800 0.175881
-0.1435 0.140270
-0.1077 0.105359
-0.0693 0.067927
-0.0149 0.030142
0.0389 -0.074895
0.0780 -0.227517
0.0933 -0.272727
0.0964 -0.282110
0.0919 -0.269092
0.0829 -0.240320
0.0680 -0.252883
0.0496 -0.177652
0.0351 -0.121994
0.0228 -0.077199
0.0117 -0.038753
0.0014 -0.004713
-0.0086 0.024383
-0.0190 0.049213
-0.0304 0.070265
-0.0432 0.089821
-0.0575 0.108608
-0.0733 0.126939
-0.0908 0.137477
-0.1121 0.140246
-0.1370 0.141773
-0.1645 0.140773
-0.1929 0.136541
-0.2207 0.129181
-0.2467 0.119413
-0.2702 0.108191
-0.2912 0.096404
-0.3095 0.084736
-0.3254 0.073653
-0.3389 0.063434
-0.3503 0.054216
-0.3598 0.046041
-0.3675 0.038886
-0.3736 0.032689
-0.3783 0.027369
-0.3817 0.022835
-0.3840 0.018995
-0.3853 0.015758
-0.3857 0.013042
-0.3853 0.010772
-0.3842 0.008882
-0.3825 0.007311
-0.3803 0.006010
-0.3777 0.004934
-0.3746 0.004047
-0.3713 0.003316
-0.3676 0.002715
-0.3638 0.002221
-0.3598 0.001816
-0.3556 0.001485
-0.3514 0.001213
-0.3470 0.000990
-0.3427 0.000809
-0.3383 0.000660
-0.3339 0.000539
-0.3295 0.000439
-0.3251 0.000358
-0.3208 0.000292
-0.3165 0.000239
-0.3123 0.000195
-0.3082 0.000159
-0.3042 0.000130
-0.3003 0.000106
-0.2965 0.000086
-0.2928 0.000071
-0.2892 0.000058
-0.2858 0.000047
-0.2826 0.000038
-0.2796 0.000031
-0.2768 0.000026
-0.2742 0.000021
-0.2720 0.000017
-0.2703 0.000014
-0.2598 0.253802
-0.2133 0.208411
-0.1738 0.169844
-0.1376 0.134535
-0.1016 0.099416
-0.0604 0.118822
-0.0055 0.011786
0.0475 -0.091723
0.0818 -0.238648
0.0946 -0.276590
0.0961 -0.281246
0.0906 -0.265353
0.0812 -0.232979
0.0640 -0.236318
0.0466 -0.166023
0.0327 -0.112979
0.0207 -0.069708
0.0098 -0.031902
-0.0004 0.000956
-0.0105 0.029455
-0.0210 0.053285
-0.0327 0.073970
-0.0457 0.093316
-0.0603 0.111970
-0.0763 0.130183
-0.0945 0.137345
-0.1165 0.140112
-0.1422 0.141333
-0.1700 0.139805
-0.1985 0.134982
-0.2261 0.127118
-0.2516 0.117019
-0.2747 0.105648
-0.2952 0.093862
-0.3130 0.082302
-0.3283 0.071394
-0.3414 0.061385
-0.3524 0.052391
-0.3615 0.044437
-0.3689 0.037492
-0.3747 0.031489
-0.3791 0.026344
-0.3823 0.021965
-0.3843 0.018259
-0.3854 0.015140
-0.3856 0.012525
-0.3851 0.010341
-0.3838 0.008523
-0.3820 0.007013
-0.3797 0.005764
-0.3770 0.004731
-0.3739 0.003879
-0.3704 0.003178
-0.3668 0.002602
-0.3629 0.002128
-0.3588 0.001740
-0.3546 0.001422
-0.3504 0.001162
-0.3460 0.000948
-0.3416 0.000774
-0.3372 0.000632
-0.3328 0.000516
-0.3284 0.000421
-0.3241 0.000343
-0.3198 0.000280
-0.3155 0.000228
-0.3113 0.000186
-0.3072 0.000152
-0.3032 0.000124
-0.2993 0.000101
-0.2955 0.000083
-0.2918 0.000067
-0.2882 0.000055
-0.2848 0.000045
-0.2815 0.000037
-0.2785 0.000030
-0.2756 0.000025
-0.2730 0.000020
-0.2707 0.000017
-0.2688 0.000014
-0.2674 0.000011
-0.2322 0.226833
-0.1902 0.185804
-0.1529 0.149452
-0.1171 0.114575
-0.0796 0.078040
-0.0292 0.057951
0.0255 -0.048730
0.0714 -0.208131
0.0908 -0.265180
0.0965 -0.282360
0.0936 -0.274034
0.0855 -0.250411
0.0727 -0.273515
0.0531 -0.192128
0.0381 -0.133321
0.0254 -0.086685
0.0142 -0.047266
0.0038 -0.011970
-0.0063 0.018014
-0.0165 0.044032
-0.0276 0.065546
-0.0400 0.085280
-0.0539 0.104091
-0.0693 0.122399
-0.0862 0.135270
-0.1067 0.138379
-0.1310 0.140508
-0.1582 0.140317
-0.1867 0.136943
-0.2148 0.130321
-0.2413 0.121078
-0.2655 0.110159
-0.2871 0.098487
-0.3060 0.086800
-0.3223 0.075611
-0.3363 0.065234
-0.3481 0.055835
-0.3579 0.047473
-0.3660 0.040135
-0.3724 0.033768
-0.3774 0.028293
-0.3810 0.023621
-0.3835 0.019658
-0.3850 0.016316
-0.3855 0.013509
-0.3853 0.011162
-0.3843 0.009206
-0.3827 0.007580
-0.3806 0.006232
-0.3780 0.005118
-0.3750 0.004198
-0.3717 0.003441
-0.3681 0.002817
-0.3643 0.002305
-0.3603 0.001885
-0.3562 0.001541
-0.3519 0.001259
-0.3476 0.001028
-0.3432 0.000839
-0.3388 0.000685
-0.3344 0.000559
-0.3300 0.000456
-0.3257 0.000372
-0.3213 0.000304
-0.3170 0.000248
-0.3128 0.000202
-0.3087 0.000165
-0.3046 0.000134
-0.3006 0.000110
-0.2967 0.000090
-0.2929 0.000073
-0.2893 0.000060
-0.2857 0.000049
-0.2823 0.000040
-0.2791 0.000033
-0.2760 0.000027
-0.2731 0.000022
-0.2704 0.000018
-0.2679 0.000015
-0.2658 0.000012
-0.2640 0.000010
-0.2627 0.000008
-0.2313 0.225957
-0.1894 0.185045
-0.1522 0.148722
-0.1163 0.113775
-0.0786 0.077048
-0.0280 0.055633
0.0268 -0.051139
0.0717 -0.208893
0.0908 -0.265305
0.0964 -0.282010
0.0934 -0.273352
0.0852 -0.249496
0.0708 -0.266940
0.0518 -0.187829
0.0371 -0.130229
0.0247 -0.084311
0.0136 -0.045332
0.0032 -0.010371
-0.0068 0.019350
-0.0170 0.044924
-0.0281 0.066216
-0.0405 0.085755
-0.0543 0.104383
-0.0697 0.122521
-0.0868 0.133403
-0.1076 0.136785
-0.1323 0.139051
-0.1597 0.138886
-0.1884 0.135472
-0.2166 0.128799
-0.2431 0.119536
-0.2671 0.108641
-0.2885 0.097037
-0.3073 0.085449
-0.3234 0.074378
-0.3373 0.064129
-0.3489 0.054857
-0.3586 0.046617
-0.3665 0.039393
-0.3727 0.033131
-0.3776 0.027749
-0.3811 0.023159
-0.3835 0.019268
-0.3849 0.015988
-0.3853 0.013235
-0.3850 0.010933
-0.3839 0.009015
-0.3823 0.007422
-0.3801 0.006102
-0.3775 0.005010
-0.3744 0.004109
-0.3711 0.003367
-0.3675 0.002757
-0.3637 0.002256
-0.3597 0.001845
-0.3555 0.001508
-0.3513 0.001232
-0.3469 0.001006
-0.3426 0.000821
-0.3382 0.000670
-0.3338 0.000547
-0.3294 0.000446
-0.3250 0.000364
-0.3206 0.000297
-0.3164 0.000242
-0.3121 0.000198
-0.3080 0.000161
-0.3039 0.000132
-0.2999 0.000107
-0.2960 0.000088
-0.2922 0.000071
-0.2885 0.000058
-0.2849 0.000048
-0.2814 0.000039
-0.2780 0.000032
-0.2747 0.000026
-0.2715 0.000021
-0.2684 0.000017
-0.2655 0.000014
-0.2627 0.000012
-0.2599 0.000009
-0.2574 0.000008
-0.2549 0.000006
-0.2526 0.000005
-0.2504 0.000004
-0.2483 0.000004
-0.2463 0.000003
-0.2445 0.000002
-0.2429 0.000002
-0.2413 0.000002
-0.2399 0.000001
-0.2387 0.000001
-0.2376 0.000001
-0.2366 0.000001
-0.2358 0.000001
-0.2351 0.000000
-0.2346 0.000000
-0.2343 0.000000
-0.2341 0.000000
-0.2340 0.000000
-0.2342 0.000000
-0.2345 0.000000
-0.2350 0.000000
-0.2357 0.000000
-0.2367 0.000000
-0.2379 0.000000
-0.2395 0.000000
-0.2415 0.000000
-0.2440 0.000000
-0.2472 0.000000
-0.2206 0.215430
-0.1837 0.359500
-0.1230 0.240922
-0.0704 0.138365
-0.0192 0.038475
0.0307 -0.058944
0.0723 -0.140292
0.0991 -0.192935
0.1112 -0.216786
0.0963 -0.282101
0.0733 -0.282165
0.0514 -0.189662
0.0350 -0.121348
0.0218 -0.069824
0.0094 -0.028408
-0.0030 0.008082
-0.0158 0.041627
-0.0290 0.072933
-0.0423 0.102392
-0.0560 0.124748
-0.0712 0.142480
