0.5875
0.4938
0.3889
0.3075
0.2655
0.2510
0.2484
0.2494
0.2507
0.2511
0.2525
0.2520
0.2526
0.2524
0.2527
0.2526
0.2529
0.2524
0.2524
0.2524
0.2520
0.2524
0.2522
0.2522
0.2526
0.2521
0.2522
0.2526
0.2523
0.2524
0.2522
0.2519
0.2522
0.2522
0.2528
0.2527
0.2528
0.2521
0.2526
0.2524
0.2528
0.2529
0.2522
0.2523
0.2527
0.2520
0.2523
0.2528
0.2521
0.2523
0.2524
0.2523
0.2523
0.2521
0.2522
0.2525
0.2525
0.2522
0.2523
0.2522
0.2526
0.2528
0.2526
0.2524
0.2526
0.2521
0.2522
0.2523
0.2523
0.2522
0.2521
0.2522
0.2522
0.2516
0.2525
0.2522
0.2524
0.2525
0.2523
0.2527
0.2531
0.2523
0.2529
0.2524
0.2525
0.2525
0.2526
0.2523
0.2530
0.2518
0.2528
0.2521
0.2522
0.2527
0.2524
0.2527
0.2520
0.2526
0.2523
0.2525
0.2521
0.2521
0.2524
0.2524
0.2525
0.2526
0.2520
0.2528
0.2522
0.2524
0.2525
0.2522
0.2522
0.2521
0.2526
0.2525
0.2524
0.2525
0.2522
0.2522
0.2521
0.2523
0.2523
0.2522
0.2520
0.2526
0.2524
0.2525
0.2520
0.2527
0.2524
0.2524
0.2525
0.2521
0.2526
0.2519
0.2525
0.2523
0.2523
0.2518
0.2524
0.2523
0.2522
0.2528
0.2523
0.2524
0.2524
0.2524
0.2527
0.2526
