-0.1165 0.113644
-0.1095 0.106845
-0.1050 0.102430
-0.1028 0.100296
-0.1030 0.100464
-0.1056 0.102959
-0.1106 0.107741
-0.1177 0.114665
-0.1267 0.123440
-0.1372 0.130986
-0.1499 0.135112
-0.1642 0.138317
-0.1808 0.136036
-0.1994 0.127645
-0.2206 0.116741
-0.2431 0.106390
-0.2659 0.096210
-0.2880 0.086169
-0.3088 0.076400
-0.3279 0.067082
-0.3450 0.058369
-0.3601 0.050370
-0.3730 0.043143
-0.3837 0.036700
-0.3923 0.031025
-0.3988 0.026076
-0.4032 0.021799
-0.4055 0.018131
-0.4060 0.015007
-0.4045 0.012363
-0.4012 0.010138
-0.3961 0.008277
-0.3893 0.006727
-0.3810 0.005443
-0.3711 0.004383
-0.3597 0.003513
-0.3470 0.002802
-0.3329 0.002223
-0.3176 0.001753
-0.3009 0.001374
-0.2830 0.001068
-0.2637 0.000823
-0.2427 0.000627
-0.2198 0.000469
-0.1942 0.000343
-0.1653 0.000241
-0.1319 0.000159
-0.0917 0.000092
-0.0359 0.011904
0.0403 -0.012851
0.1240 -0.080154
0.1712 -0.166646
0.1897 -0.184917
0.1885 -0.183847
0.1677 -0.218269
0.1445 -0.188154
0.1217 -0.158489
0.0994 -0.129496
0.0772 -0.100650
0.0544 -0.070971
0.0298 -0.039094
0.0022 -0.003180
-0.0302 0.035886
-0.0693 0.077433
-0.1154 0.113343
-0.1650 0.143410
-0.2119 0.164320
-0.2530 0.165334
-0.2890 0.156209
-0.3201 0.143096
-0.3469 0.128224
-0.3698 0.113046
-0.3895 0.098434
-0.4061 0.084870
-0.4200 0.072586
-0.4315 0.061657
-0.4407 0.052062
-0.4476 0.043729
-0.4525 0.036554
-0.4555 0.030421
-0.4565 0.025212
-0.4558 0.020812
-0.4533 0.017115
-0.4492 0.014023
-0.4435 0.011448
-0.4363 0.009312
-0.4277 0.007547
-0.4177 0.006094
-0.4064 0.004903
-0.3940 0.003930
-0.3804 0.003137
-0.3657 0.002494
-0.3500 0.001974
-0.3334 0.001555
-0.3158 0.001218
-0.2973 0.000948
-0.2777 0.000732
-0.2570 0.000560
-0.2347 0.000423
-0.2103 0.000314
-0.1830 0.000226
-0.1514 0.000154
-0.1080 0.035330
-0.0524 0.017273
0.0190 -0.017735
0.0942 -0.091219
0.1487 -0.144642
0.1750 -0.170545
0.1733 -0.225447
0.1585 -0.206293
0.1399 -0.182089
0.1198 -0.156041
0.0993 -0.129366
0.0784 -0.102135
0.0566 -0.072498
0.0334 -0.041204
0.0073 -0.008940
-0.0239 0.024623
-0.0631 0.057726
-0.1116 0.090830
-0.1652 0.120619
-0.2173 0.132353
-0.2643 0.133162
-0.3046 0.126928
-0.3384 0.116657
-0.3668 0.104563
-0.3906 0.092064
-0.4104 0.079992
-0.4268 0.068796
-0.4403 0.058686
-0.4512 0.049724
-0.4597 0.041889
-0.4660 0.035112
-0.4703 0.029298
-0.4727 0.024345
-0.4732 0.020152
-0.4720 0.016620
-0.4691 0.013658
-0.4646 0.011186
-0.4586 0.009129
-0.4511 0.007425
-0.4423 0.006019
-0.4320 0.004861
-0.4205 0.003913
-0.4078 0.003137
-0.3940 0.002506
-0.3790 0.001993
-0.3631 0.001579
-0.3461 0.001245
-0.3283 0.000976
-0.3095 0.000761
-0.2897 0.000589
-0.2688 0.000452
-0.2465 0.000343
-0.2224 0.000256
-0.1958 0.000186
-0.1651 0.000130
-0.1224 0.040019
-0.0631 0.020757
0.0179 -0.011076
0.1061 -0.102742
0.1674 -0.162791
0.1921 -0.249761
0.1844 -0.239948
0.1672 -0.217589
0.1462 -0.190399
0.1244 -0.161987
0.1025 -0.133544
0.0805 -0.104992
0.0579 -0.074789
0.0340 -0.042215
0.0072 -0.008789
-0.0249 0.026040
-0.0651 0.060416
-0.1145 0.094540
-0.1690 0.120469
-0.2223 0.131171
-0.2700 0.131813
-0.3107 0.125473
-0.3449 0.115187
-0.3735 0.103153
-0.3974 0.090761
-0.4174 0.078822
-0.4340 0.067769
-0.4476 0.057799
-0.4586 0.048970
-0.4673 0.041256
-0.4738 0.034586
-0.4783 0.028867
-0.4808 0.023996
-0.4816 0.019871
-0.4806 0.016397
-0.4780 0.013483
-0.4737 0.011050
-0.4680 0.009026
-0.4608 0.007348
-0.4521 0.005962
-0.4422 0.004820
-0.4309 0.003884
-0.4184 0.003118
-0.4047 0.002494
-0.3900 0.001987
-0.3742 0.001577
-0.3575 0.001245
-0.3398 0.000979
-0.3212 0.000765
-0.3017 0.000594
-0.2811 0.000458
-0.2593 0.000349
-0.2360 0.000263
-0.2105 0.000194
-0.1819 0.000139
-0.1480 0.000093
-0.1012 0.033117
-0.0309 0.010338
0.0660 -0.063393
0.1540 -0.149520
0.2015 -0.261730
0.2036 -0.264815
0.1886 -0.245426
0.1664 -0.216637
0.1423 -0.185312
0.1183 -0.154149
0.0949 -0.123620
0.0714 -0.093124
0.0470 -0.061210
0.0207 -0.025984
-0.0096 0.010719
-0.0467 0.046882
-0.0931 0.082767
-0.1470 0.112008
-0.2026 0.127841
-0.2539 0.132564
-0.2982 0.128791
-0.3355 0.119844
-0.3667 0.108332
-0.3929 0.095970
-0.4148 0.083785
-0.4331 0.072344
-0.4484 0.061926
-0.4609 0.052638
-0.4710 0.044480
-0.4790 0.037396
-0.4848 0.031299
-0.4888 0.026090
-0.4909 0.021666
-0.4913 0.017929
-0.4900 0.014786
-0.4872 0.012154
-0.4827 0.009958
-0.4768 0.008133
-0.4694 0.006620
-0.4606 0.005371
-0.4505 0.004344
-0.4390 0.003500
-0.4264 0.002811
-0.4125 0.002248
-0.3975 0.001792
-0.3815 0.001422
-0.3645 0.001123
-0.3466 0.000883
-0.3277 0.000690
-0.3079 0.000536
-0.2870 0.000413
-0.2650 0.000316
-0.2415 0.000238
-0.2160 0.000176
-0.1875 0.000126
-0.1541 0.000086
-0.1119 0.000052
-0.0478 0.015802
0.0474 -0.045178
0.1462 -0.141782
0.2030 -0.263523
0.2136 -0.277782
0.2014 -0.262010
0.1788 -0.232765
0.1532 -0.199544
0.1277 -0.166387
0.1031 -0.134283
0.0788 -0.102763
0.0541 -0.070648
0.0276 -0.035753
-0.0021 0.002214
-0.0379 0.039949
-0.0826 0.076928
-0.1360 0.105561
-0.1929 0.123930
-0.2462 0.130904
-0.2926 0.128675
-0.3316 0.120636
-0.3643 0.109595
-0.3916 0.097432
-0.4146 0.085286
-0.4338 0.073795
-0.4499 0.063282
-0.4632 0.053876
-0.4741 0.045594
-0.4828 0.038388
-0.4894 0.032176
-0.4941 0.026860
-0.4970 0.022340
-0.4982 0.018515
-0.4977 0.015295
-0.4956 0.012593
-0.4920 0.010336
-0.4868 0.008456
-0.4802 0.006897
-0.4721 0.005606
-0.4626 0.004542
-0.4517 0.003668
-0.4396 0.002951
-0.4262 0.002366
-0.4116 0.001889
-0.3959 0.001502
-0.3791 0.001190
-0.3613 0.000938
-0.3426 0.000735
-0.3229 0.000573
-0.3023 0.000443
-0.2806 0.000340
-0.2576 0.000258
-0.2329 0.000193
-0.2059 0.000141
-0.1752 0.000099
-0.1383 0.000065
-0.0895 0.000035
-0.0135 0.004699
0.0908 -0.087510
0.1779 -0.230561
0.2145 -0.278600
0.2162 -0.281206
0.1987 -0.258653
0.1736 -0.226075
0.1470 -0.191404
0.1210 -0.157605
0.0959 -0.125049
0.0712 -0.092918
0.0457 -0.059787
0.0180 -0.023438
-0.0138 0.015902
-0.0527 0.053933
-0.1011 0.086839
-0.1574 0.111898
-0.2143 0.126098
-0.2657 0.129384
-0.3096 0.124730
-0.3464 0.115427
-0.3772 0.103931
-0.4029 0.091813
-0.4245 0.079993
-0.4427 0.068971
-0.4578 0.058982
-0.4704 0.050106
-0.4806 0.042329
-0.4887 0.035589
-0.4948 0.029795
-0.4991 0.024849
-0.5016 0.020651
-0.5025 0.017105
-0.5017 0.014122
-0.4994 0.011622
-0.4956 0.009535
-0.4902 0.007799
-0.4833 0.006358
-0.4750 0.005167
-0.4653 0.004184
-0.4542 0.003377
-0.4417 0.002716
-0.4280 0.002176
-0.4130 0.001736
-0.3969 0.001379
-0.3797 0.001091
-0.3615 0.000859
-0.3422 0.000672
-0.3220 0.000523
-0.3008 0.000404
-0.2785 0.000309
-0.2548 0.000234
-0.2293 0.000174
-0.2013 0.000126
-0.1692 0.000088
-0.1301 0.000056
-0.0771 0.000028
0.0059 -0.004737
0.1123 -0.108540
0.1882 -0.244018
0.2194 -0.285071
0.2173 -0.282716
0.1977 -0.257289
0.1715 -0.223282
0.1443 -0.187967
0.1181 -0.153858
0.0929 -0.121066
0.0679 -0.088622
0.0420 -0.054990
0.0137 -0.017982
-0.0191 0.021851
-0.0594 0.058696
-0.1098 0.089881
-0.1671 0.113309
-0.2239 0.125630
-0.2744 0.127442
-0.3174 0.121918
-0.3533 0.112239
-0.3833 0.100694
-0.4084 0.088718
-0.4294 0.077144
-0.4471 0.066413
-0.4618 0.056726
-0.4740 0.048144
-0.4839 0.040640
-0.4918 0.034148
-0.4977 0.028575
-0.5018 0.023823
-0.5043 0.019793
-0.5050 0.016391
-0.5042 0.013531
-0.5019 0.011135
-0.4980 0.009135
-0.4926 0.007472
-0.4857 0.006092
-0.4774 0.004950
-0.4676 0.004009
-0.4564 0.003236
-0.4439 0.002602
-0.4301 0.002085
-0.4150 0.001663
-0.3988 0.001322
-0.3814 0.001045
-0.3630 0.000822
-0.3436 0.000644
-0.3231 0.000501
-0.3017 0.000386
-0.2791 0.000296
-0.2551 0.000223
-0.2293 0.000166
-0.2009 0.000120
-0.1683 0.000083
-0.1284 0.000053
-0.0743 0.000025
0.0105 -0.009274
0.1161 -0.149762
0.1905 -0.246997
0.2209 -0.287042
0.2182 -0.283846
0.1981 -0.257838
0.1716 -0.223490
0.1443 -0.187999
0.1181 -0.153808
0.0928 -0.120985
0.0679 -0.088533
0.0420 -0.054906
0.0136 -0.017965
-0.0191 0.021956
-0.0595 0.058036
-0.1100 0.088955
-0.1676 0.112195
-0.2245 0.124405
-0.2752 0.126184
-0.3182 0.120693
-0.3542 0.111090
-0.3841 0.099644
-0.4092 0.087779
-0.4303 0.076316
-0.4479 0.065692
-0.4626 0.056105
-0.4748 0.047613
-0.4847 0.040191
-0.4926 0.033770
-0.4985 0.028260
-0.5027 0.023562
-0.5052 0.019578
-0.5060 0.016215
-0.5053 0.013388
-0.5031 0.011020
-0.4993 0.009043
-0.4940 0.007398
-0.4873 0.006034
-0.4790 0.004905
-0.4694 0.003974
-0.4584 0.003208
-0.4459 0.002581
-0.4322 0.002068
-0.4172 0.001651
-0.4010 0.001312
-0.3837 0.001038
-0.3652 0.000817
-0.3458 0.000639
-0.3253 0.000497
-0.3037 0.000384
-0.2810 0.000294
-0.2570 0.000222
-0.2311 0.000165
-0.2027 0.000120
-0.1702 0.000083
-0.1306 0.000053
-0.0770 0.000026
0.0067 -0.003694
0.1122 -0.144567
0.1883 -0.244080
0.2202 -0.286150
0.2185 -0.284254
0.1989 -0.258934
0.1727 -0.224911
0.1456 -0.189577
0.1194 -0.155496
0.0942 -0.122803
0.0694 -0.090546
0.0438 -0.057224
0.0158 -0.020776
-0.0165 0.018996
-0.0560 0.054995
-0.1057 0.086074
-0.1630 0.109893
-0.2203 0.122915
-0.2716 0.125401
-0.3153 0.120397
-0.3517 0.111090
-0.3821 0.099808
-0.4075 0.088023
-0.4288 0.076590
-0.4466 0.065967
-0.4615 0.056366
-0.4739 0.047852
-0.4839 0.040405
-0.4919 0.033959
-0.4979 0.028424
-0.5022 0.023704
-0.5048 0.019700
-0.5057 0.016319
-0.5051 0.013477
-0.5030 0.011096
-0.4993 0.009107
-0.4941 0.007452
-0.4875 0.006079
-0.4794 0.004943
-0.4699 0.004006
-0.4589 0.003235
-0.4466 0.002603
-0.4329 0.002086
-0.4180 0.001666
-0.4019 0.001324
-0.3846 0.001048
-0.3662 0.000825
-0.3467 0.000646
-0.3263 0.000502
-0.3047 0.000388
-0.2820 0.000297
-0.2580 0.000225
-0.2321 0.000167
-0.2037 0.000121
-0.1713 0.000084
-0.1318 0.000054
-0.0786 0.000027
0.0050 -0.002566
0.1105 -0.142414
0.1867 -0.241975
0.2186 -0.284060
0.2172 -0.282507
0.1980 -0.257738
0.1722 -0.224271
0.1454 -0.189409
0.1195 -0.155710
0.0946 -0.123341
0.0701 -0.091394
0.0447 -0.058411
0.0170 -0.022331
-0.0148 0.017042
-0.0537 0.052967
-0.1027 0.084046
-0.1597 0.108179
-0.2171 0.121732
-0.2688 0.124716
-0.3128 0.120068
-0.3496 0.110985
-0.3802 0.099833
-0.4058 0.088116
-0.4273 0.076714
-0.4453 0.066100
-0.4602 0.056495
-0.4726 0.047971
-0.4827 0.040510
-0.4907 0.034050
-0.4967 0.028502
-0.5010 0.023769
-0.5036 0.019754
-0.5045 0.016363
-0.5039 0.013512
-0.5017 0.011124
-0.4980 0.009130
-0.4928 0.007470
-0.4861 0.006092
-0.4779 0.004953
-0.4683 0.004013
-0.4574 0.003241
-0.4450 0.002607
-0.4313 0.002089
-0.4163 0.001668
-0.4002 0.001325
-0.3828 0.001048
-0.3644 0.000825
-0.3449 0.000646
-0.3243 0.000502
-0.3027 0.000388
-0.2800 0.000296
-0.2558 0.000224
-0.2297 0.000166
-0.2011 0.000120
-0.1682 0.000083
-0.1279 0.000052
-0.0729 0.000025
0.0150 -0.009066
0.1196 -0.154330
0.1902 -0.246668
0.2173 -0.282352
0.2133 -0.277536
0.1936 -0.251950
0.1681 -0.218862
0.1418 -0.184735
0.1165 -0.151738
0.0920 -0.119904
0.0677 -0.088304
0.0424 -0.055486
0.0148 -0.019247
-0.0172 0.019568
-0.0565 0.054916
-0.1059 0.085407
-0.1629 0.108791
-0.2200 0.121576
-0.2712 0.123995
-0.3147 0.119028
-0.3510 0.109812
-0.3813 0.098645
-0.4065 0.086981
-0.4277 0.075666
-0.4454 0.065154
-0.4601 0.055655
-0.4722 0.047233
-0.4821 0.039867
-0.4898 0.033493
-0.4956 0.028023
-0.4996 0.023358
-0.5019 0.019402
-0.5026 0.016064
-0.5017 0.013258
-0.4992 0.010908
-0.4952 0.008947
-0.4897 0.007315
-0.4827 0.005962
-0.4743 0.004844
-0.4644 0.003922
-0.4531 0.003164
-0.4405 0.002543
-0.4266 0.002036
-0.4113 0.001623
-0.3949 0.001289
-0.3774 0.001018
-0.3587 0.000800
-0.3390 0.000625
-0.3183 0.000486
-0.2964 0.000374
-0.2734 0.000285
-0.2488 0.000215
-0.2222 0.000159
-0.1927 0.000114
-0.1583 0.000077
-0.1151 0.000047
-0.0523 0.017255
0.0446 -0.042454
0.1429 -0.184752
0.1993 -0.258702
0.2154 -0.280060
0.2059 -0.267945
0.1844 -0.240077
0.1591 -0.207161
0.1336 -0.173998
0.1090 -0.141963
0.0850 -0.110778
0.0608 -0.079398
0.0354 -0.046305
0.0071 -0.009206
-0.0261 0.028792
-0.0675 0.062701
-0.1191 0.091608
-0.1766 0.112493
-0.2324 0.122540
-0.2817 0.122869
-0.3233 0.116649
-0.3580 0.106829
-0.3869 0.095478
-0.4110 0.083878
-0.4312 0.072763
-0.4480 0.062515
-0.4620 0.053302
-0.4734 0.045163
-0.4826 0.038067
-0.4897 0.031939
-0.4949 0.026689
-0.4983 0.022220
-0.5000 0.018435
-0.5001 0.015245
-0.4985 0.012566
-0.4955 0.010326
-0.4909 0.008459
-0.4848 0.006907
-0.4772 0.005622
-0.4681 0.004560
-0.4577 0.003686
-0.4458 0.002969
-0.4326 0.002382
-0.4182 0.001904
-0.4025 0.001515
-0.3856 0.001200
-0.3676 0.000946
-0.3485 0.000742
-0.3284 0.000578
-0.3072 0.000447
-0.2849 0.000343
-0.2613 0.000260
-0.2359 0.000194
-0.2081 0.000142
-0.1767 0.000099
-0.1388 0.000065
-0.0887 0.029059
-0.0085 0.006156
0.0963 -0.092868
0.1742 -0.225785
0.2081 -0.270359
0.2096 -0.272545
0.1933 -0.251623
0.1700 -0.221330
0.1450 -0.188836
0.1204 -0.156885
0.0966 -0.125900
0.0730 -0.095213
0.0487 -0.063592
0.0223 -0.028873
-0.0076 0.008645
-0.0439 0.045133
-0.0898 0.076528
-0.1447 0.102106
-0.2021 0.118060
-0.2551 0.123319
-0.3007 0.120270
-0.3390 0.112127
-0.3708 0.101441
-0.3973 0.089889
-0.4195 0.078474
-0.4380 0.067748
-0.4533 0.057983
-0.4659 0.049280
-0.4762 0.041642
-0.4842 0.035013
-0.4903 0.029312
-0.4944 0.024443
-0.4969 0.020309
-0.4976 0.016817
-0.4967 0.013879
-0.4942 0.011418
-0.4901 0.009364
-0.4846 0.007655
-0.4775 0.006237
-0.4690 0.005065
-0.4590 0.004099
-0.4477 0.003305
-0.4350 0.002655
-0.4210 0.002125
-0.4057 0.001693
-0.3892 0.001343
-0.3717 0.001061
-0.3530 0.000833
-0.3333 0.000650
-0.3126 0.000504
-0.2907 0.000388
-0.2676 0.000295
-0.2429 0.000222
-0.2160 0.000163
-0.1859 0.000116
-0.1505 0.000078
-0.1051 0.000045
-0.0342 0.022811
0.0660 -0.063328
0.1552 -0.200943
0.1992 -0.258680
0.2079 -0.270315
0.1958 -0.254829
0.1745 -0.227178
0.1504 -0.195808
0.1262 -0.164338
0.1026 -0.133688
0.0794 -0.103468
0.0556 -0.072640
0.0303 -0.039277
0.0019 -0.002691
-0.0319 0.034045
-0.0742 0.067163
-0.1265 0.094762
-0.1837 0.113942
-0.2384 0.122387
-0.2863 0.121609
-0.3267 0.114780
-0.3603 0.104705
-0.3883 0.093318
-0.4117 0.081806
-0.4311 0.070844
-0.4473 0.060776
-0.4606 0.051750
-0.4714 0.043794
-0.4800 0.036867
-0.4864 0.030895
-0.4910 0.025784
-0.4937 0.021438
-0.4947 0.017762
-0.4941 0.014667
-0.4918 0.012072
-0.4880 0.009904
-0.4826 0.008099
-0.4758 0.006601
-0.4674 0.005362
-0.4576 0.004341
-0.4464 0.003501
-0.4339 0.002814
-0.4200 0.002252
-0.4049 0.001795
-0.3887 0.001425
-0.3713 0.001125
-0.3528 0.000884
-0.3333 0.000691
-0.3127 0.000536
-0.2911 0.000412
-0.2682 0.000314
-0.2437 0.000236
-0.2171 0.000174
-0.1873 0.000124
-0.1524 0.000084
-0.1079 0.035297
-0.0381 0.025325
0.0598 -0.057355
0.1501 -0.194338
0.1947 -0.252799
0.2045 -0.265891
0.1937 -0.251980
0.1734 -0.225649
0.1500 -0.195255
0.1263 -0.164479
0.1031 -0.134343
0.0802 -0.104553
0.0568 -0.074149
0.0318 -0.041105
0.0040 -0.005187
-0.0290 0.031130
-0.0704 0.064778
-0.1216 0.092693
-0.1784 0.112581
-0.2333 0.121853
-0.2817 0.121724
-0.3226 0.115295
-0.3566 0.105424
-0.3850 0.094111
-0.4086 0.082593
-0.4282 0.071580
-0.4445 0.061441
-0.4579 0.052335
-0.4687 0.044299
-0.4773 0.037296
-0.4837 0.031255
-0.4882 0.026083
-0.4909 0.021684
-0.4918 0.017962
-0.4910 0.014828
-0.4886 0.012201
-0.4846 0.010006
-0.4791 0.008179
-0.4721 0.006663
-0.4636 0.005410
-0.4536 0.004377
-0.4423 0.003529
-0.4296 0.002834
-0.4156 0.002267
-0.4004 0.001806
-0.3841 0.001432
-0.3666 0.001131
-0.3481 0.000888
-0.3285 0.000693
-0.3079 0.000537
-0.2862 0.000413
-0.2632 0.000314
-0.2385 0.000235
-0.2116 0.000172
-0.1813 0.000122
-0.1453 0.000081
-0.0964 0.031574
-0.0222 0.015010
0.0766 -0.073732
0.1592 -0.206245
0.1955 -0.253876
0.2005 -0.260696
0.1878 -0.244349
0.1673 -0.217721
0.1443 -0.187882
0.1212 -0.157823
0.0984 -0.128271
0.0758 -0.098829
0.0525 -0.068499
0.0274 -0.034891
-0.0009 0.000660
-0.0348 0.036453
-0.0775 0.069535
-0.1296 0.096363
-0.1862 0.114647
-0.2401 0.122329
-0.2872 0.121054
-0.3269 0.113957
-0.3599 0.103770
-0.3874 0.092363
-0.4102 0.080884
-0.4292 0.069979
-0.4449 0.059982
-0.4578 0.051030
-0.4681 0.043147
-0.4762 0.036289
-0.4821 0.030380
-0.4861 0.025328
-0.4883 0.021035
-0.4887 0.017407
-0.4874 0.014356
-0.4845 0.011799
-0.4800 0.009665
-0.4740 0.007891
-0.4665 0.006421
-0.4575 0.005207
-0.4470 0.004207
-0.4353 0.003387
-0.4222 0.002716
-0.4078 0.002169
-0.3922 0.001725
-0.3756 0.001366
-0.3578 0.001076
-0.3390 0.000843
-0.3192 0.000656
-0.2983 0.000507
-0.2762 0.000388
-0.2527 0.000294
-0.2274 0.000219
-0.1995 0.000159
-0.1675 0.000110
-0.1286 0.000070
-0.0699 0.022965
0.0148 -0.009021
0.1120 -0.108379
0.1761 -0.228407
0.1977 -0.256906
0.1944 -0.252808
0.1781 -0.231835
0.1567 -0.204058
0.1340 -0.174524
0.1114 -0.145114
0.0890 -0.116039
0.0664 -0.086666
0.0427 -0.055392
0.0169 -0.021069
-0.0130 0.014341
-0.0498 0.049502
-0.0960 0.080563
-0.1503 0.104527
-0.2064 0.118793
-0.2578 0.122761
-0.3019 0.118931
-0.3389 0.110400
-0.3696 0.099577
-0.3951 0.088032
-0.4163 0.076704
-0.4339 0.066104
-0.4483 0.056481
-0.4601 0.047923
-0.4693 0.040424
-0.4764 0.033927
-0.4814 0.028347
-0.4845 0.023588
-0.4857 0.019554
-0.4852 0.016152
-0.4831 0.013296
-0.4793 0.010908
-0.4740 0.008919
-0.4671 0.007267
-0.4588 0.005901
-0.4490 0.004775
-0.4378 0.003850
-0.4253 0.003093
-0.4115 0.002474
-0.3965 0.001971
-0.3804 0.001564
-0.3632 0.001234
-0.3449 0.000969
-0.3256 0.000757
-0.3053 0.000587
-0.2839 0.000451
-0.2611 0.000343
-0.2368 0.000257
-0.2101 0.000189
