0.1071
0.1065
0.1059
0.1052
0.1045
0.1037
0.1029
0.1020
0.1011
0.1001
0.0992
-0.1972
-0.1755
-0.1541
-0.1319
-0.1074
-0.0790
-0.0440
0.0011
0.0566
0.1126
0.1560
0.1831
0.1892
0.1884
0.1838
0.1781
0.1717
0.1657
0.1601
0.1545
0.1488
0.1429
0.1369
0.1307
0.1244
0.1155
0.1046
0.0947
0.0856
0.0769
0.0685
0.0602
0.0519
0.0434
0.0345
0.0252
0.0152
0.0043
-0.0078
-0.0216
-0.0373
-0.0554
-0.0759
-0.0982
-0.1210
-0.1426
-0.1615
-0.1772
-0.1902
-0.2004
-0.2079
-0.2130
-0.2158
-0.2144
-0.2040
-0.1937
-0.1830
-0.1718
-0.1557
-0.1353
-0.1143
-0.0906
-0.0620
-0.0253
0.0224
0.0777
0.1286
0.1651
0.1863
0.1956
0.1971
0.1947
0.1899
0.1837
0.1776
0.1716
0.1654
0.1539
0.1424
0.1324
0.1232
0.1133
0.1007
0.0895
0.0793
0.0697
0.0605
0.0514
0.0423
0.0330
0.0232
0.0129
0.0016
-0.0110
-0.0252
-0.0415
-0.0602
-0.0812
-0.1037
-0.1263
-0.1473
