0.9366 57.3039
0.9342 49.7344
0.9324 43.0922
0.9308 37.3242
0.9292 32.3289
0.9274 28.0054
0.9253 24.2637
0.9229 21.0254
0.9202 18.2227
0.9171 15.7968
0.9135 13.6970
0.9094 11.8794
0.9047 10.3060
0.8994 8.9440
0.8933 7.7649
0.8864 6.7442
0.8787 5.8605
0.8700 5.0955
0.8601 4.4332
0.8492 3.8598
0.8370 3.3634
0.8235 2.9336
0.8086 2.5615
0.7923 2.2393
0.7747 1.9604
0.7556 1.7188
0.7353 1.5097
0.7139 1.3287
0.6914 1.1719
0.6682 1.0362
0.6444 0.9187
0.6204 0.8169
0.5965 0.7288
0.5729 0.6525
0.5499 0.5865
0.5279 0.5293
0.5069 0.4798
0.4872 0.4369
0.4689 0.3997
0.4520 0.3676
0.4366 0.3398
0.4226 0.3156
0.4101 0.2948
0.3989 0.2767
0.3889 0.2611
0.3801 0.2480
0.3831 0.3585
0.5733 6.7871
0.7814 27.9799
0.8905 49.4825
0.9318 66.1321
0.9421 73.3335
0.9415 69.8943
0.9384 62.1019
0.9356 54.1148
0.9335 46.9331
0.9318 40.6590
0.9302 35.2169
0.9285 30.5052
0.9266 26.4274
0.9244 22.8985
0.9219 19.8443
0.9190 17.2008
0.9157 14.9126
0.9119 12.9320
0.9076 11.2175
0.9026 9.7334
0.8970 8.4485
0.8906 7.3362
0.8834 6.3733
0.8753 5.5396
0.8661 4.8178
0.8559 4.1929
0.8444 3.6519
0.8317 3.1834
0.8177 2.7779
0.8022 2.4267
0.7854 2.1227
0.7672 1.8594
0.7477 1.6315
0.7269 1.4341
0.7050 1.2633
0.6822 1.1153
0.6588 0.9872
0.6349 0.8763
0.6109 0.7802
0.5870 0.6970
0.5636 0.6250
0.5410 0.5627
0.5194 0.5087
0.4989 0.4619
0.4797 0.4214
0.4620 0.3864
0.4457 0.3560
0.4309 0.3297
0.4175 0.3070
0.4055 0.2873
0.3947 0.2702
0.3853 0.2556
0.3781 0.2546
0.4556 1.5900
0.6902 15.4948
0.8464 37.8165
0.9162 57.2631
0.9387 69.7473
0.9421 71.3499
0.9398 65.2104
0.9368 57.2519
0.9344 49.7503
0.9325 43.1229
0.9308 37.3574
0.9292 32.3615
0.9274 28.0368
0.9253 24.2939
0.9229 21.0543
0.9202 18.2502
0.9171 15.8228
0.9135 13.7216
0.9094 11.9024
0.9048 10.3276
0.8994 8.9641
0.8934 7.7835
0.8866 6.7614
0.8788 5.8764
0.8701 5.1101
0.8604 4.4466
0.8494 3.8720
0.8373 3.3745
0.8238 2.9437
0.8090 2.5706
0.7928 2.2476
0.7752 1.9679
0.7562 1.7256
0.7360 1.5158
0.7146 1.3342
0.6922 1.1769
0.6690 1.0406
0.6453 0.9227
0.6213 0.8205
0.5974 0.7320
0.5738 0.6554
0.5508 0.5890
0.5288 0.5316
0.5078 0.4818
0.4880 0.4387
0.4697 0.4014
0.4528 0.3690
0.4373 0.3410
0.4233 0.3168
0.4107 0.2958
0.3994 0.2776
0.3894 0.2620
0.3811 0.2533
0.4067 0.5935
0.6183 8.2787
0.8050 28.8751
0.8990 49.6278
0.9336 64.8443
0.9416 70.3026
0.9406 66.3665
0.9376 58.8658
0.9350 51.2981
0.9329 44.5064
0.9312 38.5726
0.9296 33.4240
0.9278 28.9648
0.9258 25.1042
0.9235 21.7619
0.9209 18.8681
0.9179 16.3626
0.9144 14.1930
0.9104 12.3142
0.9059 10.6872
0.9008 9.2782
0.8949 8.0579
0.8883 7.0011
0.8808 6.0857
0.8724 5.2929
0.8629 4.6062
0.8523 4.0114
0.8405 3.4962
0.8274 3.0500
0.8130 2.6634
0.7972 2.3286
0.7800 2.0386
0.7614 1.7874
0.7415 1.5697
0.7205 1.3812
0.6984 1.2179
0.6754 1.0764
0.6519 0.9539
0.6280 0.8477
0.6041 0.7558
0.5804 0.6761
0.5573 0.6071
0.5350 0.5473
0.5137 0.4955
0.4936 0.4507
0.4749 0.4118
0.4576 0.3781
0.4417 0.3490
0.4273 0.3237
0.4143 0.3018
0.4027 0.2829
0.3924 0.2667
0.3839 0.2578
0.3987 0.4444
0.5817 5.4683
0.7794 23.2023
0.8869 44.2647
0.9292 60.5703
0.9405 67.9751
0.9406 65.7416
0.9379 58.8681
0.9352 51.4528
0.9331 44.6922
0.9313 38.7591
0.9296 33.6029
0.9279 29.1334
0.9259 25.2619
0.9236 21.9084
0.9210 19.0037
0.9180 16.4874
0.9146 14.3075
0.9107 12.4190
0.9062 10.7828
0.9011 9.3651
0.8954 8.1368
0.8888 7.0725
0.8814 6.1502
0.8731 5.3511
0.8637 4.6586
0.8532 4.0585
0.8415 3.5385
0.8286 3.0879
0.8143 2.6974
0.7987 2.3589
0.7817 2.0657
0.7633 1.8115
0.7436 1.5913
0.7227 1.4004
0.7008 1.2350
0.6780 1.0916
0.6546 0.9674
0.6308 0.8597
0.6070 0.7664
0.5833 0.6855
0.5602 0.6154
0.5378 0.5547
0.5164 0.5021
0.4963 0.4564
0.4774 0.4169
0.4599 0.3826
0.4439 0.3529
0.4293 0.3272
0.4162 0.3049
0.4044 0.2856
0.3939 0.2696
0.3862 0.2651
0.4066 0.4798
0.5843 5.0072
0.7776 20.9832
0.8848 41.6428
0.9278 57.7914
0.9397 65.3479
0.9402 63.6964
0.9376 57.2903
0.9350 50.1693
0.9329 43.6234
0.9311 37.8623
0.9294 32.8484
0.9276 28.4985
0.9256 24.7276
0.9232 21.4591
0.9206 18.6260
0.9176 16.1702
0.9141 14.0413
0.9101 12.1957
0.9056 10.5957
0.9004 9.2085
0.8946 8.0058
0.8880 6.9630
0.8805 6.0589
0.8721 5.2749
0.8627 4.5952
0.8521 4.0058
0.8404 3.4948
0.8273 3.0517
0.8130 2.6674
0.7973 2.3342
0.7803 2.0453
0.7619 1.7948
0.7422 1.5776
0.7213 1.3892
0.6994 1.2258
0.6766 1.0842
0.6533 0.9614
0.6296 0.8549
0.6058 0.7625
0.5823 0.6825
0.5593 0.6130
0.5370 0.5528
0.5158 0.5006
0.4957 0.4553
0.4769 0.4161
0.4596 0.3820
0.4436 0.3525
0.4291 0.3269
0.4160 0.3048
0.4043 0.2858
0.3942 0.2713
0.3894 0.2830
0.4327 0.6926
0.6236 6.2217
0.7994 21.9988
0.8931 41.7673
0.9297 56.5327
0.9394 62.6646
0.9393 60.4715
0.9368 54.2542
0.9343 47.5185
0.9323 41.3496
0.9305 35.9196
0.9287 31.1902
0.9269 27.0834
0.9248 23.5200
0.9224 20.4286
0.9196 17.7467
0.9164 15.4199
0.9128 13.4011
0.9087 11.6496
0.9040 10.1299
0.8987 8.8112
0.8926 7.6670
0.8858 6.6742
0.8781 5.8127
0.8694 5.0651
0.8597 4.4164
0.8488 3.8535
0.8368 3.3650
0.8235 2.9412
0.8088 2.5733
0.7929 2.2541
0.7755 1.9772
0.7569 1.7368
0.7370 1.5282
0.7159 1.3472
0.6939 1.1902
0.6711 1.0539
0.6477 0.9356
0.6241 0.8330
0.6005 0.7440
0.5772 0.6667
0.5544 0.5996
0.5325 0.5414
0.5115 0.4910
0.4918 0.4472
0.4734 0.4091
0.4564 0.3762
0.4408 0.3476
0.4266 0.3227
0.4139 0.3013
0.4026 0.2837
0.3941 0.2766
0.4000 0.3498
0.4941 1.4492
0.6929 9.3730
0.8373 26.0043
0.9078 44.1547
0.9333 56.1063
0.9390 59.5245
0.9380 56.0796
0.9356 49.9310
0.9333 43.6815
0.9313 38.0303
0.9295 33.0668
0.9277 28.7427
0.9257 24.9843
0.9234 21.7199
0.9208 18.8849
0.9179 16.4228
0.9145 14.2846
0.9106 12.4275
0.9062 10.8147
0.9012 9.4139
0.8956 8.1972
0.8892 7.1406
0.8819 6.2228
0.8738 5.4257
0.8647 4.7333
0.8545 4.1320
0.8431 3.6097
0.8305 3.1561
0.8167 2.7621
0.8015 2.4198
0.7850 2.1226
0.7671 1.8645
0.7480 1.6402
0.7277 1.4455
0.7063 1.2764
0.6841 1.1295
0.6612 1.0019
0.6378 0.8911
0.6143 0.7949
0.5909 0.7113
0.5679 0.6387
0.5455 0.5757
0.5241 0.5210
0.5037 0.4734
0.4846 0.4322
0.4668 0.3963
0.4504 0.3652
0.4355 0.3382
0.4219 0.3148
0.4098 0.2953
0.4000 0.2834
0.3982 0.3085
0.4411 0.6337
0.6017 4.0236
0.7765 15.0786
0.8787 32.5186
0.9226 47.5649
0.9364 55.2153
0.9381 55.2314
0.9363 50.5143
0.9339 44.5868
0.9318 38.9510
0.9299 33.9289
0.9281 29.5307
0.9261 25.6988
0.9239 22.3652
0.9214 19.4665
0.9185 16.9461
0.9153 14.7547
0.9116 12.8493
0.9073 11.1926
0.9025 9.7521
0.8971 8.4997
0.8909 7.4107
0.8840 6.4639
0.8761 5.6407
0.8673 4.9249
0.8575 4.3025
0.8466 3.7614
0.8345 3.2909
0.8211 2.8819
0.8065 2.5263
0.7905 2.2170
0.7732 1.9482
0.7547 1.7145
0.7349 1.5113
0.7140 1.3346
0.6922 1.1810
0.6696 1.0475
0.6465 0.9314
0.6232 0.8305
0.5999 0.7428
0.5768 0.6665
0.5544 0.6003
0.5327 0.5426
0.5120 0.4925
0.4925 0.4490
0.4742 0.4112
0.4574 0.3783
0.4419 0.3497
0.4278 0.3250
0.4152 0.3044
0.4049 0.2911
0.4014 0.3072
0.4296 0.5047
0.5522 2.1265
0.7316 10.0092
0.8530 24.1037
0.9113 39.9548
0.9324 49.8378
0.9371 52.3734
0.9362 49.3022
0.9340 43.9949
0.9319 38.5947
0.9299 33.6918
0.9280 29.3698
0.9260 25.5927
0.9238 22.3007
0.9213 19.4339
0.9185 16.9378
0.9153 14.7647
0.9116 12.8729
0.9074 11.2260
0.9026 9.7922
0.8972 8.5441
0.8911 7.4576
0.8843 6.5118
0.8766 5.6885
0.8679 4.9718
0.8582 4.3480
0.8475 3.8049
0.8356 3.3322
0.8224 2.9208
0.8080 2.5627
0.7923 2.2510
0.7753 1.9797
0.7570 1.7435
0.7375 1.5380
0.7170 1.3591
0.6954 1.2034
0.6731 1.0679
0.6503 0.9500
0.6272 0.8474
0.6040 0.7581
0.5811 0.6804
0.5586 0.6127
0.5369 0.5539
0.5162 0.5027
0.4966 0.4581
0.4782 0.4193
0.4611 0.3856
0.4454 0.3563
0.4311 0.3310
0.4184 0.3100
0.4081 0.2978
0.4057 0.3179
0.4340 0.5067
0.5442 1.7009
0.7157 8.1253
0.8412 19.8448
0.9046 34.8187
0.9292 45.2145
0.9357 48.7953
0.9356 46.7909
0.9336 42.1087
0.9315 37.0743
0.9295 32.4342
0.9275 28.3198
0.9255 24.7134
0.9232 21.5638
0.9207 18.8165
0.9178 16.4210
0.9145 14.3325
0.9107 12.5118
0.9064 10.9247
0.9016 9.5412
0.8961 8.3354
0.8900 7.2843
0.8830 6.3682
0.8752 5.5698
0.8665 4.8740
0.8567 4.2675
0.8459 3.7390
0.8339 3.2785
0.8207 2.8771
0.8063 2.5273
0.7905 2.2225
0.7735 1.9569
0.7553 1.7255
0.7359 1.5238
0.7154 1.3481
0.6940 1.1950
0.6718 1.0616
0.6491 0.9454
0.6262 0.8441
0.6032 0.7559
0.5805 0.6790
0.5582 0.6121
0.5367 0.5537
0.5161 0.5029
0.4967 0.4586
0.4784 0.4201
0.4615 0.3865
0.4458 0.3573
0.4316 0.3321
0.4191 0.3119
0.4097 0.3036
0.4110 0.3402
0.4505 0.5961
0.5684 1.9501
0.7313 8.3543
0.8474 19.0807
0.9057 32.7078
0.9285 42.2585
0.9346 45.5175
0.9346 43.6833
0.9327 39.3732
0.9307 34.7222
0.9286 30.4242
0.9266 26.6038
0.9245 23.2482
0.9221 20.3125
0.9194 17.7477
0.9164 15.5081
0.9129 13.5528
0.9090 11.8459
0.9046 10.3561
0.8995 9.0557
0.8938 7.9210
0.8874 6.9307
0.8802 6.0666
0.8721 5.3126
0.8631 4.6547
0.8531 4.0807
0.8419 3.5800
0.8297 3.1431
0.8162 2.7620
0.8014 2.4295
0.7854 2.1394
0.7682 1.8864
0.7497 1.6656
0.7302 1.4731
0.7096 1.3052
0.6881 1.1587
0.6660 1.0309
0.6434 0.9194
0.6206 0.8222
0.5978 0.7375
0.5754 0.6635
0.5534 0.5990
0.5323 0.5428
0.5121 0.4937
0.4930 0.4510
0.4751 0.4137
0.4586 0.3811
0.4433 0.3528
0.4294 0.3286
0.4174 0.3102
0.4099 0.3106
0.4192 0.3868
0.4829 0.8237
0.6202 3.0370
0.7720 10.6162
0.8681 21.3144
0.9135 33.6466
0.9302 41.2925
0.9341 43.1426
0.9335 40.6899
0.9316 36.4528
0.9296 32.1155
0.9275 28.1523
0.9254 24.6365
0.9232 21.5480
0.9207 18.8439
0.9178 16.4793
0.9145 14.4126
0.9109 12.6066
0.9067 11.0287
0.9019 9.6504
0.8966 8.4464
0.8906 7.3949
0.8838 6.4766
0.8762 5.6747
0.8677 4.9744
0.8583 4.3630
0.8477 3.8291
0.8361 3.3630
0.8233 2.9561
0.8093 2.6008
0.7941 2.2907
0.7776 2.0199
0.7599 1.7835
0.7411 1.5771
0.7211 1.3969
0.7003 1.2397
0.6786 1.1024
0.6564 0.9825
0.6339 0.8779
0.6112 0.7866
0.5887 0.7069
0.5666 0.6373
0.5451 0.5765
0.5244 0.5235
0.5048 0.4772
0.4863 0.4368
0.4690 0.4016
0.4530 0.3708
0.4383 0.3440
0.4250 0.3212
0.4138 0.3058
0.4096 0.3217
0.4345 0.4941
0.5341 1.3466
0.6914 5.8774
0.8224 15.0638
0.8933 26.6852
0.9233 37.3973
0.9328 42.3758
0.9340 42.0936
0.9326 38.5910
0.9306 34.2170
0.9286 30.0425
0.9265 26.2961
0.9243 22.9936
0.9219 20.1003
0.9192 17.5709
0.9162 15.3613
0.9127 13.4315
0.9087 11.7465
0.9042 10.2751
0.8992 8.9905
0.8935 7.8691
0.8871 6.8900
0.8799 6.0353
0.8718 5.2892
0.8628 4.6379
0.8528 4.0693
0.8417 3.5730
0.8295 3.1398
0.8160 2.7615
0.8014 2.4314
0.7855 2.1431
0.7684 1.8915
0.7501 1.6718
0.7308 1.4801
0.7104 1.3126
0.6891 1.1664
0.6672 1.0388
0.6449 0.9273
0.6223 0.8300
0.5997 0.7451
0.5775 0.6709
0.5557 0.6061
0.5347 0.5495
0.5146 0.5001
0.4956 0.4570
0.4777 0.4193
0.4611 0.3864
0.4459 0.3577
0.4319 0.3327
0.4192 0.3114
0.4089 0.2994
0.4091 0.3389
0.4598 0.7090
0.5995 2.8558
0.7625 11.0163
0.8657 22.0343
0.9138 34.9539
0.9311 43.1517
0.9350 45.0819
0.9342 42.4759
0.9322 37.9554
0.9301 33.3348
0.9280 29.1334
0.9260 25.4220
0.9237 22.1745
0.9212 19.3420
0.9184 16.8739
0.9152 14.7241
0.9115 12.8515
0.9073 11.2204
0.9026 9.7996
0.8973 8.5619
0.8912 7.4838
0.8845 6.5445
0.8769 5.7261
0.8683 5.0131
0.8589 4.3917
0.8483 3.8503
0.8367 3.3783
0.8238 2.9670
0.8098 2.6085
0.7945 2.2959
0.7779 2.0234
0.7602 1.7857
0.7413 1.5785
0.7213 1.3978
0.7004 1.2402
0.6787 1.1027
0.6565 0.9828
0.6339 0.8781
0.6113 0.7868
0.5888 0.7072
0.5667 0.6377
0.5452 0.5770
0.5246 0.5241
0.5050 0.4778
0.4865 0.4375
0.4693 0.4023
0.4533 0.3716
0.4387 0.3447
0.4253 0.3213
0.4133 0.3014
0.4035 0.2911
0.4077 0.3604
0.4869 1.0466
0.6632 6.3137
0.8139 17.1783
0.8938 31.7457
0.9264 44.3189
0.9358 49.6720
0.9364 48.7332
0.9345 44.2214
0.9322 38.9188
0.9302 33.9598
0.9282 29.5575
0.9261 25.7079
0.9239 22.3579
0.9214 19.4473
0.9185 16.9195
0.9152 14.7244
0.9115 12.8182
0.9072 11.1627
0.9024 9.7248
0.8970 8.4760
0.8908 7.3911
0.8838 6.4487
0.8760 5.6298
0.8672 4.9183
0.8574 4.2999
0.8465 3.7624
0.8345 3.2952
0.8213 2.8889
0.8067 2.5357
0.7910 2.2285
0.7739 1.9613
0.7556 1.7288
0.7362 1.5265
0.7157 1.3505
0.6943 1.1973
0.6722 1.0639
0.6496 0.9478
0.6267 0.8466
0.6038 0.7586
0.5812 0.6818
0.5591 0.6150
0.5377 0.5568
0.5173 0.5060
0.4979 0.4618
0.4798 0.4232
0.4629 0.3896
0.4474 0.3603
0.4331 0.3348
0.4202 0.3125
0.4086 0.2933
0.3989 0.2818
0.4032 0.3606
0.5024 1.5551
0.7003 9.7461
0.8402 23.7196
0.9080 40.9201
0.9326 52.4016
0.9382 55.7413
0.9373 52.7159
0.9349 46.9721
0.9326 41.0634
0.9306 35.7084
0.9288 31.0038
0.9268 26.9089
0.9247 23.3549
0.9222 20.2731
0.9194 17.6014
0.9162 15.2856
0.9126 13.2782
0.9084 11.5381
0.9036 10.0297
0.8983 8.7221
0.8921 7.5885
0.8852 6.6058
0.8775 5.7538
0.8687 5.0151
0.8589 4.3745
0.8480 3.8189
0.8359 3.3371
0.8226 2.9191
0.8080 2.5566
0.7920 2.2420
0.7748 1.9690
0.7562 1.7320
0.7365 1.5264
0.7157 1.3478
0.6940 1.1927
0.6715 1.0581
0.6485 0.9411
0.6253 0.8395
0.6021 0.7512
0.5792 0.6744
0.5568 0.6077
0.5352 0.5497
0.5146 0.4992
0.4952 0.4554
0.4770 0.4172
0.4601 0.3840
0.4446 0.3551
0.4305 0.3300
0.4177 0.3081
0.4062 0.2891
0.3961 0.2750
0.3955 0.3235
0.4927 1.6924
0.7018 10.9935
0.8444 28.0590
0.9116 46.2570
0.9349 57.9024
0.9396 60.7049
0.9382 56.7036
0.9356 50.2475
0.9333 43.8291
0.9313 38.0636
0.9295 33.0158
0.9277 28.6290
0.9256 24.8250
0.9233 21.5287
0.9207 18.6729
0.9176 16.1990
0.9141 14.0559
0.9102 12.1994
0.9056 10.5913
0.9004 9.1984
0.8946 7.9919
0.8879 6.9468
0.8804 6.0416
0.8719 5.2575
0.8624 4.5783
0.8518 3.9900
0.8400 3.4803
0.8269 3.0388
0.8125 2.6562
0.7968 2.3248
0.7797 2.0376
0.7613 1.7888
0.7416 1.5731
0.7208 1.3861
0.6990 1.2241
0.6764 1.0836
0.6532 0.9618
0.6296 0.8561
0.6061 0.7645
0.5828 0.6850
0.5600 0.6160
0.5380 0.5562
0.5170 0.5042
0.4972 0.4591
0.4786 0.4200
0.4614 0.3860
0.4456 0.3565
0.4312 0.3308
0.4181 0.3086
0.4064 0.2893
0.3960 0.2733
0.3901 0.2843
0.4553 1.1169
0.6688 9.5968
0.8285 27.6707
0.9063 46.9433
0.9342 60.1969
0.9403 64.2230
0.9391 60.4516
0.9364 53.6852
0.9340 46.8414
0.9320 40.6739
0.9303 35.2718
0.9285 30.5773
0.9266 26.5073
0.9244 22.9811
0.9219 19.9266
0.9191 17.2808
0.9158 14.9891
0.9120 13.0041
0.9077 11.2848
0.9028 9.7958
0.8973 8.5061
0.8910 7.3892
0.8838 6.4219
0.8758 5.5841
0.8667 4.8586
0.8565 4.2303
0.8452 3.6862
0.8326 3.2150
0.8187 2.8069
0.8035 2.4535
0.7868 2.1474
0.7688 1.8823
0.7495 1.6527
0.7290 1.4538
0.7074 1.2815
0.6848 1.1323
0.6616 1.0030
0.6380 0.8910
0.6142 0.7939
0.5906 0.7098
0.5674 0.6369
0.5449 0.5737
0.5234 0.5189
0.5029 0.4715
0.4838 0.4303
0.4660 0.3946
0.4496 0.3636
0.4347 0.3368
0.4212 0.3135
0.4090 0.2933
0.3981 0.2761
0.3895 0.2690
0.4137 0.5553
0.6061 6.2489
0.7923 23.0437
0.8914 43.4302
0.9300 59.0303
0.9401 65.8324
0.9400 63.6099
0.9374 57.0272
0.9348 49.8833
0.9327 43.3433
0.9310 37.5925
0.9293 32.5899
0.9275 28.2518
