0.1108 -0.133289
0.0805 -0.097020
0.0499 -0.060212
0.0164 -0.020066
-0.0229 0.024356
-0.0723 0.064251
-0.1333 0.098257
-0.1990 0.121465
-0.2600 0.131313
-0.3121 0.130417
-0.3555 0.122868
-0.3915 0.111920
-0.4216 0.099676
-0.4470 0.087382
-0.4685 0.075725
-0.4867 0.065046
-0.5020 0.055485
-0.5150 0.047059
-0.5257 0.039721
-0.5344 0.033387
-0.5412 0.027958
-0.5463 0.023332
-0.5496 0.019410
-0.5512 0.016097
-0.5512 0.013309
-0.5496 0.010971
-0.5462 0.009015
-0.5411 0.007385
-0.5342 0.006028
-0.5255 0.004903
-0.5149 0.003973
-0.5024 0.003205
-0.4879 0.002574
-0.4714 0.002056
-0.4528 0.001633
-0.4322 0.001289
-0.4095 0.001010
-0.3846 0.000784
-0.3577 0.000603
-0.3285 0.000458
-0.2970 0.000342
-0.2625 0.000250
-0.2243 0.000177
-0.1800 0.000117
-0.1248 0.000067
-0.0455 0.013980
0.0768 -0.090562
0.1901 -0.227055
0.2489 -0.298288
0.2568 -0.308283
0.2353 -0.282702
0.2023 -0.243237
0.1677 -0.201627
0.1348 -0.162136
0.1040 -0.125118
0.0740 -0.089216
0.0432 -0.052234
0.0090 -0.011157
-0.0317 0.032496
-0.0832 0.071140
-0.1457 0.103264
-0.2109 0.123784
-0.2702 0.131228
-0.3205 0.128767
-0.3622 0.120394
-0.3970 0.109116
-0.4261 0.096841
-0.4505 0.084680
-0.4712 0.073239
-0.4888 0.062812
-0.5036 0.053509
-0.5159 0.045332
-0.5262 0.038224
-0.5344 0.032099
-0.5407 0.026856
-0.5453 0.022393
-0.5481 0.018612
-0.5493 0.015422
-0.5488 0.012740
-0.5466 0.010492
-0.5427 0.008613
-0.5371 0.007047
-0.5296 0.005746
-0.5203 0.004668
-0.5091 0.003777
-0.4960 0.003042
-0.4808 0.002438
-0.4636 0.001944
-0.4444 0.001541
-0.4230 0.001213
-0.3996 0.000947
-0.3741 0.000733
-0.3464 0.000561
-0.3164 0.000424
-0.2839 0.000315
-0.2482 0.000228
-0.2080 0.000158
-0.1605 0.000101
-0.0983 0.000051
-0.0025 0.001111
0.1254 -0.149062
0.2190 -0.262064
0.2552 -0.306147
0.2490 -0.299055
0.2217 -0.266407
0.1877 -0.225712
0.1540 -0.185166
0.1223 -0.147105
0.0922 -0.111055
0.0625 -0.075324
0.0309 -0.037495
-0.0050 0.005319
-0.0490 0.047043
-0.1047 0.083539
-0.1692 0.111833
-0.2328 0.127398
-0.2888 0.130778
-0.3357 0.125786
-0.3747 0.116119
-0.4072 0.104352
-0.4344 0.092063
-0.4574 0.080151
-0.4768 0.069089
-0.4932 0.059094
-0.5070 0.050229
-0.5185 0.042472
-0.5279 0.035751
-0.5353 0.029976
-0.5409 0.025043
-0.5447 0.020852
-0.5468 0.017308
-0.5472 0.014321
-0.5459 0.011814
-0.5429 0.009714
-0.5382 0.007962
-0.5317 0.006504
-0.5234 0.005294
-0.5131 0.004292
-0.5010 0.003465
-0.4869 0.002784
-0.4707 0.002226
-0.4525 0.001769
-0.4323 0.001397
-0.4099 0.001096
-0.3855 0.000852
-0.3589 0.000656
-0.3301 0.000499
-0.2989 0.000374
-0.2649 0.000274
-0.2271 0.000194
-0.1836 0.000130
-0.1297 0.000076
-0.0529 0.016180
0.0672 -0.059294
0.1825 -0.217890
0.2435 -0.291772
0.2535 -0.304291
0.2337 -0.280799
0.2020 -0.242848
0.1682 -0.202267
0.1359 -0.163507
0.1056 -0.127092
0.0762 -0.091812
0.0460 -0.055618
0.0128 -0.015574
-0.0265 0.027700
-0.0760 0.066384
-0.1370 0.099135
-0.2020 0.121060
-0.2620 0.129958
-0.3132 0.128542
-0.3558 0.120795
-0.3912 0.109842
-0.4208 0.097703
-0.4457 0.085566
-0.4667 0.074086
-0.4844 0.063589
-0.4994 0.054200
-0.5118 0.045936
-0.5221 0.038743
-0.5303 0.032540
-0.5367 0.027226
-0.5412 0.022702
-0.5440 0.018867
-0.5451 0.015631
-0.5444 0.012909
-0.5421 0.010628
-0.5380 0.008722
-0.5322 0.007134
-0.5246 0.005814
-0.5151 0.004720
-0.5037 0.003816
-0.4903 0.003072
-0.4749 0.002460
-0.4575 0.001959
-0.4380 0.001551
-0.4164 0.001219
-0.3927 0.000951
-0.3669 0.000735
-0.3390 0.000561
-0.3087 0.000423
-0.2757 0.000312
-0.2394 0.000224
-0.1981 0.000153
-0.1484 0.000095
-0.0814 0.000043
0.0256 -0.021932
0.1507 -0.179559
0.2288 -0.273958
0.2520 -0.302330
0.2393 -0.287486
0.2105 -0.252980
0.1773 -0.213200
0.1449 -0.174314
0.1145 -0.137740
0.0853 -0.102699
0.0559 -0.067419
0.0242 -0.029380
-0.0124 0.013287
-0.0577 0.053629
-0.1148 0.088581
-0.1793 0.114595
-0.2416 0.127791
-0.2958 0.129473
-0.3412 0.123528
-0.3788 0.113443
-0.4102 0.101586
-0.4365 0.089393
-0.4587 0.077673
-0.4774 0.066847
-0.4932 0.057100
-0.5064 0.048476
-0.5173 0.040945
-0.5261 0.034431
-0.5329 0.028840
-0.5379 0.024070
-0.5412 0.020021
-0.5427 0.016600
-0.5425 0.013720
-0.5405 0.011304
-0.5369 0.009284
-0.5315 0.007598
-0.5242 0.006197
-0.5152 0.005035
-0.5042 0.004075
-0.4912 0.003283
-0.4763 0.002632
-0.4593 0.002098
-0.4403 0.001663
-0.4191 0.001309
-0.3959 0.001023
-0.3706 0.000792
-0.3432 0.000606
-0.3134 0.000458
-0.2811 0.000339
-0.2455 0.000245
-0.2053 0.000170
-0.1575 0.000108
-0.0947 0.000054
0.0049 -0.002192
0.1322 -0.157219
0.2180 -0.260957
0.2481 -0.297684
0.2399 -0.288130
0.2133 -0.256298
0.1810 -0.217631
0.1490 -0.179157
0.1187 -0.142807
0.0898 -0.108083
0.0609 -0.073397
0.0301 -0.036477
-0.0050 0.005274
-0.0481 0.046281
-0.1026 0.082081
-0.1661 0.110069
-0.2293 0.125739
-0.2851 0.129388
-0.3321 0.124662
-0.3710 0.115211
-0.4035 0.103609
-0.4306 0.091444
-0.4535 0.079628
-0.4727 0.068640
-0.4890 0.058704
-0.5025 0.049888
-0.5138 0.042170
-0.5228 0.035484
-0.5299 0.029737
-0.5351 0.024830
-0.5386 0.020662
-0.5402 0.017137
-0.5402 0.014168
-0.5384 0.011676
-0.5348 0.009591
-0.5296 0.007851
-0.5224 0.006405
-0.5135 0.005205
-0.5026 0.004212
-0.4898 0.003394
-0.4750 0.002722
-0.4581 0.002171
-0.4392 0.001721
-0.4183 0.001355
-0.3952 0.001059
-0.3701 0.000820
-0.3428 0.000628
-0.3132 0.000474
-0.2810 0.000352
-0.2455 0.000254
-0.2056 0.000176
-0.1580 0.000112
-0.0956 0.000056
0.0039 -0.001605
0.1308 -0.155638
0.2151 -0.257495
0.2445 -0.293370
0.2366 -0.284167
0.2107 -0.253257
0.1793 -0.215563
0.1479 -0.177902
0.1182 -0.142184
0.0897 -0.107961
0.0611 -0.073720
0.0307 -0.037142
-0.0039 0.003952
-0.0462 0.044830
-0.1000 0.080530
-0.1630 0.108720
-0.2261 0.124833
-0.2821 0.128907
-0.3293 0.124484
-0.3686 0.115217
-0.4012 0.103716
-0.4285 0.091599
-0.4514 0.079797
-0.4707 0.068807
-0.4869 0.058857
-0.5005 0.050023
-0.5117 0.042286
-0.5207 0.035581
-0.5277 0.029816
-0.5329 0.024893
-0.5362 0.020710
-0.5377 0.017174
-0.5375 0.014195
-0.5356 0.011694
-0.5319 0.009603
-0.5265 0.007858
-0.5192 0.006408
-0.5100 0.005205
-0.4989 0.004210
-0.4859 0.003390
-0.4709 0.002717
-0.4539 0.002165
-0.4348 0.001715
-0.4136 0.001349
-0.3904 0.001053
-0.3650 0.000814
-0.3375 0.000622
-0.3077 0.000469
-0.2752 0.000347
-0.2393 0.000250
-0.1986 0.000171
-0.1496 0.000107
-0.0823 0.024981
0.0235 -0.013343
0.1468 -0.174881
0.2199 -0.263367
0.2412 -0.289427
0.2296 -0.275814
0.2031 -0.244077
0.1723 -0.207135
0.1419 -0.170598
0.1129 -0.135846
0.0849 -0.102263
0.0566 -0.068289
0.0261 -0.031241
-0.0090 0.009492
-0.0523 0.049623
-0.1072 0.084374
-0.1704 0.111083
-0.2326 0.125539
-0.2874 0.128364
-0.3334 0.123203
-0.3717 0.113586
-0.4035 0.101977
-0.4301 0.089892
-0.4525 0.078198
-0.4713 0.067350
-0.4871 0.057555
-0.5003 0.048875
-0.5111 0.041283
-0.5197 0.034711
-0.5263 0.029067
-0.5310 0.024249
-0.5340 0.020160
-0.5351 0.016704
-0.5345 0.013796
-0.5321 0.011356
-0.5279 0.009316
-0.5219 0.007616
-0.5141 0.006203
-0.5045 0.005032
-0.4929 0.004065
-0.4793 0.003269
-0.4637 0.002615
-0.4461 0.002080
-0.4264 0.001644
-0.4047 0.001290
-0.3809 0.001004
-0.3550 0.000774
-0.3269 0.000589
-0.2964 0.000442
-0.2631 0.000324
-0.2260 0.000230
-0.1832 0.000155
-0.1302 0.000091
-0.0514 0.015724
0.0656 -0.057936
0.1755 -0.209634
0.2281 -0.273379
0.2358 -0.283015
0.2182 -0.262108
0.1903 -0.228726
0.1602 -0.192587
0.1309 -0.157436
0.1029 -0.123823
0.0754 -0.090814
0.0470 -0.056698
0.0157 -0.018542
-0.0212 0.021947
-0.0675 0.060609
-0.1253 0.093222
-0.1888 0.116363
-0.2490 0.127007
-0.3011 0.127044
-0.3445 0.120265
-0.3806 0.109886
-0.4107 0.098052
-0.4359 0.086052
-0.4570 0.074609
-0.4748 0.064090
-0.4896 0.054651
-0.5019 0.046322
-0.5119 0.039062
-0.5197 0.032793
-0.5256 0.027421
-0.5296 0.022844
-0.5317 0.018965
-0.5321 0.015692
-0.5307 0.012940
-0.5275 0.010635
-0.5225 0.008711
-0.5157 0.007108
-0.5070 0.005779
-0.4964 0.004678
-0.4839 0.003771
-0.4694 0.003024
-0.4529 0.002413
-0.4343 0.001913
-0.4138 0.001507
-0.3911 0.001178
-0.3664 0.000912
-0.3395 0.000699
-0.3103 0.000528
-0.2786 0.000392
-0.2436 0.000284
-0.2041 0.000197
-0.1570 0.000125
-0.0926 0.028075
0.0057 -0.002694
0.1271 -0.113439
0.2062 -0.246846
0.2321 -0.278413
0.2246 -0.269762
0.2012 -0.241712
0.1724 -0.207237
0.1433 -0.172317
0.1153 -0.138721
0.0882 -0.106138
0.0608 -0.073260
0.0315 -0.037440
-0.0018 0.001605
-0.0426 0.041391
-0.0943 0.077369
-0.1556 0.105818
-0.2182 0.122827
-0.2744 0.127855
-0.3221 0.124131
-0.3617 0.115296
-0.3946 0.104028
-0.4221 0.092015
-0.4451 0.080239
-0.4644 0.069229
-0.4806 0.059237
-0.4940 0.050349
-0.5050 0.042557
-0.5137 0.035798
-0.5204 0.029984
-0.5251 0.025018
-0.5280 0.020798
-0.5290 0.017230
-0.5283 0.014226
-0.5257 0.011706
-0.5213 0.009598
-0.5152 0.007842
-0.5071 0.006383
-0.4971 0.005174
-0.4853 0.004176
-0.4714 0.003354
-0.4556 0.002680
-0.4377 0.002129
-0.4178 0.001681
-0.3959 0.001317
-0.3719 0.001023
-0.3458 0.000786
-0.3175 0.000597
-0.2867 0.000446
-0.2529 0.000325
-0.2150 0.000229
-0.1707 0.000150
-0.1128 0.034114
-0.0257 0.016049
0.0925 -0.082171
0.1872 -0.223843
0.2247 -0.269438
0.2248 -0.269898
0.2053 -0.246622
0.1782 -0.214224
0.1498 -0.180079
0.1221 -0.146820
0.0952 -0.114613
0.0684 -0.082445
0.0402 -0.048071
0.0088 -0.010291
-0.0290 0.029090
-0.0767 0.066911
-0.1354 0.097805
-0.1982 0.118599
-0.2567 0.127110
-0.3069 0.125729
-0.3488 0.118187
-0.3836 0.107488
-0.4125 0.095601
-0.4367 0.083697
-0.4570 0.072426
-0.4740 0.062113
-0.4881 0.052887
-0.4997 0.044766
-0.5090 0.037700
-0.5161 0.031608
-0.5212 0.026394
-0.5244 0.021958
-0.5257 0.018202
-0.5252 0.015036
-0.5229 0.012378
-0.5188 0.010154
-0.5129 0.008299
-0.5050 0.006757
-0.4953 0.005480
-0.4837 0.004424
-0.4701 0.003555
-0.4545 0.002842
-0.4369 0.002259
-0.4172 0.001784
-0.3956 0.001399
-0.3719 0.001087
-0.3461 0.000837
-0.3181 0.000636
-0.2877 0.000476
-0.2543 0.000348
-0.2169 0.000245
-0.1734 0.000162
-0.1165 0.035220
-0.0326 0.020179
0.0821 -0.072886
0.1796 -0.214786
0.2193 -0.262967
0.2216 -0.266039
0.2038 -0.244816
0.1779 -0.213828
0.1502 -0.180601
0.1230 -0.147960
0.0966 -0.116238
0.0702 -0.084545
0.0425 -0.050637
0.0117 -0.013647
-0.0250 0.025243
-0.0714 0.063580
-0.1287 0.095019
-0.1912 0.116913
-0.2501 0.126590
-0.3010 0.126056
-0.3436 0.119007
-0.3789 0.108543
-0.4083 0.096726
-0.4329 0.084796
-0.4534 0.073447
-0.4706 0.063032
-0.4848 0.053696
-0.4965 0.045466
-0.5058 0.038297
-0.5129 0.032112
-0.5180 0.026816
-0.5212 0.022307
-0.5224 0.018489
-0.5218 0.015270
-0.5194 0.012567
-0.5151 0.010306
-0.5090 0.008420
-0.5010 0.006853
-0.4911 0.005554
-0.4793 0.004482
-0.4655 0.003599
-0.4497 0.002875
-0.4320 0.002283
-0.4122 0.001802
-0.3904 0.001411
-0.3666 0.001095
-0.3406 0.000842
-0.3125 0.000639
-0.2818 0.000476
-0.2481 0.000347
-0.2102 0.000243
-0.1657 0.000159
-0.1049 0.031745
-0.0173 0.011009
0.0965 -0.085888
0.1854 -0.221849
0.2177 -0.261136
0.2164 -0.259774
0.1975 -0.237286
0.1719 -0.206590
0.1449 -0.174147
0.1183 -0.142268
0.0923 -0.111088
0.0661 -0.079658
0.0384 -0.045309
0.0073 -0.008551
-0.0301 0.029848
-0.0776 0.067818
-0.1356 0.098218
-0.1978 0.118609
-0.2557 0.126882
-0.3054 0.125392
-0.3469 0.117814
-0.3814 0.107113
-0.4100 0.095238
-0.4340 0.083353
-0.4540 0.072103
-0.4707 0.061811
-0.4844 0.052605
-0.4957 0.044503
-0.5045 0.037455
-0.5112 0.031381
-0.5159 0.026183
-0.5185 0.021762
-0.5193 0.018021
-0.5183 0.014870
-0.5153 0.012225
-0.5105 0.010014
-0.5039 0.008172
-0.4953 0.006642
-0.4848 0.005376
-0.4724 0.004331
-0.4580 0.003472
-0.4417 0.002768
-0.4233 0.002194
-0.4030 0.001727
-0.3806 0.001349
-0.3562 0.001044
-0.3297 0.000799
-0.3009 0.000603
-0.2694 0.000446
-0.2346 0.000322
-0.1949 0.000221
-0.1473 0.000138
-0.0767 0.023291
0.0221 -0.012581
0.1323 -0.118206
0.2004 -0.240093
0.2180 -0.261632
0.2088 -0.250807
0.1870 -0.224699
0.1609 -0.193401
0.1343 -0.161479
0.1083 -0.130253
0.0826 -0.099402
0.0562 -0.067738
0.0277 -0.032240
-0.0050 0.004992
-0.0455 0.043020
-0.0966 0.079448
-0.1569 0.106819
-0.2181 0.122928
-0.2731 0.127397
-0.3197 0.123392
-0.3585 0.114443
-0.3908 0.103150
-0.4176 0.091159
-0.4400 0.079426
-0.4587 0.068469
-0.4743 0.058533
-0.4870 0.049699
-0.4973 0.041959
-0.5052 0.035249
-0.5111 0.029482
-0.5149 0.024558
-0.5167 0.020379
-0.5167 0.016849
-0.5148 0.013879
-0.5110 0.011391
-0.5053 0.009314
-0.4977 0.007586
-0.4883 0.006153
-0.4769 0.004969
-0.4635 0.003994
-0.4482 0.003193
-0.4309 0.002538
-0.4116 0.002005
-0.3903 0.001572
-0.3670 0.001222
-0.3417 0.000941
-0.3141 0.000715
-0.2842 0.000535
-0.2512 0.000391
-0.2143 0.000276
-0.1711 0.000182
-0.1124 0.034023
-0.0284 0.017641
0.0841 -0.074676
0.1779 -0.159532
0.2154 -0.258339
0.2160 -0.259336
0.1982 -0.238139
0.1731 -0.208097
0.1464 -0.175987
0.1200 -0.144320
0.0942 -0.113350
0.0682 -0.082210
0.0409 -0.048282
0.0105 -0.012100
-0.0260 0.026028
-0.0722 0.063929
-0.1289 0.096152
-0.1906 0.117749
-0.2488 0.127216
-0.2992 0.126550
-0.3413 0.119411
-0.3763 0.108876
-0.4054 0.096998
-0.4296 0.085013
-0.4499 0.073615
-0.4668 0.063156
-0.4807 0.053781
-0.4921 0.045517
-0.5010 0.038320
-0.5078 0.032112
-0.5124 0.026796
-0.5151 0.022272
-0.5159 0.018443
-0.5148 0.015216
-0.5118 0.012508
-0.5069 0.010244
-0.5001 0.008357
-0.4915 0.006790
-0.4809 0.005493
-0.4683 0.004424
-0.4538 0.003545
-0.4374 0.002824
-0.4189 0.002237
-0.3985 0.001759
-0.3760 0.001373
-0.3515 0.001061
-0.3249 0.000811
-0.2960 0.000611
-0.2644 0.000451
-0.2293 0.000324
-0.1890 0.000221
-0.1396 0.042173
-0.0650 0.019815
0.0413 -0.036123
0.1514 -0.135503
0.2120 -0.253985
0.2233 -0.267994
0.2098 -0.252027
0.1855 -0.222928
0.1581 -0.190051
0.1308 -0.157295
0.1044 -0.125535
0.0782 -0.094165
0.0512 -0.061681
0.0219 -0.025449
-0.0123 0.012744
-0.0549 0.051013
-0.1084 0.086626
-0.1695 0.112206
-0.2297 0.125889
-0.2830 0.128311
-0.3278 0.122966
-0.3651 0.113267
-0.3961 0.101620
-0.4220 0.089518
-0.4436 0.077814
-0.4616 0.066960
-0.4766 0.057164
-0.4889 0.048483
-0.4987 0.040894
-0.5063 0.034328
-0.5118 0.028691
-0.5153 0.023885
-0.5168 0.019808
-0.5165 0.016368
-0.5143 0.013476
-0.5102 0.011054
-0.5042 0.009033
-0.4964 0.007353
-0.4866 0.005960
-0.4749 0.004809
-0.4612 0.003862
-0.4456 0.003085
-0.4280 0.002450
-0.4083 0.001933
-0.3867 0.001514
-0.3631 0.001175
-0.3374 0.000903
-0.3094 0.000685
-0.2790 0.000511
-0.2454 0.000372
-0.2076 0.000260
-0.1629 0.000169
-0.1022 0.030948
-0.0099 0.006649
0.1104 -0.098330
0.2000 -0.239411
0.2295 -0.275307
0.2243 -0.269363
0.2021 -0.242795
0.1739 -0.209079
0.1452 -0.174577
0.1175 -0.141296
0.0906 -0.109076
0.0637 -0.076728
0.0351 -0.041676
0.0029 -0.003641
-0.0361 0.035576
-0.0854 0.073622
-0.1447 0.103300
-0.2066 0.122133
-0.2632 0.128791
-0.3116 0.126111
-0.3518 0.117789
-0.3853 0.106672
-0.4131 0.094593
-0.4364 0.082633
-0.4559 0.071382
-0.4722 0.061131
-0.4857 0.051987
-0.4966 0.043953
-0.5053 0.036976
-0.5118 0.030968
-0.5163 0.025831
-0.5189 0.021465
-0.5195 0.017771
-0.5184 0.014661
-0.5154 0.012052
-0.5105 0.009871
-0.5038 0.008054
-0.4951 0.006545
-0.4846 0.005297
-0.4721 0.004266
-0.4576 0.003419
-0.4411 0.002726
-0.4226 0.002159
-0.4021 0.001699
-0.3796 0.001326
-0.3550 0.001025
-0.3283 0.000784
-0.2992 0.000591
-0.2675 0.000437
-0.2323 0.000314
-0.1920 0.000215
-0.1430 0.000132
-0.0730 0.022213
0.0347 -0.030151
0.1552 -0.138742
0.2222 -0.266158
0.2379 -0.285469
0.2240 -0.269104
0.1973 -0.237109
0.1672 -0.200962
0.1376 -0.165451
0.1094 -0.131627
0.0821 -0.098794
0.0542 -0.065411
0.0242 -0.028694
-0.0105 0.011093
-0.0534 0.050679
-0.1072 0.085563
-0.1690 0.111731
-0.2300 0.125831
-0.2838 0.128478
-0.3290 0.123231
-0.3666 0.113564
-0.3978 0.101919
-0.4239 0.089806
-0.4458 0.078089
-0.4641 0.067221
-0.4793 0.057411
-0.4919 0.048718
-0.5021 0.041118
-0.5101 0.034541
-0.5161 0.028894
-0.5201 0.024076
-0.5223 0.019989
-0.5226 0.016537
-0.5211 0.013634
-0.5177 0.011201
-0.5126 0.009169
-0.5055 0.007477
-0.4966 0.006074
-0.4858 0.004912
-0.4730 0.003955
-0.4582 0.003168
-0.4413 0.002523
-0.4225 0.001997
-0.4016 0.001570
-0.3787 0.001224
-0.3537 0.000945
-0.3264 0.000721
-0.2969 0.000543
-0.2645 0.000400
-0.2285 0.000286
-0.1871 0.000194
-0.1363 0.000117
-0.0634 0.019318
0.0498 -0.043696
0.1687 -0.201373
0.2304 -0.276012
0.2429 -0.291585
0.2266 -0.272256
0.1982 -0.238226
0.1670 -0.200797
0.1368 -0.164486
0.1081 -0.130115
0.0804 -0.096822
0.0522 -0.062941
0.0215 -0.025743
-0.0139 0.014781
-0.0579 0.054298
-0.1131 0.087962
-0.1756 0.113086
-0.2363 0.125956
-0.2894 0.127657
-0.3340 0.121854
-0.3710 0.111936
-0.4017 0.100238
-0.4274 0.088188
-0.4489 0.076594
-0.4669 0.065879
-0.4820 0.056229
-0.4944 0.047693
-0.5045 0.040240
-0.5124 0.033796
-0.5184 0.028267
-0.5224 0.023554
-0.5246 0.019557
-0.5250 0.016182
-0.5236 0.013344
-0.5204 0.010966
-0.5154 0.008980
-0.5085 0.007327
-0.4998 0.005954
-0.4892 0.004818
-0.4766 0.003882
-0.4620 0.003111
-0.4454 0.002480
-0.4268 0.001965
-0.4061 0.001546
-0.3833 0.001207
-0.3584 0.000933
-0.3313 0.000713
-0.3019 0.000537
-0.2697 0.000397
-0.2340 0.000285
-0.1931 0.000195
-0.1435 0.000120
-0.0750 0.022802
0.0341 -0.029540
0.1570 -0.187174
0.2278 -0.272804
0.2464 -0.295744
0.2327 -0.279548
0.2047 -0.246040
0.1731 -0.208054
0.1422 -0.170984
0.1131 -0.136028
0.0851 -0.102458
0.0569 -0.068672
0.0267 -0.032298
-0.0078 0.008346
