0.3244 0.1706
0.3260 0.1742
0.3284 0.1794
0.3316 0.1855
0.3351 0.1909
0.3383 0.1954
0.3415 0.2018
0.3476 0.2205
0.3599 0.2471
0.3737 0.2712
0.3893 0.3032
0.4037 0.3170
0.4094 0.3109
0.4076 0.2986
0.4030 0.2908
0.4018 0.3013
0.4076 0.3166
0.4115 0.3165
0.4126 0.3158
0.4117 0.3093
0.4078 0.2975
0.4014 0.2832
0.3935 0.2684
0.3853 0.2547
0.3774 0.2429
0.3706 0.2337
0.3652 0.2265
0.3607 0.2203
0.3568 0.2146
0.3532 0.2092
0.3498 0.2040
0.3467 0.1993
0.3438 0.1951
0.3412 0.1913
0.3389 0.1879
0.3367 0.1849
0.3348 0.1821
0.3331 0.1797
0.3316 0.1775
0.3302 0.1755
0.3289 0.1737
0.3278 0.1722
0.3268 0.1708
0.3259 0.1695
0.3251 0.1684
0.3244 0.1674
0.3238 0.1666
0.3232 0.1658
0.3227 0.1651
0.3223 0.1645
0.3219 0.1640
0.3216 0.1636
0.3213 0.1632
0.3210 0.1628
0.3208 0.1626
0.3206 0.1623
0.3205 0.1622
0.3204 0.1620
0.3203 0.1619
0.3202 0.1619
0.3202 0.1620
0.3202 0.1621
0.3203 0.1623
0.3204 0.1626
0.3206 0.1630
0.3209 0.1637
0.3213 0.1646
0.3219 0.1658
0.3226 0.1671
0.3234 0.1685
0.3245 0.1708
0.3261 0.1745
0.3286 0.1798
0.3318 0.1859
0.3353 0.1912
0.3385 0.1957
0.3417 0.2024
0.3482 0.2221
0.3606 0.2483
0.3745 0.2727
0.3902 0.3048
0.4043 0.3169
0.4094 0.3101
0.4073 0.2977
0.4026 0.2904
0.4018 0.3019
0.4076 0.3164
0.4114 0.3160
0.4124 0.3151
0.4112 0.3080
0.4071 0.2962
0.4007 0.2819
0.3928 0.2672
0.3846 0.2536
0.3768 0.2420
0.3701 0.2330
0.3647 0.2259
0.3603 0.2197
0.3564 0.2141
0.3529 0.2087
0.3496 0.2036
0.3464 0.1990
0.3436 0.1948
0.3410 0.1910
0.3387 0.1876
0.3366 0.1846
0.3347 0.1819
0.3330 0.1795
0.3315 0.1773
0.3301 0.1754
0.3288 0.1736
0.3277 0.1721
0.3268 0.1707
0.3259 0.1694
0.3251 0.1683
0.3244 0.1674
0.3238 0.1665
0.3232 0.1657
0.3227 0.1651
0.3223 0.1645
0.3219 0.1640
0.3216 0.1635
0.3213 0.1631
0.3210 0.1628
0.3208 0.1625
0.3206 0.1623
0.3205 0.1621
0.3204 0.1620
0.3203 0.1619
0.3202 0.1619
0.3202 0.1620
0.3202 0.1621
0.3203 0.1623
0.3204 0.1626
0.3206 0.1631
0.3209 0.1638
0.3214 0.1647
0.3220 0.1659
0.3227 0.1672
0.3235 0.1687
0.3246 0.1711
0.3263 0.1750
0.3289 0.1804
0.3322 0.1864
0.3356 0.1916
0.3387 0.1961
0.3420 0.2033
0.3491 0.2244
0.3618 0.2503
0.3757 0.2750
0.3916 0.3069
0.4050 0.3167
0.4094 0.3089
0.4068 0.2964
0.4021 0.2901
0.4019 0.3035
0.4079 0.3165
0.4113 0.3157
0.4122 0.3141
0.4107 0.3064
0.4063 0.2944
0.3997 0.2801
0.3918 0.2656
0.3837 0.2522
0.3760 0.2408
0.3694 0.2321
0.3641 0.2251
0.3598 0.2190
0.3560 0.2134
0.3525 0.2081
0.3492 0.2031
0.3461 0.1985
0.3433 0.1943
0.3407 0.1906
0.3384 0.1873
0.3363 0.1843
0.3345 0.1816
0.3328 0.1792
0.3313 0.1771
0.3299 0.1752
0.3287 0.1734
0.3276 0.1719
0.3266 0.1705
0.3258 0.1693
0.3250 0.1682
0.3243 0.1673
0.3237 0.1664
0.3231 0.1657
0.3227 0.1650
0.3222 0.1644
0.3219 0.1639
0.3215 0.1635
0.3212 0.1631
0.3210 0.1628
0.3208 0.1625
0.3206 0.1623
0.3205 0.1621
0.3203 0.1620
0.3203 0.1619
0.3202 0.1619
0.3202 0.1620
0.3202 0.1622
0.3203 0.1624
0.3205 0.1626
0.3207 0.1631
0.3210 0.1639
0.3215 0.1649
0.3221 0.1661
0.3228 0.1673
0.3236 0.1689
0.3247 0.1714
0.3265 0.1754
0.3292 0.1810
0.3325 0.1870
0.3359 0.1921
0.3390 0.1965
0.3425 0.2044
0.3501 0.2270
0.3630 0.2524
0.3770 0.2775
0.3931 0.3089
0.4057 0.3163
0.4092 0.3076
0.4063 0.2951
0.4016 0.2897
0.4019 0.3046
0.4079 0.3160
0.4111 0.3150
0.4117 0.3127
0.4099 0.3046
0.4053 0.2924
0.3987 0.2783
0.3908 0.2640
0.3827 0.2507
0.3751 0.2396
0.3687 0.2311
0.3635 0.2242
0.3593 0.2183
0.3555 0.2128
0.3521 0.2075
0.3488 0.2025
0.3458 0.1980
0.3430 0.1939
0.3405 0.1902
0.3382 0.1869
0.3361 0.1840
0.3343 0.1814
0.3326 0.1790
0.3311 0.1769
0.3298 0.1750
0.3286 0.1732
0.3275 0.1717
0.3265 0.1704
0.3257 0.1692
0.3249 0.1681
0.3242 0.1672
0.3236 0.1663
0.3231 0.1656
0.3226 0.1649
0.3222 0.1644
0.3218 0.1639
0.3215 0.1634
0.3212 0.1631
0.3210 0.1628
0.3208 0.1625
0.3206 0.1623
0.3204 0.1621
0.3203 0.1620
0.3203 0.1619
0.3202 0.1620
0.3202 0.1620
0.3203 0.1622
0.3203 0.1624
0.3205 0.1627
0.3207 0.1632
0.3210 0.1640
0.3215 0.1650
0.3222 0.1662
0.3229 0.1675
0.3237 0.1691
0.3249 0.1718
0.3268 0.1760
0.3295 0.1817
0.3329 0.1876
0.3363 0.1925
0.3393 0.1970
0.3429 0.2059
0.3513 0.2298
0.3644 0.2549
0.3785 0.2808
0.3949 0.3110
0.4065 0.3158
0.4092 0.3062
0.4057 0.2937
0.4011 0.2895
0.4020 0.3060
0.4080 0.3154
0.4109 0.3143
0.4112 0.3112
0.4091 0.3026
0.4043 0.2904
0.3975 0.2763
0.3897 0.2623
0.3817 0.2491
0.3742 0.2383
0.3679 0.2300
0.3629 0.2233
0.3587 0.2175
0.3550 0.2120
0.3516 0.2068
0.3484 0.2019
0.3454 0.1974
0.3426 0.1934
0.3401 0.1897
0.3379 0.1865
0.3359 0.1836
0.3340 0.1810
0.3324 0.1787
0.3309 0.1766
0.3296 0.1747
0.3284 0.1730
0.3274 0.1715
0.3264 0.1702
0.3256 0.1690
0.3248 0.1680
0.3241 0.1670
0.3235 0.1662
0.3230 0.1655
0.3226 0.1649
0.3221 0.1643
0.3218 0.1638
0.3215 0.1634
0.3212 0.1630
0.3209 0.1627
0.3207 0.1625
0.3206 0.1623
0.3204 0.1621
0.3203 0.1620
0.3203 0.1619
0.3202 0.1620
0.3202 0.1621
0.3203 0.1622
0.3204 0.1624
0.3205 0.1628
0.3207 0.1633
0.3211 0.1641
0.3216 0.1652
0.3223 0.1664
0.3230 0.1677
0.3239 0.1694
0.3252 0.1724
0.3272 0.1768
0.3300 0.1827
0.3335 0.1884
0.3368 0.1931
0.3397 0.1978
0.3437 0.2082
0.3529 0.2334
0.3663 0.2578
0.3805 0.2850
0.3968 0.3128
0.4072 0.3146
0.4087 0.3041
0.4048 0.2920
0.4005 0.2899
0.4026 0.3081
0.4084 0.3150
0.4108 0.3137
0.4108 0.3096
0.4081 0.3003
0.4030 0.2879
0.3961 0.2738
0.3883 0.2600
0.3804 0.2471
0.3731 0.2367
0.3670 0.2287
0.3621 0.2222
0.3580 0.2165
0.3544 0.2111
0.3510 0.2059
0.3478 0.2011
0.3449 0.1967
0.3422 0.1927
0.3397 0.1892
0.3375 0.1860
0.3355 0.1832
0.3338 0.1806
0.3322 0.1783
0.3307 0.1763
0.3294 0.1744
0.3283 0.1728
0.3272 0.1713
0.3263 0.1700
0.3254 0.1688
0.3247 0.1678
0.3240 0.1669
0.3235 0.1661
0.3229 0.1654
0.3225 0.1648
0.3221 0.1642
0.3217 0.1637
0.3214 0.1633
0.3211 0.1630
0.3209 0.1627
0.3207 0.1624
0.3205 0.1622
0.3204 0.1621
0.3203 0.1620
0.3202 0.1620
0.3202 0.1620
0.3202 0.1621
0.3203 0.1623
0.3204 0.1625
0.3205 0.1629
0.3208 0.1634
0.3212 0.1643
0.3217 0.1654
0.3224 0.1666
0.3232 0.1680
0.3240 0.1698
0.3254 0.1729
0.3275 0.1776
0.3305 0.1836
0.3340 0.1892
0.3372 0.1937
0.3402 0.1987
0.3446 0.2109
0.3547 0.2370
0.3682 0.2611
0.3827 0.2898
0.3988 0.3141
0.4078 0.3132
0.4082 0.3019
0.4038 0.2903
0.4000 0.2905
0.4030 0.3093
0.4085 0.3142
0.4105 0.3127
0.4101 0.3076
0.4071 0.2979
0.4017 0.2853
0.3947 0.2713
0.3869 0.2577
0.3790 0.2451
0.3719 0.2351
0.3660 0.2274
0.3613 0.2211
0.3573 0.2154
0.3537 0.2101
0.3504 0.2050
0.3473 0.2003
0.3444 0.1960
0.3417 0.1921
0.3393 0.1886
0.3372 0.1855
0.3352 0.1827
0.3335 0.1802
0.3319 0.1779
0.3305 0.1759
0.3292 0.1741
0.3281 0.1725
0.3270 0.1711
0.3261 0.1698
0.3253 0.1686
0.3246 0.1676
0.3239 0.1667
0.3234 0.1660
0.3229 0.1653
0.3224 0.1647
0.3220 0.1641
0.3217 0.1637
0.3214 0.1633
0.3211 0.1629
0.3209 0.1626
0.3207 0.1624
0.3205 0.1622
0.3204 0.1621
0.3203 0.1620
0.3202 0.1620
0.3202 0.1620
0.3202 0.1621
0.3203 0.1623
0.3204 0.1626
0.3206 0.1630
0.3209 0.1636
0.3213 0.1645
0.3219 0.1656
0.3225 0.1669
0.3233 0.1682
0.3243 0.1703
0.3257 0.1737
0.3280 0.1787
0.3312 0.1847
0.3346 0.1901
0.3377 0.1944
0.3407 0.1998
0.3458 0.2149
0.3569 0.2411
0.3704 0.2650
0.3853 0.2959
0.4009 0.3151
0.4083 0.3115
0.4076 0.2995
0.4029 0.2888
0.3997 0.2922
0.4039 0.3111
0.4089 0.3138
0.4105 0.3118
0.4095 0.3056
0.4060 0.2952
0.4003 0.2824
0.3931 0.2685
0.3853 0.2551
0.3775 0.2429
0.3706 0.2334
0.3650 0.2260
0.3604 0.2199
0.3565 0.2143
0.3530 0.2091
0.3498 0.2041
0.3467 0.1994
0.3439 0.1952
0.3412 0.1914
0.3389 0.1880
0.3368 0.1849
0.3349 0.1822
0.3331 0.1797
0.3316 0.1775
0.3302 0.1755
0.3290 0.1738
0.3278 0.1722
0.3268 0.1708
0.3260 0.1695
0.3252 0.1684
0.3244 0.1675
0.3238 0.1666
0.3233 0.1658
0.3228 0.1651
0.3223 0.1646
0.3219 0.1640
0.3216 0.1636
0.3213 0.1632
0.3211 0.1629
0.3208 0.1626
0.3207 0.1624
0.3205 0.1622
0.3204 0.1621
0.3203 0.1620
0.3202 0.1620
0.3202 0.1620
0.3203 0.1622
0.3203 0.1623
0.3204 0.1626
0.3206 0.1631
0.3209 0.1638
0.3214 0.1647
0.3220 0.1659
0.3227 0.1671
0.3235 0.1685
0.3245 0.1708
0.3261 0.1745
0.3286 0.1798
0.3318 0.1857
0.3352 0.1909
0.3383 0.1952
0.3413 0.2014
0.3473 0.2196
0.3592 0.2455
0.3729 0.2696
0.3884 0.3016
0.4029 0.3155
0.4086 0.3095
0.4068 0.2969
0.4018 0.2876
0.3995 0.2944
0.4046 0.3119
0.4090 0.3129
0.4101 0.3101
0.4086 0.3030
0.4046 0.2923
0.3986 0.2794
0.3914 0.2657
0.3836 0.2524
0.3760 0.2407
0.3694 0.2317
0.3639 0.2246
0.3595 0.2186
0.3558 0.2132
0.3523 0.2080
0.3491 0.2031
0.3461 0.1985
0.3433 0.1944
0.3407 0.1906
0.3384 0.1873
0.3364 0.1843
0.3345 0.1816
0.3328 0.1792
0.3313 0.1771
0.3299 0.1752
0.3287 0.1734
0.3276 0.1719
0.3267 0.1705
0.3258 0.1693
0.3250 0.1682
0.3243 0.1673
0.3237 0.1664
0.3232 0.1657
0.3227 0.1650
0.3222 0.1644
0.3219 0.1639
0.3215 0.1635
0.3213 0.1631
0.3210 0.1628
0.3208 0.1625
0.3206 0.1623
0.3205 0.1622
0.3204 0.1620
0.3203 0.1620
0.3202 0.1620
0.3202 0.1621
0.3203 0.1622
0.3204 0.1624
0.3205 0.1627
0.3207 0.1632
0.3210 0.1639
0.3215 0.1650
0.3221 0.1661
0.3228 0.1674
0.3237 0.1689
0.3248 0.1714
0.3265 0.1754
0.3292 0.1810
0.3325 0.1869
0.3358 0.1918
0.3388 0.1960
0.3421 0.2034
0.3492 0.2247
0.3618 0.2500
0.3755 0.2747
0.3915 0.3065
0.4046 0.3154
0.4087 0.3073
0.4059 0.2944
0.4008 0.2868
0.3997 0.2976
0.4054 0.3124
0.4091 0.3121
0.4097 0.3084
0.4076 0.3005
0.4032 0.2893
0.3970 0.2763
0.3897 0.2628
0.3819 0.2497
0.3745 0.2385
0.3681 0.2299
0.3629 0.2231
0.3586 0.2173
0.3549 0.2120
0.3516 0.2069
0.3484 0.2020
0.3455 0.1975
0.3427 0.1935
0.3402 0.1899
0.3380 0.1866
0.3359 0.1837
0.3341 0.1811
0.3325 0.1787
0.3310 0.1766
0.3297 0.1748
0.3285 0.1731
0.3274 0.1716
0.3265 0.1702
0.3256 0.1691
0.3248 0.1680
0.3242 0.1671
0.3236 0.1662
0.3230 0.1655
0.3226 0.1649
0.3222 0.1643
0.3218 0.1638
0.3215 0.1634
0.3212 0.1631
0.3210 0.1627
0.3208 0.1625
0.3206 0.1623
0.3204 0.1621
0.3203 0.1620
0.3203 0.1620
0.3202 0.1620
0.3202 0.1621
0.3203 0.1622
0.3204 0.1625
0.3205 0.1628
0.3208 0.1633
0.3211 0.1641
0.3216 0.1652
0.3223 0.1664
0.3230 0.1677
0.3238 0.1693
0.3251 0.1721
0.3270 0.1764
0.3298 0.1822
0.3332 0.1879
0.3364 0.1926
0.3394 0.1970
0.3430 0.2060
0.3514 0.2297
0.3643 0.2541
0.3782 0.2803
0.3945 0.3099
0.4059 0.3141
0.4082 0.3043
0.4046 0.2916
0.3997 0.2864
0.4000 0.3015
0.4061 0.3124
0.4092 0.3112
0.4091 0.3064
0.4065 0.2978
0.4017 0.2862
0.3953 0.2731
0.3879 0.2598
0.3802 0.2469
0.3729 0.2364
0.3668 0.2282
0.3618 0.2217
0.3577 0.2160
0.3541 0.2108
0.3508 0.2057
0.3477 0.2010
0.3448 0.1966
0.3421 0.1927
0.3397 0.1891
0.3375 0.1859
0.3355 0.1831
0.3337 0.1805
0.3321 0.1783
0.3307 0.1762
0.3294 0.1744
0.3282 0.1727
0.3272 0.1713
0.3263 0.1700
0.3254 0.1688
0.3247 0.1678
0.3240 0.1669
0.3234 0.1661
0.3229 0.1654
0.3225 0.1648
0.3221 0.1642
0.3217 0.1637
0.3214 0.1633
0.3211 0.1630
0.3209 0.1627
0.3207 0.1624
0.3206 0.1622
0.3204 0.1621
0.3203 0.1620
0.3203 0.1620
0.3202 0.1620
0.3203 0.1621
0.3203 0.1623
0.3204 0.1625
0.3206 0.1629
0.3208 0.1635
0.3212 0.1644
0.3218 0.1655
0.3224 0.1667
0.3232 0.1680
0.3241 0.1698
0.3254 0.1729
0.3275 0.1776
0.3305 0.1835
0.3339 0.1890
0.3371 0.1934
0.3399 0.1981
0.3441 0.2096
0.3538 0.2351
0.3671 0.2591
0.3814 0.2872
0.3976 0.3128
0.4071 0.3129
0.4079 0.3017
0.4036 0.2894
0.3991 0.2870
0.4009 0.3049
0.4068 0.3122
0.4091 0.3100
0.4085 0.3042
0.4053 0.2949
0.4002 0.2831
0.3935 0.2700
0.3861 0.2568
0.3784 0.2443
0.3714 0.2343
0.3655 0.2265
0.3608 0.2202
0.3568 0.2147
0.3533 0.2095
0.3501 0.2046
0.3470 0.1999
0.3442 0.1956
0.3415 0.1918
0.3391 0.1883
0.3370 0.1852
0.3351 0.1824
0.3333 0.1800
0.3318 0.1777
0.3304 0.1757
0.3291 0.1740
0.3280 0.1724
0.3270 0.1709
0.3260 0.1697
0.3252 0.1686
0.3245 0.1676
0.3239 0.1667
0.3233 0.1659
0.3228 0.1652
0.3224 0.1646
0.3220 0.1641
0.3216 0.1636
0.3213 0.1632
0.3211 0.1629
0.3209 0.1626
0.3207 0.1624
0.3205 0.1622
0.3204 0.1621
0.3203 0.1620
0.3202 0.1620
0.3202 0.1620
0.3203 0.1622
0.3203 0.1623
0.3204 0.1626
0.3206 0.1630
0.3209 0.1637
0.3213 0.1646
0.3219 0.1657
0.3226 0.1670
0.3234 0.1683
0.3243 0.1704
0.3258 0.1738
0.3281 0.1789
0.3313 0.1848
0.3347 0.1901
0.3377 0.1943
0.3406 0.1996
0.3456 0.2145
0.3566 0.2404
0.3700 0.2641
0.3848 0.2946
0.4004 0.3144
0.4079 0.3110
0.4072 0.2989
0.4024 0.2874
0.3986 0.2887
0.4020 0.3077
0.4074 0.3116
0.4090 0.3085
0.4077 0.3018
0.4040 0.2918
0.3985 0.2798
0.3917 0.2667
0.3842 0.2536
0.3766 0.2416
0.3698 0.2321
0.3642 0.2248
0.3597 0.2187
0.3559 0.2133
0.3525 0.2082
0.3493 0.2033
0.3463 0.1988
0.3435 0.1946
0.3409 0.1909
0.3386 0.1875
0.3365 0.1845
0.3346 0.1818
0.3329 0.1794
0.3314 0.1772
0.3300 0.1753
0.3288 0.1735
0.3277 0.1720
0.3267 0.1706
0.3258 0.1694
0.3250 0.1683
0.3243 0.1673
0.3237 0.1665
0.3232 0.1657
0.3227 0.1651
0.3223 0.1645
0.3219 0.1640
0.3216 0.1635
0.3213 0.1632
0.3210 0.1628
0.3208 0.1626
0.3206 0.1623
0.3205 0.1622
0.3204 0.1620
0.3203 0.1620
0.3202 0.1620
0.3202 0.1621
0.3203 0.1622
0.3204 0.1624
0.3205 0.1627
0.3207 0.1631
0.3210 0.1639
0.3215 0.1649
0.3221 0.1660
0.3228 0.1673
0.3236 0.1687
0.3246 0.1710
0.3263 0.1749
0.3288 0.1802
0.3320 0.1861
0.3354 0.1911
0.3384 0.1953
0.3414 0.2015
0.3475 0.2203
0.3595 0.2457
0.3730 0.2698
0.3886 0.3020
0.4028 0.3149
0.4083 0.3084
0.4062 0.2956
0.4010 0.2857
0.3983 0.2914
0.4031 0.3096
0.4078 0.3110
0.4087 0.3068
0.4067 0.2991
0.4025 0.2886
0.3967 0.2764
0.3897 0.2634
0.3822 0.2504
0.3748 0.2389
0.3683 0.2300
0.3630 0.2231
0.3586 0.2172
0.3549 0.2120
0.3516 0.2069
0.3485 0.2021
0.3455 0.1977
0.3428 0.1936
0.3403 0.1900
0.3380 0.1867
0.3360 0.1838
0.3341 0.1811
0.3325 0.1788
0.3310 0.1767
0.3297 0.1748
0.3285 0.1731
0.3274 0.1716
0.3265 0.1703
0.3256 0.1691
0.3249 0.1680
0.3242 0.1671
0.3236 0.1663
0.3231 0.1655
0.3226 0.1649
0.3222 0.1643
0.3218 0.1639
0.3215 0.1634
0.3212 0.1631
0.3210 0.1628
0.3208 0.1625
0.3206 0.1623
0.3205 0.1621
0.3203 0.1620
0.3203 0.1620
0.3202 0.1620
0.3202 0.1621
0.3203 0.1622
0.3204 0.1625
0.3205 0.1628
0.3207 0.1633
0.3211 0.1641
0.3216 0.1651
0.3222 0.1663
0.3230 0.1676
0.3238 0.1692
0.3249 0.1718
0.3268 0.1760
0.3295 0.1816
0.3329 0.1874
0.3361 0.1921
0.3390 0.1963
0.3423 0.2041
0.3499 0.2262
0.3625 0.2509
0.3762 0.2760
0.3922 0.3072
0.4048 0.3144
0.4082 0.3056
0.4051 0.2925
0.3998 0.2846
0.3984 0.2951
0.4042 0.3105
0.4081 0.3101
0.4082 0.3048
0.4056 0.2963
0.4010 0.2854
0.3949 0.2730
0.3878 0.2602
