0.8630
0.8022
0.7334
0.7025
0.6835
0.6719
0.6675
0.6683
0.6728
0.6801
0.6916
0.7061
0.7094
0.7030
0.6723
0.6585
0.6528
0.6541
0.6618
0.6666
0.6709
0.6740
0.6784
0.6828
0.6842
0.6823
0.6752
0.6667
0.6554
0.6590
0.6674
0.6723
0.6775
0.6831
0.6886
0.6900
0.6907
0.6906
0.6926
0.6542
0.6373
0.6432
0.6541
0.6631
0.6720
0.6781
0.6835
0.6836
0.6801
0.6741
0.6694
0.6668
0.6645
0.6615
0.6648
0.6700
0.6735
0.6774
0.6818
0.6859
0.6891
0.6916
0.6956
0.6969
0.6735
0.6557
0.6671
0.6498
0.6415
0.6508
0.6625
0.6712
0.6831
0.6804
0.6538
0.6491
0.6540
0.6633
0.6674
0.6652
0.6682
0.6704
0.6542
0.6432
0.6644
0.6916
0.6852
0.6544
0.6413
0.6526
0.6604
0.6681
0.6754
0.6841
0.6973
0.7042
0.6888
0.6721
0.6671
0.6545
0.6604
0.6585
0.6617
0.6623
0.6656
0.6714
0.6795
0.6942
0.7092
0.7176
0.7103
0.7014
0.6592
0.6383
0.6379
0.6553
0.6701
0.6874
0.7090
0.7181
0.6995
0.6599
0.6353
0.6293
0.6471
0.6741
0.6714
0.6704
0.6499
0.6385
0.6582
0.6769
0.6897
0.6754
0.6502
0.6376
0.6393
0.6549
0.6640
0.6748
0.6845
0.6872
0.7063
0.7090
0.6879
0.6729
0.6638
0.6580
0.6734
0.6784
