-0.3769 0.029072
-0.3805 0.024264
-0.3829 0.020188
-0.3842 0.016751
-0.3846 0.013865
-0.3843 0.011453
-0.3832 0.009442
-0.3814 0.007772
-0.3792 0.006388
-0.3765 0.005244
-0.3733 0.004300
-0.3699 0.003522
-0.3662 0.002883
-0.3622 0.002358
-0.3581 0.001927
-0.3538 0.001575
-0.3494 0.001286
-0.3450 0.001050
-0.3406 0.000857
-0.3361 0.000699
-0.3317 0.000570
-0.3273 0.000465
-0.3230 0.000380
-0.3189 0.000310
-0.3149 0.000253
-0.3112 0.000207
-0.3078 0.000169
-0.3047 0.000138
-0.3021 0.000113
-0.2919 0.307272
-0.2367 0.249080
-0.1922 0.202328
-0.1540 0.162086
-0.1183 0.124647
-0.0763 0.161457
-0.0220 0.047293
0.0303 -0.062548
0.0737 -0.153930
0.0901 -0.283759
0.0903 -0.284544
0.0841 -0.262402
0.0759 -0.223310
0.0666 -0.186490
0.0474 -0.177187
0.0317 -0.115387
0.0186 -0.066446
0.0073 -0.024559
-0.0031 0.009332
-0.0134 0.038935
-0.0241 0.063384
-0.0360 0.084863
-0.0493 0.105203
-0.0641 0.124853
-0.0803 0.143824
-0.0977 0.153691
-0.1186 0.154267
-0.1429 0.153719
-0.1695 0.150762
-0.1968 0.144790
-0.2235 0.135979
-0.2486 0.125049
-0.2714 0.112903
-0.2918 0.100372
-0.3097 0.088093
-0.3252 0.076499
-0.3385 0.065846
-0.3498 0.056257
-0.3592 0.047763
-0.3668 0.040334
-0.3729 0.033903
-0.3776 0.028384
-0.3810 0.023679
-0.3832 0.019694
-0.3844 0.016336
-0.3848 0.013518
-0.3843 0.011163
-0.3831 0.009202
-0.3813 0.007572
-0.3790 0.006223
-0.3762 0.005108
-0.3730 0.004188
-0.3696 0.003430
-0.3658 0.002807
-0.3618 0.002296
-0.3577 0.001876
-0.3534 0.001533
-0.3490 0.001252
-0.3446 0.001022
-0.3402 0.000834
-0.3357 0.000681
-0.3313 0.000555
-0.3270 0.000453
-0.3227 0.000370
-0.3186 0.000302
-0.3147 0.000246
-0.3110 0.000201
-0.3076 0.000165
-0.3046 0.000135
-0.3021 0.000111
-0.2813 0.296108
-0.2284 0.240353
-0.1853 0.195057
-0.1478 0.155572
-0.1123 0.118305
-0.0672 0.142303
-0.0131 0.028655
0.0383 -0.079336
0.0793 -0.165932
0.0906 -0.285150
0.0895 -0.282120
0.0828 -0.255599
0.0744 -0.217176
0.0643 -0.246665
0.0447 -0.166297
0.0295 -0.107145
0.0168 -0.059734
0.0057 -0.019079
-0.0046 0.013941
-0.0149 0.043082
-0.0257 0.066616
-0.0378 0.087883
-0.0514 0.108117
-0.0665 0.127688
-0.0828 0.146552
-0.1006 0.153758
-0.1221 0.154277
-0.1468 0.153443
-0.1736 0.150055
-0.2009 0.143631
-0.2274 0.134449
-0.2522 0.123278
-0.2746 0.111026
-0.2946 0.098498
-0.3122 0.086300
-0.3274 0.074835
-0.3404 0.064337
-0.3514 0.054913
-0.3605 0.046583
-0.3679 0.039309
-0.3738 0.033021
-0.3782 0.027630
-0.3814 0.023040
-0.3835 0.019154
-0.3846 0.015882
-0.3848 0.013139
-0.3842 0.010847
-0.3830 0.008939
-0.3811 0.007355
-0.3787 0.006043
-0.3759 0.004959
-0.3727 0.004065
-0.3692 0.003330
-0.3654 0.002725
-0.3614 0.002228
-0.3572 0.001821
-0.3529 0.001488
-0.3486 0.001215
-0.3441 0.000992
-0.3397 0.000809
-0.3353 0.000660
-0.3309 0.000539
-0.3265 0.000440
-0.3223 0.000359
-0.3183 0.000293
-0.3144 0.000239
-0.3108 0.000196
-0.3074 0.000160
-0.3045 0.000131
-0.3021 0.000107
-0.2706 0.284838
-0.2199 0.231446
-0.1782 0.187533
-0.1413 0.148715
-0.1058 0.111488
-0.0575 0.121927
-0.0036 0.008725
0.0466 -0.096836
0.0840 -0.264192
0.0909 -0.286182
0.0886 -0.279278
0.0814 -0.248714
0.0729 -0.210728
0.0606 -0.231093
0.0419 -0.155230
0.0273 -0.098463
0.0148 -0.052045
0.0039 -0.013050
-0.0064 0.019119
-0.0167 0.047466
-0.0277 0.070284
-0.0400 0.091316
-0.0539 0.111421
-0.0691 0.130888
-0.0856 0.149609
-0.1039 0.154104
-0.1259 0.154440
-0.1511 0.153209
-0.1780 0.149309
-0.2053 0.142382
-0.2315 0.132807
-0.2559 0.121394
-0.2780 0.109044
-0.2976 0.096531
-0.3148 0.084426
-0.3296 0.073103
-0.3423 0.062771
-0.3530 0.053521
-0.3618 0.045362
-0.3690 0.038251
-0.3746 0.032111
-0.3789 0.026854
-0.3819 0.022382
-0.3838 0.018600
-0.3848 0.015417
-0.3849 0.012749
-0.3842 0.010523
-0.3828 0.008670
-0.3809 0.007132
-0.3784 0.005859
-0.3755 0.004807
-0.3723 0.003940
-0.3687 0.003227
-0.3649 0.002640
-0.3609 0.002159
-0.3567 0.001764
-0.3524 0.001441
-0.3481 0.001177
-0.3436 0.000961
-0.3392 0.000784
-0.3348 0.000640
-0.3304 0.000522
-0.3261 0.000426
-0.3219 0.000348
-0.3179 0.000284
-0.3141 0.000232
-0.3105 0.000190
-0.3072 0.000155
-0.3044 0.000127
-0.3021 0.000104
-0.2594 0.272996
-0.2109 0.221982
-0.1705 0.179439
-0.1341 0.141243
-0.0986 0.103953
-0.0471 0.100048
0.0065 -0.012459
0.0550 -0.114651
0.0861 -0.270766
0.0909 -0.286282
0.0874 -0.275556
0.0798 -0.241125
0.0712 -0.203698
0.0567 -0.215055
0.0390 -0.143700
0.0248 -0.089396
0.0127 -0.044198
0.0020 -0.006873
-0.0082 0.024432
-0.0186 0.051652
-0.0298 0.074029
-0.0424 0.094850
-0.0565 0.114842
-0.0720 0.134214
-0.0887 0.152789
-0.1076 0.154285
-0.1302 0.154429
-0.1558 0.152773
-0.1829 0.148328
-0.2101 0.140879
-0.2360 0.130909
-0.2600 0.119264
-0.2817 0.106832
-0.3008 0.094354
-0.3176 0.082365
-0.3320 0.071206
-0.3444 0.061061
-0.3547 0.052005
-0.3632 0.044036
-0.3701 0.037102
-0.3755 0.031125
-0.3796 0.026013
-0.3824 0.021669
-0.3842 0.017999
-0.3850 0.014913
-0.3849 0.012329
-0.3841 0.010172
-0.3826 0.008379
-0.3806 0.006891
-0.3781 0.005660
-0.3751 0.004643
-0.3718 0.003805
-0.3682 0.003116
-0.3644 0.002549
-0.3603 0.002084
-0.3561 0.001703
-0.3518 0.001391
-0.3475 0.001136
-0.3430 0.000927
-0.3386 0.000757
-0.3342 0.000618
-0.3299 0.000504
-0.3256 0.000411
-0.3214 0.000336
-0.3175 0.000274
-0.3137 0.000224
-0.3102 0.000183
-0.3070 0.000150
-0.3043 0.000123
-0.3022 0.000101
-0.2477 0.260685
-0.2015 0.212009
-0.1622 0.170778
-0.1264 0.133110
-0.0899 0.189968
-0.0353 0.075282
0.0177 -0.036145
0.0641 -0.133705
0.0879 -0.276536
0.0906 -0.285421
0.0859 -0.270826
0.0781 -0.232849
0.0692 -0.195965
0.0526 -0.198091
0.0359 -0.131326
0.0222 -0.079601
0.0105 -0.035878
-0.0000 -0.000219
-0.0103 0.030232
-0.0207 0.056214
-0.0322 0.078168
-0.0451 0.098778
-0.0595 0.118644
-0.0753 0.137888
-0.0922 0.153784
-0.1118 0.154293
-0.1352 0.154193
-0.1612 0.152039
-0.1884 0.146988
-0.2154 0.138983
-0.2411 0.128608
-0.2646 0.116743
-0.2858 0.104256
-0.3044 0.091846
-0.3207 0.080009
-0.3347 0.069048
-0.3466 0.059124
-0.3566 0.050293
-0.3648 0.042541
-0.3714 0.035810
-0.3765 0.030017
-0.3803 0.025070
-0.3829 0.020872
-0.3845 0.017328
-0.3851 0.014350
-0.3849 0.011859
-0.3840 0.009781
-0.3824 0.008054
-0.3802 0.006622
-0.3776 0.005438
-0.3746 0.004460
-0.3713 0.003654
-0.3676 0.002992
-0.3637 0.002448
-0.3597 0.002001
-0.3555 0.001635
-0.3511 0.001336
-0.3468 0.001091
-0.3423 0.000890
-0.3379 0.000726
-0.3335 0.000593
-0.3292 0.000484
-0.3250 0.000395
-0.3209 0.000322
-0.3169 0.000263
-0.3132 0.000215
-0.3098 0.000176
-0.3068 0.000144
-0.3042 0.000118
-0.2904 0.305653
-0.2356 0.247955
-0.1915 0.201527
-0.1534 0.161505
-0.1179 0.124214
-0.0770 0.162869
-0.0228 0.049076
0.0293 -0.060559
0.0729 -0.152227
0.0893 -0.281235
0.0900 -0.283570
0.0841 -0.262495
0.0761 -0.224080
0.0671 -0.187688
0.0486 -0.181591
0.0326 -0.118874
0.0195 -0.069474
0.0081 -0.027305
-0.0023 0.006892
-0.0125 0.036589
-0.0231 0.061284
-0.0349 0.082854
-0.0481 0.103273
-0.0629 0.123014
-0.0790 0.142110
-0.0962 0.154117
-0.1167 0.154589
-0.1407 0.154112
-0.1671 0.151345
-0.1944 0.145607
-0.2212 0.137005
-0.2464 0.126216
-0.2694 0.114136
-0.2900 0.101604
-0.3082 0.089276
-0.3240 0.077602
-0.3375 0.066851
-0.3490 0.057157
-0.3586 0.048558
-0.3664 0.041028
-0.3727 0.034504
-0.3775 0.028899
-0.3811 0.024120
-0.3834 0.020068
-0.3848 0.016651
-0.3852 0.013784
-0.3849 0.011386
-0.3838 0.009388
-0.3821 0.007728
-0.3799 0.006352
-0.3772 0.005215
-0.3741 0.004276
-0.3707 0.003503
-0.3670 0.002868
-0.3630 0.002346
-0.3590 0.001918
-0.3547 0.001567
-0.3504 0.001280
-0.3460 0.001045
-0.3416 0.000853
-0.3372 0.000696
-0.3328 0.000568
-0.3285 0.000464
-0.3243 0.000378
-0.3203 0.000309
-0.3164 0.000252
-0.3128 0.000206
-0.3094 0.000169
-0.3065 0.000138
-0.3041 0.000113
-0.2746 0.289071
-0.2232 0.234926
-0.1811 0.190601
-0.1440 0.151633
-0.1087 0.114504
-0.0629 0.133325
-0.0091 0.020175
0.0417 -0.086616
0.0817 -0.170869
0.0902 -0.284140
0.0889 -0.280254
0.0822 -0.252446
0.0739 -0.214669
0.0638 -0.244075
0.0443 -0.164382
0.0292 -0.105642
0.0165 -0.058522
0.0055 -0.018227
-0.0048 0.014513
-0.0151 0.043428
-0.0259 0.066647
-0.0380 0.087838
-0.0516 0.108058
-0.0667 0.127657
-0.0831 0.146571
-0.1008 0.154530
-0.1222 0.154839
-0.1468 0.153861
-0.1735 0.150383
-0.2007 0.143907
-0.2272 0.134699
-0.2519 0.123514
-0.2744 0.111252
-0.2945 0.098713
-0.3120 0.086502
-0.3273 0.075023
-0.3403 0.064509
-0.3514 0.055068
-0.3605 0.046722
-0.3680 0.039432
-0.3739 0.033129
-0.3785 0.027725
-0.3817 0.023122
-0.3839 0.019226
-0.3850 0.015944
-0.3853 0.013192
-0.3848 0.010892
-0.3835 0.008977
-0.3817 0.007387
-0.3794 0.006071
-0.3766 0.004982
-0.3734 0.004085
-0.3700 0.003346
-0.3662 0.002739
-0.3623 0.002240
-0.3581 0.001831
-0.3539 0.001496
-0.3496 0.001222
-0.3452 0.000997
-0.3408 0.000814
-0.3364 0.000664
-0.3320 0.000542
-0.3278 0.000443
-0.3236 0.000361
-0.3196 0.000295
-0.3158 0.000241
-0.3122 0.000197
-0.3090 0.000161
-0.3062 0.000132
-0.3039 0.000108
-0.2594 0.272989
-0.2110 0.222079
-0.1707 0.179617
-0.1344 0.141496
-0.0990 0.104290
-0.0485 0.102888
0.0050 -0.009474
0.0538 -0.112012
0.0853 -0.268268
0.0906 -0.285417
0.0875 -0.275777
0.0801 -0.242266
0.0715 -0.205012
0.0582 -0.220681
0.0401 -0.147658
0.0257 -0.092497
0.0135 -0.046960
0.0027 -0.009132
-0.0075 0.022363
-0.0178 0.049830
-0.0289 0.072308
-0.0414 0.093190
-0.0554 0.113246
-0.0709 0.132703
-0.0875 0.151401
-0.1060 0.154854
-0.1283 0.154935
-0.1536 0.153371
-0.1805 0.149109
-0.2077 0.141858
-0.2338 0.132043
-0.2580 0.120486
-0.2798 0.108075
-0.2992 0.095565
-0.3162 0.083507
-0.3309 0.072255
-0.3434 0.062007
-0.3539 0.052845
-0.3626 0.044772
-0.3697 0.037742
-0.3753 0.031676
-0.3795 0.026484
-0.3825 0.022070
-0.3844 0.018339
-0.3853 0.015199
-0.3853 0.012569
-0.3846 0.010373
-0.3832 0.008546
-0.3813 0.007030
-0.3788 0.005775
-0.3760 0.004739
-0.3727 0.003884
-0.3692 0.003181
-0.3654 0.002603
-0.3614 0.002129
-0.3572 0.001740
-0.3530 0.001421
-0.3486 0.001161
-0.3443 0.000948
-0.3399 0.000774
-0.3355 0.000631
-0.3312 0.000515
-0.3269 0.000421
-0.3228 0.000343
-0.3189 0.000280
-0.3151 0.000229
-0.3117 0.000187
-0.3086 0.000153
-0.3059 0.000126
-0.3012 0.317079
-0.2441 0.256913
-0.1986 0.209009
-0.1598 0.168219
-0.1241 0.130740
-0.0876 0.185154
-0.0332 0.070906
0.0196 -0.040046
0.0654 -0.136587
0.0878 -0.276204
0.0903 -0.284578
0.0856 -0.269782
0.0778 -0.231543
0.0690 -0.194942
0.0527 -0.198281
0.0359 -0.131319
0.0222 -0.079542
0.0105 -0.035898
-0.0000 -0.000279
-0.0102 0.030073
-0.0206 0.055931
-0.0320 0.077835
-0.0449 0.098435
-0.0593 0.118326
-0.0752 0.137622
-0.0920 0.154806
-0.1115 0.155063
-0.1346 0.154822
-0.1605 0.152610
-0.1876 0.147556
-0.2146 0.139570
-0.2402 0.129213
-0.2638 0.117351
-0.2851 0.104848
-0.3038 0.092409
-0.3202 0.080531
-0.3343 0.069523
-0.3463 0.059551
-0.3564 0.050671
-0.3647 0.042872
-0.3713 0.036098
-0.3766 0.030266
-0.3804 0.025283
-0.3831 0.021053
-0.3848 0.017482
-0.3855 0.014480
-0.3853 0.011968
-0.3844 0.009873
-0.3829 0.008131
-0.3808 0.006686
-0.3783 0.005491
-0.3753 0.004505
-0.3720 0.003692
-0.3684 0.003023
-0.3645 0.002473
-0.3605 0.002022
-0.3563 0.001653
-0.3521 0.001350
-0.3477 0.001102
-0.3433 0.000900
-0.3389 0.000735
-0.3346 0.000600
-0.3303 0.000489
-0.3261 0.000399
-0.3220 0.000326
-0.3181 0.000266
-0.3145 0.000218
-0.3111 0.000178
-0.3081 0.000146
-0.3056 0.000120
-0.2847 0.299612
-0.2312 0.243329
-0.1879 0.197764
-0.1503 0.158218
-0.1150 0.121088
-0.0733 0.155070
-0.0193 0.041695
0.0325 -0.067132
0.0751 -0.156947
0.0892 -0.280852
0.0896 -0.282244
0.0836 -0.259887
0.0756 -0.221940
0.0666 -0.185856
0.0481 -0.179451
0.0322 -0.117213
0.0191 -0.068151
0.0078 -0.026297
-0.0026 0.007624
-0.0127 0.037110
-0.0233 0.061494
-0.0351 0.082990
-0.0484 0.103394
-0.0632 0.123162
-0.0793 0.142303
-0.0966 0.154812
-0.1170 0.155111
-0.1410 0.154498
-0.1673 0.151624
-0.1945 0.145810
-0.2212 0.137155
-0.2464 0.126333
-0.2695 0.114232
-0.2901 0.101687
-0.3082 0.089350
-0.3240 0.077669
-0.3376 0.066912
-0.3491 0.057212
-0.3587 0.048608
-0.3666 0.041074
-0.3729 0.034545
-0.3777 0.028936
-0.3813 0.024153
-0.3837 0.020097
-0.3851 0.016677
-0.3856 0.013806
-0.3853 0.011406
-0.3842 0.009405
-0.3826 0.007742
-0.3804 0.006365
-0.3777 0.005226
-0.3746 0.004286
-0.3713 0.003511
-0.3676 0.002875
-0.3637 0.002352
-0.3596 0.001923
-0.3554 0.001571
-0.3512 0.001283
-0.3468 0.001048
-0.3424 0.000856
-0.3380 0.000698
-0.3337 0.000570
-0.3294 0.000465
-0.3253 0.000380
-0.3213 0.000310
-0.3175 0.000253
-0.3139 0.000207
-0.3106 0.000169
-0.3078 0.000139
-0.3054 0.000114
-0.2681 0.282206
-0.2181 0.229559
-0.1768 0.186123
-0.1402 0.147604
-0.1049 0.110539
-0.0583 0.123603
-0.0047 0.010913
0.0455 -0.094517
0.0823 -0.258906
0.0900 -0.283486
0.0883 -0.278433
0.0815 -0.249224
0.0733 -0.211938
0.0626 -0.239062
0.0434 -0.160896
0.0285 -0.103017
0.0160 -0.056447
0.0050 -0.016676
-0.0052 0.015722
-0.0154 0.044283
-0.0263 0.067235
-0.0384 0.088350
-0.0521 0.108553
-0.0673 0.128166
-0.0837 0.147100
-0.1015 0.154846
-0.1229 0.155067
-0.1476 0.153979
-0.1743 0.150378
-0.2016 0.143791
-0.2280 0.134497
-0.2527 0.123258
-0.2751 0.110971
-0.2951 0.098428
-0.3126 0.086228
-0.3278 0.074769
-0.3408 0.064280
-0.3518 0.054866
-0.3610 0.046546
-0.3684 0.039281
-0.3743 0.033001
-0.3789 0.027616
-0.3821 0.023031
-0.3843 0.019150
-0.3854 0.015881
-0.3857 0.013140
-0.3852 0.010850
-0.3840 0.008943
-0.3822 0.007359
-0.3799 0.006048
-0.3771 0.004964
-0.3739 0.004070
-0.3705 0.003334
-0.3668 0.002729
-0.3628 0.002232
-0.3587 0.001825
-0.3545 0.001491
-0.3502 0.001218
-0.3459 0.000994
-0.3415 0.000812
-0.3371 0.000663
-0.3328 0.000541
-0.3286 0.000442
-0.3245 0.000360
-0.3205 0.000294
-0.3168 0.000241
-0.3133 0.000197
-0.3101 0.000161
-0.3074 0.000132
-0.3052 0.000108
-0.2523 0.265509
-0.2054 0.216121
-0.1658 0.174540
-0.1299 0.136822
-0.0945 0.099577
-0.0427 0.090795
0.0105 -0.020896
0.0581 -0.121227
0.0858 -0.269857
0.0903 -0.284381
0.0867 -0.273315
0.0793 -0.238206
0.0707 -0.201550
0.0567 -0.214475
0.0390 -0.143232
0.0248 -0.089083
0.0127 -0.044164
0.0021 -0.006963
-0.0081 0.024162
-0.0184 0.051101
-0.0296 0.073406
-0.0422 0.094221
-0.0563 0.114266
-0.0719 0.133734
-0.0886 0.152432
-0.1073 0.155268
-0.1297 0.155210
-0.1551 0.153456
-0.1821 0.148988
-0.2092 0.141553
-0.2351 0.131601
-0.2592 0.119963
-0.2809 0.107519
-0.3002 0.095012
-0.3171 0.082981
-0.3317 0.071770
-0.3441 0.061571
-0.3546 0.052460
-0.3632 0.044437
-0.3703 0.037452
-0.3758 0.031429
-0.3800 0.026275
-0.3829 0.021894
-0.3848 0.018191
-0.3857 0.015076
-0.3857 0.012467
-0.3850 0.010289
-0.3836 0.008477
-0.3817 0.006973
-0.3793 0.005729
-0.3764 0.004701
-0.3732 0.003853
-0.3696 0.003156
-0.3659 0.002583
-0.3619 0.002112
-0.3578 0.001726
-0.3535 0.001411
-0.3492 0.001152
-0.3448 0.000941
-0.3405 0.000768
-0.3361 0.000627
-0.3318 0.000512
-0.3277 0.000418
-0.3236 0.000341
-0.3197 0.000279
-0.3160 0.000228
-0.3126 0.000186
-0.3096 0.000153
-0.3071 0.000125
-0.2926 0.307930
-0.2375 0.249919
-0.1932 0.203338
-0.1551 0.163293
-0.1197 0.126105
-0.0813 0.171791
-0.0272 0.058198
0.0251 -0.051762
0.0696 -0.145445
0.0881 -0.277371
0.0899 -0.283170
0.0847 -0.265483
0.0769 -0.227450
0.0681 -0.191299
0.0512 -0.191874
0.0347 -0.126567
0.0212 -0.075764
0.0096 -0.032776
-0.0008 0.002201
-0.0110 0.032186
-0.0214 0.057495
-0.0329 0.079230
-0.0459 0.099758
-0.0604 0.119625
-0.0764 0.138905
-0.0934 0.155322
-0.1130 0.155469
-0.1363 0.155046
-0.1622 0.152603
-0.1894 0.147309
-0.2163 0.139121
-0.2418 0.128623
-0.2652 0.116683
-0.2863 0.104157
-0.3050 0.091733
-0.3212 0.079895
-0.3352 0.068942
-0.3471 0.059031
-0.3571 0.050213
-0.3653 0.042474
-0.3719 0.035755
-0.3771 0.029974
-0.3809 0.025036
-0.3836 0.020846
-0.3852 0.017308
-0.3859 0.014336
-0.3857 0.011848
-0.3848 0.009774
-0.3833 0.008049
-0.3812 0.006619
-0.3786 0.005436
-0.3757 0.004460
-0.3724 0.003655
-0.3688 0.002993
-0.3650 0.002449
-0.3609 0.002002
-0.3568 0.001637
-0.3525 0.001337
-0.3482 0.001092
-0.3439 0.000891
-0.3395 0.000728
-0.3352 0.000594
-0.3309 0.000485
-0.3268 0.000396
-0.3228 0.000323
-0.3190 0.000264
-0.3154 0.000216
-0.3121 0.000177
-0.3092 0.000145
-0.3068 0.000119
-0.2733 0.287600
-0.2223 0.233944
-0.1805 0.189947
-0.1436 0.151210
-0.1084 0.114247
-0.0642 0.135914
-0.0105 0.023210
0.0402 -0.083532
0.0804 -0.252711
0.0895 -0.281872
0.0888 -0.279704
0.0824 -0.253162
0.0743 -0.216005
0.0652 -0.180453
0.0458 -0.170023
0.0304 -0.110056
0.0176 -0.062367
0.0064 -0.021561
-0.0038 0.011525
-0.0140 0.040541
-0.0247 0.064128
-0.0366 0.085408
-0.0501 0.105712
-0.0651 0.125424
-0.0814 0.144501
-0.0988 0.155301
-0.1197 0.155472
-0.1439 0.154586
-0.1703 0.151349
-0.1976 0.145163
-0.2241 0.136203
-0.2491 0.125178
-0.2719 0.112978
-0.2922 0.100418
-0.3101 0.088126
-0.3257 0.076527
-0.3391 0.065874
-0.3504 0.056287
-0.3598 0.047795
-0.3675 0.040368
-0.3737 0.033938
-0.3785 0.028418
-0.3819 0.023714
-0.3843 0.019727
-0.3856 0.016367
-0.3860 0.013548
-0.3856 0.011190
-0.3846 0.009227
-0.3829 0.007595
-0.3806 0.006243
-0.3780 0.005126
-0.3749 0.004204
-0.3715 0.003444
-0.3678 0.002820
-0.3640 0.002307
-0.3599 0.001886
-0.3557 0.001541
-0.3515 0.001259
-0.3471 0.001028
-0.3428 0.000839
-0.3384 0.000685
-0.3341 0.000559
-0.3299 0.000457
-0.3258 0.000373
-0.3219 0.000305
