-0.3460 0.000404
-0.3431 0.000331
-0.3404 0.000272
-0.3380 0.000223
-0.3360 0.000183
-0.3149 0.331483
-0.2573 0.270761
-0.2121 0.223195
-0.1746 0.183774
-0.1416 0.149023
-0.1103 0.116147
-0.0585 0.123905
-0.0084 0.018700
0.0387 -0.080380
0.0761 -0.159148
0.0990 -0.207500
0.0928 -0.292532
0.0830 -0.247022
0.0732 -0.206709
0.0629 -0.169757
0.0521 -0.135296
0.0358 -0.127812
0.0200 -0.067681
0.0072 -0.022892
-0.0043 0.012479
-0.0152 0.042587
-0.0260 0.069543
-0.0367 0.091908
-0.0484 0.109097
-0.0615 0.125844
-0.0759 0.142315
-0.0914 0.158309
-0.1075 0.172942
-0.1256 0.167093
-0.1471 0.161870
-0.1711 0.155632
-0.1961 0.147536
-0.2210 0.137489
-0.2448 0.125927
-0.2669 0.113515
-0.2869 0.100912
-0.3048 0.088648
-0.3205 0.077096
-0.3343 0.066483
-0.3461 0.056919
-0.3562 0.048432
-0.3646 0.040994
-0.3716 0.034541
-0.3771 0.028988
-0.3815 0.024245
-0.3847 0.020217
-0.3870 0.016814
-0.3884 0.013952
-0.3890 0.011553
-0.3889 0.009550
-0.3882 0.007882
-0.3870 0.006497
-0.3853 0.005349
-0.3832 0.004399
-0.3809 0.003614
-0.3782 0.002968
-0.3754 0.002435
-0.3723 0.001997
-0.3692 0.001637
-0.3659 0.001342
-0.3626 0.001099
-0.3592 0.000900
-0.3559 0.000738
-0.3526 0.000604
-0.3494 0.000495
-0.3463 0.000406
-0.3434 0.000333
-0.3407 0.000273
-0.3384 0.000224
-0.3364 0.000184
-0.3108 0.327144
-0.2541 0.267470
-0.2096 0.220567
-0.1725 0.181548
-0.1397 0.147009
-0.1077 0.227377
-0.0559 0.118546
-0.0060 0.013579
0.0408 -0.084767
0.0775 -0.162105
0.0996 -0.208919
0.0923 -0.290420
0.0826 -0.244925
0.0727 -0.204817
0.0624 -0.167999
0.0516 -0.133648
0.0350 -0.125104
0.0194 -0.065528
0.0067 -0.021241
-0.0048 0.013839
-0.0157 0.043756
-0.0264 0.070569
-0.0371 0.092507
-0.0489 0.109656
-0.0620 0.126386
-0.0765 0.142845
-0.0921 0.158822
-0.1081 0.172994
-0.1263 0.167106
-0.1479 0.161807
-0.1719 0.155476
-0.1969 0.147290
-0.2218 0.137171
-0.2455 0.125565
-0.2675 0.113134
-0.2874 0.100533
-0.3053 0.088286
-0.3210 0.076761
-0.3347 0.066180
-0.3465 0.056649
-0.3565 0.048196
-0.3649 0.040789
-0.3718 0.034364
-0.3773 0.028838
-0.3816 0.024117
-0.3849 0.020109
-0.3871 0.016724
-0.3885 0.013876
-0.3890 0.011490
-0.3889 0.009498
-0.3882 0.007839
-0.3870 0.006461
-0.3854 0.005319
-0.3833 0.004375
-0.3809 0.003595
-0.3783 0.002951
-0.3754 0.002422
-0.3724 0.001986
-0.3692 0.001628
-0.3660 0.001334
-0.3627 0.001093
-0.3593 0.000896
-0.3560 0.000734
-0.3527 0.000601
-0.3495 0.000492
-0.3465 0.000404
-0.3436 0.000331
-0.3409 0.000271
-0.3386 0.000223
-0.3367 0.000183
-0.3054 0.321500
-0.2501 0.263167
-0.2063 0.217109
-0.1697 0.178605
-0.1371 0.144338
-0.1034 0.218367
-0.0520 0.110185
-0.0021 0.005506
0.0441 -0.091697
0.0797 -0.166778
0.1005 -0.316754
0.0916 -0.286684
0.0819 -0.241661
0.0719 -0.201812
0.0615 -0.165187
0.0507 -0.131010
0.0338 -0.120493
0.0184 -0.061928
0.0058 -0.018510
-0.0056 0.016079
-0.0164 0.045692
-0.0271 0.072299
-0.0378 0.093691
-0.0497 0.110747
-0.0629 0.127416
-0.0775 0.143820
-0.0930 0.159728
-0.1091 0.172744
-0.1275 0.166880
-0.1492 0.161518
-0.1732 0.155074
-0.1983 0.146765
-0.2231 0.136545
-0.2467 0.124875
-0.2686 0.112422
-0.2884 0.099832
-0.3061 0.087621
-0.3217 0.076146
-0.3353 0.065623
-0.3470 0.056154
-0.3570 0.047761
-0.3653 0.040411
-0.3721 0.034039
-0.3776 0.028560
-0.3819 0.023882
-0.3851 0.019910
-0.3873 0.016556
-0.3886 0.013736
-0.3891 0.011373
-0.3890 0.009401
-0.3883 0.007758
-0.3871 0.006394
-0.3854 0.005264
-0.3833 0.004329
-0.3809 0.003557
-0.3783 0.002921
-0.3754 0.002397
-0.3724 0.001966
-0.3692 0.001611
-0.3660 0.001320
-0.3627 0.001082
-0.3593 0.000886
-0.3560 0.000726
-0.3528 0.000595
-0.3496 0.000487
-0.3465 0.000399
-0.3437 0.000328
-0.3410 0.000269
-0.3388 0.000221
-0.3369 0.000181
-0.3001 0.315935
-0.2460 0.258907
-0.2031 0.213678
-0.1669 0.175682
-0.1346 0.141688
-0.0995 0.209979
-0.0483 0.102415
0.0014 -0.001905
0.0470 -0.097908
0.0816 -0.170836
0.0999 -0.314943
0.0909 -0.282770
0.0812 -0.238466
0.0712 -0.199024
0.0608 -0.162682
0.0500 -0.128735
0.0328 -0.116711
0.0177 -0.059021
0.0052 -0.016363
-0.0062 0.017790
-0.0170 0.047130
-0.0277 0.073547
-0.0384 0.094427
-0.0503 0.111432
-0.0636 0.128079
-0.0782 0.144468
-0.0939 0.160349
-0.1099 0.172471
-0.1285 0.166636
-0.1503 0.161225
-0.1744 0.154689
-0.1995 0.146278
-0.2242 0.135976
-0.2478 0.124257
-0.2696 0.111789
-0.2893 0.099211
-0.3069 0.087034
-0.3224 0.075605
-0.3359 0.065135
-0.3476 0.055720
-0.3574 0.047380
-0.3657 0.040081
-0.3725 0.033755
-0.3779 0.028317
-0.3821 0.023676
-0.3853 0.019736
-0.3874 0.016410
-0.3887 0.013614
-0.3892 0.011272
-0.3891 0.009316
-0.3884 0.007688
-0.3871 0.006336
-0.3854 0.005216
-0.3834 0.004290
-0.3810 0.003525
-0.3783 0.002894
-0.3755 0.002375
-0.3724 0.001948
-0.3693 0.001597
-0.3660 0.001308
-0.3627 0.001072
-0.3594 0.000878
-0.3561 0.000720
-0.3528 0.000589
-0.3497 0.000483
-0.3467 0.000396
-0.3438 0.000325
-0.3412 0.000266
-0.3390 0.000219
-0.3372 0.000180
-0.2939 0.309323
-0.2412 0.253817
-0.1991 0.209545
-0.1636 0.172128
-0.1315 0.138427
-0.0945 0.199519
-0.0436 0.092613
0.0058 -0.011242
0.0507 -0.105615
0.0840 -0.175757
0.0991 -0.312482
0.0899 -0.277942
0.0803 -0.234459
0.0703 -0.195498
0.0599 -0.159505
0.0490 -0.125838
0.0315 -0.111774
0.0166 -0.055230
0.0042 -0.013471
-0.0070 0.020178
-0.0178 0.049211
-0.0285 0.075418
-0.0393 0.095594
-0.0513 0.112561
-0.0647 0.129194
-0.0794 0.145566
-0.0951 0.161404
-0.1112 0.171982
-0.1300 0.166224
-0.1521 0.160757
-0.1763 0.154087
-0.2013 0.145524
-0.2260 0.135095
-0.2495 0.123299
-0.2711 0.110806
-0.2907 0.098248
-0.3082 0.086121
-0.3235 0.074763
-0.3369 0.064373
-0.3484 0.055043
-0.3581 0.046786
-0.3663 0.039565
-0.3730 0.033310
-0.3783 0.027938
-0.3825 0.023353
-0.3855 0.019464
-0.3876 0.016181
-0.3889 0.013422
-0.3894 0.011111
-0.3892 0.009183
-0.3884 0.007578
-0.3871 0.006245
-0.3854 0.005140
-0.3833 0.004227
-0.3809 0.003473
-0.3783 0.002852
-0.3754 0.002340
-0.3724 0.001919
-0.3692 0.001573
-0.3660 0.001289
-0.3627 0.001056
-0.3594 0.000865
-0.3561 0.000709
-0.3528 0.000581
-0.3497 0.000476
-0.3467 0.000390
-0.3439 0.000320
-0.3414 0.000263
-0.3392 0.000216
-0.3374 0.000177
-0.2855 0.300498
-0.2347 0.246972
-0.1938 0.203939
-0.1589 0.167255
-0.1272 0.133891
-0.0875 0.184801
-0.0369 0.078583
0.0122 -0.024633
0.0559 -0.116544
0.0872 -0.182660
0.0981 -0.309166
0.0886 -0.271841
0.0790 -0.229083
0.0690 -0.190558
0.0585 -0.154903
0.0475 -0.121526
0.0295 -0.104241
0.0151 -0.049623
0.0029 -0.009110
-0.0083 0.023829
-0.0191 0.052428
-0.0297 0.078335
-0.0406 0.097555
-0.0528 0.114450
-0.0663 0.131050
-0.0812 0.147379
-0.0969 0.163132
-0.1132 0.171498
-0.1324 0.165799
-0.1547 0.160210
-0.1790 0.153320
-0.2041 0.144520
-0.2286 0.133900
-0.2519 0.121988
-0.2733 0.109455
-0.2927 0.096921
-0.3099 0.084863
-0.3251 0.073602
-0.3382 0.063324
-0.3495 0.054109
-0.3591 0.045966
-0.3671 0.038853
-0.3736 0.032697
-0.3789 0.027414
-0.3829 0.022908
-0.3859 0.019088
-0.3879 0.015865
-0.3890 0.013157
-0.3895 0.010890
-0.3892 0.008999
-0.3884 0.007425
-0.3871 0.006118
-0.3853 0.005036
-0.3832 0.004141
-0.3808 0.003402
-0.3781 0.002793
-0.3753 0.002292
-0.3722 0.001880
-0.3691 0.001541
-0.3658 0.001263
-0.3625 0.001035
-0.3592 0.000848
-0.3559 0.000695
-0.3527 0.000569
-0.3496 0.000466
-0.3467 0.000382
-0.3439 0.000314
-0.3414 0.000257
-0.3393 0.000211
-0.3376 0.000174
-0.2779 0.292510
-0.2288 0.240731
-0.1889 0.198790
-0.1546 0.162749
-0.1232 0.129671
-0.0808 0.170853
-0.0305 0.065201
0.0182 -0.037231
0.0606 -0.126504
0.0901 -0.188692
0.0969 -0.305440
0.0874 -0.265749
0.0777 -0.223866
0.0677 -0.185882
0.0572 -0.150637
0.0456 -0.164493
0.0276 -0.096638
0.0136 -0.044326
0.0015 -0.005035
-0.0096 0.027198
-0.0203 0.055356
-0.0309 0.080950
-0.0418 0.099226
-0.0541 0.116047
-0.0679 0.132604
-0.0828 0.148881
-0.0986 0.164544
-0.1151 0.170559
-0.1346 0.164993
-0.1572 0.159343
-0.1817 0.152286
-0.2068 0.143295
-0.2313 0.132525
-0.2543 0.120529
-0.2756 0.107984
-0.2947 0.095495
-0.3117 0.083522
-0.3266 0.072372
-0.3396 0.062217
-0.3507 0.053128
-0.3601 0.045106
-0.3679 0.038107
-0.3743 0.032056
-0.3794 0.026866
-0.3834 0.022444
-0.3862 0.018696
-0.3881 0.015535
-0.3892 0.012881
-0.3896 0.010660
-0.3893 0.008807
-0.3884 0.007266
-0.3871 0.005986
-0.3853 0.004927
-0.3831 0.004051
-0.3807 0.003328
-0.3780 0.002732
-0.3751 0.002242
-0.3721 0.001838
-0.3689 0.001507
-0.3657 0.001235
-0.3624 0.001012
-0.3591 0.000829
-0.3558 0.000679
-0.3526 0.000557
-0.3496 0.000456
-0.3466 0.000374
-0.3439 0.000307
-0.3415 0.000252
-0.3394 0.000207
-0.3294 0.346790
-0.2686 0.282649
-0.2214 0.232958
-0.1827 0.192310
-0.1492 0.157007
-0.1180 0.124205
-0.0725 0.153282
-0.0225 0.048191
0.0257 -0.053012
0.0663 -0.138580
0.0934 -0.195701
0.0956 -0.301283
0.0859 -0.258692
0.0762 -0.217505
0.0660 -0.179964
0.0554 -0.145077
0.0426 -0.152812
0.0252 -0.087249
0.0116 -0.037531
-0.0002 0.000388
-0.0113 0.031839
-0.0219 0.059517
-0.0325 0.084577
-0.0437 0.101894
-0.0562 0.118633
-0.0701 0.135137
-0.0852 0.151334
-0.1011 0.166849
-0.1178 0.170038
-0.1378 0.164465
-0.1607 0.158604
-0.1853 0.151236
-0.2103 0.141940
-0.2346 0.130939
-0.2574 0.118814
-0.2783 0.106237
-0.2972 0.093793
-0.3139 0.081920
-0.3285 0.070900
-0.3412 0.060891
-0.3521 0.051953
-0.3613 0.044078
-0.3689 0.037215
-0.3751 0.031290
-0.3801 0.026212
-0.3838 0.021889
-0.3866 0.018227
-0.3884 0.015142
-0.3894 0.012551
-0.3897 0.010385
-0.3893 0.008578
-0.3884 0.007076
-0.3869 0.005829
-0.3851 0.004797
-0.3829 0.003944
-0.3805 0.003240
-0.3778 0.002660
-0.3749 0.002182
-0.3718 0.001789
-0.3686 0.001467
-0.3654 0.001202
-0.3621 0.000985
-0.3588 0.000807
-0.3556 0.000661
-0.3524 0.000542
-0.3494 0.000444
-0.3465 0.000364
-0.3438 0.000299
-0.3415 0.000245
-0.3395 0.000202
-0.3175 0.334243
-0.2595 0.273145
-0.2142 0.225388
-0.1767 0.185929
-0.1437 0.151284
-0.1127 0.118690
-0.0642 0.135798
-0.0144 0.031231
0.0330 -0.068361
0.0717 -0.149822
0.0963 -0.201837
0.0939 -0.296232
0.0843 -0.251430
0.0745 -0.211025
0.0643 -0.174023
0.0536 -0.139585
0.0397 -0.142109
0.0230 -0.078783
0.0098 -0.031392
-0.0019 0.005274
-0.0128 0.036001
-0.0235 0.063229
-0.0340 0.087012
-0.0454 0.104193
-0.0581 0.120885
-0.0722 0.137361
-0.0875 0.153499
-0.1034 0.168887
-0.1204 0.169332
-0.1408 0.163772
-0.1640 0.157723
-0.1888 0.150076
-0.2137 0.140508
-0.2378 0.129306
-0.2604 0.117079
-0.2810 0.104489
-0.2996 0.092104
-0.3160 0.080336
-0.3304 0.069452
-0.3428 0.059591
-0.3535 0.050802
-0.3624 0.043072
-0.3699 0.036345
-0.3759 0.030542
-0.3807 0.025575
-0.3843 0.021348
-0.3870 0.017771
-0.3887 0.014759
-0.3896 0.012231
-0.3897 0.010118
-0.3893 0.008356
-0.3883 0.006891
-0.3868 0.005676
-0.3850 0.004671
-0.3828 0.003840
-0.3803 0.003154
-0.3776 0.002589
-0.3746 0.002124
-0.3716 0.001742
-0.3684 0.001428
-0.3652 0.001170
-0.3619 0.000959
-0.3586 0.000786
-0.3554 0.000644
-0.3523 0.000528
-0.3493 0.000432
-0.3464 0.000355
-0.3438 0.000291
-0.3415 0.000239
-0.3396 0.000197
-0.3057 0.321738
-0.2505 0.263604
-0.2069 0.217727
-0.1705 0.179420
-0.1381 0.145400
-0.1066 0.224959
-0.0553 0.117188
-0.0058 0.013174
0.0406 -0.084270
0.0770 -0.160997
0.0990 -0.207611
0.0922 -0.288622
0.0826 -0.243938
0.0728 -0.204326
0.0625 -0.167875
0.0518 -0.133885
0.0367 -0.130680
0.0207 -0.069886
0.0078 -0.024767
-0.0037 0.010659
-0.0146 0.040655
-0.0252 0.067409
-0.0358 0.089821
-0.0473 0.106834
-0.0602 0.123441
-0.0745 0.139844
-0.0899 0.155869
-0.1059 0.171070
-0.1233 0.168406
-0.1442 0.162853
-0.1677 0.156600
-0.1925 0.148662
-0.2174 0.138819
-0.2413 0.127426
-0.2636 0.115111
-0.2840 0.102528
-0.3022 0.090223
-0.3183 0.078584
-0.3324 0.067855
-0.3446 0.058161
-0.3550 0.049540
-0.3637 0.041971
-0.3709 0.035393
-0.3768 0.029726
-0.3814 0.024879
-0.3849 0.020759
-0.3874 0.017275
-0.3889 0.014342
-0.3897 0.011882
-0.3898 0.009827
-0.3893 0.008114
-0.3882 0.006691
-0.3867 0.005511
-0.3848 0.004534
-0.3826 0.003727
-0.3800 0.003061
-0.3773 0.002513
-0.3744 0.002061
-0.3713 0.001690
-0.3681 0.001386
-0.3649 0.001136
-0.3616 0.000930
-0.3584 0.000762
-0.3552 0.000625
-0.3521 0.000512
-0.3491 0.000420
-0.3463 0.000344
-0.3437 0.000283
-0.3415 0.000232
-0.3397 0.000191
-0.2938 0.309222
-0.2413 0.253957
-0.1995 0.209884
-0.1641 0.172660
-0.1322 0.139174
-0.0968 0.204313
-0.0461 0.097811
0.0031 -0.005598
0.0482 -0.100337
0.0821 -0.171826
0.0996 -0.314089
0.0905 -0.279828
0.0809 -0.236356
0.0710 -0.197418
0.0606 -0.161463
0.0498 -0.127890
0.0336 -0.119336
0.0183 -0.061054
0.0057 -0.018084
-0.0056 0.016159
-0.0164 0.045462
-0.0270 0.071770
-0.0377 0.092737
-0.0494 0.109651
-0.0626 0.126229
-0.0771 0.142601
-0.0927 0.158537
-0.1087 0.173554
-0.1267 0.167616
-0.1481 0.162000
-0.1719 0.155476
-0.1968 0.147189
-0.2215 0.137034
-0.2452 0.125430
-0.2672 0.113020
-0.2872 0.100446
-0.3050 0.088227
-0.3208 0.076727
-0.3346 0.066165
-0.3465 0.056650
-0.3566 0.048208
-0.3650 0.040809
-0.3720 0.034389
-0.3777 0.028866
-0.3821 0.024147
-0.3854 0.020139
-0.3878 0.016752
-0.3892 0.013903
-0.3899 0.011516
-0.3899 0.009521
-0.3893 0.007860
-0.3882 0.006480
-0.3866 0.005336
-0.3846 0.004390
-0.3823 0.003608
-0.3798 0.002963
-0.3770 0.002432
-0.3740 0.001995
-0.3710 0.001636
-0.3678 0.001341
-0.3645 0.001099
-0.3613 0.000901
-0.3581 0.000738
-0.3549 0.000605
-0.3518 0.000496
-0.3489 0.000406
-0.3461 0.000333
-0.3436 0.000274
-0.3415 0.000225
-0.3398 0.000185
-0.2820 0.296769
-0.2321 0.244263
-0.1919 0.201915
-0.1575 0.165713
-0.1260 0.132700
-0.0867 0.183109
-0.0365 0.077652
0.0123 -0.024830
0.0557 -0.116076
0.0868 -0.181785
0.0982 -0.309455
0.0887 -0.270809
0.0791 -0.228474
0.0691 -0.190213
0.0586 -0.154780
0.0477 -0.121646
0.0305 -0.107806
0.0159 -0.052246
0.0036 -0.011303
-0.0076 0.021809
-0.0184 0.050437
-0.0289 0.076293
-0.0397 0.095864
-0.0517 0.112637
-0.0651 0.129138
-0.0798 0.145424
-0.0955 0.161213
-0.1116 0.172977
-0.1301 0.166795
-0.1520 0.161062
-0.1760 0.154245
-0.2009 0.145615
-0.2255 0.135170
-0.2490 0.123381
-0.2706 0.110903
-0.2902 0.098360
-0.3078 0.086243
-0.3232 0.074890
-0.3366 0.064501
-0.3482 0.055167
-0.3581 0.046903
-0.3663 0.039674
-0.3731 0.033411
-0.3785 0.028029
-0.3828 0.023435
-0.3859 0.019537
-0.3881 0.016245
-0.3894 0.013478
-0.3900 0.011161
-0.3899 0.009225
-0.3892 0.007614
-0.3880 0.006276
-0.3864 0.005168
-0.3844 0.004250
-0.3821 0.003493
-0.3795 0.002869
-0.3767 0.002354
-0.3737 0.001931
-0.3706 0.001584
-0.3674 0.001298
-0.3642 0.001064
-0.3610 0.000872
-0.3578 0.000714
-0.3546 0.000585
-0.3516 0.000480
-0.3487 0.000394
-0.3460 0.000323
-0.3436 0.000265
-0.3415 0.000218
-0.3315 0.348964
-0.2703 0.284476
-0.2229 0.234598
-0.1842 0.193888
-0.1507 0.158637
-0.1197 0.126017
-0.0761 0.160883
-0.0263 0.056212
0.0219 -0.044973
0.0632 -0.131898
0.0913 -0.191294
0.0963 -0.303769
0.0867 -0.261572
0.0770 -0.220261
0.0669 -0.182656
0.0564 -0.147754
0.0453 -0.162879
0.0273 -0.095057
0.0133 -0.043261
0.0013 -0.004294
-0.0098 0.027692
-0.0204 0.055631
-0.0310 0.081011
-0.0419 0.099031
-0.0541 0.115705
-0.0678 0.132154
-0.0827 0.148363
-0.0985 0.163997
-0.1148 0.171549
-0.1340 0.165608
-0.1564 0.159767
-0.1807 0.152643
-0.2057 0.143659
-0.2301 0.132922
-0.2532 0.120961
-0.2745 0.108436
-0.2938 0.095951
-0.3109 0.083966
-0.3259 0.072793
-0.3390 0.062607
-0.3503 0.053484
-0.3598 0.045426
-0.3677 0.038391
-0.3743 0.032306
-0.3795 0.027084
-0.3835 0.022632
-0.3865 0.018858
-0.3885 0.015675
-0.3897 0.013000
-0.3902 0.010761
-0.3899 0.008893
-0.3892 0.007338
-0.3879 0.006047
-0.3862 0.004978
-0.3841 0.004094
-0.3818 0.003364
-0.3791 0.002762
-0.3763 0.002267
-0.3733 0.001859
-0.3702 0.001525
-0.3671 0.001250
-0.3638 0.001024
-0.3606 0.000839
-0.3574 0.000688
-0.3543 0.000564
-0.3513 0.000462
-0.3484 0.000379
-0.3458 0.000311
-0.3435 0.000255
-0.3415 0.000210
-0.3162 0.332851
-0.2587 0.272265
-0.2137 0.224866
-0.1764 0.185679
-0.1437 0.151270
-0.1129 0.118909
-0.0653 0.138088
-0.0157 0.034048
0.0315 -0.065268
0.0704 -0.147071
0.0953 -0.199856
0.0944 -0.297833
0.0847 -0.252493
0.0750 -0.212023
0.0647 -0.174982
0.0540 -0.140553
0.0413 -0.147832
0.0242 -0.083050
0.0107 -0.034520
-0.0010 0.002721
-0.0120 0.033727
-0.0226 0.061068
-0.0331 0.085511
-0.0443 0.102590
-0.0568 0.119163
-0.0707 0.135545
-0.0859 0.151646
-0.1018 0.167079
-0.1183 0.170671
-0.1382 0.164786
-0.1610 0.158708
-0.1854 0.151201
-0.2103 0.141826
-0.2346 0.130791
-0.2573 0.118661
-0.2782 0.106094
-0.2971 0.093669
-0.3138 0.081816
-0.3285 0.070817
-0.3412 0.060826
-0.3521 0.051904
-0.3614 0.044042
-0.3691 0.037190
-0.3753 0.031274
-0.3803 0.026202
-0.3842 0.021884
-0.3870 0.018226
-0.3889 0.015143
-0.3899 0.012555
-0.3902 0.010389
-0.3899 0.008583
-0.3891 0.007081
-0.3877 0.005835
-0.3860 0.004802
-0.3839 0.003949
-0.3814 0.003244
-0.3788 0.002664
-0.3759 0.002186
-0.3729 0.001793
-0.3698 0.001470
-0.3667 0.001205
-0.3634 0.000988
-0.3602 0.000809
-0.3571 0.000663
-0.3540 0.000544
-0.3510 0.000446
-0.3482 0.000366
-0.3456 0.000300
-0.3434 0.000246
-0.3415 0.000203
-0.3019 0.317808
-0.2478 0.260755
-0.2049 0.215594
-0.1689 0.177774
-0.1369 0.144091
-0.1056 0.222820
-0.0546 0.115754
-0.0054 0.012356
0.0406 -0.084438
0.0768 -0.160607
0.0987 -0.206896
0.0924 -0.288145
0.0828 -0.243493
0.0729 -0.203893
0.0625 -0.167467
0.0518 -0.133546
0.0375 -0.133576
0.0213 -0.071879
