0.0453 -0.100964
0.0792 -0.177533
0.0890 -0.300671
0.0831 -0.280823
0.0749 -0.244075
0.0671 -0.206790
0.0591 -0.173908
0.0468 -0.185138
0.0317 -0.122275
0.0200 -0.074675
0.0105 -0.036656
0.0021 -0.007202
-0.0059 0.017826
-0.0138 0.040425
-0.0219 0.061457
-0.0299 0.081189
-0.0385 0.094126
-0.0483 0.107082
-0.0594 0.120606
-0.0720 0.134761
-0.0857 0.149378
-0.1016 0.149545
-0.1219 0.148279
-0.1459 0.146778
-0.1725 0.143506
-0.2002 0.137675
-0.2273 0.129318
-0.2530 0.119031
-0.2767 0.107625
-0.2980 0.095856
-0.3170 0.084312
-0.3337 0.073396
-0.3483 0.063347
-0.3610 0.054283
-0.3718 0.046235
-0.3811 0.039178
-0.3888 0.033052
-0.3952 0.027778
-0.4004 0.023269
-0.4045 0.019436
-0.4076 0.016194
-0.4098 0.013463
-0.4113 0.011172
-0.4121 0.009255
-0.4123 0.007656
-0.4119 0.006325
-0.4111 0.005219
-0.4099 0.004303
-0.4084 0.003544
-0.4066 0.002918
-0.4046 0.002400
-0.4024 0.001974
-0.4000 0.001622
-0.3975 0.001333
-0.3950 0.001095
-0.3924 0.000900
-0.3898 0.000739
-0.3873 0.000607
-0.3849 0.000499
-0.3826 0.000410
-0.3805 0.000337
-0.3786 0.000277
-0.3771 0.000228
-0.3082 0.347629
-0.2520 0.284206
-0.2083 0.234893
-0.1723 0.194296
-0.1407 0.158691
-0.0941 0.212854
-0.0424 0.096505
0.0071 -0.014968
0.0511 -0.114214
0.0830 -0.186251
0.0886 -0.299341
0.0822 -0.277542
0.0739 -0.238732
0.0660 -0.202113
0.0580 -0.169622
0.0445 -0.175343
0.0299 -0.115167
0.0185 -0.068699
0.0093 -0.032144
0.0010 -0.003421
-0.0070 0.021234
-0.0150 0.043630
-0.0231 0.064536
-0.0312 0.083045
-0.0400 0.095990
-0.0502 0.109286
-0.0617 0.123144
-0.0746 0.137593
-0.0886 0.151482
-0.1056 0.149155
-0.1268 0.148121
-0.1516 0.146423
-0.1786 0.142674
-0.2063 0.136280
-0.2333 0.127432
-0.2586 0.116813
-0.2818 0.105245
-0.3026 0.093458
-0.3210 0.082001
-0.3373 0.071238
-0.3515 0.061379
-0.3637 0.052520
-0.3742 0.044679
-0.3831 0.037819
-0.3905 0.031877
-0.3966 0.026769
-0.4015 0.022408
-0.4054 0.018706
-0.4083 0.015577
-0.4104 0.012944
-0.4117 0.010737
-0.4123 0.008891
-0.4123 0.007352
-0.4119 0.006072
-0.4110 0.005010
-0.4097 0.004129
-0.4081 0.003401
-0.4062 0.002799
-0.4042 0.002302
-0.4019 0.001893
-0.3995 0.001556
-0.3970 0.001278
-0.3944 0.001050
-0.3918 0.000862
-0.3892 0.000708
-0.3867 0.000582
-0.3843 0.000478
-0.3820 0.000393
-0.3799 0.000323
-0.3781 0.000266
-0.3699 0.417331
-0.2979 0.336019
-0.2442 0.275322
-0.2020 0.227696
-0.1668 0.188089
-0.1356 0.152937
-0.0858 0.194223
-0.0345 0.078742
0.0146 -0.031823
0.0572 -0.127821
0.0868 -0.194841
0.0880 -0.297056
0.0810 -0.273556
0.0727 -0.233016
0.0649 -0.197134
0.0569 -0.165085
0.0420 -0.165052
0.0281 -0.107674
0.0170 -0.062548
0.0080 -0.027446
-0.0003 0.000544
-0.0082 0.024818
-0.0163 0.047000
-0.0244 0.067762
-0.0326 0.084716
-0.0418 0.097999
-0.0523 0.111644
-0.0642 0.125845
-0.0775 0.140589
-0.0919 0.150496
-0.1100 0.148831
-0.1322 0.147922
-0.1577 0.145931
-0.1851 0.141641
-0.2128 0.134658
-0.2395 0.125328
-0.2643 0.114404
-0.2870 0.102706
-0.3072 0.090931
-0.3252 0.079586
-0.3410 0.068997
-0.3547 0.059345
-0.3665 0.050706
-0.3766 0.043081
-0.3851 0.036428
-0.3922 0.030675
-0.3980 0.025740
-0.4027 0.021531
-0.4063 0.017963
-0.4090 0.014950
-0.4109 0.012417
-0.4120 0.010295
-0.4125 0.008522
-0.4124 0.007045
-0.4118 0.005817
-0.4108 0.004798
-0.4094 0.003954
-0.4078 0.003256
-0.4058 0.002679
-0.4037 0.002203
-0.4014 0.001811
-0.3989 0.001488
-0.3964 0.001223
-0.3938 0.001004
-0.3912 0.000825
-0.3886 0.000678
-0.3861 0.000557
-0.3837 0.000457
-0.3814 0.000376
-0.3794 0.000309
-0.3776 0.000254
-0.3558 0.401385
-0.2875 0.324273
-0.2361 0.266255
-0.1954 0.220277
-0.1611 0.181614
-0.1302 0.146846
-0.0771 0.174601
-0.0261 0.059843
0.0224 -0.049462
0.0632 -0.141538
0.0905 -0.203101
0.0871 -0.294213
0.0796 -0.268212
0.0715 -0.226995
0.0636 -0.191830
0.0556 -0.160217
0.0396 -0.154878
0.0262 -0.100095
0.0155 -0.056323
0.0066 -0.022591
-0.0016 0.004711
-0.0096 0.028629
-0.0176 0.050612
-0.0257 0.071236
-0.0341 0.086802
-0.0437 0.100369
-0.0546 0.114320
-0.0669 0.128820
-0.0804 0.143807
-0.0955 0.149703
-0.1147 0.148572
-0.1379 0.147677
-0.1640 0.145308
-0.1917 0.140434
-0.2193 0.132863
-0.2457 0.123080
-0.2701 0.111887
-0.2922 0.100095
-0.3119 0.088361
-0.3293 0.077149
-0.3446 0.066749
-0.3578 0.057314
-0.3692 0.048900
-0.3789 0.041496
-0.3871 0.035050
-0.3939 0.029488
-0.3994 0.024724
-0.4038 0.020667
-0.4072 0.017231
-0.4097 0.014334
-0.4113 0.011900
-0.4123 0.009862
-0.4126 0.008161
-0.4124 0.006744
-0.4117 0.005567
-0.4106 0.004590
-0.4091 0.003782
-0.4074 0.003113
-0.4054 0.002562
-0.4032 0.002106
-0.4008 0.001731
-0.3983 0.001423
-0.3958 0.001169
-0.3932 0.000960
-0.3906 0.000788
-0.3880 0.000648
-0.3855 0.000532
-0.3831 0.000437
-0.3808 0.000359
-0.3789 0.000296
-0.3771 0.000243
-0.3417 0.385453
-0.2771 0.312455
-0.2280 0.257048
-0.1886 0.212666
-0.1551 0.174897
-0.1220 0.275779
-0.0680 0.154064
-0.0173 0.039945
0.0305 -0.067631
0.0693 -0.155119
0.0902 -0.304373
0.0859 -0.290190
0.0782 -0.260440
0.0702 -0.220713
0.0623 -0.186378
0.0542 -0.155281
0.0371 -0.144605
0.0243 -0.092463
0.0140 -0.050179
0.0052 -0.017814
-0.0029 0.008808
-0.0109 0.032388
-0.0190 0.054188
-0.0271 0.074688
-0.0358 0.088838
-0.0458 0.102774
-0.0571 0.117109
-0.0698 0.131972
-0.0838 0.147245
-0.0997 0.149281
-0.1200 0.148514
-0.1441 0.147473
-0.1709 0.144595
-0.1987 0.139056
-0.2262 0.130869
-0.2521 0.120641
-0.2760 0.109205
-0.2975 0.097347
-0.3166 0.085681
-0.3335 0.074626
-0.3483 0.064434
-0.3610 0.055232
-0.3720 0.047055
-0.3813 0.039880
-0.3891 0.033649
-0.3955 0.028284
-0.4008 0.023694
-0.4049 0.019793
-0.4080 0.016492
-0.4103 0.013711
-0.4117 0.011377
-0.4125 0.009425
-0.4127 0.007796
-0.4123 0.006441
-0.4115 0.005315
-0.4103 0.004381
-0.4088 0.003609
-0.4069 0.002971
-0.4049 0.002444
-0.4026 0.002009
-0.4002 0.001651
-0.3977 0.001357
-0.3951 0.001114
-0.3925 0.000915
-0.3899 0.000752
-0.3873 0.000617
-0.3848 0.000507
-0.3824 0.000417
-0.3802 0.000343
-0.3783 0.000282
-0.3766 0.000232
-0.3277 0.369569
-0.2665 0.300572
-0.2197 0.247686
-0.1817 0.204830
-0.1489 0.167877
-0.1111 0.251340
-0.0581 0.131831
-0.0077 0.018345
0.0390 -0.086808
0.0753 -0.168819
0.0900 -0.303696
0.0848 -0.286410
0.0767 -0.252821
0.0687 -0.214184
0.0608 -0.180457
0.0507 -0.201757
0.0345 -0.133787
0.0222 -0.084149
0.0122 -0.043440
0.0037 -0.012356
-0.0044 0.013619
-0.0125 0.036863
-0.0206 0.058463
-0.0288 0.077608
-0.0379 0.091666
-0.0482 0.105864
-0.0599 0.120486
-0.0730 0.135611
-0.0873 0.150690
-0.1044 0.148978
-0.1258 0.148440
-0.1508 0.147135
-0.1780 0.143667
-0.2060 0.137438
-0.2331 0.128653
-0.2586 0.118018
-0.2819 0.106383
-0.3028 0.094499
-0.3214 0.082933
-0.3377 0.072058
-0.3519 0.062092
-0.3642 0.053134
-0.3747 0.045202
-0.3836 0.038263
-0.3910 0.032250
-0.3972 0.027082
-0.4021 0.022670
-0.4059 0.018923
-0.4088 0.015758
-0.4108 0.013094
-0.4121 0.010860
-0.4127 0.008992
-0.4127 0.007435
-0.4123 0.006141
-0.4113 0.005066
-0.4100 0.004175
-0.4084 0.003438
-0.4065 0.002829
-0.4043 0.002327
-0.4020 0.001913
-0.3996 0.001572
-0.3970 0.001292
-0.3944 0.001061
-0.3918 0.000871
-0.3891 0.000716
-0.3866 0.000588
-0.3841 0.000483
-0.3817 0.000397
-0.3795 0.000326
-0.3776 0.000268
-0.3760 0.000221
-0.3150 0.355304
-0.2570 0.289803
-0.2121 0.239104
-0.1752 0.197556
-0.1430 0.161269
-0.1009 0.228186
-0.0485 0.110295
0.0016 -0.002494
0.0469 -0.104673
0.0807 -0.180954
0.0894 -0.301964
0.0835 -0.282092
0.0753 -0.245419
0.0673 -0.207827
0.0594 -0.174704
0.0473 -0.187465
0.0320 -0.123707
0.0202 -0.075956
0.0106 -0.037161
0.0021 -0.007242
-0.0059 0.018156
-0.0140 0.041107
-0.0222 0.062537
-0.0305 0.080205
-0.0399 0.094470
-0.0506 0.108924
-0.0627 0.123819
-0.0762 0.139183
-0.0909 0.149719
-0.1092 0.148689
-0.1317 0.148256
-0.1575 0.146600
-0.1852 0.142511
-0.2131 0.135614
-0.2399 0.126286
-0.2649 0.115309
-0.2876 0.103530
-0.3079 0.091663
-0.3259 0.080224
-0.3417 0.069546
-0.3554 0.059813
-0.3672 0.051101
-0.3773 0.043413
-0.3858 0.036705
-0.3929 0.030906
-0.3987 0.025931
-0.4033 0.021689
-0.4069 0.018092
-0.4095 0.015056
-0.4113 0.012504
-0.4124 0.010366
-0.4129 0.008580
-0.4127 0.007092
-0.4121 0.005855
-0.4111 0.004829
-0.4097 0.003979
-0.4079 0.003276
-0.4060 0.002695
-0.4038 0.002216
-0.4014 0.001822
-0.3989 0.001497
-0.3963 0.001230
-0.3937 0.001010
-0.3910 0.000829
-0.3884 0.000681
-0.3858 0.000559
-0.3833 0.000460
-0.3810 0.000378
-0.3789 0.000311
-0.3770 0.000255
-0.3755 0.000210
-0.3018 0.340420
-0.2470 0.278469
-0.2040 0.229977
-0.1683 0.189730
-0.1366 0.154058
-0.0903 0.204377
-0.0385 0.087796
0.0111 -0.023991
0.0548 -0.122362
0.0857 -0.192361
0.0885 -0.298989
0.0820 -0.276975
0.0737 -0.237835
0.0659 -0.201339
0.0579 -0.168865
0.0441 -0.173684
0.0296 -0.113852
0.0182 -0.067733
0.0089 -0.031041
0.0006 -0.002167
-0.0075 0.022708
-0.0156 0.045390
-0.0238 0.066653
-0.0324 0.082893
-0.0421 0.097379
-0.0532 0.112101
-0.0657 0.127271
-0.0795 0.142861
-0.0949 0.149217
-0.1144 0.148652
-0.1379 0.148152
-0.1643 0.146027
-0.1922 0.141264
-0.2200 0.133707
-0.2465 0.123876
-0.2709 0.112604
-0.2931 0.100722
-0.3128 0.088898
-0.3302 0.077604
-0.3455 0.067130
-0.3587 0.057632
-0.3701 0.049163
-0.3797 0.041712
-0.3879 0.035228
-0.3946 0.029633
-0.4001 0.024842
-0.4044 0.020763
-0.4077 0.017308
-0.4102 0.014396
-0.4118 0.011950
-0.4127 0.009902
-0.4130 0.008193
-0.4127 0.006770
-0.4119 0.005587
-0.4108 0.004607
-0.4093 0.003795
-0.4075 0.003124
-0.4054 0.002570
-0.4032 0.002113
-0.4008 0.001737
-0.3982 0.001427
-0.3956 0.001172
-0.3930 0.000962
-0.3903 0.000790
-0.3877 0.000649
-0.3851 0.000533
-0.3826 0.000438
-0.3803 0.000360
-0.3783 0.000296
-0.3765 0.000244
-0.3570 0.402742
-0.2883 0.325094
-0.2365 0.266673
-0.1955 0.220360
-0.1609 0.181373
-0.1297 0.146239
-0.0786 0.178125
-0.0273 0.062633
0.0216 -0.047561
0.0629 -0.140834
0.0907 -0.203545
0.0875 -0.295513
0.0802 -0.271060
0.0720 -0.229602
0.0641 -0.194073
0.0561 -0.162193
0.0406 -0.159126
0.0269 -0.103143
0.0161 -0.058802
0.0071 -0.024266
-0.0012 0.003537
-0.0093 0.027880
-0.0174 0.050288
-0.0257 0.071377
-0.0346 0.086203
-0.0447 0.100898
-0.0562 0.115880
-0.0692 0.131309
-0.0834 0.147088
-0.0997 0.149036
-0.1204 0.148766
-0.1448 0.148025
-0.1719 0.145278
-0.2000 0.139744
-0.2275 0.131488
-0.2535 0.121160
-0.2773 0.109621
-0.2988 0.097671
-0.3179 0.085928
-0.3347 0.074811
-0.3494 0.064571
-0.3621 0.055331
-0.3730 0.047126
-0.3822 0.039930
-0.3900 0.033683
-0.3963 0.028306
-0.4015 0.023708
-0.4055 0.019800
-0.4086 0.016495
-0.4108 0.013711
-0.4122 0.011375
-0.4129 0.009422
-0.4130 0.007792
-0.4126 0.006436
-0.4117 0.005310
-0.4104 0.004377
-0.4088 0.003605
-0.4069 0.002967
-0.4048 0.002440
-0.4025 0.002006
-0.4000 0.001649
-0.3975 0.001354
-0.3948 0.001112
-0.3922 0.000913
-0.3895 0.000750
-0.3869 0.000616
-0.3843 0.000506
-0.3819 0.000416
-0.3796 0.000342
-0.3776 0.000281
-0.3759 0.000231
-0.3376 0.380812
-0.2738 0.308813
-0.2253 0.253971
-0.1861 0.209839
-0.1526 0.172058
-0.1198 0.270898
-0.0658 0.149131
-0.0149 0.034547
0.0330 -0.073142
0.0714 -0.159855
0.0904 -0.305089
0.0860 -0.290593
0.0782 -0.260775
0.0701 -0.220782
0.0622 -0.186248
0.0541 -0.154986
0.0370 -0.144080
0.0241 -0.091890
0.0138 -0.049641
0.0050 -0.017087
-0.0032 0.009715
-0.0113 0.033547
-0.0195 0.055668
-0.0278 0.074996
-0.0371 0.089896
-0.0477 0.104812
-0.0596 0.120057
-0.0730 0.135732
-0.0876 0.150016
-0.1052 0.148987
-0.1271 0.148849
-0.1525 0.147705
-0.1801 0.144215
-0.2082 0.137855
-0.2354 0.128902
-0.2608 0.118112
-0.2840 0.106355
-0.3048 0.094386
-0.3232 0.082767
-0.3394 0.071864
-0.3535 0.061887
-0.3656 0.052931
-0.3760 0.045009
-0.3848 0.038084
-0.3921 0.032088
-0.3981 0.026937
-0.4029 0.022541
-0.4066 0.018811
-0.4094 0.015660
-0.4113 0.013009
-0.4125 0.010787
-0.4130 0.008930
-0.4130 0.007383
-0.4124 0.006096
-0.4114 0.005028
-0.4100 0.004143
-0.4083 0.003411
-0.4063 0.002807
-0.4041 0.002308
-0.4018 0.001897
-0.3993 0.001559
-0.3967 0.001281
-0.3940 0.001052
-0.3913 0.000864
-0.3887 0.000709
-0.3860 0.000582
-0.3835 0.000478
-0.3811 0.000393
-0.3789 0.000323
-0.3769 0.000266
-0.3752 0.000219
-0.3216 0.362760
-0.2619 0.295267
-0.2158 0.243263
-0.1781 0.200846
-0.1454 0.163972
-0.1071 0.242208
-0.0541 0.122887
-0.0035 0.009099
0.0428 -0.095453
0.0783 -0.175481
0.0898 -0.303092
0.0845 -0.285421
0.0764 -0.251309
0.0684 -0.212852
0.0605 -0.179194
0.0498 -0.197964
0.0338 -0.131103
0.0216 -0.082060
0.0117 -0.041750
0.0032 -0.010830
-0.0049 0.015146
-0.0130 0.038550
-0.0213 0.060423
-0.0298 0.078248
-0.0394 0.093258
-0.0504 0.108359
-0.0628 0.123820
-0.0765 0.139682
-0.0916 0.149456
-0.1104 0.148958
-0.1334 0.148795
-0.1595 0.147192
-0.1874 0.142999
-0.2154 0.135923
-0.2423 0.126408
-0.2671 0.115274
-0.2897 0.103381
-0.3099 0.091441
-0.3277 0.079963
-0.3434 0.069271
-0.3569 0.059540
-0.3686 0.050841
-0.3785 0.043172
-0.3869 0.036486
-0.3939 0.030710
-0.3995 0.025758
-0.4040 0.021538
-0.4075 0.017961
-0.4100 0.014943
-0.4118 0.012407
-0.4128 0.010284
-0.4131 0.008510
-0.4129 0.007033
-0.4122 0.005805
-0.4111 0.004786
-0.4096 0.003943
-0.4078 0.003246
-0.4058 0.002670
-0.4035 0.002196
-0.4011 0.001805
-0.3986 0.001483
-0.3959 0.001218
-0.3932 0.001000
-0.3905 0.000821
-0.3879 0.000674
-0.3852 0.000554
-0.3827 0.000455
-0.3803 0.000374
-0.3782 0.000307
-0.3763 0.000253
-0.3747 0.000208
-0.3055 0.344546
-0.2496 0.281455
-0.2059 0.232195
-0.1698 0.191405
-0.1377 0.155324
-0.0942 0.213185
-0.0420 0.095707
0.0080 -0.017016
0.0525 -0.117346
0.0847 -0.189934
0.0890 -0.300647
0.0829 -0.279897
0.0745 -0.242390
0.0666 -0.205038
0.0586 -0.172056
0.0456 -0.180382
0.0308 -0.118679
0.0192 -0.071991
0.0097 -0.034103
0.0013 -0.004632
-0.0068 0.020612
-0.0149 0.043636
-0.0232 0.065276
-0.0319 0.081738
-0.0419 0.096822
-0.0532 0.112067
-0.0659 0.127692
-0.0800 0.143674
-0.0958 0.148931
-0.1158 0.148838
-0.1398 0.148547
-0.1666 0.146418
-0.1947 0.141514
-0.2226 0.133762
-0.2490 0.123747
-0.2733 0.112335
-0.2953 0.100361
-0.3149 0.088489
-0.3321 0.077179
-0.3472 0.066713
-0.3602 0.057237
-0.3714 0.048799
-0.3810 0.041383
-0.3889 0.034935
-0.3955 0.029375
-0.4009 0.024617
-0.4051 0.020568
-0.4083 0.017141
-0.4106 0.014253
-0.4122 0.011828
-0.4130 0.009799
-0.4132 0.008106
-0.4128 0.006696
-0.4120 0.005526
-0.4107 0.004555
-0.4092 0.003752
-0.4073 0.003088
-0.4052 0.002540
-0.4029 0.002088
-0.4004 0.001716
-0.3978 0.001410
-0.3952 0.001158
-0.3925 0.000951
-0.3898 0.000781
-0.3871 0.000641
-0.3845 0.000526
-0.3820 0.000432
-0.3797 0.000355
-0.3775 0.000292
-0.3757 0.000240
-0.3594 0.405437
-0.2899 0.326950
-0.2376 0.267950
-0.1962 0.221219
-0.1613 0.181896
-0.1299 0.146454
-0.0806 0.182620
-0.0290 0.066445
0.0203 -0.044685
0.0623 -0.139420
0.0905 -0.305463
0.0879 -0.296794
0.0809 -0.273316
0.0726 -0.233071
0.0646 -0.196793
0.0565 -0.164479
0.0414 -0.162683
0.0276 -0.105903
0.0166 -0.061382
0.0076 -0.026227
-0.0007 0.001855
-0.0087 0.026379
-0.0169 0.049000
-0.0252 0.070149
-0.0342 0.085412
-0.0445 0.100546
-0.0562 0.115909
-0.0693 0.131665
-0.0837 0.147722
-0.1005 0.148599
-0.1216 0.148724
-0.1465 0.148155
-0.1739 0.145405
-0.2021 0.139763
-0.2297 0.131362
-0.2556 0.120903
-0.2794 0.109270
-0.3007 0.097264
-0.3197 0.085498
-0.3364 0.074383
-0.3509 0.064162
-0.3634 0.054951
-0.3742 0.046780
-0.3833 0.039621
-0.3909 0.033410
-0.3971 0.028067
-0.4022 0.023501
-0.4061 0.019621
-0.4091 0.016342
-0.4112 0.013581
-0.4125 0.011265
-0.4131 0.009328
-0.4131 0.007713
-0.4126 0.006370
-0.4117 0.005255
-0.4104 0.004331
-0.4087 0.003566
-0.4067 0.002934
-0.4046 0.002413
-0.4022 0.001984
-0.3997 0.001630
-0.3971 0.001339
-0.3944 0.001099
-0.3917 0.000903
-0.3890 0.000741
-0.3863 0.000609
-0.3837 0.000500
-0.3813 0.000411
-0.3790 0.000338
-0.3769 0.000278
-0.3751 0.000228
-0.3406 0.384163
-0.2760 0.311194
-0.2268 0.255707
-0.1873 0.211133
-0.1535 0.173031
-0.1224 0.138049
-0.0679 0.154009
-0.0167 0.038822
0.0315 -0.069902
0.0706 -0.158213
0.0904 -0.304991
0.0865 -0.292046
0.0788 -0.264798
0.0707 -0.223824
0.0627 -0.188765
0.0546 -0.157198
0.0377 -0.147187
0.0247 -0.094444
0.0143 -0.051951
0.0056 -0.019011
-0.0026 0.007966
-0.0107 0.031930
-0.0189 0.054241
-0.0273 0.073815
-0.0367 0.089097
-0.0473 0.104354
-0.0594 0.119893
-0.0729 0.135815
-0.0876 0.149256
-0.1056 0.148688
-0.1278 0.148833
-0.1536 0.147825
-0.1813 0.144353
-0.2095 0.137941
-0.2368 0.128909
-0.2622 0.118044
-0.2853 0.106228
-0.3060 0.094221
-0.3244 0.082582
-0.3404 0.071672
-0.3544 0.061699
-0.3665 0.052753
-0.3768 0.044844
-0.3855 0.037934
-0.3927 0.031954
-0.3986 0.026818
-0.4033 0.022437
-0.4070 0.018721
-0.4097 0.015582
-0.4116 0.012942
-0.4127 0.010730
-0.4132 0.008882
-0.4130 0.007341
-0.4124 0.006061
-0.4114 0.004998
-0.4099 0.004118
-0.4082 0.003390
-0.4062 0.002789
-0.4039 0.002294
-0.4015 0.001885
-0.3990 0.001549
-0.3963 0.001272
-0.3936 0.001045
-0.3909 0.000858
-0.3882 0.000704
-0.3855 0.000578
-0.3830 0.000475
-0.3806 0.000390
-0.3783 0.000321
-0.3763 0.000264
-0.3746 0.000217
-0.3191 0.359889
-0.2598 0.293010
-0.2141 0.241357
-0.1766 0.199103
-0.1439 0.162232
-0.1055 0.238627
-0.0525 0.119288
-0.0018 0.005248
0.0445 -0.099215
0.0796 -0.178583
0.0895 -0.302053
0.0843 -0.284912
0.0763 -0.251560
0.0683 -0.212931
0.0604 -0.179204
0.0494 -0.196582
0.0336 -0.130327
0.0215 -0.081656
