0.9828
0.9746
0.8499
0.7821
0.7661
0.7674
0.7719
0.7770
0.7783
0.7770
0.7758
0.7720
0.7702
0.7687
0.7676
0.7676
0.7669
0.7658
0.7645
0.7651
0.7643
0.7644
0.7640
0.7647
0.7646
0.7641
0.7644
0.7639
0.7645
0.7646
0.7636
0.7648
0.7649
0.7639
0.7639
0.7653
0.7634
0.7650
0.7646
0.7644
0.7645
0.7644
0.7643
0.7639
0.7641
0.7644
0.7638
0.7646
0.7640
0.7644
0.7651
0.7649
0.7647
0.7655
0.7645
0.7653
0.7637
0.7647
0.7649
0.7644
0.7645
0.7643
0.7642
0.7638
0.7651
0.7638
0.7644
0.7641
0.7644
0.7650
0.7651
0.7643
0.7647
0.7653
0.7638
0.7645
0.7635
0.7638
0.7638
0.7645
0.7642
0.7638
0.7651
0.7639
0.7647
0.7650
0.7648
0.7640
0.7648
0.7650
0.7644
0.7642
0.7644
0.7650
0.7648
0.7643
0.7642
0.7646
0.7640
0.7649
0.7641
0.7646
0.7642
0.7643
0.7642
0.7642
0.7640
0.7650
0.7645
0.7645
0.7637
0.7642
0.7651
0.7648
0.7649
0.7645
0.7641
0.7652
0.7647
0.7654
0.7653
0.7641
0.7639
0.7637
0.7644
0.7641
0.7648
0.7639
0.7636
0.7653
0.7642
0.7638
0.7638
0.7644
0.7643
0.7638
0.7646
0.7645
0.7649
0.7644
0.7648
0.7638
0.7636
0.7642
0.7645
0.7654
0.7633
0.7632
0.7633
0.7642
0.9828
0.9746
0.8499
0.7821
0.7661
0.7674
0.7719
0.7770
0.7783
0.7770
0.7758
0.7720
0.7702
0.7687
0.7676
0.7676
0.7669
0.7658
0.7645
0.7651
0.7643
0.7644
0.7640
0.7647
0.7646
0.7641
0.7644
0.7639
0.7645
0.7646
0.7636
0.7648
0.7649
0.7639
0.7639
0.7653
0.7634
0.7650
0.7646
0.7644
0.7645
0.7644
0.7643
0.7639
0.7641
0.7644
0.7638
0.7646
0.7640
0.7644
0.7651
0.7649
0.7647
0.7655
0.7645
0.7653
0.7637
0.7647
0.7649
0.7644
0.7645
0.7643
0.7642
0.7638
0.7651
0.7638
0.7644
0.7641
0.7644
0.7650
0.7651
0.7643
0.7647
0.7653
0.7638
0.7645
0.7635
0.7638
0.7638
0.7645
0.7642
0.7638
0.7651
0.7639
0.7647
0.7650
0.7648
0.7640
0.7648
0.7650
0.7644
0.7642
0.7644
0.7650
0.7648
0.7643
0.7642
0.7646
0.7640
0.7649
0.7641
0.7646
0.7642
0.7643
0.7642
0.7642
0.7640
0.7650
0.7645
0.7645
0.7637
0.7642
0.7651
0.7648
0.7649
0.7645
0.7641
0.7652
0.7647
0.7654
0.7653
0.7641
0.7639
0.7637
0.7644
0.7641
0.7648
0.7639
0.7636
0.7653
0.7642
0.7638
0.7638
0.7644
0.7643
0.7638
0.7646
0.7645
0.7649
0.7644
0.7648
0.7638
0.7636
0.7642
0.7645
0.7654
0.7633
0.7632
0.7633
0.7642
