0.3180 -0.006052
0.3009 -0.004949
0.2805 -0.004028
0.2590 -0.003272
0.2377 -0.002656
0.2171 -0.002156
0.1975 -0.001751
0.1788 -0.001423
0.1609 -0.001157
0.1437 -0.000941
0.1268 -0.000765
0.1098 -0.000622
0.0925 -0.000505
0.0740 -0.000408
0.0535 -0.000329
0.0294 -0.000263
-0.0008 -0.000207
-0.0412 -0.000159
-0.0957 -0.000117
-0.1615 -0.000082
-0.2271 -0.000055
-0.2827 -0.000037
-0.3259 -0.000025
-0.3578 -0.000017
-0.3807 -0.000012
-0.3965 -0.000008
-0.4068 -0.000006
-0.4130 -0.000005
-0.4160 -0.000004
-0.4165 -0.000003
-0.4151 -0.000003
-0.4122 -0.000002
-0.4081 -0.000002
-0.4031 -0.000002
-0.3972 -0.000002
-0.3906 -0.000001
-0.3835 -0.000001
-0.3758 -0.000001
-0.3678 -0.000001
-0.3701 -0.064978
-0.3720 -0.064020
-0.3790 -0.181852
-0.3969 -0.154893
-0.4080 -0.138118
-0.4151 -0.127437
-0.4198 -0.120369
-0.4229 -0.115614
-0.4250 -0.112527
-0.4262 -0.110734
-0.4267 -0.109954
-0.4267 -0.109946
-0.4269 -0.146320
-0.4317 -0.134702
-0.4335 -0.125997
-0.4334 -0.121759
-0.4324 -0.119960
-0.4309 -0.119531
-0.4291 -0.119886
-0.4273 -0.120700
-0.4254 -0.121783
-0.4237 -0.123022
-0.4219 -0.124345
-0.4203 -0.125707
-0.4188 -0.127075
-0.4171 -0.124218
-0.4141 -0.115870
-0.4096 -0.109266
-0.4042 -0.104575
-0.3983 -0.101095
-0.3921 -0.098457
-0.3858 -0.096455
-0.3794 -0.094961
-0.3732 -0.093891
-0.3670 -0.093181
-0.3610 -0.092781
-0.3543 -0.082642
-0.3459 -0.072996
-0.3362 -0.064801
-0.3255 -0.057657
-0.3139 -0.051334
-0.3017 -0.045690
-0.2888 -0.040636
-0.2753 -0.036109
-0.2611 -0.032062
-0.2461 -0.028455
-0.2302 -0.025252
-0.2132 -0.022419
-0.1948 -0.019927
-0.1744 -0.017755
-0.1510 -0.015892
-0.1228 -0.014341
-0.0864 -0.013131
-0.0342 -0.012346
0.0452 -0.012062
0.1443 -0.011909
0.2285 -0.011250
0.2825 -0.010097
0.3101 -0.008732
0.3181 -0.007366
0.3131 -0.006115
0.3000 -0.005025
0.2825 -0.004105
0.2629 -0.003342
0.2427 -0.002717
0.2227 -0.002208
0.2034 -0.001795
0.1849 -0.001460
0.1672 -0.001187
0.1500 -0.000966
0.1332 -0.000786
0.1166 -0.000639
0.0996 -0.000519
0.0818 -0.000421
0.0625 -0.000340
0.0403 -0.000273
0.0133 -0.000216
-0.0220 -0.000168
-0.0700 -0.000126
-0.1318 -0.000090
-0.1990 -0.000062
-0.2595 -0.000041
-0.3081 -0.000027
-0.3446 -0.000019
-0.3710 -0.000013
-0.3894 -0.000009
-0.4017 -0.000007
-0.4092 -0.000005
-0.4131 -0.000004
-0.4141 -0.000003
-0.4129 -0.000003
-0.4099 -0.000003
-0.4057 -0.000002
-0.4005 -0.000002
-0.3956 -0.052225
-0.3989 -0.050586
-0.4003 -0.049845
-0.4006 -0.049708
-0.4001 -0.049936
-0.3992 -0.050379
-0.4021 -0.097980
-0.4081 -0.091978
-0.4117 -0.088321
-0.4137 -0.086338
-0.4207 -0.119019
-0.4253 -0.112059
-0.4277 -0.108437
-0.4287 -0.106913
-0.4287 -0.103773
-0.4274 -0.100221
-0.4253 -0.098479
-0.4227 -0.097828
-0.4199 -0.097862
-0.4170 -0.098342
-0.4141 -0.099120
-0.4113 -0.100100
-0.4086 -0.101218
-0.4060 -0.102431
-0.4035 -0.103709
-0.4012 -0.105031
-0.3989 -0.106382
-0.3968 -0.107751
-0.3947 -0.109131
-0.3927 -0.109660
-0.3899 -0.103082
-0.3859 -0.098592
-0.3812 -0.094335
-0.3750 -0.082907
-0.3670 -0.073646
-0.3578 -0.065771
-0.3476 -0.058864
-0.3506 -0.122930
-0.3511 -0.114617
-0.3498 -0.108927
-0.3474 -0.104984
-0.3444 -0.102179
-0.3413 -0.100125
-0.3382 -0.098585
-0.3353 -0.097417
-0.3325 -0.096529
-0.3299 -0.095860
-0.3276 -0.095365
-0.3255 -0.095010
-0.3236 -0.094767
-0.3218 -0.094617
-0.3202 -0.094546
-0.3187 -0.094544
-0.3174 -0.094608
-0.3161 -0.094732
-0.3149 -0.094897
-0.3138 -0.095054
-0.3129 -0.095167
-0.3123 -0.095228
-0.3118 -0.094570
-0.3098 -0.079803
-0.3055 -0.068151
-0.2995 -0.058668
-0.2923 -0.050765
-0.2841 -0.044064
-0.2752 -0.038315
-0.2657 -0.033345
-0.2558 -0.029030
-0.2454 -0.025277
-0.2345 -0.022011
-0.2231 -0.019172
-0.2110 -0.016708
-0.1981 -0.014576
-0.1841 -0.012738
-0.1685 -0.011164
-0.1504 -0.009831
-0.1286 -0.008722
-0.1004 -0.007835
-0.0609 -0.007189
-0.0004 -0.006828
0.0879 -0.006709
0.1816 -0.006498
0.2514 -0.005986
0.2926 -0.005275
0.3106 -0.004507
0.3122 -0.003772
0.3031 -0.003115
0.2878 -0.002552
0.2692 -0.002081
0.2493 -0.001693
0.2293 -0.001376
0.2097 -0.001118
0.1909 -0.000909
0.1728 -0.000739
0.1554 -0.000602
0.1385 -0.000489
0.1218 -0.000398
0.1050 -0.000323
0.0876 -0.000262
0.0690 -0.000212
0.0480 -0.000171
0.0231 -0.000136
-0.0087 -0.000107
-0.0515 -0.000081
-0.1084 -0.000059
-0.1748 -0.000041
-0.2383 -0.000028
-0.2911 -0.000018
-0.3316 -0.000012
-0.3613 -0.000009
-0.3825 -0.000006
-0.3971 -0.000004
-0.4066 -0.000003
-0.4122 -0.000003
-0.4149 -0.000002
-0.4153 -0.000002
-0.4140 -0.000001
-0.4114 -0.000001
-0.4077 -0.000001
-0.4031 -0.000001
-0.3980 -0.000001
-0.3925 -0.000001
-0.3866 -0.000001
-0.3806 -0.000001
-0.3745 -0.000001
-0.3682 -0.000000
-0.3619 -0.000000
-0.3655 -0.067284
-0.3701 -0.064951
-0.3839 -0.116195
-0.3931 -0.107017
-0.3990 -0.101074
-0.4027 -0.097364
-0.4048 -0.095204
-0.4059 -0.094136
-0.4062 -0.093845
-0.4059 -0.094109
-0.4052 -0.094766
-0.4043 -0.095697
-0.4032 -0.096814
-0.4019 -0.098051
-0.4006 -0.099364
-0.3993 -0.100721
-0.3979 -0.102103
-0.3965 -0.103501
-0.3951 -0.104909
-0.3937 -0.106325
-0.3922 -0.107751
-0.3908 -0.109189
-0.3893 -0.110642
-0.3879 -0.112116
-0.3860 -0.106164
-0.3815 -0.092143
-0.3746 -0.081402
-0.3661 -0.072617
-0.3681 -0.125703
-0.3675 -0.116383
-0.3650 -0.110174
-0.3613 -0.105895
-0.3573 -0.102774
-0.3532 -0.100380
-0.3525 -0.170293
-0.3611 -0.156869
-0.3669 -0.147448
-0.3708 -0.140803
-0.3734 -0.136077
-0.3751 -0.132690
-0.3762 -0.130258
-0.3768 -0.128529
-0.3771 -0.127329
-0.3772 -0.126535
-0.3771 -0.126053
-0.3768 -0.125809
-0.3764 -0.125743
-0.3760 -0.125808
-0.3756 -0.125966
-0.3751 -0.126193
-0.3746 -0.126471
-0.3731 -0.117295
-0.3703 -0.110870
-0.3665 -0.106263
-0.3623 -0.102913
-0.3578 -0.100467
-0.3532 -0.098691
-0.3487 -0.096214
-0.3429 -0.083435
-0.3353 -0.073047
-0.3264 -0.064292
-0.3165 -0.056733
-0.3060 -0.050105
-0.2949 -0.044243
-0.2833 -0.039037
-0.2713 -0.034407
-0.2589 -0.030295
-0.2460 -0.026650
-0.2326 -0.023430
-0.2185 -0.020598
-0.2035 -0.018120
-0.1871 -0.015967
-0.1688 -0.014116
-0.1474 -0.012549
-0.1210 -0.011263
-0.0857 -0.010279
-0.0337 -0.009659
0.0468 -0.009457
0.1482 -0.009363
0.2341 -0.008860
0.2893 -0.007960
0.3171 -0.006884
0.3246 -0.005803
0.3186 -0.004812
0.3043 -0.003949
0.2856 -0.003221
0.2650 -0.002619
0.2440 -0.002127
0.2234 -0.001728
0.2036 -0.001403
0.1848 -0.001141
0.1668 -0.000928
0.1495 -0.000755
0.1326 -0.000614
0.1159 -0.000499
0.0989 -0.000405
0.0812 -0.000328
0.0618 -0.000265
0.0398 -0.000213
0.0128 -0.000169
-0.0223 -0.000131
-0.0701 -0.000099
-0.1318 -0.000071
-0.1989 -0.000048
-0.2595 -0.000032
-0.3081 -0.000021
-0.3449 -0.000014
-0.3716 -0.000010
-0.3905 -0.000007
-0.4033 -0.000005
-0.4114 -0.000004
-0.4160 -0.000003
-0.4178 -0.000003
-0.4175 -0.000002
-0.4155 -0.000002
-0.4123 -0.000002
-0.4079 -0.000001
-0.4027 -0.000001
-0.3968 -0.000001
-0.3903 -0.000001
-0.3834 -0.000001
-0.3761 -0.000001
-0.3686 -0.000001
-0.3608 -0.000001
-0.3554 -0.072339
-0.3604 -0.069808
-0.3635 -0.068271
-0.3651 -0.067457
-0.3658 -0.067107
-0.3717 -0.128438
-0.3813 -0.118755
-0.3880 -0.112072
-0.3925 -0.107539
-0.3955 -0.104538
-0.3974 -0.102644
-0.3984 -0.101571
-0.4013 -0.148205
-0.4087 -0.137060
-0.4132 -0.130303
-0.4157 -0.126419
-0.4171 -0.124397
-0.4176 -0.123571
-0.4177 -0.123512
-0.4174 -0.123942
-0.4169 -0.124685
-0.4162 -0.125625
-0.4155 -0.126687
-0.4147 -0.124955
-0.4128 -0.120966
-0.4103 -0.118736
-0.4074 -0.117599
-0.4044 -0.117173
-0.4012 -0.113873
-0.3969 -0.107708
-0.3918 -0.103358
-0.3861 -0.100219
-0.3801 -0.097950
-0.3740 -0.096344
-0.3679 -0.095269
-0.3618 -0.094634
-0.3549 -0.084719
-0.3539 -0.144344
-0.3559 -0.130774
-0.3551 -0.121711
-0.3527 -0.115519
-0.3493 -0.111117
-0.3455 -0.107849
-0.3417 -0.105342
-0.3380 -0.103382
-0.3345 -0.101840
-0.3312 -0.100631
-0.3282 -0.099694
-0.3255 -0.098978
-0.3230 -0.098441
-0.3207 -0.098048
-0.3187 -0.097767
-0.3168 -0.097572
-0.3152 -0.097440
-0.3138 -0.097356
-0.3125 -0.097307
-0.3114 -0.097274
-0.3105 -0.097244
-0.3098 -0.097207
-0.3088 -0.089131
-0.3054 -0.075742
-0.3000 -0.065011
-0.2931 -0.056172
-0.2850 -0.048741
-0.2760 -0.042404
-0.2663 -0.036947
-0.2560 -0.032220
-0.2451 -0.028110
-0.2336 -0.024534
-0.2214 -0.021424
-0.2085 -0.018724
-0.1944 -0.016388
-0.1790 -0.014378
-0.1615 -0.012663
-0.1407 -0.011222
-0.1148 -0.010047
-0.0797 -0.009153
-0.0276 -0.008589
0.0525 -0.008386
0.1507 -0.008250
0.2325 -0.007760
0.2847 -0.006945
0.3107 -0.005995
0.3176 -0.005049
0.3115 -0.004186
0.2976 -0.003437
0.2795 -0.002805
0.2595 -0.002282
0.2391 -0.001855
0.2190 -0.001507
0.1997 -0.001225
0.1813 -0.000996
0.1636 -0.000810
0.1465 -0.000659
0.1297 -0.000536
0.1130 -0.000436
0.0960 -0.000354
0.0780 -0.000287
0.0584 -0.000231
0.0356 -0.000185
0.0075 -0.000147
-0.0296 -0.000114
-0.0799 -0.000085
-0.1433 -0.000060
-0.2098 -0.000041
-0.2683 -0.000027
-0.3145 -0.000018
-0.3491 -0.000012
-0.3741 -0.000009
-0.3915 -0.000006
-0.4031 -0.000005
-0.4103 -0.000004
-0.4140 -0.000003
-0.4152 -0.000002
-0.4143 -0.000002
-0.4119 -0.000002
-0.4082 -0.000001
-0.4035 -0.000001
-0.3981 -0.000001
-0.3919 -0.000001
-0.3852 -0.000001
-0.3781 -0.000001
-0.3707 -0.000001
-0.3631 -0.000001
-0.3556 -0.000001
-0.3627 -0.137455
-0.3777 -0.122388
-0.3877 -0.112350
-0.3944 -0.105693
-0.3988 -0.101221
-0.4018 -0.098229
-0.4037 -0.096325
-0.4047 -0.095270
-0.4051 -0.094890
-0.4050 -0.095041
-0.4044 -0.095602
-0.4035 -0.096472
-0.4024 -0.097566
-0.4012 -0.098817
-0.3993 -0.093850
-0.3961 -0.089384
-0.3922 -0.086378
-0.3877 -0.084366
-0.3830 -0.083060
-0.3782 -0.082278
-0.3733 -0.081896
-0.3685 -0.081824
-0.3638 -0.081998
-0.3582 -0.071708
-0.3510 -0.062946
-0.3425 -0.055555
-0.3331 -0.049157
-0.3230 -0.043530
-0.3124 -0.038533
-0.3014 -0.034076
-0.2900 -0.030096
-0.2782 -0.026544
-0.2660 -0.023380
-0.2535 -0.020570
-0.2406 -0.018083
-0.2270 -0.015891
-0.2304 -0.283092
-0.2662 -0.243628
-0.2941 -0.213141
-0.3152 -0.190256
-0.3310 -0.173092
-0.3431 -0.160068
-0.3524 -0.150094
-0.3595 -0.142449
-0.3650 -0.136629
-0.3690 -0.132255
-0.3720 -0.129028
-0.3742 -0.126703
-0.3756 -0.125079
-0.3766 -0.123996
-0.3772 -0.123320
-0.3775 -0.122948
-0.3775 -0.122804
-0.3774 -0.122838
-0.3772 -0.123013
-0.3769 -0.123295
-0.3765 -0.123659
-0.3761 -0.124078
-0.3756 -0.124531
-0.3750 -0.120165
-0.3717 -0.102922
-0.3658 -0.089911
-0.3580 -0.079425
-0.3490 -0.070567
-0.3389 -0.062851
-0.3281 -0.056002
-0.3168 -0.049861
-0.3050 -0.044331
-0.2927 -0.039346
-0.2801 -0.034859
-0.2671 -0.030831
-0.2537 -0.027229
-0.2399 -0.024022
-0.2253 -0.021181
-0.2099 -0.018680
-0.1933 -0.016495
-0.1749 -0.014603
-0.1536 -0.012991
-0.1280 -0.011652
-0.0946 -0.010603
-0.0466 -0.009898
0.0275 -0.009613
0.1269 -0.009543
0.2175 -0.009126
0.2781 -0.008269
0.3103 -0.007194
0.3213 -0.006091
0.3179 -0.005066
0.3055 -0.004167
0.2881 -0.003405
0.2683 -0.002772
0.2478 -0.002254
0.2275 -0.001831
0.2079 -0.001488
0.1892 -0.001210
0.1712 -0.000984
0.1540 -0.000801
0.1372 -0.000652
0.1206 -0.000530
0.1039 -0.000431
0.0866 -0.000349
0.0679 -0.000282
0.0470 -0.000227
0.0220 -0.000181
-0.0100 -0.000142
-0.0531 -0.000108
-0.1104 -0.000079
-0.1768 -0.000055
-0.2400 -0.000037
-0.2923 -0.000024
-0.3324 -0.000017
-0.3618 -0.000011
-0.3826 -0.000008
-0.3969 -0.000006
-0.4060 -0.000004
-0.4112 -0.000004
-0.4134 -0.000003
-0.4133 -0.000002
-0.4114 -0.000002
-0.4082 -0.000002
-0.4039 -0.000002
-0.3988 -0.000001
-0.3930 -0.000001
-0.3867 -0.000001
-0.3799 -0.000001
-0.3730 -0.063508
-0.3771 -0.061469
-0.3790 -0.060498
-0.3882 -0.111870
-0.3953 -0.104738
-0.4038 -0.144407
-0.4132 -0.130270
-0.4191 -0.121450
-0.4227 -0.116017
-0.4248 -0.112841
-0.4259 -0.111224
-0.4262 -0.110700
-0.4260 -0.110944
-0.4255 -0.111717
-0.4248 -0.112846
-0.4239 -0.114208
-0.4228 -0.115715
-0.4218 -0.117309
-0.4221 -0.156016
-0.4266 -0.146819
-0.4290 -0.142116
-0.4300 -0.140061
-0.4302 -0.139540
-0.4300 -0.139085
-0.4290 -0.135386
-0.4273 -0.133779
-0.4251 -0.130110
-0.4219 -0.126096
-0.4182 -0.122144
-0.4134 -0.115096
-0.4077 -0.110005
-0.4016 -0.106106
-0.3952 -0.103021
-0.3887 -0.100548
-0.3822 -0.098576
-0.3758 -0.097032
-0.3695 -0.095865
-0.3635 -0.093585
-0.3562 -0.082278
-0.3475 -0.072897
-0.3376 -0.064833
-0.3268 -0.057744
-0.3153 -0.051430
-0.3031 -0.045768
-0.2905 -0.040674
-0.2774 -0.036092
-0.2639 -0.031978
-0.2498 -0.028294
-0.2352 -0.025009
-0.2199 -0.022093
-0.2037 -0.019517
-0.1863 -0.017260
-0.1669 -0.015303
-0.1445 -0.013639
-0.1170 -0.012271
-0.0802 -0.011229
-0.0259 -0.010588
0.0570 -0.010385
0.1567 -0.010228
0.2379 -0.009603
0.2889 -0.008577
0.3138 -0.007392
0.3200 -0.006221
0.3136 -0.005156
0.2996 -0.004232
0.2815 -0.003455
0.2616 -0.002812
0.2413 -0.002285
0.2213 -0.001857
0.2020 -0.001509
0.1836 -0.001227
0.1659 -0.000999
0.1489 -0.000813
0.1322 -0.000661
0.1157 -0.000538
0.0988 -0.000437
0.0812 -0.000354
0.0621 -0.000286
0.0402 -0.000230
0.0137 -0.000182
-0.0208 -0.000142
-0.0676 -0.000107
-0.1280 -0.000077
-0.1942 -0.000053
-0.2544 -0.000035
-0.3029 -0.000024
-0.3395 -0.000016
-0.3661 -0.000011
-0.3847 -0.000008
-0.3971 -0.000006
-0.4050 -0.000005
-0.4092 -0.000004
-0.4107 -0.000003
-0.4102 -0.000003
-0.4080 -0.000002
-0.4046 -0.000002
-0.4002 -0.000002
-0.3950 -0.000001
-0.3893 -0.000001
-0.3830 -0.000001
-0.3763 -0.000001
-0.3694 -0.000001
-0.3676 -0.132571
-0.3828 -0.117348
-0.3926 -0.107442
-0.3990 -0.101099
-0.4030 -0.097059
-0.4055 -0.094523
-0.4070 -0.093024
-0.4077 -0.092294
-0.4078 -0.092161
-0.4116 -0.132739
-0.4170 -0.124633
-0.4200 -0.120091
-0.4214 -0.117845
-0.4220 -0.117048
-0.4218 -0.114242
-0.4203 -0.110303
-0.4180 -0.108248
-0.4153 -0.107348
-0.4124 -0.107188
-0.4132 -0.146503
-0.4163 -0.138721
-0.4175 -0.134548
-0.4176 -0.132538
-0.4171 -0.131816
-0.4157 -0.125868
-0.4133 -0.122450
-0.4103 -0.120535
-0.4071 -0.119557
-0.4038 -0.119192
-0.4006 -0.119239
-0.3976 -0.119567
-0.3946 -0.120084
-0.3919 -0.120730
-0.3885 -0.113462
-0.3841 -0.108086
-0.3790 -0.104211
-0.3735 -0.101384
-0.3679 -0.099333
-0.3622 -0.097882
-0.3565 -0.096908
-0.3510 -0.096322
-0.3457 -0.096055
-0.3404 -0.093125
-0.3337 -0.081058
-0.3251 -0.071172
-0.3152 -0.062796
-0.3043 -0.055537
-0.2926 -0.049152
-0.2803 -0.043487
-0.2675 -0.038434
-0.2544 -0.033914
-0.2409 -0.029876
-0.2271 -0.026282
-0.2128 -0.023101
-0.1977 -0.020306
-0.1814 -0.017869
-0.1633 -0.015769
-0.1424 -0.013989
-0.1166 -0.012523
-0.0822 -0.011394
-0.0318 -0.010661
0.0457 -0.010373
0.1430 -0.010208
0.2260 -0.009632
0.2799 -0.008644
0.3076 -0.007478
0.3161 -0.006312
0.3115 -0.005243
0.2989 -0.004311
0.2818 -0.003523
0.2625 -0.002869
0.2425 -0.002334
0.2228 -0.001897
0.2037 -0.001543
0.1854 -0.001255
0.1678 -0.001021
0.1508 -0.000831
0.1342 -0.000676
0.1178 -0.000550
0.1011 -0.000447
0.0838 -0.000363
0.0650 -0.000293
0.0438 -0.000236
0.0183 -0.000188
-0.0144 -0.000147
-0.0587 -0.000111
-0.1170 -0.000081
-0.1829 -0.000056
-0.2447 -0.000038
-0.2952 -0.000025
-0.3336 -0.000017
-0.3618 -0.000012
-0.3817 -0.000008
-0.3953 -0.000006
-0.4041 -0.000005
-0.4093 -0.000004
-0.4119 -0.000003
-0.4124 -0.000003
-0.4113 -0.000002
-0.4090 -0.000002
-0.4058 -0.000002
-0.4018 -0.000001
-0.3971 -0.000001
-0.3920 -0.000001
-0.3865 -0.000001
-0.3806 -0.000001
-0.3745 -0.000001
-0.3681 -0.000001
-0.3616 -0.000001
-0.3659 -0.067054
-0.3700 -0.065008
-0.3723 -0.063848
-0.3733 -0.063352
-0.3733 -0.063332
-0.3727 -0.063647
-0.3716 -0.064202
-0.3701 -0.064931
-0.3684 -0.065787
-0.3665 -0.066736
-0.3645 -0.067752
-0.3624 -0.068814
-0.3602 -0.069903
-0.3580 -0.071007
-0.3557 -0.072119
-0.3535 -0.073234
-0.3513 -0.074353
-0.3490 -0.075475
-0.3468 -0.076600
-0.3505 -0.224699
-0.3721 -0.192137
-0.3861 -0.171088
-0.3949 -0.157727
-0.4000 -0.143230
-0.4019 -0.133446
-0.4067 -0.168111
-0.4120 -0.154239
-0.4145 -0.146198
-0.4155 -0.141580
-0.4156 -0.138998
-0.4151 -0.137646
-0.4144 -0.137057
-0.4136 -0.136954
-0.4127 -0.137169
-0.4118 -0.137595
-0.4108 -0.138164
-0.4099 -0.138830
-0.4091 -0.139559
-0.4082 -0.140329
-0.4074 -0.141126
-0.4066 -0.141943
-0.4059 -0.142778
-0.4051 -0.142963
-0.4030 -0.131153
-0.3989 -0.122506
-0.3936 -0.116487
-0.3875 -0.112104
-0.3810 -0.108830
-0.3743 -0.106363
-0.3673 -0.099018
-0.3586 -0.088097
-0.3485 -0.078805
-0.3374 -0.070620
-0.3256 -0.063264
-0.3132 -0.056589
-0.3004 -0.050513
-0.2871 -0.044986
-0.2735 -0.039974
-0.2595 -0.035449
-0.2450 -0.031386
-0.2300 -0.027759
-0.2142 -0.024542
-0.1972 -0.021710
-0.1787 -0.019240
-0.1577 -0.017115
-0.1328 -0.015332
-0.1011 -0.013909
-0.0566 -0.012907
0.0116 -0.012432
0.1079 -0.012337
0.2025 -0.011911
0.2689 -0.010894
0.3062 -0.009543
0.3211 -0.008118
0.3203 -0.006775
0.3097 -0.005585
0.2933 -0.004570
0.2740 -0.003724
0.2537 -0.003028
0.2334 -0.002461
0.2137 -0.002000
0.1948 -0.001626
0.1767 -0.001323
0.1594 -0.001076
0.1426 -0.000876
0.1261 -0.000713
0.1096 -0.000580
0.0927 -0.000471
0.0748 -0.000381
0.0551 -0.000307
0.0321 -0.000246
0.0036 -0.000195
-0.0340 -0.000150
-0.0849 -0.000112
-0.1480 -0.000079
-0.2130 -0.000054
-0.2696 -0.000036
-0.3141 -0.000024
-0.3471 -0.000017
-0.3707 -0.000012
-0.3869 -0.000009
-0.3974 -0.000007
-0.4036 -0.000005
-0.4064 -0.000004
-0.4066 -0.000003
-0.4048 -0.000003
-0.4015 -0.000003
-0.3970 -0.000002
-0.3916 -0.000002
-0.3854 -0.000002
-0.3786 -0.000002
-0.3716 -0.000001
-0.3708 -0.129363
-0.3940 -0.212623
-0.4165 -0.167323
-0.4289 -0.142363
-0.4358 -0.128471
-0.4397 -0.120640
-0.4418 -0.116345
-0.4429 -0.114287
-0.4431 -0.113723
-0.4429 -0.114173
-0.4423 -0.115300
-0.4416 -0.116863
-0.4406 -0.118689
-0.4397 -0.120659
-0.4383 -0.119065
-0.4364 -0.118310
-0.4341 -0.118581
-0.4318 -0.119434
-0.4294 -0.120630
-0.4271 -0.122033
-0.4249 -0.123563
-0.4228 -0.125172
-0.4208 -0.126831
-0.4189 -0.128521
-0.4164 -0.121582
-0.4115 -0.107479
-0.4044 -0.096967
-0.3958 -0.088280
-0.3860 -0.080613
-0.3754 -0.073598
-0.3640 -0.067065
-0.3521 -0.060943
-0.3395 -0.055203
-0.3265 -0.049841
-0.3131 -0.044855
-0.2992 -0.040247
-0.2848 -0.036014
-0.2700 -0.032151
-0.2546 -0.028649
-0.2385 -0.025494
-0.2215 -0.022675
-0.2033 -0.020177
-0.1832 -0.017987
-0.1605 -0.016101
