0.1247 -0.078195
0.1024 -0.075383
0.0784 -0.072383
0.0514 -0.068996
0.0184 -0.064875
-0.0254 -0.059416
-0.0860 -0.050202
-0.1611 -0.034340
-0.2362 -0.022335
-0.2995 -0.014179
-0.3486 -0.008942
-0.3852 -0.005660
-0.4119 -0.003625
-0.4310 -0.002372
-0.4441 -0.001603
-0.4527 -0.001133
-0.4577 -0.000846
-0.4599 -0.000670
-0.4597 -0.000561
-0.4577 -0.000492
-0.4540 -0.000446
-0.4489 -0.000414
-0.4425 -0.000389
-0.4349 -0.000368
-0.4261 -0.000349
-0.4162 -0.000331
-0.4052 -0.000312
-0.3932 -0.000294
-0.3804 -0.000275
-0.3668 -0.000256
-0.3525 -0.000236
-0.3376 -0.000217
-0.3220 -0.000199
-0.3057 -0.000181
-0.2901 -0.026380
-0.2775 -0.027946
-0.2645 -0.029552
-0.2577 -0.060669
-0.2556 -0.061200
-0.2583 -0.060512
-0.2659 -0.058603
-0.2774 -0.055731
-0.2911 -0.052293
-0.3056 -0.048675
-0.3196 -0.045165
-0.3324 -0.041942
-0.3438 -0.039093
-0.3536 -0.036646
-0.3617 -0.034593
-0.3685 -0.032908
-0.3738 -0.031557
-0.3780 -0.030503
-0.3812 -0.029712
-0.3834 -0.028764
-0.3845 -0.025462
-0.3842 -0.021313
-0.3828 -0.018025
-0.3803 -0.015367
-0.3771 -0.013180
-0.3732 -0.011356
-0.3687 -0.009820
-0.3637 -0.008514
-0.3582 -0.007397
-0.3522 -0.006436
-0.3459 -0.005605
-0.3392 -0.004885
-0.3321 -0.004259
-0.3247 -0.003714
-0.3170 -0.003238
-0.3089 -0.002823
-0.3004 -0.002462
-0.2915 -0.002148
-0.2820 -0.001876
-0.2718 -0.001640
-0.2607 -0.001436
-0.2483 -0.001261
-0.2345 -0.001111
-0.2187 -0.000983
-0.2003 -0.000875
-0.1782 -0.000784
-0.1507 -0.000711
-0.1154 -0.000654
-0.0673 -0.000614
0.0038 -0.000597
0.1027 -0.075821
0.1847 -0.086069
0.2392 -0.092862
0.2658 -0.096149
0.2714 -0.096802
0.2633 -0.095741
0.2473 -0.093692
0.2274 -0.091150
0.2058 -0.088412
0.1838 -0.085635
0.1620 -0.082880
0.1403 -0.080149
0.1184 -0.077401
0.0957 -0.074554
0.0712 -0.071474
0.0428 -0.067930
0.0075 -0.063515
-0.0404 -0.057546
-0.1058 -0.044808
-0.1823 -0.030173
-0.2547 -0.019463
-0.3140 -0.012329
-0.3593 -0.007786
-0.3929 -0.004950
-0.4172 -0.003195
-0.4344 -0.002115
-0.4460 -0.001452
-0.4534 -0.001047
-0.4574 -0.000799
-0.4587 -0.000646
-0.4578 -0.000551
-0.4550 -0.000490
-0.4507 -0.000448
-0.4450 -0.000418
-0.4379 -0.000394
-0.4297 -0.000373
-0.4202 -0.000353
-0.4095 -0.000335
-0.3975 -0.000316
-0.3844 -0.000298
-0.3702 -0.000279
-0.3550 -0.000261
-0.3391 -0.000242
-0.3224 -0.000223
-0.3053 -0.000204
-0.2877 -0.000186
-0.2760 -0.056140
-0.2687 -0.057943
-0.2635 -0.059241
-0.2630 -0.059355
-0.2681 -0.058070
-0.2779 -0.055625
-0.2905 -0.052449
-0.3044 -0.048965
-0.3183 -0.045501
-0.3312 -0.042267
-0.3427 -0.039378
-0.3526 -0.036879
-0.3610 -0.034770
-0.3680 -0.033032
-0.3736 -0.031632
-0.3779 -0.030533
-0.3812 -0.029701
-0.3836 -0.029100
-0.3851 -0.027435
-0.3854 -0.023227
-0.3844 -0.019571
-0.3823 -0.016635
-0.3794 -0.014234
-0.3758 -0.012240
-0.3717 -0.010566
-0.3670 -0.009146
-0.3618 -0.007933
-0.3562 -0.006893
-0.3503 -0.005996
-0.3439 -0.005220
-0.3372 -0.004547
-0.3301 -0.003962
-0.3228 -0.003452
-0.3151 -0.003008
-0.3072 -0.002620
-0.2988 -0.002282
-0.2902 -0.001988
-0.2810 -0.001733
-0.2712 -0.001512
-0.2606 -0.001321
-0.2489 -0.001157
-0.2360 -0.001016
-0.2213 -0.000896
-0.2042 -0.000794
-0.1839 -0.000708
-0.1589 -0.000638
-0.1266 -0.000584
-0.0831 -0.000544
-0.0199 -0.000523
0.0733 -0.000521
0.1636 -0.083353
0.2271 -0.091286
0.2613 -0.095535
0.2721 -0.096853
0.2672 -0.096195
0.2529 -0.094361
0.2336 -0.091914
0.2122 -0.089204
0.1902 -0.086424
0.1682 -0.083659
0.1465 -0.080923
0.1248 -0.078188
0.1024 -0.075384
0.0786 -0.072396
0.0517 -0.069028
0.0189 -0.064938
-0.0244 -0.059531
-0.0844 -0.049492
-0.1589 -0.033947
-0.2338 -0.022134
-0.2972 -0.014080
-0.3466 -0.008895
-0.3835 -0.005639
-0.4106 -0.003617
-0.4299 -0.002367
-0.4433 -0.001598
-0.4522 -0.001125
-0.4575 -0.000834
-0.4600 -0.000655
-0.4603 -0.000544
-0.4586 -0.000472
-0.4554 -0.000425
-0.4508 -0.000392
-0.4449 -0.000366
-0.4379 -0.000345
-0.4298 -0.000326
-0.4205 -0.000308
-0.4101 -0.000291
-0.3985 -0.000274
-0.3857 -0.000258
-0.3717 -0.000242
-0.3566 -0.000226
-0.3404 -0.000210
-0.3233 -0.000194
-0.3056 -0.000178
-0.2872 -0.000163
-0.2716 -0.028677
-0.2577 -0.030404
-0.2444 -0.032046
-0.2399 -0.065116
-0.2428 -0.064399
-0.2514 -0.062244
-0.2642 -0.059028
-0.2794 -0.055222
-0.2953 -0.051245
-0.3107 -0.047397
-0.3247 -0.043865
-0.3372 -0.040737
-0.3480 -0.038042
-0.3570 -0.035771
-0.3645 -0.033896
-0.3706 -0.032381
-0.3753 -0.031185
-0.3790 -0.030271
-0.3816 -0.029604
-0.3833 -0.027842
-0.3839 -0.025524
-0.3835 -0.022611
-0.3819 -0.019140
-0.3793 -0.016333
-0.3759 -0.014024
-0.3718 -0.012097
-0.3672 -0.010472
-0.3619 -0.009088
-0.3562 -0.007903
-0.3501 -0.006881
-0.3436 -0.005997
-0.3367 -0.005229
-0.3295 -0.004559
-0.3220 -0.003975
-0.3142 -0.003466
-0.3060 -0.003021
-0.2975 -0.002634
-0.2886 -0.002297
-0.2791 -0.002004
-0.2689 -0.001751
-0.2578 -0.001533
-0.2455 -0.001345
-0.2318 -0.001184
-0.2160 -0.001046
-0.1976 -0.000930
-0.1755 -0.000834
-0.1477 -0.000756
-0.1111 -0.000697
-0.0602 -0.000658
0.0164 -0.000645
0.1171 -0.077669
0.1974 -0.087694
0.2482 -0.094024
0.2713 -0.096863
0.2740 -0.097151
0.2638 -0.095822
0.2464 -0.093592
0.2255 -0.090935
0.2034 -0.088130
0.1812 -0.085314
0.1592 -0.082536
0.1373 -0.079788
0.1153 -0.077020
0.0924 -0.074145
0.0675 -0.071016
0.0385 -0.067386
0.0019 -0.062815
-0.0480 -0.056590
-0.1153 -0.041879
-0.1918 -0.028034
-0.2625 -0.018043
-0.3198 -0.011434
-0.3635 -0.007234
-0.3958 -0.004610
-0.4193 -0.002983
-0.4362 -0.009960
-0.4488 -0.007739
-0.4567 -0.006344
-0.4613 -0.005539
-0.4631 -0.005162
-0.4629 -0.005099
-0.4611 -0.005259
-0.4583 -0.005570
-0.4548 -0.005979
-0.4507 -0.006451
-0.4464 -0.006966
-0.4418 -0.007517
-0.4369 -0.008104
-0.4317 -0.008735
-0.4260 -0.009421
-0.4198 -0.010176
-0.4130 -0.011018
-0.4053 -0.011961
-0.3967 -0.013024
-0.3870 -0.013723
-0.3758 -0.012471
-0.3630 -0.011377
-0.3487 -0.010391
-0.3331 -0.009476
-0.3168 -0.008601
-0.3013 -0.032534
-0.2925 -0.058513
-0.2877 -0.058706
-0.2849 -0.058506
-0.2853 -0.057594
-0.2893 -0.055856
-0.2964 -0.053447
-0.3055 -0.050655
-0.3153 -0.047757
-0.3252 -0.044960
-0.3344 -0.042391
-0.3426 -0.040113
-0.3499 -0.038146
-0.3560 -0.036484
-0.3611 -0.035106
-0.3653 -0.033988
-0.3686 -0.033101
-0.3711 -0.032422
-0.3729 -0.030572
-0.3736 -0.027981
-0.3735 -0.025992
-0.3725 -0.022144
-0.3705 -0.018783
-0.3677 -0.016024
-0.3643 -0.013730
-0.3603 -0.011803
-0.3558 -0.010172
-0.3509 -0.008784
-0.3455 -0.007598
-0.3398 -0.006581
-0.3336 -0.005707
-0.3271 -0.004953
-0.3202 -0.004301
-0.3130 -0.003737
-0.3053 -0.003248
-0.2973 -0.002824
-0.2889 -0.002456
-0.2800 -0.002138
-0.2704 -0.001863
-0.2601 -0.001626
-0.2488 -0.001422
-0.2362 -0.001246
-0.2220 -0.001097
-0.2055 -0.000970
-0.1860 -0.000864
-0.1622 -0.000776
-0.1322 -0.000706
-0.0929 -0.000652
-0.0374 -0.000619
0.0454 -0.000609
0.1468 -0.000603
0.2169 -0.090102
0.2557 -0.094918
0.2705 -0.096724
0.2686 -0.096434
0.2563 -0.094845
0.2383 -0.092545
0.2176 -0.089915
0.1959 -0.087173
0.1742 -0.084427
0.1526 -0.081708
0.1311 -0.078998
0.1092 -0.076243
0.0861 -0.073343
0.0605 -0.070137
0.0301 -0.066339
-0.0091 -0.061450
-0.0631 -0.054713
-0.1346 -0.044322
-0.2118 -0.029205
-0.2798 -0.018640
-0.3335 -0.011775
-0.3738 -0.007453
-0.4033 -0.004767
-0.4245 -0.003108
-0.4393 -0.002087
-0.4491 -0.001459
-0.4552 -0.001074
-0.4582 -0.000836
-0.4588 -0.000688
-0.4574 -0.000593
-0.4544 -0.000531
-0.4499 -0.000487
-0.4441 -0.000453
-0.4371 -0.000426
-0.4289 -0.000402
-0.4195 -0.000380
-0.4090 -0.000359
-0.3973 -0.000338
-0.3843 -0.000318
-0.3699 -0.000299
-0.3541 -0.000280
-0.3369 -0.000261
-0.3184 -0.000243
-0.2987 -0.000225
-0.2810 -0.054928
-0.2707 -0.057467
-0.2613 -0.059821
-0.2550 -0.061384
-0.2541 -0.061588
-0.2592 -0.060314
-0.2691 -0.057834
-0.2820 -0.054586
-0.2963 -0.050997
-0.3107 -0.047402
-0.3241 -0.044024
-0.3362 -0.040988
-0.3468 -0.038346
-0.3557 -0.036107
-0.3631 -0.034251
-0.3691 -0.032746
-0.3738 -0.031557
-0.3775 -0.030646
-0.3800 -0.028301
-0.3813 -0.025223
-0.3812 -0.021075
-0.3800 -0.017786
-0.3777 -0.015127
-0.3748 -0.012941
-0.3711 -0.011122
-0.3669 -0.009590
-0.3622 -0.008291
-0.3571 -0.007182
-0.3516 -0.006230
-0.3456 -0.005411
-0.3393 -0.004703
-0.3327 -0.004090
-0.3258 -0.003557
-0.3185 -0.003094
-0.3110 -0.002691
-0.3032 -0.002341
-0.2950 -0.002036
-0.2863 -0.001772
-0.2772 -0.001543
-0.2674 -0.001346
-0.2567 -0.001176
-0.2448 -0.001029
-0.2315 -0.000904
-0.2163 -0.000798
-0.1985 -0.000708
-0.1771 -0.000633
-0.1502 -0.000573
-0.1151 -0.000527
-0.0664 -0.000495
0.0063 -0.000483
0.1077 -0.000484
0.1920 -0.086869
0.2450 -0.093486
0.2699 -0.096577
0.2740 -0.097059
0.2648 -0.095865
0.2480 -0.093723
0.2274 -0.091120
0.2055 -0.088346
0.1833 -0.085550
0.1614 -0.082788
0.1397 -0.080056
0.1178 -0.077310
0.0952 -0.074469
0.0706 -0.071395
0.0423 -0.067861
0.0071 -0.063460
-0.0405 -0.057519
-0.1057 -0.046621
-0.1821 -0.031415
-0.2541 -0.020294
-0.3131 -0.012887
-0.3582 -0.008166
-0.3916 -0.005212
-0.4158 -0.003378
-0.4330 -0.002244
-0.4448 -0.001543
-0.4525 -0.001110
-0.4568 -0.000842
-0.4585 -0.000675
-0.4582 -0.000568
-0.4560 -0.000499
-0.4524 -0.000451
-0.4474 -0.000416
-0.4412 -0.000388
-0.4339 -0.000364
-0.4254 -0.000343
-0.4159 -0.000323
-0.4051 -0.000305
-0.3932 -0.000286
-0.3799 -0.000269
-0.3653 -0.000252
-0.3491 -0.000236
-0.3312 -0.000220
-0.3114 -0.000205
-0.2896 -0.000191
-0.2688 -0.029053
-0.2534 -0.061773
-0.2382 -0.065542
-0.2268 -0.068392
-0.2230 -0.069361
-0.2275 -0.068232
-0.2389 -0.065383
-0.2547 -0.061428
-0.2725 -0.056968
-0.2904 -0.052471
-0.3073 -0.048238
-0.3225 -0.044431
-0.3357 -0.041116
-0.3469 -0.038300
-0.3563 -0.035957
-0.3639 -0.034047
-0.3700 -0.032522
-0.3747 -0.031337
-0.3782 -0.029029
-0.3802 -0.025024
-0.3806 -0.020825
-0.3797 -0.017518
-0.3778 -0.014861
-0.3750 -0.012689
-0.3716 -0.010890
-0.3675 -0.009381
-0.3629 -0.008106
-0.3578 -0.007021
-0.3523 -0.006092
-0.3464 -0.005292
-0.3400 -0.004602
-0.3333 -0.004004
-0.3263 -0.003484
-0.3190 -0.003032
-0.3114 -0.002638
-0.3036 -0.002296
-0.2953 -0.001997
-0.2867 -0.001738
-0.2776 -0.001514
-0.2679 -0.001319
-0.2574 -0.001152
-0.2458 -0.001008
-0.2329 -0.000884
-0.2182 -0.000779
-0.2011 -0.000690
-0.1807 -0.000616
-0.1554 -0.000555
-0.1224 -0.000508
-0.0768 -0.000475
-0.0087 -0.000460
0.0899 -0.000462
0.1816 -0.085547
0.2400 -0.092851
0.2691 -0.096469
0.2759 -0.097280
0.2680 -0.096257
0.2517 -0.094180
0.2312 -0.091586
0.2091 -0.088794
0.1867 -0.085972
0.1646 -0.083186
0.1427 -0.080438
0.1208 -0.077688
0.0983 -0.074858
0.0740 -0.071819
0.0463 -0.068356
0.0122 -0.064092
-0.0336 -0.058382
-0.0966 -0.047863
-0.1724 -0.032488
-0.2457 -0.021069
-0.3064 -0.013395
-0.3535 -0.026839
-0.3909 -0.018945
-0.4175 -0.013666
-0.4360 -0.010178
-0.4483 -0.007920
-0.4562 -0.006511
-0.4607 -0.005691
-0.4627 -0.005278
-0.4629 -0.005146
-0.4618 -0.005212
-0.4597 -0.005424
-0.4567 -0.005747
-0.4531 -0.006164
-0.4489 -0.006664
-0.4440 -0.007246
-0.4385 -0.007912
-0.4323 -0.008668
-0.4254 -0.009522
-0.4175 -0.010484
-0.4087 -0.011566
-0.3988 -0.010853
-0.3872 -0.009998
-0.3740 -0.009232
-0.3592 -0.008534
-0.3427 -0.007883
-0.3247 -0.007264
-0.3056 -0.006662
-0.2861 -0.006062
-0.2724 -0.033769
-0.2608 -0.034532
-0.2572 -0.064597
-0.2599 -0.063235
-0.2670 -0.060835
-0.2773 -0.057714
-0.2895 -0.054245
-0.3021 -0.050738
-0.3143 -0.047404
-0.3256 -0.044368
-0.3357 -0.041683
-0.3444 -0.039364
-0.3519 -0.037397
-0.3581 -0.035758
-0.3633 -0.034419
-0.3674 -0.033349
-0.3705 -0.032519
-0.3729 -0.031899
-0.3745 -0.031463
-0.3755 -0.029965
-0.3755 -0.026850
-0.3743 -0.022635
-0.3721 -0.019241
-0.3689 -0.016458
-0.3651 -0.014144
-0.3607 -0.012200
-0.3557 -0.010553
-0.3502 -0.009147
-0.3443 -0.007941
-0.3380 -0.006901
-0.3313 -0.006003
-0.3242 -0.005223
-0.3167 -0.004547
-0.3089 -0.003958
-0.3008 -0.003447
-0.2922 -0.003002
-0.2831 -0.002617
-0.2734 -0.002283
-0.2629 -0.001995
-0.2514 -0.001747
-0.2386 -0.001534
-0.2240 -0.001353
-0.2072 -0.001198
-0.1872 -0.001069
-0.1625 -0.000963
-0.1307 -0.000880
-0.0866 -0.000822
-0.0208 -0.000796
0.0773 -0.000800
0.1714 -0.084607
0.2365 -0.092710
0.2703 -0.096888
0.2799 -0.098011
0.2734 -0.097122
0.2575 -0.095073
0.2371 -0.092451
0.2148 -0.089611
0.1922 -0.086738
0.1698 -0.083910
0.1479 -0.081134
0.1260 -0.078377
0.1037 -0.075567
0.0799 -0.072589
0.0533 -0.069254
0.0212 -0.065233
-0.0211 -0.059956
-0.0795 -0.049546
-0.1526 -0.034202
-0.2274 -0.022426
-0.2914 -0.014334
-0.3413 -0.009104
-0.3787 -0.005810
-0.4061 -0.003758
-0.4256 -0.002486
-0.4391 -0.001699
-0.4480 -0.001211
-0.4532 -0.000909
-0.4556 -0.000720
-0.4557 -0.000600
-0.4538 -0.000522
-0.4504 -0.000468
-0.4455 -0.000429
-0.4393 -0.000399
-0.4322 -0.008843
-0.4252 -0.009690
-0.4169 -0.010697
-0.4074 -0.011860
-0.3967 -0.013172
-0.3852 -0.014590
-0.3737 -0.016004
-0.3633 -0.017291
-0.3545 -0.018364
-0.3477 -0.019189
-0.3428 -0.019782
-0.3436 -0.058801
-0.3480 -0.057101
-0.3523 -0.055482
-0.3566 -0.053858
-0.3612 -0.052117
-0.3662 -0.050248
-0.3713 -0.048326
-0.3762 -0.045663
-0.3804 -0.041656
-0.3837 -0.038522
-0.3862 -0.036093
-0.3880 -0.034231
-0.3891 -0.032828
-0.3896 -0.031795
-0.3896 -0.031064
-0.3892 -0.030581
-0.3884 -0.030303
-0.3871 -0.029018
-0.3853 -0.026979
-0.3829 -0.025408
-0.3799 -0.022825
-0.3762 -0.019642
-0.3718 -0.016976
-0.3669 -0.014714
-0.3615 -0.012778
-0.3557 -0.011112
-0.3495 -0.009671
-0.3430 -0.008423
-0.3361 -0.007341
-0.3287 -0.006401
-0.3210 -0.005585
-0.3127 -0.004878
-0.3038 -0.004264
-0.2943 -0.003733
-0.2839 -0.003273
-0.2726 -0.002875
-0.2601 -0.002532
-0.2462 -0.002236
-0.2305 -0.001982
-0.2124 -0.001765
-0.1911 -0.001583
-0.1652 -0.001432
-0.1318 -0.001314
-0.0852 -0.001236
-0.0123 -0.001212
0.0939 -0.075335
0.1969 -0.088205
0.2675 -0.096980
0.3009 -0.101060
0.3059 -0.101552
0.2930 -0.099818
0.2710 -0.096945
0.2453 -0.093632
0.2190 -0.090260
0.1934 -0.086996
0.1690 -0.083884
0.1455 -0.080897
0.1223 -0.077969
0.0988 -0.075001
0.0737 -0.071845
0.0452 -0.068267
0.0100 -0.063863
-0.0372 -0.055417
-0.1005 -0.039968
-0.1757 -0.027111
-0.2482 -0.017589
-0.3082 -0.011191
-0.3544 -0.007095
-0.3888 -0.004526
-0.4138 -0.002928
-0.4316 -0.001940
-0.4439 -0.001328
-0.4519 -0.000951
-0.4566 -0.000716
-0.4586 -0.000570
-0.4585 -0.000477
-0.4567 -0.000415
-0.4534 -0.000373
-0.4489 -0.000342
-0.4432 -0.000318
-0.4364 -0.000297
-0.4286 -0.000278
-0.4198 -0.000261
-0.4100 -0.000245
-0.3991 -0.000229
-0.3872 -0.000214
-0.3740 -0.000199
-0.3595 -0.000186
-0.3436 -0.000173
-0.3261 -0.000160
-0.3068 -0.000149
-0.2854 -0.000138
-0.2615 -0.000128
-0.2414 -0.064714
-0.2250 -0.068820
-0.2100 -0.072552
-0.2019 -0.074595
-0.2028 -0.074371
-0.2120 -0.072073
-0.2272 -0.068277
-0.2458 -0.063633
-0.2655 -0.058708
-0.2846 -0.053904
-0.3024 -0.049466
-0.3181 -0.045515
-0.3318 -0.042094
-0.3434 -0.039195
-0.3530 -0.036787
-0.3608 -0.034824
-0.3670 -0.033256
-0.3719 -0.031976
-0.3753 -0.028558
-0.3772 -0.024319
-0.3776 -0.020250
-0.3767 -0.017033
-0.3748 -0.014442
-0.3721 -0.012320
-0.3687 -0.010560
-0.3648 -0.009085
-0.3603 -0.007838
-0.3553 -0.006778
-0.3499 -0.005873
-0.3440 -0.005096
-0.3377 -0.004428
-0.3310 -0.003850
-0.3239 -0.003351
-0.3165 -0.002917
-0.3087 -0.002540
-0.3005 -0.002211
-0.2920 -0.001925
-0.2831 -0.001677
-0.2738 -0.001461
-0.2638 -0.001273
-0.2531 -0.001112
-0.2414 -0.000972
-0.2284 -0.000853
-0.2136 -0.000751
-0.1964 -0.000665
-0.1758 -0.000593
-0.1501 -0.000534
-0.1162 -0.000489
-0.0692 -0.000459
0.0014 -0.000446
0.0982 -0.075101
0.1817 -0.085540
0.2378 -0.092552
0.2655 -0.095999
0.2718 -0.096752
0.2640 -0.095750
0.2482 -0.093736
0.2283 -0.091217
0.2068 -0.088498
0.1849 -0.085739
0.1632 -0.083004
0.1416 -0.080298
0.1200 -0.077582
0.0977 -0.074781
0.0736 -0.071769
0.0462 -0.068335
0.0123 -0.064108
-0.0330 -0.058458
-0.0951 -0.045764
-0.1697 -0.031194
-0.2425 -0.020320
-0.3030 -0.012980
-0.3497 -0.008271
-0.3843 -0.005315
-0.4094 -0.003475
-0.4271 -0.002334
-0.4392 -0.001627
-0.4468 -0.001187
-0.4511 -0.000911
-0.4528 -0.000734
-0.4526 -0.000616
-0.4508 -0.000533
-0.4478 -0.000472
-0.4439 -0.000424
-0.4392 -0.000384
-0.4337 -0.000349
-0.4277 -0.000318
-0.4210 -0.000290
-0.4137 -0.000265
-0.4057 -0.000242
-0.3970 -0.000221
-0.3874 -0.000201
-0.3769 -0.000184
-0.3653 -0.000168
-0.3525 -0.000154
-0.3383 -0.000141
-0.3225 -0.000129
-0.3050 -0.000118
-0.2857 -0.000109
-0.2693 -0.028918
-0.2533 -0.030910
-0.2393 -0.032649
-0.2303 -0.033777
-0.2274 -0.034135
-0.2303 -0.033767
-0.2378 -0.032828
-0.2483 -0.031507
-0.2605 -0.029980
-0.2732 -0.028388
-0.2856 -0.026828
-0.2973 -0.025363
-0.3079 -0.024030
-0.3174 -0.022845
-0.3256 -0.021815
-0.3326 -0.020938
-0.3384 -0.020207
-0.3432 -0.019614
-0.3469 -0.019148
-0.3495 -0.017130
-0.3509 -0.014179
-0.3510 -0.011832
-0.3501 -0.009941
-0.3483 -0.008401
-0.3457 -0.007135
-0.3424 -0.006084
-0.3385 -0.005206
-0.3341 -0.004467
-0.3292 -0.003841
-0.3238 -0.003309
-0.3181 -0.002854
-0.3119 -0.002464
-0.3054 -0.002129
-0.2985 -0.001841
-0.2911 -0.001594
-0.2832 -0.001381
-0.2747 -0.001199
-0.2653 -0.001043
-0.2550 -0.000909
-0.2434 -0.000795
-0.2302 -0.000698
-0.2149 -0.000616
-0.1969 -0.000547
-0.1750 -0.000490
-0.1473 -0.000444
-0.1100 -0.000410
-0.0555 -0.000390
0.0128 -0.128409
0.0905 -0.147781
0.1633 -0.166012
0.2111 -0.178002
0.2328 -0.183427
0.2350 -0.183978
0.2250 -0.181468
0.2083 -0.177265
0.1883 -0.172236
0.1668 -0.166851
0.1447 -0.161313
0.1221 -0.155645
0.0985 -0.149731
0.0728 -0.143318
0.0433 -0.135934
0.0070 -0.118970
-0.0399 -0.099694
-0.1026 -0.080143
-0.1767 -0.057006
-0.2530 -0.067358
-0.3144 -0.046105
-0.3602 -0.031897
-0.3932 -0.022540
-0.4167 -0.016409
-0.4329 -0.012413
-0.4439 -0.009832
-0.4509 -0.008198
-0.4549 -0.007208
-0.4568 -0.006663
-0.4569 -0.006435
-0.4556 -0.006440
-0.4533 -0.006623
-0.4500 -0.006950
-0.4458 -0.007401
-0.4409 -0.007964
-0.4352 -0.008632
-0.4286 -0.009403
-0.4213 -0.010281
-0.4130 -0.010198
-0.4035 -0.009356
-0.3927 -0.008606
-0.3805 -0.007927
-0.3669 -0.007306
-0.3517 -0.006734
-0.3348 -0.006202
-0.3164 -0.005705
-0.2963 -0.005235
-0.2747 -0.004788
-0.2554 -0.034856
-0.2385 -0.036467
-0.2232 -0.037921
