0.4739 0.4237
0.4689 0.4468
0.4865 0.5771
0.5493 1.1118
0.6726 4.1086
0.7988 10.4966
0.8752 18.0548
0.9120 28.4997
0.9269 38.0971
0.9319 46.1518
0.9331 52.7387
0.9334 57.7867
0.9335 60.9206
0.9336 61.6711
0.9336 59.9342
0.9334 56.0408
0.9330 50.6700
0.9322 44.7695
0.9311 39.0911
0.9297 33.9750
0.9281 29.4894
0.9261 25.5932
0.9239 22.2171
0.9213 19.2927
0.9184 16.7591
0.9150 14.5633
0.9112 12.6599
0.9068 11.0095
0.9019 9.5782
0.8963 8.3369
0.8900 7.2601
0.8828 6.3258
0.8748 5.5151
0.8658 4.8116
0.8557 4.2008
0.8446 3.6706
0.8322 3.2102
0.8185 2.8104
0.8036 2.4631
0.7873 2.1614
0.7697 1.8994
0.7508 1.6717
0.7308 1.4739
0.7097 1.3020
0.6877 1.1526
0.6650 1.0228
0.6419 0.9100
0.6185 0.8120
0.5952 0.7268
0.5723 0.6528
0.5501 0.5886
0.5287 0.5330
0.5085 0.4856
0.4900 0.4470
0.4746 0.4223
0.4666 0.4331
0.4910 0.6715
0.5786 1.4522
0.6949 3.7131
0.8061 10.7234
0.8785 21.4703
0.9140 31.3655
0.9280 39.6698
0.9323 46.9347
0.9333 53.1670
0.9335 58.0512
0.9335 61.0784
0.9336 61.5918
0.9336 59.2709
0.9333 54.7270
0.9328 49.1816
0.9320 43.5826
0.9309 38.3371
0.9295 33.5644
0.9279 29.2930
0.9260 25.5161
0.9238 22.2038
0.9213 19.3133
0.9184 16.7977
0.9151 14.6112
0.9113 12.7120
0.9070 11.0628
0.9021 9.6309
0.8965 8.3877
0.8903 7.3083
0.8832 6.3710
0.8752 5.5569
0.8663 4.8499
0.8564 4.2357
0.8453 3.7022
0.8330 3.2386
0.8194 2.8358
0.8046 2.4858
0.7885 2.1816
0.7710 1.9173
0.7523 1.6875
0.7323 1.4879
0.7113 1.3143
0.6894 1.1634
0.6668 1.0323
0.6437 0.9184
0.6204 0.8193
0.5971 0.7332
0.5741 0.6584
0.5518 0.5934
0.5304 0.5372
0.5101 0.4892
0.4915 0.4505
0.4764 0.4283
0.4708 0.4496
0.4873 0.5743
0.5476 1.0808
0.6685 3.9354
0.7956 10.2775
0.8733 17.6157
0.9111 27.9643
0.9265 37.6320
0.9317 45.7590
0.9331 52.4107
0.9334 57.5296
0.9335 60.7558
0.9336 61.6219
0.9336 60.0130
0.9334 56.2424
0.9330 50.9531
0.9322 45.0756
0.9312 39.3827
0.9298 34.2385
0.9282 29.7234
0.9262 25.7999
0.9240 22.3996
0.9215 19.4537
0.9185 16.9010
0.9152 14.6884
0.9114 12.7700
0.9071 11.1064
0.9022 9.6635
0.8967 8.4119
0.8904 7.3261
0.8833 6.3839
0.8754 5.5662
0.8664 4.8565
0.8565 4.2403
0.8454 3.7054
0.8331 3.2408
0.8195 2.8373
0.8047 2.4868
0.7885 2.1822
0.7710 1.9177
0.7523 1.6878
0.7324 1.4880
0.7114 1.3144
0.6894 1.1636
0.6668 1.0325
0.6437 0.9185
0.6204 0.8195
0.5971 0.7334
0.5742 0.6586
0.5519 0.5937
0.5305 0.5376
0.5102 0.4897
0.4917 0.4510
0.4764 0.4268
0.4688 0.4396
0.4942 0.6864
0.5822 1.4810
0.6976 3.7486
0.8075 10.7675
0.8789 21.5244
0.9141 31.4115
0.9279 39.7003
0.9323 46.9492
0.9333 53.1682
0.9334 58.0405
0.9335 61.0575
0.9336 61.5650
0.9336 59.2423
0.9333 54.6997
0.9328 49.1581
0.9320 43.5652
0.9308 38.3263
0.9295 33.5591
0.9279 29.2917
0.9260 25.5175
0.9238 22.2070
0.9213 19.3179
0.9184 16.8033
0.9151 14.6175
0.9113 12.7188
0.9070 11.0699
0.9021 9.6382
0.8966 8.3950
0.8903 7.3155
0.8833 6.3780
0.8753 5.5638
0.8664 4.8565
0.8565 4.2420
0.8454 3.7082
0.8331 3.2442
0.8196 2.8411
0.8048 2.4907
0.7887 2.1862
0.7713 1.9215
0.7526 1.6915
0.7327 1.4915
0.7117 1.3176
0.6899 1.1665
0.6673 1.0351
0.6442 0.9209
0.6209 0.8216
0.5977 0.7353
0.5747 0.6603
0.5524 0.5951
0.5309 0.5388
0.5107 0.4907
0.4922 0.4522
0.4773 0.4320
0.4729 0.4590
0.4921 0.5994
0.5564 1.1684
0.6807 4.4058
0.8041 10.8160
0.8777 18.2549
0.9129 28.6172
0.9271 38.1833
0.9318 46.2084
0.9330 52.7569
0.9333 57.7534
0.9335 60.8225
0.9336 61.5155
0.9336 59.7636
0.9334 55.9005
0.9329 50.5738
0.9322 44.7072
0.9311 39.0511
0.9297 33.9507
0.9280 29.4776
0.9261 25.5912
0.9239 22.2227
0.9213 19.3038
0.9184 16.7739
0.9150 14.5806
0.9112 12.6786
0.9069 11.0289
0.9020 9.5977
0.8964 8.3561
0.8901 7.2787
0.8830 6.3437
0.8750 5.5321
0.8660 4.8276
0.8560 4.2158
0.8449 3.6846
0.8325 3.2232
0.8189 2.8224
0.8041 2.4741
0.7879 2.1716
0.7703 1.9086
0.7516 1.6802
0.7316 1.4816
0.7106 1.3090
0.6887 1.1590
0.6661 1.0286
0.6430 0.9152
0.6197 0.8167
0.5964 0.7310
0.5735 0.6566
0.5513 0.5920
0.5299 0.5362
0.5097 0.4887
0.4914 0.4508
0.4765 0.4287
0.4706 0.4531
0.5034 0.7546
0.5970 1.6407
0.7128 4.3095
0.8185 11.8832
0.8847 22.7699
0.9165 32.4435
0.9287 40.5817
0.9325 47.7123
0.9333 53.7902
0.9334 58.4767
0.9335 61.2408
0.9336 61.4326
0.9336 58.8139
0.9333 54.0984
0.9327 48.5176
0.9318 42.9561
0.9307 37.7712
0.9293 33.0628
0.9277 28.8535
0.9258 25.1340
0.9235 21.8734
0.9210 19.0288
0.9180 16.5532
0.9147 14.4015
0.9109 12.5323
0.9065 10.9089
0.9016 9.4993
0.8960 8.2752
0.8896 7.2122
0.8825 6.2889
0.8744 5.4869
0.8654 4.7902
0.8554 4.1849
0.8442 3.6589
0.8318 3.2018
0.8182 2.8045
0.8033 2.4592
0.7871 2.1590
0.7695 1.8981
0.7507 1.6713
0.7308 1.4741
0.7097 1.3026
0.6878 1.1536
0.6652 1.0240
0.6421 0.9113
0.6188 0.8134
0.5956 0.7282
0.5727 0.6542
0.5505 0.5900
0.5292 0.5345
0.5091 0.4876
0.4910 0.4511
0.4774 0.4370
0.4763 0.4784
0.5018 0.6596
0.5765 1.4251
0.7075 5.5474
0.8220 12.0385
0.8866 19.9534
0.9166 30.3540
0.9283 39.6553
0.9321 47.4167
0.9331 53.7014
0.9333 58.3852
0.9335 61.0545
0.9336 61.3083
0.9336 59.1730
0.9333 55.0285
0.9328 49.5668
0.9320 43.7087
0.9309 38.1403
0.9294 33.1508
0.9277 28.7852
0.9257 24.9946
0.9235 21.7091
0.9208 18.8615
0.9179 16.3929
0.9144 14.2522
0.9106 12.3955
0.9061 10.7847
0.9011 9.3871
0.8954 8.1744
0.8890 7.1220
0.8818 6.2085
0.8736 5.4155
0.8645 4.7270
0.8544 4.1291
0.8430 3.6097
0.8305 3.1586
0.8168 2.7667
0.8017 2.4261
0.7853 2.1301
0.7676 1.8729
0.7487 1.6493
0.7286 1.4550
0.7075 1.2861
0.6855 1.1392
0.6628 1.0115
0.6397 0.9006
0.6164 0.8041
0.5932 0.7202
0.5704 0.6473
0.5483 0.5841
0.5271 0.5296
0.5073 0.4838
0.4895 0.4488
0.4762 0.4331
0.4754 0.4921
0.5236 0.9112
0.6254 1.9881
0.7406 5.5882
0.8374 14.1857
0.8943 25.0773
0.9203 34.3481
0.9300 42.2180
0.9327 49.1203
0.9333 54.9161
0.9334 59.2256
0.9335 61.4758
0.9336 61.0459
0.9335 57.8804
0.9332 52.8781
0.9325 47.2549
0.9316 41.7682
0.9304 36.6922
0.9290 32.0991
0.9273 28.0030
0.9253 24.3898
0.9230 21.2259
0.9204 18.4672
0.9174 16.0670
0.9139 13.9809
0.9100 12.1687
0.9055 10.5947
0.9004 9.2278
0.8947 8.0407
0.8882 7.0096
0.8809 6.1139
0.8727 5.3358
0.8635 4.6597
0.8532 4.0722
0.8418 3.5615
0.8292 3.1177
0.8153 2.7319
0.8002 2.3965
0.7837 2.1049
0.7659 1.8513
0.7469 1.6309
0.7268 1.4392
0.7056 1.2725
0.6835 1.1276
0.6608 1.0016
0.6377 0.8920
0.6144 0.7967
0.5913 0.7138
0.5686 0.6418
0.5466 0.5794
0.5255 0.5257
0.5058 0.4810
0.4886 0.4489
0.4777 0.4474
0.4829 0.5178
0.5202 0.7883
0.6123 2.0928
0.7467 7.4286
0.8458 13.9496
0.8979 22.7285
0.9211 32.9815
0.9298 41.8636
0.9325 49.2155
0.9331 55.0768
0.9334 59.2420
0.9335 61.2605
0.9336 60.8395
0.9335 58.1365
0.9332 53.5918
0.9326 47.9660
0.9317 42.1536
0.9305 36.7352
0.9290 31.9211
0.9272 27.7214
0.9252 24.0774
0.9228 20.9187
0.9201 18.1803
0.9170 15.8055
0.9135 13.7456
0.9095 11.9583
0.9049 10.4074
0.8997 9.0614
0.8939 7.8932
0.8873 6.8792
0.8798 5.9988
0.8714 5.2344
0.8621 4.5705
0.8516 3.9939
0.8401 3.4929
0.8273 3.0576
0.8132 2.6794
0.7978 2.3506
0.7812 2.0649
0.7632 1.8165
0.7440 1.6006
0.7237 1.4128
0.7023 1.2496
0.6802 1.1077
0.6574 0.9843
0.6342 0.8770
0.6110 0.7837
0.5879 0.7026
0.5653 0.6321
0.5434 0.5711
0.5226 0.5189
0.5032 0.4758
0.4866 0.4459
0.4760 0.4423
0.4862 0.5826
0.5559 1.1912
0.6646 2.6381
0.7766 7.7853
0.8600 17.6655
0.9051 28.1880
0.9245 36.9308
0.9312 44.4612
0.9330 51.0320
0.9333 56.4013
0.9335 60.1317
0.9336 61.6010
0.9336 60.2832
0.9335 56.4198
0.9330 51.1134
0.9323 45.4892
0.9313 40.1263
0.9300 35.2065
0.9285 30.7748
0.9267 26.8357
0.9246 23.3689
0.9222 20.3373
0.9195 17.6958
0.9163 15.3982
0.9128 13.4015
0.9087 11.6669
0.9040 10.1602
0.8988 8.8516
0.8928 7.7149
0.8861 6.7275
0.8785 5.8696
0.8700 5.1242
0.8605 4.4764
0.8499 3.9134
0.8382 3.4240
0.8252 2.9985
0.8110 2.6286
0.7955 2.3070
0.7786 2.0273
0.7605 1.7841
0.7412 1.5726
0.7207 1.3887
0.6993 1.2288
0.6770 1.0897
0.6542 0.9687
0.6311 0.8635
0.6078 0.7720
0.5848 0.6924
0.5623 0.6234
0.5405 0.5636
0.5199 0.5127
0.5009 0.4718
0.4855 0.4485
0.4796 0.4697
0.4953 0.5923
0.5507 1.0528
0.6653 3.6976
0.7916 9.9464
0.8706 16.7092
0.9092 26.5418
0.9254 36.3719
0.9311 44.6852
0.9327 51.4877
0.9332 56.7533
0.9334 60.1669
0.9335 61.2856
0.9336 59.9978
0.9334 56.5877
0.9330 51.5794
0.9323 45.8163
0.9313 40.1147
0.9300 34.9125
0.9284 30.3306
0.9265 26.3445
0.9243 22.8876
0.9219 19.8907
0.9190 17.2917
0.9158 15.0371
0.9121 13.0809
0.9079 11.3832
0.9031 9.9097
0.8977 8.6307
0.8916 7.5203
0.8847 6.5563
0.8770 5.7192
0.8683 4.9922
0.8586 4.3607
0.8478 3.8121
0.8358 3.3353
0.8225 2.9211
0.8080 2.5610
0.7922 2.2480
0.7751 1.9759
0.7567 1.7393
0.7372 1.5336
0.7165 1.3548
0.6949 1.1992
0.6725 1.0640
0.6496 0.9464
0.6264 0.8441
0.6032 0.7551
0.5803 0.6779
0.5579 0.6108
0.5363 0.5529
0.5160 0.5040
0.4976 0.4655
0.4830 0.4446
0.4779 0.4725
0.5108 0.7803
0.6027 1.6733
0.7145 4.0958
0.8171 11.3673
0.8831 22.2317
0.9154 32.0003
0.9282 40.1552
0.9322 47.2838
0.9332 53.3897
0.9334 58.1393
0.9335 61.0169
0.9336 61.3765
0.9336 58.9271
0.9333 54.3176
0.9327 48.7777
0.9319 43.2278
0.9308 38.0441
0.9294 33.3282
0.9278 29.1035
0.9259 25.3640
0.9237 22.0822
0.9212 19.2170
0.9183 16.7225
0.9149 14.5534
0.9112 12.6687
0.9069 11.0313
0.9020 9.6091
0.8964 8.3736
0.8902 7.3004
0.8831 6.3680
0.8752 5.5578
0.8663 4.8536
0.8564 4.2417
0.8454 3.7097
0.8332 3.2472
0.8197 2.8451
0.8050 2.4954
0.7889 2.1914
0.7716 1.9269
0.7530 1.6970
0.7332 1.4970
0.7124 1.3230
0.6906 1.1717
0.6681 1.0401
0.6452 0.9257
0.6219 0.8261
0.5988 0.7396
0.5759 0.6643
0.5537 0.5991
0.5324 0.5430
0.5124 0.4961
0.4947 0.4616
0.4827 0.4554
0.4856 0.5163
0.5178 0.7447
0.5999 1.7622
0.7316 6.5999
0.8363 13.0547
0.8930 21.0038
0.9189 31.2918
0.9289 40.4310
0.9321 48.0238
0.9330 54.1156
0.9333 58.5545
0.9335 60.9211
0.9336 60.8893
0.9335 58.5740
0.9333 54.3600
0.9327 48.9081
0.9319 43.1066
0.9307 37.6134
0.9293 32.7009
0.9276 28.4063
0.9255 24.6777
0.9232 21.4449
0.9206 18.6415
0.9176 16.2097
0.9141 14.0997
0.9102 12.2684
0.9058 10.6790
0.9007 9.2992
0.8950 8.1013
0.8886 7.0613
0.8813 6.1582
0.8731 5.3738
0.8640 4.6925
0.8538 4.1007
0.8424 3.5864
0.8299 3.1395
0.8161 2.7510
0.8010 2.4133
0.7846 2.1198
0.7669 1.8645
0.7480 1.6426
0.7279 1.4496
0.7068 1.2818
0.6848 1.1358
0.6622 1.0089
0.6391 0.8985
0.6159 0.8025
0.5928 0.7191
0.5701 0.6466
0.5481 0.5839
0.5271 0.5302
0.5076 0.4862
0.4910 0.4560
0.4804 0.4525
0.4897 0.5850
0.5565 1.1780
0.6631 2.5453
0.7728 7.2815
0.8568 16.9209
0.9033 27.5585
0.9236 36.3974
0.9308 43.9687
0.9329 50.5882
0.9333 56.0355
0.9334 59.8869
0.9336 61.5356
0.9336 60.4279
0.9335 56.7252
0.9331 51.4873
0.9323 45.8691
0.9313 40.4896
0.9301 35.5458
0.9286 31.0855
0.9268 27.1153
0.9248 23.6176
0.9224 20.5571
0.9197 17.8894
0.9166 15.5685
0.9131 13.5513
0.9090 11.7986
0.9044 10.2761
0.8992 8.9535
0.8933 7.8046
0.8867 6.8064
0.8792 5.9390
0.8708 5.1853
0.8614 4.5302
0.8509 3.9607
0.8393 3.4656
0.8265 3.0352
0.8124 2.6608
0.7970 2.3353
0.7803 2.0523
0.7623 1.8061
0.7431 1.5919
0.7228 1.4057
0.7014 1.2437
0.6793 1.1027
0.6565 0.9802
0.6334 0.8736
0.6102 0.7809
0.5872 0.7003
0.5646 0.6303
0.5428 0.5699
0.5221 0.5186
0.5033 0.4780
0.4883 0.4569
0.4837 0.4846
0.5019 0.6218
0.5602 1.1298
0.6771 4.1071
0.7998 10.4239
0.8746 17.1566
0.9108 26.9695
0.9259 36.7286
0.9311 44.9690
0.9327 51.6922
0.9331 56.8606
0.9334 60.1506
0.9335 61.1390
0.9336 59.7598
0.9334 56.3121
0.9330 51.3046
0.9323 45.5638
0.9313 39.8930
0.9299 34.7227
0.9283 30.1704
0.9264 26.2104
0.9243 22.7758
0.9218 19.7976
0.9189 17.2141
0.9157 14.9724
0.9120 13.0269
0.9078 11.3381
0.9030 9.8720
0.8976 8.5992
0.8915 7.4940
0.8846 6.5343
0.8768 5.7008
0.8681 4.9769
0.8583 4.3479
0.8475 3.8014
0.8355 3.3265
0.8223 2.9137
0.8077 2.5549
0.7919 2.2429
0.7748 1.9717
0.7564 1.7358
0.7368 1.5308
0.7162 1.3524
0.6946 1.1973
0.6722 1.0624
0.6493 0.9451
0.6261 0.8430
0.6029 0.7543
0.5800 0.6772
0.5577 0.6104
0.5362 0.5530
0.5161 0.5048
0.4981 0.4685
0.4847 0.4525
0.4831 0.5043
0.5264 0.8966
0.6238 1.9171
0.7342 4.8652
0.8305 12.8508
0.8899 23.8014
0.9181 33.2946
0.9290 41.2602
0.9324 48.2375
0.9332 54.1587
0.9334 58.6647
0.9335 61.2160
0.9336 61.1778
0.9336 58.3651
0.9332 53.5525
0.9326 47.9733
0.9317 42.4671
0.9306 37.3517
0.9292 32.7088
0.9275 28.5559
0.9256 24.8843
0.9234 21.6644
0.9208 18.8543
0.9178 16.4082
0.9145 14.2815
0.9106 12.4335
0.9062 10.8279
0.9013 9.4332
0.8957 8.2216
0.8893 7.1690
0.8821 6.2544
0.8741 5.4595
0.8651 4.7687
0.8550 4.1682
0.8439 3.6462
0.8315 3.1923
0.8179 2.7975
0.8030 2.4543
0.7868 2.1558
0.7693 1.8962
0.7506 1.6703
0.7307 1.4739
0.7097 1.3031
0.6878 1.1544
0.6653 1.0252
0.6423 0.9127
0.6191 0.8149
0.5960 0.7299
0.5732 0.6561
0.5511 0.5921
0.5300 0.5374
0.5104 0.4928
0.4938 0.4634
0.4848 0.4715
0.4943 0.5644
0.5375 0.8918
0.6361 2.6443
0.7667 8.4391
0.8566 14.8745
0.9025 23.6666
0.9226 33.7846
0.9301 42.5155
0.9324 49.7092
0.9330 55.3846
0.9333 59.3117
0.9335 61.0535
0.9336 60.4037
0.9335 57.5820
0.9332 53.0116
0.9325 47.4182
0.9316 41.6661
0.9304 36.3155
0.9289 31.5665
0.9271 27.4250
0.9250 23.8309
0.9226 20.7142
0.9199 18.0107
0.9168 15.6647
0.9132 13.6286
0.9092 11.8612
0.9046 10.3267
0.8994 8.9944
0.8935 7.8375
0.8869 6.8329
0.8794 5.9604
0.8710 5.2026
0.8616 4.5442
0.8512 3.9721
0.8396 3.4750
0.8267 3.0429
0.8126 2.6672
0.7973 2.3407
0.7806 2.0567
0.7626 1.8098
0.7434 1.5951
0.7231 1.4084
0.7018 1.2460
0.6796 1.1048
0.6569 0.9820
0.6338 0.8752
0.6106 0.7823
0.5876 0.7015
0.5650 0.6315
0.5432 0.5711
0.5226 0.5199
0.5038 0.4795
0.4888 0.4565
0.4823 0.4760
0.5092 0.7433
0.5958 1.5762
0.7052 3.6145
0.8083 10.2293
0.8776 20.9316
0.9128 30.9374
0.9271 39.2399
0.9319 46.4656
0.9331 52.6984
0.9333 57.6294
0.9335 60.7714
0.9336 61.4852
0.9336 59.3886
0.9334 54.9965
0.9328 49.5154
0.9320 43.9396
0.9309 38.7037
0.9296 33.9284
0.9280 29.6416
0.9262 25.8407
0.9240 22.5013
0.9215 19.5840
0.9187 17.0432
0.9154 14.8336
0.9117 12.9133
0.9075 11.2450
0.9027 9.7957
0.8973 8.5366
0.8911 7.4428
0.8842 6.4924
0.8764 5.6665
0.8677 4.9487
0.8579 4.3247
0.8470 3.7823
0.8350 3.3106
0.8218 2.9005
0.8072 2.5439
0.7914 2.2337
0.7742 1.9640
0.7558 1.7293
0.7362 1.5253
0.7156 1.3477
0.6939 1.1933
0.6716 1.0590
0.6487 0.9422
0.6255 0.8405
0.6023 0.7522
0.5794 0.6754
0.5571 0.6088
0.5357 0.5517
0.5156 0.5043
0.4981 0.4702
0.4866 0.4669
0.4909 0.5355
0.5251 0.7826
0.6101 1.9586
0.7418 7.1076
0.8422 13.5195
0.8957 21.5002
0.9198 31.7330
0.9291 40.7900
0.9321 48.3015
0.9329 54.3046
0.9332 58.6335
0.9334 60.8689
0.9336 60.7209
0.9335 58.3394
0.9332 54.1053
0.9327 48.6642
0.9318 42.8899
0.9307 37.4287
0.9292 32.5468
0.9275 28.2791
0.9255 24.5734
0.9232 21.3595
0.9205 18.5717
0.9175 16.1526
0.9141 14.0530
0.9101 12.2303
0.9057 10.6478
0.9006 9.2738
0.8949 8.0806
0.8884 7.0444
0.8812 6.1444
0.7720 1.9337
0.7535 1.7038
0.7339 1.5037
0.7131 1.3296
0.6915 1.1780
0.6691 1.0460
0.6463 0.9311
0.6231 0.8312
0.6000 0.7441
0.5772 0.6684
0.5549 0.6025
0.5335 0.5451
0.5129 0.4951
0.4935 0.4517
0.4754 0.4138
0.4586 0.3809
0.4432 0.3523
0.4291 0.3274
0.4164 0.3063
0.4064 0.2973
0.4169 0.4200
0.5326 2.0201
0.7211 10.0448
0.8491 24.2654
0.9106 41.6777
0.9330 54.5802
0.9381 59.9075
0.9375 58.1933
0.9355 52.4617
0.9335 45.9746
0.9317 40.0260
0.9301 34.8098
0.9284 30.2775
0.9265 26.3446
0.9243 22.9304
0.9219 19.9651
0.9191 17.3886
0.9159 15.1491
0.9123 13.2020
0.9082 11.5087
0.9035 10.0359
0.8983 8.7546
0.8923 7.6399
0.8856 6.6699
0.8780 5.8258
0.8695 5.0912
0.8600 4.4520
0.8495 3.8956
0.8378 3.4113
0.8248 2.9898
0.8107 2.6229
0.7952 2.3036
0.7784 2.0257
0.7604 1.7837
0.7411 1.5732
0.7208 1.3899
0.6994 1.2304
0.6773 1.0915
0.6545 0.9707
0.6315 0.8655
0.6083 0.7740
0.5853 0.6943
0.5628 0.6249
0.5410 0.5646
0.5201 0.5121
0.5003 0.4664
0.4817 0.4266
0.4644 0.3920
0.4484 0.3619
0.4339 0.3357
0.4207 0.3131
0.4094 0.2977
0.4086 0.3453
0.4823 1.1104
0.6680 6.8790
0.8186 19.2559
0.8974 36.6035
0.9288 51.4001
0.9375 59.1404
0.9379 59.3618
0.9361 54.4672
0.9341 47.9905
0.9323 41.8328
0.9306 36.3911
0.9289 31.6547
0.9271 27.5433
0.9250 23.9739
0.9227 20.8737
0.9200 18.1798
0.9170 15.8382
0.9135 13.8021
0.9096 12.0313
0.9051 10.4910
0.9000 9.1510
0.8943 7.9850
0.8878 6.9704
0.8806 6.0874
0.8724 5.3190
0.8632 4.6502
0.8530 4.0681
0.8417 3.5614
0.8292 3.1204
0.8154 2.7366
0.8004 2.4025
0.7840 2.1117
0.7664 1.8585
0.7475 1.6382
0.7275 1.4465
0.7064 1.2796
0.6845 1.1343
0.6619 1.0078
0.6389 0.8978
0.6158 0.8020
0.5927 0.7187
0.5700 0.6461
0.5479 0.5830
0.5267 0.5281
0.5065 0.4803
0.4875 0.4387
0.4697 0.4025
0.4533 0.3710
0.4383 0.3436
0.4247 0.3198
0.4126 0.3012
0.4065 0.3153
0.4491 0.7018
0.6171 4.5491
0.7858 15.3176
0.8822 31.8604
0.9234 48.0163
0.9364 57.8612
0.9382 59.9948
0.9366 56.1469
0.9346 49.8256
0.9327 43.5089
0.9311 37.8657
0.9294 32.9418
0.9276 28.6653
0.9257 24.9521
0.9234 21.7266
0.9208 18.9235
0.9179 16.4867
0.9146 14.3676
0.9108 12.5245
0.9065 10.9210
0.9016 9.5258
0.8961 8.3118
0.8898 7.2552
0.8828 6.3357
0.8749 5.5353
0.8660 4.8387
0.8562 4.2323
0.8452 3.7045
0.8330 3.2450
0.8196 2.8451
0.8050 2.4970
0.7890 2.1939
0.7718 1.9302
0.7532 1.7006
0.7336 1.5007
0.7128 1.3267
0.6911 1.1753
0.6687 1.0436
0.6458 0.9289
0.6226 0.8290
0.5995 0.7422
0.5767 0.6666
0.5544 0.6008
0.5329 0.5435
0.5123 0.4937
0.4929 0.4503
0.4748 0.4126
0.4580 0.3797
0.4426 0.3512
0.4285 0.3264
0.4159 0.3057
0.4069 0.3034
0.4284 0.5082
0.5694 2.9360
0.7513 12.1890
0.8650 27.5603
0.9169 44.6189
0.9347 56.3015
0.9382 60.2929
0.9371 57.6274
0.9351 51.5941
0.9332 45.1567
0.9315 39.3212
0.9298 34.2127
0.9281 29.7727
0.9262 25.9170
0.9240 22.5675
0.9216 19.6564
0.9188 17.1255
0.9155 14.9244
0.9119 13.0097
0.9077 11.3439
0.9030 9.8944
0.8977 8.6329
0.8916 7.5350
0.8848 6.5794
0.8772 5.7476
0.8686 5.0236
0.8590 4.3933
0.8484 3.8447
0.8365 3.3671
0.8235 2.9513
0.8092 2.5894
0.7936 2.2744
0.7767 2.0001
0.7585 1.7614
0.7392 1.5537
0.7187 1.3728
0.6972 1.2154
0.6750 1.0784
0.6522 0.9591
0.6291 0.8553
0.6059 0.7650
0.5830 0.6864
0.5605 0.6180
0.5387 0.5585
0.5179 0.5067
0.4982 0.4616
0.4797 0.4224
0.4625 0.3883
0.4467 0.3586
0.4322 0.3328
0.4192 0.3108
0.4086 0.2997
0.4164 0.4070
0.5263 1.8779
0.7148 9.5736
0.8456 23.6650
0.9091 41.1938
0.9325 54.4778
0.9381 60.2770
0.9376 58.9036
0.9356 53.3008
0.9336 46.7906
0.9319 40.7724
0.9303 35.4807
0.9286 30.8768
0.9267 26.8780
0.9246 23.4040
0.9223 20.3845
0.9195 17.7592
0.9164 15.4760
0.9129 13.4897
0.9089 11.7616
0.9043 10.2578
0.8991 8.9491
0.8933 7.8101
0.8867 6.8187
0.8793 5.9557
0.8710 5.2045
0.8617 4.5506
0.8513 3.9814
0.8398 3.4859
0.8270 3.0546
0.8131 2.6792
0.7978 2.3524
0.7812 2.0679
0.7634 1.8203
0.7443 1.6048
0.7241 1.4172
0.7029 1.2540
0.6808 1.1119
0.6581 0.9882
0.6350 0.8806
0.6118 0.7870
0.5888 0.7055
0.5662 0.6345
0.5442 0.5728
0.5231 0.5191
0.5030 0.4724
0.4842 0.4318
0.4667 0.3964
0.4505 0.3656
0.4357 0.3389
0.4223 0.3158
0.4108 0.3000
0.4104 0.3534
0.4905 1.2406
0.6782 7.4308
0.8247 20.3216
0.9003 37.9103
0.9298 52.5242
0.9378 60.0003
0.9379 59.9459
0.9361 54.8878
0.9341 48.3585
0.9323 42.1720
0.9307 36.7029
0.9290 31.9389
0.9272 27.8003
0.9252 24.2048
0.9229 21.0799
0.9202 18.3630
0.9172 16.0002
0.9138 13.9449
0.9099 12.1568
0.9055 10.6009
0.9004 9.2469
0.8948 8.0685
0.8884 7.0430
0.8811 6.1504
0.8730 5.3735
0.8640 4.6972
0.8538 4.1087
0.8426 3.5963
0.8301 3.1504
0.8165 2.7623
0.8015 2.4245
0.7852 2.1305
0.7676 1.8746
0.7488 1.6519
0.7288 1.4581
0.7078 1.2894
0.6859 1.1426
0.6633 1.0149
0.6403 0.9037
0.6171 0.8070
0.5940 0.7229
0.5712 0.6496
0.5490 0.5859
0.5277 0.5305
0.5074 0.4823
0.4883 0.4403
0.4705 0.4038
0.4540 0.3721
0.4389 0.3444
0.4251 0.3205
0.4130 0.3021
0.4081 0.3264
0.4643 0.8828
0.6443 5.7676
0.8041 17.6139
0.8910 34.9410
0.9267 50.5832
0.9372 59.5125
0.9382 60.7062
0.9365 56.2554
0.9345 49.7655
0.9326 43.4388
0.9310 37.8103
0.9294 32.9005
0.9276 28.6341
0.9256 24.9277
0.9234 21.7066
0.9208 18.9063
0.9179 16.4711
0.9146 14.3530
0.9108 12.5105
0.9064 10.9074
0.9015 9.5125
0.8960 8.2988
0.8897 7.2425
0.8827 6.3233
0.8748 5.5233
0.8659 4.8271
0.8560 4.2212
0.8450 3.6939
0.8327 3.2349
0.8193 2.8356
0.8046 2.4880
0.7886 2.1855
0.7712 1.9223
0.7526 1.6932
0.7329 1.4939
0.7120 1.3205
0.6903 1.1696
0.6678 1.0382
0.6448 0.9240
0.6216 0.8246
0.5984 0.7381
0.5755 0.6628
0.5532 0.5974
0.5317 0.5404
0.5112 0.4909
0.4918 0.4477
0.4737 0.4103
0.4570 0.3776
0.4416 0.3493
0.4276 0.3247
0.4151 0.3046
0.4076 0.3133
0.4469 0.6873
0.6155 4.5704
0.7853 15.5543
0.8823 32.4628
0.9236 48.8441
0.9366 58.9439
0.9384 61.2211
0.9368 57.3627
0.9348 50.9524
0.9329 44.5160
0.9313 38.7518
0.9297 33.7162
0.9279 29.3395
0.9260 25.5374
0.9238 22.2335
0.9213 19.3616
0.9184 16.8646
0.9152 14.6931
0.9114 12.8043
0.9072 11.1614
0.9024 9.7320
0.8970 8.4885
0.8908 7.4065
0.8839 6.4651
0.8761 5.6459
0.8674 4.9331
0.8577 4.3129
0.8468 3.7732
0.8348 3.3035
0.8215 2.8949
0.8070 2.5393
0.7912 2.2299
0.7740 1.9607
0.7556 1.7265
0.7360 1.5227
0.7153 1.3454
0.6936 1.1911
0.6712 1.0569
0.6483 0.9401
0.6251 0.8385
0.6018 0.7502
0.5789 0.6733
0.5565 0.6064
0.5348 0.5482
0.5141 0.4976
0.4945 0.4536
0.4762 0.4153
0.4593 0.3820
0.4437 0.3531
0.4295 0.3280
0.4167 0.3070
0.4079 0.3076
0.4369 0.5870
0.5944 3.8070
0.7707 14.1505
0.8752 30.6336
0.9211 47.4816
0.9360 58.4127
0.9384 61.5078
0.9370 58.1368
0.9350 51.8178
0.9331 45.3065
0.9315 39.4409
0.9299 34.3102
0.9282 29.8501
0.9263 25.9761
0.9241 22.6103
0.9216 19.6853
0.9188 17.1426
0.9156 14.9320
0.9119 13.0096
0.9077 11.3378
0.9030 9.8838
0.8976 8.6190
0.8916 7.5188
0.8847 6.5617
0.8770 5.7291
0.8684 5.0048
0.8588 4.3747
0.8480 3.8264
0.8361 3.3495
0.8230 2.9345
0.8086 2.5735
0.7928 2.2594
0.7758 1.9862
0.7575 1.7485
0.7380 1.5417
0.7174 1.3618
0.6958 1.2053
0.6734 1.0691
0.6505 0.9507
0.6273 0.8477
0.6041 0.7581
0.5811 0.6801
0.5586 0.6123
0.5368 0.5534
0.5160 0.5021
0.4963 0.4574
0.4779 0.4186
0.4608 0.3849
0.4451 0.3556
0.4307 0.3301
0.4178 0.3087
0.4084 0.3052
0.4319 0.5413
0.5828 3.4470
0.7626 13.4802
0.8713 29.7207
0.9196 46.8035
0.9357 58.1763
0.9385 61.7098
0.9372 58.6010
0.9351 52.3247
0.9333 45.7600
0.9316 39.8275
0.9300 34.6360
0.9283 30.1238
0.9264 26.2061
0.9242 22.8037
0.9218 19.8480
0.9190 17.2797
0.9158 15.0477
0.9121 13.1074
0.9080 11.4206
0.9033 9.9539
0.8979 8.6786
0.8919 7.5695
0.8851 6.6049
0.8774 5.7660
0.8688 5.0363
0.8592 4.4016
0.8485 3.8496
0.8367 3.3693
0.8236 2.9516
0.8092 2.5882
0.7935 2.2721
0.7766 1.9972
0.7583 1.7580
0.7389 1.5499
0.7183 1.3689
0.6967 1.2114
0.6744 1.0745
0.6515 0.9553
0.6283 0.8517
0.6050 0.7615
0.5820 0.6831
0.5595 0.6149
0.5377 0.5556
0.5168 0.5040
0.4971 0.4592
0.4786 0.4201
0.4615 0.3862
0.4457 0.3567
0.4313 0.3312
0.4184 0.3097
0.4087 0.3046
0.4307 0.5312
0.5806 3.4118
0.7613 13.4641
0.8708 29.7003
0.9195 46.8328
0.9357 58.2791
0.9385 61.8674
0.9372 58.7739
0.9352 52.4778
0.9333 45.8826
0.9316 39.9225
0.9300 34.7082
0.9283 30.1781
0.9264 26.2464
0.9243 22.8333
0.9218 19.8695
0.9190 17.2951
0.9158 15.0584
0.9121 13.1147
0.9080 11.4254
0.9033 9.9569
0.8979 8.6803
0.8919 7.5703
0.8851 6.6051
0.8774 5.7657
0.8688 5.0358
0.8592 4.4010
0.8485 3.8488
0.8366 3.3686
0.8236 2.9508
0.8092 2.5875
0.7935 2.2714
0.7765 1.9965
0.7583 1.7573
0.7388 1.5493
0.7182 1.3684
0.6967 1.2110
0.6743 1.0741
0.6514 0.9550
0.6282 0.8514
0.6050 0.7613
0.5819 0.6829
0.5594 0.6147
0.5376 0.5554
0.5168 0.5039
0.4970 0.4590
0.4785 0.4200
0.4614 0.3861
0.4456 0.3567
0.4313 0.3312
0.4184 0.3098
0.4088 0.3051
0.4326 0.5515
0.5872 3.6826
0.7667 14.0548
0.8736 30.5341
0.9207 47.5602
0.9360 58.7463
0.9386 62.0326
0.9372 58.7141
0.9351 52.3264
0.9332 45.7122
0.9316 39.7536
0.9300 34.5471
0.9282 30.0274
0.9263 26.1073
0.9242 22.7062
0.9217 19.7543
0.9189 17.1915
0.9156 14.9657
0.9120 13.0322
0.9078 11.3522
0.9030 9.8923
0.8977 8.6233
0.8916 7.5202
0.8847 6.5611
0.8770 5.7272
0.8684 5.0021
0.8587 4.3715
0.8480 3.8231
0.8360 3.3461
0.8229 2.9313
0.8084 2.5704
0.7927 2.2566
0.7756 1.9836
0.7573 1.7461
0.7378 1.5395
0.7171 1.3598
0.6955 1.2036
0.6732 1.0676
0.6502 0.9493
0.6270 0.8465
0.6038 0.7570
0.5808 0.6792
0.5583 0.6115
0.5365 0.5526
0.5157 0.5014
0.4961 0.4569
0.4776 0.4182
0.4606 0.3845
0.4449 0.3553
0.4306 0.3302
0.4179 0.3094
0.4089 0.3081
0.4383 0.6057
0.6017 4.2580
0.7773 15.1782
0.8790 32.0886
0.9227 48.8287
0.9366 59.4365
0.9386 62.1051
0.9371 58.3705
0.9350 51.8547
0.9331 45.2490
0.9315 39.3294
0.9298 34.1658
0.9281 29.6870
0.9262 25.8048
0.9240 22.4383
0.9215 19.5178
0.9186 16.9831
0.9153 14.7826
0.9116 12.8716
0.9074 11.2116
0.9026 9.7692
0.8971 8.5158
0.8910 7.4264
0.8841 6.4793
0.8763 5.6560
0.8675 4.9401
0.8578 4.3175
0.8469 3.7761
0.8349 3.3053
0.8216 2.8957
0.8070 2.5395
0.7912 2.2297
0.7740 1.9602
0.7556 1.7258
0.7359 1.5219
0.7152 1.3446
0.6935 1.1903
0.6711 1.0561
0.6481 0.9393
0.6249 0.8378
0.6017 0.7495
0.5787 0.6726
0.5563 0.6058
0.5346 0.5477
0.5139 0.4971
0.4943 0.4532
0.4760 0.4149
0.4591 0.3817
0.4436 0.3531
0.4296 0.3289
0.4175 0.3098
0.4098 0.3146
0.4475 0.7012
0.6219 5.1671
0.7915 16.8576
0.8859 34.3012
0.9253 50.5301
0.9372 60.2504
0.9386 62.0196
0.9369 57.7173
0.9348 51.0570
0.9329 44.4904
0.9313 38.6489
0.9296 33.5670
0.9279 29.1647
0.9259 25.3516
0.9237 22.0466
0.9211 19.1802
0.9182 16.6927
0.9149 14.5332
0.9111 12.6576
0.9068 11.0281
0.9020 9.6119
0.8965 8.3810
0.8902 7.3108
0.8832 6.3802
0.8753 5.5709
0.8665 4.8670
0.8566 4.2548
0.8456 3.7222
0.8335 3.2589
0.8201 2.8559
0.8054 2.5052
0.7894 2.2002
0.7722 1.9348
0.7536 1.7039
0.7339 1.5030
0.7131 1.3282
0.6913 1.1762
0.6688 1.0439
0.6459 0.9288
0.6226 0.8287
0.5994 0.7416
0.5765 0.6658
0.5542 0.5999
0.5326 0.5426
0.5120 0.4927
0.4926 0.4494
0.4744 0.4116
0.4576 0.3789
0.4422 0.3507
0.4285 0.3272
0.4167 0.3093
0.4103 0.3206
0.4572 0.8304
0.6414 6.1721
0.8046 18.7114
0.8923 36.6338
0.9277 52.2825
0.9378 61.0987
0.9385 61.9681
0.9367 57.1174
0.9346 50.3327
0.9327 43.8072
0.9311 38.0395
0.9294 33.0316
0.9277 28.6966
0.9257 24.9428
0.9234 21.6897
0.9208 18.8684
0.9179 16.4204
0.9145 14.2951
0.9106 12.4494
0.9063 10.8459
0.9013 9.4526
0.8957 8.2415
0.8894 7.1887
0.8823 6.2734
0.8743 5.4775
0.8653 4.7853
0.8553 4.1833
0.8442 3.6597
0.8319 3.2043
0.8183 2.8081
0.8034 2.4635
0.7873 2.1638
0.7698 1.9030
0.7511 1.6761
0.7312 1.4788
0.7103 1.3071
0.6884 1.1577
0.6658 1.0278
0.6428 0.9148
0.6196 0.8165
0.5964 0.7309
0.5735 0.6565
0.5512 0.5918
0.5298 0.5355
0.5093 0.4866
0.4901 0.4440
0.4721 0.4070
0.4554 0.3748
0.4403 0.3473
0.4269 0.3252
0.4162 0.3114
0.4135 0.3403
0.4767 1.0722
0.6662 7.2520
0.8191 20.5569
0.8985 38.4994
0.9296 53.1234
0.9380 60.6402
0.9382 60.4862
0.9363 55.2180
0.9342 48.5096
0.9324 42.1991
0.9307 36.6479
0.9290 31.8322
0.9272 27.6632
0.9251 24.0521
0.9228 20.9216
0.9201 18.2060
0.9170 15.8489
0.9135 13.8020
0.9096 12.0239
0.9051 10.4787
0.9000 9.1356
0.8942 7.9678
0.8877 6.9524
0.8804 6.0693
0.8722 5.3012
0.8630 4.6330
0.8527 4.0517
0.8413 3.5459
0.8288 3.1059
0.8149 2.7231
0.7998 2.3900
0.7833 2.1001
0.7656 1.8479
0.7466 1.6285
0.7265 1.4375
0.7054 1.2714
0.6833 1.1268
0.6607 1.0010
0.6376 0.8916
0.6144 0.7964
0.5912 0.7135
0.5685 0.6415
0.5464 0.5788
0.5252 0.5242
0.5050 0.4768
0.4860 0.4355
0.4683 0.3996
0.4520 0.3686
0.4375 0.3441
0.4267 0.3332
0.4237 0.3470
0.4391 0.4542
0.5335 1.6409
0.7085 8.0720
0.8385 21.7393
0.9047 38.8641
0.9303 51.6791
0.9371 57.4346
0.9371 56.3275
0.9353 51.0646
0.9333 44.9007
0.9315 39.1858
0.9299 34.1515
0.9281 29.7654
0.9262 25.9501
0.9241 22.6302
0.9216 19.7396
0.9188 17.2217
0.9157 15.0279
0.9121 13.1161
0.9080 11.4498
0.9033 9.9974
0.8981 8.7314
0.8922 7.6279
0.8855 6.6660
0.8780 5.8277
0.8695 5.0970
0.8601 4.4602
0.8496 3.9053
0.8380 3.4218
0.8251 3.0005
0.8111 2.6334
0.7957 2.3136
0.7790 2.0350
0.7611 1.7924
0.7419 1.5811
0.7216 1.3970
0.7003 1.2367
0.6782 1.0971
0.6555 0.9756
0.6325 0.8698
0.6093 0.7777
0.5863 0.6975
0.5638 0.6277
0.5419 0.5669
0.5209 0.5140
0.5011 0.4680
0.4824 0.4279
0.4650 0.3931
0.4490 0.3636
0.4368 0.3536
0.4375 0.3906
0.4582 0.4839
0.5040 0.7379
0.6073 2.2604
0.7516 8.9035
0.8558 22.4915
0.9089 38.0323
0.9298 48.8844
0.9355 53.2442
0.9356 51.6630
0.9341 46.8155
0.9323 41.3945
0.9306 36.3576
0.9290 31.8691
0.9272 27.9116
0.9252 24.4328
0.9230 21.3790
0.9205 18.7008
0.9176 16.3542
0.9144 14.2996
0.9106 12.5019
0.9064 10.9299
0.9016 9.5558
0.8962 8.3553
0.8901 7.3068
0.8832 6.3914
0.8754 5.5923
0.8667 4.8951
0.8570 4.2867
0.8463 3.7561
0.8343 3.2933
0.8212 2.8897
0.8068 2.5379
0.7911 2.2312
0.7741 1.9639
0.7558 1.7310
0.7364 1.5280
0.7158 1.3511
0.6944 1.1970
0.6721 1.0628
0.6494 0.9459
0.6263 0.8441
0.6032 0.7554
0.5803 0.6782
0.5580 0.6110
0.5363 0.5524
0.5157 0.5015
0.4961 0.4571
0.4778 0.4185
0.4607 0.3849
0.4454 0.3587
0.4366 0.3649
0.4458 0.4321
0.4785 0.5723
0.5349 0.9039
0.6456 3.0210
0.7788 10.3658
0.8689 24.3739
0.9135 38.5884
0.9306 47.7835
0.9350 50.8167
0.9348 48.5488
0.9333 43.8100
0.9316 38.7741
0.9299 34.1083
0.9281 29.9348
0.9263 26.2431
0.9242 22.9914
0.9219 20.1333
0.9193 17.6247
0.9162 15.4251
0.9128 13.4980
0.9089 11.8107
0.9044 10.3341
0.8994 9.0424
0.8937 7.9130
0.8874 6.9258
0.8802 6.0631
0.8721 5.3095
0.8631 4.6513
0.8530 4.0766
0.8419 3.5749
0.8295 3.1370
0.8160 2.7549
0.8011 2.4215
0.7850 2.1308
0.7676 1.8771
0.7490 1.6560
0.7292 1.4632
0.7084 1.2951
0.6867 1.1486
0.6643 1.0209
0.6415 0.9096
0.6184 0.8127
0.5954 0.7282
0.5727 0.6547
0.5506 0.5906
0.5294 0.5348
