0.9947
0.9695
0.9731
0.9863
0.9923
0.9945
0.9952
0.9954
0.9955
0.9956
0.9957
0.9959
0.9959
0.9960
0.9961
0.9962
0.9963
0.9962
0.9963
0.9964
0.9964
0.9965
0.9966
0.9966
0.9967
0.9968
0.9968
0.9968
0.9968
0.9969
0.9971
0.9971
0.9970
0.9970
0.9971
0.9970
0.9971
0.9970
0.9971
0.9972
0.9972
0.9973
0.9973
0.9973
0.9974
0.9972
0.9972
0.9973
0.9972
0.9972
0.9973
0.9971
0.9971
0.9971
0.9970
0.9970
0.9970
0.9970
0.9970
0.9971
0.9971
0.9970
0.9970
0.9971
0.9971
0.9970
0.9971
0.9970
0.9970
0.9970
0.9969
0.9969
0.9970
0.9971
0.9971
0.9972
0.9972
0.9971
0.9971
0.9972
0.9971
0.9972
0.9971
0.9972
0.9972
0.9972
0.9973
0.9972
0.9973
0.9972
0.9972
0.9972
0.9972
0.9972
0.9973
0.9972
0.9971
0.9972
0.9972
0.9972
0.9971
0.9971
0.9971
0.9971
0.9972
0.9971
0.9971
0.9971
0.9970
0.9970
0.9969
0.9969
0.9970
0.9968
0.9967
0.9969
0.9968
0.9968
0.9967
0.9967
0.9968
0.9968
0.9967
0.9966
0.9967
0.9967
0.9966
0.9966
0.9965
0.9965
0.9966
0.9966
0.9965
0.9966
0.9965
0.9965
0.9965
0.9964
0.9964
0.9963
0.9963
0.9962
0.9963
0.9963
0.9963
0.9962
0.9963
0.9962
0.9962
0.9962
