0.1816 -0.119341
0.1605 -0.115649
0.1397 -0.111993
0.1186 -0.108314
0.0969 -0.104510
0.0735 -0.100414
0.0468 -0.095747
0.0140 -0.090028
-0.0295 -0.082436
-0.0892 -0.072014
-0.1630 -0.059113
-0.2365 -0.046242
-0.2980 -0.035445
-0.3453 -0.027149
-0.3801 -0.021038
-0.4049 -0.015426
-0.4220 -0.010657
-0.4333 -0.007612
-0.4402 -0.005690
-0.4440 -0.004450
-0.4454 -0.003623
-0.4449 -0.003050
-0.4431 -0.002633
-0.4401 -0.002314
-0.4362 -0.002058
-0.4316 -0.001842
-0.4264 -0.001655
-0.4208 -0.001488
-0.4147 -0.001338
-0.4083 -0.001202
-0.4015 -0.001078
-0.3945 -0.000964
-0.3871 -0.000861
-0.3796 -0.000768
-0.3717 -0.000683
-0.3636 -0.000606
-0.3552 -0.000538
-0.3465 -0.000476
-0.3376 -0.000421
-0.3284 -0.000371
-0.3188 -0.000327
-0.3089 -0.000288
-0.2987 -0.000254
-0.2895 -0.037052
-0.2861 -0.037609
-0.2829 -0.038144
-0.2806 -0.038530
-0.2800 -0.038620
-0.2813 -0.038365
-0.2844 -0.037822
-0.2884 -0.037094
-0.2930 -0.036279
-0.2977 -0.035450
-0.3022 -0.034658
-0.3063 -0.033929
-0.3100 -0.033277
-0.3132 -0.032710
-0.3160 -0.032226
-0.3182 -0.031824
-0.3201 -0.031498
-0.3215 -0.031242
-0.3226 -0.031050
-0.3232 -0.027540
-0.3226 -0.023076
-0.3210 -0.019438
-0.3188 -0.016437
-0.3160 -0.013939
-0.3127 -0.011845
-0.3092 -0.010080
-0.3054 -0.008585
-0.3014 -0.007316
-0.2973 -0.006236
-0.2931 -0.005316
-0.2888 -0.004532
-0.2845 -0.003863
-0.2801 -0.003291
-0.2756 -0.002804
-0.2712 -0.002388
-0.2667 -0.002034
-0.2621 -0.001732
-0.2574 -0.001475
-0.2526 -0.001256
-0.2477 -0.001070
-0.2427 -0.000911
-0.2374 -0.000777
-0.2319 -0.000662
-0.2260 -0.000565
-0.2198 -0.000483
-0.2130 -0.000413
-0.2057 -0.000354
-0.1976 -0.000303
-0.1886 -0.000261
-0.1784 -0.000225
-0.1665 -0.000195
-0.1525 -0.000170
-0.1352 -0.000149
-0.1131 -0.000132
-0.0832 -0.000118
-0.0393 -0.000109
0.0276 -0.000104
0.1159 -0.000102
0.1970 -0.000096
0.2513 -0.000087
0.2724 -0.067655
0.2628 -0.133583
0.2446 -0.130385
0.2238 -0.126751
0.2023 -0.122980
0.1809 -0.119216
0.1597 -0.115507
0.1388 -0.111838
0.1177 -0.108148
0.0959 -0.104329
0.0723 -0.100209
0.0454 -0.095503
0.0122 -0.089714
-0.0319 -0.082006
-0.0925 -0.071439
-0.1666 -0.058477
-0.2397 -0.045677
-0.3005 -0.035004
-0.3471 -0.026827
-0.3814 -0.020813
-0.4058 -0.015349
-0.4226 -0.010686
-0.4336 -0.007651
-0.4404 -0.005734
-0.4440 -0.004494
-0.4453 -0.003667
-0.4447 -0.003092
-0.4428 -0.002673
-0.4397 -0.002351
-0.4358 -0.002091
-0.4312 -0.001872
-0.4260 -0.001682
-0.4203 -0.001513
-0.4142 -0.001360
-0.4077 -0.001221
-0.4009 -0.001095
-0.3939 -0.000980
-0.3865 -0.000875
-0.3789 -0.000779
-0.3711 -0.000693
-0.3630 -0.000615
-0.3546 -0.000545
-0.3459 -0.000483
-0.3369 -0.000426
-0.3277 -0.000376
-0.3181 -0.000332
-0.3082 -0.000292
-0.2980 -0.000257
-0.2895 -0.037048
-0.2862 -0.037606
-0.2830 -0.038136
-0.2807 -0.038507
-0.2802 -0.038575
-0.2817 -0.038301
-0.2848 -0.037748
-0.2889 -0.037020
-0.2934 -0.036212
-0.2980 -0.035395
-0.3024 -0.034617
-0.3065 -0.033903
-0.3101 -0.033267
-0.3132 -0.032714
-0.3159 -0.032243
-0.3181 -0.031853
-0.3199 -0.031538
-0.3212 -0.031292
-0.3223 -0.031109
-0.3227 -0.027210
-0.3220 -0.022813
-0.3204 -0.019224
-0.3181 -0.016262
-0.3152 -0.013794
-0.3119 -0.011724
-0.3084 -0.009978
-0.3045 -0.008499
-0.3005 -0.007243
-0.2964 -0.006175
-0.2922 -0.005264
-0.2878 -0.004487
-0.2835 -0.003824
-0.2791 -0.003259
-0.2746 -0.002776
-0.2702 -0.002365
-0.2656 -0.002014
-0.2610 -0.001715
-0.2563 -0.001460
-0.2515 -0.001243
-0.2466 -0.001059
-0.2415 -0.000902
-0.2362 -0.000769
-0.2306 -0.000656
-0.2247 -0.000560
-0.2184 -0.000478
-0.2116 -0.000409
-0.2042 -0.000350
-0.1960 -0.000301
-0.1869 -0.000259
-0.1765 -0.000223
-0.1644 -0.000193
-0.1500 -0.000168
-0.1322 -0.000148
-0.1093 -0.000131
-0.0777 -0.000118
-0.0311 -0.000110
0.0397 -0.000105
0.1291 -0.000103
0.2069 -0.000096
0.2571 -0.000086
0.2741 -0.067804
0.2618 -0.133402
0.2425 -0.130028
0.2213 -0.126300
0.1995 -0.122483
0.1779 -0.118699
0.1567 -0.114981
0.1357 -0.111302
0.1145 -0.107593
0.0925 -0.103736
0.0685 -0.099545
0.0409 -0.094712
0.0064 -0.088694
-0.0400 -0.080604
-0.1031 -0.069581
-0.1781 -0.056461
-0.2498 -0.043907
-0.3084 -0.033621
-0.3529 -0.025804
-0.3855 -0.020081
-0.4087 -0.014829
-0.4245 -0.010347
-0.4348 -0.007460
-0.4410 -0.005631
-0.4442 -0.004444
-0.4452 -0.003647
-0.4444 -0.003089
-0.4422 -0.002679
-0.4390 -0.002361
-0.4350 -0.002103
-0.4302 -0.001884
-0.4250 -0.001693
-0.4192 -0.001522
-0.4130 -0.001368
-0.4065 -0.001228
-0.3997 -0.001101
-0.3926 -0.000984
-0.3852 -0.000879
-0.3776 -0.000783
-0.3697 -0.000696
-0.3615 -0.000617
-0.3531 -0.000547
-0.3444 -0.000484
-0.3354 -0.000427
-0.3261 -0.000377
-0.3165 -0.000332
-0.3066 -0.000293
-0.2964 -0.000257
-0.2891 -0.037121
-0.2857 -0.037684
-0.2826 -0.038203
-0.2805 -0.038537
-0.2804 -0.038552
-0.2821 -0.038231
-0.2853 -0.037649
-0.2895 -0.036908
-0.2940 -0.036102
-0.2986 -0.035297
-0.3029 -0.034535
-0.3068 -0.033839
-0.3103 -0.033223
-0.3133 -0.032688
-0.3159 -0.032236
-0.3180 -0.031863
-0.3197 -0.031563
-0.3210 -0.031330
-0.3220 -0.031131
-0.3222 -0.026440
-0.3213 -0.022190
-0.3196 -0.018714
-0.3171 -0.015840
-0.3142 -0.013442
-0.3108 -0.011428
-0.3072 -0.009728
-0.3033 -0.008287
-0.2993 -0.007063
-0.2951 -0.006021
-0.2908 -0.005133
-0.2865 -0.004375
-0.2821 -0.003729
-0.2777 -0.003178
-0.2732 -0.002707
-0.2687 -0.002306
-0.2641 -0.001964
-0.2595 -0.001672
-0.2548 -0.001424
-0.2500 -0.001213
-0.2450 -0.001033
-0.2398 -0.000880
-0.2344 -0.000750
-0.2288 -0.000640
-0.2228 -0.000546
-0.2164 -0.000467
-0.2094 -0.000399
-0.2018 -0.000342
-0.1934 -0.000294
-0.1840 -0.000253
-0.1731 -0.000218
-0.1605 -0.000189
-0.1453 -0.000165
-0.1264 -0.000145
-0.1015 -0.000129
-0.0667 -0.000118
-0.0143 -0.000110
0.0637 -0.000107
0.1530 -0.000103
0.2237 -0.000096
0.2662 -0.000085
0.2753 -0.135766
0.2583 -0.132790
0.2377 -0.129187
0.2159 -0.125352
0.1939 -0.121495
0.1722 -0.117701
0.1510 -0.113980
0.1299 -0.110289
0.1085 -0.106544
0.0861 -0.102611
0.0613 -0.098276
0.0321 -0.093176
-0.0051 -0.086680
-0.0559 -0.077821
-0.1236 -0.066010
-0.1992 -0.052778
-0.2676 -0.040773
-0.3222 -0.031203
-0.3631 -0.024023
-0.3928 -0.018740
-0.4137 -0.013815
-0.4278 -0.009647
-0.4368 -0.007045
-0.4421 -0.005388
-0.4446 -0.004303
-0.4450 -0.003567
-0.4438 -0.003045
-0.4413 -0.002655
-0.4378 -0.002348
-0.4336 -0.002096
-0.4286 -0.001880
-0.4232 -0.001690
-0.4173 -0.001519
-0.4110 -0.001365
-0.4044 -0.001225
-0.3975 -0.001097
-0.3903 -0.000980
-0.3829 -0.000874
-0.3751 -0.000778
-0.3672 -0.000692
-0.3589 -0.000613
-0.3504 -0.000543
-0.3417 -0.000480
-0.3326 -0.000424
-0.3232 -0.000374
-0.3135 -0.000329
-0.3035 -0.000290
-0.2932 -0.000255
-0.2885 -0.037229
-0.2851 -0.037794
-0.2822 -0.038273
-0.2807 -0.038512
-0.2811 -0.038414
-0.2834 -0.037999
-0.2870 -0.037360
-0.2913 -0.036598
-0.2958 -0.035798
-0.3002 -0.035016
-0.3043 -0.034287
-0.3080 -0.033629
-0.3113 -0.033050
-0.3141 -0.032554
-0.3165 -0.032137
-0.3184 -0.031797
-0.3199 -0.031527
-0.3211 -0.031322
-0.3219 -0.029813
-0.3217 -0.024925
-0.3204 -0.020960
-0.3184 -0.017703
-0.3157 -0.015000
-0.3126 -0.012739
-0.3091 -0.010836
-0.3054 -0.009227
-0.3014 -0.007863
-0.2973 -0.006702
-0.2931 -0.005714
-0.2888 -0.004871
-0.2844 -0.004152
-0.2800 -0.003539
-0.2755 -0.003015
-0.2710 -0.002569
-0.2665 -0.002188
-0.2619 -0.001863
-0.2572 -0.001587
-0.2524 -0.001351
-0.2475 -0.001151
-0.2424 -0.000980
-0.2372 -0.000835
-0.2317 -0.000712
-0.2259 -0.000608
-0.2197 -0.000519
-0.2131 -0.000444
-0.2059 -0.000380
-0.1980 -0.000326
-0.1891 -0.000280
-0.1791 -0.000241
-0.1676 -0.000209
-0.1540 -0.000181
-0.1374 -0.000159
-0.1162 -0.000140
-0.0877 -0.000126
-0.0463 -0.000116
0.0168 -0.000110
0.1034 -0.000107
0.1872 -0.000102
0.2455 -0.000092
0.2751 -0.067898
0.2714 -0.135101
0.2515 -0.131597
0.2294 -0.127728
0.2069 -0.123781
0.1847 -0.119890
0.1630 -0.116094
0.1418 -0.112369
0.1206 -0.108650
0.0987 -0.104830
0.0754 -0.100741
0.0489 -0.096113
0.0166 -0.090480
-0.0260 -0.083049
-0.0845 -0.072841
-0.1576 -0.060056
-0.2315 -0.047109
-0.2940 -0.036155
-0.3421 -0.027706
-0.3776 -0.021471
-0.4031 -0.016564
-0.4207 -0.012172
-0.4324 -0.008665
-0.4396 -0.006460
-0.4436 -0.005041
-0.4450 -0.004098
-0.4446 -0.003447
-0.4428 -0.002974
-0.4398 -0.002613
-0.4359 -0.002322
-0.4313 -0.002078
-0.4262 -0.001867
-0.4205 -0.001679
-0.4144 -0.001509
-0.4080 -0.001355
-0.4012 -0.001215
-0.3942 -0.001087
-0.3869 -0.000970
-0.3793 -0.000865
-0.3715 -0.000769
-0.3634 -0.000683
-0.3550 -0.000605
-0.3464 -0.000535
-0.3375 -0.000473
-0.3283 -0.000417
-0.3188 -0.000368
-0.3090 -0.000324
-0.2989 -0.000285
-0.2907 -0.036863
-0.2874 -0.037411
-0.2842 -0.037931
-0.2820 -0.038294
-0.2815 -0.038362
-0.2829 -0.038100
-0.2858 -0.037571
-0.2897 -0.036875
-0.2941 -0.036105
-0.2984 -0.035328
-0.3026 -0.034590
-0.3064 -0.033914
-0.3098 -0.033313
-0.3128 -0.032791
-0.3153 -0.032349
-0.3173 -0.031984
-0.3190 -0.031691
-0.3203 -0.031463
-0.3212 -0.031296
-0.3216 -0.027292
-0.3208 -0.022893
-0.3191 -0.019299
-0.3167 -0.016330
-0.3137 -0.013856
-0.3104 -0.011779
-0.3067 -0.010026
-0.3029 -0.008541
-0.2988 -0.007280
-0.2946 -0.006207
-0.2903 -0.005291
-0.2860 -0.004511
-0.2815 -0.003845
-0.2771 -0.003277
-0.2726 -0.002792
-0.2681 -0.002378
-0.2635 -0.002025
-0.2588 -0.001725
-0.2541 -0.001469
-0.2492 -0.001251
-0.2442 -0.001065
-0.2391 -0.000908
-0.2337 -0.000774
-0.2280 -0.000660
-0.2220 -0.000563
-0.2156 -0.000481
-0.2087 -0.000412
-0.2011 -0.000353
-0.1927 -0.000303
-0.1833 -0.000261
-0.1725 -0.000225
-0.1600 -0.000195
-0.1448 -0.000170
-0.1259 -0.000150
-0.1010 -0.000133
-0.0661 -0.000121
-0.0135 -0.000113
0.0645 -0.000110
0.1536 -0.000106
0.2240 -0.000098
0.2663 -0.000087
0.2784 -0.068184
0.2635 -0.133716
0.2410 -0.129756
0.2177 -0.125684
0.1949 -0.121671
0.1726 -0.117775
0.1510 -0.113986
0.1297 -0.110248
0.1081 -0.106467
0.0854 -0.102501
0.0604 -0.098129
0.0309 -0.092980
-0.0067 -0.086406
-0.0582 -0.077433
-0.1264 -0.065520
-0.2019 -0.052290
-0.2699 -0.040370
-0.3239 -0.030900
-0.3643 -0.023809
-0.3936 -0.018665
-0.4143 -0.014227
-0.4283 -0.010401
-0.4372 -0.007601
-0.4424 -0.005821
-0.4448 -0.004657
-0.4451 -0.003867
-0.4438 -0.003306
-0.4412 -0.002886
-0.4377 -0.002555
-0.4333 -0.002282
-0.4284 -0.002047
-0.4229 -0.001841
-0.4170 -0.001655
-0.4107 -0.001487
-0.4041 -0.001334
-0.3971 -0.001195
-0.3899 -0.001067
-0.3825 -0.000952
-0.3748 -0.000847
-0.3668 -0.000752
-0.3586 -0.000667
-0.3501 -0.000591
-0.3414 -0.000522
-0.3324 -0.000461
-0.3230 -0.000406
-0.3134 -0.000358
-0.3034 -0.000315
-0.2932 -0.018366
-0.2889 -0.037177
-0.2855 -0.037727
-0.2827 -0.038188
-0.2813 -0.038410
-0.2818 -0.038302
-0.2841 -0.037890
-0.2876 -0.037263
-0.2917 -0.036523
-0.2961 -0.035747
-0.3003 -0.034992
-0.3043 -0.034289
-0.3079 -0.033656
-0.3110 -0.033101
-0.3137 -0.032625
-0.3160 -0.032227
-0.3178 -0.031902
-0.3192 -0.031646
-0.3203 -0.031453
-0.3210 -0.029657
-0.3207 -0.024809
-0.3194 -0.020871
-0.3173 -0.017633
-0.3146 -0.014944
-0.3114 -0.012694
-0.3079 -0.010800
-0.3041 -0.009197
-0.3001 -0.007837
-0.2959 -0.006681
-0.2917 -0.005696
-0.2874 -0.004856
-0.2830 -0.004139
-0.2785 -0.003528
-0.2740 -0.003006
-0.2695 -0.002560
-0.2649 -0.002181
-0.2603 -0.001857
-0.2556 -0.001582
-0.2508 -0.001347
-0.2458 -0.001147
-0.2407 -0.000977
-0.2355 -0.000833
-0.2299 -0.000710
-0.2241 -0.000606
-0.2178 -0.000517
-0.2111 -0.000442
-0.2039 -0.000379
-0.1958 -0.000325
-0.1869 -0.000279
-0.1767 -0.000241
-0.1649 -0.000208
-0.1509 -0.000181
-0.1337 -0.000159
-0.1116 -0.000141
-0.0814 -0.000127
-0.0371 -0.000117
0.0307 -0.000112
0.1192 -0.000109
0.1995 -0.000103
0.2527 -0.000092
0.2797 -0.068299
0.2749 -0.135707
0.2520 -0.131689
0.2281 -0.127507
0.2046 -0.123375
0.1818 -0.119374
0.1597 -0.115510
0.1382 -0.111735
0.1166 -0.107967
0.0944 -0.104080
0.0705 -0.099890
0.0430 -0.095090
0.0091 -0.089158
-0.0364 -0.081225
-0.0985 -0.070391
-0.1732 -0.057332
-0.2454 -0.044676
-0.3049 -0.034236
-0.3502 -0.026279
-0.3834 -0.020447
-0.4072 -0.016179
-0.4235 -0.012230
-0.4343 -0.008828
-0.4408 -0.006640
-0.4441 -0.005228
-0.4452 -0.004284
-0.4444 -0.003626
-0.4423 -0.003144
-0.4391 -0.002771
-0.4350 -0.002468
-0.4303 -0.002212
-0.4250 -0.001988
-0.4192 -0.001788
-0.4130 -0.001607
-0.4065 -0.001443
-0.3997 -0.001293
-0.3926 -0.001156
-0.3852 -0.001032
-0.3776 -0.000919
-0.3697 -0.000816
-0.3616 -0.000724
-0.3532 -0.000642
-0.3446 -0.000567
-0.3357 -0.000501
-0.3265 -0.000442
-0.3170 -0.000389
-0.3071 -0.000343
-0.2970 -0.000301
-0.2906 -0.036905
-0.2873 -0.037443
-0.2843 -0.037935
-0.2824 -0.038241
-0.2822 -0.038242
-0.2839 -0.037928
-0.2870 -0.037372
-0.2909 -0.036675
-0.2951 -0.035921
-0.2993 -0.035173
-0.3033 -0.034468
-0.3069 -0.033828
-0.3101 -0.033262
-0.3129 -0.032774
-0.3152 -0.032363
-0.3171 -0.032026
-0.3186 -0.031758
-0.3198 -0.031553
-0.3206 -0.031153
-0.3206 -0.026343
-0.3196 -0.022128
-0.3177 -0.018674
-0.3151 -0.015814
-0.3121 -0.013426
-0.3086 -0.011418
-0.3049 -0.009721
-0.3009 -0.008283
-0.2968 -0.007061
-0.2926 -0.006020
-0.2882 -0.005132
-0.2838 -0.004375
-0.2794 -0.003729
-0.2749 -0.003178
-0.2704 -0.002707
-0.2658 -0.002306
-0.2611 -0.001964
-0.2564 -0.001672
-0.2517 -0.001424
-0.2468 -0.001213
-0.2417 -0.001033
-0.2365 -0.000880
-0.2310 -0.000750
-0.2253 -0.000640
-0.2192 -0.000546
-0.2126 -0.000467
-0.2055 -0.000400
-0.1977 -0.000343
-0.1890 -0.000294
-0.1792 -0.000253
-0.1680 -0.000219
-0.1547 -0.000190
-0.1385 -0.000166
-0.1180 -0.000147
-0.0905 -0.000131
-0.0509 -0.000120
0.0096 -0.000114
0.0944 -0.000111
0.1797 -0.000106
0.2407 -0.000097
0.2745 -0.000084
0.2798 -0.068305
0.2616 -0.133384
0.2367 -0.129009
0.2122 -0.124710
0.1886 -0.120579
0.1660 -0.116620
0.1442 -0.112786
0.1225 -0.108997
0.1005 -0.105136
0.0770 -0.101033
0.0506 -0.096418
0.0187 -0.090835
-0.0233 -0.083508
-0.0810 -0.073445
-0.1537 -0.060738
-0.2280 -0.047731
-0.2911 -0.036655
-0.3399 -0.028089
-0.3760 -0.021761
-0.4019 -0.017214
-0.4199 -0.013339
-0.4320 -0.010033
-0.4395 -0.007451
-0.4436 -0.005799
-0.4452 -0.004707
-0.4448 -0.003955
-0.4430 -0.003411
-0.4400 -0.002997
-0.4362 -0.002664
-0.4316 -0.002385
-0.4264 -0.002143
-0.4207 -0.001927
-0.4146 -0.001733
-0.4082 -0.001556
-0.4014 -0.001395
-0.3944 -0.001249
-0.3871 -0.001115
-0.3796 -0.000993
-0.3718 -0.000883
-0.3637 -0.000784
-0.3554 -0.000694
-0.3469 -0.000614
-0.3380 -0.000543
-0.3289 -0.000479
-0.3195 -0.000422
-0.3098 -0.000371
-0.2998 -0.000326
-0.2917 -0.036724
-0.2885 -0.037247
-0.2854 -0.037749
-0.2832 -0.038105
-0.2826 -0.038182
-0.2839 -0.037942
-0.2866 -0.037444
-0.2903 -0.036784
-0.2944 -0.036052
-0.2986 -0.035314
-0.3025 -0.034611
-0.3061 -0.033969
-0.3094 -0.033398
-0.3121 -0.032904
-0.3145 -0.032485
-0.3165 -0.032140
-0.3180 -0.031864
-0.3192 -0.031651
-0.3201 -0.031496
-0.3204 -0.027501
-0.3195 -0.023074
-0.3178 -0.019456
-0.3153 -0.016466
-0.3123 -0.013973
-0.3090 -0.011879
-0.3053 -0.010113
-0.3013 -0.008616
-0.2972 -0.007344
-0.2930 -0.006261
-0.2887 -0.005338
-0.2843 -0.004551
-0.2798 -0.003879
-0.2753 -0.003306
-0.2708 -0.002816
-0.2662 -0.002399
-0.2616 -0.002043
-0.2569 -0.001740
-0.2521 -0.001482
-0.2473 -0.001262
-0.2422 -0.001075
-0.2370 -0.000915
-0.2316 -0.000780
-0.2259 -0.000665
-0.2199 -0.000568
-0.2135 -0.000485
-0.2065 -0.000415
-0.1989 -0.000356
-0.1904 -0.000305
-0.1809 -0.000263
-0.1699 -0.000227
-0.1571 -0.000197
-0.1416 -0.000172
-0.1221 -0.000151
-0.0963 -0.000135
-0.0596 -0.000123
-0.0040 -0.000116
0.0769 -0.000112
0.1645 -0.000108
0.2309 -0.000099
0.2696 -0.000087
0.2827 -0.068564
0.2704 -0.134925
0.2440 -0.130301
0.2184 -0.125807
0.1940 -0.121529
0.1709 -0.117465
0.1486 -0.113562
0.1268 -0.109738
0.1047 -0.105876
0.0815 -0.101814
0.0557 -0.097303
0.0249 -0.091926
-0.0150 -0.084969
-0.0696 -0.075430
-0.1404 -0.063061
-0.2156 -0.049898
-0.2812 -0.038402
-0.3324 -0.029407
-0.3705 -0.022723
-0.3979 -0.017901
-0.4173 -0.014301
-0.4303 -0.011063
-0.4386 -0.008222
-0.4432 -0.006344
-0.4452 -0.005114
-0.4451 -0.004274
-0.4435 -0.003673
-0.4407 -0.003219
-0.4370 -0.002857
-0.4325 -0.002556
-0.4274 -0.002296
-0.4218 -0.002065
-0.4157 -0.001858
-0.4094 -0.001669
-0.4027 -0.001497
-0.3957 -0.001340
-0.3884 -0.001197
-0.3809 -0.001067
-0.3732 -0.000949
-0.3652 -0.000842
-0.3570 -0.000746
-0.3485 -0.000660
-0.3397 -0.000583
-0.3307 -0.000515
-0.3213 -0.000454
-0.3117 -0.000399
-0.3018 -0.000351
-0.2927 -0.018442
-0.2894 -0.037106
-0.2863 -0.037611
-0.2839 -0.037998
-0.2830 -0.038129
-0.2839 -0.037947
-0.2864 -0.037496
-0.2899 -0.036869
-0.2938 -0.036156
-0.2979 -0.035428
-0.3019 -0.034730
-0.3055 -0.034088
-0.3087 -0.033515
-0.3115 -0.033017
-0.3139 -0.032594
-0.3159 -0.032243
-0.3175 -0.031962
-0.3187 -0.031744
-0.3196 -0.031583
-0.3200 -0.028412
-0.3193 -0.023818
-0.3177 -0.020070
-0.3153 -0.016977
-0.3124 -0.014401
-0.3091 -0.012241
-0.3054 -0.010419
-0.3015 -0.008876
-0.2974 -0.007565
-0.2932 -0.006450
-0.2889 -0.005499
-0.2845 -0.004688
-0.2800 -0.003996
-0.2755 -0.003405
-0.2710 -0.002901
-0.2664 -0.002471
-0.2618 -0.002105
-0.2571 -0.001792
-0.2523 -0.001526
-0.2475 -0.001300
-0.2425 -0.001107
-0.2373 -0.000943
-0.2319 -0.000804
-0.2263 -0.000685
-0.2203 -0.000585
-0.2139 -0.000500
-0.2071 -0.000427
-0.1995 -0.000366
-0.1912 -0.000314
-0.1818 -0.000270
-0.1711 -0.000233
-0.1586 -0.000202
-0.1435 -0.000176
-0.1247 -0.000155
-0.0999 -0.000138
-0.0650 -0.000125
-0.0123 -0.000117
0.0657 -0.000114
0.1543 -0.000110
0.2241 -0.000101
0.2661 -0.000090
0.2845 -0.000077
0.2755 -0.067936
0.2500 -0.131358
0.2233 -0.126663
0.1981 -0.122239
0.1743 -0.118073
0.1517 -0.114102
0.1296 -0.110238
0.1075 -0.106362
0.0843 -0.102314
0.0589 -0.097857
0.0287 -0.092594
-0.0099 -0.085849
-0.0628 -0.076630
-0.1322 -0.064507
-0.2077 -0.051283
-0.2747 -0.039534
-0.3275 -0.030267
-0.3669 -0.023353
-0.3954 -0.018352
-0.4155 -0.014823
-0.4291 -0.011548
-0.4379 -0.008866
-0.4429 -0.006803
-0.4451 -0.005458
-0.4453 -0.004545
-0.4438 -0.003896
-0.4411 -0.003409
-0.4375 -0.003024
-0.4331 -0.002704
-0.4280 -0.002428
-0.4224 -0.002184
-0.4165 -0.001965
-0.4101 -0.001766
-0.4035 -0.001584
-0.3965 -0.001418
-0.3893 -0.001267
-0.3818 -0.001129
-0.5089 0.000081
-0.5022 0.000017
-0.4944 -0.000034
-0.4856 -0.000075
-0.4756 -0.000106
-0.4644 -0.000129
-0.4520 -0.000146
-0.4384 -0.000156
-0.4233 -0.000163
-0.4069 -0.000165
-0.3890 -0.000164
-0.3695 -0.000161
-0.3484 -0.000156
-0.3256 -0.000150
-0.3010 -0.000143
-0.2741 -0.000136
-0.2445 -0.000128
-0.2113 -0.000121
-0.1724 -0.000115
-0.1235 -0.000110
-0.0591 -0.038602
0.0298 -0.138866
0.1297 -0.220076
0.1999 -0.244797
0.2316 -0.255997
0.2318 -0.256167
0.2133 -0.249732
0.1858 -0.240136
0.1548 -0.229299
0.1223 -0.217928
0.0879 -0.205883
0.0490 -0.190100
0.0014 -0.165221
-0.0616 -0.127629
-0.1429 -0.087796
-0.2288 -0.055725
-0.3032 -0.033770
-0.3621 -0.019770
-0.4072 -0.011122
-0.4412 -0.005885
-0.4668 -0.002779
-0.4859 -0.000990
-0.5000 -0.000006
-0.5102 0.000489
-0.5173 0.000696
-0.5218 0.000737
-0.5244 0.000687
-0.5252 0.000594
-0.5245 0.000483
-0.5225 0.000371
-0.5194 0.000267
-0.5151 0.000174
-0.5098 0.000094
-0.5034 0.000028
-0.4960 -0.000026
-0.4875 -0.000069
-0.4779 -0.000103
-0.4671 -0.000128
-0.4551 -0.000145
-0.4418 -0.000157
-0.4273 -0.000165
-0.4113 -0.000168
-0.3938 -0.000167
-0.3749 -0.000165
-0.3544 -0.000160
-0.3321 -0.000154
-0.3081 -0.000147
-0.2819 -0.000140
-0.2533 -0.000132
-0.2213 -0.000125
-0.1843 -0.000118
-0.1390 -0.000113
-0.0797 -0.036807
0.0028 -0.087887
0.1024 -0.157902
0.1833 -0.238951
0.2260 -0.254031
0.2341 -0.256960
0.2199 -0.252047
0.1944 -0.243135
0.1642 -0.232568
0.1321 -0.221364
0.0985 -0.209606
0.0615 -0.196650
0.0173 -0.174032
-0.0401 -0.139037
-0.1163 -0.099555
-0.2027 -0.064465
-0.2815 -0.039582
-0.3450 -0.023450
-0.3940 -0.013405
-0.4311 -0.007284
-0.4590 -0.003624
-0.4798 -0.001491
-0.4953 -0.000296
-0.5065 0.000329
-0.5144 0.000614
-0.5197 0.000701
-0.5228 0.000678
-0.5240 0.000598
-0.5238 0.000494
-0.5222 0.000385
-0.5193 0.000280
-0.5154 0.000186
-0.5103 0.000105
-0.5042 0.000036
-0.4971 -0.000020
-0.4889 -0.000065
-0.4796 -0.000100
-0.4692 -0.000126
-0.4575 -0.000145
-0.4446 -0.000158
-0.4305 -0.000166
-0.4149 -0.000170
-0.3979 -0.000170
-0.3794 -0.000168
-0.3593 -0.000163
-0.3376 -0.000158
-0.3141 -0.000151
-0.2885 -0.000143
-0.2606 -0.000135
-0.2296 -0.000128
-0.1942 -0.000121
-0.1516 -0.000115
-0.0956 -0.035422
-0.0202 -0.083870
0.0766 -0.151111
0.1670 -0.233191
0.2198 -0.251828
0.2356 -0.257461
0.2258 -0.254078
0.2021 -0.245847
0.1726 -0.235519
0.1409 -0.224413
0.1077 -0.212821
0.0719 -0.200286
0.0300 -0.180398
-0.0232 -0.149362
-0.0943 -0.110512
-0.1797 -0.072917
-0.2617 -0.045322
-0.3294 -0.027113
-0.3819 -0.015683
-0.4217 -0.008680
-0.4518 -0.004470
-0.4743 -0.001995
-0.4910 -0.000589
-0.5032 0.000166
-0.5119 0.000529
-0.5177 0.000662
-0.5213 0.000665
-0.5230 0.000600
-0.5230 0.000503
-0.5217 0.000396
-0.5192 0.000292
-0.5155 0.000197
-0.5107 0.000114
-0.5048 0.000043
-0.4980 -0.000015
-0.4900 -0.000061
-0.4810 -0.000098
-0.4708 -0.000125
-0.4595 -0.000145
-0.4470 -0.000159
-0.4331 -0.000168
-0.4179 -0.000172
-0.4013 -0.000173
-0.3832 -0.000171
-0.3635 -0.000167
-0.3422 -0.000161
-0.3191 -0.000154
-0.2941 -0.000146
-0.2668 -0.000138
-0.2366 -0.000131
-0.2023 -0.000123
-0.1617 -0.000117
-0.1092 -0.000113
-0.0394 -0.040319
0.0543 -0.145271
0.1508 -0.227487
0.2126 -0.249256
0.2358 -0.257506
0.2304 -0.255684
0.2088 -0.248178
0.1800 -0.238107
0.1485 -0.227084
0.1157 -0.215598
0.0806 -0.203352
0.0405 -0.185894
-0.0094 -0.158481
-0.0759 -0.120417
-0.1592 -0.080863
-0.2434 -0.050870
-0.3147 -0.030697
-0.3704 -0.017927
-0.4129 -0.010065
-0.4450 -0.005314
-0.4690 -0.002503
-0.4869 -0.000889
-0.5000 -0.000007
-0.5094 0.000434
-0.5158 0.000614
-0.5198 0.000644
-0.5218 0.000594
-0.5222 0.000505
-0.5212 0.000402
-0.5188 0.000299
-0.5154 0.000204
-0.5108 0.000120
-0.5052 0.000048
-0.4985 -0.000011
-0.4908 -0.000059
-0.4820 -0.000097
-0.4720 -0.000125
-0.4610 -0.000146
-0.4487 -0.000161
-0.4351 -0.000170
-0.4202 -0.000174
-0.4038 -0.000175
-0.3860 -0.000174
-0.3667 -0.000170
-0.3457 -0.000164
-0.3230 -0.000157
-0.2984 -0.000149
-0.2716 -0.000141
-0.2420 -0.000133
-0.2086 -0.000126
-0.1694 -0.000119
-0.1197 -0.000114
-0.0537 -0.039068
0.0366 -0.140636
0.1362 -0.222361
0.2050 -0.246577
0.2347 -0.257116
0.2334 -0.256750
0.2139 -0.249963
0.1859 -0.240170
0.1546 -0.229238
0.1220 -0.217833
0.0876 -0.205787
0.0488 -0.190434
0.0013 -0.164956
-0.0615 -0.127789
-0.1424 -0.087867
-0.2278 -0.055890
-0.3019 -0.033980
-0.3605 -0.019996
-0.4052 -0.011348
-0.4390 -0.006103
-0.4643 -0.002983
-0.4832 -0.001178
-0.4971 -0.000177
-0.5070 0.000336
-0.5139 0.000560
-0.5183 0.000616
-0.5206 0.000581
-0.5213 0.000501
-0.5204 0.000402
-0.5183 0.000301
-0.5150 0.000206
-0.5105 0.000121
-0.5051 0.000049
-0.4985 -0.000011
-0.4910 -0.000060
-0.4823 -0.000098
-0.4726 -0.000127
-0.4617 -0.000149
-0.4495 -0.000163
-0.4361 -0.000173
-0.4214 -0.000178
-0.4053 -0.000179
-0.3877 -0.000177
-0.3686 -0.000173
-0.3479 -0.000167
-0.3255 -0.000160
-0.3011 -0.000153
-0.2746 -0.000144
-0.2454 -0.000136
-0.2126 -0.000128
-0.1742 -0.000122
-0.1261 -0.000117
-0.0625 -0.038311
0.0254 -0.137710
0.1260 -0.218803
0.1991 -0.244481
0.2332 -0.256559
0.2349 -0.257239
0.2169 -0.251008
0.1896 -0.241454
0.1586 -0.230616
0.1262 -0.219278
0.0921 -0.207364
0.0541 -0.193388
0.0082 -0.168903
-0.0522 -0.132731
-0.1310 -0.092858
-0.2168 -0.059557
-0.2927 -0.036413
-0.3532 -0.021545
-0.3995 -0.012319
-0.4345 -0.006708
-0.4608 -0.003358
-0.4804 -0.001409
-0.4948 -0.000319
-0.5051 0.000250
-0.5123 0.000508
-0.5170 0.000585
-0.5195 0.000563
-0.5203 0.000490
-0.5196 0.000395
-0.5176 0.000297
-0.5144 0.000203
-0.5101 0.000119
-0.5047 0.000047
-0.4983 -0.000013
-0.4908 -0.000062
-0.4823 -0.000101
-0.4727 -0.000130
-0.4619 -0.000151
-0.4499 -0.000166
-0.4367 -0.000176
-0.4221 -0.000180
-0.4062 -0.000181
-0.3888 -0.000180
-0.3698 -0.000176
-0.3493 -0.000170
-0.3271 -0.000163
-0.3029 -0.000155
-0.2767 -0.000147
-0.2478 -0.000138
-0.2153 -0.000130
-0.1775 -0.000123
-0.1305 -0.000118
-0.0684 -0.037792
0.0175 -0.135638
0.1180 -0.215999
0.1941 -0.242732
0.2318 -0.256064
0.2360 -0.257630
0.2194 -0.251873
0.1926 -0.242518
0.1618 -0.231748
0.1295 -0.220452
0.0957 -0.208625
0.0583 -0.195553
0.0135 -0.172103
-0.0450 -0.136691
-0.1220 -0.096822
-0.2078 -0.062539
-0.2851 -0.038420
-0.3471 -0.022833
-0.3948 -0.013134
-0.4308 -0.007221
-0.4578 -0.003681
-0.4779 -0.001613
-0.4927 -0.000448
-0.5034 0.000168
-0.5108 0.000455
-0.5157 0.000551
-0.5184 0.000540
-0.5193 0.000474
-0.5187 0.000384
-0.5168 0.000288
-0.5136 0.000196
-0.5094 0.000113
-0.5041 0.000041
-0.4977 -0.000018
-0.4903 -0.000067
-0.4818 -0.000105
-0.4723 -0.000134
-0.4616 -0.000155
-0.4497 -0.000170
-0.4365 -0.000179
-0.4220 -0.000184
-0.4062 -0.000185
-0.3889 -0.000183
-0.3700 -0.000178
-0.3496 -0.000172
-0.3275 -0.000165
-0.3035 -0.000157
-0.2773 -0.000149
-0.2485 -0.000140
-0.2163 -0.000132
-0.1787 -0.000125
-0.1322 -0.000120
-0.0704 -0.037622
0.0143 -0.089885
0.1147 -0.214820
0.1922 -0.242069
0.2319 -0.256108
0.2375 -0.258163
0.2216 -0.252625
0.1949 -0.243316
0.1640 -0.232519
0.1316 -0.221188
0.0978 -0.209363
0.0606 -0.196365
0.0162 -0.174298
-0.0415 -0.139145
-0.1177 -0.099064
-0.2035 -0.064196
-0.2815 -0.039526
-0.3442 -0.023541
-0.3924 -0.013582
-0.4289 -0.007506
-0.4562 -0.003864
-0.4765 -0.001732
-0.4915 -0.000528
-0.5023 0.000113
-0.5098 0.000416
-0.5147 0.000521
-0.5174 0.000517
-0.5183 0.000455
-0.5177 0.000368
-0.5158 0.000274
-0.5126 0.000183
-0.5083 0.000101
-0.5030 0.000031
-0.4966 -0.000028
-0.4891 -0.000076
-0.4806 -0.000113
-0.4710 -0.000142
-0.4602 -0.000163
-0.4483 -0.000177
-0.4350 -0.000185
-0.4205 -0.000190
-0.4046 -0.000190
-0.3872 -0.000188
-0.3683 -0.000183
-0.3478 -0.000177
-0.3256 -0.000169
-0.3014 -0.000161
-0.2752 -0.000152
-0.2462 -0.000143
-0.2136 -0.000135
-0.1757 -0.000128
-0.1283 -0.000122
-0.0654 -0.038063
0.0208 -0.091024
0.1203 -0.216808
0.1953 -0.243166
0.2324 -0.256290
0.2364 -0.257760
0.2196 -0.251949
0.1927 -0.242558
0.1619 -0.231764
0.1295 -0.220453
0.0957 -0.208623
0.0583 -0.195557
0.0135 -0.172113
-0.0449 -0.137042
-0.1218 -0.096996
-0.2074 -0.062700
-0.2846 -0.038567
-0.3464 -0.022967
-0.3939 -0.013257
-0.4298 -0.007334
-0.4566 -0.003785
-0.4766 -0.001707
-0.4913 -0.000534
-0.5019 0.000090
-0.5092 0.000385
-0.5139 0.000488
-0.5164 0.000484
-0.5172 0.000424
-0.5165 0.000339
-0.5144 0.000248
-0.5112 0.000161
-0.5068 0.000082
-0.5013 0.000014
-0.4948 -0.000043
-0.4872 -0.000088
-0.4786 -0.000124
-0.4689 -0.000151
-0.4580 -0.000170
-0.4459 -0.000183
-0.4325 -0.000191
-0.4178 -0.000194
-0.4018 -0.000194
-0.3842 -0.000191
-0.3652 -0.000185
-0.3445 -0.000179
-0.3221 -0.000171
-0.2978 -0.000162
-0.2713 -0.000153
-0.2419 -0.000144
-0.2089 -0.000136
-0.1700 -0.000129
-0.1210 -0.000123
-0.0556 -0.038910
0.0327 -0.139616
0.1304 -0.220339
0.2002 -0.244890
0.2325 -0.256309
0.2335 -0.256746
0.2154 -0.250489
0.1883 -0.240996
0.1575 -0.230239
0.1253 -0.218981
0.0915 -0.207138
0.0537 -0.193660
0.0079 -0.168441
-0.0522 -0.133032
-0.1305 -0.092983
-0.2157 -0.059771
-0.2913 -0.036665
-0.3514 -0.021802
-0.3975 -0.012568
-0.4322 -0.006942
-0.4583 -0.003574
-0.4776 -0.001605
-0.4918 -0.000496
-0.5019 0.000092
-0.5089 0.000367
-0.5134 0.000461
-0.5157 0.000454
-0.5163 0.000394
-0.5154 0.000311
-0.5132 0.000223
-0.5098 0.000139
-0.5053 0.000063
-0.4998 -0.000002
-0.4932 -0.000055
-0.4855 -0.000099
-0.4768 -0.000132
-0.4670 -0.000157
-0.4560 -0.000175
-0.4438 -0.000187
-0.4304 -0.000193
-0.4156 -0.000195
-0.3994 -0.000195
-0.3818 -0.000191
-0.3626 -0.000185
-0.3419 -0.000178
-0.3193 -0.000170
-0.2948 -0.000161
-0.2681 -0.000152
-0.2385 -0.000143
-0.2049 -0.000135
-0.1653 -0.000128
-0.1149 -0.000123
-0.0489 -0.039502
0.0387 -0.141189
0.1320 -0.220910
0.1978 -0.244052
0.2277 -0.254642
0.2281 -0.254867
0.2105 -0.248759
0.1841 -0.239545
0.1542 -0.229067
0.1226 -0.218029
0.0892 -0.206330
0.0515 -0.191642
0.0059 -0.166213
-0.0540 -0.130940
-0.1320 -0.090940
-0.2166 -0.058523
-0.2915 -0.035971
-0.3511 -0.021451
-0.3969 -0.012416
-0.4314 -0.006902
-0.4572 -0.003595
-0.4764 -0.001657
-0.4905 -0.000560
-0.5006 0.000024
-0.5075 0.000301
-0.5118 0.000400
-0.5141 0.000399
-0.5146 0.000345
-0.5136 0.000269
-0.5112 0.000186
-0.5077 0.000107
-0.5031 0.000036
-0.4974 -0.000025
-0.4906 -0.000075
-0.4828 -0.000115
-0.4738 -0.000146
-0.4638 -0.000169
-0.4526 -0.000185
-0.4402 -0.000195
-0.4265 -0.000200
-0.4115 -0.000201
-0.3951 -0.000199
-0.3772 -0.000195
-0.3577 -0.000189
-0.3366 -0.000181
-0.3137 -0.000172
-0.2888 -0.000163
-0.2615 -0.000154
-0.2312 -0.000145
-0.1966 -0.000136
-0.1552 -0.000129
-0.1017 -0.000125
-0.0309 -0.082019
0.0596 -0.146671
0.1477 -0.226428
0.2056 -0.246819
0.2287 -0.255009
0.2248 -0.253739
0.2052 -0.246894
0.1780 -0.237395
0.1478 -0.226825
0.1160 -0.215716
0.0820 -0.203837
0.0432 -0.188651
-0.0050 -0.161199
-0.0689 -0.124140
-0.1499 -0.084268
-0.2335 -0.053593
-0.3053 -0.032719
-0.3617 -0.019412
-0.4047 -0.011174
-0.4371 -0.006163
-0.4613 -0.003170
-0.4792 -0.001425
-0.4922 -0.000447
-0.5015 0.000067
-0.5077 0.000303
-0.5115 0.000379
-0.5133 0.000367
-0.5134 0.000309
-0.5120 0.000232
-0.5093 0.000151
-0.5055 0.000075
-0.5006 0.000007
-0.4945 -0.000051
-0.4875 -0.000098
-0.4793 -0.000135
-0.4701 -0.000163
-0.4597 -0.000183
-0.4482 -0.000197
-0.4355 -0.000205
-0.4214 -0.000208
-0.4060 -0.000208
-0.3892 -0.000205
-0.3709 -0.000199
-0.3510 -0.000192
-0.3295 -0.000184
-0.3061 -0.000175
-0.2806 -0.000165
-0.2526 -0.000155
-0.2212 -0.000146
-0.1850 -0.000138
-0.1409 -0.000131
-0.0833 -0.036507
-0.0085 -0.085934
0.0855 -0.153485
0.1652 -0.232600
0.2128 -0.249367
0.2272 -0.254517
0.2182 -0.251443
0.1963 -0.243801
0.1685 -0.234074
0.1382 -0.223491
0.1064 -0.212344
0.0717 -0.200224
0.0309 -0.184973
-0.0212 -0.153923
-0.0905 -0.113731
-0.1741 -0.075637
-0.2553 -0.047461
-0.3225 -0.028751
-0.3748 -0.016948
-0.4144 -0.009680
-0.4441 -0.005278
-0.4663 -0.002662
-0.4826 -0.001148
-0.4944 -0.000310
-0.5027 0.000121
-0.5081 0.000310
-0.5113 0.000360
-0.5125 0.000334
-0.5122 0.000271
-0.5104 0.000194
-0.5074 0.000115
-0.5032 0.000042
-0.4979 -0.000022
-0.4916 -0.000076
-0.4842 -0.000119
-0.4757 -0.000153
-0.4662 -0.000178
-0.4555 -0.000195
-0.4436 -0.000207
-0.4304 -0.000213
-0.4160 -0.000215
-0.4002 -0.000213
-0.3829 -0.000209
-0.3642 -0.000202
-0.3438 -0.000194
-0.3217 -0.000185
-0.2977 -0.000176
-0.2715 -0.000166
-0.2425 -0.000156
-0.2098 -0.000147
-0.1714 -0.000139
-0.1234 -0.000133
-0.0567 -0.000130
0.0302 -0.092682
0.1215 -0.217267
0.1856 -0.239788
0.2170 -0.250900
0.2206 -0.252225
0.2062 -0.247254
0.1825 -0.238968
0.1545 -0.229186
0.1245 -0.218687
0.0925 -0.207479
0.0565 -0.194908
0.0124 -0.175251
-0.0454 -0.140743
-0.1215 -0.099701
-0.2061 -0.064688
-0.2824 -0.040012
-0.3436 -0.024022
-0.3906 -0.014040
-0.4261 -0.007927
-0.4526 -0.004245
-0.4723 -0.002072
-0.4868 -0.000829
-0.4971 -0.000153
-0.5043 0.000183
-0.5088 0.000317
-0.5112 0.000339
-0.5119 0.000299
-0.5110 0.000232
-0.5088 0.000155
-0.5054 0.000080
-0.5009 0.000012
-0.4953 -0.000047
-0.4887 -0.000096
-0.4811 -0.000135
-0.4724 -0.000164
-0.4626 -0.000186
-0.4517 -0.000201
-0.4396 -0.000210
-0.4262 -0.000214
-0.4116 -0.000214
-0.3955 -0.000212
-0.3780 -0.000206
-0.3590 -0.000199
-0.3383 -0.000191
-0.3159 -0.000181
-0.2915 -0.000172
-0.2649 -0.000162
-0.2352 -0.000152
-0.2016 -0.000143
-0.1615 -0.000135
-0.1107 -0.000130
-0.0451 -0.079568
0.0341 -0.140009
0.1145 -0.214827
0.1724 -0.235180
0.2012 -0.245354
0.2052 -0.246826
0.1930 -0.242624
0.1720 -0.235297
0.1466 -0.226402
0.1186 -0.216618
0.0881 -0.205941
0.0532 -0.193742
0.0098 -0.174972
-0.0475 -0.138956
-0.1223 -0.097528
-0.2056 -0.063537
-0.2808 -0.039509
-0.3414 -0.023877
-0.3881 -0.014079
-0.4234 -0.008053
-0.4498 -0.004405
-0.4695 -0.002238
-0.4839 -0.000988
-0.4942 -0.000298
-0.5013 0.000053
-0.5058 0.000203
-0.5081 0.000239
-0.5086 0.000213
-0.5076 0.000158
-0.5053 0.000091
-0.5017 0.000025
-0.4970 -0.000036
-0.4912 -0.000088
-0.4843 -0.000131
-0.4764 -0.000165
-0.4673 -0.000191
-0.4572 -0.000209
-0.4459 -0.000221
-0.4334 -0.000227
-0.4196 -0.000229
-0.4045 -0.000227
-0.3879 -0.000223
-0.3699 -0.000216
-0.3503 -0.000207
-0.3291 -0.000198
-0.3060 -0.000187
-0.2809 -0.000177
-0.2532 -0.000166
-0.2223 -0.000156
-0.1866 -0.000147
-0.1432 -0.000140
-0.0867 -0.000135
-0.0087 -0.043017
0.0884 -0.102878
0.1610 -0.231168
0.2008 -0.245200
0.2131 -0.249590
0.2057 -0.247045
0.1867 -0.240414
0.1618 -0.231710
0.1340 -0.221984
0.1040 -0.211518
0.0710 -0.199966
0.0317 -0.186266
-0.0193 -0.160330
-0.0877 -0.120509
-0.1707 -0.080451
-0.2516 -0.050699
-0.3189 -0.030878
-0.3712 -0.018346
-0.4108 -0.010609
-0.4406 -0.005907
-0.4627 -0.003098
-0.4790 -0.001459
-0.4908 -0.000538
-0.4990 -0.000053
-0.5043 0.000172
-0.5074 0.000247
-0.5085 0.000240
-0.5081 0.000190
-0.5062 0.000122
-0.5031 0.000051
-0.4988 -0.000015
-0.4935 -0.000074
-0.4871 -0.000122
-0.4796 -0.000162
-0.4711 -0.000191
-0.4614 -0.000213
-0.4507 -0.000228
-0.4388 -0.000236
-0.4256 -0.000240
-0.4112 -0.000239
-0.3953 -0.000235
-0.3781 -0.000229
-0.3594 -0.000221
-0.3390 -0.000211
-0.3169 -0.000200
-0.2929 -0.000189
-0.2666 -0.000178
-0.2375 -0.000167
-0.2045 -0.000157
-0.1654 -0.000149
-0.1164 -0.000142
-0.0534 -0.039122
0.0229 -0.137085
0.1027 -0.210705
0.1623 -0.231641
0.1944 -0.242973
0.2016 -0.245563
0.1919 -0.242221
0.1726 -0.235493
0.1483 -0.227011
0.1213 -0.217542
0.0916 -0.207170
0.0578 -0.195373
0.0163 -0.178177
-0.0390 -0.152904
-0.1143 -0.116360
-0.1996 -0.075731
-0.2770 -0.046963
-0.3391 -0.028307
-0.3866 -0.016663
-0.4224 -0.009529
-0.4491 -0.005223
-0.4689 -0.002670
-0.4833 -0.001197
-0.4937 -0.000383
-0.5007 0.000034
-0.5052 0.000215
-0.5076 0.000262
-0.5082 0.000236
-0.5072 0.000175
-0.5050 0.000101
-0.5016 0.000027
-0.4970 -0.000041
-0.4914 -0.000100
-0.4847 -0.000149
-0.4771 -0.000187
-0.4683 -0.000216
-0.4585 -0.000237
-0.4476 -0.000250
-0.4355 -0.000257
-0.4221 -0.000259
-0.4075 -0.000257
-0.3914 -0.000252
-0.3740 -0.000244
-0.3550 -0.000235
-0.3343 -0.000224
-0.3119 -0.000212
-0.2875 -0.000200
-0.2608 -0.000188
-0.2310 -0.000177
-0.1969 -0.000166
-0.1562 -0.000158
-0.1040 -0.000152
-0.0311 -0.041081
0.0647 -0.049436
0.1622 -0.115821
0.2148 -0.187578
0.2345 -0.192812
0.2316 -0.192090
0.2154 -0.187859
0.1925 -0.181865
0.1668 -0.175108
0.1398 -0.168022
0.1117 -0.160650
0.0815 -0.152733
0.0470 -0.140438
0.0048 -0.122840
-0.0515 -0.094241
-0.1256 -0.065745
-0.2086 -0.042767
-0.2839 -0.026500
-0.3446 -0.015913
-0.3915 -0.009285
-0.4269 -0.005226
-0.4534 -0.002785
-0.4730 -0.001350
-0.4872 -0.000536
-0.4972 -0.000100
-0.5039 0.000112
-0.5079 0.000191
-0.5098 0.000197
-0.5098 0.000165
-0.5082 0.000116
-0.5052 0.000062
-0.5010 0.000010
-0.4955 -0.000036
-0.4890 -0.000075
-0.4813 -0.000106
-0.4725 -0.000131
-0.4625 -0.000149
-0.4514 -0.000161
-0.4391 -0.000169
-0.4255 -0.000173
-0.4105 -0.000173
-0.3942 -0.000171
-0.3765 -0.000167
-0.3572 -0.000161
-0.3363 -0.000154
-0.3136 -0.000147
-0.2890 -0.000139
-0.2621 -0.000131
-0.2322 -0.000123
-0.2000 -0.026337
-0.1658 -0.029315
-0.1255 -0.032831
-0.0827 -0.073020
-0.0418 -0.120200
-0.0112 -0.170988
0.0173 -0.180970
0.0431 -0.190012
0.0642 -0.197395
0.0787 -0.202513
0.0861 -0.205125
0.0866 -0.205313
0.0808 -0.203296
0.0691 -0.199235
0.0515 -0.193082
0.0265 -0.183972
-0.0076 -0.157552
-0.0530 -0.121243
-0.1128 -0.087738
-0.1830 -0.060028
-0.2512 -0.039352
-0.3095 -0.025170
-0.3563 -0.015862
-0.3928 -0.009883
-0.4209 -0.006092
-0.4422 -0.003715
-0.4582 -0.002244
-0.4699 -0.001349
-0.4782 -0.000818
-0.4836 -0.000514
-0.4866 -0.000349
-0.4876 -0.000269
-0.4869 -0.000237
-0.4847 -0.000232
-0.4810 -0.000240
-0.4761 -0.000253
-0.4698 -0.000266
-0.4624 -0.000277
-0.4536 -0.000285
-0.4437 -0.000289
-0.4325 -0.000290
-0.4199 -0.000287
-0.4061 -0.000281
-0.3908 -0.000273
-0.3740 -0.000263
-0.3556 -0.000252
-0.3357 -0.000239
-0.3140 -0.000226
-0.2902 -0.000213
