-0.1955 0.048268
-0.1932 0.043806
-0.1919 0.040301
-0.1917 0.037566
-0.1924 0.035459
-0.1941 0.033874
-0.1968 0.032727
-0.2003 0.031946
-0.2046 0.031469
-0.2099 0.027706
-0.2165 0.023672
-0.2242 0.020303
-0.2326 0.017450
-0.2414 0.015005
-0.2504 0.012893
-0.2594 0.011065
-0.2683 0.009479
-0.2769 0.008103
-0.2850 0.006910
-0.2926 0.005877
-0.2995 0.004985
-0.3057 0.004216
-0.3112 0.003555
-0.3159 0.002990
-0.3199 0.002508
-0.3231 0.002100
-0.3258 0.001754
-0.3278 0.001462
-0.3293 0.001217
-0.3268 0.041863
-0.3200 0.040823
-0.3136 0.039872
-0.3076 0.038999
-0.3020 0.038198
-0.2968 0.037467
-0.2921 0.036802
-0.2877 0.036200
-0.2836 0.035651
-0.2799 0.035146
-0.2763 0.034676
-0.2730 0.034238
-0.2699 0.033827
-0.2670 0.033444
-0.2642 0.033086
-0.2616 0.032753
-0.2592 0.032442
-0.2569 0.032154
-0.2549 0.031886
-0.2529 0.031639
-0.2512 0.030940
-0.2502 0.025483
-0.2503 0.021081
-0.2514 0.017503
-0.2532 0.014577
-0.2557 0.012169
-0.2586 0.010177
-0.2620 0.008523
-0.2656 0.007144
-0.2694 0.005992
-0.2734 0.005027
-0.2774 0.004217
-0.2814 0.003538
-0.2854 0.002967
-0.2877 0.038441
-0.2849 0.037638
-0.2825 0.036978
-0.2805 0.036432
-0.2786 0.035943
-0.2763 0.035462
-0.2737 0.069207
-0.2646 0.066769
-0.2561 0.064535
-0.2484 0.062505
-0.2414 0.060673
-0.2351 0.059028
-0.2293 0.057550
-0.2241 0.056204
-0.2193 0.054961
-0.2147 0.053796
-0.2104 0.052693
-0.2063 0.051644
-0.2023 0.050642
-0.1985 0.049687
-0.1949 0.048777
-0.1915 0.047909
-0.1882 0.047080
-0.1850 0.045999
-0.1825 0.041647
-0.1809 0.038192
-0.1801 0.034988
-0.1807 0.029317
-0.1830 0.024791
-0.1868 0.021138
-0.1922 0.018154
-0.1989 0.015689
-0.2068 0.013628
-0.2159 0.011880
-0.2243 0.038338
-0.2290 0.037409
-0.2339 0.036733
-0.2389 0.036253
-0.2439 0.035931
-0.2488 0.035734
-0.2535 0.035630
-0.2579 0.035590
-0.2619 0.035587
-0.2643 0.068480
-0.2611 0.067275
-0.2580 0.066154
-0.2550 0.065105
-0.2520 0.064120
-0.2491 0.063195
-0.2462 0.062325
-0.2435 0.061506
-0.2408 0.060734
-0.2383 0.060006
-0.2358 0.059320
-0.2335 0.058675
-0.2313 0.058069
-0.2297 0.052698
-0.2291 0.048415
-0.2293 0.045029
-0.2302 0.042354
-0.2315 0.040244
-0.2334 0.038586
-0.2355 0.037289
-0.2378 0.036280
-0.2406 0.031215
-0.2444 0.026219
-0.2490 0.022090
-0.2543 0.018650
-0.2600 0.015766
-0.2660 0.013334
-0.2720 0.011275
-0.2780 0.009528
-0.2838 0.008042
-0.2893 0.006779
-0.2945 0.005705
-0.2992 0.004793
-0.3035 0.004020
-0.3073 0.003366
-0.3106 0.002813
-0.3133 0.002346
-0.3155 0.001953
-0.3173 0.001624
-0.3189 0.001350
-0.3203 0.001121
-0.3216 0.000931
-0.3228 0.000772
-0.3238 0.000640
-0.3246 0.000531
-0.3251 0.000440
-0.3253 0.000364
-0.3253 0.000301
-0.3250 0.000248
-0.3246 0.000205
-0.3239 0.000169
-0.3232 0.000140
-0.3223 0.000115
-0.3213 0.000095
-0.3203 0.000078
-0.3191 0.000064
-0.3177 0.000053
-0.3162 0.000044
-0.3144 0.000036
-0.3124 0.000029
-0.3101 0.000024
-0.3075 0.000020
-0.3047 0.000016
-0.3017 0.000013
-0.2990 0.000011
-0.2967 0.000009
-0.2948 0.000007
-0.2934 0.000006
-0.2924 0.000005
-0.2917 0.000004
-0.2914 0.000003
-0.2913 0.000003
-0.2913 0.000002
-0.2915 0.000002
-0.2917 0.000002
-0.2920 0.000001
-0.2861 0.035773
-0.2799 0.034995
-0.2680 0.067022
-0.2566 0.064188
-0.2463 0.061597
-0.2368 0.059228
-0.2281 0.057056
-0.2201 0.055047
-0.2126 0.053160
-0.2054 0.051360
-0.1984 0.049621
-0.1916 0.047923
-0.1849 0.046252
-0.1783 0.044594
-0.1717 0.042937
-0.1650 0.041264
-0.1582 0.039556
-0.1511 0.037785
-0.1436 0.035916
-0.1355 0.033905
-0.1267 0.031688
-0.1168 0.027154
-0.1056 0.022603
-0.0924 0.017312
-0.0761 0.011791
-0.0543 0.006978
-0.0235 0.002523
0.0211 -0.001800
0.0798 -0.005725
0.1404 -0.008358
0.1879 -0.009263
0.2174 -0.008872
0.2313 -0.007810
0.2336 -0.006525
0.2281 -0.005269
0.2176 -0.004156
0.2040 -0.003222
0.1886 -0.002463
0.1723 -0.001861
0.1554 -0.001388
0.1382 -0.001021
0.1205 -0.000736
0.1020 -0.000515
0.0820 -0.000343
0.0595 -0.000206
0.0325 -0.000094
-0.0021 0.000004
-0.0499 0.000096
-0.1152 0.000184
-0.1913 0.000254
-0.2629 0.000289
-0.3216 0.000292
-0.3666 0.000276
-0.4002 0.000249
-0.4246 0.000218
-0.4421 0.000188
-0.4542 0.000160
-0.4622 0.000134
-0.4671 0.000112
-0.4697 0.000093
-0.4706 0.000077
-0.4702 0.000064
-0.4688 0.000053
-0.4666 0.000043
-0.4638 0.000036
-0.4605 0.000029
-0.4568 0.000024
-0.4527 0.000020
-0.4484 0.000016
-0.4439 0.000013
-0.4393 0.000011
-0.4346 0.000009
-0.4299 0.000007
-0.4252 0.000006
-0.4205 0.000005
-0.4158 0.000004
-0.4109 0.000003
-0.4043 0.050564
-0.3902 0.048790
-0.3773 0.047179
-0.3655 0.045707
-0.3548 0.044360
-0.3449 0.043125
-0.3359 0.041994
-0.3267 0.081709
-0.3116 0.077931
-0.2981 0.074559
-0.2860 0.071523
-0.2750 0.068765
-0.2648 0.066227
-0.2553 0.063857
-0.2464 0.061619
-0.2379 0.059495
-0.2298 0.057475
-0.2222 0.055557
-0.2149 0.053736
-0.2080 0.052010
-0.2014 0.050375
-0.1953 0.047633
-0.1900 0.042629
-0.1858 0.038638
-0.1825 0.035451
-0.1800 0.032912
-0.1783 0.030903
-0.1775 0.028469
-0.1779 0.023657
-0.1799 0.019829
-0.1834 0.016754
-0.1883 0.014258
-0.1945 0.012209
-0.2019 0.010506
-0.2103 0.009072
-0.2195 0.007849
-0.2292 0.006794
-0.2391 0.005876
-0.2489 0.005072
-0.2585 0.004367
-0.2675 0.003747
-0.2760 0.003205
-0.2837 0.002732
-0.2908 0.002322
-0.2971 0.001967
-0.3027 0.001662
-0.3076 0.001400
-0.3119 0.001177
-0.3154 0.000987
-0.3183 0.000826
-0.3206 0.000690
-0.3223 0.000575
-0.3237 0.000479
-0.3247 0.000399
-0.3254 0.000331
-0.3259 0.000275
-0.3262 0.000228
-0.3262 0.000190
-0.3262 0.000157
-0.3259 0.000130
-0.3255 0.000108
-0.3232 0.040496
-0.3150 0.039452
-0.3074 0.038491
-0.3004 0.037605
-0.2940 0.036791
-0.2881 0.036049
-0.2827 0.035370
-0.2777 0.034739
-0.2730 0.034147
-0.2686 0.033588
-0.2644 0.033066
-0.2605 0.032581
-0.2570 0.032137
-0.2538 0.031735
-0.2509 0.031373
-0.2484 0.031052
-0.2461 0.030769
-0.2441 0.030522
-0.2424 0.030308
-0.2410 0.030124
-0.2397 0.029967
-0.2388 0.026689
-0.2391 0.022087
-0.2401 0.048355
-0.2362 0.044446
-0.2331 0.041319
-0.2307 0.038808
-0.2288 0.036770
-0.2271 0.035088
-0.2255 0.033690
-0.2241 0.032538
-0.2231 0.031606
-0.2224 0.030867
-0.2209 0.057756
-0.2155 0.055916
-0.2105 0.054273
-0.2059 0.052805
-0.2017 0.051521
-0.1982 0.050422
-0.1951 0.049487
-0.1924 0.048682
-0.1900 0.047981
-0.1879 0.047364
-0.1860 0.046368
-0.1849 0.042289
-0.1847 0.039087
-0.1854 0.036592
-0.1870 0.034675
-0.1894 0.033232
-0.1926 0.032176
-0.1963 0.031439
-0.2006 0.030957
-0.2052 0.030681
-0.2101 0.029864
-0.2157 0.025600
-0.2220 0.022002
-0.2287 0.018927
-0.2355 0.016275
-0.2422 0.013979
-0.2488 0.011994
-0.2554 0.010281
-0.2619 0.008804
-0.2683 0.007533
-0.2745 0.006438
-0.2806 0.005495
-0.2863 0.004683
-0.2917 0.003985
-0.2968 0.003385
-0.3013 0.002871
-0.3055 0.002430
-0.3091 0.002054
-0.3124 0.001733
-0.3152 0.001460
-0.3175 0.001229
-0.3196 0.001033
-0.3212 0.000867
-0.3155 0.040161
-0.3097 0.039303
-0.3043 0.038526
-0.2994 0.037820
-0.2948 0.037174
-0.2860 0.071793
-0.2755 0.069116
-0.2659 0.066662
-0.2569 0.064395
-0.2487 0.062298
-0.2410 0.060366
-0.2340 0.058589
-0.2275 0.056947
-0.2214 0.055419
-0.2157 0.053983
-0.2103 0.052622
-0.2051 0.051324
-0.2002 0.050083
-0.1955 0.048896
-0.1910 0.047763
-0.1867 0.045404
-0.1834 0.040838
-0.1811 0.037272
-0.1800 0.034516
-0.1799 0.032415
-0.1808 0.029316
-0.1833 0.024566
-0.1826 0.043064
-0.1828 0.039611
-0.1840 0.036949
-0.1862 0.034934
-0.1893 0.033456
-0.1932 0.032422
-0.1979 0.031744
-0.2032 0.031347
-0.2089 0.031164
-0.2148 0.031143
-0.2208 0.031240
-0.2266 0.031422
-0.2323 0.031659
-0.2377 0.031930
-0.2427 0.032213
-0.2473 0.032495
-0.2515 0.032759
-0.2551 0.032994
-0.2581 0.033189
-0.2605 0.033338
-0.2626 0.029328
-0.2652 0.024721
-0.2679 0.020852
-0.2706 0.017590
-0.2734 0.014837
-0.2761 0.012510
-0.2724 0.044358
-0.2686 0.042070
-0.2651 0.040142
-0.2620 0.038523
-0.2593 0.037178
-0.2570 0.036068
-0.2551 0.035158
-0.2536 0.034415
-0.2524 0.033811
-0.2516 0.033324
-0.2509 0.032932
-0.2505 0.032618
-0.2502 0.032367
-0.2501 0.032166
-0.2500 0.032005
-0.2500 0.031876
-0.2500 0.031773
-0.2500 0.031688
-0.2501 0.029352
-0.2510 0.024603
-0.2528 0.020688
-0.2551 0.017436
-0.2578 0.014719
-0.2609 0.012438
-0.2641 0.010515
-0.2674 0.008890
-0.2650 0.040492
-0.2619 0.038815
-0.2590 0.037390
-0.2562 0.036173
-0.2536 0.035135
-0.2513 0.034251
-0.2492 0.033502
-0.2474 0.032874
-0.2459 0.032356
-0.2448 0.031940
-0.2440 0.031620
-0.2436 0.031385
-0.2436 0.031224
-0.2438 0.031125
-0.2443 0.031079
-0.2450 0.031077
-0.2458 0.031112
-0.2469 0.031176
-0.2480 0.031263
-0.2491 0.031365
-0.2506 0.027398
-0.2529 0.022867
-0.2560 0.019133
-0.2594 0.016034
-0.2631 0.013449
-0.2670 0.011284
-0.2709 0.009466
-0.2747 0.007937
-0.2783 0.006649
-0.2816 0.005564
-0.2847 0.004650
-0.2873 0.003881
-0.2896 0.003235
-0.2914 0.002691
-0.2928 0.002236
-0.2937 0.001855
-0.2942 0.001536
-0.2943 0.001271
-0.2940 0.001050
-0.2934 0.000866
-0.2927 0.000714
-0.2918 0.000589
-0.2909 0.000486
-0.2832 0.035800
-0.2761 0.034827
-0.2694 0.033936
-0.2633 0.033119
-0.2576 0.032376
-0.2525 0.031705
-0.2479 0.031103
-0.2438 0.030565
-0.2389 0.059814
-0.2298 0.057520
-0.2213 0.055379
-0.2132 0.053366
-0.2057 0.051463
-0.1985 0.049659
-0.1916 0.047941
-0.1851 0.046294
-0.1787 0.044696
-0.1724 0.043128
-0.1632 0.058945
-0.1530 0.052484
-0.1428 0.046797
-0.1321 0.041597
-0.1203 0.036613
-0.1068 0.031554
-0.0904 0.026054
-0.0694 0.019592
-0.0408 0.011364
-0.0004 0.000241
0.0544 -0.013413
0.1160 -0.026410
0.1684 -0.035576
0.2034 -0.040121
0.2218 -0.041119
0.2273 -0.039894
0.2239 -0.037451
0.2148 -0.034442
0.2022 -0.031252
0.1876 -0.028088
0.1719 -0.024882
0.1560 -0.018696
0.1401 -0.013901
0.1239 -0.010180
0.1070 -0.007284
0.0890 -0.005016
0.0689 -0.003222
0.0456 -0.001771
0.0168 -0.000548
-0.0216 0.000558
-0.0749 0.001628
-0.1444 0.002607
-0.2187 0.003275
-0.2845 0.003533
-0.3371 0.003469
-0.3772 0.003216
-0.4070 0.002874
-0.4286 0.002507
-0.4440 0.002151
-0.4545 0.001824
-0.4612 0.001533
-0.4651 0.001281
-0.4668 0.001064
-0.4668 0.000882
-0.4656 0.000728
-0.4634 0.000600
-0.4605 0.000494
-0.4570 0.000406
-0.4531 0.000334
-0.4488 0.000274
-0.4441 0.000224
-0.4393 0.000184
-0.4343 0.000151
-0.4291 0.000123
-0.4238 0.000101
-0.4184 0.000082
-0.4129 0.000067
-0.4074 0.000055
-0.4020 0.000045
-0.3967 0.000037
-0.3917 0.000030
-0.3868 0.000025
-0.3822 0.000020
-0.3777 0.000017
-0.3734 0.000014
-0.3693 0.000011
-0.3653 0.000009
-0.3614 0.000007
-0.3576 0.000006
-0.3539 0.000005
-0.3434 0.042942
-0.3325 0.041580
-0.3226 0.040342
-0.3136 0.039214
-0.3054 0.038182
-0.2963 0.074101
-0.2825 0.070654
-0.2700 0.067539
-0.2587 0.064698
-0.2482 0.062080
-0.2384 0.059636
-0.2293 0.057336
-0.2205 0.055155
-0.2122 0.053075
-0.2042 0.051080
-0.1965 0.049152
-0.1890 0.047276
-0.1816 0.068145
-0.1697 0.063665
-0.1574 0.059065
-0.1445 0.052242
-0.1311 0.044863
-0.1162 0.037938
-0.0988 0.030954
-0.0768 0.023271
-0.0473 0.013960
-0.0055 0.001711
0.0521 -0.014299
0.1176 -0.029541
0.1735 -0.040029
0.2107 -0.044948
0.2301 -0.045739
0.2360 -0.044037
0.2327 -0.041036
0.2233 -0.037487
0.2103 -0.033818
0.1954 -0.030254
0.1794 -0.025567
0.1634 -0.019281
0.1474 -0.014404
0.1312 -0.010620
0.1146 -0.007681
0.0971 -0.005391
0.0781 -0.003592
0.0565 -0.002155
0.0305 -0.000970
-0.0029 0.000067
-0.0490 0.001045
-0.1118 0.001986
-0.1857 0.002738
-0.2561 0.003130
-0.3141 0.003183
-0.3589 0.003014
-0.3924 0.002730
-0.4170 0.002403
-0.4346 0.002075
-0.4470 0.001767
-0.4554 0.001491
-0.4607 0.001250
-0.4636 0.001042
-0.4647 0.000865
-0.4644 0.000716
-0.4629 0.000591
-0.4606 0.000487
-0.4576 0.000401
-0.4540 0.000329
-0.4500 0.000270
-0.4457 0.000222
-0.4402 0.055225
-0.4255 0.053349
-0.4123 0.051674
-0.4004 0.050164
-0.3896 0.048789
-0.3796 0.047526
-0.3704 0.046355
-0.3617 0.045268
-0.3537 0.044257
-0.3463 0.043319
-0.3394 0.042448
-0.3329 0.041638
-0.3269 0.040879
-0.3212 0.040167
-0.3158 0.039494
-0.3107 0.038855
-0.3059 0.038249
-0.3013 0.037675
-0.2970 0.037129
-0.2928 0.036609
-0.2888 0.035403
-0.2857 0.029243
-0.2836 0.024242
-0.2823 0.020151
-0.2816 0.016786
-0.2813 0.014006
-0.2815 0.011703
-0.2820 0.009793
-0.2831 0.008209
-0.2847 0.006894
-0.2867 0.005799
-0.2890 0.004882
-0.2915 0.004111
-0.2940 0.003463
-0.2964 0.002916
-0.2988 0.002455
-0.2939 0.038759
-0.2894 0.037840
-0.2853 0.037034
-0.2815 0.036317
-0.2778 0.035663
-0.2742 0.035044
-0.2705 0.034444
-0.2667 0.033858
-0.2628 0.033287
-0.2591 0.032739
-0.2554 0.032218
-0.2519 0.031732
-0.2487 0.031282
-0.2456 0.030867
-0.2428 0.030483
-0.2401 0.030125
-0.2375 0.029784
-0.2350 0.029449
-0.2324 0.029117
-0.2302 0.025283
-0.2291 0.021008
-0.2289 0.017533
-0.2297 0.014692
-0.2313 0.012356
-0.2337 0.010424
-0.2366 0.008815
-0.2388 0.037284
-0.2366 0.035723
-0.2347 0.034432
-0.2331 0.033366
-0.2318 0.032489
-0.2308 0.031774
-0.2273 0.059253
-0.2214 0.057305
-0.2158 0.055547
-0.2106 0.053951
-0.2057 0.052498
-0.2012 0.051178
-0.1971 0.049982
-0.1933 0.048902
-0.1898 0.047926
-0.1866 0.047044
-0.1837 0.046246
-0.1810 0.045525
-0.1786 0.044876
-0.1764 0.044297
-0.1745 0.043785
-0.1729 0.042735
-0.1720 0.038874
-0.1721 0.035888
-0.1732 0.033607
-0.1752 0.031903
-0.1782 0.029446
-0.1826 0.024954
-0.1887 0.021315
-0.1962 0.018323
-0.2049 0.015824
-0.2147 0.013705
-0.2251 0.011883
-0.2360 0.010299
-0.2469 0.008910
-0.2577 0.007689
-0.2681 0.006615
-0.2780 0.005672
-0.2872 0.004845
-0.2955 0.004122
-0.3028 0.003492
-0.3089 0.002946
-0.3139 0.002475
-0.3179 0.002073
-0.3182 0.041494
-0.3132 0.040549
-0.3083 0.039677
-0.3035 0.038871
-0.2989 0.038125
-0.2945 0.037428
-0.2901 0.036767
-0.2858 0.036137
-0.2816 0.035539
-0.2776 0.034979
-0.2739 0.034460
-0.2704 0.033981
-0.2671 0.033540
-0.2641 0.033133
-0.2612 0.032756
-0.2586 0.032405
-0.2560 0.032075
-0.2536 0.031762
-0.2513 0.031457
-0.2489 0.031154
-0.2465 0.030850
-0.2441 0.030546
-0.2422 0.025585
-0.2413 0.021281
-0.2411 0.017761
-0.2419 0.014878
-0.2436 0.012513
-0.2463 0.010567
-0.2500 0.008955
-0.2544 0.007609
-0.2591 0.006474
-0.2641 0.005509
-0.2689 0.004685
-0.2734 0.003978
-0.2776 0.003373
-0.2813 0.002855
-0.2847 0.002413
-0.2876 0.002036
-0.2872 0.037599
-0.2827 0.036742
-0.2785 0.035967
-0.2745 0.035267
-0.2708 0.034634
-0.2636 0.066553
-0.2542 0.064088
-0.2456 0.061824
-0.2375 0.059730
-0.2300 0.057786
-0.2230 0.055977
-0.2164 0.054282
-0.2101 0.052674
-0.2040 0.051131
-0.1981 0.049636
-0.1923 0.048177
-0.1867 0.046748
-0.1811 0.045340
-0.1756 0.043949
-0.1701 0.042568
-0.1646 0.041191
-0.1592 0.037665
-0.1545 0.033560
-0.1504 0.030257
-0.1467 0.027591
-0.1436 0.025440
-0.1414 0.020838
-0.1403 0.017098
-0.1405 0.014158
-0.1422 0.011842
-0.1454 0.010011
-0.1503 0.008558
-0.1571 0.007396
-0.1658 0.006454
-0.1764 0.005674
-0.1884 0.005012
-0.2016 0.004434
-0.2154 0.003917
-0.2292 0.003447
-0.2426 0.003016
-0.2550 0.002622
-0.2663 0.002264
-0.2763 0.001942
-0.2850 0.001656
-0.2925 0.001406
-0.2990 0.001188
-0.3045 0.001001
-0.3093 0.000840
-0.3135 0.000704
-0.3170 0.000589
-0.3201 0.000491
-0.3226 0.000410
-0.3248 0.000341
-0.3265 0.000283
-0.3279 0.000235
-0.3288 0.000195
-0.3292 0.000161
-0.3292 0.000134
-0.3288 0.000110
-0.3280 0.000091
-0.3271 0.000075
-0.3260 0.000062
-0.3249 0.000051
-0.3238 0.000042
-0.3226 0.000035
-0.3213 0.000028
-0.3202 0.000023
-0.3191 0.000019
-0.3182 0.000016
-0.3174 0.000013
-0.3166 0.000011
-0.3159 0.000009
-0.3151 0.000007
-0.3144 0.000006
-0.3136 0.000005
-0.3127 0.000004
-0.3119 0.000003
-0.3103 0.038794
-0.3022 0.037788
-0.2949 0.036872
-0.2882 0.036038
-0.2821 0.035277
-0.2766 0.034582
-0.2659 0.066494
-0.2550 0.063781
-0.2449 0.061250
-0.2354 0.058866
-0.2264 0.056615
-0.2179 0.054486
-0.2098 0.052461
-0.2020 0.050515
-0.1944 0.048625
-0.1870 0.046767
-0.1796 0.044921
-0.1722 0.043062
-0.1646 0.041166
-0.1567 0.039203
-0.1484 0.037129
-0.1395 0.033325
-0.1302 0.028533
-0.1200 0.024343
-0.1082 0.020498
-0.0938 0.016735
-0.0752 0.012720
-0.0498 0.006991
-0.0134 0.001593
0.0390 -0.003658
0.1037 -0.008122
0.1641 -0.010661
0.2074 -0.011159
0.2321 -0.010336
0.2419 -0.008910
0.2409 -0.007340
0.2328 -0.005866
0.2204 -0.004591
0.2053 -0.003538
0.1890 -0.002693
0.1720 -0.002026
0.1547 -0.001507
0.1372 -0.001105
0.1193 -0.000795
0.1007 -0.000555
0.0807 -0.000368
0.0582 -0.000220
0.0315 -0.000099
-0.0028 0.000006
-0.0498 0.000105
-0.1139 0.000199
-0.1887 0.000273
-0.2593 0.000311
-0.3172 0.000315
-0.3617 0.000297
-0.3947 0.000268
-0.4187 0.000235
-0.4358 0.000202
-0.4475 0.000172
-0.4552 0.000144
-0.4598 0.000121
-0.4621 0.000100
-0.4628 0.000083
-0.4623 0.000069
-0.4610 0.000057
-0.4589 0.000047
-0.4564 0.000038
-0.4534 0.000031
-0.4501 0.000026
-0.4464 0.000021
-0.4424 0.000017
-0.4381 0.000014
-0.4335 0.000012
-0.4286 0.000009
-0.4235 0.000008
-0.4183 0.000006
-0.4131 0.000005
-0.4079 0.000004
-0.4029 0.000003
-0.3981 0.000003
-0.3936 0.000002
-0.3893 0.000002
-0.3852 0.000002
-0.3813 0.000001
-0.3635 0.090929
-0.3446 0.086184
-0.3280 0.082034
-0.3133 0.078364
-0.3001 0.075068
-0.2881 0.072060
-0.2770 0.069280
-0.2666 0.066687
-0.2569 0.064256
-0.2478 0.061969
-0.2392 0.059810
-0.2310 0.057766
-0.2232 0.055826
-0.2159 0.053983
-0.2089 0.052236
-0.2023 0.050584
-0.1960 0.049019
-0.1901 0.047533
-0.1844 0.046112
-0.1792 0.041787
-0.1752 0.034126
-0.1727 0.027964
