-0.3600 -0.026488
-0.3514 -0.023243
-0.3431 -0.020289
-0.3352 -0.017631
-0.3274 -0.015265
-0.3198 -0.013177
-0.3123 -0.011349
-0.3049 -0.009755
-0.2975 -0.008371
-0.2901 -0.007175
-0.2826 -0.006143
-0.2750 -0.005256
-0.2672 -0.004496
-0.2592 -0.003846
-0.2508 -0.003290
-0.2421 -0.002816
-0.2328 -0.002412
-0.2230 -0.002067
-0.2126 -0.001774
-0.2014 -0.001524
-0.1893 -0.001311
-0.1759 -0.001130
-0.1768 -0.162633
-0.1954 -0.153097
-0.2137 -0.143794
-0.2309 -0.135083
-0.2466 -0.127115
-0.2608 -0.119940
-0.2734 -0.113584
-0.2843 -0.108054
-0.2937 -0.103334
-0.3015 -0.099388
-0.3079 -0.096157
-0.3130 -0.093571
-0.3429 -0.236173
-0.3671 -0.199666
-0.3827 -0.176219
-0.3918 -0.154493
-0.3961 -0.140947
-0.3976 -0.132884
-0.3974 -0.128105
-0.3962 -0.125362
-0.3944 -0.123919
-0.3923 -0.123328
-0.3900 -0.123306
-0.3877 -0.123668
-0.3854 -0.124290
-0.3831 -0.125088
-0.3806 -0.120344
-0.3768 -0.113913
-0.3755 -0.168716
-0.3797 -0.151543
-0.3798 -0.136392
-0.3770 -0.126672
-0.3724 -0.120228
-0.3667 -0.115822
-0.3606 -0.112699
-0.3542 -0.110411
-0.3479 -0.108708
-0.3419 -0.107454
-0.3360 -0.106570
-0.3304 -0.106005
-0.3251 -0.105719
-0.3201 -0.105674
-0.3153 -0.105838
-0.3107 -0.106181
-0.3063 -0.106683
-0.3021 -0.107329
-0.2981 -0.106969
-0.2922 -0.091081
-0.2834 -0.078515
-0.2724 -0.068255
-0.2595 -0.059680
-0.2448 -0.052402
-0.2282 -0.046162
-0.2098 -0.040781
-0.1894 -0.036119
-0.1664 -0.032093
-0.1397 -0.028681
-0.1064 -0.025922
-0.0605 -0.023939
0.0091 -0.022938
0.1077 -0.022652
0.2044 -0.021737
0.2721 -0.019726
0.3100 -0.017130
0.3249 -0.014439
0.3240 -0.011937
0.3131 -0.009747
0.2965 -0.007901
0.2771 -0.006379
0.2567 -0.005140
0.2364 -0.004140
0.2168 -0.003335
0.1981 -0.002687
0.1803 -0.002167
0.1633 -0.001749
0.1470 -0.001411
0.1311 -0.001139
0.1155 -0.000919
0.0997 -0.000741
0.0835 -0.000597
0.0663 -0.000479
0.0472 -0.000383
0.0249 -0.000304
-0.0027 -0.000239
-0.0388 -0.000183
-0.0868 -0.000136
-0.1453 -0.000097
-0.2051 -0.000066
-0.2571 -0.000045
-0.2976 -0.000031
-0.3271 -0.000022
-0.3472 -0.000016
-0.3599 -0.000012
-0.3669 -0.000010
-0.3694 -0.000008
-0.3686 -0.000007
-0.3654 -0.000006
-0.3662 -0.133987
-0.3897 -0.165766
-0.4049 -0.142850
-0.4136 -0.129643
-0.4198 -0.120458
-0.4248 -0.112921
-0.4289 -0.106722
-0.4320 -0.102083
-0.4339 -0.099102
-0.4349 -0.097660
-0.4350 -0.097508
-0.4344 -0.098359
-0.4334 -0.099945
-0.4320 -0.101976
-0.4297 -0.096770
-0.4258 -0.091401
-0.4208 -0.087990
-0.4151 -0.085740
-0.4090 -0.084259
-0.4026 -0.083348
-0.3960 -0.082892
-0.3893 -0.082818
-0.3825 -0.083066
-0.3754 -0.076987
-0.3666 -0.068808
-0.3566 -0.061789
-0.3455 -0.055578
-0.3336 -0.049986
-0.3210 -0.044906
-0.3078 -0.040269
-0.2941 -0.036032
-0.2799 -0.032166
-0.2652 -0.028654
-0.2500 -0.025480
-0.2342 -0.022632
-0.2174 -0.020094
-0.1993 -0.017853
-0.1794 -0.015895
-0.1568 -0.014212
-0.1295 -0.012810
-0.0942 -0.011715
-0.0436 -0.011000
0.0343 -0.010750
0.1360 -0.010688
0.2254 -0.010187
0.2838 -0.009197
0.3136 -0.007976
0.3223 -0.006733
0.3168 -0.005586
0.3028 -0.004585
0.2843 -0.003741
0.2639 -0.003043
0.2432 -0.002473
0.2230 -0.002009
0.2037 -0.001633
0.1853 -0.001328
0.1678 -0.001081
0.1511 -0.000880
0.1350 -0.000717
0.1192 -0.000584
0.1035 -0.000475
0.0875 -0.000386
0.0709 -0.000313
0.0528 -0.000254
0.0322 -0.000204
0.0075 -0.000162
-0.0242 -0.000127
-0.0663 -0.000097
-0.1202 -0.000071
-0.1801 -0.000050
-0.2360 -0.000034
-0.2822 -0.000024
-0.3176 -0.000017
-0.3438 -0.000012
-0.3626 -0.000009
-0.3758 -0.000007
-0.3848 -0.000005
-0.3905 -0.000004
-0.3936 -0.000003
-0.3946 -0.000003
-0.3939 -0.000002
-0.3990 -0.050547
-0.4036 -0.048228
-0.4057 -0.047157
-0.4061 -0.046953
-0.4054 -0.047311
-0.4039 -0.048038
-0.4019 -0.049028
-0.3995 -0.050222
-0.3968 -0.051581
-0.3938 -0.053072
-0.3906 -0.054664
-0.3873 -0.056328
-0.3839 -0.058046
-0.3803 -0.059813
-0.3765 -0.057120
-0.3711 -0.049807
-0.3641 -0.043831
-0.3560 -0.038775
-0.3471 -0.034393
-0.3375 -0.030533
-0.3272 -0.027103
-0.3165 -0.024040
-0.3053 -0.021301
-0.2937 -0.018851
-0.2817 -0.016660
-0.2694 -0.014700
-0.2567 -0.012949
-0.2528 -0.134666
-0.2633 -0.127219
-0.2835 -0.223523
-0.3073 -0.197864
-0.3248 -0.179163
-0.3374 -0.165660
-0.3467 -0.155732
-0.3537 -0.148223
-0.3591 -0.142422
-0.3633 -0.137917
-0.3666 -0.134457
-0.3690 -0.131863
-0.3707 -0.130000
-0.3717 -0.125387
-0.3707 -0.116121
-0.3681 -0.109812
-0.3643 -0.105498
-0.3590 -0.092568
-0.3512 -0.081022
-0.3418 -0.071497
-0.3311 -0.063335
-0.3194 -0.056175
-0.3071 -0.049811
-0.2940 -0.044122
-0.2805 -0.039032
-0.2663 -0.034487
-0.2514 -0.030444
-0.2357 -0.026864
-0.2188 -0.023714
-0.2005 -0.020963
-0.1801 -0.018586
-0.1564 -0.016569
-0.1273 -0.014915
-0.0886 -0.013663
-0.0313 -0.012914
0.0574 -0.012745
0.1649 -0.012623
0.2516 -0.011852
0.3051 -0.010545
0.3300 -0.009028
0.3343 -0.007534
0.3252 -0.006187
0.3083 -0.005033
0.2877 -0.004072
0.2659 -0.003287
0.2441 -0.002652
0.2232 -0.002140
0.2034 -0.001728
0.1847 -0.001397
0.1670 -0.001130
0.1501 -0.000914
0.1337 -0.000740
0.1177 -0.000599
0.1016 -0.000485
0.0850 -0.000391
0.0674 -0.000315
0.0478 -0.000253
0.0249 -0.000201
-0.0038 -0.000158
-0.0418 -0.000121
-0.0924 -0.000090
-0.1536 -0.000063
-0.2152 -0.000043
-0.2681 -0.000029
-0.3093 -0.000020
-0.3396 -0.000014
-0.3608 -0.000010
-0.3749 -0.000008
-0.3834 -0.000006
-0.3875 -0.000005
-0.3883 -0.000004
-0.3865 -0.000003
-0.3825 -0.000003
-0.3769 -0.000002
-0.3770 -0.061497
-0.3789 -0.060529
-0.3784 -0.060790
-0.3767 -0.061646
-0.3750 -0.062505
-0.3738 -0.063080
-0.3733 -0.063337
-0.3733 -0.063369
-0.3734 -0.063306
-0.3760 -0.124083
-0.3950 -0.157726
-0.4072 -0.139384
-0.4145 -0.128268
-0.4189 -0.121723
-0.4213 -0.118060
-0.4225 -0.116256
-0.4229 -0.115695
-0.4227 -0.115988
-0.4221 -0.116875
-0.4212 -0.118175
-0.4202 -0.119751
-0.4187 -0.117091
-0.4162 -0.114561
-0.4195 -0.142169
-0.4197 -0.131552
-0.4179 -0.125791
-0.4151 -0.122736
-0.4116 -0.121283
-0.4078 -0.120828
-0.4039 -0.121019
-0.4000 -0.121641
-0.3962 -0.122561
-0.3919 -0.116503
-0.3864 -0.111566
-0.3802 -0.108103
-0.3736 -0.105672
-0.3668 -0.104016
-0.3598 -0.102970
-0.3528 -0.102421
-0.3458 -0.102278
-0.3390 -0.102473
-0.3314 -0.091736
-0.3216 -0.080421
-0.3101 -0.070939
-0.2972 -0.062771
-0.2831 -0.055620
-0.2680 -0.049304
-0.2517 -0.043710
-0.2343 -0.038764
-0.2154 -0.034411
-0.1944 -0.030613
-0.1705 -0.027351
-0.1420 -0.024628
-0.1053 -0.022495
-0.0531 -0.021100
0.0283 -0.020661
0.1379 -0.020680
0.2356 -0.019776
0.2994 -0.017821
0.3317 -0.015372
0.3405 -0.012878
0.3337 -0.010590
0.3179 -0.008611
0.2974 -0.006959
0.2752 -0.005608
0.2530 -0.004515
0.2315 -0.003636
0.2112 -0.002930
0.1920 -0.002363
0.1739 -0.001908
0.1567 -0.001541
0.1402 -0.001246
0.1242 -0.001007
0.1083 -0.000813
0.0921 -0.000656
0.0753 -0.000529
0.0569 -0.000424
0.0359 -0.000339
0.0101 -0.000267
-0.0235 -0.000207
-0.0688 -0.000155
-0.1273 -0.000111
-0.1914 -0.000077
-0.2501 -0.000051
-0.2976 -0.000035
-0.3338 -0.000023
-0.3601 -0.000016
-0.3787 -0.000012
-0.3912 -0.000009
-0.3991 -0.000007
-0.4033 -0.000005
-0.4048 -0.000004
-0.4040 -0.000004
-0.4015 -0.000003
-0.3976 -0.000003
-0.3933 -0.053372
-0.3966 -0.051697
-0.3974 -0.051311
-0.3963 -0.051839
-0.3942 -0.052880
-0.3918 -0.054109
-0.3893 -0.055362
-0.3868 -0.056585
-0.3844 -0.057778
-0.3821 -0.058963
-0.3797 -0.060160
-0.3772 -0.061384
-0.3747 -0.062645
-0.3721 -0.063959
-0.3693 -0.065349
-0.3789 -0.174080
-0.3915 -0.148137
-0.3979 -0.133181
-0.4007 -0.124581
-0.4014 -0.119546
-0.4010 -0.116523
-0.4001 -0.114707
-0.3988 -0.113683
-0.3974 -0.113224
-0.3958 -0.113183
-0.3941 -0.113458
-0.3925 -0.113972
-0.3908 -0.114671
-0.3891 -0.115522
-0.3874 -0.115997
-0.3848 -0.108640
-0.3808 -0.101669
-0.3747 -0.089200
-0.3667 -0.079251
-0.3573 -0.070872
-0.3468 -0.063555
-0.3354 -0.057023
-0.3233 -0.051122
-0.3106 -0.045762
-0.2973 -0.040888
-0.2836 -0.036460
-0.2694 -0.032451
-0.2546 -0.028839
-0.2391 -0.025604
-0.2227 -0.022728
-0.2050 -0.020195
-0.1853 -0.017991
-0.1626 -0.016107
-0.1350 -0.014549
-0.0989 -0.013351
-0.0464 -0.012603
0.0358 -0.012427
0.1439 -0.012475
0.2382 -0.011950
0.2990 -0.010809
0.3293 -0.009372
0.3368 -0.007899
0.3294 -0.006539
0.3132 -0.005355
0.2927 -0.004359
0.2705 -0.003539
0.2484 -0.002871
0.2270 -0.002329
0.2068 -0.001891
0.1877 -0.001537
0.1696 -0.001249
0.1524 -0.001017
0.1358 -0.000827
0.1194 -0.000673
0.1030 -0.000547
0.0862 -0.000444
0.0682 -0.000360
0.0482 -0.000290
0.0246 -0.000232
-0.0049 -0.000183
-0.0442 -0.000140
-0.0966 -0.000104
-0.1593 -0.000073
-0.2216 -0.000050
-0.2745 -0.000034
-0.3156 -0.000023
-0.3457 -0.000016
-0.3669 -0.000012
-0.3812 -0.000009
-0.3901 -0.000007
-0.3948 -0.000005
-0.3963 -0.000004
-0.3952 -0.000004
-0.3922 -0.000003
-0.3876 -0.000003
-0.3824 -0.058847
-0.3889 -0.111257
-0.3982 -0.101860
-0.4031 -0.096965
-0.4057 -0.094337
-0.4076 -0.092388
-0.4094 -0.090581
-0.4110 -0.088981
-0.4122 -0.087796
-0.4128 -0.087161
-0.4129 -0.087102
-0.4124 -0.087565
-0.4115 -0.088462
-0.4103 -0.089694
-0.4088 -0.091179
-0.4071 -0.092848
-0.4053 -0.094657
-0.4034 -0.096576
-0.4014 -0.098592
-0.3993 -0.100698
-0.3971 -0.102893
-0.3948 -0.105176
-0.3924 -0.107539
-0.3898 -0.105273
-0.3849 -0.091849
-0.3775 -0.081614
-0.3684 -0.073207
-0.3581 -0.065927
-0.3469 -0.059395
-0.3379 -0.133672
-0.3403 -0.123098
-0.3406 -0.115711
-0.3517 -0.176392
-0.3604 -0.161702
-0.3661 -0.151571
-0.3699 -0.144478
-0.3723 -0.139493
-0.3737 -0.136007
-0.3744 -0.133608
-0.3747 -0.132013
-0.3746 -0.131023
-0.3742 -0.130494
-0.3736 -0.130317
-0.3729 -0.130409
-0.3721 -0.130715
-0.3711 -0.131196
-0.3701 -0.131832
-0.3690 -0.132609
-0.3679 -0.133520
-0.3666 -0.134554
-0.3652 -0.131839
-0.3620 -0.123456
-0.3572 -0.112318
-0.3497 -0.098324
-0.3400 -0.087042
-0.3287 -0.077500
-0.3162 -0.069178
-0.3027 -0.061787
-0.2882 -0.055165
-0.2729 -0.049212
-0.2566 -0.043866
-0.2393 -0.039085
-0.2207 -0.034837
-0.2003 -0.031099
-0.1773 -0.027858
-0.1502 -0.025117
-0.1164 -0.022918
-0.0697 -0.021379
0.0017 -0.020733
0.1059 -0.020832
0.2104 -0.020334
0.2555 -0.395753
0.2421 -0.385804
0.2233 -0.373675
0.2018 -0.360611
0.1791 -0.347425
0.1563 -0.334507
0.1336 -0.321921
0.1107 -0.309499
0.0871 -0.296872
0.0615 -0.283435
0.0321 -0.268207
-0.0044 -0.249571
-0.0525 -0.225217
-0.1146 -0.193894
-0.1831 -0.159349
-0.2449 -0.128237
-0.2932 -0.103848
-0.3284 -0.086107
-0.3529 -0.073791
-0.3691 -0.065606
-0.3793 -0.060482
-0.3850 -0.057596
-0.3875 -0.056312
-0.3878 -0.056131
-0.3867 -0.056677
-0.3847 -0.057683
-0.3821 -0.058971
-0.3868 -0.113310
-0.3917 -0.108371
-0.3944 -0.105628
-0.4022 -0.141519
-0.4078 -0.126675
-0.4104 -0.117533
-0.4114 -0.111687
-0.4114 -0.107857
-0.4108 -0.105379
-0.4098 -0.103894
-0.4084 -0.103173
-0.4068 -0.103049
-0.4050 -0.103388
-0.4030 -0.104081
-0.4010 -0.105040
-0.3990 -0.106197
-0.3984 -0.156878
-0.4043 -0.147070
-0.4069 -0.134843
-0.4063 -0.122154
-0.4032 -0.113406
-0.3984 -0.107730
-0.3926 -0.103920
-0.3862 -0.101319
-0.3795 -0.099551
-0.3726 -0.098387
-0.3657 -0.097688
-0.3589 -0.097364
-0.3522 -0.097356
-0.3457 -0.097616
-0.3393 -0.098101
-0.3333 -0.098768
-0.3275 -0.099575
-0.3220 -0.100489
-0.3165 -0.095844
-0.3091 -0.082538
-0.2997 -0.071686
-0.2889 -0.062531
-0.2771 -0.054640
-0.2646 -0.047759
-0.2515 -0.041730
-0.2378 -0.036445
-0.2234 -0.031824
-0.2081 -0.027798
-0.1916 -0.024312
-0.1732 -0.021323
-0.1519 -0.018799
-0.1259 -0.016723
-0.0914 -0.015114
-0.0412 -0.014043
0.0367 -0.013595
0.1384 -0.013387
0.2275 -0.012636
0.2858 -0.011305
0.3159 -0.009720
0.3249 -0.008137
0.3198 -0.006696
0.3061 -0.005451
0.2878 -0.004410
0.2675 -0.003557
0.2467 -0.002865
0.2264 -0.002307
0.2069 -0.001859
0.1884 -0.001499
0.1707 -0.001209
0.1538 -0.000976
0.1375 -0.000788
0.1215 -0.000636
0.1056 -0.000513
0.0894 -0.000413
0.0724 -0.000332
0.0538 -0.000266
0.0326 -0.000212
0.0069 -0.000167
-0.0262 -0.000129
-0.0703 -0.000097
-0.1264 -0.000070
-0.1873 -0.000049
-0.2430 -0.000033
-0.2879 -0.000023
-0.3216 -0.000016
-0.3458 -0.000011
-0.3623 -0.000008
-0.3729 -0.000006
-0.3790 -0.000005
-0.3817 -0.000004
-0.3819 -0.000003
-0.3799 -0.000003
-0.3803 -0.059886
-0.3856 -0.057219
-0.3883 -0.055860
-0.3896 -0.055217
-0.3903 -0.054836
-0.3910 -0.054518
-0.3915 -0.054261
-0.3917 -0.054140
-0.3915 -0.054224
-0.3909 -0.054548
-0.3898 -0.055114
-0.3882 -0.055905
-0.3862 -0.056890
-0.3839 -0.058039
-0.3813 -0.059325
-0.3785 -0.060727
-0.3755 -0.062232
-0.3723 -0.063830
-0.3689 -0.065520
-0.3654 -0.067300
-0.3616 -0.069171
-0.3577 -0.071130
-0.3526 -0.062192
-0.3455 -0.054439
-0.3369 -0.047986
-0.3272 -0.042448
-0.3168 -0.037592
-0.3058 -0.033274
-0.2946 -0.029400
-0.2832 -0.025917
-0.2717 -0.022794
-0.2600 -0.020008
-0.2481 -0.017538
-0.2358 -0.015362
-0.2229 -0.013457
-0.2091 -0.011798
-0.1940 -0.010362
-0.1772 -0.009129
-0.1664 -0.174752
-0.1805 -0.166130
-0.1948 -0.157679
-0.2090 -0.149583
-0.2227 -0.141882
-0.2360 -0.134587
-0.2507 -0.251718
-0.2838 -0.217959
-0.3096 -0.191691
-0.3291 -0.171866
-0.3428 -0.148140
-0.3506 -0.129824
-0.3545 -0.117604
-0.3556 -0.109354
-0.3548 -0.103768
-0.3527 -0.100023
-0.3498 -0.097588
-0.3462 -0.096106
-0.3423 -0.095329
-0.3380 -0.095082
-0.3337 -0.095238
-0.3293 -0.095704
-0.3249 -0.096413
-0.3199 -0.087059
-0.3123 -0.075066
-0.3027 -0.065295
-0.2915 -0.057101
-0.2789 -0.050094
-0.2652 -0.044028
-0.2528 -0.162016
-0.2703 -0.259547
-0.2943 -0.227830
-0.3115 -0.205271
-0.3241 -0.188849
-0.3339 -0.176223
-0.3419 -0.166044
-0.3486 -0.157675
-0.3542 -0.150827
-0.3587 -0.145325
-0.3622 -0.141009
-0.3649 -0.137711
-0.3669 -0.135263
-0.3683 -0.133506
-0.3691 -0.132304
-0.3696 -0.131549
-0.3698 -0.131160
-0.3697 -0.131085
-0.3678 -0.113623
-0.3624 -0.098728
-0.3546 -0.087107
-0.3450 -0.077524
-0.3341 -0.069310
-0.3353 -0.139857
-0.3359 -0.129859
-0.3344 -0.123082
-0.3316 -0.118421
-0.3281 -0.115083
-0.3245 -0.112583
-0.3210 -0.110654
-0.3177 -0.109145
-0.3146 -0.107965
-0.3118 -0.107050
-0.3092 -0.106347
-0.3069 -0.105816
-0.3048 -0.105424
-0.3029 -0.105146
-0.3012 -0.104970
-0.2996 -0.104890
-0.2981 -0.104908
-0.2966 -0.105030
-0.2950 -0.105265
-0.2934 -0.105619
-0.2917 -0.106099
-0.2899 -0.106710
-0.2879 -0.107456
-0.2857 -0.108338
-0.2828 -0.100056
-0.2768 -0.085835
-0.2682 -0.074451
-0.2575 -0.065042
-0.2452 -0.057067
-0.2317 -0.050187
-0.2171 -0.044198
-0.2013 -0.038969
-0.1841 -0.034420
-0.1648 -0.030498
-0.1423 -0.027176
-0.1145 -0.024460
-0.0769 -0.022413
-0.0665 -0.235812
-0.0621 -0.235055
-0.0641 -0.449675
-0.1115 -0.398995
-0.1660 -0.341645
-0.2188 -0.286721
-0.2634 -0.240543
-0.2983 -0.204541
-0.3245 -0.177596
-0.3436 -0.157928
-0.3625 -0.207578
-0.3815 -0.178689
-0.3931 -0.155500
-0.3983 -0.132548
-0.3987 -0.118507
-0.3964 -0.109784
-0.3923 -0.104127
-0.3873 -0.100331
-0.3816 -0.097737
-0.3757 -0.095980
-0.3695 -0.094854
-0.3633 -0.094239
-0.3571 -0.094059
-0.3509 -0.094265
-0.3447 -0.094818
-0.3384 -0.095687
-0.3321 -0.096841
-0.3259 -0.098252
-0.3194 -0.094027
-0.3105 -0.081629
-0.2993 -0.071556
-0.2862 -0.063097
-0.2714 -0.055836
-0.2550 -0.049522
-0.2371 -0.043977
-0.2181 -0.039043
-0.1979 -0.034627
-0.1764 -0.030698
-0.1528 -0.027267
-0.1251 -0.024367
-0.0898 -0.022069
-0.0393 -0.020509
0.0380 -0.019818
0.1375 -0.019442
0.2244 -0.018297
0.2814 -0.016346
0.3112 -0.014051
0.3206 -0.011769
0.3163 -0.009693
0.3035 -0.007900
0.2861 -0.006398
0.2665 -0.005165
0.2463 -0.004163
0.2265 -0.003355
0.2073 -0.002704
0.1891 -0.002181
0.1717 -0.001760
0.1550 -0.001421
0.1389 -0.001148
0.1232 -0.000927
0.1077 -0.000748
0.0919 -0.000603
0.0756 -0.000486
0.0580 -0.000390
0.0382 -0.000311
0.0146 -0.000247
-0.0152 -0.000192
-0.0549 -0.000146
-0.1067 -0.000107
-0.1665 -0.000075
-0.2244 -0.000051
-0.2729 -0.000035
-0.3102 -0.000024
-0.3375 -0.000017
-0.3564 -0.000013
-0.3688 -0.000010
-0.3762 -0.000007
-0.3801 -0.000006
-0.3812 -0.000005
-0.3883 -0.055918
-0.3943 -0.052881
-0.4059 -0.094214
-0.4195 -0.120937
-0.4278 -0.108322
-0.4328 -0.100802
-0.4358 -0.096286
-0.4375 -0.093735
-0.4383 -0.092616
-0.4383 -0.092600
-0.4377 -0.093434
-0.4367 -0.094914
-0.4354 -0.096885
-0.4334 -0.094531
-0.4303 -0.090961
-0.4256 -0.082382
-0.4191 -0.074824
-0.4113 -0.068518
-0.4025 -0.062878
-0.3930 -0.057642
-0.3829 -0.052695
-0.3723 -0.047998
-0.3612 -0.043547
-0.3498 -0.039351
-0.3382 -0.035423
-0.3262 -0.031773
-0.3139 -0.028404
-0.3014 -0.025315
-0.2887 -0.022502
-0.2756 -0.019956
-0.2621 -0.017666
-0.2482 -0.015620
-0.2335 -0.013804
-0.2179 -0.012204
-0.2009 -0.010805
-0.1819 -0.009596
-0.1600 -0.008567
-0.1333 -0.007715
-0.0985 -0.007053
-0.0485 -0.006622
0.0291 -0.006477
0.1325 -0.006467
0.2252 -0.006196
0.2860 -0.005611
0.3168 -0.004872
0.3252 -0.004111
0.3187 -0.003407
0.3036 -0.002793
0.2840 -0.002276
0.2628 -0.001849
0.2415 -0.001501
0.2209 -0.001219
0.2012 -0.000990
0.1826 -0.000805
0.1650 -0.000655
0.1481 -0.000533
0.1317 -0.000434
0.1156 -0.000353
0.0994 -0.000287
0.0827 -0.000233
0.0649 -0.000189
0.0450 -0.000152
0.0214 -0.000122
-0.0082 -0.000096
-0.0477 -0.000074
-0.1001 -0.000054
-0.1620 -0.000038
-0.2228 -0.000026
-0.2742 -0.000018
-0.3138 -0.000012
-0.3427 -0.000009
-0.3629 -0.000006
-0.3763 -0.000005
-0.3844 -0.000004
-0.3884 -0.000003
-0.3895 -0.000002
-0.3882 -0.000002
-0.3851 -0.000002
-0.3806 -0.000002
-0.3871 -0.113044
-0.3982 -0.101864
-0.4044 -0.095691
-0.4077 -0.092289
-0.4101 -0.089948
-0.4120 -0.087992
-0.4136 -0.086383
-0.4147 -0.085262
-0.4153 -0.084725
-0.4152 -0.084778
-0.4146 -0.085358
-0.4136 -0.086369
-0.4123 -0.087721
-0.4100 -0.082874
-0.4116 -0.119534
-0.4136 -0.111852
-0.4134 -0.107794
-0.4121 -0.105939
-0.4100 -0.105426
-0.4142 -0.137621
-0.4155 -0.127065
-0.4146 -0.121262
-0.4125 -0.118156
-0.4098 -0.116643
-0.4067 -0.116099
-0.4035 -0.116160
-0.4004 -0.116601
-0.3973 -0.117283
-0.3944 -0.118124
-0.3917 -0.119092
-0.3889 -0.116739
-0.3849 -0.110456
-0.3799 -0.106157
-0.3742 -0.103215
-0.3681 -0.101253
-0.3617 -0.100032
-0.3549 -0.092914
-0.3460 -0.081749
-0.3354 -0.072470
-0.3234 -0.064491
-0.3101 -0.057483
-0.2959 -0.051258
-0.2805 -0.045700
-0.2641 -0.040734
