0.9144 14.4739
0.9110 12.9720
0.9076 11.8295
0.9045 11.0943
0.9021 10.7824
0.9007 10.7593
0.9002 10.8609
0.9003 10.9562
0.9005 10.9503
0.9005 10.7804
0.9000 10.4205
0.8988 9.8865
0.8969 9.2258
0.8940 8.4984
0.8904 7.7597
0.8860 7.0514
0.8809 6.3996
0.8752 5.8178
0.8691 5.3098
0.8627 4.8735
0.8563 4.5103
0.8501 4.2295
0.8446 4.0291
0.8400 3.8953
0.8366 3.8167
0.8345 3.7987
0.8338 3.8460
0.8346 3.9464
0.8367 4.0817
0.8396 4.2668
0.8441 4.7034
0.8521 5.6210
0.8634 6.9213
0.8754 8.3259
0.8856 9.6600
0.8935 10.8609
0.8991 11.9035
0.9031 12.7708
0.9058 13.4260
0.9076 14.0231
0.9099 17.0319
0.9142 21.9665
0.9192 29.2751
0.9239 36.5477
0.9274 42.1728
0.9296 46.2887
0.9309 49.0776
0.9317 50.6541
0.9320 51.1286
0.9321 50.1153
0.9320 48.6317
0.9319 49.3018
0.9318 49.1510
0.9318 50.5901
0.9321 54.1096
0.9325 56.9470
0.9329 59.0375
0.9332 60.4077
0.9334 60.8463
0.9335 60.1271
0.9335 58.1187
0.9332 54.8596
0.9328 50.5378
0.9322 45.4912
0.9312 40.1946
0.9300 35.0838
0.9284 30.4497
0.9266 26.4617
0.9244 23.1547
0.9221 20.4694
0.9197 18.3246
0.9172 16.6385
0.9147 15.3225
0.9125 14.3150
0.9105 13.6728
0.9090 13.3636
0.9081 13.2192
0.9075 13.1247
0.9072 13.1159
0.9072 13.2347
0.9074 13.3699
0.9076 13.4045
0.9077 13.2814
0.9075 12.9869
0.9069 12.5232
0.9058 11.9011
0.9041 11.1498
0.9018 10.3202
0.8989 9.4699
0.8954 8.6486
0.8914 7.9012
0.8870 7.2566
0.8825 6.7186
0.8780 6.2770
0.8738 5.9158
0.8698 5.6187
0.8663 5.3814
0.8632 5.2116
0.8607 5.1147
0.8594 5.1766
0.8604 5.5747
0.8646 6.2147
0.8708 7.0379
0.8781 8.1850
0.8859 9.5274
0.8930 10.8583
0.8988 12.0561
0.9032 13.0661
0.9063 13.8391
0.9084 14.3358
0.9097 14.6826
0.9115 18.2050
0.9163 26.7164
0.9218 34.2724
0.9261 40.0142
0.9288 44.3088
0.9304 47.4876
0.9313 49.6914
0.9318 50.6713
0.9320 50.0779
0.9319 47.5894
0.9315 44.3191
0.9311 43.5848
0.9309 45.7546
0.9312 49.8958
0.9317 53.1767
0.9323 55.3937
0.9327 56.8920
0.9330 57.6804
0.9331 57.4610
0.9331 55.8951
0.9329 52.8403
0.9325 48.5349
0.9318 43.5180
0.9308 38.3512
0.9295 33.4270
0.9278 28.9721
0.9258 25.1098
0.9236 21.8741
0.9210 19.2240
0.9183 17.0980
0.9155 15.4261
0.9128 14.1256
0.9102 13.1138
0.9077 12.3185
0.9056 11.6818
0.9036 11.1532
0.9018 10.6855
0.9001 10.2572
0.8985 9.9575
0.8974 9.8954
0.8969 10.0023
0.8971 10.1647
0.8975 10.3004
0.8980 10.3466
0.8983 10.2442
0.8980 9.9916
0.8972 9.7197
0.8962 9.5396
0.8954 9.4407
0.8948 9.3836
0.8944 9.3259
0.8940 9.2232
0.8935 9.0341
0.8926 8.7354
0.8912 8.3346
0.8891 7.8634
0.8863 7.3761
0.8831 6.9725
0.8804 6.8706
0.8794 7.1621
0.8808 7.6936
0.8839 8.3228
0.8876 9.0008
0.8915 9.8837
0.8957 10.9155
0.8996 11.8852
0.9028 12.6613
0.9053 13.2102
0.9070 13.6593
0.9089 16.0384
0.9131 21.6095
0.9186 29.5077
0.9237 36.3012
0.9272 41.5081
0.9295 45.6813
0.9308 48.8173
0.9316 50.7044
0.9320 51.1153
0.9321 49.9343
0.9319 47.1972
0.9315 43.1752
0.9308 40.9124
0.9304 44.4143
0.9308 48.7189
0.9314 51.9195
0.9320 54.1595
0.9325 55.6912
0.9328 56.3830
0.9329 55.9259
0.9329 54.0273
0.9326 50.6665
0.9321 46.2223
0.9313 41.2697
0.9302 36.3153
0.9288 31.6855
0.9271 27.5412
0.9251 23.9554
0.9227 20.9556
0.9202 18.5024
0.9174 16.5186
0.9146 14.9182
0.9118 13.6189
0.9090 12.5450
0.9063 11.6273
0.9036 10.8092
0.9008 10.0527
0.8979 9.3373
0.8947 8.6594
0.8913 8.0266
0.8876 7.4467
0.8837 6.9231
0.8796 6.4529
0.8754 6.0327
0.8713 5.7252
0.8681 5.6566
0.8669 5.8140
0.8679 6.1052
0.8704 6.4455
0.8735 6.7625
0.8764 6.9931
0.8786 7.0897
0.8797 7.0338
0.8795 6.8394
0.8782 6.5423
0.8758 6.1845
0.8725 5.8045
0.8685 5.4318
0.8640 5.0857
0.8593 4.7871
0.8547 4.5575
0.8507 4.4219
0.8486 4.5558
0.8506 5.0204
0.8563 5.6519
0.8637 6.3298
0.8714 7.1344
0.8789 8.1704
0.8861 9.2537
0.8921 10.2314
0.8968 11.0646
0.9003 11.7625
0.9030 12.5550
0.9064 16.0902
0.9125 23.4423
0.9193 31.8851
0.9247 38.4936
0.9281 43.5447
0.9302 47.6003
0.9313 50.7198
0.9320 52.6581
0.9324 53.1224
0.9324 51.8646
0.9323 48.8654
0.9319 46.5158
0.9316 48.2215
0.9317 52.2825
0.9322 55.6835
0.9327 58.1376
0.9331 59.9232
0.9334 60.9906
0.9335 61.1328
0.9336 60.0320
0.9335 57.4075
0.9331 53.2929
0.9326 48.1334
0.9317 42.5797
0.9306 37.1788
0.9291 32.2416
0.9274 27.9226
0.9253 24.2924
0.9230 21.3327
0.9205 18.9630
0.9180 17.0776
0.9154 15.5702
0.9129 14.3471
0.9105 13.3286
0.9082 12.4493
0.9059 11.6574
0.9036 10.9131
0.9011 10.1904
0.8984 9.5259
0.8957 9.0768
0.8936 8.8635
0.8922 8.7959
0.8916 8.8673
0.8918 9.1121
0.8928 9.4366
0.8941 9.6984
0.8953 9.7957
0.8958 9.6921
0.8956 9.4041
0.8945 8.9720
0.8926 8.4427
0.8899 7.8632
0.8865 7.2742
0.8824 6.7040
0.8778 6.1666
0.8727 5.6657
0.8671 5.2017
0.8611 4.7768
0.8546 4.3938
0.8478 4.0560
0.8409 3.7766
0.8344 3.5724
0.8289 3.4481
0.8255 3.5062
0.8275 3.9247
0.8357 4.5847
0.8470 5.3435
0.8589 6.2867
0.8703 7.4634
0.8805 8.7014
0.8888 9.8925
0.8951 10.9832
0.8998 11.9457
0.9033 12.7456
0.9057 13.4490
0.9084 16.3500
0.9137 24.3801
0.9201 32.9609
0.9252 39.7837
0.9285 44.9851
0.9305 48.8580
0.9316 51.7315
0.9322 53.5058
0.9325 53.8292
0.9326 52.4359
0.9324 49.3644
0.9319 44.9255
0.9311 41.8499
0.9307 45.1898
0.9311 50.4301
0.9317 54.3041
0.9324 57.0513
0.9329 59.0321
0.9332 60.2566
0.9334 60.5729
0.9335 59.6510
0.9334 57.1269
0.9331 52.9580
0.9325 47.6139
0.9316 41.8390
0.9304 36.2802
0.9289 31.3069
0.9270 27.0391
0.9248 23.4655
0.9224 20.5286
0.9197 18.1572
0.9170 16.2657
0.9142 14.7583
0.9115 13.5428
0.9088 12.5380
0.9062 11.6744
0.9037 10.8951
0.9011 10.1740
0.8984 9.5908
0.8960 9.2405
0.8942 9.0642
0.8931 9.0171
0.8928 9.1610
0.8932 9.4457
0.8943 9.7227
0.8954 9.8774
0.8961 9.8547
0.8962 9.6377
0.8955 9.2294
0.8938 8.6554
0.8910 7.9657
0.8871 7.2239
0.8821 6.4902
0.8761 5.8089
0.8691 5.2048
0.8615 4.6874
0.8535 4.2584
0.8455 3.9171
0.8380 3.6583
0.8313 3.4713
0.8258 3.3412
0.8215 3.2524
0.8184 3.1971
0.8164 3.1821
0.8159 3.2291
0.8173 3.3575
0.8210 3.5714
0.8266 3.8525
0.8334 4.1721
0.8405 4.5029
0.8472 4.8632
0.8544 5.5641
0.8642 6.8839
0.8759 8.5635
0.8869 10.3170
0.8958 12.0043
0.9024 13.5481
0.9072 14.8959
0.9104 16.0439
0.9131 18.7066
0.9174 27.6196
0.9228 37.1969
0.9271 44.4784
0.9299 49.9237
0.9315 54.0279
0.9325 56.9506
0.9330 58.6920
0.9333 58.8903
0.9333 57.7590
0.9333 60.0170
0.9335 64.2716
0.9338 66.9672
0.9341 68.3038
0.9343 68.7458
0.9344 68.5273
0.9344 67.6386
0.9343 65.8168
0.9341 62.6633
0.9338 57.9706
0.9333 52.0306
0.9324 45.5479
0.9313 39.2202
0.9298 33.4776
0.9279 28.4937
0.9256 24.3019
0.9230 20.8832
0.9202 18.1656
0.9171 16.0288
0.9139 14.3440
0.9107 13.0015
0.9076 11.9229
0.9046 11.0867
0.9020 10.5929
0.9001 10.4547
0.8993 10.5247
0.8992 10.6546
0.8995 10.7367
0.8997 10.6975
0.8996 10.4883
0.8990 10.0747
0.8975 9.4725
0.8951 8.8068
0.8922 8.2847
0.8894 7.9571
0.8871 7.7565
0.8855 7.6099
0.8843 7.4580
0.8831 7.2522
0.8815 6.9586
0.8793 6.5692
0.8761 6.1058
0.8717 5.6082
0.8663 5.1164
0.8599 4.6609
0.8528 4.2589
0.8454 3.9178
0.8379 3.6398
0.8308 3.4220
0.8244 3.2571
0.8191 3.1448
0.8152 3.0960
0.8132 3.1091
0.8131 3.1710
0.8148 3.2669
0.8178 3.4011
0.8220 3.6050
0.8278 3.9067
0.8356 4.4561
0.8466 5.3722
0.8594 6.4635
0.8714 7.5646
0.8811 8.5985
0.8887 9.7162
0.8948 11.0714
0.9002 12.6994
0.9051 14.5996
0.9102 19.1450
0.9161 25.2202
0.9212 30.0089
0.9248 34.6545
0.9275 41.7795
0.9296 47.7597
0.9311 51.8300
0.9320 54.2530
0.9326 55.4608
0.9328 55.7751
0.9330 58.2084
0.9332 60.5590
0.9334 61.6068
0.9337 64.4336
0.9339 66.5648
0.9341 67.3737
0.9342 67.4142
0.9343 66.7323
0.9342 65.1015
0.9341 62.3166
0.9338 58.3377
0.9333 53.3468
0.9326 47.7062
0.9317 41.9075
0.9304 36.4081
0.9289 31.4583
0.9270 27.1416
0.9249 23.4756
0.9224 20.4273
0.9196 17.9113
0.9167 15.8519
0.9136 14.3027
0.9107 13.2873
0.9083 12.6548
0.9065 12.2553
0.9052 11.9843
0.9043 11.7557
0.9035 11.4900
0.9026 11.1197
0.9014 10.5996
0.8997 9.9603
0.8974 9.3694
0.8950 8.9848
0.8930 8.7685
0.8916 8.6329
0.8907 8.5101
0.8898 8.3475
0.8889 8.0979
0.8874 7.7265
0.8851 7.2339
0.8817 6.6607
0.8772 6.0623
0.8716 5.4885
0.8651 4.9747
0.8581 4.5390
0.8508 4.1843
0.8438 3.9040
0.8374 3.6919
0.8320 3.5543
0.8280 3.4901
0.8258 3.4894
0.8254 3.5557
0.8271 3.7100
0.8308 3.9450
0.8360 4.2340
0.8423 4.6415
0.8505 5.3714
0.8605 6.3198
0.8707 7.3306
0.8796 8.3111
0.8869 9.2647
0.8927 10.3830
0.8978 11.7574
0.9025 13.3861
0.9073 16.6719
0.9133 22.6457
0.9190 27.6812
0.9232 31.3789
0.9258 34.0007
0.9274 35.8659
0.9284 39.6334
0.9295 44.8854
0.9306 48.4728
0.9314 49.9291
0.9318 50.6548
0.9321 53.8472
0.9325 56.5033
0.9329 57.9965
0.9331 58.3384
0.9332 57.9926
0.9333 59.9906
0.9334 61.4672
0.9336 61.4304
0.9336 60.2160
0.9335 58.2478
0.9333 55.7405
0.9330 52.8584
0.9325 49.6155
0.9320 45.8926
0.9313 41.6655
0.9303 37.1679
0.9291 32.7435
0.9275 28.6423
0.9256 24.9980
0.9235 21.8537
0.9210 19.2009
0.9183 17.0843
0.9156 15.5803
0.9131 14.5735
0.9110 13.8855
0.9094 13.3733
0.9081 12.9273
0.9069 12.4586
0.9056 11.9000
0.9040 11.2128
0.9019 10.4124
0.8992 9.6199
0.8962 9.0435
0.8936 8.7153
0.8916 8.5424
0.8903 8.4368
0.8895 8.3315
0.8887 8.1696
0.8877 7.9028
0.8861 7.5075
0.8836 7.0016
0.8800 6.4316
0.8752 5.8500
0.8693 5.3007
0.8627 4.8116
0.8555 4.3939
0.8481 4.0494
0.8409 3.7798
0.8345 3.5927
0.8294 3.5036
0.8266 3.5190
0.8266 3.6542
0.8296 3.9053
0.8351 4.2374
0.8419 4.6091
0.8489 5.0218
0.8564 5.6867
0.8651 6.6284
0.8741 7.6748
0.8824 8.7758
0.8897 10.0684
0.8960 11.4292
0.9011 12.7232
0.9053 14.2432
0.9098 18.5048
0.9155 24.3927
0.9206 29.0140
0.9242 32.3428
0.9264 34.6276
0.9277 36.0949
0.9285 38.6618
0.9294 43.7793
0.9304 47.4094
0.9311 48.8949
0.9316 51.3274
0.9321 54.8987
0.9326 57.1705
0.9330 58.2532
0.9332 58.2684
0.9332 57.2852
0.9332 58.2635
0.9333 59.5282
0.9333 59.2807
0.9333 57.6820
0.9332 55.1109
0.9328 52.0450
0.9324 48.9559
0.9319 45.8461
0.9313 42.4088
0.9305 38.5364
0.9294 34.4525
0.9281 30.5148
0.9265 26.9704
0.9247 23.8876
0.9226 21.1947
0.9203 18.7948
0.9177 16.6673
0.9148 14.8405
0.9117 13.3884
0.9087 12.4151
0.9061 11.8519
0.9043 11.5463
0.9030 11.3662
0.9023 11.2082
0.9016 10.9872
0.9009 10.6395
0.8997 10.1320
0.8978 9.4705
0.8951 8.7351
0.8918 8.1274
0.8886 7.7662
0.8860 7.5881
0.8844 7.5077
0.8835 7.4600
0.8830 7.3900
0.8824 7.2457
0.8813 6.9920
0.8795 6.6303
0.8766 6.1931
0.8726 5.7228
0.8677 5.2618
0.8619 4.8451
0.8558 4.4932
0.8498 4.2113
0.8442 3.9958
0.8393 3.8399
0.8354 3.7514
0.8332 3.7760
0.8336 3.9473
0.8370 4.2664
0.8430 4.7047
0.8505 5.2175
0.8583 5.7817
0.8662 6.6298
0.8751 8.0058
0.8846 9.6651
0.8932 11.3205
0.9001 12.8053
0.9051 14.0640
0.9088 16.1174
0.9134 21.5447
0.9185 26.8442
0.9227 30.9015
0.9255 33.9513
0.9273 36.3230
0.9284 38.0451
0.9290 39.8180
0.9297 44.1275
0.9306 48.5956
0.9315 54.1758
0.9323 58.0294
0.9330 60.0804
0.9333 60.8694
0.9335 60.6274
0.9335 59.6623
0.9335 60.5352
0.9336 61.6208
0.9336 60.7349
0.9335 58.3533
0.9333 55.2411
0.9329 51.9280
0.9324 48.6651
0.9318 45.5267
0.9312 42.1662
0.9304 38.3396
0.9294 34.2298
0.9280 30.2110
0.9264 26.5594
0.9245 23.3766
0.9222 20.6327
0.9198 18.2437
0.9170 16.1609
0.9140 14.3688
0.9107 12.8462
0.9073 11.6011
0.9038 10.7453
0.9009 10.2940
0.8990 10.1202
0.8979 10.0954
0.8975 10.1203
0.8975 10.1130
0.8974 9.9993
0.8969 9.7200
0.8959 9.2530
0.8939 8.6227
0.8908 7.8835
0.8866 7.1139
0.8815 6.4624
0.8763 6.0748
0.8722 5.9171
0.8699 5.8864
0.8688 5.8952
0.8686 5.8796
0.8683 5.7948
0.8674 5.6143
0.8654 5.3365
0.8622 4.9845
0.8574 4.5944
0.8513 4.2015
0.8440 3.8331
0.8358 3.5084
0.8273 3.2382
0.8190 3.0294
0.8117 2.8843
0.8058 2.8000
0.8019 2.7683
0.8001 2.7794
0.8003 2.8433
0.8030 3.0137
0.8093 3.3265
0.8189 3.7623
0.8302 4.2748
0.8416 4.8169
0.8518 5.4090
0.8618 6.4411
0.8729 7.9879
0.8839 9.7021
0.8932 11.3603
0.9003 12.8590
0.9054 14.3162
0.9100 18.4772
0.9156 24.2995
0.9207 29.1831
0.9243 33.2305
0.9268 36.4426
0.9283 38.8246
0.9292 40.4647
0.9298 43.2206
0.9306 49.1137
0.9316 56.3646
0.9326 61.1202
0.9333 63.5025
0.9337 64.3829
0.9339 64.3155
0.9340 63.7470
0.9340 65.3951
0.9341 67.5158
0.9342 67.2213
0.9342 64.8831
0.9340 61.3821
0.9337 57.5532
0.9333 54.0403
0.9328 50.8211
0.9322 47.4640
0.9316 43.6146
0.9308 39.2907
0.9297 34.8446
0.9283 30.6397
0.9266 26.8656
0.9247 23.6539
0.9225 21.1322
0.9203 19.2135
0.9182 17.7305
0.9163 16.5534
0.9144 15.5835
0.9127 14.7285
0.9111 13.9059
0.9093 13.0585
0.9074 12.1642
0.9050 11.2247
0.9022 10.2569
0.8988 9.3311
0.8950 8.6242
0.8915 8.1909
0.8888 7.9377
0.8868 7.7693
0.8854 7.6159
0.8842 7.4209
0.8828 7.1383
0.8807 6.7429
0.8775 6.2438
0.8731 5.6801
0.8672 5.1003
0.8597 4.5479
0.8510 4.0527
0.8413 3.6297
0.8310 3.2836
0.8208 3.0135
0.8114 2.8136
0.8032 2.6744
0.7967 2.5881
0.7923 2.5487
0.7900 2.5487
0.7896 2.5795
0.7908 2.6325
0.7932 2.7200
0.7975 2.8948
0.8046 3.1899
0.8145 3.5963
0.8260 4.0756
0.8375 4.5853
0.8479 5.1012
0.8571 5.8028
0.8669 7.0256
0.8776 8.5927
0.8876 10.2042
0.8957 11.6990
0.9017 13.0192
0.9060 14.2368
0.9098 17.6896
0.9150 23.4143
0.9200 28.2918
0.9237 32.2786
0.9263 35.4034
0.9279 37.7219
0.9288 39.3181
0.9294 41.1175
0.9301 46.8775
0.9312 54.5940
0.9323 59.6585
0.9331 62.2247
0.9336 63.2058
0.9338 63.2425
0.9339 62.7393
0.9338 63.0878
0.9339 65.5086
0.9340 65.8235
0.9341 63.8356
0.9339 60.4821
0.9336 56.6604
0.9331 53.0127
0.9326 49.8241
0.9321 46.7332
0.9314 43.2714
0.9307 39.2579
0.9296 34.9301
0.9283 30.7100
0.9266 26.9550
0.9247 23.9327
0.9227 21.6039
0.9207 19.7571
0.9188 18.2233
0.9169 16.9095
0.9150 15.7657
0.9131 14.7513
0.9112 13.8181
0.9092 12.9228
0.9071 12.0386
0.9047 11.1658
0.9020 10.3886
0.8994 9.8586
0.8972 9.5447
0.8955 9.3350
0.8943 9.1486
0.8933 8.9347
0.8922 8.6532
0.8907 8.2703
0.8886 7.7714
0.8856 7.1744
0.8814 6.5234
0.8761 5.8696
0.8696 5.2592
0.8622 4.7255
0.8542 4.2876
0.8462 3.9499
0.8388 3.7035
0.8325 3.5314
0.8274 3.4138
0.8236 3.3347
0.8209 3.2854
0.8192 3.2608
0.8182 3.2585
0.8182 3.2971
0.8196 3.4191
0.8230 3.6375
0.8285 3.9332
0.8355 4.2919
0.8430 4.6925
0.8504 5.1250
0.8578 5.7600
0.8661 6.6963
0.8752 7.9860
0.8845 9.5171
0.8927 11.0702
0.8994 12.5395
0.9044 13.8776
0.9083 15.6262
0.9127 20.6592
0.9178 25.8989
0.9220 30.1888
0.9251 33.6742
0.9271 36.3535
0.9283 38.2844
0.9291 39.4625
0.9295 41.2104
0.9302 48.2643
0.9313 54.9217
0.9323 58.7635
0.9330 60.6781
0.9334 61.4351
0.9336 61.4238
0.9336 61.1262
0.9337 63.0810
0.9338 64.2831
0.9339 63.1034
0.9338 60.2584
0.9335 56.7612
0.9331 53.2459
0.9326 49.8621
0.9321 46.5603
0.9314 43.1973
0.9307 39.4867
0.9297 35.5145
0.9285 31.6661
0.9271 28.3392
0.9255 25.6262
0.9238 23.4242
0.9222 21.5838
0.9206 19.9361
0.9188 18.3445
0.9169 16.7649
0.9147 15.2149
0.9122 13.7385
0.9092 12.3878
0.9059 11.1964
0.9024 10.1747
0.8986 9.3150
0.8949 8.5958
0.8911 7.9845
0.8874 7.4451
0.8837 7.0021
0.8804 6.7704
0.8784 6.7481
0.8776 6.8374
0.8779 6.9515
0.8786 7.0278
0.8792 7.0162
0.8793 6.8762
0.8783 6.5917
0.8760 6.1817
0.8723 5.6912
0.8672 5.1732
