0.4895
0.5799
0.6003
0.6208
0.6416
0.6478
0.6506
0.6517
0.6513
0.6495
0.6492
0.6489
0.6503
0.6497
0.6516
0.6496
0.6493
0.6483
0.6487
0.6499
0.6495
0.6490
0.6485
0.6499
0.6483
0.6490
0.6498
0.6494
0.6488
0.6481
0.6496
0.6504
0.6500
0.6496
0.6496
0.6494
0.6495
0.6509
0.6488
0.6494
0.6497
0.6498
0.6493
0.6495
0.6489
0.6491
0.6497
0.6500
0.6507
0.6507
0.6507
0.6482
0.6488
0.6493
0.6492
0.6493
0.6497
0.6507
0.6497
0.6494
0.6500
0.6500
0.6486
0.6502
0.6489
0.6495
0.6500
0.6500
0.6496
0.6494
0.6484
0.6493
0.6488
0.6488
0.6493
0.6512
0.6496
0.6490
0.6491
0.6486
0.6495
0.6490
0.6488
0.6503
0.6501
0.6494
0.6500
0.6497
0.6492
0.6484
0.6493
0.6491
0.6500
0.6499
0.6483
0.6496
0.6495
0.6481
0.6483
0.6495
0.6483
0.6485
0.6488
0.6496
0.6494
0.6486
0.6502
0.6505
0.6503
0.6500
0.6492
0.6496
0.6492
0.6482
0.6480
0.6500
0.6505
0.6482
0.6489
0.6492
0.6491
0.6490
0.6481
0.6490
0.6501
0.6486
0.6492
0.6494
0.6491
0.6487
0.6490
0.6496
0.6494
0.6489
0.6486
0.6497
0.6504
0.6495
0.6489
0.6490
0.6486
0.6486
0.6482
0.6488
0.6493
0.6495
0.6486
0.6492
0.6491
0.6502
0.6510
0.6496
0.6513
0.6507
0.6496
0.6494
0.6478
0.6494
0.6496
0.6491
0.6493
0.6499
0.6497
0.6502
0.6513
0.6502
0.6485
0.6486
0.6483
0.6487
0.6492
0.6482
0.6504
0.6485
0.6489
0.6498
0.6499
0.6490
0.6498
0.6496
0.6494
0.6484
0.6501
0.6488
0.6499
0.6501
0.6494
0.6497
0.6498
0.6497
0.6505
0.6499
0.6492
0.6492
0.6493
0.6500
0.6489
0.6487
0.6481
0.6495
0.6491
0.6479
0.6494
0.6486
0.6478
0.6495
0.6484
