0.0412 -0.0131
0.0348 -0.0107
0.0276 -0.0082
0.0194 -0.0056
0.0098 -0.0027
-0.0014 0.0006
-0.0142 0.0061
-0.0288 0.0116
-0.0457 0.0172
-0.0651 0.0230
-0.0866 0.0291
0.0441 -0.0224
0.0270 -0.0206
0.0079 -0.0061
-0.0138 0.0103
-0.0390 0.0292
-0.0681 0.0510
-0.1002 0.0752
-0.1328 0.0996
-0.1622 0.1218
-0.1863 0.1384
-0.2052 0.1438
-0.2197 0.1464
-0.2304 0.1425
-0.2393 0.1327
-0.2468 0.1238
-0.2528 0.1158
-0.2574 0.1087
-0.2607 0.1023
-0.2628 0.0966
-0.2638 0.0916
-0.2637 0.0871
-0.2628 0.0791
-0.2627 0.0654
-0.2634 0.0542
-0.2645 0.0450
-0.2656 0.0373
-0.2666 0.0310
-0.2673 0.0257
-0.2677 0.0213
-0.2676 0.0176
-0.2671 0.0145
-0.2662 0.0120
-0.2648 0.0098
-0.2630 0.0081
-0.2608 0.0066
-0.2582 0.0054
-0.2553 0.0044
-0.2521 0.0036
-0.2486 0.0030
-0.2364 0.0615
-0.2212 0.0571
-0.2065 0.0530
-0.1916 0.0490
-0.1760 0.0449
-0.1591 0.0404
-0.1401 0.0355
-0.1176 0.0298
-0.0894 0.0226
-0.0513 0.0130
0.0033 -0.0007
0.0771 -0.0192
0.1526 -0.0357
0.2096 -0.0411
0.2444 -0.0401
0.2613 -0.0358
0.2656 -0.0304
0.2529 -0.0875
0.2344 -0.1361
0.2105 -0.1194
0.1907 -0.1061
0.1736 -0.0949
0.1582 -0.0853
0.1441 -0.0768
0.1308 -0.0690
0.1181 -0.0618
0.1030 -0.0793
0.0867 -0.0665
0.0713 -0.0545
0.0560 -0.0427
0.0404 -0.0308
0.0237 -0.0181
0.0052 -0.0041
-0.0159 0.0118
-0.0405 0.0304
-0.0690 0.0518
-0.1005 0.0754
-0.1325 0.0995
-0.1615 0.1213
-0.1856 0.1349
-0.2050 0.1410
-0.2200 0.1441
-0.2309 0.1451
-0.2392 0.1356
-0.2463 0.1261
-0.2522 0.1177
-0.2578 0.1003
-0.2639 0.0849
-0.2701 0.0718
-0.2760 0.0607
-0.2813 0.0511
-0.2859 0.0430
-0.2896 0.0360
-0.2924 0.0300
-0.2943 0.0250
-0.2953 0.0207
-0.2956 0.0172
-0.2950 0.0142
-0.2938 0.0117
-0.2919 0.0096
-0.2895 0.0079
-0.2865 0.0064
