-0.2724 0.003848
-0.2673 0.003122
-0.2627 0.002537
-0.2568 0.130423
-0.2288 0.115918
-0.2034 0.102859
-0.1791 0.090409
-0.1541 0.077709
-0.1261 0.063584
-0.0918 0.046335
-0.0458 0.023268
0.0193 -0.009292
0.1008 -0.050147
0.1741 -0.086947
0.2068 -0.310269
0.2048 -0.307296
0.1985 -0.297878
0.1901 -0.285332
0.1808 -0.271406
0.1712 -0.257007
0.1616 -0.242593
0.1522 -0.228390
0.1348 -0.269896
0.1189 -0.238067
0.1067 -0.213643
0.0966 -0.193442
0.0878 -0.175813
0.0799 -0.159856
0.0724 -0.145039
0.0655 -0.128829
0.0596 -0.112335
0.0542 -0.098564
0.0489 -0.086274
0.0434 -0.074645
0.0375 -0.063085
0.0309 -0.051128
0.0236 -0.038371
0.0152 -0.023991
0.0057 -0.008573
-0.0053 0.007205
-0.0185 0.024214
-0.0343 0.043204
-0.0534 0.062085
-0.0771 0.076511
-0.1066 0.087490
-0.1410 0.095747
-0.1776 0.099779
-0.2130 0.098967
-0.2443 0.093900
-0.2702 0.085899
-0.2904 0.076360
-0.3054 0.066403
-0.3158 0.056786
-0.3225 0.047955
-0.3263 0.040122
-0.3280 0.033344
-0.3282 0.027585
-0.3274 0.022753
-0.3261 0.018736
-0.3245 0.015418
-0.3230 0.012689
-0.3217 0.010447
-0.3204 0.008605
-0.3192 0.007087
-0.3179 0.005836
-0.3165 0.004804
-0.3094 0.158606
-0.2807 0.143275
-0.2569 0.130706
-0.2367 0.120055
-0.2184 0.110514
-0.2002 0.101156
-0.1806 0.091089
-0.1580 0.079613
-0.1311 0.066045
-0.0978 0.049303
-0.0538 0.027273
0.0075 -0.003418
0.0863 -0.042865
0.1508 -0.150338
0.1899 -0.189716
0.2085 -0.208447
0.2139 -0.213997
0.2018 -0.302956
0.1855 -0.278533
0.1729 -0.259464
0.1621 -0.243312
0.1524 -0.228704
0.1432 -0.214935
0.1344 -0.201681
0.1163 -0.232895
0.1024 -0.205118
0.0915 -0.180920
0.0831 -0.157482
0.0764 -0.139572
0.0706 -0.124981
0.0652 -0.112467
0.0601 -0.101250
0.0549 -0.090784
0.0496 -0.080666
0.0440 -0.070588
0.0380 -0.060323
0.0316 -0.049718
0.0247 -0.038687
0.0175 -0.026890
0.0099 -0.014351
0.0017 -0.002500
-0.0073 0.009395
-0.0177 0.021955
-0.0300 0.033568
-0.0450 0.045618
-0.0636 0.058760
-0.0859 0.073115
-0.1126 0.079299
-0.1432 0.083455
-0.1758 0.084711
-0.2077 0.082802
-0.2373 0.078227
-0.2636 0.071870
-0.2865 0.064598
-0.3061 0.057084
-0.3228 0.049780
-0.3370 0.042965
-0.3489 0.036783
-0.3590 0.031294
-0.3677 0.026500
-0.3753 0.022365
-0.3822 0.018833
-0.3887 0.015835
-0.3948 0.013299
-0.4005 0.011156
-0.4058 0.009346
-0.4107 0.007819
-0.4150 0.006533
-0.4188 0.005452
-0.4224 0.004546
-0.4257 0.003788
-0.4291 0.003157
-0.4326 0.002632
-0.4365 0.002195
-0.4403 0.001831
-0.4428 0.001523
-0.4423 0.001258
-0.4373 0.001028
-0.4273 0.000831
-0.4127 0.000663
-0.3940 0.000524
-0.3724 0.000409
-0.3487 0.000317
-0.3236 0.000243
-0.2805 0.140656
-0.2295 0.115067
-0.1805 0.090549
-0.1287 0.064658
-0.0655 0.033134
0.0242 -0.023158
0.1273 -0.126363
0.1939 -0.290187
0.2245 -0.336454
0.2342 -0.351314
0.2325 -0.348832
0.2250 -0.337585
0.2033 -0.407072
0.1831 -0.366491
0.1680 -0.336287
0.1557 -0.311656
0.1450 -0.290209
0.1353 -0.270715
0.1262 -0.252524
0.1176 -0.235274
0.1093 -0.218750
0.1013 -0.202805
0.0936 -0.187326
0.0860 -0.172215
0.0786 -0.157387
0.0713 -0.142754
0.0640 -0.128210
0.0567 -0.113626
0.0494 -0.098858
0.0422 -0.080893
0.0352 -0.064275
0.0283 -0.047735
0.0212 -0.033003
0.0135 -0.018605
0.0046 -0.005741
-0.0063 0.006754
-0.0202 0.019201
-0.0387 0.030487
-0.0638 0.041587
-0.0970 0.052330
-0.1379 0.061537
-0.1829 0.067505
-0.2271 0.069352
-0.2674 0.067554
-0.3028 0.063262
-0.3332 0.057581
-0.3587 0.051263
-0.3788 0.044768
-0.3932 0.038425
-0.4020 0.032486
-0.4058 0.027118
-0.4055 0.022403
-0.4018 0.018355
-0.3955 0.014941
-0.3874 0.012099
-0.3779 0.009759
-0.3674 0.007846
-0.3564 0.006293
-0.3450 0.005036
-0.3334 0.004024
-0.3218 0.003211
-0.3102 0.002560
-0.2988 0.002038
-0.2876 0.001622
-0.2766 0.001290
-0.2659 0.001026
-0.2554 0.000814
-0.2450 0.000646
-0.2346 0.000511
-0.2239 0.000404
-0.2128 0.000317
-0.2008 0.000247
-0.1692 0.084923
-0.1342 0.067360
-0.0929 0.046726
-0.0361 0.036828
0.0422 -0.041323
0.1246 -0.185899
0.1736 -0.259945
0.1982 -0.297147
0.2065 -0.309702
0.2053 -0.308016
0.1991 -0.298767
0.1904 -0.285803
0.1807 -0.271213
0.1706 -0.256080
0.1530 -0.306337
0.1350 -0.270371
0.1216 -0.243343
0.1105 -0.221212
0.1009 -0.201912
0.0921 -0.184328
0.0838 -0.167822
0.0759 -0.151998
0.0682 -0.136601
0.0607 -0.121456
0.0531 -0.106425
0.0456 -0.091372
0.0380 -0.076139
0.0302 -0.060536
0.0221 -0.044340
0.0136 -0.026501
0.0047 -0.008774
-0.0052 0.008260
-0.0170 0.022898
-0.0324 0.036098
-0.0530 0.048869
-0.0805 0.061408
-0.1154 0.072892
-0.1561 0.081530
-0.1983 0.085697
-0.2382 0.085154
-0.2736 0.080907
-0.3038 0.074284
-0.3282 0.066387
-0.3470 0.058042
-0.3604 0.049846
-0.3689 0.042193
-0.3733 0.035306
-0.3744 0.029274
-0.3727 0.024099
-0.3689 0.019725
-0.3636 0.016072
-0.3570 0.013049
-0.3495 0.010563
-0.3413 0.008530
-0.3327 0.006875
-0.3238 0.005532
-0.3148 0.004447
-0.3060 0.003573
-0.2974 0.002872
-0.2894 0.002311
-0.2821 0.001862
-0.2754 0.001503
-0.2694 0.001215
-0.2639 0.000984
-0.2588 0.000798
-0.2540 0.000648
-0.2493 0.000526
-0.2440 0.000425
-0.2372 0.000342
-0.2284 0.000272
-0.1983 0.198920
-0.1471 0.147652
-0.0942 0.094820
-0.0313 0.032002
0.0484 -0.047600
0.1306 -0.129903
0.1899 -0.189458
0.2223 -0.222128
0.2354 -0.235339
0.2223 -0.333704
0.2064 -0.309837
0.1926 -0.289112
0.1802 -0.270417
0.1686 -0.253119
0.1485 -0.297357
0.1312 -0.262632
0.1181 -0.236346
0.1073 -0.214772
0.0979 -0.195990
0.0894 -0.178953
0.0814 -0.163048
0.0739 -0.147882
0.0665 -0.133174
0.0593 -0.118729
0.0521 -0.104425
0.0450 -0.090182
0.0379 -0.075930
0.0307 -0.061584
0.0234 -0.047027
0.0160 -0.031506
0.0085 -0.016066
0.0005 -0.001019
-0.0084 0.012307
-0.0191 0.024948
-0.0326 0.037726
-0.0502 0.048103
-0.0737 0.058422
-0.1041 0.068246
-0.1407 0.076311
-0.1807 0.081091
-0.2206 0.081886
-0.2579 0.079172
-0.2916 0.074036
-0.3218 0.067568
-0.3490 0.060594
-0.3737 0.053657
-0.3965 0.047075
-0.4178 0.041012
-0.4378 0.035538
-0.4568 0.030662
-0.4749 0.026358
-0.4921 0.022582
-0.5083 0.019285
-0.5233 0.016416
-0.5369 0.013926
-0.5490 0.011774
-0.5593 0.009918
-0.5665 0.008307
-0.5690 0.006899
-0.5655 0.005669
-0.5559 0.004609
-0.5410 0.003709
-0.5218 0.002958
-0.4995 0.002341
-0.4751 0.001841
-0.4496 0.001441
-0.4237 0.001123
-0.3979 0.000872
-0.3726 0.000675
-0.3481 0.000521
-0.3246 0.000402
-0.3023 0.000309
-0.2810 0.000238
-0.2605 0.000182
-0.2406 0.000139
-0.2205 0.000106
-0.1993 0.000079
-0.1753 0.000057
-0.1438 0.072179
-0.0913 0.045951
-0.0202 0.010538
0.0788 -0.038885
0.1745 -0.173793
0.2296 -0.229232
0.2350 -0.470398
0.2175 -0.435286
0.2031 -0.406473
0.1905 -0.381325
0.1791 -0.358425
0.1684 -0.337034
0.1583 -0.316774
0.1486 -0.297448
0.1394 -0.278936
0.1305 -0.261155
0.1219 -0.244042
0.1137 -0.227543
0.1057 -0.211602
0.0980 -0.196158
0.0905 -0.181135
0.0832 -0.166449
0.0762 -0.148266
0.0702 -0.131136
0.0646 -0.116536
0.0590 -0.103335
0.0531 -0.090795
0.0468 -0.078378
0.0399 -0.065646
0.0322 -0.052195
0.0235 -0.037601
0.0135 -0.020750
0.0020 -0.003026
-0.0119 0.015060
-0.0293 0.033498
-0.0519 0.051791
-0.0812 0.067081
-0.1172 0.080112
-0.1570 0.088783
-0.1961 0.091751
-0.2310 0.089415
-0.2602 0.083308
-0.2836 0.075099
-0.3018 0.066089
-0.3155 0.057134
-0.3255 0.048734
-0.3323 0.041144
-0.3366 0.034456
-0.3387 0.028673
-0.3392 0.023739
-0.3383 0.019577
-0.3364 0.016095
-0.3337 0.013204
-0.3307 0.010819
-0.3276 0.008860
-0.3246 0.007258
-0.3219 0.005951
-0.3196 0.004885
-0.3176 0.004014
-0.3158 0.003300
-0.3140 0.002714
-0.3121 0.002230
-0.3100 0.001831
-0.3076 0.001502
-0.3049 0.001231
-0.3021 0.001009
-0.2988 0.000825
-0.2946 0.000672
-0.2890 0.000545
-0.2816 0.000440
-0.2724 0.000352
-0.2592 0.130003
-0.2232 0.111911
-0.1887 0.094599
-0.1534 0.076927
-0.1138 0.057143
-0.0581 0.058736
0.0174 -0.016554
0.1044 -0.103562
0.1639 -0.245165
0.1955 -0.292958
0.2077 -0.311536
0.2086 -0.312888
0.2033 -0.304986
0.1949 -0.292463
0.1851 -0.277841
0.1747 -0.349910
0.1520 -0.304317
0.1359 -0.272068
0.1233 -0.246853
0.1127 -0.225566
0.1032 -0.206583
0.0944 -0.189005
0.0861 -0.172291
0.0780 -0.156083
0.0700 -0.140106
0.0620 -0.124121
0.0539 -0.107888
0.0455 -0.091153
0.0367 -0.073631
0.0274 -0.054995
0.0173 -0.034687
0.0065 -0.011860
-0.0056 0.008492
-0.0203 0.027652
-0.0387 0.047153
-0.0625 0.063365
-0.0930 0.078087
-0.1300 0.090299
-0.1707 0.098045
-0.2109 0.100249
-0.2479 0.097462
-0.2804 0.091174
-0.3084 0.082926
-0.3323 0.073894
-0.3527 0.064846
-0.3699 0.056234
-0.3841 0.048296
-0.3954 0.041103
-0.4031 0.034652
-0.4070 0.028932
-0.4072 0.023935
-0.4041 0.019640
-0.3982 0.016004
-0.3902 0.012966
-0.3806 0.010456
-0.3699 0.008402
-0.3585 0.006734
-0.3471 0.005390
-0.3359 0.004313
-0.3253 0.003454
-0.3156 0.002770
-0.3068 0.002227
-0.2990 0.001794
-0.2919 0.001448
-0.2854 0.001171
-0.2794 0.000948
-0.2737 0.000767
-0.2679 0.000621
-0.2616 0.000501
-0.2540 0.000403
-0.2449 0.000321
-0.2239 0.112305
-0.1898 0.095205
-0.1546 0.077578
-0.1152 0.057882
-0.0660 0.033324
0.0024 -0.000795
0.0927 -0.045894
0.1779 -0.088638
0.2351 -0.117404
0.2608 -0.260824
0.2536 -0.253712
0.2428 -0.242970
0.2305 -0.230619
0.2095 -0.314667
0.1845 -0.369866
0.1540 -0.308571
0.1342 -0.268696
0.1197 -0.239712
0.1082 -0.216703
0.0985 -0.197210
0.0899 -0.179926
0.0820 -0.164113
0.0746 -0.149330
0.0676 -0.135289
0.0608 -0.121784
0.0543 -0.108644
0.0478 -0.095734
0.0414 -0.082963
0.0351 -0.070284
0.0288 -0.057665
0.0225 -0.044025
0.0165 -0.030983
0.0105 -0.018296
0.0042 -0.006838
-0.0028 0.004054
-0.0108 0.015132
-0.0202 0.026999
-0.0314 0.040179
-0.0447 0.055118
-0.0608 0.067602
-0.0813 0.074808
-0.1072 0.081542
-0.1377 0.086603
-0.1706 0.088783
-0.2034 0.087559
-0.2340 0.083317
-0.2614 0.076970
-0.2854 0.069498
-0.3064 0.061685
-0.3248 0.054067
-0.3411 0.046960
-0.3560 0.040524
-0.3699 0.034812
-0.3831 0.029812
-0.3960 0.025477
-0.4086 0.021738
-0.4210 0.018517
-0.4326 0.015732
-0.4428 0.013315
-0.4509 0.011211
-0.4564 0.009383
-0.4590 0.007804
-0.4588 0.006450
-0.4560 0.005300
-0.4510 0.004334
-0.4443 0.003530
-0.4364 0.002867
-0.4280 0.002325
-0.4194 0.001884
-0.4110 0.001526
-0.4027 0.001237
-0.3935 0.000999
-0.3825 0.000803
-0.3690 0.000641
-0.3531 0.000507
-0.3349 0.000397
-0.2989 0.149967
-0.2523 0.126558
-0.2090 0.104844
-0.1661 0.083372
-0.1193 0.059934
-0.0606 0.030660
0.0222 -0.010638
0.1249 -0.124016
0.1952 -0.292253
0.2205 -0.330573
0.2278 -0.341616
0.2250 -0.337625
0.2077 -0.415872
0.1873 -0.375003
0.1720 -0.344329
0.1595 -0.319162
0.1485 -0.297155
0.1385 -0.277105
0.1291 -0.258367
0.1202 -0.240573
0.1117 -0.223488
0.1034 -0.206949
0.0953 -0.190829
0.0874 -0.175018
0.0796 -0.159409
0.0719 -0.143883
0.0641 -0.128310
0.0562 -0.112538
0.0481 -0.096393
0.0400 -0.077113
0.0320 -0.059273
0.0235 -0.040818
0.0144 -0.023243
0.0039 -0.006010
-0.0088 0.011802
-0.0247 0.029302
-0.0458 0.044993
-0.0742 0.060306
-0.1109 0.074652
-0.1546 0.086078
-0.2008 0.092510
-0.2453 0.093470
-0.2857 0.090058
-0.3217 0.083862
-0.3536 0.076238
-0.3822 0.068130
-0.4079 0.060127
-0.4312 0.052563
-0.4525 0.045605
-0.4718 0.039316
-0.4890 0.033693
-0.5037 0.028698
-0.5156 0.024289
-0.5243 0.020423
-0.5297 0.017061
-0.5318 0.014163
-0.5307 0.011688
-0.5262 0.009583
-0.5177 0.007796
-0.5051 0.006289
-0.4887 0.005031
-0.4694 0.003996
-0.4481 0.003154
-0.4257 0.002478
-0.4029 0.001939
-0.3801 0.001512
-0.3576 0.001177
-0.3358 0.000913
-0.3144 0.000707
-0.2936 0.000546
-0.2730 0.000420
-0.2522 0.000321
-0.2106 0.105649
-0.1671 0.083866
-0.1204 0.060504
-0.0630 0.031862
0.0174 -0.016458
0.1127 -0.111844
0.1887 -0.188105
0.2169 -0.325172
0.2257 -0.338504
0.2240 -0.336140
0.2144 -0.429472
0.1909 -0.382096
0.1739 -0.348130
0.1605 -0.321186
0.1490 -0.298147
0.1386 -0.277444
0.1290 -0.258261
0.1200 -0.240145
0.1113 -0.222823
0.1030 -0.206105
0.0948 -0.189841
0.0869 -0.173901
0.0790 -0.158157
0.0712 -0.142482
0.0633 -0.126738
0.0553 -0.110772
0.0472 -0.093064
0.0396 -0.071469
0.0323 -0.053795
0.0244 -0.037971
0.0155 -0.022614
0.0047 -0.006630
-0.0086 0.010850
-0.0254 0.029055
-0.0473 0.047965
-0.0764 0.064162
-0.1140 0.079236
-0.1584 0.091102
-0.2053 0.097660
-0.2503 0.098524
-0.2914 0.094867
-0.3279 0.088284
-0.3597 0.080097
-0.3865 0.071162
-0.4072 0.062005
-0.4213 0.053051
-0.4289 0.044658
-0.4307 0.037082
-0.4277 0.030452
-0.4211 0.024791
-0.4119 0.020048
-0.4008 0.016131
-0.3885 0.012929
-0.3756 0.010334
-0.3623 0.008243
-0.3490 0.006565
-0.3358 0.005224
-0.3230 0.004154
-0.3106 0.003302
-0.2986 0.002625
-0.2873 0.002088
-0.2764 0.001661
-0.2659 0.001321
-0.2437 0.122935
-0.2113 0.106456
-0.1809 0.091064
-0.1505 0.075698
-0.1171 0.058925
-0.0763 0.038479
-0.0206 0.010666
0.0550 -0.054228
0.1304 -0.129846
0.1841 -0.183803
0.2133 -0.213221
0.2249 -0.224906
0.2162 -0.324649
0.1988 -0.298381
0.1843 -0.276705
0.1694 -0.339420
0.1469 -0.294171
0.1310 -0.262242
0.1185 -0.237322
0.1081 -0.216299
0.0987 -0.197562
0.0900 -0.180236
0.0818 -0.163819
0.0739 -0.147996
0.0662 -0.132542
0.0586 -0.117271
0.0511 -0.099479
0.0442 -0.082607
0.0373 -0.067436
0.0302 -0.052961
0.0224 -0.038442
0.0138 -0.023263
0.0041 -0.006614
-0.0072 0.010338
-0.0207 0.028524
-0.0375 0.046413
-0.0589 0.065430
-0.0858 0.086278
-0.1180 0.105311
-0.1551 0.114533
-0.1949 0.119028
-0.2344 0.118419
-0.2720 0.113636
-0.3071 0.106103
-0.3397 0.097080
-0.3695 0.087320
-0.3951 0.077215
-0.4154 0.067122
-0.4297 0.057423
-0.4384 0.048442
-0.4420 0.040388
-0.4414 0.033350
-0.4374 0.027327
-0.4308 0.022254
-0.4223 0.018036
-0.4123 0.014561
-0.4014 0.011722
-0.3900 0.009415
-0.3781 0.007548
-0.3662 0.006045
-0.3544 0.004836
-0.3427 0.003866
-0.3313 0.003090
-0.3203 0.002470
-0.3098 0.001976
-0.2998 0.001581
-0.2904 0.001266
-0.2815 0.001015
-0.2730 0.000814
-0.2648 0.000652
-0.2564 0.000522
-0.2457 0.123393
-0.2126 0.106722
-0.1798 0.090256
-0.1448 0.072704
-0.1023 0.102935
-0.0391 0.039798
0.0422 -0.041350
0.1286 -0.127808
0.1919 -0.191509
0.2254 -0.338040
0.2228 -0.334296
0.2152 -0.322873
0.2051 -0.307756
0.1939 -0.291095
0.1826 -0.274025
0.1675 -0.335437
0.1461 -0.292618
0.1307 -0.261599
0.1184 -0.236957
0.1079 -0.215977
0.0985 -0.197218
0.0899 -0.179870
0.0816 -0.163445
0.0737 -0.147629
0.0660 -0.132194
0.0584 -0.116955
0.0508 -0.101749
0.0431 -0.085747
0.0357 -0.068063
0.0284 -0.052144
0.0207 -0.036893
0.0124 -0.020898
0.0032 -0.005169
-0.0075 0.010708
-0.0203 0.026699
-0.0365 0.042895
-0.0572 0.060542
-0.0833 0.080054
-0.1153 0.092119
-0.1527 0.100968
-0.1927 0.105371
-0.2320 0.104924
-0.2685 0.100466
-0.3015 0.093302
-0.3306 0.084592
-0.3550 0.075127
-0.3741 0.065468
-0.3876 0.056083
-0.3956 0.047341
-0.3990 0.039477
-0.3984 0.032598
-0.3948 0.026711
-0.3889 0.021754
-0.3813 0.017635
-0.3725 0.014245
-0.3629 0.011474
-0.3528 0.009223
-0.3424 0.007401
-0.3320 0.005933
-0.3217 0.004753
-0.3116 0.003807
-0.3020 0.003051
-0.2930 0.002447
-0.2847 0.001966
-0.2773 0.001583
-0.2706 0.001277
-0.2645 0.001032
-0.2455 0.123654
-0.2169 0.109148
-0.1900 0.095524
-0.1629 0.081885
-0.1335 0.067086
-0.0983 0.049438
-0.0517 0.026174
0.0144 -0.006820
0.0955 -0.094752
0.1621 -0.161656
0.2026 -0.303790
0.2062 -0.309303
0.2024 -0.303681
0.1948 -0.292297
0.1853 -0.278162
0.1752 -0.262887
0.1648 -0.247306
0.1502 -0.300811
0.1308 -0.261969
0.1164 -0.233036
0.1047 -0.209563
0.0946 -0.189293
0.0854 -0.171016
0.0769 -0.154043
0.0689 -0.137950
0.0616 -0.118407
0.0551 -0.101954
0.0490 -0.087657
0.0428 -0.074557
0.0365 -0.062009
0.0297 -0.049538
0.0224 -0.036759
0.0144 -0.023329
0.0055 -0.008625
-0.0044 0.006177
-0.0159 0.021556
-0.0296 0.038327
-0.0461 0.054808
-0.0667 0.071273
-0.0917 0.089037
-0.1213 0.099842
-0.1552 0.105660
-0.1910 0.107525
-0.2260 0.105236
-0.2586 0.099573
-0.2879 0.091685
-0.3135 0.082569
-0.3350 0.072962
-0.3521 0.063415
-0.3649 0.054339
-0.3736 0.046004
-0.3786 0.038558
-0.3806 0.032048
-0.3799 0.026453
-0.3771 0.021708
-0.3724 0.017728
-0.3665 0.014423
-0.3595 0.011700
-0.3521 0.009474
-0.3445 0.007663
-0.3369 0.006198
-0.3297 0.005014
-0.3230 0.004061
-0.3167 0.003293
-0.3110 0.002673
-0.3057 0.002173
-0.3007 0.001767
-0.2956 0.001436
-0.2900 0.001165
-0.2838 0.000943
-0.2711 0.136443
-0.2382 0.119766
-0.2073 0.104200
-0.1769 0.088885
-0.1449 0.072782
-0.0997 0.100350
-0.0406 0.041332
0.0352 -0.034359
0.1176 -0.116861
0.1804 -0.179989
0.2079 -0.311682
0.2100 -0.315089
0.2051 -0.307827
0.1966 -0.295104
0.1865 -0.279844
0.1650 -0.330515
0.1468 -0.293894
0.1328 -0.265918
0.1212 -0.242713
0.1110 -0.222272
0.1017 -0.203497
0.0928 -0.185771
0.0843 -0.168732
0.0760 -0.152154
0.0679 -0.135877
0.0599 -0.118248
0.0525 -0.099421
0.0455 -0.083136
0.0385 -0.068237
0.0313 -0.053973
0.0236 -0.039817
0.0153 -0.025356
0.0063 -0.009880
-0.0035 0.004948
-0.0148 0.018979
-0.0283 0.032517
-0.0449 0.046515
-0.0652 0.061559
-0.0897 0.077751
-0.1180 0.087883
-0.1501 0.092463
-0.1836 0.093578
-0.2159 0.091014
-0.2450 0.085407
-0.2699 0.077813
-0.2905 0.069260
-0.3071 0.060541
-0.3201 0.052182
-0.3300 0.044485
-0.3373 0.037595
-0.3423 0.031552
-0.3455 0.026332
-0.3471 0.021874
-0.3475 0.018103
-0.3467 0.014938
-0.3452 0.012297
-0.3432 0.010107
-0.3408 0.008298
-0.3383 0.006811
-0.3359 0.005592
-0.3338 0.004594
-0.3321 0.003779
-0.3307 0.003112
-0.3296 0.002564
-0.3284 0.002113
-0.3270 0.001739
-0.3250 0.001429
-0.3224 0.001172
-0.3191 0.000959
-0.3152 0.000783
