0.9942
0.9862
0.9906
0.9955
0.9971
0.9965
0.9961
0.9962
0.9955
0.9950
0.9948
0.9946
0.9945
0.9943
0.9940
0.9938
0.9934
0.9935
0.9930
0.9931
0.9928
0.9927
0.9920
0.9921
0.9919
0.9918
0.9915
0.9915
0.9914
0.9908
0.9904
0.9902
0.9901
0.9901
0.9898
0.9896
0.9894
0.9897
0.9896
0.9892
0.9893
0.9889
0.9890
0.9887
0.9888
0.9885
0.9884
0.9881
0.9880
0.9884
0.9883
0.9882
0.9883
0.9886
0.9884
0.9881
0.9879
0.9881
0.9877
0.9877
0.9878
0.9877
0.9878
0.9882
0.9877
0.9880
0.9884
0.9888
0.9882
0.9887
0.9882
0.9884
0.9881
0.9884
0.9880
0.9885
0.9888
0.9892
0.9890
0.9890
0.9890
0.9892
0.9890
0.9893
0.9895
0.9897
0.9889
0.9888
0.9888
0.9888
0.9888
0.9889
0.9886
0.9887
0.9885
0.9879
0.9876
0.9878
0.9877
0.9873
0.9875
0.9873
0.9869
0.9866
0.9863
0.9863
0.9863
0.9867
0.9867
0.9860
0.9859
0.9861
0.9859
0.9863
0.9858
0.9853
0.9858
0.9859
0.9864
0.9867
0.9870
0.9863
0.9861
0.9861
0.9865
0.9861
0.9866
0.9869
0.9868
0.9869
0.9863
0.9857
0.9860
0.9856
0.9860
0.9857
0.9857
0.9859
0.9864
0.9858
0.9859
0.9853
0.9854
0.9852
0.9853
0.9850
0.9856
0.9852
0.9854
0.9851
0.9987
0.9939
0.9202
0.8614
0.8759
0.9702
0.9928
0.9948
0.9952
0.9950
0.9948
0.9947
0.9943
0.9941
0.9937
0.9937
0.9939
0.9938
0.9939
0.9939
0.9941
0.9942
0.9942
0.9942
0.9942
0.9941
0.9941
0.9940
0.9939
0.9938
0.9938
0.9938
0.9936
0.9935
0.9936
0.9936
0.9936
0.9935
0.9934
0.9933
0.9934
0.9934
0.9933
0.9932
0.9931
0.9932
0.9931
0.9930
0.9929
0.9927
0.9927
0.9928
0.9928
0.9927
0.9927
0.9926
0.9924
0.9925
0.9924
0.9924
0.9926
0.9926
0.9925
0.9926
0.9927
0.9926
0.9928
0.9927
0.9927
0.9926
0.9925
0.9923
0.9920
0.9919
0.9919
0.9918
0.9917
0.9913
0.9913
0.9912
0.9913
0.9911
0.9909
0.9907
0.9909
0.9908
0.9908
0.9908
0.9908
0.9909
0.9904
0.9906
0.9904
0.9903
0.9904
0.9901
0.9903
0.9904
0.9904
0.9903
0.9902
0.9902
0.9906
0.9905
0.9904
0.9904
0.9903
0.9901
0.9898
0.9897
0.9896
0.9897
0.9897
0.9897
0.9898
0.9899
0.9898
0.9899
0.9899
0.9896
0.9898
0.9902
0.9900
0.9899
0.9901
0.9900
0.9900
0.9901
0.9901
0.9898
0.9896
0.9895
0.9898
0.9899
0.9899
0.9898
0.9900
0.9901
0.9900
0.9898
0.9897
0.9899
0.9900
0.9902
0.9900
0.9897
0.9894
0.9895
0.9893
0.9896
