-0.2530 -0.004304
-0.2449 -0.003711
-0.2366 -0.003200
-0.2280 -0.002760
-0.2188 -0.002383
-0.2091 -0.002059
-0.1985 -0.001782
-0.1867 -0.001546
-0.1735 -0.001346
-0.1581 -0.001177
-0.1394 -0.001036
-0.1158 -0.000922
-0.0837 -0.000834
-0.0363 -0.000776
0.0366 -0.000750
0.1303 -0.000735
0.2123 -0.000694
0.2653 -0.000623
0.2916 -0.000539
0.2982 -0.000454
0.2919 -0.000376
0.2780 -0.000308
0.2599 -0.000252
0.2401 -0.000205
0.2198 -0.000166
0.1998 -0.000135
0.1803 -0.000110
0.1613 -0.000089
0.1428 -0.000072
0.1243 -0.000059
0.1056 -0.000047
0.0859 -0.000038
0.0644 -0.000031
0.0395 -0.000025
0.0085 -0.000019
-0.0329 -0.000015
-0.0899 -0.000011
-0.1608 -0.000008
-0.2323 -0.000005
-0.2933 -0.000003
-0.3409 -0.000002
-0.3764 -0.000001
-0.4022 -0.000001
-0.4204 -0.000001
-0.4328 -0.000000
-0.4408 -0.000000
-0.4454 -0.000000
-0.4474 -0.000000
-0.4474 -0.000000
-0.4458 -0.000000
-0.4429 -0.000000
-0.4390 -0.000000
-0.4342 -0.000000
-0.4288 -0.000000
-0.4228 -0.000000
-0.4163 -0.000000
-0.4094 -0.000000
-0.4020 -0.000000
-0.3944 -0.000000
-0.3863 -0.000000
-0.3780 -0.000000
-0.3693 -0.000000
-0.3603 -0.000000
-0.3511 -0.000000
-0.3415 -0.000000
-0.3316 -0.000000
-0.3261 -0.039131
-0.3233 -0.039745
-0.3208 -0.040312
-0.3201 -0.060732
-0.3259 -0.078379
-0.3338 -0.074846
-0.3414 -0.071404
-0.3485 -0.068220
-0.3547 -0.065414
-0.3600 -0.063042
-0.3642 -0.061115
-0.3676 -0.059605
-0.3701 -0.058468
-0.3719 -0.057654
-0.3731 -0.057112
-0.3738 -0.056796
-0.3741 -0.056665
-0.3740 -0.056683
-0.3737 -0.056823
-0.3732 -0.057059
-0.3725 -0.057218
-0.3712 -0.053237
-0.3691 -0.050044
-0.3664 -0.047611
-0.3632 -0.044305
-0.3591 -0.038248
-0.3541 -0.033083
-0.3483 -0.028712
-0.3421 -0.024964
-0.3355 -0.021720
-0.3287 -0.018895
-0.3216 -0.016429
-0.3144 -0.014273
-0.3072 -0.012387
-0.2998 -0.010738
-0.2924 -0.009299
-0.2850 -0.008044
-0.2775 -0.006952
-0.2699 -0.006004
-0.2622 -0.005182
-0.2544 -0.004470
-0.2464 -0.003855
-0.2380 -0.003325
-0.2294 -0.002869
-0.2202 -0.002477
-0.2104 -0.002141
-0.1998 -0.001853
-0.1882 -0.001608
-0.1750 -0.001400
-0.1597 -0.001224
-0.1414 -0.001077
-0.1182 -0.000957
-0.0869 -0.000865
-0.0409 -0.000802
0.0300 -0.000773
0.1234 -0.000760
0.2076 -0.000721
0.2630 -0.000649
0.2911 -0.000562
0.2988 -0.000474
0.2933 -0.000393
0.2797 -0.000323
0.2617 -0.000264
0.2419 -0.000214
0.2216 -0.000174
0.2015 -0.000141
0.1819 -0.000115
0.1629 -0.000093
0.1443 -0.000076
0.1259 -0.000061
0.1072 -0.000050
0.0876 -0.000040
0.0663 -0.000032
0.0418 -0.000026
0.0114 -0.000020
-0.0289 -0.000016
-0.0846 -0.000012
-0.1546 -0.000008
-0.2267 -0.000005
-0.2888 -0.000003
-0.3374 -0.000002
-0.3738 -0.000001
-0.4003 -0.000001
-0.4191 -0.000001
-0.4320 -0.000000
-0.4403 -0.000000
-0.4452 -0.000000
-0.4474 -0.000000
-0.4475 -0.000000
-0.4460 -0.000000
-0.4432 -0.000000
-0.4393 -0.000000
-0.4347 -0.000000
-0.4293 -0.000000
-0.4233 -0.000000
-0.4168 -0.000000
-0.4099 -0.000000
-0.4026 -0.000000
-0.3950 -0.000000
-0.3869 -0.000000
-0.3786 -0.000000
-0.3699 -0.000000
-0.3609 -0.000000
-0.3516 -0.000000
-0.3420 -0.000000
-0.3321 -0.000000
-0.3257 -0.039203
-0.3230 -0.039824
-0.3203 -0.040418
-0.3195 -0.060945
-0.3249 -0.078845
-0.3327 -0.075342
-0.3403 -0.071895
-0.3475 -0.068677
-0.3538 -0.065821
-0.3592 -0.063395
-0.3636 -0.061413
-0.3670 -0.059854
-0.3696 -0.058674
-0.3715 -0.057824
-0.3728 -0.057252
-0.3735 -0.056911
-0.3739 -0.056760
-0.3739 -0.056762
-0.3736 -0.056888
-0.3731 -0.057114
-0.3724 -0.057419
-0.3712 -0.053741
-0.3692 -0.050441
-0.3665 -0.047926
-0.3634 -0.044559
-0.3594 -0.038645
-0.3544 -0.033418
-0.3487 -0.028999
-0.3425 -0.025212
-0.3359 -0.021935
-0.3290 -0.019084
-0.3220 -0.016594
-0.3148 -0.014417
-0.3075 -0.012513
-0.3002 -0.010849
-0.2928 -0.009395
-0.2853 -0.008129
-0.2778 -0.007026
-0.2702 -0.006068
-0.2625 -0.005238
-0.2547 -0.004519
-0.2466 -0.003898
-0.2383 -0.003363
-0.2296 -0.002902
-0.2204 -0.002506
-0.2106 -0.002166
-0.2000 -0.001875
-0.1883 -0.001627
-0.1750 -0.001416
-0.1597 -0.001238
-0.1413 -0.001090
-0.1180 -0.000969
-0.0866 -0.000876
-0.0404 -0.000813
0.0309 -0.000784
0.1246 -0.000770
0.2088 -0.000731
0.2639 -0.000658
0.2917 -0.000570
0.2993 -0.000480
0.2935 -0.000398
0.2798 -0.000327
0.2618 -0.000267
0.2419 -0.000217
0.2215 -0.000176
0.2014 -0.000143
0.1818 -0.000116
0.1627 -0.000094
0.1442 -0.000077
0.1257 -0.000062
0.1070 -0.000050
0.0875 -0.000041
0.0661 -0.000033
0.0416 -0.000026
0.0112 -0.000021
-0.0292 -0.000016
-0.0850 -0.000012
-0.1551 -0.000008
-0.2271 -0.000005
-0.2890 -0.000003
-0.3376 -0.000002
-0.3739 -0.000001
-0.4003 -0.000001
-0.4191 -0.000001
-0.4319 -0.000000
-0.4402 -0.000000
-0.4450 -0.000000
-0.4472 -0.000000
-0.4473 -0.000000
-0.4457 -0.000000
-0.4429 -0.000000
-0.4390 -0.000000
-0.4343 -0.000000
-0.4289 -0.000000
-0.4230 -0.000000
-0.4165 -0.000000
-0.4095 -0.000000
-0.4022 -0.000000
-0.3945 -0.000000
-0.3865 -0.000000
-0.3781 -0.000000
-0.3695 -0.000000
-0.3605 -0.000000
-0.3512 -0.000000
-0.3416 -0.000000
-0.3317 -0.000000
-0.3258 -0.039183
-0.3230 -0.039814
-0.3204 -0.040415
-0.3198 -0.060831
-0.3263 -0.078195
-0.3339 -0.074782
-0.3414 -0.071417
-0.3483 -0.068276
-0.3545 -0.065491
-0.3598 -0.063129
-0.3640 -0.061207
-0.3674 -0.059699
-0.3699 -0.058565
-0.3717 -0.057752
-0.3729 -0.057212
-0.3736 -0.056898
-0.3738 -0.056769
-0.3738 -0.056790
-0.3735 -0.056932
-0.3729 -0.057170
-0.3722 -0.057485
-0.3710 -0.053503
-0.3689 -0.050270
-0.3662 -0.047806
-0.3630 -0.043820
-0.3588 -0.037722
-0.3536 -0.032649
-0.3478 -0.028347
-0.3415 -0.024653
-0.3349 -0.021452
-0.3280 -0.018663
-0.3209 -0.016228
-0.3137 -0.014097
-0.3064 -0.012234
-0.2991 -0.010605
-0.2917 -0.009183
-0.2842 -0.007943
-0.2767 -0.006865
-0.2691 -0.005928
-0.2614 -0.005116
-0.2535 -0.004413
-0.2454 -0.003807
-0.2371 -0.003283
-0.2284 -0.002833
-0.2191 -0.002446
-0.2093 -0.002114
-0.1986 -0.001831
-0.1868 -0.001589
-0.1734 -0.001383
-0.1579 -0.001210
-0.1391 -0.001066
-0.1153 -0.000949
-0.0828 -0.000859
-0.0346 -0.000800
0.0395 -0.000774
0.1340 -0.000760
0.2157 -0.000717
0.2679 -0.000643
0.2934 -0.000555
0.2993 -0.000467
0.2925 -0.000387
0.2782 -0.000317
0.2599 -0.000259
0.2399 -0.000210
0.2195 -0.000171
0.1994 -0.000139
0.1798 -0.000113
0.1609 -0.000091
0.1423 -0.000074
0.1239 -0.000060
0.1051 -0.000049
0.0854 -0.000039
0.0639 -0.000032
0.0389 -0.000025
0.0078 -0.000020
-0.0339 -0.000015
-0.0913 -0.000011
-0.1622 -0.000008
-0.2336 -0.000005
-0.2943 -0.000003
-0.3416 -0.000002
-0.3768 -0.000001
-0.4024 -0.000001
-0.4204 -0.000001
-0.4328 -0.000000
-0.4407 -0.000000
-0.4452 -0.000000
-0.4471 -0.000000
-0.4470 -0.000000
-0.4454 -0.000000
-0.4424 -0.000000
-0.4385 -0.000000
-0.4337 -0.000000
-0.4282 -0.000000
-0.4221 -0.000000
-0.4156 -0.000000
-0.4086 -0.000000
-0.4012 -0.000000
-0.3935 -0.000000
-0.3854 -0.000000
-0.3769 -0.000000
-0.3682 -0.000000
-0.3591 -0.000000
-0.3497 -0.000000
-0.3401 -0.000000
-0.3301 -0.000000
-0.3257 -0.039216
-0.3228 -0.039863
-0.3202 -0.040445
-0.3212 -0.080509
-0.3285 -0.077231
-0.3359 -0.073858
-0.3433 -0.070564
-0.3500 -0.067519
-0.3560 -0.064844
-0.3609 -0.062596
-0.3650 -0.060781
-0.3681 -0.059372
-0.3704 -0.058324
-0.3720 -0.057586
-0.3731 -0.057108
-0.3737 -0.056845
-0.3739 -0.056759
-0.3737 -0.056815
-0.3734 -0.056986
-0.3728 -0.057248
-0.3720 -0.056947
-0.3706 -0.052891
-0.3683 -0.049816
-0.3655 -0.047470
-0.3621 -0.042326
-0.3577 -0.036495
-0.3523 -0.031618
-0.3464 -0.027468
-0.3400 -0.023895
-0.3333 -0.020793
-0.3263 -0.018089
-0.3192 -0.015726
-0.3120 -0.013658
-0.3047 -0.011850
-0.2973 -0.010269
-0.2899 -0.008890
-0.2824 -0.007688
-0.2749 -0.006643
-0.2673 -0.005735
-0.2596 -0.004949
-0.2517 -0.004269
-0.2435 -0.003681
-0.2351 -0.003175
-0.2263 -0.002740
-0.2170 -0.002366
-0.2070 -0.002046
-0.1962 -0.001772
-0.1841 -0.001539
-0.1703 -0.001341
-0.1543 -0.001174
-0.1347 -0.001036
-0.1094 -0.000925
-0.0744 -0.000841
-0.0218 -0.000789
0.0582 -0.000769
0.1527 -0.000751
0.2288 -0.000701
0.2750 -0.000623
0.2958 -0.000534
0.2987 -0.000448
0.2900 -0.000370
0.2746 -0.000303
0.2558 -0.000247
0.2357 -0.000201
0.2153 -0.000163
0.1954 -0.000132
0.1759 -0.000107
0.1571 -0.000087
0.1386 -0.000071
0.1201 -0.000057
0.1013 -0.000046
0.0813 -0.000038
0.0592 -0.000030
0.0333 -0.000024
0.0005 -0.000019
-0.0440 -0.000014
-0.1046 -0.000010
-0.1768 -0.000007
-0.2467 -0.000005
-0.3047 -0.000003
-0.3494 -0.000002
-0.3825 -0.000001
-0.4065 -0.000001
-0.4233 -0.000001
-0.4346 -0.000000
-0.4418 -0.000000
-0.4457 -0.000000
-0.4472 -0.000000
-0.4468 -0.000000
-0.4449 -0.000000
-0.4417 -0.000000
-0.4376 -0.000000
-0.4327 -0.000000
-0.4271 -0.000000
-0.4209 -0.000000
-0.4143 -0.000000
-0.4073 -0.000000
-0.3998 -0.000000
-0.3920 -0.000000
-0.3839 -0.000000
-0.3754 -0.000000
-0.3666 -0.000000
-0.3575 -0.000000
-0.3481 -0.000000
-0.3384 -0.000000
-0.3284 -0.000000
-0.3252 -0.039328
-0.3224 -0.039964
-0.3200 -0.040504
-0.3228 -0.079776
-0.3301 -0.076499
-0.3375 -0.073158
-0.3447 -0.069929
-0.3512 -0.066972
-0.3570 -0.064395
-0.3617 -0.062247
-0.3655 -0.060525
-0.3685 -0.059199
-0.3706 -0.058221
-0.3721 -0.057542
-0.3731 -0.057114
-0.3736 -0.056891
-0.3737 -0.056837
-0.3735 -0.056919
-0.3731 -0.057111
-0.3725 -0.057389
-0.3716 -0.056289
-0.3700 -0.052412
-0.3677 -0.049467
-0.3648 -0.047084
-0.3612 -0.041145
-0.3565 -0.035519
-0.3510 -0.030796
-0.3450 -0.026765
-0.3385 -0.023288
-0.3317 -0.020267
-0.3247 -0.017631
-0.3175 -0.015326
-0.3102 -0.013310
-0.3029 -0.011546
-0.2955 -0.010005
-0.2880 -0.008661
-0.2805 -0.007490
-0.2729 -0.006472
-0.2652 -0.005588
-0.2573 -0.004822
-0.2493 -0.004161
-0.2410 -0.003589
-0.2324 -0.003097
-0.2234 -0.002674
-0.2138 -0.002311
-0.2034 -0.001999
-0.1921 -0.001734
-0.1794 -0.001508
-0.1648 -0.001316
-0.1475 -0.001156
-0.1259 -0.001024
-0.0975 -0.000920
-0.0568 -0.000846
0.0058 -0.000806
0.0952 -0.000792
0.1858 -0.000762
0.2504 -0.000697
0.2859 -0.000610
0.2989 -0.000518
0.2966 -0.000431
0.2848 -0.000355
0.2678 -0.000290
0.2483 -0.000236
0.2279 -0.000192
0.2077 -0.000156
0.1879 -0.000126
0.1687 -0.000103
0.1501 -0.000083
0.1316 -0.000068
0.1131 -0.000055
0.0939 -0.000044
0.0733 -0.000036
0.0500 -0.000029
0.0220 -0.000023
-0.0145 -0.000018
-0.0648 -0.000013
-0.1310 -0.000009
-0.2040 -0.000006
-0.2700 -0.000004
-0.3229 -0.000003
-0.3630 -0.000002
-0.3924 -0.000001
-0.4134 -0.000001
-0.4279 -0.000001
-0.4376 -0.000000
-0.4434 -0.000000
-0.4464 -0.000000
-0.4471 -0.000000
-0.4460 -0.000000
-0.4435 -0.000000
-0.4400 -0.000000
-0.4355 -0.000000
-0.4302 -0.000000
-0.4244 -0.000000
-0.4180 -0.000000
-0.4111 -0.000000
-0.4039 -0.000000
-0.3962 -0.000000
-0.3882 -0.000000
-0.3798 -0.000000
-0.3711 -0.000000
-0.3621 -0.000000
-0.3528 -0.000000
-0.3432 -0.000000
-0.3332 -0.000000
-0.3272 -0.038880
-0.3242 -0.039540
-0.3214 -0.040171
-0.3213 -0.060329
-0.3281 -0.077403
-0.3354 -0.074125
-0.3426 -0.070870
-0.3494 -0.067820
-0.3554 -0.065111
-0.3605 -0.062816
-0.3646 -0.060951
-0.3678 -0.059496
-0.3702 -0.058407
-0.3719 -0.057635
-0.3731 -0.057131
-0.3737 -0.056847
-0.3739 -0.056745
-0.3738 -0.056790
-0.3734 -0.056953
-0.3729 -0.057211
-0.3721 -0.057543
-0.3709 -0.053795
-0.3688 -0.050521
-0.3661 -0.048027
-0.3628 -0.043442
-0.3584 -0.037427
-0.3532 -0.032412
-0.3473 -0.028154
-0.3409 -0.024492
-0.3342 -0.021317
-0.3273 -0.018550
-0.3201 -0.016132
-0.3129 -0.014016
-0.3055 -0.012165
-0.2981 -0.010546
-0.2907 -0.009134
-0.2831 -0.007902
-0.2755 -0.006830
-0.2679 -0.005900
-0.2600 -0.005093
-0.2521 -0.004395
-0.2438 -0.003792
-0.2353 -0.003272
-0.2264 -0.002825
-0.2169 -0.002441
-0.2068 -0.002112
-0.1957 -0.001830
-0.1834 -0.001590
-0.1693 -0.001387
-0.1528 -0.001216
-0.1326 -0.001074
-0.1064 -0.000961
-0.0698 -0.000877
-0.0143 -0.000827
0.0689 -0.000808
0.1631 -0.000787
0.2360 -0.000730
0.2790 -0.000646
0.2974 -0.000552
0.2986 -0.000462
0.2889 -0.000381
0.2730 -0.000312
0.2539 -0.000254
0.2337 -0.000206
0.2133 -0.000168
0.1934 -0.000136
0.1741 -0.000110
0.1552 -0.000090
0.1368 -0.000073
0.1183 -0.000059
0.0994 -0.000048
0.0793 -0.000039
0.0569 -0.000031
0.0305 -0.000025
-0.0031 -0.000019
-0.0490 -0.000015
-0.1110 -0.000011
-0.1836 -0.000007
-0.2526 -0.000005
-0.3093 -0.000003
-0.3528 -0.000002
-0.3850 -0.000001
-0.4081 -0.000001
-0.4243 -0.000001
-0.4352 -0.000000
-0.4420 -0.000000
-0.4457 -0.000000
-0.4470 -0.000000
-0.4464 -0.000000
-0.4443 -0.000000
-0.4410 -0.000000
-0.4367 -0.000000
-0.4317 -0.000000
-0.4260 -0.000000
-0.4198 -0.000000
-0.4130 -0.000000
-0.4059 -0.000000
-0.3983 -0.000000
-0.3904 -0.000000
-0.3821 -0.000000
-0.3735 -0.000000
-0.3646 -0.000000
-0.3554 -0.000000
-0.3458 -0.000000
-0.3359 -0.000000
-0.3281 -0.038673
-0.3252 -0.039319
-0.3223 -0.039975
-0.3210 -0.060409
-0.3266 -0.078071
-0.3338 -0.074833
-0.3410 -0.071573
-0.3479 -0.068475
-0.3541 -0.065690
-0.3594 -0.063305
-0.3637 -0.061350
-0.3671 -0.059809
-0.3697 -0.058645
-0.3715 -0.057809
-0.3728 -0.057251
-0.3735 -0.056924
-0.3738 -0.056787
-0.3738 -0.056803
-0.3735 -0.056943
-0.3729 -0.057182
-0.3722 -0.057499
-0.3712 -0.054790
-0.3692 -0.051285
-0.3667 -0.048618
-0.3636 -0.045081
-0.3595 -0.038775
-0.3544 -0.033545
-0.3487 -0.029121
-0.3424 -0.025327
-0.3357 -0.022042
-0.3288 -0.019183
-0.3217 -0.016684
-0.3145 -0.014499
-0.3072 -0.012587
-0.2998 -0.010915
-0.2923 -0.009455
-0.2848 -0.008181
-0.2773 -0.007073
-0.2696 -0.006110
-0.2618 -0.005275
-0.2539 -0.004552
-0.2457 -0.003928
-0.2373 -0.003389
-0.2285 -0.002925
-0.2192 -0.002527
-0.2092 -0.002185
-0.1984 -0.001893
-0.1864 -0.001643
-0.1728 -0.001432
-0.1570 -0.001253
-0.1379 -0.001105
-0.1134 -0.000985
-0.0799 -0.000894
-0.0300 -0.000835
0.0465 -0.000810
0.1414 -0.000795
0.2212 -0.000746
0.2711 -0.000667
0.2948 -0.000574
0.2995 -0.000482
0.2920 -0.000399
0.2772 -0.000327
0.2587 -0.000267
0.2386 -0.000217
0.2182 -0.000176
0.1982 -0.000143
0.1787 -0.000116
0.1598 -0.000094
0.1413 -0.000076
0.1228 -0.000062
0.1041 -0.000050
0.0844 -0.000041
0.0627 -0.000033
0.0375 -0.000026
0.0060 -0.000020
-0.0363 -0.000016
-0.0943 -0.000011
-0.1655 -0.000008
-0.2365 -0.000005
-0.2965 -0.000003
-0.3432 -0.000002
-0.3779 -0.000001
-0.4030 -0.000001
-0.4208 -0.000001
-0.4328 -0.000000
-0.4405 -0.000000
-0.4449 -0.000000
-0.4467 -0.000000
-0.4465 -0.000000
-0.4447 -0.000000
-0.4417 -0.000000
-0.4377 -0.000000
-0.4328 -0.000000
-0.4273 -0.000000
-0.4212 -0.000000
-0.4146 -0.000000
-0.4075 -0.000000
-0.4000 -0.000000
-0.3922 -0.000000
-0.3840 -0.000000
-0.3755 -0.000000
-0.3667 -0.000000
-0.3575 -0.000000
-0.3481 -0.000000
-0.3383 -0.000000
-0.3291 -0.038436
-0.3264 -0.039057
-0.3235 -0.039710
-0.3213 -0.060329
-0.3259 -0.078399
-0.3330 -0.075183
-0.3402 -0.071931
-0.3471 -0.068819
-0.3534 -0.066000
-0.3588 -0.063571
-0.3632 -0.061567
-0.3667 -0.059980
-0.3694 -0.058773
-0.3713 -0.057901
-0.3727 -0.057312
-0.3734 -0.056960
-0.3738 -0.056802
-0.3738 -0.056802
-0.3735 -0.056929
-0.3730 -0.057159
-0.3723 -0.057469
-0.3713 -0.055614
-0.3696 -0.051920
-0.3671 -0.049112
-0.3641 -0.046045
-0.3602 -0.040050
-0.3553 -0.034614
-0.3497 -0.030032
-0.3435 -0.026112
-0.3370 -0.022723
-0.3301 -0.019776
-0.3230 -0.017203
-0.3158 -0.014953
-0.3085 -0.012984
-0.3011 -0.011262
-0.2937 -0.009757
-0.2861 -0.008445
-0.2786 -0.007303
-0.2709 -0.006309
-0.2632 -0.005448
-0.2553 -0.004702
-0.2471 -0.004057
-0.2388 -0.003500
-0.2300 -0.003021
-0.2208 -0.002609
-0.2110 -0.002256
-0.2003 -0.001953
-0.1886 -0.001695
-0.1753 -0.001476
-0.1600 -0.001290
-0.1416 -0.001136
-0.1183 -0.001010
-0.0869 -0.000913
-0.0407 -0.000847
0.0305 -0.000817
0.1243 -0.000803
0.2086 -0.000762
0.2640 -0.000686
0.2919 -0.000594
0.2996 -0.000501
0.2939 -0.000416
0.2802 -0.000341
0.2622 -0.000278
0.2423 -0.000226
0.2220 -0.000184
0.2018 -0.000149
0.1823 -0.000121
0.1633 -0.000098
0.1447 -0.000080
0.1263 -0.000065
0.1077 -0.000053
0.0882 -0.000042
0.0670 -0.000034
0.0427 -0.000027
0.0127 -0.000022
-0.0271 -0.000017
-0.0820 -0.000012
-0.1516 -0.000009
-0.2237 -0.000006
-0.2862 -0.000004
-0.3353 -0.000002
-0.3720 -0.000002
-0.3988 -0.000001
-0.4178 -0.000001
-0.4308 -0.000000
-0.4393 -0.000000
-0.4442 -0.000000
-0.4464 -0.000000
-0.4466 -0.000000
-0.4451 -0.000000
-0.4422 -0.000000
-0.4384 -0.000000
-0.4336 -0.000000
-0.4282 -0.000000
-0.4221 -0.000000
-0.4156 -0.000000
-0.4086 -0.000000
-0.4012 -0.000000
-0.3934 -0.000000
-0.3852 -0.000000
-0.3767 -0.000000
-0.3679 -0.000000
-0.3588 -0.000000
-0.3494 -0.000000
-0.3396 -0.000000
-0.3302 -0.019099
-0.3270 -0.038921
-0.3240 -0.039585
-0.3216 -0.040130
-0.3255 -0.078574
-0.3325 -0.075385
-0.3398 -0.072143
-0.3467 -0.069023
-0.3530 -0.066182
-0.3584 -0.063723
-0.3630 -0.061688
-0.3665 -0.060071
-0.3693 -0.058838
-0.3713 -0.057943
-0.3726 -0.057336
-0.3734 -0.056969
-0.3738 -0.056799
-0.3738 -0.056791
-0.3735 -0.056911
-0.3730 -0.057136
-0.3723 -0.057443
-0.3714 -0.056085
-0.3698 -0.052283
-0.3673 -0.049394
-0.3644 -0.046574
-0.3606 -0.040698
-0.3558 -0.035156
-0.3503 -0.030493
-0.3441 -0.026510
-0.3376 -0.023069
-0.3307 -0.020078
-0.3237 -0.017468
-0.3165 -0.015185
-0.3091 -0.013187
-0.3017 -0.011439
-0.2943 -0.009912
-0.2868 -0.008580
-0.2792 -0.007420
-0.2716 -0.006411
-0.2638 -0.005536
-0.2559 -0.004778
-0.2478 -0.004123
-0.2395 -0.003557
-0.2308 -0.003070
-0.2216 -0.002651
-0.2118 -0.002292
-0.2013 -0.001984
-0.1897 -0.001721
-0.1766 -0.001498
-0.1615 -0.001309
-0.1434 -0.001152
-0.1207 -0.001023
-0.0903 -0.000923
-0.0461 -0.000853
0.0223 -0.000820
0.1148 -0.000806
0.2013 -0.000768
0.2596 -0.000695
0.2899 -0.000604
0.2993 -0.000510
0.2947 -0.000424
0.2817 -0.000348
0.2640 -0.000284
0.2443 -0.000231
0.2240 -0.000188
0.2038 -0.000153
0.1842 -0.000124
0.1652 -0.000101
0.1466 -0.000082
0.1282 -0.000066
0.1096 -0.000054
0.0903 -0.000043
0.0693 -0.000035
0.0454 -0.000028
0.0162 -0.000022
-0.0223 -0.000017
-0.0754 -0.000013
-0.1438 -0.000009
-0.2164 -0.000006
-0.2802 -0.000004
-0.3306 -0.000002
-0.3686 -0.000002
-0.3963 -0.000001
-0.4161 -0.000001
-0.4296 -0.000000
-0.4385 -0.000000
-0.4437 -0.000000
-0.4462 -0.000000
-0.4465 -0.000000
-0.4451 -0.000000
-0.4424 -0.000000
