-0.3388
-0.3350
-0.3310
-0.3269
-0.3226
-0.3181
-0.3136
-0.3089
-0.3042
-0.2993
-0.2944
-0.2895
-0.2845
-0.2795
-0.2744
-0.2693
-0.2642
-0.2590
-0.2538
-0.2486
-0.2433
-0.2380
-0.2326
-0.2271
-0.2216
-0.2159
-0.2102
-0.2042
-0.1981
-0.1916
-0.1849
-0.1777
-0.1700
-0.1615
-0.1520
-0.1411
-0.1282
-0.1122
-0.0913
-0.0623
-0.0193
0.0423
0.1074
0.1585
0.1933
0.2180
0.2354
0.2457
0.2492
0.2472
0.2413
0.2330
0.2232
0.2129
0.2025
0.1923
0.1825
0.1731
0.1642
0.1558
0.1478
0.1403
0.1332
0.1264
0.1200
0.1139
0.1081
0.1026
0.0974
0.0925
0.0878
0.0833
0.0791
0.0750
0.0712
0.0676
0.0641
0.0609
0.0577
0.0548
0.0519
0.0491
0.0465
0.0438
0.0412
0.0386
0.0359
0.0330
0.0300
0.0267
0.0230
0.0189
0.0143
0.0090
0.0027
-0.0046
-0.0135
-0.0249
-0.0399
-0.0598
-0.0856
