-0.3389 0.000834
-0.3351 0.000682
-0.3311 0.000557
-0.3269 0.000455
-0.3226 0.000371
-0.3181 0.000302
-0.3136 0.000246
-0.3089 0.000201
-0.3041 0.000163
-0.2993 0.000133
-0.2944 0.000108
-0.2894 0.000088
-0.2844 0.000071
-0.2793 0.000058
-0.2742 0.000047
-0.2691 0.000038
-0.2639 0.000031
-0.2587 0.000025
-0.2535 0.000020
-0.2482 0.000016
-0.2429 0.000013
-0.2376 0.000011
-0.2322 0.000009
-0.2267 0.000007
-0.2211 0.000006
-0.2154 0.000005
-0.2095 0.000004
-0.2035 0.000003
-0.1973 0.000002
-0.1908 0.000002
-0.1840 0.000002
-0.1767 0.000001
-0.1687 0.000001
-0.1600 0.000001
-0.1501 0.000001
-0.1385 0.000000
-0.1243 0.000000
-0.1056 0.000000
-0.0789 0.000000
-0.0347 0.015878
0.0363 -0.015940
0.1195 -0.106820
0.1890 -0.169612
0.2347 -0.210932
0.2602 -0.233996
0.2710 -0.243896
0.2720 -0.244860
0.2667 -0.240108
0.2576 -0.231977
0.2466 -0.222070
0.2348 -0.211426
0.2229 -0.200678
0.2112 -0.190183
0.2000 -0.180126
0.1894 -0.170588
0.1794 -0.161587
0.1700 -0.153114
0.1612 -0.145139
0.1528 -0.137629
0.1450 -0.130550
0.1376 -0.123867
0.1305 -0.117551
0.1239 -0.111573
0.1176 -0.105909
0.1117 -0.100538
0.1060 -0.095439
0.1006 -0.090597
0.0955 -0.085997
0.0906 -0.081625
0.0860 -0.077471
0.0816 -0.073522
0.0775 -0.069769
0.0735 -0.066202
0.0698 -0.062810
0.0662 -0.059584
0.0628 -0.056511
0.0595 -0.053580
0.0564 -0.050774
0.0534 -0.048078
0.0505 -0.045472
0.0477 -0.042932
0.0449 -0.040431
0.0421 -0.037939
0.0393 -0.035417
0.0364 -0.032822
0.0334 -0.030105
0.0302 -0.027207
0.0267 -0.024059
0.0228 -0.020583
0.0185 -0.016684
0.0136 -0.012251
0.0079 -0.007151
0.0013 -0.001173
-0.0065 0.004906
-0.0161 0.010137
-0.0285 0.014860
-0.0449 0.019343
-0.0664 0.023694
-0.0941 0.027774
-0.1275 0.031126
-0.1641 0.033134
