0.1026 -0.033285
0.2478 -0.034528
0.3458 -0.032641
0.3903 -0.028713
0.3944 -0.024097
0.3738 -0.019665
0.3416 -0.015818
0.3059 -0.012651
0.2205 -0.370146
0.1470 -0.330886
0.0872 -0.299267
0.0283 -0.268498
-0.0429 -0.231876
-0.1341 -0.185382
-0.2289 -0.137193
-0.3064 -0.097849
-0.3630 -0.069171
-0.4024 -0.049200
-0.4292 -0.035668
-0.4468 -0.026767
-0.4579 -0.021180
-0.4642 -0.017976
-0.4671 -0.016507
-0.4674 -0.016323
-0.4658 -0.017118
-0.4626 -0.018681
-0.4582 -0.020875
-0.4524 -0.019781
-0.4449 -0.018929
-0.4359 -0.018222
-0.4253 -0.017553
-0.4131 -0.016873
-0.3993 -0.016165
-0.3838 -0.015428
-0.3664 -0.014667
-0.3470 -0.013892
-0.3253 -0.013115
-0.3010 -0.012348
-0.2738 -0.011608
-0.2428 -0.010911
-0.2068 -0.010284
-0.1935 -0.162078
-0.1821 -0.325659
-0.2033 -0.451534
-0.2335 -0.404530
-0.2612 -0.361815
-0.2921 -0.314710
-0.3249 -0.264737
-0.3561 -0.217452
-0.3820 -0.169291
-0.4015 -0.134284
-0.4156 -0.109902
-0.4256 -0.093138
-0.4325 -0.081750
-0.4370 -0.074133
-0.4397 -0.069180
-0.4411 -0.066146
-0.4414 -0.064530
-0.4410 -0.063981
-0.4400 -0.064248
-0.4385 -0.065139
-0.4361 -0.059156
-0.4317 -0.052733
-0.4260 -0.047745
-0.4191 -0.043577
-0.4112 -0.039924
-0.4025 -0.036629
-0.3929 -0.033615
-0.3823 -0.030841
-0.3707 -0.028283
-0.3581 -0.025926
-0.3443 -0.023758
-0.3292 -0.021769
-0.3126 -0.019949
-0.2942 -0.018290
-0.2739 -0.016784
-0.2511 -0.015429
-0.2252 -0.014227
-0.1949 -0.013188
-0.1580 -0.012343
-0.1095 -0.011769
-0.0371 -0.011644
0.0786 -0.012150
0.2122 -0.012499
0.3107 -0.011892
0.3628 -0.010575
0.3765 -0.008975
0.3646 -0.007395
0.3388 -0.005992
0.3073 -0.004817
0.2751 -0.003862
0.2444 -0.003097
0.2160 -0.002488
0.1899 -0.002002
0.1658 -0.001614
0.1430 -0.001301
0.1210 -0.001050
0.0697 -0.286071
-0.0133 -0.244368
-0.1151 -0.193405
-0.2230 -0.139251
-0.3099 -0.095568
-0.3712 -0.064740
-0.4123 -0.044081
-0.4388 -0.030711
-0.4553 -0.022434
-0.4647 -0.017701
-0.4691 -0.015453
-0.4701 -0.014974
-0.4684 -0.015792
-0.4648 -0.017600
-0.4595 -0.020202
-0.4530 -0.023478
-0.4452 -0.027352
-0.4364 -0.031778
-0.4265 -0.036720
-0.4156 -0.039122
-0.4033 -0.037057
-0.3902 -0.034807
-0.3769 -0.032260
-0.3640 -0.029482
-0.3516 -0.026604
-0.3397 -0.023753
-0.3285 -0.021025
-0.3250 -0.105265
-0.3300 -0.099259
-0.3335 -0.094824
-0.3365 -0.091142
-0.3403 -0.087431
-0.3454 -0.083407
-0.3514 -0.079158
-0.3579 -0.074914
-0.3644 -0.070860
-0.3706 -0.067078
-0.3766 -0.063614
-0.3820 -0.060511
-0.3868 -0.057806
-0.3909 -0.055524
-0.3942 -0.053677
-0.3967 -0.052260
-0.3985 -0.051252
-0.3996 -0.050621
-0.4000 -0.050330
-0.3998 -0.048165
-0.3980 -0.040953
-0.3945 -0.035355
-0.3898 -0.030840
-0.3841 -0.027081
-0.3776 -0.023877
-0.3705 -0.021098
-0.3629 -0.018661
-0.3547 -0.016510
-0.3461 -0.014606
-0.3370 -0.012918
-0.3274 -0.011423
-0.3172 -0.010103
-0.3063 -0.008940
-0.2945 -0.007918
-0.2817 -0.007025
-0.2675 -0.006248
-0.2516 -0.005574
-0.2335 -0.004995
-0.2123 -0.004502
-0.1869 -0.004091
-0.1551 -0.003763
-0.1123 -0.003531
-0.0486 -0.003432
0.0259 -0.265983
0.0930 -0.299317
0.1552 -0.330224
0.1983 -0.323228
0.2264 -0.280847
0.2396 -0.238862
0.2404 -0.199721
0.2327 -0.165081
0.2202 -0.135522
0.1971 -0.458645
0.1265 -0.395842
0.0681 -0.346665
0.0082 -0.300989
-0.0661 -0.250602
-0.1572 -0.193824
-0.2453 -0.141395
-0.3148 -0.101163
-0.3651 -0.072707
-0.4000 -0.053245
-0.4237 -0.040233
-0.4392 -0.031776
-0.4488 -0.026540
-0.4542 -0.023609
-0.4564 -0.022350
-0.4562 -0.022332
-0.4543 -0.023258
-0.4509 -0.024909
-0.4464 -0.027111
-0.4411 -0.029725
-0.4349 -0.028571
-0.4274 -0.026365
-0.4187 -0.024409
-0.4090 -0.022576
-0.3986 -0.020813
-0.3874 -0.019106
-0.3756 -0.017457
-0.3632 -0.015880
-0.3501 -0.014387
-0.3363 -0.012992
-0.3216 -0.011705
-0.3059 -0.010532
-0.2888 -0.009475
-0.2701 -0.008532
-0.2491 -0.007698
-0.2254 -0.006967
-0.2200 -0.145875
-0.2184 -0.145670
-0.2165 -0.145804
-0.2192 -0.143783
-0.2288 -0.138315
-0.2449 -0.129714
-0.2819 -0.219938
-0.3192 -0.182178
-0.3494 -0.151525
-0.3732 -0.127529
-0.3913 -0.109176
-0.4050 -0.095377
-0.4151 -0.085176
-0.4224 -0.077798
-0.4275 -0.072623
-0.4309 -0.069161
-0.4331 -0.067021
-0.4342 -0.065898
-0.4341 -0.061217
-0.4326 -0.057816
-0.4301 -0.055827
-0.4268 -0.054837
-0.4229 -0.054604
-0.4184 -0.054986
-0.4133 -0.055901
-0.4077 -0.057304
-0.4008 -0.051525
-0.3919 -0.046883
-0.3812 -0.043026
-0.3687 -0.039707
-0.3544 -0.036779
-0.3381 -0.034157
-0.3195 -0.031790
-0.2985 -0.029649
-0.2743 -0.027723
-0.2464 -0.026014
-0.2135 -0.024549
-0.1729 -0.023398
-0.1194 -0.022732
-0.0590 -0.242290
0.0027 -0.271931
0.0888 -0.314424
0.1693 -0.353781
0.2162 -0.375374
0.2295 -0.379555
0.2199 -0.372246
0.1752 -0.685663
0.0984 -0.606185
0.0256 -0.531558
-0.0611 -0.443528
-0.1654 -0.337982
-0.2604 -0.230820
-0.3286 -0.152066
-0.3742 -0.103567
-0.4041 -0.073858
-0.4233 -0.055658
-0.4352 -0.044584
-0.4421 -0.038004
-0.4456 -0.034323
-0.4465 -0.032556
-0.4457 -0.032090
-0.4435 -0.032539
-0.4402 -0.033658
-0.4361 -0.035293
-0.4313 -0.037347
-0.4258 -0.037676
-0.4188 -0.034126
-0.4101 -0.031238
-0.4000 -0.028756
-0.3885 -0.026540
-0.3755 -0.024517
-0.3610 -0.022651
-0.3448 -0.020920
-0.3269 -0.019316
-0.3068 -0.017835
-0.2843 -0.016479
-0.2587 -0.015250
-0.2292 -0.014161
-0.1942 -0.013233
-0.1576 -0.183376
-0.1442 -0.366458
-0.1569 -0.351648
-0.1705 -0.336326
-0.1922 -0.313272
-0.2235 -0.280671
-0.2604 -0.242704
-0.2973 -0.205012
-0.3302 -0.171466
-0.3565 -0.133973
-0.3758 -0.107059
-0.3897 -0.088530
-0.3993 -0.075735
-0.4059 -0.066893
-0.4100 -0.060814
-0.4123 -0.056699
-0.4132 -0.054012
-0.4130 -0.052385
-0.4119 -0.051561
-0.4101 -0.051356
-0.4075 -0.047619
-0.4032 -0.041609
-0.3974 -0.036812
-0.3905 -0.032825
-0.3825 -0.029412
-0.3735 -0.026433
-0.3636 -0.023797
-0.3528 -0.021450
-0.3410 -0.019350
-0.3281 -0.017471
-0.3140 -0.015787
-0.2987 -0.014270
-0.2823 -0.012886
-0.2652 -0.011610
-0.2474 -0.010432
-0.2288 -0.009350
-0.2094 -0.008368
-0.1885 -0.007492
-0.1652 -0.006725
-0.1377 -0.006076
-0.1028 -0.005562
-0.0534 -0.005221
0.0233 -0.005107
0.1285 -0.005122
0.2252 -0.004939
0.2893 -0.004491
0.3209 -0.003903
0.2881 -0.397527
0.2287 -0.367020
0.1800 -0.342096
0.1379 -0.320620
0.0748 -0.576889
-0.0231 -0.478685
-0.1386 -0.363104
-0.2494 -0.251820
-0.3312 -0.169607
-0.3857 -0.114873
-0.4205 -0.079853
-0.4421 -0.058109
-0.4549 -0.045169
-0.4620 -0.038064
-0.4652 -0.034854
-0.4657 -0.034273
-0.4645 -0.035503
-0.4620 -0.038008
-0.4585 -0.041440
-0.4544 -0.045567
-0.4497 -0.050241
-0.4446 -0.055367
-0.4390 -0.060899
-0.4331 -0.066388
-0.4261 -0.067002
-0.4179 -0.068675
-0.4088 -0.070992
-0.3991 -0.073672
-0.3891 -0.076536
-0.3791 -0.079475
-0.3691 -0.082431
-0.3594 -0.085371
-0.3501 -0.088274
-0.3411 -0.091129
-0.3394 -0.166037
-0.3423 -0.149036
-0.3421 -0.216778
-0.3527 -0.193028
-0.3598 -0.176501
-0.3664 -0.162550
-0.3739 -0.148875
-0.3824 -0.135331
-0.3911 -0.122631
-0.3992 -0.111436
-0.4062 -0.102070
-0.4119 -0.094556
-0.4164 -0.088738
-0.4197 -0.084391
-0.4220 -0.081290
-0.4235 -0.079243
-0.4241 -0.078097
-0.4241 -0.077730
-0.4235 -0.078040
-0.4224 -0.078940
-0.4204 -0.075727
-0.4167 -0.067374
-0.4111 -0.060026
-0.4043 -0.053990
-0.3965 -0.048734
-0.3882 -0.044001
-0.3793 -0.039667
-0.3700 -0.035671
-0.3604 -0.031981
-0.3507 -0.028582
-0.3407 -0.025466
-0.3305 -0.022625
-0.3201 -0.020056
-0.3093 -0.017752
-0.2980 -0.015703
-0.2860 -0.013898
-0.2728 -0.012318
-0.2582 -0.010947
-0.2418 -0.009765
-0.2227 -0.008755
-0.2003 -0.007904
-0.1728 -0.007204
-0.1379 -0.006658
-0.0911 -0.006276
-0.0224 -0.006119
0.0808 -0.006214
0.1933 -0.006198
0.2747 -0.005787
0.3189 -0.005112
0.3339 -0.004348
0.3289 -0.003610
0.3122 -0.002954
0.2894 -0.002398
0.2644 -0.001939
0.1925 -0.348086
0.1249 -0.313861
0.0670 -0.284628
0.0059 -0.253894
-0.0713 -0.215248
-0.1654 -0.168090
-0.2544 -0.123365
-0.3235 -0.088665
-0.3725 -0.064001
-0.4059 -0.047216
-0.4278 -0.036229
-0.4413 -0.029441
-0.4487 -0.025699
-0.4516 -0.024193
-0.4513 -0.024357
-0.4484 -0.025800
-0.4434 -0.028261
-0.4368 -0.031564
-0.4287 -0.035270
-0.4185 -0.033312
-0.4059 -0.031812
-0.3909 -0.030504
-0.3734 -0.029261
-0.3534 -0.028026
-0.3306 -0.026770
-0.3050 -0.025475
-0.2855 -0.130382
-0.2744 -0.132910
-0.2756 -0.241086
-0.2872 -0.332701
-0.3126 -0.290883
-0.3369 -0.251775
-0.3608 -0.214001
-0.3829 -0.179241
-0.4021 -0.149494
-0.4174 -0.125688
-0.4291 -0.107662
-0.4375 -0.094626
-0.4434 -0.085584
-0.4473 -0.079595
-0.4497 -0.075880
-0.4510 -0.073846
-0.4515 -0.073065
-0.4513 -0.073234
-0.4507 -0.074140
-0.4496 -0.074245
-0.4477 -0.072978
-0.4447 -0.068798
-0.4401 -0.062283
-0.4339 -0.057376
-0.4265 -0.053290
-0.4180 -0.049649
-0.4084 -0.046275
-0.3979 -0.043084
-0.3864 -0.040040
-0.3739 -0.037134
-0.3602 -0.034367
-0.3454 -0.031746
-0.3292 -0.029283
-0.3116 -0.026985
-0.2921 -0.024864
-0.2704 -0.022927
-0.2460 -0.021186
-0.2177 -0.019660
-0.1839 -0.018384
-0.1410 -0.017433
-0.0817 -0.016959
0.0097 -0.017248
0.1384 -0.018045
0.2528 -0.017783
0.3228 -0.016244
0.2945 -0.410551
0.2517 -0.386389
0.2107 -0.363725
0.1727 -0.342977
0.1371 -0.323855
0.1027 -0.305568
0.0670 -0.286877
0.0263 -0.265842
-0.0256 -0.239349
-0.0955 -0.203982
-0.1783 -0.162130
-0.2556 -0.123105
-0.3166 -0.092315
-0.3611 -0.069846
-0.3923 -0.054123
-0.4133 -0.043521
-0.4268 -0.036734
-0.4346 -0.032788
-0.4381 -0.030978
-0.4384 -0.030223
-0.4356 -0.026130
-0.4299 -0.023506
-0.4219 -0.021663
-0.4117 -0.020233
-0.3997 -0.019018
-0.3857 -0.017915
-0.3698 -0.016874
-0.3518 -0.015872
-0.3317 -0.014904
-0.3092 -0.013971
-0.2840 -0.013081
-0.2554 -0.012246
-0.2226 -0.011485
-0.1835 -0.010831
-0.1469 -0.186457
-0.1361 -0.372550
-0.1752 -0.494246
-0.2208 -0.423977
-0.2661 -0.354604
-0.3088 -0.289520
-0.3461 -0.232758
-0.3766 -0.186495
-0.4000 -0.150857
-0.4173 -0.124660
-0.4295 -0.106176
-0.4378 -0.093646
-0.4431 -0.085541
-0.4463 -0.080661
-0.4480 -0.078119
-0.4485 -0.077283
-0.4482 -0.077707
-0.4473 -0.079078
-0.4459 -0.081181
-0.4440 -0.080540
-0.4405 -0.076322
-0.4357 -0.074181
-0.4299 -0.073281
-0.4234 -0.073199
-0.4158 -0.067985
-0.4065 -0.063029
-0.3958 -0.058662
-0.3838 -0.054633
-0.3705 -0.050825
-0.3560 -0.047192
-0.3403 -0.043723
-0.3232 -0.040427
-0.3045 -0.037321
-0.2841 -0.034427
-0.2615 -0.031766
-0.2359 -0.029366
-0.2064 -0.027263
-0.1709 -0.025525
-0.1249 -0.024285
-0.0590 -0.023836
0.0451 -0.024593
0.1763 -0.025494
0.2787 -0.024535
0.3359 -0.022009
0.3249 -0.430931
0.2650 -0.396853
0.2142 -0.368275
0.1704 -0.343999
0.1313 -0.322621
0.0942 -0.302608
0.0556 -0.282155
0.0106 -0.258720
-0.0482 -0.228617
-0.1250 -0.189543
-0.2082 -0.147367
-0.2798 -0.111102
-0.3339 -0.083697
-0.3724 -0.064207
-0.3988 -0.050880
-0.4161 -0.042152
-0.4266 -0.036811
-0.4322 -0.033968
-0.4342 -0.032979
-0.4333 -0.033378
-0.4300 -0.030081
-0.4241 -0.026962
-0.4161 -0.024627
-0.4065 -0.022711
-0.3953 -0.021026
-0.3826 -0.019479
-0.3686 -0.018028
-0.3532 -0.016658
-0.3363 -0.015364
-0.3176 -0.014149
-0.2970 -0.013019
-0.2741 -0.011979
-0.2483 -0.011037
-0.2186 -0.010203
-0.2123 -0.152461
-0.2151 -0.292082
-0.2286 -0.277047
-0.2557 -0.371093
-0.2918 -0.315709
-0.3245 -0.265805
-0.3532 -0.222006
-0.3775 -0.185071
-0.3972 -0.155155
-0.4125 -0.131870
-0.4240 -0.114452
-0.4323 -0.101943
-0.4379 -0.093375
-0.4415 -0.087881
-0.4436 -0.084744
-0.4445 -0.083391
-0.4445 -0.083377
-0.4438 -0.084368
-0.4426 -0.084624
-0.4403 -0.083224
-0.4372 -0.081535
-0.4329 -0.078351
-0.4274 -0.075911
-0.4205 -0.069417
-0.4121 -0.064151
-0.4023 -0.059546
-0.3913 -0.055328
-0.3791 -0.051361
-0.3659 -0.047582
-0.3517 -0.043964
-0.3364 -0.040504
-0.3200 -0.037213
-0.3024 -0.034109
-0.2835 -0.031213
-0.2629 -0.028546
-0.2402 -0.026130
-0.2143 -0.023989
-0.1840 -0.022159
-0.1466 -0.020694
-0.0971 -0.019700
-0.0239 -0.019431
0.0875 -0.020018
0.2069 -0.020130
0.2910 -0.018823
0.3346 -0.016595
0.3469 -0.014068
0.3387 -0.011636
0.3187 -0.009487
0.2933 -0.007677
0.2663 -0.006193
0.2397 -0.004993
0.2145 -0.004028
0.1510 -0.328932
0.0813 -0.293276
0.0134 -0.258762
-0.0694 -0.216947
-0.1694 -0.166559
-0.2624 -0.119691
-0.3331 -0.084004
-0.3828 -0.058943
-0.4165 -0.041981
-0.4386 -0.030848
-0.4525 -0.023850
-0.4605 -0.019786
-0.4644 -0.017818
-0.4653 -0.017368
-0.4639 -0.018038
-0.4609 -0.019554
-0.4565 -0.021729
-0.4511 -0.024439
-0.4444 -0.023406
-0.4361 -0.022226
-0.4265 -0.021153
-0.4156 -0.020084
-0.4035 -0.018977
-0.3904 -0.017824
-0.3763 -0.016636
-0.3613 -0.015431
-0.3453 -0.014229
-0.3284 -0.013052
-0.3104 -0.011921
-0.2913 -0.010852
-0.2706 -0.009860
-0.2480 -0.008956
-0.2226 -0.008150
-0.1932 -0.007452
-0.1686 -0.172309
-0.1921 -0.467838
-0.2378 -0.397534
-0.2730 -0.343514
-0.3047 -0.295317
-0.3351 -0.249148
-0.3630 -0.206749
-0.3869 -0.170577
-0.4059 -0.141741
-0.4203 -0.119983
-0.4307 -0.104280
-0.4379 -0.093374
-0.4427 -0.086098
-0.4458 -0.081497
-0.4475 -0.078862
-0.4483 -0.077682
-0.4483 -0.077602
-0.4478 -0.078373
-0.4467 -0.078227
-0.4448 -0.076824
-0.4420 -0.073578
-0.4374 -0.066278
-0.4313 -0.060762
-0.4240 -0.056117
-0.4158 -0.051918
-0.4068 -0.047971
-0.3972 -0.044196
-0.3870 -0.040568
-0.3763 -0.037093
-0.3651 -0.033788
-0.3534 -0.030672
-0.3411 -0.027763
-0.3282 -0.025074
-0.3145 -0.022612
-0.2998 -0.020378
-0.2839 -0.018368
-0.2665 -0.016576
-0.2470 -0.014995
-0.2249 -0.013618
-0.1990 -0.012444
-0.1674 -0.011480
-0.1270 -0.010752
-0.0702 -0.010342
0.0190 -0.010422
0.1424 -0.010776
0.2501 -0.010516
0.3159 -0.009560
0.3445 -0.008266
0.3465 -0.006922
0.3323 -0.005684
0.2855 -0.397686
0.2061 -0.356773
0.1470 -0.326331
0.0974 -0.300936
0.0492 -0.276392
-0.0062 -0.248370
-0.0783 -0.212081
-0.1659 -0.168017
-0.2493 -0.126065
-0.3149 -0.093032
-0.3624 -0.069130
-0.3955 -0.052470
-0.4180 -0.041149
-0.4328 -0.033680
-0.4422 -0.028983
-0.4475 -0.026284
-0.4500 -0.025034
-0.4503 -0.024840
-0.4492 -0.025422
-0.4468 -0.025463
-0.4429 -0.022590
-0.4376 -0.020416
-0.4311 -0.018634
-0.4236 -0.017079
-0.4153 -0.015662
-0.4062 -0.014338
-0.3964 -0.013088
-0.3860 -0.011905
-0.3750 -0.010795
-0.3633 -0.009764
-0.3506 -0.008820
-0.3369 -0.007964
-0.3218 -0.007195
-0.3051 -0.006507
-0.2867 -0.005887
-0.2671 -0.005316
-0.2470 -0.004774
-0.2271 -0.004258
-0.2076 -0.003772
-0.1885 -0.003322
-0.1704 -0.002907
-0.1537 -0.002525
-0.1385 -0.002180
-0.1241 -0.001874
-0.1096 -0.001609
-0.0934 -0.001386
-0.0735 -0.001202
-0.0463 -0.001057
-0.0068 -0.000950
0.0502 -0.000876
0.1184 -0.000814
0.1791 -0.000739
0.2208 -0.000649
0.2436 -0.000554
0.2514 -0.000463
0.2486 -0.000381
0.2388 -0.000311
0.2248 -0.000252
0.2085 -0.000204
0.1911 -0.000164
0.1733 -0.000132
0.1556 -0.000107
0.1381 -0.000086
0.1207 -0.000069
0.1034 -0.000055
0.0860 -0.000045
0.0680 -0.000036
0.0489 -0.000029
0.0278 -0.000023
0.0033 -0.000018
-0.0267 -0.000014
-0.0646 -0.000011
-0.1112 -0.000008
-0.1622 -0.000006
-0.2100 -0.000004
-0.2491 -0.000003
-0.2781 -0.000002
-0.2981 -0.000002
-0.3107 -0.000001
-0.3183 -0.000001
-0.3235 -0.000001
-0.3287 -0.000001
-0.3481 -0.076029
-0.3668 -0.066663
-0.3830 -0.058552
-0.4006 -0.099631
-0.4262 -0.110999
-0.4427 -0.086099
-0.4534 -0.070000
-0.4604 -0.059529
-0.4649 -0.052685
-0.4678 -0.048318
-0.4695 -0.045765
-0.4703 -0.044595
-0.4703 -0.044491
-0.4699 -0.045201
-0.4690 -0.046527
-0.4678 -0.048315
-0.4663 -0.050461
-0.4647 -0.052906
-0.4629 -0.055632
-0.4608 -0.057159
-0.4581 -0.057975
-0.4548 -0.059694
-0.4510 -0.062110
-0.4467 -0.064893
-0.4413 -0.060891
-0.4340 -0.057181
-0.4250 -0.054285
-0.4143 -0.051794
-0.4019 -0.049507
-0.3877 -0.047324
-0.3716 -0.045198
-0.3533 -0.043108
-0.3328 -0.041044
-0.3098 -0.039000
-0.2841 -0.036961
-0.2562 -0.034867
-0.2264 -0.032678
-0.1949 -0.030435
-0.1609 -0.028248
-0.1223 -0.026276
-0.0740 -0.024747
-0.0060 -0.023954
0.0623 -0.303744
0.1001 -0.320202
0.1266 -0.330946
0.1403 -0.335261
0.1431 -0.334249
0.1377 -0.329407
0.1265 -0.321959
0.1111 -0.312679
0.0922 -0.301910
0.0697 -0.289555
0.0424 -0.275000
0.0076 -0.256850
-0.0395 -0.232655
-0.1036 -0.200128
-0.1786 -0.162106
-0.2491 -0.126474
-0.3055 -0.097915
-0.3474 -0.076762
-0.3771 -0.061087
-0.3962 -0.042607
-0.4072 -0.031473
-0.4124 -0.024560
-0.4132 -0.020117
-0.4105 -0.017143
-0.4049 -0.015059
-0.3967 -0.013521
-0.3861 -0.012325
-0.3732 -0.011347
-0.3579 -0.010511
-0.3403 -0.009768
-0.3203 -0.009087
-0.2980 -0.008449
-0.2734 -0.007834
-0.2470 -0.007232
-0.2189 -0.006646
-0.1893 -0.006073
-0.1590 -0.005512
-0.1570 -0.176126
-0.1676 -0.169950
-0.1842 -0.160890
-0.2068 -0.148925
-0.2337 -0.134948
-0.2620 -0.120375
-0.2891 -0.106475
-0.3135 -0.094044
-0.3343 -0.083424
-0.3516 -0.074654
-0.3654 -0.067608
-0.3763 -0.062089
-0.3846 -0.057889
-0.3907 -0.054817
-0.3948 -0.052709
-0.3973 -0.051429
-0.3984 -0.050863
-0.3983 -0.050923
-0.3969 -0.048188
-0.3932 -0.041655
-0.3875 -0.036657
-0.3799 -0.032666
-0.3707 -0.029367
-0.3600 -0.026558
-0.3481 -0.024066
-0.3357 -0.021743
-0.3234 -0.019516
-0.3117 -0.017379
-0.3008 -0.015355
-0.2907 -0.013474
-0.2813 -0.011759
-0.2723 -0.010226
-0.2697 -0.123831
-0.2822 -0.115776
-0.2920 -0.109468
-0.2992 -0.104811
-0.3039 -0.101660
-0.3064 -0.099766
-0.3144 -0.188143
-0.3299 -0.172010
-0.3417 -0.159799
-0.3516 -0.149607
-0.3610 -0.139929
-0.3703 -0.130430
-0.3791 -0.121467
-0.3870 -0.113490
-0.3936 -0.106764
-0.3990 -0.101339
-0.4031 -0.097113
-0.4063 -0.093914
-0.4086 -0.091567
-0.4095 -0.083047
-0.4088 -0.077096
-0.4070 -0.073078
-0.4043 -0.070410
-0.4011 -0.068730
-0.3975 -0.067804
-0.3934 -0.067476
-0.3883 -0.059104
-0.3815 -0.052263
-0.3733 -0.046557
-0.3640 -0.041648
-0.3537 -0.037339
-0.3425 -0.033511
-0.3303 -0.030091
-0.3171 -0.027029
-0.3028 -0.024291
-0.2872 -0.021849
-0.2700 -0.019681
-0.2509 -0.017769
-0.2292 -0.016098
-0.2041 -0.014662
-0.1740 -0.013464
-0.1362 -0.012524
-0.1192 -0.201261
-0.1063 -0.206193
-0.0898 -0.213171
-0.0702 -0.221946
-0.0486 -0.231833
-0.0263 -0.242229
-0.0037 -0.252812
0.0185 -0.263317
0.0395 -0.273244
0.0576 -0.281840
0.0715 -0.288356
0.0805 -0.280193
0.0911 -0.238252
0.1047 -0.203541
0.1194 -0.174097
0.1331 -0.148624
0.1445 -0.126359
0.1527 -0.106876
0.1575 -0.089914
0.1590 -0.075265
0.1576 -0.062723
