0.2172 -0.005103
0.2030 -0.003985
0.1868 -0.026435
0.1668 -0.023153
0.1476 -0.020159
0.1289 -0.017362
0.1101 -0.014668
0.0908 -0.011980
0.0701 -0.009176
0.0467 -0.006083
0.0185 -0.002424
-0.0180 0.002251
-0.0674 0.008540
-0.1313 0.016621
-0.2004 0.025340
-0.2621 0.033104
-0.3111 0.039244
-0.3478 0.043812
-0.3742 0.047091
-0.3927 0.049370
-0.4052 0.050891
-0.4130 0.051840
-0.4174 0.052362
-0.4194 0.048742
-0.4141 0.091574
-0.4072 0.083258
-0.4014 0.076547
-0.3963 0.071073
-0.3917 0.066569
-0.3875 0.062834
-0.3834 0.059710
-0.3795 0.057074
-0.3755 0.054827
-0.3715 0.052893
-0.3674 0.051210
-0.3633 0.049730
-0.3591 0.048414
-0.3548 0.047231
-0.3504 0.046158
-0.3460 0.045173
-0.3415 0.044262
-0.3370 0.043413
-0.3326 0.042617
-0.3281 0.041867
-0.3242 0.034979
-0.3215 0.028681
-0.3197 0.023579
-0.3185 0.019420
-0.3177 0.016015
-0.3171 0.013218
-0.3167 0.010915
-0.3164 0.009015
-0.3160 0.007446
-0.3083 0.044548
-0.3011 0.042502
-0.2946 0.040760
-0.2886 0.039258
-0.2829 0.037946
-0.2775 0.036787
-0.2724 0.035758
-0.2677 0.034841
-0.2632 0.034020
-0.2589 0.033282
-0.2550 0.032616
-0.2512 0.032012
-0.2477 0.031462
-0.2444 0.030962
-0.2414 0.030505
-0.2385 0.030088
-0.2359 0.029707
-0.2335 0.028281
-0.2319 0.023459
-0.2295 0.048083
-0.2242 0.043842
-0.2197 0.040404
-0.2158 0.037605
-0.2126 0.035315
-0.2099 0.033434
-0.2075 0.031883
-0.2055 0.030604
-0.2038 0.029550
-0.2025 0.028687
-0.2014 0.027988
-0.2007 0.027429
-0.2004 0.026992
-0.2003 0.026663
-0.2006 0.026428
-0.2011 0.026277
-0.2020 0.026201
-0.2031 0.026192
-0.2046 0.026241
-0.2062 0.026342
-0.2081 0.026488
-0.2102 0.026673
-0.2127 0.023480
-0.2161 0.019927
-0.2204 0.016970
-0.2254 0.014490
-0.2308 0.012393
-0.2366 0.010609
-0.2426 0.009085
-0.2486 0.007775
-0.2544 0.006646
-0.2599 0.005668
-0.2649 0.004826
-0.2699 0.004107
-0.2750 0.003494
-0.2800 0.002972
-0.2850 0.002525
-0.2896 0.002143
-0.2938 0.001816
-0.2975 0.001536
-0.3007 0.001296
-0.3034 0.001092
-0.3056 0.000919
-0.3073 0.000772
-0.3087 0.000647
-0.3097 0.000542
-0.3104 0.000454
-0.3108 0.000380
-0.3109 0.000317
-0.3108 0.000265
-0.3105 0.000221
-0.3100 0.000184
-0.3093 0.000153
-0.3084 0.000128
-0.3074 0.000106
-0.3063 0.000089
-0.3051 0.000074
-0.3039 0.000061
-0.3027 0.000051
-0.3015 0.000042
-0.3003 0.000035
-0.2991 0.000029
-0.2979 0.000024
-0.2967 0.000020
-0.2955 0.000017
-0.2942 0.000014
-0.2929 0.000012
-0.2916 0.000010
-0.2902 0.000008
-0.2889 0.000007
-0.2875 0.000006
-0.2862 0.000005
-0.2849 0.000004
-0.2837 0.000003
-0.2825 0.000003
-0.2814 0.000002
-0.2803 0.000002
-0.2793 0.000002
-0.2783 0.000001
-0.2775 0.000001
-0.2767 0.000001
-0.2760 0.000001
-0.2754 0.000001
-0.2726 0.034083
-0.2657 0.033220
-0.2593 0.032419
-0.2534 0.031683
-0.2481 0.031015
-0.2431 0.030396
-0.2384 0.029805
-0.2338 0.029228
-0.2292 0.028662
-0.2248 0.028108
-0.2205 0.027570
-0.2164 0.027051
-0.2124 0.026552
-0.2086 0.026077
-0.2050 0.025627
-0.2016 0.025201
-0.1984 0.024803
-0.1954 0.024432
-0.1927 0.024091
-0.1902 0.023782
-0.1880 0.023505
-0.1861 0.021887
-0.1852 0.018185
-0.1853 0.015196
-0.1865 0.012770
-0.1887 0.010790
-0.1919 0.009164
-0.1961 0.007819
-0.2012 0.006700
-0.2071 0.005760
-0.2137 0.004964
-0.2210 0.004286
-0.2286 0.003703
-0.2365 0.003200
-0.2445 0.002763
-0.2524 0.002382
-0.2601 0.002050
-0.2675 0.001760
-0.2743 0.001508
-0.2806 0.001288
-0.2862 0.001097
-0.2911 0.000932
-0.2953 0.000790
-0.2987 0.000667
-0.3015 0.000562
-0.3037 0.000473
-0.3053 0.000397
-0.3065 0.000333
-0.3072 0.000279
-0.3076 0.000233
-0.3076 0.000195
-0.3072 0.000162
-0.3065 0.000135
-0.3053 0.000113
-0.3038 0.000094
-0.3021 0.000078
-0.3003 0.000064
-0.2986 0.000054
-0.2970 0.000044
-0.2956 0.000037
-0.2944 0.000031
-0.2934 0.000026
-0.2927 0.000021
-0.2922 0.000018
-0.2918 0.000015
-0.2914 0.000012
-0.2911 0.000010
-0.2908 0.000009
-0.2905 0.000007
-0.2901 0.000006
-0.2897 0.000005
-0.2892 0.000004
-0.2886 0.000003
-0.2879 0.000003
-0.2871 0.000002
-0.2862 0.000002
-0.2852 0.000002
-0.2841 0.000001
-0.2829 0.000001
-0.2817 0.000001
-0.2804 0.000001
-0.2791 0.000001
-0.2777 0.000001
-0.2762 0.000000
-0.2747 0.000000
-0.2732 0.000000
-0.2717 0.000000
-0.2702 0.000000
-0.2687 0.000000
-0.2672 0.000000
-0.2658 0.000000
-0.2645 0.000000
-0.2633 0.000000
-0.2621 0.000000
-0.2611 0.000000
-0.2603 0.000000
-0.2597 0.000000
-0.2593 0.000000
-0.2591 0.000000
-0.2590 0.000000
-0.2577 0.032223
-0.2517 0.031466
-0.2460 0.030753
-0.2406 0.030081
-0.2351 0.058803
-0.2246 0.056172
-0.2145 0.053661
-0.2048 0.051229
-0.1953 0.048836
-0.1857 0.046449
-0.1760 0.044032
-0.1661 0.041542
-0.1556 0.038928
-0.1443 0.036114
-0.1318 0.032992
-0.1174 0.029395
-0.0995 0.037385
-0.0744 0.027999
-0.0406 0.015388
0.0066 -0.002281
0.0687 -0.025506
0.1329 -0.048481
0.1829 -0.059762
0.2143 -0.062767
0.2296 -0.060778
0.2332 -0.056251
0.2288 -0.050730
0.2194 -0.045078
0.2070 -0.039717
0.1928 -0.034822
0.1776 -0.030424
0.1620 -0.026487
0.1461 -0.022941
0.1299 -0.019700
0.1132 -0.016672
0.0958 -0.013758
0.0771 -0.010357
0.0564 -0.006276
0.0320 -0.002964
0.0012 -0.000121
-0.0405 0.002511
-0.0977 0.005040
-0.1674 0.007163
-0.2368 0.008396
-0.2958 0.008686
-0.3421 0.008317
-0.3771 0.007588
-0.4030 0.006710
-0.4217 0.005811
-0.4350 0.004960
-0.4441 0.004190
-0.4499 0.003513
-0.4532 0.002928
-0.4546 0.002430
-0.4544 0.002010
-0.4530 0.001658
-0.4506 0.001365
-0.4475 0.001122
-0.4439 0.000920
-0.4398 0.000755
-0.4354 0.000618
-0.4307 0.000506
-0.4259 0.000414
-0.4210 0.000339
-0.4161 0.000277
-0.4111 0.000226
-0.4062 0.000185
-0.4013 0.000151
-0.3966 0.000124
-0.3919 0.000101
-0.3872 0.000083
-0.3825 0.000068
-0.3778 0.000055
-0.3730 0.000045
-0.3681 0.000037
-0.3633 0.000030
-0.3584 0.000025
-0.3535 0.000020
-0.3488 0.000016
-0.3442 0.000013
-0.3397 0.000011
-0.3354 0.000009
-0.3313 0.000007
-0.3274 0.000006
-0.3235 0.000005
-0.3198 0.000004
-0.3162 0.000003
-0.3126 0.000003
-0.3091 0.000002
-0.3056 0.000002
-0.3022 0.000001
-0.2988 0.000001
-0.2954 0.000001
-0.2920 0.000001
-0.2887 0.000001
-0.2856 0.000001
-0.2762 0.034536
-0.2671 0.033399
-0.2587 0.032348
-0.2508 0.031355
-0.2431 0.030398
-0.2357 0.029473
-0.2286 0.028586
-0.2219 0.027740
-0.2154 0.026934
-0.2093 0.026165
-0.2034 0.025428
-0.1977 0.024718
-0.1922 0.024029
-0.1868 0.023351
-0.1813 0.022673
-0.1759 0.021991
-0.1703 0.021300
-0.1647 0.020600
-0.1590 0.019887
-0.1532 0.019158
-0.1472 0.017567
-0.1414 0.014093
-0.1359 0.011308
-0.1293 0.025164
-0.1199 0.021961
-0.1092 0.018958
-0.0964 0.015968
-0.0802 0.012759
-0.0585 0.008998
-0.0278 0.004184
0.0165 -0.002308
0.0742 -0.019598
0.1326 -0.034840
0.1778 -0.046401
0.2053 -0.053244
0.2176 -0.056122
0.2188 -0.056178
0.2128 -0.054399
0.2021 -0.051509
0.1889 -0.047992
0.1742 -0.044151
0.1587 -0.040154
0.1429 -0.036082
0.1267 -0.031950
0.1102 -0.025970
0.0933 -0.020207
0.0752 -0.015123
0.0552 -0.010379
0.0315 -0.005613
0.0018 -0.000366
-0.0377 0.005977
-0.0912 0.013613
-0.1568 0.019385
-0.2234 0.022877
-0.2813 0.023836
-0.3274 0.022954
-0.3627 0.021035
-0.3892 0.018669
-0.4088 0.016217
-0.4231 0.013880
-0.4333 0.011754
-0.4403 0.009877
-0.4449 0.008251
-0.4474 0.006861
-0.4483 0.005685
-0.4479 0.004696
-0.4465 0.003871
-0.4442 0.003184
-0.4413 0.002616
-0.4379 0.002146
-0.4342 0.001760
-0.4303 0.001442
-0.4261 0.001181
-0.4219 0.000966
-0.4175 0.000791
-0.4130 0.000647
-0.4085 0.000529
-0.4038 0.000432
-0.3991 0.000353
-0.3943 0.000289
-0.3893 0.000236
-0.3843 0.000192
-0.3793 0.000157
-0.3743 0.000128
-0.3695 0.000105
-0.3649 0.000085
-0.3604 0.000070
-0.3560 0.000057
-0.3516 0.000046
-0.3472 0.000038
-0.3429 0.000031
-0.3386 0.000025
-0.3344 0.000021
-0.3303 0.000017
-0.3262 0.000014
-0.3223 0.000011
-0.3185 0.000009
-0.3147 0.000008
-0.3111 0.000006
-0.3076 0.000005
-0.3041 0.000004
-0.3008 0.000003
-0.2975 0.000003
-0.2942 0.000002
-0.2910 0.000002
-0.2878 0.000002
-0.2846 0.000001
-0.2815 0.000001
-0.2784 0.000001
-0.2755 0.000001
-0.2728 0.000001
-0.2703 0.000000
-0.2680 0.000000
-0.2660 0.000000
-0.2643 0.000000
-0.2629 0.000000
-0.2616 0.000000
-0.2605 0.000000
-0.2593 0.000000
-0.2581 0.000000
-0.2571 0.000000
-0.2561 0.000000
-0.2509 0.031369
-0.2442 0.030531
-0.2379 0.029741
-0.2319 0.028993
-0.2252 0.056318
-0.2143 0.053594
-0.2038 0.050964
-0.1935 0.048391
-0.1832 0.045835
-0.1729 0.043255
-0.1623 0.040600
-0.1511 0.037803
-0.1389 0.034767
-0.1252 0.031349
-0.1091 0.027328
-0.0891 0.022339
-0.0627 0.015751
-0.0255 0.006497
0.0275 -0.006728
0.0943 -0.023392
0.1573 -0.039184
0.2023 -0.046556
0.2281 -0.048374
0.2386 -0.047023
0.2383 -0.044013
0.2313 -0.036493
0.2206 -0.028784
0.2077 -0.022407
0.1935 -0.017257
0.1784 -0.013163
0.1630 -0.009942
0.1472 -0.007426
0.1311 -0.005469
0.1145 -0.003949
0.0969 -0.002766
0.0779 -0.001840
0.0565 -0.001104
0.0308 -0.000500
-0.0023 0.000025
-0.0476 0.000518
-0.1095 0.000990
-0.1827 0.001369
-0.2529 0.001569
-0.3111 0.001597
-0.3559 0.001512
-0.3893 0.001367
-0.4135 0.001201
-0.4307 0.001035
-0.4425 0.000879
-0.4502 0.000740
-0.4549 0.000618
-0.4573 0.000513
-0.4578 0.000425
-0.4570 0.000351
-0.4552 0.000289
-0.4527 0.000238
-0.4495 0.000195
-0.4459 0.000160
-0.4420 0.000131
-0.4377 0.000107
-0.4332 0.000088
-0.4285 0.000072
-0.4168 0.052171
-0.4033 0.050478
-0.3912 0.048957
-0.3803 0.047580
-0.3703 0.046327
-0.3612 0.045178
-0.3527 0.044109
-0.3447 0.043104
-0.3370 0.042148
-0.3298 0.041236
-0.3228 0.040364
-0.3161 0.039529
-0.3097 0.038730
-0.3036 0.037966
-0.2978 0.037236
-0.2922 0.036537
-0.2869 0.035868
-0.2817 0.035226
-0.2770 0.031534
-0.2734 0.025992
-0.2708 0.021503
-0.2691 0.017843
-0.2681 0.014843
-0.2676 0.012372
-0.2675 0.010329
-0.2677 0.008634
-0.2682 0.007224
-0.2689 0.006049
-0.2697 0.005067
-0.2706 0.004245
-0.2715 0.003557
-0.2724 0.002981
-0.2733 0.002497
-0.2741 0.002092
-0.2749 0.001752
-0.2755 0.001466
-0.2761 0.001227
-0.2765 0.001026
-0.2768 0.000858
-0.2770 0.000717
-0.2771 0.000599
-0.2772 0.000500
-0.2772 0.000418
-0.2771 0.000349
-0.2772 0.000292
-0.2773 0.000244
-0.2777 0.000204
-0.2781 0.000170
-0.2787 0.000143
-0.2793 0.000119
-0.2799 0.000100
-0.2805 0.000084
-0.2811 0.000070
-0.2815 0.000059
-0.2819 0.000049
-0.2822 0.000041
-0.2823 0.000034
-0.2822 0.000029
-0.2820 0.000024
-0.2800 0.035032
-0.2726 0.034096
-0.2654 0.033194
-0.2585 0.032333
-0.2521 0.031524
-0.2460 0.030768
-0.2404 0.030064
-0.2351 0.029403
-0.2302 0.028779
-0.2254 0.028189
-0.2210 0.027627
-0.2167 0.027093
-0.2126 0.026584
-0.2088 0.026101
-0.2051 0.025644
-0.2017 0.025214
-0.1984 0.024810
-0.1954 0.024435
-0.1927 0.024087
-0.1901 0.023768
-0.1878 0.022907
-0.1863 0.018785
-0.1858 0.015492
-0.1864 0.012845
-0.1845 0.033587
-0.1819 0.031309
-0.1798 0.029480
-0.1782 0.028021
-0.1772 0.026871
-0.1767 0.025981
-0.1768 0.025313
-0.1773 0.024835
-0.1784 0.024519
-0.1800 0.024348
-0.1821 0.024304
-0.1846 0.024375
-0.1877 0.024548
-0.1912 0.024812
-0.1951 0.025153
-0.1993 0.025560
-0.2038 0.026019
-0.2084 0.026518
-0.2132 0.027042
-0.2180 0.027579
-0.2227 0.027490
-0.2279 0.023261
-0.2338 0.019730
-0.2402 0.016758
-0.2469 0.014239
-0.2536 0.012093
-0.2602 0.010260
-0.2619 0.041272
-0.2618 0.039783
-0.2617 0.038542
-0.2615 0.037503
-0.2612 0.036627
-0.2608 0.035888
-0.2604 0.035260
-0.2599 0.034721
-0.2592 0.034252
-0.2585 0.033837
-0.2577 0.033466
-0.2568 0.033131
-0.2558 0.032825
-0.2547 0.032544
-0.2536 0.032282
-0.2525 0.032036
-0.2518 0.026865
-0.2520 0.022448
-0.2528 0.018808
-0.2542 0.015792
-0.2560 0.013280
-0.2581 0.011180
-0.2604 0.009419
-0.2629 0.007938
-0.2654 0.006692
-0.2679 0.005641
-0.2704 0.004755
-0.2729 0.004007
-0.2753 0.003375
-0.2775 0.002841
-0.2797 0.002391
-0.2816 0.002010
-0.2834 0.001690
-0.2851 0.001419
-0.2866 0.001191
-0.2880 0.000999
-0.2892 0.000838
-0.2903 0.000703
-0.2913 0.000589
-0.2920 0.000493
-0.2926 0.000412
-0.2930 0.000345
-0.2932 0.000288
-0.2931 0.000241
-0.2929 0.000201
-0.2925 0.000167
-0.2918 0.000139
-0.2910 0.000116
-0.2900 0.000097
-0.2887 0.000080
-0.2871 0.000067
-0.2851 0.000055
-0.2830 0.000046
-0.2808 0.000038
-0.2786 0.000031
-0.2764 0.000026
-0.2744 0.000022
-0.2724 0.000018
-0.2707 0.000015
-0.2690 0.000012
-0.2674 0.000010
-0.2660 0.000009
-0.2646 0.000007
-0.2633 0.000006
-0.2622 0.000005
-0.2613 0.000004
-0.2605 0.000003
-0.2598 0.000003
-0.2594 0.000002
-0.2591 0.000002
-0.2590 0.000002
-0.2590 0.000001
-0.2593 0.000001
-0.2597 0.000001
-0.2604 0.000001
-0.2611 0.000001
-0.2620 0.000001
-0.2628 0.032858
-0.2573 0.032173
-0.2521 0.031521
-0.2471 0.030899
-0.2424 0.030306
-0.2379 0.029743
-0.2336 0.029208
-0.2296 0.028700
-0.2223 0.055602
-0.2131 0.053299
-0.2041 0.051056
-0.1953 0.048846
-0.1865 0.046651
-0.1777 0.044448
-0.1687 0.042209
-0.1595 0.039891
-0.1496 0.037437
-0.1390 0.034770
-0.1270 0.031780
-0.1130 0.028298
-0.0960 0.024056
-0.0741 0.018595
-0.0443 0.010324
-0.0017 0.000470
0.0570 -0.011147
0.1232 -0.022685
0.1787 -0.031131
0.2149 -0.035653
0.2334 -0.036815
0.2391 -0.031192
0.2363 -0.025491
0.2278 -0.020328
0.2159 -0.015930
0.2019 -0.012318
0.1867 -0.009422
0.1710 -0.007133
0.1549 -0.005342
0.1384 -0.003949
0.1216 -0.002869
0.1041 -0.002032
0.0854 -0.001379
0.0647 -0.000865
0.0405 -0.000449
0.0103 -0.000097
-0.0302 0.000224
-0.0863 0.000533
-0.1570 0.000804
-0.2296 0.000974
-0.2920 0.001025
-0.3411 0.000991
-0.3780 0.000908
-0.4050 0.000805
-0.4241 0.000697
-0.4372 0.000594
-0.4459 0.000501
-0.4515 0.000419
-0.4546 0.000349
-0.4559 0.000290
-0.4557 0.000239
-0.4545 0.000197
-0.4523 0.000162
-0.4493 0.000133
-0.4457 0.000109
-0.4417 0.000090
-0.4373 0.000073
-0.4325 0.000060
-0.4276 0.000049
-0.4224 0.000040
-0.4171 0.000033
-0.4118 0.000027
-0.4064 0.000022
-0.4009 0.000018
-0.3956 0.000014
-0.3902 0.000012
-0.3849 0.000010
-0.3798 0.000008
-0.3747 0.000006
-0.3697 0.000005
-0.3648 0.000004
-0.3600 0.000003
-0.3552 0.000003
-0.3505 0.000002
-0.3459 0.000002
-0.3413 0.000002
-0.3368 0.000001
-0.3323 0.000001
-0.3279 0.000001
-0.3236 0.000001
-0.3193 0.000001
-0.3138 0.039239
-0.3025 0.037822
-0.2920 0.036515
-0.2824 0.035306
-0.2735 0.034192
-0.2653 0.033168
-0.2577 0.032217
-0.2505 0.031320
-0.2437 0.030468
-0.2372 0.029653
-0.2309 0.028874
-0.2250 0.028126
-0.2192 0.027410
-0.2137 0.026723
-0.2084 0.026063
-0.2034 0.025427
-0.1985 0.024815
-0.1938 0.024225
-0.1892 0.023654
-0.1848 0.021465
-0.1813 0.017577
-0.1784 0.014450
-0.1763 0.011926
-0.1750 0.009884
-0.1745 0.008230
-0.1749 0.006888
-0.1762 0.005794
-0.1784 0.004900
-0.1802 0.026661
-0.1794 0.025870
-0.1792 0.025262
-0.1793 0.024813
-0.1800 0.024507
-0.1811 0.024328
-0.1827 0.024262
-0.1824 0.046803
-0.1801 0.046008
-0.1779 0.045292
-0.1759 0.044649
-0.1741 0.044078
-0.1725 0.043577
-0.1711 0.043147
-0.1699 0.042784
-0.1689 0.042488
-0.1682 0.042258
-0.1676 0.042093
-0.1674 0.041995
-0.1674 0.041967
-0.1676 0.042011
-0.1682 0.042130
-0.1693 0.039304
-0.1715 0.036623
-0.1747 0.034622
-0.1788 0.033179
-0.1839 0.032192
-0.1899 0.029358
-0.1973 0.025214
-0.2058 0.021751
-0.2153 0.018810
-0.2253 0.016274
-0.2355 0.014066
-0.2456 0.012131
-0.2554 0.010431
-0.2647 0.008939
-0.2734 0.007632
-0.2812 0.006493
-0.2883 0.005504
-0.2946 0.004650
-0.3001 0.003916
-0.3048 0.003289
-0.3088 0.002755
-0.3121 0.002302
-0.3147 0.001920
-0.3168 0.001598
-0.3183 0.001327
-0.3193 0.001101
-0.3198 0.000912
-0.3199 0.000754
-0.3196 0.000623
-0.3189 0.000514
-0.3180 0.000424
-0.3169 0.000349
-0.3156 0.000287
-0.3142 0.000237
-0.3128 0.000195
-0.3114 0.000160
-0.3101 0.000132
-0.3089 0.000109
-0.3078 0.000090
-0.3068 0.000074
-0.3058 0.000061
-0.3048 0.000050
-0.3038 0.000041
-0.3027 0.000034
-0.3015 0.000028
-0.3001 0.000023
-0.2986 0.000019
-0.2969 0.000016
-0.2951 0.000013
-0.2933 0.000011
-0.2913 0.000009
-0.2893 0.000007
-0.2874 0.000006
-0.2854 0.000005
-0.2834 0.000004
-0.2815 0.000003
-0.2795 0.000003
-0.2777 0.000002
-0.2758 0.000002
-0.2740 0.000001
-0.2723 0.000001
-0.2706 0.000001
-0.2690 0.000001
-0.2674 0.000001
-0.2660 0.000001
-0.2646 0.000000
-0.2634 0.000000
-0.2623 0.000000
-0.2614 0.000000
-0.2606 0.000000
-0.2600 0.000000
-0.2596 0.000000
-0.2595 0.000000
-0.2596 0.000000
-0.2599 0.000000
-0.2604 0.000000
-0.2610 0.000000
-0.2617 0.000000
-0.2624 0.000000
-0.2632 0.000000
-0.2641 0.000000
-0.2652 0.000000
-0.2652 0.033158
-0.2600 0.032503
-0.2550 0.031884
-0.2503 0.031291
-0.2456 0.030708
-0.2409 0.030120
-0.2362 0.029527
-0.2314 0.028937
-0.2268 0.028357
-0.2223 0.027793
-0.2179 0.027249
-0.2138 0.026726
-0.2098 0.026224
-0.2059 0.025745
-0.2023 0.025286
-0.1988 0.024849
-0.1954 0.024432
-0.1923 0.024036
-0.1893 0.023665
-0.1868 0.020546
-0.1853 0.017021
-0.1848 0.014178
-0.1853 0.011873
-0.1868 0.009993
-0.1848 0.031369
-0.1829 0.029690
-0.1814 0.028332
-0.1792 0.049466
-0.1738 0.047250
-0.1686 0.045228
-0.1635 0.043355
-0.1583 0.041594
-0.1531 0.039909
-0.1478 0.038264
-0.1422 0.036620
-0.1363 0.034937
-0.1300 0.033173
-0.1229 0.031276
-0.1150 0.029175
-0.1057 0.026771
-0.0946 0.023914
-0.0807 0.020373
-0.0624 0.015772
-0.0375 0.009510
-0.0025 0.000742
0.0448 -0.010336
0.0997 -0.021282
0.1493 -0.029641
0.1849 -0.030465
0.2058 -0.028062
0.2147 -0.024218
0.2148 -0.020043
0.2090 -0.016122
0.1992 -0.012708
0.1869 -0.009862
0.1731 -0.007554
0.1584 -0.005717
0.1431 -0.004270
