0.8848 6.7123
0.8782 5.9775
0.8711 5.3449
0.8636 4.8580
0.8568 4.6025
0.8523 4.5756
0.8508 4.6945
0.8518 4.8661
0.8540 5.0095
0.8561 5.0655
0.8572 5.0061
0.8567 4.8351
0.8545 4.5812
0.8506 4.2820
0.8453 3.9705
0.8388 3.6698
0.8315 3.3934
0.8237 3.1469
0.8157 2.9309
0.8076 2.7446
0.7999 2.5887
0.7927 2.4681
0.7867 2.3996
0.7829 2.3944
0.7821 2.4457
0.7841 2.5389
0.7883 2.6707
0.7956 3.0031
0.8089 3.6536
0.8262 4.4676
0.8435 5.3435
0.8584 6.3231
0.8711 7.6060
0.8821 9.2315
0.8922 12.3586
0.9036 19.0140
0.9138 25.1431
0.9207 29.9596
0.9249 33.8587
0.9275 40.0306
0.9295 47.0647
0.9310 52.7010
0.9321 57.2243
0.9330 63.7351
0.9337 69.5562
0.9343 72.8824
0.9347 76.4024
0.9351 81.3794
0.9354 84.5874
0.9356 85.8846
0.9357 85.5195
0.9357 83.7807
0.9356 80.8773
0.9354 76.9313
0.9352 72.1017
0.9348 66.6194
0.9343 60.6990
0.9337 54.5245
0.9329 48.3149
0.9318 42.3317
0.9306 36.8619
0.9291 32.1664
0.9274 28.4503
0.9256 25.5772
0.9238 23.3074
0.9221 21.4452
0.9204 19.8493
0.9188 18.4116
0.9170 17.0475
0.9151 15.7743
0.9132 14.7160
0.9112 13.8552
0.9094 13.1186
0.9076 12.4543
0.9058 11.8209
0.9039 11.1742
0.9018 10.4719
0.8994 9.6972
0.8963 8.8698
0.8924 8.0325
0.8877 7.2284
0.8823 6.4876
0.8761 5.8247
0.8693 5.2425
0.8619 4.7360
0.8542 4.2972
0.8461 3.9181
0.8379 3.5911
0.8295 3.3103
0.8211 3.0758
0.8133 2.9020
0.8067 2.8036
0.8024 2.7772
0.8007 2.8087
0.8014 2.8941
0.8046 3.0506
0.8102 3.2818
0.8180 3.6616
0.8292 4.3564
0.8432 5.2697
0.8573 6.2446
0.8693 7.1764
0.8786 8.0397
0.8858 9.0732
0.8921 10.5108
0.8980 12.1795
0.9039 15.3920
0.9110 21.3893
0.9176 26.6302
0.9224 30.6431
0.9255 34.4831
0.9277 40.9629
0.9296 46.9673
0.9310 51.6671
0.9320 54.8839
0.9326 58.8531
0.9332 63.7201
0.9337 66.5499
0.9341 69.2772
0.9345 73.8459
0.9348 76.7258
0.9350 77.6716
0.9351 77.1021
0.9351 75.3610
0.9350 72.6209
0.9348 68.9644
0.9345 64.5276
0.9341 59.5155
0.9335 54.0749
0.9328 48.3356
0.9318 42.5262
0.9306 36.9561
0.9291 31.8897
0.9272 27.4663
0.9250 23.7104
0.9226 20.5907
0.9198 18.0520
0.9169 16.0105
0.9139 14.4329
0.9110 13.4056
0.9087 12.9640
0.9074 13.0196
0.9071 13.3463
0.9076 13.7343
0.9083 14.0217
0.9089 14.0856
0.9092 13.8407
0.9088 13.2713
0.9076 12.4510
0.9057 11.4973
0.9031 10.5232
0.8999 9.6050
0.8962 8.7798
0.8922 8.0562
0.8880 7.4278
0.8837 6.8904
0.8795 6.4421
0.8754 6.0715
0.8715 5.7658
0.8680 5.5232
0.8650 5.3634
0.8629 5.2951
0.8617 5.3011
0.8615 5.3601
0.8623 5.5703
0.8651 6.0738
0.8699 6.7639
0.8759 7.4977
0.8816 8.1809
0.8865 8.7644
0.8903 9.3463
0.8938 10.2700
0.8977 11.5184
0.9018 13.1258
0.9070 17.4177
0.9135 22.8688
0.9192 27.3106
0.9231 30.6903
0.9257 34.4330
0.9277 40.2704
0.9294 45.2637
0.9306 48.8593
0.9315 50.8469
0.9320 51.9249
0.9323 55.1325
0.9327 58.1476
0.9331 59.5266
0.9333 61.6579
0.9336 64.8643
0.9339 66.6391
0.9341 66.9144
0.9342 65.9297
0.9341 63.8349
0.9339 60.7622
0.9336 56.8999
0.9331 52.4262
0.9325 47.4697
0.9316 42.2166
0.9305 36.9515
0.9290 31.9765
0.9272 27.5077
0.9251 23.6388
0.9225 20.3673
0.9196 17.6384
0.9163 15.3802
0.9128 13.5193
0.9090 11.9925
0.9050 10.7511
0.9009 9.7449
0.8969 8.9246
0.8929 8.2512
0.8892 7.7397
0.8860 7.5087
0.8842 7.5489
0.8839 7.7266
0.8846 7.9268
0.8857 8.0737
0.8867 8.1142
0.8871 8.0101
0.8866 7.7496
0.8852 7.3663
0.8827 6.9184
0.8794 6.4608
0.8755 6.0365
0.8713 5.6830
0.8674 5.4415
0.8643 5.3335
0.8625 5.3638
0.8626 5.5767
0.8650 6.0276
0.8696 6.7599
0.8762 7.8473
0.8838 9.1103
0.8909 10.3166
0.8966 11.2958
0.9008 11.9683
0.9034 12.3362
0.9049 12.5916
0.9059 13.1427
0.9072 14.0147
0.9093 16.2669
0.9134 21.4641
0.9183 26.3459
0.9223 30.1446
0.9252 33.8869
0.9274 40.6151
0.9295 49.7703
0.9314 58.1285
0.9328 64.0718
0.9337 67.6150
0.9342 69.0753
0.9344 70.0059
0.9346 72.0772
0.9347 72.6859
0.9347 71.3035
0.9347 68.3690
0.9344 64.4664
0.9341 60.0613
0.9336 55.3860
0.9330 50.4781
0.9322 45.3268
0.9312 40.0170
0.9299 34.7736
0.9283 29.8787
0.9263 25.5390
0.9239 21.8361
0.9210 18.7652
0.9178 16.2704
0.9143 14.2707
0.9107 12.6792
0.9069 11.4097
0.9032 10.3809
0.8994 9.5249
0.8958 8.7941
0.8921 8.1576
0.8884 7.5952
0.8847 7.0927
0.8809 6.6459
0.8772 6.2624
0.8735 5.9437
0.8701 5.6804
0.8669 5.4611
0.8641 5.2766
0.8615 5.1187
0.8592 4.9816
0.8572 4.9012
0.8562 5.0043
0.8577 5.3684
0.8618 5.9258
0.8677 6.5627
0.8738 7.1748
0.8792 7.6774
0.8833 8.0088
0.8860 8.1394
0.8872 8.0759
0.8872 7.9366
0.8868 7.9540
0.8868 8.1264
0.8875 8.3625
0.8886 8.6019
0.8899 8.8122
0.8911 8.9696
0.8920 9.0774
0.8929 9.4036
0.8946 10.1602
0.8977 11.9290
0.9039 16.7945
0.9116 21.9413
0.9180 26.0135
0.9223 29.4495
0.9252 35.0146
0.9276 40.8762
0.9294 44.9926
0.9307 49.8245
0.9317 55.5005
0.9326 59.4187
0.9332 61.8052
0.9336 65.0666
0.9340 68.6581
0.9343 70.6710
0.9345 71.0394
0.9346 69.8855
0.9345 67.3254
0.9343 63.5503
0.9339 58.8380
0.9334 53.4737
0.9327 47.7311
0.9317 41.9319
0.9304 36.4236
0.9289 31.4603
0.9270 27.1701
0.9249 23.5785
0.9225 20.6315
0.9198 18.2682
0.9172 16.5309
0.9147 15.3689
0.9126 14.5874
0.9109 14.0120
0.9095 13.5183
0.9083 13.0174
0.9071 12.4456
0.9056 11.7678
0.9037 10.9861
0.9013 10.1377
0.8982 9.2765
0.8945 8.4495
0.8903 7.6852
0.8856 6.9954
0.8804 6.3887
0.8751 5.8892
0.8699 5.5164
0.8654 5.2740
0.8620 5.1460
0.8598 5.1130
0.8591 5.2078
0.8603 5.5008
0.8636 5.9592
0.8683 6.4748
0.8733 6.9428
0.8776 7.3080
0.8811 7.6862
0.8842 8.1374
0.8870 8.5491
0.8894 8.8528
0.8912 9.0538
0.8924 9.1803
0.8932 9.2635
0.8938 9.4450
0.8947 9.8059
0.8961 10.3473
0.8983 11.3543
0.9026 14.9561
0.9095 20.2025
0.9161 24.5811
0.9209 27.8594
0.9239 30.2810
0.9259 34.1480
0.9276 39.2866
0.9291 42.6308
0.9300 43.9747
0.9306 45.8693
0.9312 49.5194
0.9317 52.4682
0.9323 56.0057
0.9328 60.8478
0.9334 64.1468
0.9338 65.6043
0.9340 65.7008
0.9341 64.7362
0.9340 62.6220
0.9338 59.3254
0.9334 54.9904
0.9329 49.9156
0.9321 44.5074
0.9310 39.1676
0.9297 34.1797
0.9281 29.7027
0.9262 25.7914
0.9240 22.4249
0.9215 19.5562
0.9187 17.1308
0.9156 15.0919
0.9122 13.3825
0.9086 11.9499
0.9048 10.7463
0.9009 9.7258
0.8968 8.8456
0.8925 8.0761
0.8881 7.4133
0.8836 6.8628
0.8793 6.4193
0.8752 6.0702
0.8715 5.8020
0.8684 5.5992
0.8658 5.4432
0.8637 5.3128
0.8618 5.1887
0.8600 5.0576
0.8581 4.9159
0.8560 4.7681
0.8537 4.6397
0.8518 4.5869
0.8508 4.6417
0.8514 4.8075
0.8537 5.0704
0.8573 5.3995
0.8617 5.7807
0.8665 6.2696
0.8719 6.9406
0.8780 7.8943
0.8847 9.1277
0.8913 10.3920
0.8970 11.5319
0.9016 12.6617
0.9052 13.7280
0.9080 14.5943
0.9100 15.2494
0.9117 16.9541
0.9149 21.6451
0.9189 26.1956
0.9225 30.0032
0.9251 33.0733
0.9269 35.3947
0.9280 38.6581
0.9294 47.3806
0.9310 55.5381
0.9323 61.7502
0.9334 68.2923
0.9342 73.4668
0.9347 76.5879
0.9350 77.8674
0.9352 77.4270
0.9352 75.1282
0.9350 70.9651
0.9347 65.2968
0.9342 58.8645
0.9335 52.4066
0.9326 46.3303
0.9315 40.8685
0.9302 36.0910
0.9288 31.9612
0.9272 28.4051
0.9255 25.3544
0.9237 22.7404
0.9217 20.4789
0.9195 18.5091
0.9173 16.8197
0.9150 15.3991
0.9126 14.2123
0.9102 13.2153
0.9079 12.3649
0.9057 11.6212
0.9034 10.9500
0.9012 10.3243
0.8989 9.7220
0.8963 9.1288
0.8936 8.5436
0.8905 7.9746
0.8872 7.4309
0.8835 6.9189
0.8795 6.4424
0.8753 6.0087
0.8709 5.6334
0.8666 5.3223
0.8625 5.0672
0.8588 4.8544
0.8553 4.6691
0.8521 4.4973
0.8490 4.3270
0.8457 4.1486
0.8420 3.9562
0.8378 3.7490
0.8329 3.5308
0.8271 3.3082
0.8206 3.0881
0.8133 2.8759
0.8053 2.6750
0.7967 2.4874
0.7876 2.3137
0.7781 2.1539
0.7683 2.0081
0.7582 1.8771
0.7482 1.7618
0.7384 1.6630
0.7291 1.5808
0.7207 1.5139
0.7134 1.4610
0.7072 1.4208
0.7023 1.3925
0.6986 1.3741
0.6962 1.3635
0.6947 1.3580
0.6939 1.3546
0.6934 1.3503
0.6929 1.3421
0.6918 1.3276
0.6899 1.3054
0.6870 1.2750
0.6829 1.2366
0.6774 1.1913
0.6706 1.1405
0.6625 1.0857
0.6532 1.0286
0.6428 0.9705
0.6314 0.9128
0.6192 0.8566
0.6064 0.8029
0.5933 0.7523
0.5800 0.7066
0.5674 0.6690
0.5566 0.6436
0.5491 0.6330
0.5459 0.6375
0.5474 0.6553
0.5528 0.6826
0.5609 0.7152
0.5703 0.7494
0.5799 0.7827
0.5890 0.8158
0.5979 0.8539
0.6076 0.9038
0.6190 0.9700
0.6328 1.0572
0.6492 1.1719
0.6680 1.3169
0.6884 1.4898
0.7094 1.6943
0.7309 1.9773
0.7544 2.3978
0.7795 2.9586
0.8039 3.6413
0.8257 4.4169
0.8446 5.5778
0.8628 7.4274
0.8791 9.5571
0.8919 11.7078
0.9012 14.0845
0.9089 19.9120
0.9166 27.3442
0.9225 33.4019
0.9264 38.6958
0.9290 47.2734
0.9310 55.6391
0.9325 64.2545
0.9337 74.5566
0.9347 82.3466
0.9353 87.9558
0.9358 95.1017
0.9362 102.0443
0.9365 105.9993
0.9367 107.7021
0.9368 107.6699
0.9368 106.0948
0.9368 103.0038
0.9366 98.4186
0.9365 92.7377
0.9362 86.4273
0.9359 79.8516
0.9354 73.1538
0.9349 66.1443
0.9343 59.0965
0.9335 52.6407
0.9326 46.9643
0.9316 41.9439
0.9305 37.4298
0.9292 33.3915
0.9278 29.8637
0.9262 26.8313
0.9246 24.2137
0.9228 21.8993
0.9209 19.7974
0.9188 17.8658
0.9164 16.0957
0.9138 14.4834
0.9109 13.0175
0.9076 11.6830
0.9039 10.4663
0.8998 9.3578
0.8951 8.3502
0.8899 7.4372
0.8839 6.6130
0.8773 5.8716
0.8698 5.2097
0.8616 4.6347
0.8527 4.1556
0.8435 3.7689
0.8345 3.4620
0.8260 3.2188
0.8181 3.0233
0.8110 2.8602
0.8044 2.7145
0.7980 2.5732
0.7913 2.4282
0.7839 2.2773
0.7755 2.1228
0.7660 1.9693
0.7553 1.8216
0.7437 1.6836
0.7313 1.5590
0.7189 1.4542
0.7072 1.3746
0.6974 1.3227
0.6904 1.2989
0.6868 1.3014
0.6867 1.3264
0.6896 1.3698
0.6953 1.4398
0.7044 1.5586
0.7175 1.7368
0.7345 1.9990
0.7548 2.3578
0.7766 2.7904
0.7972 3.2730
0.8164 3.9767
0.8357 5.0525
0.8542 6.3260
0.8699 7.7721
0.8826 9.5018
0.8927 11.3021
0.9003 13.1624
0.9070 18.0198
0.9145 25.0175
0.9207 30.7806
0.9250 35.5417
0.9276 39.3412
0.9292 42.7403
0.9305 51.2457
0.9320 62.5584
0.9333 70.8221
0.9343 76.2598
0.9349 81.3134
0.9354 87.9531
0.9358 92.1811
0.9360 94.6333
0.9362 95.7648
0.9363 95.5548
0.9363 93.7916
0.9362 90.2694
0.9360 85.0339
0.9357 78.8812
0.9354 72.5983
0.9349 66.4002
0.9343 60.1656
0.9336 53.9065
0.9328 47.7029
0.9317 41.9561
0.9305 37.0123
0.9291 33.0098
0.9277 29.7600
0.9262 27.0569
0.9247 24.7648
0.9232 22.7830
0.9216 21.0113
0.9200 19.3466
0.9182 17.7039
0.9161 16.0494
0.9136 14.4059
0.9106 12.8246
0.9071 11.3537
0.9029 10.0238
0.8981 8.8466
0.8927 7.8192
0.8867 6.9303
0.8802 6.1665
0.8731 5.5217
0.8658 4.9915
0.8584 4.5642
0.8512 4.2217
0.8445 3.9449
0.8382 3.7154
0.8323 3.5160
0.8267 3.3318
0.8211 3.1518
0.8151 2.9701
0.8086 2.7876
0.8014 2.6118
0.7937 2.4535
0.7859 2.3201
0.7785 2.2144
0.7721 2.1370
0.7670 2.0981
0.7644 2.1112
0.7648 2.1737
0.7682 2.2760
0.7739 2.4114
0.7815 2.5945
0.7908 2.8564
0.8021 3.2105
0.8150 3.7446
0.8306 4.6339
0.8476 5.7490
0.8631 6.9296
0.8757 8.0771
0.8852 9.2846
0.8928 10.9016
0.8994 12.8206
0.9053 15.7386
0.9120 22.1394
0.9184 27.8243
0.9231 32.0671
0.9261 35.3974
0.9279 38.5621
0.9293 44.7359
0.9306 51.0496
0.9319 59.3681
0.9330 66.1704
0.9339 70.1479
0.9344 71.9437
0.9347 74.2315
0.9349 79.0563
0.9352 82.1439
0.9354 83.1974
0.9355 82.5596
0.9355 80.4126
0.9354 76.9227
0.9352 72.4846
0.9348 67.6815
0.9344 62.9578
0.9339 58.3383
0.9334 53.5855
0.9327 48.6620
0.9319 43.7622
0.9309 39.0825
0.9297 34.6931
0.9283 30.7138
0.9267 27.2916
0.9249 24.5144
0.9231 22.2579
0.9212 20.3893
0.9194 18.8121
0.9176 17.4468
0.9158 16.2127
0.9138 15.0256
0.9117 13.8216
0.9093 12.5839
0.9063 11.3402
0.9027 10.1354
0.8984 9.0092
0.8934 7.9891
0.8877 7.0888
0.8814 6.3104
0.8746 5.6470
0.8673 5.0862
0.8598 4.6131
0.8521 4.2118
0.8443 3.8682
0.8365 3.5713
0.8288 3.3121
0.8210 3.0858
0.8134 2.8934
0.8061 2.7375
0.7995 2.6211
0.7942 2.5569
0.7909 2.5553
0.7904 2.6091
0.7923 2.7025
0.7961 2.8264
0.8013 2.9917
0.8078 3.2087
0.8153 3.4671
0.8232 3.7693
0.8317 4.2066
0.8421 4.9676
0.8543 5.9344
0.8662 6.9338
0.8763 7.9600
0.8848 9.1670
0.8918 10.4417
0.8976 11.6292
0.9020 12.6915
0.9055 14.2195
0.9101 19.2706
0.9160 24.8491
0.9209 29.4013
0.9247 36.0198
0.9277 42.9428
0.9298 48.1481
0.9312 52.0509
0.9321 55.2370
0.9328 60.8806
0.9334 65.5529
0.9339 68.0655
0.9343 71.9755
0.9346 75.1429
0.9349 76.3210
0.9350 76.1394
0.9351 75.0039
0.9350 73.0692
0.9348 70.4726
0.9346 67.2279
0.9343 63.2472
0.9339 58.6852
0.9334 53.8272
0.9327 48.9080
0.9319 44.1874
0.9310 39.8541
0.9299 35.9734
0.9287 32.5056
0.9274 29.3463
0.9259 26.3828
0.9242 23.5501
0.9223 20.8426
0.9199 18.3096
0.9171 16.1078
0.9140 14.4067
0.9109 13.1294
0.9080 12.1376
0.9052 11.3336
0.9026 10.6659
0.9002 10.0928
0.8979 9.5602
0.8956 9.0255
0.8930 8.4742
0.8901 7.9142
0.8867 7.3597
0.8830 6.8195
0.8787 6.2944
0.8739 5.7821
0.8684 5.2827
0.8621 4.8008
0.8550 4.3445
0.8469 3.9229
0.8380 3.5452
0.8284 3.2193
0.8185 2.9485
0.8088 2.7314
0.7997 2.5698
0.7922 2.4763
0.7872 2.4517
0.7853 2.4832
0.7861 2.5534
0.7891 2.6465
0.7933 2.7581
0.7984 2.9000
0.8044 3.0884
0.8114 3.3324
0.8200 3.7690
0.8322 4.5928
0.8473 5.6573
0.8620 6.7861
0.8744 7.9477
0.8843 9.3096
0.8924 10.7477
0.8986 12.0763
0.9033 13.1897
0.9066 14.2234
0.9102 18.1686
0.9154 23.8587
0.9204 30.2106
0.9248 38.5195
0.9281 45.1843
0.9303 50.0724
0.9317 53.5520
0.9324 55.9305
0.9329 59.8795
0.9334 65.6811
0.9340 72.8486
0.9346 77.7207
0.9350 79.8305
0.9353 80.2016
0.9353 79.5939
0.9353 78.5308
0.9353 77.0696
0.9352 74.9362
0.9350 71.8768
0.9347 67.7102
0.9344 62.5710
0.9339 56.8996
0.9332 51.1517
0.9323 45.6132
0.9313 40.3668
0.9300 35.4847
0.9286 31.0800
0.9269 27.3391
0.9249 24.2532
0.9229 21.6994
0.9208 19.5617
0.9186 17.7399
0.9163 16.1401
0.9138 14.6731
0.9112 13.2691
0.9081 11.8937
0.9044 10.5543
0.9001 9.2889
0.8948 8.1429
0.8888 7.1614
0.8822 6.3646
0.8753 5.7426
0.8686 5.2693
0.8623 4.9123
0.8568 4.6374
0.8520 4.4120
0.8476 4.2098
0.8434 4.0147
0.8392 3.8261
0.8349 3.6617
0.8308 3.5332
0.8272 3.4401
0.8243 3.3765
0.8222 3.3347
0.8207 3.3071
0.8197 3.2871
0.8190 3.2700
0.8184 3.2498
0.8177 3.2218
0.8170 3.2098
0.8173 3.3345
0.8221 3.8100
0.8328 4.5813
0.8466 5.4792
0.8599 6.3844
0.8709 7.2234
0.8793 7.9817
0.8856 8.8452
0.8909 9.8124
0.8954 10.6932
0.8989 11.3725
0.9015 11.8400
0.9037 13.2591
0.9081 18.0006
0.9141 22.7273
0.9193 27.5455
0.9236 35.0425
0.9271 41.6253
0.9294 46.4725
0.9309 49.9110
0.9318 54.5201
0.9326 60.4833
0.9333 64.4598
0.9339 69.0405
0.9344 74.1852
0.9348 77.0735
0.9350 77.6844
0.9351 76.7677
0.9351 74.8958
0.9350 72.4399
0.9348 69.4712
0.9345 65.8177
0.9342 61.4085
0.9337 56.3430
0.9331 50.9151
0.9323 45.4888
0.9313 40.3369
0.9300 35.5991
0.9286 31.3126
0.9269 27.4566
0.9250 23.9912
0.9227 20.9154
0.9201 18.3208
0.9173 16.3658
0.9145 14.9577
0.9119 13.9206
0.9096 13.1125
0.9076 12.4342
0.9058 11.8251
0.9040 11.2490
0.9021 10.6786
0.9001 10.1012
0.8979 9.5216
0.8954 8.9595
0.8928 8.4329
0.8899 7.9419
0.8869 7.4764
0.8837 7.0266
0.8803 6.5880
0.8765 6.1603
0.8724 5.7443
0.8678 5.3406
0.8628 4.9499
0.8572 4.5754
0.8510 4.2324
0.8446 3.9516
0.8386 3.7587
0.8343 3.7588
0.8344 4.1022
0.8403 4.7091
0.8498 5.4302
0.8600 6.1544
0.8690 6.8092
0.8760 7.3467
0.8810 7.7246
