0.5567
0.4329
0.3230
0.2653
0.2396
0.2333
0.2327
0.2341
0.2346
0.2346
0.2354
0.2353
0.2351
0.2352
0.2350
0.2354
0.2357
0.2356
0.2353
0.2351
0.2359
0.2352
0.2353
0.2350
0.2352
0.2352
0.2360
0.2355
0.2349
0.2355
0.2349
0.2356
0.2351
0.2354
0.2356
0.2352
0.2354
0.2357
0.2352
0.2353
0.2357
0.2355
0.2351
0.2358
0.2352
0.2355
0.2356
0.2348
0.2357
0.2351
0.2351
0.2359
0.2356
0.2355
0.2354
0.2354
0.2352
0.2350
0.2351
0.2357
0.2350
0.2355
0.2352
0.2351
0.2356
0.2354
0.2355
0.2350
0.2351
0.2356
0.2352
0.2355
0.2354
0.2354
0.2354
0.2349
0.2352
0.2352
0.2357
0.2351
0.2352
0.2354
0.2357
0.2354
0.2356
0.2351
0.2349
0.2354
0.2347
0.2356
0.2354
0.2354
0.2352
0.2351
0.2355
0.2352
0.2355
0.2352
0.2357
0.2355
0.2353
0.2355
0.2354
0.2356
0.2356
0.2351
0.2356
0.2351
0.2354
0.2354
0.2357
0.2352
0.2354
0.2353
0.2356
0.2354
0.2355
0.2354
0.2351
0.2350
0.2356
0.2352
0.2352
0.2350
0.2354
0.2355
0.2349
0.2347
0.2358
0.2353
0.2356
0.2357
0.2354
0.2355
0.2351
0.2348
0.2352
0.2352
0.2351
0.2357
0.2348
0.2352
0.2355
0.2354
0.2349
0.2354
0.2351
0.2351
0.2354
0.2350
