-0.1660 -0.002062
-0.1503 -0.001786
-0.1315 -0.001556
-0.1081 -0.001369
-0.0768 -0.001223
-0.0317 -0.001119
0.0363 -0.001060
0.1234 -0.001019
0.2017 -0.000950
0.2398 -0.093273
0.2559 -0.095177
0.2571 -0.095230
0.2487 -0.094073
0.2343 -0.092198
0.2169 -0.089942
0.1979 -0.087516
0.1785 -0.085036
0.1590 -0.082557
0.1394 -0.080085
0.1197 -0.077597
0.0994 -0.075038
0.0778 -0.072315
0.0535 -0.069275
0.0246 -0.065655
-0.0127 -0.061001
-0.0635 -0.054657
-0.1301 -0.046340
-0.2030 -0.037225
-0.2679 -0.025055
-0.3187 -0.016341
-0.3564 -0.010806
-0.3835 -0.007320
-0.4024 -0.005120
-0.4150 -0.003720
-0.4230 -0.002816
-0.4273 -0.002217
-0.4290 -0.001808
-0.4287 -0.001517
-0.4268 -0.001300
-0.4238 -0.001131
-0.4199 -0.000993
-0.4153 -0.000876
-0.4104 -0.000774
-0.4053 -0.000683
-0.4000 -0.000603
-0.3946 -0.000531
-0.3891 -0.000466
-0.3837 -0.000408
-0.3783 -0.000357
-0.3731 -0.000311
-0.3680 -0.000270
-0.3660 -0.016973
-0.3640 -0.017191
-0.3618 -0.017432
-0.3596 -0.017684
-0.3575 -0.017930
-0.3555 -0.018159
-0.3537 -0.018371
-0.3520 -0.018571
-0.3503 -0.018770
-0.3486 -0.018975
-0.3468 -0.019190
-0.3449 -0.019420
-0.3429 -0.019668
-0.3410 -0.039772
-0.3424 -0.039424
-0.3432 -0.039226
-0.3434 -0.039158
-0.3432 -0.039205
-0.3427 -0.039343
-0.3418 -0.039160
-0.3405 -0.036276
-0.3385 -0.033992
-0.3362 -0.032163
-0.3338 -0.030689
-0.3312 -0.029502
-0.3286 -0.028554
-0.3259 -0.027809
-0.3231 -0.027238
-0.3203 -0.026818
-0.3173 -0.026528
-0.3142 -0.026353
-0.3111 -0.026278
-0.3078 -0.026290
-0.3043 -0.026380
-0.3004 -0.023019
-0.2956 -0.019504
-0.2900 -0.016581
-0.2837 -0.014132
-0.2767 -0.012070
-0.2691 -0.010327
-0.2609 -0.008850
-0.2520 -0.007594
-0.2424 -0.006527
-0.2320 -0.005618
-0.2207 -0.004845
-0.2082 -0.004189
-0.1942 -0.003632
-0.1782 -0.003163
-0.1592 -0.002771
-0.1359 -0.002450
-0.1052 -0.002198
-0.0613 -0.002020
0.0072 -0.001931
0.1058 -0.001909
0.2037 -0.001836
0.2716 -0.001667
0.3071 -0.001444
0.3176 -0.001210
0.3114 -0.000994
0.2954 -0.000807
0.2745 -0.000650
0.2519 -0.000522
0.2292 -0.000419
0.1963 -0.087412
0.1639 -0.083286
0.1354 -0.079667
0.1089 -0.076303
0.0825 -0.072971
0.0542 -0.069412
0.0210 -0.065255
-0.0217 -0.059912
-0.0799 -0.052641
-0.1532 -0.043480
-0.2279 -0.034114
-0.2914 -0.026155
-0.3404 -0.020016
-0.3764 -0.015497
-0.4021 -0.012267
-0.4200 -0.010026
-0.4318 -0.008535
-0.4392 -0.007609
-0.4431 -0.007114
-0.4444 -0.006947
-0.4437 -0.007033
-0.4415 -0.007184
-0.4379 -0.006368
-0.4332 -0.005720
-0.4277 -0.005168
-0.4216 -0.004676
-0.4153 -0.004221
-0.4088 -0.003794
-0.4024 -0.003393
-0.3961 -0.003017
-0.3899 -0.002670
-0.3839 -0.002351
-0.3781 -0.002062
-0.3723 -0.001803
-0.3667 -0.001573
-0.3610 -0.001369
-0.3553 -0.001191
-0.3495 -0.001034
-0.3436 -0.000898
-0.3376 -0.000778
-0.3315 -0.000675
-0.3253 -0.000584
-0.3191 -0.000505
-0.3128 -0.000436
-0.3065 -0.000377
-0.3001 -0.000325
-0.2935 -0.000280
-0.2868 -0.000242
-0.2798 -0.000209
-0.2725 -0.000180
-0.2647 -0.000155
-0.2564 -0.000134
-0.2474 -0.000116
-0.2375 -0.000101
-0.2266 -0.000088
-0.2145 -0.000077
-0.2008 -0.000067
-0.1851 -0.000059
-0.1668 -0.000052
-0.1445 -0.000046
-0.1162 -0.000042
-0.0771 -0.000038
-0.0181 -0.000037
0.0716 -0.000036
0.1737 -0.000036
0.2524 -0.000033
0.2977 -0.000030
0.3149 -0.000025
0.2987 -0.099889
0.2728 -0.096648
0.2455 -0.093231
0.2188 -0.089889
0.1935 -0.086721
0.1696 -0.083737
0.1469 -0.080901
0.1249 -0.078148
0.1029 -0.075393
0.0799 -0.072520
0.0546 -0.069356
0.0246 -0.065614
-0.0139 -0.060817
-0.0663 -0.054293
-0.1342 -0.045815
-0.2073 -0.036672
-0.2718 -0.028597
-0.3223 -0.022269
-0.3594 -0.017610
-0.3856 -0.014321
-0.4033 -0.011887
-0.4142 -0.008803
-0.4199 -0.006862
-0.4216 -0.005606
-0.4203 -0.004760
-0.4166 -0.004158
-0.4111 -0.003700
-0.4043 -0.003326
-0.3966 -0.003000
-0.3885 -0.002704
-0.3801 -0.002427
-0.3720 -0.002164
-0.3643 -0.001917
-0.3570 -0.001686
-0.3504 -0.001474
-0.3443 -0.001281
-0.3386 -0.001109
-0.3333 -0.000957
-0.3291 -0.022183
-0.3280 -0.022192
-0.3265 -0.022271
-0.3247 -0.022404
-0.3231 -0.022520
-0.3224 -0.022548
-0.3226 -0.022470
-0.3235 -0.022307
-0.3274 -0.043364
-0.3326 -0.042010
-0.3373 -0.040815
-0.3413 -0.039796
-0.3446 -0.038953
-0.3472 -0.038271
-0.3493 -0.037736
-0.3509 -0.037336
-0.3519 -0.037058
-0.3526 -0.036891
-0.3528 -0.035917
-0.3523 -0.033135
-0.3512 -0.030957
-0.3495 -0.029250
-0.3474 -0.027914
-0.3449 -0.026879
-0.3422 -0.026091
-0.3393 -0.025506
-0.3362 -0.024904
-0.3326 -0.021252
-0.3284 -0.018195
-0.3237 -0.015609
-0.3187 -0.013406
-0.3135 -0.011519
-0.3081 -0.009898
-0.3026 -0.008502
-0.2971 -0.007298
-0.2916 -0.006261
-0.2861 -0.005367
-0.2806 -0.004596
-0.2753 -0.003932
-0.2700 -0.003361
-0.2647 -0.002871
-0.2627 -0.032080
-0.2634 -0.031596
-0.2639 -0.031196
-0.2642 -0.030872
-0.2645 -0.030611
-0.2647 -0.030389
-0.2650 -0.030183
-0.2656 -0.029979
-0.2664 -0.029769
-0.2673 -0.029555
-0.2684 -0.029341
-0.2695 -0.029132
-0.2707 -0.028936
-0.2717 -0.028763
-0.2725 -0.028623
-0.2730 -0.028527
-0.2732 -0.028485
-0.2728 -0.028508
-0.2719 -0.028603
-0.2704 -0.028774
-0.2683 -0.026349
-0.2650 -0.022091
-0.2609 -0.018584
-0.2563 -0.015664
-0.2513 -0.013216
-0.2462 -0.011152
-0.2410 -0.009409
-0.2358 -0.007935
-0.2307 -0.006689
-0.2256 -0.005636
-0.2204 -0.004747
-0.2152 -0.003999
-0.2097 -0.003370
-0.2040 -0.002841
-0.1977 -0.002399
-0.1908 -0.002029
-0.1831 -0.001719
-0.1743 -0.001461
-0.1641 -0.001246
-0.1521 -0.001067
-0.1375 -0.000919
-0.1192 -0.000798
-0.0949 -0.000702
-0.0605 -0.000629
-0.0085 -0.000582
0.0647 -0.071049
0.1366 -0.080011
0.1946 -0.087231
0.2304 -0.091668
0.2462 -0.093602
0.2471 -0.093676
0.2382 -0.092527
0.2236 -0.090656
0.2059 -0.088411
0.1869 -0.086002
0.1674 -0.083543
0.1478 -0.081077
0.1281 -0.078604
0.1081 -0.076087
0.0871 -0.073456
0.0642 -0.070589
0.0378 -0.067283
0.0049 -0.063182
-0.0390 -0.057708
-0.0979 -0.043987
-0.1674 -0.030401
-0.2349 -0.020247
-0.2911 -0.013324
-0.3344 -0.008819
-0.3665 -0.005935
-0.3899 -0.004088
-0.4065 -0.002897
-0.4181 -0.002118
-0.4259 -0.001601
-0.4307 -0.001251
-0.4332 -0.001007
-0.4339 -0.000831
-0.4333 -0.000700
-0.4317 -0.000599
-0.4292 -0.000518
-0.4261 -0.000452
-0.4224 -0.000396
-0.4184 -0.000348
-0.4140 -0.000306
-0.4093 -0.000270
-0.4044 -0.000237
-0.3993 -0.000209
-0.3939 -0.000184
-0.3884 -0.000161
-0.3827 -0.000142
-0.3781 -0.015353
-0.3748 -0.015753
-0.3710 -0.016209
-0.3669 -0.016715
-0.3624 -0.017260
-0.3578 -0.017827
-0.3532 -0.018390
-0.3489 -0.018931
-0.3447 -0.019441
-0.3409 -0.019917
-0.3373 -0.020362
-0.3339 -0.020783
-0.3306 -0.021189
-0.3274 -0.021592
-0.3240 -0.022004
-0.3205 -0.022440
-0.3167 -0.022913
-0.3125 -0.023435
-0.3078 -0.024021
-0.3026 -0.024680
-0.2966 -0.024064
-0.2891 -0.020620
-0.2802 -0.017775
-0.2696 -0.015400
-0.2575 -0.013402
-0.2437 -0.011711
-0.2280 -0.010276
-0.2101 -0.009056
-0.1893 -0.008024
-0.1645 -0.007162
-0.1337 -0.006464
-0.0924 -0.005946
-0.0308 -0.005657
0.0653 -0.005633
0.1788 -0.005595
0.2668 -0.005229
0.3072 -0.105440
0.3118 -0.105265
0.2994 -0.103036
0.2780 -0.099766
0.2529 -0.096128
0.2270 -0.092496
0.2019 -0.089035
0.1780 -0.085789
0.1552 -0.082735
0.1331 -0.079814
0.1112 -0.076945
0.0886 -0.074018
0.0642 -0.070880
0.0359 -0.067285
0.0006 -0.062819
-0.0471 -0.056834
-0.1112 -0.048800
-0.1853 -0.039498
-0.2546 -0.030795
-0.3107 -0.022348
-0.3524 -0.014550
-0.3822 -0.009693
-0.4029 -0.006669
-0.4167 -0.004776
-0.4253 -0.003578
-0.4298 -0.002803
-0.4314 -0.002287
-0.4308 -0.001927
-0.4286 -0.001661
-0.4252 -0.001452
-0.4211 -0.001279
-0.4164 -0.001131
-0.4114 -0.001002
-0.4061 -0.000887
-0.4006 -0.000784
-0.3950 -0.000692
-0.3892 -0.000609
-0.3835 -0.000535
-0.3777 -0.000469
-0.3721 -0.000410
-0.3665 -0.000357
-0.3610 -0.000311
-0.3556 -0.000270
-0.3502 -0.000234
-0.3447 -0.000202
-0.3393 -0.000175
-0.3337 -0.000151
-0.3281 -0.000130
-0.3225 -0.000112
-0.3169 -0.000097
-0.3112 -0.000083
-0.3055 -0.000072
-0.3000 -0.000062
-0.2947 -0.000053
-0.2898 -0.000045
-0.2854 -0.000038
-0.2845 -0.026967
-0.2861 -0.026770
-0.2876 -0.026571
-0.2891 -0.026380
-0.2905 -0.026204
-0.2917 -0.026047
-0.2929 -0.025904
-0.2939 -0.025773
-0.2948 -0.025654
-0.2957 -0.025548
-0.2964 -0.025460
-0.2969 -0.025393
-0.2972 -0.025356
-0.2972 -0.025355
-0.2968 -0.025397
-0.2961 -0.025489
-0.2949 -0.025637
-0.2932 -0.025845
-0.2910 -0.026118
-0.2883 -0.026458
-0.2850 -0.026869
-0.2809 -0.023879
-0.2754 -0.020438
-0.2688 -0.017573
-0.2611 -0.015161
-0.2526 -0.013113
-0.2433 -0.011363
-0.2332 -0.009861
-0.2225 -0.008569
-0.2108 -0.007456
-0.1982 -0.006499
-0.1842 -0.005679
-0.1683 -0.004980
-0.1499 -0.004391
-0.1275 -0.003900
-0.0989 -0.003507
-0.0590 -0.003219
0.0013 -0.003055
0.0881 -0.002992
0.1790 -0.002887
0.2462 -0.002651
0.2845 -0.002328
0.2993 -0.001982
0.2975 -0.001651
0.2854 -0.001358
0.2606 -0.096216
0.2273 -0.091826
0.1980 -0.087984
0.1717 -0.084557
0.1475 -0.081418
0.1245 -0.078453
0.1017 -0.075541
0.0782 -0.072541
0.0523 -0.069257
0.0215 -0.065379
-0.0182 -0.060396
-0.0723 -0.053628
-0.1415 -0.044963
-0.2144 -0.035830
-0.2776 -0.027897
-0.3266 -0.021739
-0.3625 -0.017233
-0.3877 -0.014071
-0.4046 -0.011946
-0.4155 -0.010580
-0.4221 -0.009743
-0.4259 -0.008290
-0.4275 -0.006770
-0.4277 -0.005642
-0.4267 -0.004772
-0.4250 -0.004081
-0.4225 -0.003520
-0.4194 -0.003058
-0.4157 -0.002671
-0.4114 -0.002344
-0.4065 -0.002065
-0.4010 -0.001825
-0.3950 -0.001618
-0.3883 -0.001437
-0.3809 -0.001279
-0.3730 -0.001139
-0.3646 -0.001015
-0.3557 -0.000903
-0.3464 -0.000803
-0.3369 -0.000712
-0.3273 -0.000630
-0.3176 -0.000555
-0.3081 -0.000488
-0.2990 -0.000427
-0.2906 -0.000371
-0.2829 -0.000321
-0.2762 -0.000277
-0.2703 -0.000237
-0.2651 -0.000203
-0.2606 -0.000172
-0.2565 -0.000147
-0.2528 -0.000124
-0.2493 -0.000105
-0.2459 -0.000089
-0.2426 -0.000075
-0.2393 -0.000064
-0.2386 -0.032733
-0.2417 -0.032330
-0.2448 -0.031946
-0.2476 -0.031581
-0.2504 -0.031231
-0.2532 -0.030880
-0.2561 -0.030507
-0.2593 -0.030101
-0.2628 -0.029662
-0.2665 -0.029201
-0.2743 -0.056464
-0.2830 -0.054287
-0.2908 -0.052320
-0.2978 -0.050576
-0.3040 -0.049029
-0.3095 -0.047642
-0.3145 -0.046392
-0.3186 -0.041659
-0.3216 -0.037894
-0.3236 -0.034917
-0.3249 -0.032561
-0.3254 -0.030701
-0.3254 -0.029239
-0.3249 -0.028101
-0.3239 -0.027231
-0.3225 -0.026585
-0.3206 -0.026128
-0.3184 -0.025834
-0.3158 -0.025679
-0.3125 -0.022177
-0.3084 -0.018933
-0.3035 -0.016215
-0.2980 -0.013916
-0.2922 -0.011957
-0.2861 -0.010278
-0.2798 -0.008837
-0.2734 -0.007595
-0.2668 -0.006527
-0.2601 -0.005607
-0.2533 -0.004817
-0.2462 -0.004138
-0.2388 -0.003556
-0.2311 -0.003058
-0.2228 -0.002633
-0.2138 -0.002269
-0.2042 -0.001959
-0.1935 -0.001695
-0.1819 -0.001469
-0.1689 -0.001277
-0.1545 -0.001113
-0.1380 -0.000974
-0.1184 -0.000857
-0.0935 -0.000762
-0.0591 -0.000690
-0.0076 -0.000644
0.0681 -0.000620
0.1539 -0.000596
0.2227 -0.000551
0.2654 -0.000487
0.2853 -0.000418
0.2883 -0.000350
0.2802 -0.000289
0.2654 -0.000237
0.2472 -0.000193
0.2274 -0.000157
0.2074 -0.000128
0.1877 -0.000104
0.1685 -0.000084
0.1498 -0.000068
0.1315 -0.000055
0.1132 -0.000045
0.0945 -0.000036
0.0748 -0.000029
0.0529 -0.000024
0.0273 -0.000019
-0.0052 -0.000015
-0.0490 -0.000011
-0.1079 -0.000008
-0.1769 -0.000006
-0.2432 -0.000004
-0.2981 -0.000002
-0.3402 -0.000002
-0.3711 -0.000001
-0.3930 -0.000001
-0.4079 -0.000001
-0.4175 -0.000000
-0.4229 -0.000000
-0.4255 -0.000000
-0.4259 -0.000000
-0.4249 -0.000000
-0.4230 -0.000000
-0.4205 -0.000000
-0.4176 -0.000000
-0.4144 -0.000000
-0.4111 -0.000000
-0.4077 -0.000000
-0.4043 -0.000000
-0.4008 -0.000000
-0.3972 -0.000000
-0.3935 -0.000000
-0.3898 -0.000000
-0.3859 -0.000000
-0.3819 -0.000000
-0.3777 -0.015282
-0.3763 -0.015459
-0.3745 -0.015687
-0.3747 -0.031338
-0.3749 -0.031275
-0.3747 -0.031317
-0.3743 -0.031430
-0.3736 -0.031595
-0.3728 -0.031805
-0.3718 -0.032054
-0.3706 -0.032340
-0.3693 -0.032660
-0.3679 -0.033016
-0.3663 -0.033409
-0.3646 -0.033843
-0.3627 -0.034324
-0.3606 -0.034853
-0.3583 -0.035431
-0.3558 -0.036054
-0.3530 -0.034750
-0.3495 -0.032799
-0.3456 -0.031296
-0.3412 -0.030149
-0.3363 -0.026641
-0.3305 -0.022876
-0.3241 -0.019701
-0.3170 -0.016997
-0.3095 -0.014681
-0.3016 -0.012687
-0.2933 -0.010966
-0.2847 -0.009479
-0.2757 -0.008192
-0.2664 -0.007078
-0.2568 -0.006115
-0.2468 -0.005284
-0.2362 -0.004566
-0.2251 -0.003949
-0.2134 -0.003417
-0.2008 -0.002959
-0.1873 -0.002567
-0.1724 -0.002232
-0.1556 -0.001947
-0.1357 -0.001709
-0.1110 -0.001515
-0.0776 -0.001365
-0.0283 -0.001264
0.0465 -0.001216
0.1394 -0.001181
0.2184 -0.001102
0.2689 -0.000979
0.2936 -0.000839
0.2990 -0.000701
0.2918 -0.000577
0.2769 -0.000470
0.2581 -0.000381
0.2377 -0.000308
0.2169 -0.000248
0.1965 -0.000200
0.1768 -0.000161
0.1576 -0.000130
0.1390 -0.000105
0.1206 -0.000085
0.1019 -0.000068
0.0825 -0.000055
0.0615 -0.000044
0.0372 -0.000035
0.0074 -0.000027
-0.0320 -0.000021
-0.0858 -0.000015
-0.1527 -0.000011
-0.2214 -0.000007
-0.2804 -0.000005
-0.3265 -0.000003
-0.3606 -0.000002
-0.3847 -0.000001
-0.4009 -0.000001
-0.4111 -0.000001
-0.4164 -0.000001
-0.4180 -0.000000
-0.4166 -0.000000
-0.4129 -0.000000
-0.4074 -0.000000
-0.4006 -0.000000
-0.3927 -0.000000
-0.3841 -0.000000
-0.3751 -0.000000
-0.3662 -0.000000
-0.3577 -0.000000
-0.3497 -0.000000
-0.3423 -0.000000
-0.3354 -0.000000
-0.3321 -0.020981
-0.3296 -0.021296
-0.3273 -0.043168
-0.3289 -0.042770
-0.3308 -0.042317
-0.3359 -0.061562
-0.3424 -0.059124
-0.3489 -0.056671
-0.3553 -0.054270
-0.3614 -0.052013
-0.3668 -0.049984
-0.3714 -0.048245
-0.3752 -0.046826
-0.3781 -0.045728
-0.3802 -0.044935
-0.3816 -0.044421
-0.3823 -0.044156
-0.3824 -0.044108
-0.3819 -0.042561
-0.3804 -0.038636
-0.3779 -0.035456
-0.3746 -0.032981
-0.3708 -0.031039
-0.3667 -0.029509
-0.3621 -0.026338
-0.3570 -0.022815
-0.3514 -0.019793
-0.3456 -0.017178
-0.3396 -0.014904
-0.3335 -0.012921
-0.3273 -0.011191
-0.3211 -0.009681
-0.3149 -0.008364
-0.3088 -0.007216
-0.3028 -0.006217
-0.2968 -0.005350
-0.2909 -0.004597
-0.2851 -0.003945
-0.2795 -0.003381
-0.2741 -0.002893
-0.2688 -0.002472
-0.2672 -0.031175
-0.2681 -0.030716
-0.2691 -0.030308
-0.2701 -0.029942
-0.2711 -0.029611
-0.2722 -0.029308
-0.2733 -0.029027
-0.2745 -0.028763
-0.2757 -0.028516
-0.2769 -0.028283
-0.2781 -0.028067
-0.2792 -0.027868
-0.2803 -0.027690
-0.2812 -0.027535
-0.2820 -0.027408
-0.2825 -0.027315
-0.2828 -0.027258
-0.2828 -0.027244
-0.2824 -0.027276
-0.2816 -0.027361
-0.2804 -0.027087
-0.2782 -0.022624
-0.2746 -0.019007
-0.2698 -0.016050
-0.2638 -0.013613
-0.2567 -0.011594
-0.2485 -0.009911
-0.2390 -0.008502
-0.2282 -0.007319
-0.2160 -0.006323
-0.2022 -0.005483
-0.1864 -0.004773
-0.1682 -0.004175
-0.1467 -0.003677
-0.1199 -0.003270
-0.0841 -0.002958
-0.0315 -0.002753
0.0491 -0.002667
0.1488 -0.002607
0.2322 -0.002434
0.2842 -0.002156
0.3080 -0.001837
0.3110 -0.001525
0.3007 -0.001245
0.2823 -0.098847
0.2456 -0.094037
0.2136 -0.089867
0.1853 -0.086199
0.1598 -0.082897
0.1359 -0.079835
0.1129 -0.076891
0.0896 -0.073930
0.0647 -0.070776
0.0360 -0.067164
0.0001 -0.062659
-0.0484 -0.056588
-0.1137 -0.048425
-0.1889 -0.039018
-0.2586 -0.030272
-0.3149 -0.023215
-0.3572 -0.017899
-0.3880 -0.014040
-0.4096 -0.011322
-0.4243 -0.009475
-0.4338 -0.008290
-0.4392 -0.007609
-0.4415 -0.006349
-0.4412 -0.005323
-0.4390 -0.004609
-0.4354 -0.004080
-0.4305 -0.003661
-0.4248 -0.003310
-0.4184 -0.003001
-0.4114 -0.002720
-0.4041 -0.002458
-0.3966 -0.002213
-0.3891 -0.001983
-0.3816 -0.001769
-0.3741 -0.001571
-0.3667 -0.001389
-0.3594 -0.001223
-0.3524 -0.001072
-0.3458 -0.000936
-0.3396 -0.000813
-0.3341 -0.000702
-0.3291 -0.000604
-0.3248 -0.000517
-0.3211 -0.000441
-0.3179 -0.000375
-0.3152 -0.000318
-0.3129 -0.000269
-0.3107 -0.000227
-0.3087 -0.000192
-0.3068 -0.000162
-0.3048 -0.000136
-0.3028 -0.000115
-0.3006 -0.000097
-0.3040 -0.049086
-0.3105 -0.047454
-0.3158 -0.046113
-0.3201 -0.045034
-0.3235 -0.044164
-0.3264 -0.043438
-0.3289 -0.042808
-0.3311 -0.042250
-0.3331 -0.041756
-0.3348 -0.041329
-0.3362 -0.040971
-0.3373 -0.040689
-0.3381 -0.040483
-0.3386 -0.040356
-0.3388 -0.040309
-0.3386 -0.040342
-0.3382 -0.040454
-0.3374 -0.040645
-0.3364 -0.040912
-0.3347 -0.038377
-0.3323 -0.034557
-0.3286 -0.029318
-0.3240 -0.025009
-0.3185 -0.021412
-0.3124 -0.018378
-0.3058 -0.015800
-0.2988 -0.013600
-0.2913 -0.011716
-0.2834 -0.010100
-0.2750 -0.008712
-0.2664 -0.007515
-0.2575 -0.006479
-0.2486 -0.005580
-0.2397 -0.004798
-0.2310 -0.004120
-0.2224 -0.003531
-0.2140 -0.003023
-0.2056 -0.002585
-0.1972 -0.002209
-0.1885 -0.001888
-0.1793 -0.001615
-0.1768 -0.041745
-0.1755 -0.041689
-0.1743 -0.041655
-0.1733 -0.041621
-0.1730 -0.041528
-0.1738 -0.041316
-0.1760 -0.040950
-0.1797 -0.040416
-0.1847 -0.039715
-0.1911 -0.038859
-0.1987 -0.037870
-0.2071 -0.036778
-0.2162 -0.035620
-0.2254 -0.034437
-0.2346 -0.033273
-0.2433 -0.032167
-0.2512 -0.031157
-0.2582 -0.030273
-0.2640 -0.029539
-0.2685 -0.028973
-0.2715 -0.028588
-0.2730 -0.026425
-0.2722 -0.022139
-0.2693 -0.018725
-0.2644 -0.015966
-0.2578 -0.013708
-0.2496 -0.011835
-0.2399 -0.010267
-0.2336 -0.042075
-0.2278 -0.041509
-0.2212 -0.041252
-0.2149 -0.041102
-0.2106 -0.040815
-0.2090 -0.040269
-0.2103 -0.039451
-0.2141 -0.038412
-0.2198 -0.037218
-0.2268 -0.035936
-0.2346 -0.034623
-0.2428 -0.033328
-0.2510 -0.032086
-0.2588 -0.030925
-0.2661 -0.029865
-0.2727 -0.028922
-0.2785 -0.028101
-0.2835 -0.027403
-0.2876 -0.026823
-0.2910 -0.026351
-0.2937 -0.025788
-0.2954 -0.021363
-0.2958 -0.017800
-0.2954 -0.014898
-0.2942 -0.012512
-0.2925 -0.010536
-0.2904 -0.008889
-0.2879 -0.007511
-0.2851 -0.006354
-0.2822 -0.005380
-0.2815 -0.031820
-0.2835 -0.030790
-0.2852 -0.029936
-0.2868 -0.029220
-0.2882 -0.028607
-0.2916 -0.053853
-0.2980 -0.051937
-0.3038 -0.050205
-0.3092 -0.048656
-0.3139 -0.047291
-0.3181 -0.046108
-0.3217 -0.045099
-0.3247 -0.044254
-0.3271 -0.043561
-0.3291 -0.043011
-0.3306 -0.042592
-0.3316 -0.042298
-0.3322 -0.042121
-0.3323 -0.042058
-0.3320 -0.042105
-0.3313 -0.042264
-0.3300 -0.040061
-0.3276 -0.037474
-0.3243 -0.035517
-0.3201 -0.034069
-0.3152 -0.031886
