-0.3367 -0.040843
-0.3418 -0.039561
-0.3467 -0.057518
-0.3545 -0.054606
-0.3608 -0.052216
-0.3658 -0.050331
-0.3696 -0.048917
-0.3722 -0.047926
-0.3739 -0.047297
-0.3748 -0.046968
-0.3750 -0.046886
-0.3746 -0.047008
-0.3737 -0.045597
-0.3721 -0.043860
-0.3697 -0.042665
-0.3668 -0.041169
-0.3631 -0.038153
-0.3586 -0.035829
-0.3534 -0.034053
-0.3476 -0.032702
-0.3415 -0.031663
-0.3354 -0.030849
-0.3295 -0.030199
-0.3239 -0.029673
-0.3188 -0.028762
-0.3135 -0.024711
-0.3081 -0.021234
-0.3027 -0.018237
-0.2973 -0.015648
-0.2919 -0.013413
-0.2867 -0.011485
-0.2815 -0.009824
-0.2764 -0.008396
-0.2714 -0.007170
-0.2664 -0.006118
-0.2616 -0.005216
-0.2568 -0.004443
-0.2555 -0.034291
-0.2569 -0.033481
-0.2583 -0.032791
-0.2595 -0.032207
-0.2605 -0.031715
-0.2615 -0.031287
-0.2627 -0.030897
-0.2640 -0.030526
-0.2655 -0.030160
-0.2673 -0.029796
-0.2692 -0.029434
-0.2712 -0.029080
-0.2733 -0.028744
-0.2752 -0.028437
-0.2769 -0.028169
-0.2783 -0.027941
-0.2795 -0.027747
-0.2806 -0.027581
-0.2816 -0.027435
-0.2824 -0.027304
-0.2830 -0.023614
-0.2826 -0.019559
-0.2814 -0.016259
-0.2796 -0.013556
-0.2771 -0.011333
-0.2740 -0.009500
-0.2703 -0.007984
-0.2659 -0.006729
-0.2607 -0.005687
-0.2546 -0.004822
-0.2476 -0.004101
-0.2395 -0.003499
-0.2303 -0.002995
-0.2197 -0.002574
-0.2076 -0.002220
-0.1936 -0.001923
-0.1771 -0.001676
-0.1573 -0.001470
-0.1325 -0.001304
-0.0995 -0.001174
-0.0517 -0.001087
0.0230 -0.001048
0.1251 -0.001036
0.2194 -0.000986
0.2822 -0.000887
0.3136 -0.000763
0.3208 -0.000637
0.3119 -0.000521
0.2938 -0.000421
0.2713 -0.000338
0.2474 -0.000271
0.2237 -0.000217
0.1997 -0.087681
0.1640 -0.083175
0.1332 -0.079295
0.1050 -0.075738
0.0772 -0.072249
0.0476 -0.068538
0.0128 -0.064188
-0.0324 -0.058552
-0.0934 -0.050938
-0.1674 -0.041689
-0.2398 -0.032614
-0.3000 -0.025072
-0.3460 -0.019305
-0.3797 -0.015071
-0.4038 -0.012047
-0.4206 -0.009945
-0.4318 -0.008541
-0.4387 -0.007665
-0.4425 -0.007190
-0.4438 -0.007021
-0.4433 -0.007084
-0.4414 -0.007321
-0.4385 -0.006946
-0.4347 -0.006156
-0.4304 -0.005484
-0.4256 -0.004891
-0.4207 -0.004358
-0.4156 -0.003873
-0.4105 -0.003431
-0.4054 -0.003028
-0.4003 -0.002664
-0.3953 -0.002336
-0.3905 -0.002042
-0.3857 -0.001779
-0.3811 -0.001545
-0.3767 -0.001339
-0.3722 -0.001159
-0.3677 -0.001002
-0.3632 -0.000865
-0.3585 -0.000747
-0.3536 -0.000646
-0.3512 -0.019149
-0.3491 -0.019327
-0.3464 -0.019594
-0.3431 -0.019946
-0.3393 -0.020365
-0.3354 -0.020818
-0.3315 -0.021271
-0.3278 -0.021699
-0.3245 -0.022088
-0.3215 -0.022437
-0.3189 -0.022750
-0.3164 -0.023038
-0.3141 -0.023316
-0.3117 -0.023598
-0.3092 -0.023904
-0.3063 -0.024251
-0.3031 -0.024655
-0.2992 -0.025130
-0.2947 -0.025688
-0.2895 -0.026329
-0.2833 -0.022581
-0.2758 -0.019318
-0.2672 -0.016585
-0.2576 -0.014274
-0.2473 -0.012307
-0.2360 -0.010630
-0.2237 -0.009198
-0.2101 -0.007979
-0.1948 -0.006946
-0.1770 -0.006077
-0.1556 -0.005357
-0.1285 -0.004777
-0.0915 -0.004341
-0.0362 -0.004075
0.0511 -0.004001
0.1601 -0.003964
0.2501 -0.003726
0.3053 -0.003309
0.3290 -0.002818
0.3295 -0.002332
0.3154 -0.001896
0.2937 -0.001526
0.2687 -0.001222
0.2433 -0.000977
0.2188 -0.000781
0.1956 -0.000625
0.1737 -0.000500
0.1530 -0.000401
0.1332 -0.000322
0.1137 -0.000258
0.0942 -0.000206
0.0739 -0.000165
0.0518 -0.000131
0.0260 -0.000103
-0.0063 -0.000080
-0.0496 -0.000060
-0.1074 -0.000044
-0.1752 -0.000030
-0.2405 -0.000020
-0.2948 -0.000013
-0.3368 -0.000008
-0.3678 -0.000006
-0.3900 -0.000004
-0.4054 -0.000003
-0.4155 -0.000002
-0.4217 -0.000002
-0.4250 -0.000001
-0.4261 -0.000001
-0.4256 -0.000001
-0.4241 -0.000001
-0.4217 -0.000001
-0.4188 -0.000001
-0.4154 -0.000000
-0.4117 -0.000000
-0.4077 -0.000000
-0.4037 -0.000000
-0.3996 -0.000000
-0.3956 -0.000000
-0.3914 -0.000000
-0.3873 -0.000000
-0.3830 -0.000000
-0.3786 -0.000000
-0.3742 -0.000000
-0.3697 -0.000000
-0.3651 -0.000000
-0.3604 -0.000000
-0.3556 -0.000000
-0.3507 -0.000000
-0.3456 -0.000000
-0.3404 -0.000000
-0.3348 -0.000000
-0.3289 -0.000000
-0.3226 -0.000000
-0.3157 -0.000000
-0.3083 -0.000000
-0.3021 -0.024728
-0.2981 -0.025231
-0.2933 -0.025836
-0.2878 -0.026517
-0.2874 -0.053155
-0.2871 -0.053221
-0.2875 -0.053128
-0.2887 -0.052826
-0.2909 -0.052289
-0.2940 -0.051501
-0.2981 -0.050491
-0.3027 -0.049330
-0.3076 -0.048109
-0.3124 -0.046910
-0.3168 -0.045804
-0.3207 -0.044845
-0.3237 -0.044072
-0.3260 -0.043509
-0.3273 -0.043171
-0.3277 -0.043063
-0.3273 -0.043181
-0.3257 -0.040546
-0.3230 -0.060154
-0.3248 -0.077301
-0.3270 -0.070689
-0.3276 -0.065805
-0.3273 -0.062039
-0.3270 -0.058951
-0.3270 -0.056286
-0.3275 -0.053930
-0.3283 -0.051841
-0.3294 -0.050011
-0.3305 -0.048437
-0.3316 -0.047120
-0.3324 -0.046049
-0.3329 -0.045205
-0.3331 -0.044563
-0.3330 -0.044103
-0.3326 -0.043218
-0.3314 -0.039815
-0.3293 -0.037172
-0.3265 -0.035126
-0.3227 -0.030293
-0.3179 -0.025977
-0.3123 -0.022361
-0.3060 -0.019295
-0.2993 -0.016673
-0.2921 -0.014418
-0.2847 -0.012471
-0.2769 -0.010786
-0.2690 -0.009326
-0.2609 -0.008061
-0.2526 -0.006965
-0.2441 -0.006016
-0.2353 -0.005195
-0.2263 -0.004486
-0.2169 -0.003874
-0.2071 -0.003347
-0.1967 -0.002894
-0.1854 -0.002506
-0.1730 -0.002175
-0.1589 -0.001895
-0.1422 -0.001659
-0.1215 -0.001466
-0.0942 -0.001312
-0.0552 -0.001200
0.0046 -0.001137
0.0907 -0.001111
0.1803 -0.001069
0.2464 -0.000980
0.2843 -0.000860
0.2993 -0.000732
0.2980 -0.000610
0.2863 -0.000502
0.2687 -0.000410
0.2484 -0.000333
0.2271 -0.000270
0.2060 -0.000219
0.1856 -0.000178
0.1659 -0.000144
0.1470 -0.000117
0.1285 -0.000095
0.1104 -0.000077
0.0922 -0.000062
0.0735 -0.000050
0.0533 -0.000041
0.0306 -0.000033
0.0033 -0.000026
-0.0317 -0.000020
-0.0784 -0.000015
-0.1369 -0.000011
-0.1992 -0.000007
-0.2553 -0.000005
-0.3007 -0.000003
-0.3355 -0.000002
-0.3611 -0.000002
-0.3795 -0.000001
-0.3923 -0.000001
-0.4007 -0.000001
-0.4057 -0.000001
-0.4080 -0.000000
-0.4084 -0.000000
-0.4072 -0.000000
-0.4047 -0.000000
-0.4014 -0.000000
-0.3973 -0.000000
-0.3931 -0.013360
-0.3905 -0.013679
-0.3874 -0.014076
-0.3837 -0.014528
-0.3801 -0.014985
-0.3769 -0.015389
-0.3743 -0.015707
-0.3725 -0.015937
-0.3713 -0.032190
-0.3734 -0.031666
-0.3752 -0.031194
-0.3769 -0.030787
-0.3782 -0.030457
-0.3792 -0.030210
-0.3798 -0.030043
-0.3802 -0.029958
-0.3802 -0.029959
-0.3798 -0.030054
-0.3790 -0.030245
-0.3777 -0.028570
-0.3755 -0.026840
-0.3727 -0.025545
-0.3694 -0.024589
-0.3656 -0.023900
-0.3614 -0.023427
-0.3570 -0.023131
-0.3524 -0.022983
-0.3476 -0.021834
-0.3420 -0.018893
-0.3358 -0.016397
-0.3290 -0.014263
-0.3216 -0.012431
-0.3134 -0.010853
-0.3046 -0.009493
-0.2950 -0.008319
-0.2844 -0.007304
-0.2729 -0.006426
-0.2603 -0.005665
-0.2463 -0.005006
-0.2309 -0.004436
-0.2136 -0.003942
-0.1939 -0.003519
-0.1708 -0.003160
-0.1425 -0.002866
-0.1053 -0.002641
-0.0512 -0.002507
0.0345 -0.002492
0.1486 -0.002527
0.2479 -0.002435
0.3108 -0.002205
0.3391 -0.001907
0.3415 -0.001597
0.3275 -0.001312
0.3048 -0.001066
0.2786 -0.000861
0.2519 -0.000694
0.2262 -0.000560
0.2021 -0.000452
0.1797 -0.000366
0.1586 -0.000296
0.1386 -0.000240
0.1193 -0.000194
0.1005 -0.000157
0.0816 -0.000127
0.0621 -0.000103
0.0409 -0.000082
0.0169 -0.000066
-0.0121 -0.000052
-0.0489 -0.000040
-0.0957 -0.000030
-0.1497 -0.000022
-0.2029 -0.000015
-0.2485 -0.000011
-0.2843 -0.000008
-0.3112 -0.000006
-0.3310 -0.000004
-0.3456 -0.000003
-0.3567 -0.000003
-0.3657 -0.000002
-0.3736 -0.000002
-0.3806 -0.000001
-0.3868 -0.000001
-0.3921 -0.000001
-0.3963 -0.000001
-0.3994 -0.000001
-0.4012 -0.000000
-0.4019 -0.000000
-0.4014 -0.000000
-0.3998 -0.000000
-0.3971 -0.000000
-0.3936 -0.000000
-0.3895 -0.000000
-0.3848 -0.000000
-0.3800 -0.000000
-0.3753 -0.000000
-0.3709 -0.000000
-0.3670 -0.000000
-0.3635 -0.000000
-0.3606 -0.000000
-0.3579 -0.000000
-0.3554 -0.000000
-0.3529 -0.000000
-0.3504 -0.000000
-0.3477 -0.000000
-0.3447 -0.000000
-0.3415 -0.000000
-0.3381 -0.000000
-0.3343 -0.000000
-0.3302 -0.000000
-0.3260 -0.000000
-0.3216 -0.000000
-0.3191 -0.022616
-0.3187 -0.022656
-0.3181 -0.022741
-0.3170 -0.022868
-0.3158 -0.023029
-0.3143 -0.023216
-0.3127 -0.023414
-0.3111 -0.023614
-0.3095 -0.023811
-0.3079 -0.024005
-0.3064 -0.024199
-0.3048 -0.024399
-0.3031 -0.024611
-0.3012 -0.024846
-0.2991 -0.025114
-0.2966 -0.025424
-0.2937 -0.025788
-0.2903 -0.026213
-0.2863 -0.026708
-0.2817 -0.027281
-0.2760 -0.023280
-0.2686 -0.019881
-0.2596 -0.017076
-0.2489 -0.014743
-0.2365 -0.012791
-0.2222 -0.011151
-0.2056 -0.009769
-0.1864 -0.008604
-0.1636 -0.007630
-0.1356 -0.006833
-0.0989 -0.006217
-0.0460 -0.005817
0.0363 -0.005679
0.1435 -0.005635
0.2271 -0.096082
0.2721 -0.101106
0.2902 -0.102681
0.2886 -0.101823
0.2739 -0.196179
0.2383 -0.186727
0.2056 -0.178122
0.1757 -0.170297
0.1479 -0.163074
0.1213 -0.156212
0.0948 -0.149402
0.0666 -0.142230
0.0343 -0.134065
-0.0062 -0.123863
-0.0611 -0.110105
-0.1328 -0.092142
-0.2100 -0.072774
-0.2775 -0.055839
-0.3297 -0.041058
-0.3676 -0.028465
-0.3940 -0.019029
-0.4119 -0.013192
-0.4239 -0.009518
-0.4315 -0.007153
-0.4359 -0.005590
-0.4378 -0.004523
-0.4380 -0.003768
-0.4367 -0.003213
-0.4342 -0.002789
-0.4307 -0.002453
-0.4263 -0.002177
-0.4211 -0.001945
-0.4153 -0.001745
-0.4088 -0.001569
-0.4017 -0.001412
-0.3941 -0.001270
-0.3862 -0.001140
-0.3781 -0.001020
-0.3700 -0.000909
-0.3618 -0.000807
-0.3537 -0.000713
-0.3457 -0.000628
-0.3379 -0.000551
-0.3302 -0.000482
-0.3227 -0.000420
-0.3153 -0.000366
-0.3079 -0.000318
-0.3005 -0.000276
-0.2929 -0.000239
-0.2851 -0.000207
-0.2770 -0.000179
-0.2684 -0.000156
-0.2593 -0.000135
-0.2494 -0.000117
-0.2386 -0.000102
-0.2267 -0.000089
-0.2200 -0.035071
-0.2125 -0.035990
-0.2040 -0.037051
-0.1950 -0.038162
-0.1870 -0.039159
-0.1808 -0.039931
-0.1768 -0.040431
-0.1750 -0.040654
-0.1753 -0.040611
-0.1776 -0.040323
-0.1816 -0.039816
-0.1872 -0.039124
-0.1938 -0.038298
-0.2009 -0.037399
-0.2082 -0.036490
-0.2151 -0.035625
-0.2214 -0.034840
-0.2268 -0.032306
-0.2305 -0.026606
-0.2327 -0.022041
-0.2348 -0.051417
-0.2412 -0.047237
-0.2466 -0.043852
-0.2512 -0.041092
-0.2553 -0.038787
-0.2597 -0.036764
-0.2647 -0.034911
-0.2704 -0.033189
-0.2764 -0.031597
-0.2826 -0.030143
-0.2886 -0.028837
-0.2942 -0.027682
-0.2993 -0.026681
-0.3038 -0.025833
-0.3075 -0.025135
-0.3104 -0.024585
-0.3124 -0.024173
-0.3137 -0.023885
-0.3143 -0.023708
-0.3144 -0.023621
-0.3137 -0.020872
-0.3122 -0.017577
-0.3099 -0.014857
-0.3071 -0.012587
-0.3041 -0.010680
-0.3007 -0.009070
-0.2973 -0.007706
-0.2937 -0.006548
-0.2901 -0.005564
-0.2896 -0.030955
-0.2908 -0.030021
-0.2916 -0.029275
-0.2919 -0.028690
-0.2921 -0.028230
-0.2922 -0.027850
-0.2924 -0.027514
-0.2928 -0.027202
-0.2934 -0.026908
-0.2941 -0.026633
-0.2949 -0.026385
-0.2956 -0.026169
-0.2962 -0.025992
-0.2966 -0.025863
-0.2966 -0.025789
-0.2962 -0.025777
-0.2954 -0.025833
-0.2940 -0.025960
-0.2921 -0.026164
-0.2896 -0.026448
-0.2862 -0.023252
-0.2813 -0.019664
-0.2751 -0.016724
-0.2675 -0.014295
-0.2586 -0.012272
-0.2483 -0.010578
-0.2366 -0.009152
-0.2233 -0.007949
-0.2082 -0.006932
-0.1907 -0.006075
-0.1701 -0.005357
-0.1449 -0.004768
-0.1122 -0.004305
-0.0657 -0.003985
0.0069 -0.003843
0.1065 -0.079493
0.1958 -0.090491
0.2574 -0.097865
0.2885 -0.101333
0.2951 -0.101722
0.2853 -0.100083
0.2661 -0.097327
0.2427 -0.094095
0.2180 -0.090767
0.1937 -0.087528
0.1703 -0.084439
0.1477 -0.081495
0.1258 -0.078650
0.1039 -0.075832
0.0812 -0.072940
0.0567 -0.069821
0.0283 -0.066235
-0.0071 -0.061782
-0.0543 -0.055377
-0.1148 -0.039986
-0.1815 -0.027619
-0.2423 -0.018664
-0.2906 -0.012665
-0.3261 -0.008779
-0.3514 -0.006265
-0.3692 -0.004603
-0.3820 -0.003468
-0.3914 -0.002665
-0.3985 -0.002079
-0.4041 -0.001640
-0.4086 -0.001306
-0.4121 -0.001049
-0.4146 -0.000851
-0.4162 -0.000697
-0.4168 -0.000578
-0.4166 -0.000484
-0.4156 -0.000409
-0.4138 -0.000349
-0.4113 -0.000300
-0.4082 -0.000259
-0.4045 -0.000225
-0.4002 -0.000196
-0.3954 -0.000172
-0.3901 -0.000151
-0.3843 -0.000133
-0.3781 -0.000117
-0.3717 -0.000103
-0.3651 -0.000090
-0.3584 -0.000079
-0.3517 -0.000069
-0.3452 -0.000060
-0.3389 -0.000052
-0.3328 -0.000045
-0.3269 -0.000039
-0.3212 -0.000034
-0.3157 -0.000029
-0.3104 -0.000025
-0.3054 -0.000021
-0.3005 -0.000018
-0.2957 -0.000016
-0.2910 -0.000013
-0.2861 -0.000011
-0.2811 -0.000010
-0.2758 -0.000008
-0.2715 -0.028573
-0.2706 -0.028678
-0.2688 -0.028897
-0.2661 -0.029238
-0.2650 -0.058750
-0.2666 -0.058368
-0.2679 -0.058028
-0.2715 -0.085731
-0.2795 -0.082703
-0.2883 -0.079429
-0.2975 -0.075983
-0.3067 -0.072517
-0.3156 -0.069181
-0.3238 -0.066089
-0.3312 -0.063316
-0.3377 -0.060898
-0.3431 -0.058842
-0.3477 -0.057136
-0.3513 -0.055759
-0.3542 -0.054689
-0.3562 -0.052040
-0.3569 -0.048997
-0.3566 -0.046811
-0.3553 -0.045308
-0.3532 -0.044360
-0.3503 -0.043874
-0.3467 -0.042679
-0.3420 -0.039946
-0.3362 -0.037910
-0.3295 -0.035018
-0.3216 -0.030573
-0.3126 -0.026794
-0.3029 -0.023517
-0.2927 -0.020633
-0.2824 -0.018069
-0.2722 -0.015782
-0.2623 -0.013741
-0.2527 -0.011928
-0.2435 -0.010326
-0.2345 -0.008918
-0.2257 -0.007688
-0.2169 -0.006620
-0.2080 -0.005698
-0.1988 -0.004904
-0.1890 -0.004225
-0.1783 -0.003647
-0.1664 -0.003155
-0.1557 -0.045748
-0.1505 -0.045986
-0.1453 -0.046282
-0.1403 -0.046610
-0.1357 -0.046925
-0.1320 -0.047168
-0.1295 -0.047297
-0.1284 -0.047279
-0.1288 -0.047089
-0.1311 -0.046694
-0.1354 -0.046051
-0.1422 -0.045122
-0.1516 -0.043881
-0.1635 -0.042332
-0.1776 -0.040517
-0.1934 -0.038512
-0.2098 -0.036417
-0.2263 -0.034337
-0.2419 -0.032361
-0.2562 -0.030558
-0.2688 -0.028968
-0.2793 -0.024024
-0.2872 -0.019341
-0.2929 -0.015719
-0.2966 -0.012887
-0.2988 -0.010647
-0.2997 -0.008851
-0.2996 -0.007396
-0.2987 -0.006205
-0.2971 -0.005223
-0.2949 -0.004409
-0.2921 -0.003732
-0.2888 -0.003166
-0.2848 -0.002694
-0.2801 -0.002299
-0.2746 -0.001968
-0.2680 -0.001692
-0.2601 -0.001460
-0.2509 -0.001266
-0.2410 -0.033470
-0.2348 -0.034079
-0.2268 -0.034950
-0.2168 -0.036087
-0.2050 -0.037465
-0.1923 -0.038973
-0.1799 -0.040457
-0.1686 -0.041805
-0.1590 -0.042962
-0.1509 -0.043917
-0.1445 -0.044684
-0.1393 -0.045293
-0.1352 -0.045777
-0.1318 -0.046175
-0.1287 -0.046530
-0.1257 -0.046892
-0.1222 -0.047315
-0.1280 -0.093094
-0.1353 -0.091258
-0.1435 -0.089186
-0.1526 -0.082602
-0.1620 -0.073771
-0.1725 -0.066192
-0.1928 -0.096425
-0.2142 -0.086554
-0.2357 -0.077652
-0.2562 -0.069793
-0.2751 -0.062976
-0.2920 -0.057151
-0.3069 -0.052243
-0.3196 -0.048164
-0.3303 -0.044821
-0.3390 -0.042122
-0.3460 -0.039979
-0.3515 -0.038316
-0.3555 -0.035586
-0.3578 -0.032162
-0.3587 -0.029598
-0.3584 -0.027678
-0.3571 -0.024836
-0.3547 -0.021084
-0.3514 -0.018008
-0.3474 -0.015444
-0.3428 -0.013283
-0.3377 -0.011447
-0.3323 -0.009878
-0.3265 -0.008533
-0.3203 -0.007379
-0.3137 -0.006388
-0.3066 -0.005537
-0.2990 -0.004805
-0.2909 -0.004175
-0.2822 -0.003631
-0.2730 -0.003160
-0.2635 -0.002749
-0.2539 -0.002389
-0.2443 -0.002072
-0.2349 -0.001794
-0.2257 -0.001550
-0.2167 -0.001337
-0.2078 -0.001151
-0.1989 -0.000991
-0.1897 -0.000853
-0.1800 -0.000734
-0.1694 -0.000633
-0.1575 -0.000548
-0.1436 -0.000476
-0.1264 -0.000417
-0.1043 -0.000368
-0.0737 -0.000331
-0.0279 -0.000306
0.0420 -0.000294
0.1306 -0.000285
0.2087 -0.000268
0.2604 -0.000240
0.2867 -0.000207
0.2934 -0.000175
0.2868 -0.000145
0.2721 -0.000119
0.2532 -0.000097
0.2324 -0.000078
0.2113 -0.000064
0.1905 -0.000052
0.1704 -0.000042
0.1509 -0.000034
0.1319 -0.000027
0.1130 -0.000022
0.0924 -0.074116
0.0577 -0.069777
0.0190 -0.064943
-0.0296 -0.058879
-0.0941 -0.050837
-0.1709 -0.041245
-0.2444 -0.032037
-0.3044 -0.024519
-0.3497 -0.018832
-0.3829 -0.014678
-0.4065 -0.011709
-0.4231 -0.009628
-0.4345 -0.008202
-0.4420 -0.007262
-0.4465 -0.006693
-0.4487 -0.006414
-0.4491 -0.006365
-0.4480 -0.006502
-0.4457 -0.006788
-0.4424 -0.007193
-0.4384 -0.007548
-0.4336 -0.006725
-0.4281 -0.006024
-0.4219 -0.005410
-0.4151 -0.004863
-0.4077 -0.004372
-0.3997 -0.003928
-0.3911 -0.003527
-0.3820 -0.003158
-0.3727 -0.002818
-0.3634 -0.002500
-0.3543 -0.002205
-0.3455 -0.001933
-0.3372 -0.001684
-0.3294 -0.001460
-0.3219 -0.001259
-0.3149 -0.001082
-0.3083 -0.000927
-0.3019 -0.000792
-0.2958 -0.000675
-0.2901 -0.000574
-0.2852 -0.027331
-0.2851 -0.027261
-0.2848 -0.027231
-0.2842 -0.027250
-0.2833 -0.027316
-0.2824 -0.027393
-0.2818 -0.027426
-0.2820 -0.027379
-0.2829 -0.027243
-0.2845 -0.027032
-0.2864 -0.026774
-0.2885 -0.026496
-0.2906 -0.026231
-0.2923 -0.026004
-0.2936 -0.025838
-0.2942 -0.025749
-0.2942 -0.025746
-0.2970 -0.050775
-0.3000 -0.050019
-0.3018 -0.049566
-0.3026 -0.049368
-0.3028 -0.049314
-0.3026 -0.045733
-0.3021 -0.042371
-0.3016 -0.039572
-0.3011 -0.037217
-0.3008 -0.035231
-0.3006 -0.033561
-0.3005 -0.032167
-0.3002 -0.031018
-0.2998 -0.030085
-0.2991 -0.029346
-0.2982 -0.028776
-0.2970 -0.026515
-0.2948 -0.022380
-0.2918 -0.018965
-0.2881 -0.016119
-0.2838 -0.013729
-0.2792 -0.011711
-0.2743 -0.009999
-0.2691 -0.008543
-0.2636 -0.007302
-0.2580 -0.006243
-0.2524 -0.005336
-0.2467 -0.004558
-0.2412 -0.003889
-0.2359 -0.003315
-0.2307 -0.002823
-0.2257 -0.002401
-0.2207 -0.002042
-0.2157 -0.001736
-0.2106 -0.001476
-0.2051 -0.001256
-0.1991 -0.001070
-0.1924 -0.000914
-0.1846 -0.000782
-0.1753 -0.000672
-0.1641 -0.000581
-0.1540 -0.043743
-0.1473 -0.044508
-0.1389 -0.090630
-0.1386 -0.090664
-0.1385 -0.090619
-0.1399 -0.090250
-0.1437 -0.089268
-0.1509 -0.087430
-0.1621 -0.084612
-0.1771 -0.080855
-0.1950 -0.076359
-0.2147 -0.071431
-0.2347 -0.066408
-0.2540 -0.061580
-0.2716 -0.057159
-0.2871 -0.053278
-0.3002 -0.050007
-0.3107 -0.047368
-0.3187 -0.045348
-0.3245 -0.043906
-0.3279 -0.039837
-0.3286 -0.033621
-0.3269 -0.028236
-0.3231 -0.023981
-0.3179 -0.020529
-0.3115 -0.017665
-0.3044 -0.015244
-0.2967 -0.013172
-0.2887 -0.011384
-0.2805 -0.009833
-0.2723 -0.008484
-0.2642 -0.007306
-0.2564 -0.006278
-0.2489 -0.005381
-0.2438 -0.036594
-0.2435 -0.035868
-0.2435 -0.035222
-0.2439 -0.034635
-0.2449 -0.034062
-0.2468 -0.033452
-0.2495 -0.032792
-0.2530 -0.032095
-0.2569 -0.031389
-0.2610 -0.030696
-0.2651 -0.030035
-0.2691 -0.029415
-0.2728 -0.028844
-0.2763 -0.028325
-0.2795 -0.027865
