0.4305 0.3367
0.4220 0.3214
0.4140 0.3074
0.4065 0.2945
0.3995 0.2826
0.3929 0.2718
0.3869 0.2620
0.3813 0.2531
0.3761 0.2451
0.3714 0.2378
0.3672 0.2312
0.3633 0.2253
0.3597 0.2199
0.3564 0.2150
0.3535 0.2107
0.3508 0.2067
0.3485 0.2033
0.3463 0.2002
0.3444 0.1975
0.3428 0.1952
0.3414 0.1933
0.3402 0.1918
0.3393 0.1907
0.3386 0.1899
0.3381 0.1894
0.3378 0.1894
0.3378 0.1899
0.3382 0.1910
0.3389 0.1927
0.3400 0.1950
0.3414 0.1977
0.3431 0.2009
0.3453 0.2052
0.3481 0.2110
0.3518 0.2186
0.3566 0.2277
0.3621 0.2373
0.3678 0.2469
0.3739 0.2585
0.3816 0.2755
0.3922 0.2994
0.4057 0.3281
0.4206 0.3569
0.4349 0.3823
0.4478 0.4072
0.4617 0.4455
0.4814 0.5133
0.5092 0.6088
0.5404 0.7057
0.5673 0.7700
0.5848 0.7975
0.5962 0.8533
0.6166 1.0559
0.6537 1.4004
0.6946 1.7116
0.7257 1.8587
0.7399 1.7556
0.7370 1.5775
0.7241 1.4403
0.7116 1.4284
0.7105 1.6081
0.7243 1.9113
0.7442 2.1387
0.7592 2.1481
0.7610 1.8997
0.7491 1.6273
0.7292 1.4355
0.7095 1.3331
0.6945 1.2760
0.6840 1.2312
0.6760 1.1841
0.6680 1.1210
0.6573 1.0340
0.6427 0.9402
0.6250 0.8522
0.6060 0.7774
0.5874 0.7165
0.5704 0.6668
0.5552 0.6254
0.5417 0.5890
0.5291 0.5545
0.5167 0.5208
0.5041 0.4884
0.4915 0.4582
0.4790 0.4308
0.4671 0.4061
0.4560 0.3841
0.4456 0.3645
0.4361 0.3469
0.4272 0.3308
0.4189 0.3160
0.4111 0.3025
0.4039 0.2901
0.3971 0.2788
0.3908 0.2685
0.3850 0.2592
0.3797 0.2507
0.3747 0.2430
0.3702 0.2360
0.3661 0.2297
0.3624 0.2241
0.3590 0.2190
0.3559 0.2144
0.3532 0.2104
0.3507 0.2068
0.3485 0.2036
0.3466 0.2009
0.3449 0.1986
0.3435 0.1968
0.3424 0.1954
0.3415 0.1943
0.3409 0.1936
0.3405 0.1935
0.3404 0.1939
0.3408 0.1951
0.3415 0.1968
0.3425 0.1989
0.3439 0.2016
0.3456 0.2050
0.3479 0.2096
0.3510 0.2160
0.3550 0.2242
0.3600 0.2335
0.3655 0.2429
0.3712 0.2527
0.3776 0.2656
0.3861 0.2848
0.3976 0.3105
0.4117 0.3398
0.4267 0.3681
0.4406 0.3929
0.4532 0.4194
0.4679 0.4629
0.4890 0.5361
0.5172 0.6325
0.5477 0.7273
0.5735 0.7894
0.5899 0.8145
0.6011 0.8788
0.6228 1.1042
0.6608 1.4608
0.7010 1.7596
0.7302 1.8846
0.7431 1.7847
0.7397 1.6064
0.7273 1.4787
0.7157 1.4711
0.7147 1.6411
0.7278 1.9452
0.7473 2.1936
0.7629 2.2333
0.7662 1.9906
0.7559 1.7238
0.7393 1.5798
0.7252 1.5151
0.7148 1.4520
0.7055 1.3731
0.6958 1.2930
0.6854 1.2142
0.6734 1.1210
0.6587 1.0226
0.6417 0.9318
0.6241 0.8593
0.6077 0.7994
0.5924 0.7457
0.5778 0.6965
0.5637 0.6517
0.5500 0.6102
0.5365 0.5711
0.5229 0.5343
0.5095 0.5006
0.4966 0.4706
0.4844 0.4438
0.4729 0.4194
0.4620 0.3970
0.4517 0.3766
0.4419 0.3577
0.4327 0.3404
0.4239 0.3246
0.4157 0.3102
0.4081 0.2973
0.4011 0.2855
0.3946 0.2749
0.3886 0.2652
0.3831 0.2563
0.3780 0.2483
0.3733 0.2409
0.3690 0.2343
0.3651 0.2284
0.3616 0.2231
0.3584 0.2184
0.3556 0.2142
0.3531 0.2106
0.3509 0.2076
0.3490 0.2050
0.3475 0.2028
0.3462 0.2011
0.3451 0.1999
0.3444 0.1992
0.3441 0.1993
0.3441 0.2000
0.3446 0.2013
0.3454 0.2032
0.3466 0.2055
0.3481 0.2087
0.3502 0.2132
0.3532 0.2195
0.3572 0.2275
0.3621 0.2367
0.3676 0.2461
0.3732 0.2558
0.3795 0.2688
0.3880 0.2880
0.3995 0.3137
0.4135 0.3430
0.4284 0.3717
0.4424 0.3967
0.4549 0.4223
0.4691 0.4646
0.4899 0.5387
0.5185 0.6388
0.5497 0.7378
0.5765 0.8056
0.5937 0.8326
0.6051 0.8944
0.6264 1.1246
0.6645 1.4988
0.7052 1.8173
0.7349 1.9537
0.7491 1.8829
0.7472 1.6918
0.7352 1.5497
0.7260 1.6419
0.7337 1.9946
0.7522 2.3228
0.7710 2.5288
0.7832 2.5236
0.7842 2.2371
0.7729 1.9181
0.7555 1.7377
0.7437 1.8072
0.7449 1.9683
0.7480 1.8829
0.7438 1.7074
0.7325 1.5320
0.7163 1.3656
0.6970 1.2173
0.6762 1.0916
0.6558 0.9975
0.6385 0.9388
0.6254 0.8963
0.6143 0.8472
0.6026 0.7916
0.5892 0.7339
0.5742 0.6777
0.5582 0.6254
0.5419 0.5788
0.5261 0.5389
0.5117 0.5059
0.4989 0.4776
0.4872 0.4520
0.4762 0.4277
0.4656 0.4046
0.4550 0.3826
0.4447 0.3622
0.4349 0.3436
0.4256 0.3269
0.4170 0.3122
0.4092 0.2991
0.4021 0.2873
0.3956 0.2766
0.3896 0.2668
0.3840 0.2578
0.3789 0.2497
0.3742 0.2422
0.3698 0.2356
0.3659 0.2298
0.3625 0.2247
0.3594 0.2202
0.3568 0.2164
0.3545 0.2132
0.3525 0.2105
0.3509 0.2083
0.3496 0.2067
0.3487 0.2059
0.3482 0.2058
0.3482 0.2065
0.3486 0.2077
0.3494 0.2094
0.3505 0.2119
0.3522 0.2156
0.3547 0.2211
0.3582 0.2285
0.3628 0.2375
0.3681 0.2468
0.3736 0.2562
0.3795 0.2676
0.3871 0.2845
0.3974 0.3082
0.4107 0.3370
0.4256 0.3671
0.4403 0.3940
0.4532 0.4179
0.4660 0.4513
0.4837 0.5140
0.5101 0.6109
0.5420 0.7197
0.5721 0.8076
0.5938 0.8499
0.6066 0.8860
0.6225 1.0475
0.6550 1.3997
0.6966 1.7881
0.7320 2.0302
0.7533 2.0701
0.7590 1.9073
0.7513 1.7031
0.7384 1.6365
0.7358 1.8970
0.7522 2.4634
0.7782 3.0082
0.7994 3.1255
0.8078 2.8425
0.8016 2.3894
0.7848 2.0302
0.7664 1.9145
0.7577 2.0418
0.7604 2.2156
0.7669 2.2679
0.7684 2.0753
0.7600 1.8100
0.7430 1.5578
0.7206 1.3471
0.6960 1.1860
0.6729 1.0785
0.6542 1.0148
0.6409 0.9730
0.6308 0.9282
0.6205 0.8707
0.6080 0.8050
0.5928 0.7381
0.5757 0.6751
0.5577 0.6197
0.5403 0.5737
0.5245 0.5364
0.5107 0.5055
0.4985 0.4779
0.4871 0.4518
0.4760 0.4266
0.4650 0.4025
0.4541 0.3800
0.4435 0.3595
0.4336 0.3412
0.4244 0.3251
0.4160 0.3108
0.4084 0.2981
0.4015 0.2865
0.3951 0.2760
0.3892 0.2663
0.3838 0.2576
0.3788 0.2497
0.3742 0.2427
0.3702 0.2365
0.3665 0.2312
0.3634 0.2266
0.3606 0.2226
0.3582 0.2192
0.3562 0.2165
0.3546 0.2144
0.3534 0.2132
0.3527 0.2128
0.3525 0.2131
0.3527 0.2140
0.3533 0.2154
0.3543 0.2176
0.3558 0.2214
0.3583 0.2271
0.3620 0.2347
0.3666 0.2436
0.3718 0.2526
0.3771 0.2620
0.3831 0.2742
0.3910 0.2919
0.4016 0.3161
0.4149 0.3449
0.4298 0.3751
0.4443 0.4020
0.4570 0.4251
0.4694 0.4588
0.4874 0.5263
0.5150 0.6304
0.5479 0.7431
0.5781 0.8307
0.5995 0.8730
0.6126 0.9200
0.6303 1.1069
0.6640 1.4744
0.7045 1.8490
0.7374 2.0699
0.7570 2.1163
0.7635 2.0043
0.7577 1.7967
0.7451 1.6776
0.7392 1.8747
0.7526 2.4442
0.7781 3.0450
0.8012 3.3279
0.8140 3.1879
0.8125 2.6900
0.7985 2.2447
0.7796 2.0388
0.7676 2.1110
0.7670 2.2804
0.7720 2.3573
0.7753 2.2833
0.7716 2.0286
0.7583 1.7397
0.7379 1.4934
0.7142 1.3067
0.6911 1.1826
0.6721 1.1087
0.6582 1.0606
0.6480 1.0148
0.6382 0.9557
0.6265 0.8858
0.6121 0.8133
0.5956 0.7459
0.5784 0.6878
0.5619 0.6394
0.5468 0.5993
0.5332 0.5649
0.5208 0.5334
0.5090 0.5032
0.4973 0.4740
0.4855 0.4462
0.4739 0.4206
0.4627 0.3977
0.4522 0.3773
0.4425 0.3592
0.4335 0.3429
0.4253 0.3280
0.4175 0.3142
0.4103 0.3015
0.4034 0.2898
0.3970 0.2791
0.3911 0.2696
0.3858 0.2612
0.3810 0.2537
0.3767 0.2472
0.3729 0.2414
0.3695 0.2364
0.3665 0.2320
0.3639 0.2283
0.3618 0.2255
0.3602 0.2235
0.3591 0.2225
0.3585 0.2222
0.3583 0.2226
0.3586 0.2235
0.3593 0.2255
0.3607 0.2292
0.3632 0.2352
0.3670 0.2430
0.3716 0.2517
0.3766 0.2604
0.3819 0.2702
0.3882 0.2837
0.3967 0.3033
0.4080 0.3288
0.4217 0.3585
0.4366 0.3886
0.4507 0.4143
0.4628 0.4374
0.4757 0.4776
0.4961 0.5582
0.5263 0.6725
0.5599 0.7853
0.5886 0.8630
0.6074 0.8973
0.6199 0.9691
0.6417 1.2201
0.6789 1.6234
0.7183 1.9725
0.7475 2.1430
0.7631 2.1490
0.7664 2.0070
0.7585 1.7966
0.7458 1.7104
0.7427 1.9922
0.7596 2.6320
0.7858 3.2235
0.8076 3.4453
0.8181 3.2138
0.8146 2.7084
0.7998 2.2760
0.7820 2.1163
0.7723 2.2283
0.7734 2.4103
0.7789 2.4796
0.7820 2.3927
0.7783 2.1260
0.7653 1.8237
0.7453 1.5654
0.7222 1.3752
0.7008 1.2689
0.6855 1.2281
0.6766 1.2013
0.6703 1.1566
0.6627 1.0861
0.6515 1.0005
0.6366 0.9122
0.6192 0.8311
0.6010 0.7637
0.5839 0.7117
0.5691 0.6711
0.5565 0.6359
0.5448 0.6015
0.5333 0.5666
0.5211 0.5315
0.5083 0.4975
0.4953 0.4660
0.4825 0.4379
0.4705 0.4134
0.4595 0.3922
0.4496 0.3733
0.4404 0.3560
0.4318 0.3400
0.4237 0.3249
0.4159 0.3109
0.4085 0.2981
0.4016 0.2866
0.3953 0.2764
0.3896 0.2675
0.3846 0.2596
0.3801 0.2528
0.3761 0.2467
0.3726 0.2414
0.3696 0.2370
0.3670 0.2335
0.3650 0.2310
0.3635 0.2294
0.3627 0.2287
0.3622 0.2286
0.3622 0.2293
0.3628 0.2312
0.3643 0.2353
0.3669 0.2416
0.3708 0.2496
0.3755 0.2582
0.3804 0.2669
0.3858 0.2775
0.3927 0.2928
0.4020 0.3146
0.4142 0.3422
0.4286 0.3731
0.4437 0.4029
0.4573 0.4274
0.4692 0.4536
0.4840 0.5064
0.5081 0.6032
0.5407 0.7246
0.5738 0.8324
0.5997 0.8948
0.6155 0.9280
0.6293 1.0505
0.6568 1.3799
0.6966 1.8008
0.7333 2.1031
0.7578 2.2137
0.7689 2.1711
0.7679 1.9722
0.7572 1.7775
0.7460 1.7990
0.7501 2.2504
0.7719 2.9429
0.7975 3.4320
0.8154 3.5084
0.8208 3.1052
0.8129 2.5965
0.7963 2.2489
0.7811 2.2085
0.7761 2.3732
0.7794 2.5232
0.7845 2.5430
0.7861 2.4212
0.7805 2.1360
0.7667 1.8446
0.7472 1.5965
0.7254 1.4199
0.7061 1.3256
0.6928 1.2880
0.6851 1.2656
0.6798 1.2207
0.6726 1.1439
0.6614 1.0503
0.6463 0.9545
0.6284 0.8675
0.6098 0.7959
0.5924 0.7405
0.5773 0.6975
0.5644 0.6603
0.5526 0.6240
0.5407 0.5870
0.5283 0.5498
0.5151 0.5140
0.5018 0.4808
0.4887 0.4514
0.4764 0.4258
0.4651 0.4035
0.4549 0.3837
0.4454 0.3656
0.4366 0.3488
0.4282 0.3332
0.4202 0.3187
0.4127 0.3055
0.4056 0.2936
0.3992 0.2831
0.3934 0.2738
0.3882 0.2656
0.3835 0.2583
0.3793 0.2519
0.3756 0.2462
0.3724 0.2414
0.3696 0.2375
0.3674 0.2346
0.3657 0.2328
0.3647 0.2318
0.3641 0.2314
0.3640 0.2318
0.3643 0.2334
0.3655 0.2368
0.3678 0.2425
0.3713 0.2500
0.3757 0.2583
0.3805 0.2667
0.3856 0.2765
0.3920 0.2906
0.4007 0.3111
0.4123 0.3376
0.4263 0.3680
0.4413 0.3984
0.4553 0.4238
0.4673 0.4487
0.4813 0.4965
0.5042 0.5885
0.5363 0.7101
0.5701 0.8226
0.5974 0.8913
0.6143 0.9240
0.6277 1.0326
0.6539 1.3481
0.6935 1.7738
0.7311 2.0912
0.7567 2.2153
0.7688 2.1867
0.7690 2.0025
0.7590 1.7968
0.7470 1.7766
0.7487 2.1844
0.7693 2.8886
0.7955 3.4329
0.8149 3.5620
0.8219 3.1883
0.8153 2.6768
0.7997 2.3089
0.7845 2.2490
0.7788 2.4079
0.7817 2.5579
0.7864 2.5784
0.7880 2.4707
0.7833 2.2063
0.7709 1.9183
0.7528 1.6645
0.7319 1.4741
0.7124 1.3651
0.6982 1.3187
0.6898 1.2944
0.6843 1.2552
0.6778 1.1841
0.6677 1.0918
0.6535 0.9940
0.6363 0.9031
0.6179 0.8274
0.6004 0.7687
0.5851 0.7236
0.5721 0.6856
0.5604 0.6488
0.5487 0.6110
0.5364 0.5728
0.5235 0.5358
0.5102 0.5020
0.4973 0.4720
0.4852 0.4461
0.4742 0.4234
0.4640 0.4031
0.4546 0.3842
0.4457 0.3665
0.4371 0.3498
0.4288 0.3343
0.4209 0.3202
0.4136 0.3075
0.4069 0.2963
0.4007 0.2863
0.3952 0.2773
0.3902 0.2693
0.3857 0.2621
0.3816 0.2556
0.3779 0.2499
0.3746 0.2452
0.3719 0.2415
0.3698 0.2389
0.3683 0.2372
0.3673 0.2362
0.3668 0.2360
0.3668 0.2368
0.3675 0.2393
0.3692 0.2439
0.3722 0.2507
0.3762 0.2586
0.3807 0.2667
0.3855 0.2756
0.3912 0.2879
0.3990 0.3064
0.4098 0.3316
0.4233 0.3615
0.4382 0.3925
0.4526 0.4196
0.4652 0.4438
0.4783 0.4837
0.4984 0.5637
0.5284 0.6803
0.5625 0.7992
0.5921 0.8834
0.6118 0.9210
0.6248 0.9949
0.6468 1.2574
0.6843 1.6840
0.7239 2.0548
0.7533 2.2353
0.7689 2.2400
0.7718 2.0768
0.7637 1.8582
0.7514 1.7886
0.7497 2.1202
0.7674 2.8088
0.7933 3.4166
0.8140 3.6254
0.8233 3.3222
0.8188 2.7951
0.8042 2.3851
0.7884 2.2769
0.7813 2.4240
0.7834 2.5954
0.7883 2.6412
0.7907 2.5460
0.7869 2.2775
0.7751 1.9774
0.7573 1.7122
0.7364 1.5118
0.7167 1.3950
0.7022 1.3450
0.6934 1.3199
0.6879 1.2799
0.6813 1.2070
0.6713 1.1133
0.6572 1.0143
0.6402 0.9224
0.6222 0.8465
0.6051 0.7892
0.5906 0.7463
0.5784 0.7101
0.5675 0.6742
0.5566 0.6364
0.5448 0.5974
0.5321 0.5592
0.5189 0.5238
0.5059 0.4928
0.4938 0.4660
0.4828 0.4428
0.4727 0.4218
0.4633 0.4023
0.4543 0.3837
0.4455 0.3660
0.4369 0.3494
0.4287 0.3341
0.4209 0.3203
0.4137 0.3079
0.4071 0.2970
0.4012 0.2872
0.3958 0.2784
0.3908 0.2705
0.3864 0.2633
0.3823 0.2570
0.3787 0.2516
0.3757 0.2473
0.3733 0.2442
0.3715 0.2420
0.3702 0.2407
0.3695 0.2400
0.3692 0.2405
0.3697 0.2427
0.3712 0.2469
0.3739 0.2532
0.3777 0.2608
0.3820 0.2686
0.3866 0.2770
0.3919 0.2886
0.3994 0.3067
0.4100 0.3316
0.4233 0.3613
0.4381 0.3919
0.4523 0.4187
0.4649 0.4431
0.4778 0.4817
0.4973 0.5579
0.5264 0.6710
0.5600 0.7902
0.5900 0.8780
0.6104 0.9166
0.6232 0.9795
0.6437 1.2242
0.6805 1.6505
0.7210 2.0362
0.7516 2.2287
0.7681 2.2408
0.7723 2.1127
0.7656 1.8921
0.7530 1.7713
0.7478 2.0075
0.7622 2.6657
0.7882 3.3484
0.8113 3.6631
0.8236 3.4681
0.8220 2.9386
0.8093 2.4850
0.7930 2.3064
0.7838 2.4189
0.7843 2.5950
0.7887 2.6571
0.7914 2.5811
0.7891 2.3696
0.7795 2.0722
0.7635 1.7976
0.7436 1.5759
0.7234 1.4326
0.7072 1.3650
0.6969 1.3366
0.6908 1.3067
0.6853 1.2473
0.6771 1.1637
0.6652 1.0686
0.6500 0.9747
0.6328 0.8917
0.6155 0.8255
0.5999 0.7764
0.5870 0.7394
0.5763 0.7064
0.5663 0.6717
0.5558 0.6341
0.5441 0.5953
0.5315 0.5576
0.5185 0.5232
0.5058 0.4932
0.4941 0.4674
0.4834 0.4447
0.4735 0.4240
0.4642 0.4044
0.4552 0.3856
0.4464 0.3677
0.4378 0.3510
0.4295 0.3357
0.4218 0.3220
0.4146 0.3098
0.4082 0.2990
0.4023 0.2894
0.3970 0.2806
0.3921 0.2728
0.3877 0.2659
0.3839 0.2600
0.3806 0.2552
0.3779 0.2516
0.3758 0.2490
0.3743 0.2472
0.3733 0.2463
0.3729 0.2466
0.3734 0.2488
0.3749 0.2532
0.3776 0.2596
0.3814 0.2670
0.3856 0.2747
0.3901 0.2833
0.3957 0.2958
0.4036 0.3151
0.4146 0.3413
0.4283 0.3715
0.4430 0.4015
0.4568 0.4275
0.4690 0.4526
0.4824 0.4958
0.5032 0.5782
0.5332 0.6949
0.5666 0.8128
0.5955 0.8954
0.6144 0.9304
0.6270 1.0057
0.6491 1.2809
0.6873 1.7242
0.7271 2.0996
0.7561 2.2694
0.7710 2.2621
0.7739 2.1196
0.7663 1.8987
0.7537 1.7895
0.7494 2.0517
0.7647 2.7316
0.7908 3.4179
0.8135 3.7227
0.8254 3.5102
0.8234 2.9665
0.8105 2.5113
0.7944 2.3399
0.7856 2.4610
0.7863 2.6341
0.7905 2.6805
0.7926 2.5896
0.7900 2.3926
0.7808 2.1040
0.7655 1.8309
0.7462 1.6044
0.7261 1.4527
0.7096 1.3798
0.6990 1.3522
0.6931 1.3276
0.6881 1.2733
0.6807 1.1925
0.6697 1.1001
0.6555 1.0078
0.6392 0.9245
0.6225 0.8555
0.6070 0.8023
0.5938 0.7620
0.5827 0.7282
0.5728 0.6943
0.5627 0.6579
0.5517 0.6195
0.5396 0.5811
0.5268 0.5451
0.5140 0.5130
0.5019 0.4851
0.4907 0.4609
0.4806 0.4391
0.4710 0.4188
0.4619 0.3994
0.4529 0.3808
0.4442 0.3633
0.4357 0.3472
0.4277 0.3327
0.4202 0.3198
0.4135 0.3083
0.4074 0.2981
0.4018 0.2889
0.3968 0.2807
0.3922 0.2734
0.3882 0.2672
0.3848 0.2623
0.3820 0.2585
0.3798 0.2556
0.3782 0.2536
0.3771 0.2525
0.3767 0.2529
0.3771 0.2553
0.3788 0.2600
0.3817 0.2666
0.3854 0.2740
0.3896 0.2815
0.3942 0.2906
0.4001 0.3046
0.4086 0.3256
0.4202 0.3530
0.4341 0.3835
0.4487 0.4130
0.4621 0.4381
0.4740 0.4648
0.4884 0.5156
0.5113 0.6088
0.5428 0.7316
0.5761 0.8472
0.6033 0.9196
0.6202 0.9522
0.6333 1.0604
0.6592 1.3917
0.6990 1.8496
0.7370 2.1916
0.7628 2.3185
0.7748 2.2819
0.7752 2.1030
0.7659 1.8857
0.7536 1.8283
0.7528 2.1914
0.7714 2.9231
0.7975 3.5653
