-0.3011 0.000005
-0.3061 0.000004
-0.2831 0.177125
-0.2453 0.307266
-0.1992 0.249578
-0.1614 0.202201
-0.1244 0.234116
-0.0771 0.145456
-0.0298 0.056739
0.0191 -0.034974
0.0645 -0.120111
0.0981 -0.183532
0.1174 -0.219797
0.1246 -0.233519
0.1236 -0.231863
0.1176 -0.220681
0.1026 -0.257100
0.0841 -0.210348
0.0696 -0.160070
0.0583 -0.123545
0.0484 -0.095275
0.0388 -0.071499
0.0292 -0.047727
0.0191 -0.027994
0.0077 -0.010295
-0.0058 0.006749
-0.0224 0.024257
-0.0429 0.043204
-0.0682 0.064252
-0.0983 0.087249
-0.1315 0.110747
-0.1646 0.132411
-0.1952 0.136635
-0.2244 0.129941
-0.2514 0.120386
-0.2757 0.109142
-0.2970 0.097233
-0.3155 0.085417
-0.3314 0.074193
-0.3449 0.063851
-0.3563 0.054533
-0.3656 0.046278
-0.3732 0.039059
-0.3792 0.032814
-0.3838 0.027457
-0.3870 0.022894
-0.3891 0.019032
-0.3901 0.015779
-0.3903 0.013051
-0.3896 0.010772
-0.3882 0.008874
-0.3862 0.007299
-0.3836 0.005995
-0.3806 0.004918
-0.3771 0.004029
-0.3734 0.003298
-0.3693 0.002698
-0.3651 0.002205
-0.3606 0.001801
-0.3561 0.001470
-0.3514 0.001200
-0.3467 0.000978
-0.3419 0.000798
-0.3372 0.000651
-0.3325 0.000530
-0.3279 0.000432
-0.3233 0.000353
-0.3189 0.000288
-0.3146 0.000235
-0.3104 0.000191
-0.3065 0.000156
-0.3028 0.000128
-0.2993 0.000104
-0.2961 0.000085
-0.2933 0.000070
-0.2907 0.000057
-0.2885 0.000047
-0.2868 0.000039
-0.2854 0.000032
-0.2846 0.000026
-0.2843 0.000022
-0.2845 0.000018
-0.2853 0.000015
-0.2867 0.000012
-0.2887 0.000010
-0.2913 0.000009
-0.2945 0.000007
-0.2984 0.000006
-0.3028 0.000005
-0.3076 0.000004
-0.2909 0.364472
-0.2338 0.292883
-0.1896 0.237447
-0.1525 0.191016
-0.1185 0.148490
-0.0842 0.105730
-0.0429 0.081288
0.0046 -0.007749
0.0508 -0.094352
0.0878 -0.164119
0.1111 -0.208031
0.1217 -0.228006
0.1230 -0.230659
0.1185 -0.222235
0.1000 -0.250387
0.0844 -0.202548
0.0717 -0.164711
0.0610 -0.129163
0.0516 -0.101535
0.0425 -0.078329
0.0330 -0.057492
0.0227 -0.037530
0.0114 -0.016966
-0.0014 0.001627
-0.0166 0.019743
-0.0352 0.038580
-0.0582 0.059044
-0.0859 0.081403
-0.1174 0.104764
-0.1504 0.121381
-0.1841 0.122933
-0.2169 0.119789
-0.2471 0.112863
-0.2740 0.103478
-0.2973 0.092869
-0.3174 0.081973
-0.3344 0.071418
-0.3487 0.061578
-0.3605 0.052649
-0.3702 0.044704
-0.3780 0.037738
-0.3840 0.031703
-0.3885 0.026522
-0.3917 0.022108
-0.3937 0.018371
-0.3945 0.015224
-0.3945 0.012586
-0.3936 0.010383
-0.3920 0.008550
-0.3898 0.007030
-0.3870 0.005771
-0.3838 0.004732
-0.3802 0.003875
-0.3762 0.003171
-0.3720 0.002592
-0.3676 0.002118
-0.3630 0.001729
-0.3583 0.001411
-0.3535 0.001151
-0.3486 0.000939
-0.3438 0.000765
-0.3389 0.000624
-0.3341 0.000509
-0.3294 0.000415
-0.3248 0.000338
-0.3203 0.000276
-0.3159 0.000225
-0.3118 0.000183
-0.3078 0.000150
-0.3041 0.000122
-0.3006 0.000100
-0.2974 0.000082
-0.2945 0.000067
-0.2919 0.000055
-0.2897 0.000045
-0.2880 0.000037
-0.2866 0.000030
-0.2857 0.000025
-0.2853 0.000021
-0.2855 0.000017
-0.2863 0.000014
-0.2876 0.000012
-0.2896 0.000010
-0.2922 0.000008
-0.2954 0.000007
-0.2993 0.000006
-0.3036 0.000005
-0.2782 0.174069
-0.2468 0.309219
-0.1997 0.250102
-0.1609 0.201527
-0.1260 0.157976
-0.0918 0.115159
-0.0548 0.069029
-0.0122 0.015796
0.0353 -0.065426
0.0763 -0.142347
0.1043 -0.195242
0.1189 -0.222719
0.1230 -0.230596
0.1201 -0.300684
0.1019 -0.252382
0.0876 -0.207803
0.0755 -0.172691
0.0645 -0.141639
0.0546 -0.110952
0.0452 -0.085771
0.0356 -0.063591
0.0253 -0.042898
0.0139 -0.022640
0.0011 -0.001967
-0.0135 0.018819
-0.0308 0.039084
-0.0519 0.060071
-0.0773 0.082380
-0.1066 0.105547
-0.1392 0.115468
-0.1740 0.119433
-0.2085 0.118362
-0.2405 0.112940
-0.2691 0.104499
-0.2940 0.094399
-0.3152 0.083716
-0.3333 0.073185
-0.3484 0.063261
-0.3609 0.054189
-0.3711 0.046075
-0.3793 0.038937
-0.3857 0.032736
-0.3905 0.027403
-0.3938 0.022852
-0.3959 0.018996
-0.3969 0.015746
-0.3969 0.013019
-0.3961 0.010742
-0.3945 0.008846
-0.3923 0.007273
-0.3895 0.005971
-0.3862 0.004895
-0.3826 0.004009
-0.3786 0.003280
-0.3743 0.002682
-0.3698 0.002191
-0.3652 0.001789
-0.3604 0.001460
-0.3556 0.001191
-0.3507 0.000971
-0.3459 0.000792
-0.3410 0.000645
-0.3362 0.000526
-0.3315 0.000429
-0.3268 0.000350
-0.3224 0.000285
-0.3180 0.000233
-0.3139 0.000190
-0.3100 0.000155
-0.3063 0.000127
-0.3028 0.000103
-0.2997 0.000085
-0.2968 0.000069
-0.2943 0.000057
-0.2922 0.000047
-0.2904 0.000038
-0.2891 0.000032
-0.2882 0.000026
-0.2879 0.000021
-0.2880 0.000018
-0.2888 0.000015
-0.2901 0.000012
-0.2920 0.000010
-0.2946 0.000008
-0.2978 0.000007
-0.2981 0.186533
-0.2682 0.167797
-0.2435 0.152355
-0.2005 0.251146
-0.1611 0.201784
-0.1257 0.157511
-0.0908 0.113890
-0.0530 0.066726
-0.0093 0.012178
0.0403 -0.049732
0.0882 -0.109748
0.1226 -0.229632
0.1305 -0.244597
0.1296 -0.243144
0.1197 -0.299781
0.1008 -0.247363
0.0861 -0.202716
0.0736 -0.167312
0.0622 -0.137028
0.0515 -0.105141
0.0414 -0.078765
0.0308 -0.055219
0.0193 -0.032941
0.0066 -0.010868
-0.0078 0.011870
-0.0242 0.036055
-0.0429 0.062293
-0.0643 0.086660
-0.0892 0.109007
-0.1172 0.123682
-0.1488 0.129853
-0.1820 0.131350
-0.2144 0.128017
-0.2445 0.120734
-0.2714 0.110844
-0.2950 0.099627
-0.3154 0.088070
-0.3328 0.076843
-0.3475 0.066349
-0.3598 0.056802
-0.3699 0.048287
-0.3780 0.040807
-0.3844 0.034314
-0.3893 0.028730
-0.3928 0.023966
-0.3950 0.019928
-0.3961 0.016524
-0.3962 0.013667
-0.3955 0.011280
-0.3940 0.009292
-0.3919 0.007642
-0.3893 0.006275
-0.3861 0.005147
-0.3826 0.004216
-0.3787 0.003451
-0.3745 0.002822
-0.3702 0.002306
-0.3656 0.001883
-0.3610 0.001537
-0.3563 0.001254
-0.3515 0.001023
-0.3467 0.000835
-0.3420 0.000681
-0.3373 0.000555
-0.3327 0.000453
-0.3282 0.000369
-0.3238 0.000301
-0.3197 0.000246
-0.3157 0.000201
-0.3119 0.000164
-0.3083 0.000134
-0.3050 0.000110
-0.3019 0.000090
-0.2992 0.000073
-0.2967 0.000060
-0.2945 0.000049
-0.2927 0.000041
-0.2913 0.000033
-0.2903 0.000028
-0.2898 0.000023
-0.2897 0.000019
-0.2902 0.000016
-0.2912 0.000013
-0.2928 0.000011
-0.2948 0.000009
-0.2973 0.000007
-0.2936 0.183711
-0.2635 0.164837
-0.2384 0.149122
-0.2170 0.135735
-0.1983 0.124046
-0.1663 0.208343
-0.1309 0.164078
-0.0966 0.121153
-0.0599 0.075327
-0.0176 0.022577
0.0310 -0.038140
0.0798 -0.099246
0.1185 -0.147674
0.1419 -0.177171
0.1518 -0.189744
0.1298 -0.319551
0.1079 -0.254516
0.0912 -0.207633
0.0771 -0.170290
0.0643 -0.138293
0.0519 -0.107823
0.0401 -0.077604
0.0282 -0.051316
0.0155 -0.026843
0.0016 -0.002792
-0.0141 0.021880
-0.0319 0.047999
-0.0521 0.076065
-0.0743 0.105930
-0.0979 0.134585
-0.1227 0.152761
-0.1489 0.156204
-0.1770 0.153552
-0.2053 0.147304
-0.2325 0.137935
-0.2576 0.126401
-0.2803 0.113737
-0.3005 0.100812
-0.3181 0.088258
-0.3334 0.076486
-0.3465 0.065724
-0.3575 0.056076
-0.3667 0.047557
-0.3742 0.040123
-0.3801 0.033700
-0.3846 0.028195
-0.3878 0.023509
-0.3899 0.019543
-0.3910 0.016203
-0.3911 0.013402
-0.3905 0.011063
-0.3891 0.009116
-0.3872 0.007499
-0.3847 0.006160
-0.3817 0.005054
-0.3784 0.004143
-0.3747 0.003392
-0.3708 0.002775
-0.3667 0.002269
-0.3624 0.001854
-0.3581 0.001515
-0.3536 0.001237
-0.3492 0.001010
-0.3448 0.000824
-0.3404 0.000673
-0.3362 0.000549
-0.3320 0.000449
-0.3280 0.000367
-0.3242 0.000300
-0.3206 0.000245
-0.3172 0.000200
-0.3141 0.000164
-0.3112 0.000134
-0.3086 0.000110
-0.3064 0.000090
-0.3044 0.000074
-0.3029 0.000061
-0.3017 0.000050
-0.3010 0.000042
-0.3007 0.000034
-0.3009 0.000028
-0.3015 0.000024
-0.3025 0.000019
-0.3040 0.000016
-0.3057 0.000013
-0.3066 0.191862
-0.2739 0.171397
-0.2468 0.154417
-0.2238 0.140003
-0.2037 0.127452
-0.1833 0.229611
-0.1459 0.182772
-0.1110 0.139125
-0.0750 0.094243
-0.0346 0.043768
0.0126 -0.015106
0.0631 -0.078270
0.1068 -0.133005
0.1359 -0.169562
0.1502 -0.187701
0.1452 -0.268556
0.1314 -0.229314
0.1102 -0.252075
0.0904 -0.200463
0.0741 -0.159994
0.0595 -0.124807
0.0462 -0.090139
0.0334 -0.061146
0.0201 -0.034941
0.0057 -0.009678
-0.0103 0.015966
-0.0285 0.042984
-0.0491 0.071983
-0.0720 0.102892
-0.0963 0.134619
-0.1211 0.155373
-0.1464 0.171224
-0.1706 0.183445
-0.1933 0.178284
-0.2163 0.164983
-0.2389 0.150708
-0.2605 0.135869
-0.2805 0.120994
-0.2988 0.106568
-0.3152 0.092959
-0.3297 0.080406
-0.3424 0.069039
-0.3533 0.058903
-0.3625 0.049975
-0.3702 0.042195
-0.3764 0.035473
-0.3812 0.029709
-0.3849 0.024798
-0.3873 0.020637
-0.3888 0.017128
-0.3894 0.014182
-0.3891 0.011717
-0.3881 0.009663
-0.3864 0.007956
-0.3842 0.006540
-0.3815 0.005370
-0.3784 0.004404
-0.3750 0.003608
-0.3713 0.002954
-0.3674 0.002416
-0.3633 0.001976
-0.3590 0.001614
-0.3547 0.001319
-0.3504 0.001077
-0.3461 0.000880
-0.3418 0.000718
-0.3376 0.000587
-0.3336 0.000479
-0.3297 0.000392
-0.3260 0.000320
-0.3225 0.000262
-0.3193 0.000214
-0.3165 0.000176
-0.3139 0.000144
-0.3117 0.000118
-0.3099 0.000097
-0.3084 0.000080
-0.3074 0.000066
-0.3068 0.000054
-0.3067 0.000045
-0.3069 0.000037
-0.3077 0.000031
-0.3088 0.000026
-0.3102 0.000021
-0.3120 0.000018
-0.3029 0.189564
-0.2712 0.169671
-0.2447 0.153101
-0.2221 0.138960
-0.2023 0.126576
-0.1722 0.215763
-0.1355 0.169836
-0.1002 0.125704
-0.0627 0.078873
-0.0196 0.025060
0.0301 -0.036986
0.0801 -0.099515
0.1195 -0.148949
0.1433 -0.178897
0.1533 -0.191570
0.1414 -0.257093
0.1278 -0.219804
0.1059 -0.239999
0.0865 -0.190322
0.0703 -0.150790
0.0559 -0.113300
0.0427 -0.080963
0.0297 -0.053121
0.0161 -0.027336
0.0011 -0.001969
-0.0158 0.024201
-0.0350 0.052077
-0.0567 0.082122
-0.0806 0.113993
-0.1055 0.144753
-0.1311 0.162988
-0.1567 0.178009
-0.1805 0.187414
-0.2037 0.174953
-0.2271 0.161278
-0.2498 0.146652
-0.2711 0.131616
-0.2907 0.116728
-0.3086 0.102445
-0.3245 0.089091
-0.3386 0.076861
-0.3508 0.065850
-0.3613 0.056073
-0.3701 0.047493
-0.3773 0.040037
-0.3831 0.033611
-0.3876 0.028114
-0.3908 0.023438
-0.3929 0.019483
-0.3939 0.016153
-0.3941 0.013360
-0.3934 0.011028
-0.3920 0.009086
-0.3900 0.007473
-0.3874 0.006138
-0.3843 0.005035
-0.3809 0.004126
-0.3771 0.003377
-0.3731 0.002763
-0.3688 0.002258
-0.3644 0.001845
-0.3599 0.001506
-0.3553 0.001230
-0.3507 0.001003
-0.3461 0.000819
-0.3416 0.000668
-0.3372 0.000545
-0.3329 0.000445
-0.3289 0.000364
-0.3250 0.000297
-0.3213 0.000243
-0.3179 0.000199
-0.3148 0.000163
-0.3121 0.000133
-0.3096 0.000109
-0.3075 0.000090
-0.3059 0.000074
-0.3046 0.000061
-0.3039 0.000050
-0.3036 0.000041
-0.3038 0.000034
-0.3047 0.000028
-0.3060 0.000024
-0.3079 0.000020
-0.3102 0.000016
-0.2867 0.179365
-0.2582 0.161537
-0.2343 0.146604
-0.2138 0.133778
-0.1958 0.122475
-0.1795 0.112293
-0.1645 0.102916
-0.1442 0.180687
-0.1120 0.140429
-0.0788 0.098911
-0.0415 0.052331
0.0023 -0.002304
0.0508 -0.062936
0.0955 -0.118836
0.1274 -0.158940
0.1451 -0.174073
0.1406 -0.242822
0.1316 -0.216529
0.1219 -0.192156
0.1113 -0.169308
0.0901 -0.189469
0.0716 -0.147790
0.0551 -0.108473
0.0401 -0.074010
0.0253 -0.044173
0.0097 -0.016295
-0.0074 0.011472
-0.0267 0.040461
-0.0486 0.071472
-0.0729 0.104480
-0.0987 0.137383
-0.1255 0.158169
-0.1527 0.175640
-0.1783 0.188876
-0.2009 0.197746
-0.2203 0.193297
-0.2396 0.173862
-0.2590 0.155373
-0.2777 0.137763
-0.2953 0.121157
-0.3117 0.105717
-0.3265 0.091568
-0.3397 0.078781
-0.3513 0.067366
-0.3613 0.057290
-0.3698 0.048480
-0.3768 0.040843
-0.3824 0.034273
-0.3867 0.028658
-0.3898 0.023886
-0.3918 0.019852
-0.3928 0.016456
-0.3929 0.013610
-0.3922 0.011234
-0.3908 0.009255
-0.3888 0.007612
-0.3862 0.006252
-0.3832 0.005129
-0.3797 0.004202
-0.3760 0.003440
-0.3719 0.002814
-0.3677 0.002300
-0.3634 0.001879
-0.3589 0.001535
-0.3545 0.001253
-0.3500 0.001023
-0.3456 0.000835
-0.3413 0.000682
-0.3371 0.000557
-0.3331 0.000455
-0.3293 0.000372
-0.3258 0.000304
-0.3226 0.000249
-0.3198 0.000204
-0.3174 0.000168
-0.3156 0.000138
-0.3143 0.000113
-0.3136 0.000094
-0.3135 0.000077
-0.3139 0.000064
-0.3148 0.000053
-0.3163 0.000044
-0.3181 0.000037
-0.3202 0.000031
-0.3226 0.000025
-0.3015 0.188640
-0.2712 0.169681
-0.2460 0.153896
-0.2245 0.140439
-0.2057 0.128687
-0.1890 0.118208
-0.1659 0.207856
-0.1317 0.165073
-0.0983 0.123321
-0.0624 0.078520
-0.0209 0.026731
0.0272 -0.033372
0.0763 -0.094855
0.1160 -0.144603
0.1407 -0.175623
0.1516 -0.276390
0.1401 -0.241568
0.1291 -0.211981
0.1096 -0.241469
0.0900 -0.193269
0.0735 -0.154349
0.0584 -0.118684
0.0446 -0.084684
0.0311 -0.055696
0.0170 -0.029039
0.0017 -0.002936
-0.0156 0.023922
-0.0353 0.052495
-0.0575 0.083265
-0.0819 0.115875
-0.1075 0.144370
-0.1342 0.163651
-0.1607 0.179469
-0.1852 0.191084
-0.2086 0.178517
-0.2319 0.164163
-0.2545 0.148958
-0.2757 0.133441
-0.2952 0.118163
-0.3130 0.103570
-0.3288 0.089973
-0.3428 0.077554
-0.3549 0.066395
-0.3652 0.056503
-0.3739 0.047832
-0.3811 0.040305
-0.3868 0.033823
-0.3911 0.028280
-0.3942 0.023569
-0.3962 0.019585
-0.3972 0.016233
-0.3972 0.013424
-0.3964 0.011078
-0.3950 0.009125
-0.3928 0.007504
-0.3902 0.006163
-0.3871 0.005055
-0.3835 0.004141
-0.3797 0.003390
-0.3756 0.002772
-0.3712 0.002266
-0.3667 0.001851
-0.3622 0.001511
-0.3576 0.001233
-0.3530 0.001007
-0.3484 0.000822
-0.3439 0.000671
-0.3395 0.000547
-0.3353 0.000447
-0.3313 0.000365
-0.3274 0.000298
-0.3238 0.000244
-0.3205 0.000200
-0.3174 0.000163
-0.3147 0.000134
-0.3123 0.000110
-0.3104 0.000090
-0.3089 0.000074
-0.3078 0.000061
-0.3073 0.000051
-0.3072 0.000042
-0.3076 0.000035
-0.3084 0.000029
-0.3096 0.000024
-0.3112 0.000020
-0.2808 0.175730
-0.2525 0.158001
-0.2286 0.143041
-0.2079 0.130092
-0.1896 0.118603
-0.1729 0.108192
-0.1575 0.098537
-0.1409 0.176562
-0.1088 0.136422
-0.0755 0.094835
-0.0381 0.048069
0.0058 -0.006620
0.0538 -0.066648
0.0973 -0.121139
0.1280 -0.159678
0.1449 -0.171665
0.1386 -0.237659
0.1299 -0.212392
0.1203 -0.188697
0.1099 -0.166348
0.0988 -0.145075
0.0870 -0.124509
0.0717 -0.142256
0.0525 -0.097543
0.0350 -0.061389
0.0175 -0.029399
-0.0009 0.001164
-0.0213 0.032319
-0.0444 0.065466
-0.0703 0.100932
-0.0978 0.137461
-0.1259 0.162761
-0.1538 0.181174
-0.1799 0.194752
-0.2029 0.203602
-0.2223 0.208472
-0.2380 0.210315
-0.2503 0.206514
-0.2629 0.179333
-0.2769 0.156152
-0.2913 0.135824
-0.3055 0.117769
-0.3190 0.101683
-0.3315 0.087382
-0.3429 0.074734
-0.3530 0.063619
-0.3619 0.053918
-0.3694 0.045508
-0.3756 0.038264
-0.3807 0.032062
-0.3845 0.026780
-0.3873 0.022303
-0.3891 0.018527
-0.3900 0.015354
-0.3901 0.012697
-0.3894 0.010480
-0.3881 0.008635
-0.3862 0.007105
-0.3838 0.005838
-0.3809 0.004791
-0.3777 0.003927
-0.3741 0.003217
-0.3704 0.002633
-0.3664 0.002153
-0.3622 0.001760
-0.3580 0.001439
-0.3538 0.001175
-0.3495 0.000960
-0.3453 0.000784
-0.3411 0.000641
-0.3371 0.000523
-0.3332 0.000428
-0.3296 0.000350
-0.3261 0.000286
-0.3229 0.000234
-0.3200 0.000192
-0.3175 0.000157
-0.3154 0.000129
-0.3138 0.000106
-0.3125 0.000088
-0.3118 0.000072
-0.3115 0.000060
-0.3117 0.000049
-0.3123 0.000041
-0.3133 0.000034
-0.2863 0.179165
-0.2568 0.160713
-0.2321 0.145214
-0.2107 0.131848
-0.1918 0.120005
-0.1746 0.109255
-0.1586 0.099240
-0.1273 0.159554
-0.0935 0.117300
-0.0568 0.071543
-0.0143 0.018441
0.0345 -0.042527
0.0828 -0.103006
0.1203 -0.150012
0.1426 -0.178015
0.1464 -0.264592
0.1360 -0.232686
0.1256 -0.204818
0.1148 -0.179723
0.1037 -0.156643
0.0920 -0.134965
0.0798 -0.114107
0.0670 -0.089874
0.0486 -0.089674
0.0303 -0.052875
0.0118 -0.019810
-0.0080 0.012308
-0.0300 0.045404
-0.0548 0.080607
-0.0821 0.117748
-0.1105 0.154287
-0.1390 0.175556
-0.1667 0.192152
-0.1919 0.203680
-0.2136 0.210610
-0.2315 0.213877
-0.2459 0.214476
-0.2573 0.206499
-0.2695 0.178847
-0.2832 0.155373
-0.2974 0.134885
-0.3113 0.116764
-0.3246 0.100673
-0.3370 0.086411
-0.3482 0.073827
-0.3582 0.062792
-0.3669 0.053177
-0.3742 0.044853
-0.3803 0.037691
-0.3852 0.031564
-0.3890 0.026351
-0.3916 0.021937
-0.3933 0.018217
-0.3941 0.015092
-0.3941 0.012477
-0.3933 0.010296
-0.3918 0.008482
-0.3898 0.006977
-0.3873 0.005731
-0.3843 0.004702
-0.3809 0.003854
-0.3772 0.003155
-0.3733 0.002582
-0.3691 0.002111
-0.3648 0.001725
-0.3604 0.001409
-0.3560 0.001151
-0.3515 0.000939
-0.3471 0.000767
-0.3428 0.000626
-0.3385 0.000511
-0.3345 0.000418
-0.3306 0.000341
-0.3269 0.000279
-0.3235 0.000228
-0.3204 0.000187
-0.3177 0.000153
-0.3154 0.000126
-0.3135 0.000103
-0.3120 0.000085
-0.3110 0.000070
-0.3105 0.000058
-0.3105 0.000048
-0.3109 0.000040
-0.3118 0.000033
-0.2868 0.179468
-0.2570 0.160837
-0.2321 0.145195
-0.2105 0.131710
-0.1914 0.119759
-0.1741 0.108900
-0.1571 0.196794
-0.1227 0.153791
-0.0883 0.110857
-0.0506 0.063765
-0.0066 0.008799
0.0432 -0.053424
0.0907 -0.112870
0.1259 -0.156980
0.1457 -0.181916
0.1457 -0.263548
0.1347 -0.230599
0.1238 -0.202192
0.1129 -0.176838
0.1016 -0.153649
0.0899 -0.131926
0.0776 -0.111034
0.0588 -0.113324
0.0407 -0.073763
0.0232 -0.039890
0.0049 -0.008333
-0.0150 0.023193
-0.0376 0.056332
-0.0630 0.091834
-0.0906 0.128967
-0.1188 0.161168
-0.1470 0.180907
-0.1740 0.195834
-0.1981 0.205818
-0.2186 0.211499
-0.2354 0.213854
-0.2488 0.213845
-0.2600 0.197576
-0.2728 0.171411
-0.2868 0.148989
-0.3011 0.129329
-0.3151 0.111914
-0.3285 0.096453
-0.3409 0.082758
-0.3521 0.070688
-0.3622 0.060116
-0.3710 0.050914
-0.3785 0.042954
-0.3848 0.036109
-0.3899 0.030254
-0.3939 0.025271
-0.3969 0.021050
-0.3988 0.017489
-0.3998 0.014497
-0.3999 0.011991
-0.3993 0.009900
-0.3981 0.008159
-0.3961 0.006713
