-0.4077 0.006896
-0.4082 0.005709
-0.4083 0.004721
-0.4079 0.003900
-0.4071 0.003218
-0.4059 0.002652
-0.4042 0.002184
-0.4023 0.001797
-0.4000 0.001477
-0.3975 0.001214
-0.3949 0.000997
-0.3924 0.000819
-0.3901 0.000673
-0.3880 0.000554
-0.3861 0.000456
-0.3845 0.000375
-0.3831 0.000309
-0.3818 0.000255
-0.3805 0.000210
-0.3791 0.000173
-0.3775 0.000142
-0.3759 0.000117
-0.3431 0.197579
-0.3082 0.177487
-0.2793 0.160813
-0.2549 0.146762
-0.2340 0.134703
-0.2157 0.124135
-0.1992 0.114657
-0.1841 0.105933
-0.1697 0.097654
-0.1555 0.089512
-0.1300 0.149891
-0.0976 0.112661
-0.0613 0.070972
-0.0176 0.020742
0.0349 -0.039518
0.0888 -0.101502
0.1311 -0.150382
0.1570 -0.169219
0.1701 -0.168633
0.1736 -0.159705
0.1705 -0.146655
0.1628 -0.132025
0.1470 -0.198082
0.1227 -0.161114
0.1017 -0.130716
0.0823 -0.103995
0.0639 -0.075261
0.0459 -0.049398
0.0270 -0.026814
0.0055 -0.005216
-0.0198 0.027976
-0.0483 0.066322
-0.0801 0.107013
-0.1135 0.148100
-0.1454 0.185871
-0.1728 0.217162
-0.1945 0.240846
-0.2105 0.257456
-0.2215 0.265839
-0.2311 0.252333
-0.2406 0.241164
-0.2495 0.231621
-0.2576 0.223313
-0.2646 0.216007
-0.2705 0.209537
-0.2757 0.193275
-0.2838 0.164461
-0.2942 0.140964
-0.3058 0.121133
-0.3177 0.104047
-0.3293 0.089175
-0.3403 0.076193
-0.3504 0.064878
-0.3596 0.055055
-0.3679 0.046567
-0.3752 0.039271
-0.3817 0.033032
-0.3874 0.027722
-0.3925 0.023217
-0.3967 0.019407
-0.4003 0.016191
-0.4033 0.013485
-0.4055 0.011212
-0.4072 0.009309
-0.4084 0.007719
-0.4090 0.006393
-0.4092 0.005288
-0.4090 0.004369
-0.4083 0.003606
-0.4071 0.002973
-0.4055 0.002449
-0.4036 0.002015
-0.4013 0.001657
-0.3988 0.001361
-0.3961 0.001118
-0.3935 0.000918
-0.3911 0.000754
-0.3888 0.000620
-0.3869 0.000510
-0.3851 0.000420
-0.3836 0.000346
-0.3821 0.000285
-0.3807 0.000235
-0.3792 0.000193
-0.3775 0.000159
-0.3757 0.000131
-0.3645 0.209949
-0.3255 0.187443
-0.2933 0.168878
-0.2664 0.153358
-0.2435 0.140175
-0.2237 0.128759
-0.2062 0.118656
-0.1902 0.109493
-0.1754 0.100941
-0.1610 0.092685
-0.1466 0.084395
-0.1226 0.141327
-0.0899 0.103752
-0.0525 0.060826
-0.0070 0.008616
0.0466 -0.052912
0.0989 -0.113156
0.1377 -0.156833
0.1610 -0.167815
0.1721 -0.165535
0.1741 -0.155819
0.1697 -0.142509
0.1610 -0.127910
0.1497 -0.113279
0.1262 -0.164388
0.1029 -0.131388
0.0820 -0.102902
0.0621 -0.073330
0.0428 -0.046131
0.0224 -0.022334
-0.0010 0.001054
-0.0276 0.039140
-0.0575 0.079057
-0.0903 0.120745
-0.1238 0.161601
-0.1547 0.197855
-0.1805 0.226944
-0.2005 0.248389
-0.2150 0.263063
-0.2248 0.272275
-0.2321 0.261591
-0.2400 0.247505
-0.2479 0.236022
-0.2553 0.226393
-0.2619 0.218166
-0.2677 0.211039
-0.2741 0.184719
-0.2837 0.158046
-0.2951 0.135922
-0.3073 0.117023
-0.3195 0.100610
-0.3313 0.086258
-0.3424 0.073700
-0.3525 0.062745
-0.3617 0.053232
-0.3699 0.045013
-0.3772 0.037953
-0.3837 0.031919
-0.3894 0.026783
-0.3943 0.022426
-0.3985 0.018740
-0.4020 0.015629
-0.4047 0.013012
-0.4069 0.010814
-0.4084 0.008975
-0.4094 0.007439
-0.4099 0.006158
-0.4099 0.005092
-0.4094 0.004205
-0.4086 0.003470
-0.4072 0.002860
-0.4055 0.002354
-0.4034 0.001937
-0.4011 0.001592
-0.3986 0.001308
-0.3961 0.001075
-0.3937 0.000883
-0.3915 0.000726
-0.3895 0.000597
-0.3877 0.000492
-0.3860 0.000405
-0.3844 0.000333
-0.3827 0.000274
-0.3810 0.000226
-0.3792 0.000186
-0.3772 0.000153
-0.3750 0.000126
-0.3432 0.197664
-0.3077 0.177166
-0.2781 0.160144
-0.2533 0.145808
-0.2320 0.133523
-0.2133 0.122780
-0.1966 0.113167
-0.1813 0.104331
-0.1667 0.095947
-0.1523 0.087691
-0.1376 0.079196
-0.1151 0.132758
-0.0820 0.094764
-0.0435 0.050533
0.0036 -0.003540
0.0577 -0.065719
0.1079 -0.123562
0.1435 -0.157396
0.1645 -0.165706
0.1737 -0.162021
0.1741 -0.151688
0.1685 -0.138217
0.1590 -0.123704
0.1471 -0.109270
0.1331 -0.171915
0.1066 -0.135080
0.0835 -0.104157
0.0619 -0.073347
0.0411 -0.044444
0.0192 -0.019225
-0.0058 0.008190
-0.0337 0.047926
-0.0648 0.089269
-0.0983 0.131684
-0.1317 0.172164
-0.1618 0.207085
-0.1864 0.234440
-0.2051 0.254227
-0.2185 0.267535
-0.2276 0.275705
-0.2332 0.275771
-0.2389 0.257346
-0.2454 0.243042
-0.2521 0.231516
-0.2584 0.221972
-0.2642 0.213907
-0.2713 0.183589
-0.2815 0.157508
-0.2935 0.135735
-0.3060 0.117038
-0.3186 0.100733
-0.3306 0.086430
-0.3418 0.073886
-0.3520 0.062923
-0.3613 0.053393
-0.3695 0.045155
-0.3768 0.038074
-0.3833 0.032021
-0.3890 0.026867
-0.3939 0.022495
-0.3980 0.018795
-0.4014 0.015673
-0.4041 0.013046
-0.4061 0.010841
-0.4076 0.008996
-0.4086 0.007456
-0.4091 0.006173
-0.4092 0.005104
-0.4088 0.004217
-0.4080 0.003480
-0.4068 0.002869
-0.4053 0.002363
-0.4035 0.001945
-0.4015 0.001600
-0.3995 0.001317
-0.3976 0.001083
-0.3957 0.000891
-0.3938 0.000734
-0.3921 0.000604
-0.3904 0.000497
-0.3887 0.000409
-0.3870 0.000337
-0.3851 0.000277
-0.3832 0.000228
-0.3810 0.000187
-0.3786 0.000154
-0.3595 0.207049
-0.3211 0.184894
-0.2893 0.166596
-0.2628 0.151288
-0.2402 0.138279
-0.2207 0.127015
-0.2034 0.117048
-0.1877 0.108008
-0.1730 0.099565
-0.1588 0.091401
-0.1445 0.083178
-0.1294 0.074497
-0.1074 0.123877
-0.0738 0.085300
-0.0340 0.039578
0.0147 -0.016321
0.0688 -0.078541
0.1163 -0.133315
0.1492 -0.156460
0.1679 -0.162433
0.1751 -0.157607
0.1740 -0.146860
0.1672 -0.133386
0.1568 -0.119077
0.1442 -0.104926
0.1302 -0.091344
0.1153 -0.078397
0.0890 -0.110261
0.0651 -0.076784
0.0426 -0.045897
0.0193 -0.019218
-0.0072 0.010316
-0.0365 0.051751
-0.0687 0.094428
-0.1029 0.137559
-0.1363 0.177985
-0.1660 0.212275
-0.1900 0.238795
-0.2082 0.257827
-0.2212 0.270584
-0.2299 0.278416
-0.2353 0.282486
-0.2384 0.275708
-0.2426 0.256130
-0.2480 0.241154
-0.2537 0.229266
-0.2593 0.219555
-0.2660 0.191592
-0.2760 0.164377
-0.2880 0.141801
-0.3008 0.122462
-0.3137 0.105597
-0.3262 0.090776
-0.3378 0.077739
-0.3485 0.066306
-0.3581 0.056332
-0.3665 0.047679
-0.3739 0.040219
-0.3804 0.033827
-0.3859 0.028378
-0.3907 0.023755
-0.3948 0.019846
-0.3982 0.016549
-0.4009 0.013777
-0.4030 0.011451
-0.4046 0.009506
-0.4058 0.007882
-0.4065 0.006529
-0.4069 0.005403
-0.4069 0.004467
-0.4066 0.003691
-0.4060 0.003047
-0.4051 0.002514
-0.4042 0.002074
-0.4031 0.001710
-0.4019 0.001410
-0.4006 0.001162
-0.3993 0.000958
-0.3979 0.000789
-0.3964 0.000650
-0.3948 0.000535
-0.3931 0.000440
-0.3912 0.000362
-0.3891 0.000298
-0.3869 0.000245
-0.3844 0.000201
-0.3817 0.000165
-0.3395 0.195557
-0.3048 0.175557
-0.2760 0.158943
-0.2518 0.144944
-0.2310 0.132948
-0.2128 0.122467
-0.1965 0.113102
-0.1816 0.104513
-0.1675 0.096389
-0.1536 0.088414
-0.1394 0.080244
-0.1241 0.071458
-0.1026 0.118379
-0.0687 0.079482
-0.0282 0.032914
0.0213 -0.023878
0.0751 -0.085713
0.1210 -0.132872
0.1526 -0.154012
0.1701 -0.158976
0.1762 -0.153784
0.1741 -0.143032
0.1665 -0.129738
0.1555 -0.115689
0.1424 -0.101806
0.1280 -0.088458
0.1128 -0.075687
0.0967 -0.063341
0.0710 -0.082983
0.0471 -0.050328
0.0228 -0.022586
-0.0043 0.003638
-0.0357 0.050439
-0.0686 0.094048
-0.1032 0.137706
-0.1368 0.178267
-0.1664 0.212458
-0.1903 0.238835
-0.2084 0.257815
-0.2215 0.270677
-0.2304 0.278777
-0.2361 0.283232
-0.2392 0.284905
-0.2408 0.273477
-0.2442 0.253644
-0.2490 0.238586
-0.2542 0.226725
-0.2595 0.210831
-0.2678 0.179844
-0.2789 0.154834
-0.2914 0.133770
-0.3045 0.115557
-0.3174 0.099594
-0.3296 0.085535
-0.3410 0.073162
-0.3513 0.062315
-0.3604 0.052859
-0.3683 0.044668
-0.3751 0.037619
-0.3810 0.031593
-0.3861 0.026469
-0.3904 0.022130
-0.3941 0.018470
-0.3971 0.015389
-0.3996 0.012803
-0.4016 0.010638
-0.4031 0.008830
-0.4043 0.007322
-0.4052 0.006067
-0.4058 0.005024
-0.4062 0.004158
-0.4063 0.003439
-0.4063 0.002843
-0.4060 0.002349
-0.4056 0.001940
-0.4050 0.001602
-0.4041 0.001322
-0.4031 0.001090
-0.4018 0.000898
-0.4003 0.000740
-0.3986 0.000609
-0.3967 0.000501
-0.3946 0.000412
-0.3923 0.000339
-0.3898 0.000278
-0.3870 0.000229
-0.3568 0.205547
-0.3192 0.183874
-0.2882 0.165959
-0.2622 0.150963
-0.2401 0.138219
-0.2210 0.127196
-0.2041 0.117470
-0.1888 0.108685
-0.1747 0.100526
-0.1610 0.092689
-0.1474 0.084858
-0.1332 0.076672
-0.1175 0.067676
-0.0931 0.107440
-0.0580 0.067190
-0.0154 0.018268
0.0358 -0.040529
0.0884 -0.100377
0.1311 -0.136506
0.1591 -0.153042
0.1734 -0.155246
0.1769 -0.148673
0.1729 -0.137415
0.1640 -0.124121
0.1521 -0.110319
0.1383 -0.096764
0.1234 -0.083725
0.1077 -0.071185
0.0912 -0.058955
0.0742 -0.040886
0.0534 -0.055207
0.0283 -0.027139
0.0007 -0.000875
-0.0320 0.026303
-0.0681 0.092265
-0.1034 0.136629
-0.1372 0.177275
-0.1664 0.211029
-0.1898 0.236836
-0.2075 0.255461
-0.2204 0.268342
-0.2296 0.276840
-0.2357 0.281980
-0.2394 0.284485
-0.2411 0.284895
-0.2414 0.276686
-0.2435 0.255012
-0.2474 0.238869
-0.2521 0.226369
-0.2583 0.198676
-0.2682 0.170520
-0.2803 0.147346
-0.2934 0.127556
-0.3069 0.110290
-0.3199 0.095074
-0.3322 0.081635
-0.3435 0.069794
-0.3537 0.059412
-0.3626 0.050368
-0.3705 0.042546
-0.3773 0.035832
-0.3834 0.030105
-0.3889 0.025244
-0.3937 0.021133
-0.3980 0.017663
-0.4017 0.014741
-0.4049 0.012284
-0.4075 0.010223
-0.4097 0.008497
-0.4114 0.007055
-0.4127 0.005851
-0.4136 0.004849
-0.4142 0.004015
-0.4145 0.003322
-0.4144 0.002746
-0.4140 0.002269
-0.4133 0.001872
-0.4123 0.001544
-0.4110 0.001273
-0.4093 0.001048
-0.4074 0.000862
-0.4051 0.000709
-0.4026 0.000583
-0.3998 0.000478
-0.3967 0.000392
-0.3933 0.000322
-0.3891 0.224280
-0.3451 0.198853
-0.3088 0.177904
-0.2786 0.160434
-0.2530 0.145677
-0.2310 0.133026
-0.2119 0.121994
-0.1949 0.112176
-0.1793 0.103217
-0.1647 0.094781
-0.1503 0.086530
-0.1356 0.078085
-0.1198 0.068989
-0.1010 0.116553
-0.0674 0.077928
-0.0272 0.031752
0.0218 -0.024430
0.0748 -0.085488
0.1204 -0.130147
0.1521 -0.151236
0.1696 -0.156425
0.1757 -0.151535
0.1735 -0.141085
0.1659 -0.128065
0.1548 -0.114247
0.1416 -0.100547
0.1271 -0.087336
0.1118 -0.074654
0.0956 -0.062347
0.0786 -0.046449
0.0612 -0.029946
0.0423 -0.017118
0.0198 -0.006685
-0.0088 0.002340
-0.0475 0.010728
-0.0916 0.069586
-0.1398 0.101807
-0.1859 0.130528
-0.2244 0.152701
-0.2536 0.168012
-0.2744 0.177657
-0.2885 0.183173
-0.2977 0.185936
-0.3035 0.186994
-0.3071 0.187030
-0.3091 0.186435
-0.3099 0.185393
-0.3096 0.183974
-0.3083 0.182190
-0.3061 0.180041
-0.3030 0.177528
-0.3008 0.152115
-0.3025 0.126466
-0.3068 0.106032
-0.3130 0.089431
-0.3208 0.075782
-0.3299 0.064440
-0.3400 0.054907
-0.3506 0.046811
-0.3612 0.039877
-0.3714 0.033907
-0.3810 0.028757
-0.3896 0.024316
-0.3972 0.020495
-0.4036 0.017218
-0.4087 0.014419
-0.4127 0.012038
-0.4155 0.010021
-0.4172 0.008320
-0.4179 0.006890
-0.4178 0.005695
-0.4171 0.004701
-0.4162 0.003879
-0.4153 0.003200
-0.4147 0.002642
-0.4144 0.002183
-0.4143 0.001804
-0.4143 0.001492
-0.4145 0.001234
-0.4145 0.001020
-0.4144 0.000843
-0.4139 0.000697
-0.4132 0.000575
-0.4120 0.000474
-0.4104 0.000390
-0.4083 0.000321
-0.4057 0.000264
-0.4028 0.000217
-0.3865 0.222670
-0.3450 0.198743
-0.3115 0.179358
-0.2841 0.163558
-0.2615 0.150556
-0.2427 0.139715
-0.2268 0.130525
-0.2130 0.122582
-0.2008 0.115559
-0.1898 0.109192
-0.1795 0.103259
-0.1696 0.097569
-0.1598 0.091944
-0.1498 0.086202
-0.1393 0.080144
-0.1277 0.073521
-0.1146 0.065999
-0.0993 0.052524
-0.0717 0.072793
-0.0378 0.035721
0.0050 -0.003942
0.0569 -0.046336
0.1093 -0.084758
0.1501 -0.111388
0.1748 -0.124771
0.1850 -0.127670
0.1843 -0.123552
0.1763 -0.115311
0.1638 -0.104972
0.1489 -0.093764
0.1327 -0.082309
0.1156 -0.070831
0.0978 -0.059295
0.0797 -0.040280
0.0612 -0.025585
0.0405 -0.014039
0.0155 -0.004506
-0.0171 0.003939
-0.0621 0.012001
-0.1225 0.019624
-0.1919 0.025465
-0.2580 0.028344
-0.2958 0.196891
-0.3121 0.202872
-0.3230 0.205751
-0.3297 0.206539
-0.3335 0.205911
-0.3349 0.204317
-0.3345 0.202072
-0.3328 0.199402
-0.3302 0.196471
-0.3270 0.193393
-0.3232 0.190231
-0.3189 0.187000
-0.3143 0.183691
-0.3094 0.180287
-0.3040 0.176775
-0.2984 0.173153
-0.2945 0.145096
-0.2949 0.120112
-0.2980 0.100338
-0.3027 0.084272
-0.3085 0.071002
-0.3152 0.059973
-0.3229 0.050794
-0.3316 0.043132
-0.3412 0.036700
-0.3515 0.031258
-0.3620 0.026616
-0.3723 0.022634
-0.3821 0.019207
-0.3912 0.016257
-0.3993 0.013722
-0.3943 0.238147
-0.3613 0.216385
-0.3349 0.199190
-0.3133 0.185322
-0.2955 0.173911
-0.2803 0.164343
-0.2673 0.156184
-0.2559 0.149131
-0.2459 0.142953
-0.2369 0.137467
-0.2287 0.132521
-0.2212 0.127991
-0.2078 0.239964
-0.1796 0.207257
-0.1542 0.177913
-0.1299 0.149859
-0.1051 0.121018
-0.0791 0.083270
-0.0503 0.048926
-0.0157 0.014496
0.0263 -0.021804
0.0729 -0.057729
0.1153 -0.087176
0.1461 -0.106002
0.1638 -0.114642
0.1704 -0.115607
0.1551 -0.191924
0.1373 -0.167815
0.1205 -0.137003
0.1057 -0.109820
0.0915 -0.087742
0.0772 -0.068930
0.0621 -0.052087
0.0455 -0.036146
0.0264 -0.020069
0.0034 -0.002673
-0.0254 0.017470
-0.0622 0.041773
-0.1073 0.070366
-0.1564 0.100441
-0.2022 0.127545
-0.2397 0.148944
-0.2678 0.164330
-0.2877 0.170900
-0.3043 0.149434
-0.3197 0.129852
-0.3340 0.112143
-0.3468 0.096285
-0.3581 0.082220
-0.3680 0.069858
-0.3764 0.059085
-0.3835 0.049769
-0.3893 0.041776
-0.3944 0.034988
-0.3991 0.029279
-0.4041 0.024510
-0.4095 0.020536
-0.4153 0.017217
-0.4211 0.014435
-0.4266 0.012092
-0.4316 0.010115
-0.4358 0.008445
-0.4391 0.007035
-0.4415 0.005848
-0.4428 0.004851
-0.4434 0.004015
-0.4431 0.003318
-0.4422 0.002738
-0.4408 0.002257
-0.4390 0.001858
-0.4369 0.001529
-0.3954 0.228755
-0.3563 0.205933
-0.3243 0.187274
-0.2975 0.171704
-0.2747 0.158432
-0.2548 0.146906
-0.2373 0.136767
-0.2218 0.127782
-0.2080 0.119784
-0.1956 0.112616
-0.1843 0.106118
-0.1739 0.100117
-0.1640 0.094430
-0.1544 0.088862
-0.1445 0.083202
-0.1341 0.077214
-0.1227 0.070614
-0.1096 0.059490
-0.0957 0.042971
-0.0803 0.029836
-0.0621 0.019104
-0.0394 0.010049
-0.0096 0.002081
0.0298 -0.005083
0.0773 -0.011006
0.1245 -0.014695
0.1594 -0.107195
0.1668 -0.109386
0.1568 -0.191020
0.1380 -0.166521
0.1201 -0.143834
0.1027 -0.122250
0.0855 -0.101168
0.0678 -0.079977
0.0493 -0.057972
0.0291 -0.034264
0.0050 -0.009065
-0.0208 0.035680
-0.0479 0.082607
-0.0756 0.130590
-0.1023 0.176675
-0.1258 0.217375
-0.1449 0.250348
-0.1601 0.264265
-0.1734 0.271183
-0.1847 0.275634
-0.1940 0.273314
-0.2039 0.257729
-0.2144 0.245419
-0.2247 0.235108
-0.2344 0.226131
-0.2432 0.218146
-0.2509 0.205668
-0.2605 0.176582
-0.2724 0.152661
-0.2854 0.132237
-0.2987 0.114413
-0.3116 0.098698
-0.3238 0.084808
-0.3351 0.072558
-0.3452 0.061807
-0.3541 0.052429
-0.3619 0.044300
-0.3685 0.037298
-0.3740 0.031302
-0.3786 0.026197
-0.3823 0.021872
-0.3852 0.018225
-0.3876 0.015159
-0.3893 0.012591
-0.3906 0.010444
-0.3914 0.008654
-0.3919 0.007164
-0.3921 0.005926
-0.3920 0.004899
-0.3917 0.004048
-0.3914 0.003343
-0.3910 0.002762
-0.3907 0.002282
-0.3905 0.001886
-0.3904 0.001559
-0.3904 0.001289
-0.3904 0.001066
-0.3904 0.000881
-0.3904 0.000728
-0.3765 0.217283
-0.3388 0.195451
-0.3082 0.177722
-0.2829 0.163064
-0.2616 0.150722
-0.2434 0.140181
-0.2277 0.131116
-0.1946 0.224248
-0.1628 0.187621
-0.1340 0.154421
-0.1057 0.121863
-0.0755 0.087164
-0.0407 0.047273
0.0008 -0.000425
0.0480 -0.054619
0.0928 -0.106309
0.1267 -0.137787
0.1483 -0.148274
0.1594 -0.147679
0.1623 -0.140606
0.1547 -0.215387
0.1230 -0.235235
0.0997 -0.177539
0.0814 -0.136084
0.0652 -0.103247
0.0497 -0.075021
0.0337 -0.048876
0.0163 -0.022954
-0.0034 0.004295
-0.0263 0.034220
-0.0529 0.067733
-0.0831 0.104565
-0.1149 0.142478
-0.1451 0.177771
-0.1709 0.207214
-0.1909 0.229420
-0.2056 0.234548
-0.2184 0.227777
-0.2300 0.212221
-0.2432 0.185541
-0.2578 0.162594
-0.2727 0.142244
-0.2874 0.123951
-0.3014 0.107468
-0.3143 0.092672
-0.3260 0.079483
-0.3364 0.067821
-0.3455 0.057594
-0.3533 0.048696
-0.3599 0.041010
-0.3652 0.034413
-0.3695 0.028784
-0.3727 0.024006
-0.3750 0.019970
-0.3764 0.016574
-0.3770 0.013728
-0.3770 0.011351
-0.3765 0.009371
-0.3755 0.007728
-0.3741 0.006366
-0.3724 0.005239
-0.3705 0.004310
-0.3684 0.003544
-0.3663 0.002913
-0.3641 0.002394
-0.3619 0.001967
-0.3598 0.001617
-0.3578 0.001330
-0.3560 0.001094
-0.3543 0.000900
-0.3530 0.000741
-0.3520 0.000611
-0.3513 0.000504
-0.3508 0.000417
-0.3507 0.000344
-0.3510 0.000285
-0.3516 0.000236
-0.3525 0.000196
-0.3537 0.000162
-0.3552 0.000135
-0.3570 0.000112
-0.3287 0.189256
-0.2989 0.172112
-0.2745 0.158020
-0.2540 0.146211
-0.2365 0.136122
-0.2213 0.127370
-0.1911 0.220194
-0.1592 0.183472
-0.1298 0.149661
-0.1005 0.115923
-0.0686 0.079313
-0.0314 0.036604
0.0130 -0.014413
0.0617 -0.070412
0.1051 -0.120408
0.1350 -0.153581
0.1522 -0.158433
0.1600 -0.153701
0.1609 -0.143806
0.1435 -0.203179
0.1265 -0.173322
0.1110 -0.142954
0.0975 -0.113489
0.0828 -0.135903
0.0623 -0.097028
0.0430 -0.064022
0.0232 -0.033310
0.0015 -0.002395
-0.0232 0.030680
-0.0518 0.067220
-0.0841 0.107060
-0.1179 0.147696
-0.1498 0.185020
-0.1766 0.215674
-0.1991 0.220985
-0.2185 0.222299
-0.2347 0.220884
-0.2480 0.217680
-0.2586 0.213401
-0.2667 0.208544
-0.2726 0.203432
-0.2768 0.191274
-0.2830 0.161654
-0.2913 0.137582
-0.3007 0.117408
-0.3103 0.100187
-0.3197 0.085348
-0.3286 0.072515
-0.3366 0.061419
-0.3436 0.051848
-0.3497 0.043623
-0.3547 0.036586
-0.3587 0.030591
-0.3617 0.025507
-0.3638 0.021213
-0.3651 0.017601
-0.3656 0.014574
-0.3655 0.012045
-0.3647 0.009939
-0.3635 0.008190
-0.3618 0.006741
-0.3598 0.005543
-0.3576 0.004554
