0.5262
0.7617
0.8186
0.8698
0.8922
0.8913
0.8886
0.8881
0.8875
0.8881
0.8882
0.8880
0.8881
0.8886
0.8887
0.8887
0.8881
0.8875
0.8884
0.8880
0.8882
0.8886
0.8888
0.8890
0.8878
0.8884
0.8876
0.8876
0.8878
0.8885
0.8889
0.8886
0.8890
0.8883
0.8876
0.8876
0.8880
0.8882
0.8872
0.8881
0.8881
0.8881
0.8887
0.8876
0.8874
0.8878
0.8875
0.8881
0.8891
0.8896
0.8877
0.8880
0.8880
0.8884
0.8888
0.8885
0.8870
0.8869
0.8869
0.8872
0.8874
0.8883
0.8878
0.8883
0.8889
0.8876
0.8881
0.8878
0.8874
0.8874
0.8878
0.8886
0.8881
0.8878
0.8883
0.8880
0.8884
0.8889
0.8881
0.8878
0.8870
0.8888
0.8892
0.8884
0.8884
0.8875
0.8881
0.8882
0.8884
0.8880
0.8883
0.8877
0.8879
0.8879
0.8878
0.8884
0.8888
0.8892
0.8882
0.8889
0.8877
0.8879
0.8886
0.8886
0.8885
0.8876
0.8878
0.8882
0.8875
0.8880
0.8880
0.8887
0.8870
0.8874
0.8878
0.8875
0.8882
0.8872
0.8874
0.8876
0.8877
0.8884
0.8879
0.8879
0.8889
0.8886
0.8881
0.8880
0.8881
0.8876
0.8875
0.8869
0.8876
0.8878
0.8887
0.8882
0.8878
0.8884
