0.1314
0.1338
0.1367
0.1397
0.1426
0.1452
0.1474
0.1494
0.1510
0.1522
0.1532
0.0812
0.0778
0.0742
0.0704
0.0663
0.0620
0.0573
0.0522
0.0467
0.0406
0.0339
0.0265
0.0181
0.0086
-0.0022
-0.0147
-0.0284
-0.0430
-0.0575
-0.0703
-0.0813
-0.0880
-0.0877
-0.0786
-0.0625
-0.0395
-0.0096
0.0263
0.0638
0.0968
0.1208
0.1358
0.1442
0.1481
0.1490
0.1478
0.1455
0.1430
0.1406
0.1381
0.1354
0.1325
0.1294
0.1262
0.1228
0.1193
0.1158
0.1124
0.1090
0.1055
0.1020
0.0985
0.0948
0.0909
0.0869
0.0825
0.0778
0.0727
0.0671
0.0609
0.0539
0.0459
0.0368
0.0261
0.0134
-0.0019
-0.0210
-0.0454
-0.0767
-0.1150
-0.1572
-0.1984
-0.2345
-0.2551
-0.2641
-0.2614
-0.2542
-0.2403
-0.2199
-0.1945
-0.1652
-0.1319
-0.0925
-0.0425
0.0241
0.0981
0.1534
0.1860
0.2013
0.2057
0.2050
0.2015
0.1972
0.1929
0.1885
0.1840
0.1793
0.1744
0.1695
0.1645
0.1595
