0.2302 -0.115264
0.2021 -0.101175
0.1752 -0.087728
0.1499 -0.075084
0.1258 -0.063035
0.1022 -0.051195
0.0778 -0.039037
0.0514 -0.025822
0.0205 -0.010419
-0.0183 0.008368
-0.0701 0.026904
-0.1366 0.043487
-0.2086 0.055009
-0.2739 0.059787
-0.3276 0.059174
-0.3702 0.055315
-0.4036 0.049875
-0.4297 0.043914
-0.4501 0.038037
-0.4660 0.032562
-0.4783 0.027636
-0.4877 0.023300
-0.4948 0.019543
-0.4998 0.016323
-0.5031 0.013587
-0.5050 0.011277
-0.5057 0.009336
-0.5051 0.007711
-0.5036 0.006355
-0.5010 0.005228
-0.4975 0.004292
-0.4930 0.003517
-0.4877 0.002877
-0.4815 0.002348
-0.4743 0.001913
-0.4662 0.001555
-0.4572 0.001260
-0.4471 0.001019
-0.4360 0.000822
-0.4239 0.000661
-0.4106 0.000529
-0.3962 0.000422
-0.3807 0.000335
-0.3640 0.000265
-0.3462 0.000208
-0.3271 0.000163
-0.3066 0.000126
-0.2847 0.000097
-0.2612 0.000074
-0.2355 0.000055
-0.2069 0.000040
-0.1739 0.000028
-0.1334 0.000018
-0.0784 0.000009
0.0069 -0.001461
0.1241 -0.061455
0.2234 -0.111337
0.2760 -0.137838
0.2876 -0.143838
0.2745 -0.137343
0.2498 -0.125051
0.2217 -0.110976
0.1938 -0.097014
0.1674 -0.083808
0.1425 -0.071373
0.1186 -0.059435
0.0949 -0.047563
0.0701 -0.035180
0.0426 -0.021452
0.0098 -0.005081
-0.0324 0.014073
-0.0888 0.032180
-0.1584 0.047572
-0.2293 0.057050
-0.2913 0.059973
-0.3415 0.058169
-0.3811 0.053694
-0.4121 0.048018
-0.4363 0.042043
-0.4552 0.036272
-0.4699 0.030961
-0.4812 0.026219
-0.4899 0.022067
-0.4962 0.018484
-0.5007 0.015421
-0.5036 0.012824
-0.5051 0.010634
-0.5053 0.008797
-0.5044 0.007261
-0.5025 0.005981
-0.4996 0.004917
-0.4958 0.004034
-0.4911 0.003304
-0.4855 0.002701
-0.4790 0.002203
-0.4715 0.001793
-0.4631 0.001456
-0.4537 0.001180
-0.4433 0.000953
-0.4319 0.000768
-0.4194 0.000616
-0.4058 0.000493
-0.3911 0.000393
-0.3752 0.000312
-0.3581 0.000246
-0.3398 0.000193
-0.3203 0.000150
-0.2994 0.000116
-0.2770 0.000089
-0.2528 0.000067
-0.2262 0.000050
-0.1963 0.000036
-0.1613 0.000024
-0.1170 0.000015
-0.0541 0.000006
0.0449 -0.016386
0.1620 -0.080456
0.2466 -0.123011
0.2839 -0.141854
0.2854 -0.142759
0.2671 -0.133691
0.2406 -0.120462
0.2123 -0.106279
0.1848 -0.092531
0.1589 -0.079597
0.1345 -0.067368
0.1108 -0.055509
0.0868 -0.043546
0.0614 -0.030834
0.0325 -0.016414
-0.0028 0.001192
-0.0492 0.020184
-0.1107 0.037711
-0.1822 0.051446
-0.2509 0.058658
-0.3089 0.059778
-0.3554 0.056892
-0.3920 0.051891
-0.4205 0.046041
-0.4428 0.040093
-0.4602 0.034455
-0.4737 0.029326
-0.4841 0.024779
-0.4919 0.020820
-0.4976 0.017414
-0.5015 0.014512
-0.5039 0.012056
-0.5049 0.009989
-0.5048 0.008257
-0.5036 0.006810
-0.5013 0.005606
-0.4981 0.004605
-0.4940 0.003776
-0.4890 0.003090
-0.4830 0.002524
-0.4762 0.002058
-0.4684 0.001673
-0.4597 0.001358
-0.4499 0.001099
-0.4392 0.000887
-0.4274 0.000714
-0.4145 0.000572
-0.4005 0.000457
-0.3854 0.000364
-0.3691 0.000288
-0.3516 0.000227
-0.3329 0.000178
-0.3129 0.000138
-0.2914 0.000106
-0.2684 0.000081
-0.2434 0.000061
-0.2158 0.000045
-0.1844 0.000031
-0.1466 0.000021
-0.0971 0.000011
-0.0231 0.003009
0.0883 -0.043524
0.1982 -0.098633
0.2654 -0.132471
0.2878 -0.143879
0.2805 -0.140322
0.2582 -0.129215
0.2305 -0.115377
0.2022 -0.101255
0.1753 -0.087790
0.1500 -0.075140
0.1260 -0.063094
0.1023 -0.051266
0.0780 -0.039129
0.0516 -0.025948
0.0209 -0.010602
-0.0178 0.008113
-0.0693 0.026607
-0.1355 0.043176
-0.2074 0.054747
-0.2727 0.059598
-0.3266 0.059046
-0.3693 0.055228
-0.4028 0.049815
-0.4289 0.043870
-0.4493 0.038004
-0.4652 0.032537
-0.4775 0.027615
-0.4869 0.023283
-0.4939 0.019528
-0.4989 0.016311
-0.5022 0.013576
-0.5041 0.011267
-0.5047 0.009327
-0.5041 0.007703
-0.5025 0.006349
-0.4999 0.005222
-0.4964 0.004287
-0.4919 0.003513
-0.4865 0.002873
-0.4803 0.002345
-0.4731 0.001910
-0.4649 0.001552
-0.4558 0.001258
-0.4457 0.001017
-0.4346 0.000820
-0.4224 0.000659
-0.4091 0.000528
-0.3947 0.000421
-0.3791 0.000334
-0.3623 0.000264
-0.3444 0.000208
-0.3252 0.000162
-0.3047 0.000126
-0.2827 0.000096
-0.2590 0.000073
-0.2331 0.000054
-0.2042 0.000039
-0.1706 0.000027
-0.1292 0.000017
-0.0723 0.000008
0.0165 -0.005792
0.1343 -0.066587
0.2302 -0.114735
0.2788 -0.139252
0.2877 -0.143860
0.2730 -0.136619
0.2478 -0.124026
0.2195 -0.109888
0.1917 -0.095965
0.1654 -0.082826
0.1407 -0.070452
0.1169 -0.058550
0.0931 -0.046682
0.0683 -0.034257
0.0405 -0.020420
0.0073 -0.003824
-0.0356 0.015279
-0.0929 0.033231
-0.1629 0.048281
-0.2334 0.057286
-0.2945 0.059830
-0.3439 0.057800
-0.3829 0.053220
-0.4133 0.047515
-0.4371 0.041554
-0.4557 0.035820
-0.4701 0.030556
-0.4812 0.025862
-0.4896 0.021758
-0.4958 0.018218
-0.5001 0.015195
-0.5028 0.012632
-0.5042 0.010473
-0.5043 0.008661
-0.5033 0.007147
-0.5013 0.005886
-0.4983 0.004838
-0.4944 0.003969
-0.4896 0.003249
-0.4839 0.002655
-0.4772 0.002165
-0.4696 0.001762
-0.4611 0.001430
-0.4516 0.001158
-0.4411 0.000935
-0.4295 0.000753
-0.4169 0.000604
-0.4032 0.000483
-0.3883 0.000385
-0.3722 0.000305
-0.3550 0.000241
-0.3366 0.000189
-0.3168 0.000147
-0.2957 0.000113
-0.2731 0.000087
-0.2485 0.000065
-0.2215 0.000048
-0.1910 0.000034
-0.1548 0.000023
-0.1083 0.000013
-0.0407 0.000004
0.0645 -0.031640
0.1792 -0.089081
0.2560 -0.127760
0.2864 -0.143129
0.2836 -0.141886
0.2634 -0.131805
0.2362 -0.118252
0.2079 -0.104079
0.1807 -0.090460
0.1551 -0.077665
0.1308 -0.065537
0.1072 -0.053719
0.0832 -0.041716
0.0574 -0.028850
0.0279 -0.014104
-0.0087 0.003971
-0.0569 0.022726
-0.1203 0.039868
-0.1921 0.052746
-0.2595 0.058988
-0.3158 0.059409
-0.3607 0.056134
-0.3959 0.050962
-0.4235 0.045076
-0.4450 0.039167
-0.4617 0.033606
-0.4747 0.028569
-0.4846 0.024117
-0.4921 0.020247
-0.4975 0.016925
-0.5011 0.014096
-0.5032 0.011705
-0.5041 0.009694
-0.5037 0.008010
-0.5023 0.006604
-0.4998 0.005434
-0.4965 0.004462
-0.4922 0.003658
-0.4870 0.002992
-0.4808 0.002443
-0.4738 0.001990
-0.4658 0.001618
-0.4569 0.001312
-0.4470 0.001061
-0.4360 0.000856
-0.4240 0.000688
-0.4109 0.000552
-0.3967 0.000440
-0.3813 0.000350
-0.3648 0.000277
-0.3470 0.000218
-0.3280 0.000170
-0.3077 0.000132
-0.2860 0.000101
-0.2625 0.000077
-0.2370 0.000057
-0.2086 0.000042
-0.1760 0.000029
-0.1360 0.000019
-0.0822 0.000009
0.0008 0.000036
0.1171 -0.057968
0.2189 -0.109070
0.2745 -0.137081
0.2882 -0.144127
0.2761 -0.138167
0.2519 -0.126073
0.2238 -0.112024
0.1958 -0.098025
0.1693 -0.084775
0.1444 -0.072315
0.1205 -0.060384
0.0969 -0.048565
0.0723 -0.036297
0.0453 -0.022782
0.0132 -0.006786
-0.0277 0.012225
-0.0824 0.030378
-0.1509 0.046109
-0.2221 0.056216
-0.2851 0.059715
-0.3363 0.058287
-0.3768 0.054015
-0.4085 0.048428
-0.4332 0.042474
-0.4525 0.036687
-0.4675 0.031342
-0.4791 0.026557
-0.4879 0.022362
-0.4944 0.018736
-0.4990 0.015635
-0.5019 0.013004
-0.5034 0.010785
-0.5037 0.008923
-0.5029 0.007365
-0.5010 0.006067
-0.4981 0.004988
-0.4944 0.004093
-0.4896 0.003352
-0.4840 0.002739
-0.4775 0.002235
-0.4701 0.001819
-0.4617 0.001477
-0.4523 0.001196
-0.4419 0.000966
-0.4305 0.000778
-0.4180 0.000625
-0.4044 0.000500
-0.3896 0.000398
-0.3737 0.000316
-0.3566 0.000249
-0.3383 0.000196
-0.3188 0.000152
-0.2978 0.000118
-0.2753 0.000090
-0.2510 0.000068
-0.2243 0.000050
-0.1942 0.000036
-0.1586 0.000024
-0.1135 0.000014
-0.0487 0.000005
0.0529 -0.019376
0.1691 -0.084038
0.2507 -0.125053
0.2851 -0.142475
0.2849 -0.142492
0.2658 -0.133006
0.2390 -0.119649
0.2107 -0.105482
0.1833 -0.091804
0.1576 -0.078947
0.1333 -0.066784
0.1097 -0.054975
0.0858 -0.043041
0.0604 -0.030334
0.0315 -0.015887
-0.0040 0.001775
-0.0506 0.020617
-0.1123 0.037978
-0.1837 0.051485
-0.2520 0.058482
-0.3097 0.059465
-0.3558 0.056516
-0.3920 0.051501
-0.4203 0.045666
-0.4424 0.039747
-0.4596 0.034145
-0.4730 0.029053
-0.4832 0.024542
-0.4909 0.020615
-0.4964 0.017239
-0.5002 0.014363
-0.5025 0.011930
-0.5034 0.009882
-0.5032 0.008167
-0.5018 0.006734
-0.4995 0.005542
-0.4962 0.004552
-0.4920 0.003732
-0.4868 0.003053
-0.4808 0.002493
-0.4738 0.002032
-0.4659 0.001652
-0.4571 0.001340
-0.4472 0.001084
-0.4363 0.000874
-0.4244 0.000703
-0.4114 0.000564
-0.3972 0.000450
-0.3819 0.000358
-0.3655 0.000283
-0.3478 0.000223
-0.3289 0.000174
-0.3087 0.000135
-0.2871 0.000104
-0.2637 0.000079
-0.2383 0.000059
-0.2101 0.000043
-0.1777 0.000030
-0.1383 0.000019
-0.0854 0.000010
-0.0044 0.000679
0.1112 -0.054989
0.2148 -0.107008
0.2728 -0.136204
0.2882 -0.144112
0.2771 -0.138629
0.2532 -0.126741
0.2252 -0.112750
0.1972 -0.098744
0.1707 -0.085471
0.1457 -0.072994
0.1219 -0.061064
0.0983 -0.049274
0.0739 -0.037075
0.0471 -0.023692
0.0155 -0.007929
-0.0246 0.010970
-0.0782 0.029162
-0.1460 0.045111
-0.2174 0.055642
-0.2810 0.059538
-0.3330 0.058375
-0.3741 0.054246
-0.4063 0.048723
-0.4314 0.042784
-0.4510 0.036986
-0.4662 0.031616
-0.4780 0.026802
-0.4869 0.022575
-0.4935 0.018920
-0.4982 0.015792
-0.5012 0.013136
-0.5028 0.010896
-0.5032 0.009015
-0.5024 0.007442
-0.5005 0.006131
-0.4977 0.005041
-0.4939 0.004136
-0.4892 0.003387
-0.4837 0.002769
-0.4772 0.002259
-0.4697 0.001838
-0.4614 0.001493
-0.4520 0.001209
-0.4417 0.000977
-0.4303 0.000787
-0.4178 0.000632
-0.4042 0.000505
-0.3895 0.000403
-0.3736 0.000319
-0.3566 0.000252
-0.3383 0.000198
-0.3188 0.000154
-0.2979 0.000119
-0.2754 0.000091
-0.2511 0.000069
-0.2244 0.000051
-0.1943 0.000036
-0.1588 0.000025
-0.1137 0.000015
-0.0491 0.000005
0.0524 -0.019198
0.1687 -0.083821
0.2504 -0.124906
0.2849 -0.142393
0.2848 -0.142464
0.2658 -0.133021
0.2391 -0.119697
0.2108 -0.105554
0.1835 -0.091894
0.1579 -0.079054
0.1336 -0.066909
0.1100 -0.055120
0.0862 -0.043215
0.0608 -0.030548
0.0320 -0.016167
-0.0033 0.001396
-0.0495 0.020238
-0.1108 0.037616
-0.1821 0.051218
-0.2505 0.058348
-0.3084 0.059436
-0.3547 0.056552
-0.3910 0.051570
-0.4195 0.045748
-0.4416 0.039831
-0.4589 0.034224
-0.4723 0.029124
-0.4825 0.024605
-0.4902 0.020669
-0.4958 0.017285
-0.4996 0.014402
-0.5019 0.011962
-0.5028 0.009909
-0.5026 0.008189
-0.5012 0.006753
-0.4989 0.005557
-0.4956 0.004564
-0.4913 0.003741
-0.4862 0.003061
-0.4801 0.002499
-0.4732 0.002037
-0.4652 0.001656
-0.4564 0.001343
-0.4465 0.001086
-0.4356 0.000876
-0.4236 0.000705
-0.4106 0.000565
-0.3964 0.000451
-0.3811 0.000358
-0.3646 0.000284
-0.3470 0.000223
-0.3280 0.000174
-0.3078 0.000135
-0.2861 0.000104
-0.2627 0.000079
-0.2372 0.000059
-0.2089 0.000043
-0.1763 0.000030
-0.1364 0.000019
-0.0828 0.000010
-0.0002 0.000305
0.1161 -0.057442
0.2182 -0.108680
0.2740 -0.136848
0.2880 -0.144025
0.2761 -0.138168
0.2520 -0.126150
0.2240 -0.112157
0.1961 -0.098199
0.1697 -0.084983
0.1449 -0.072556
0.1211 -0.060662
0.0975 -0.048891
0.0731 -0.036691
0.0463 -0.023282
0.0146 -0.007457
-0.0258 0.011444
-0.0797 0.029570
-0.1476 0.045396
-0.2189 0.055745
-0.2822 0.059487
-0.3339 0.058229
-0.3747 0.054056
-0.4066 0.048519
-0.4316 0.042585
-0.4510 0.036801
-0.4662 0.031450
-0.4778 0.026655
-0.4866 0.022447
-0.4932 0.018810
-0.4978 0.015698
-0.5007 0.013057
-0.5023 0.010829
-0.5026 0.008959
-0.5017 0.007395
-0.4998 0.006091
-0.4969 0.005007
-0.4931 0.004108
-0.4884 0.003364
-0.4828 0.002750
-0.4762 0.002243
-0.4687 0.001825
-0.4603 0.001482
-0.4509 0.001200
-0.4405 0.000969
-0.4290 0.000781
-0.4164 0.000627
-0.4028 0.000501
-0.3880 0.000399
-0.3721 0.000316
-0.3549 0.000250
-0.3366 0.000196
-0.3169 0.000152
-0.2959 0.000118
-0.2733 0.000090
-0.2489 0.000068
-0.2219 0.000050
-0.1915 0.000036
-0.1554 0.000024
-0.1091 0.000014
-0.0420 0.000004
0.0626 -0.030720
0.1776 -0.088279
0.2550 -0.127256
0.2859 -0.142888
0.2836 -0.141847
0.2636 -0.131908
0.2366 -0.118453
0.2084 -0.104347
0.1813 -0.090780
0.1558 -0.078031
0.1317 -0.065954
0.1082 -0.054198
0.0843 -0.042282
0.0588 -0.029549
0.0297 -0.015015
-0.0061 0.002769
-0.0533 0.021485
-0.1155 0.038663
-0.1870 0.051838
-0.2548 0.058482
-0.3117 0.059221
-0.3573 0.056142
-0.3930 0.051077
-0.4209 0.045240
-0.4427 0.039345
-0.4596 0.033780
-0.4727 0.028729
-0.4827 0.024259
-0.4903 0.020370
-0.4957 0.017030
-0.4993 0.014185
-0.5015 0.011779
-0.5023 0.009755
-0.5019 0.008060
-0.5005 0.006645
-0.4980 0.005467
-0.4946 0.004490
-0.4903 0.003680
-0.4851 0.003010
-0.4789 0.002457
-0.4718 0.002002
-0.4638 0.001627
-0.4548 0.001319
-0.4449 0.001067
-0.4339 0.000860
-0.4218 0.000691
-0.4086 0.000554
-0.3943 0.000442
-0.3789 0.000351
-0.3623 0.000278
-0.3445 0.000218
-0.3254 0.000170
-0.3050 0.000132
-0.2831 0.000101
-0.2595 0.000077
-0.2337 0.000057
-0.2049 0.000042
-0.1716 0.000029
-0.1304 0.000018
-0.0741 0.000009
0.0138 -0.003169
0.1314 -0.065124
0.2282 -0.113735
0.2778 -0.138749
0.2874 -0.143737
0.2733 -0.136753
0.2484 -0.124323
0.2203 -0.110287
0.1926 -0.096433
0.1664 -0.083351
0.1418 -0.071035
0.1182 -0.059205
0.0946 -0.047437
0.0701 -0.035162
0.0428 -0.021563
0.0104 -0.005370
-0.0312 0.013586
-0.0869 0.031519
-0.1558 0.046846
-0.2265 0.056406
-0.2885 0.059461
-0.3388 0.057772
-0.3785 0.053383
-0.4095 0.047769
-0.4338 0.041840
-0.4526 0.036103
-0.4673 0.030819
-0.4786 0.026098
-0.4871 0.021964
-0.4934 0.018395
-0.4977 0.015344
-0.5005 0.012758
-0.5019 0.010577
-0.5020 0.008747
-0.5010 0.007218
-0.4989 0.005944
-0.4959 0.004885
-0.4920 0.004007
-0.4871 0.003280
-0.4813 0.002680
-0.4746 0.002185
-0.4670 0.001778
-0.4584 0.001443
-0.4489 0.001168
-0.4383 0.000943
-0.4267 0.000759
-0.4139 0.000609
-0.4001 0.000487
-0.3852 0.000387
-0.3690 0.000307
-0.3517 0.000242
-0.3332 0.000189
-0.3133 0.000147
-0.2920 0.000114
-0.2692 0.000087
-0.2443 0.000065
-0.2169 0.000048
-0.1856 0.000034
-0.1482 0.000022
-0.0993 0.000012
-0.0267 0.003455
0.0836 -0.041203
0.1945 -0.096805
0.2634 -0.131482
0.2872 -0.143574
0.2808 -0.140473
0.2590 -0.129637
0.2316 -0.115953
0.2036 -0.101920
0.1768 -0.088519
0.1516 -0.075929
0.1277 -0.063958
0.1042 -0.052236
0.0803 -0.040260
0.0544 -0.027334
0.0245 -0.012406
-0.0128 0.005863
-0.0622 0.024337
-0.1265 0.041088
-0.1981 0.053302
-0.2644 0.058892
-0.3195 0.058881
-0.3633 0.055384
-0.3976 0.050134
-0.4244 0.044255
-0.4453 0.038398
-0.4615 0.032910
-0.4741 0.027953
-0.4837 0.023580
-0.4908 0.019785
-0.4959 0.016529
-0.4993 0.013760
-0.5012 0.011420
-0.5018 0.009454
-0.5012 0.007808
-0.4996 0.006435
-0.4969 0.005292
-0.4934 0.004344
-0.4889 0.003559
-0.4834 0.002910
-0.4771 0.002375
-0.4699 0.001934
-0.4617 0.001571
-0.4525 0.001273
-0.4423 0.001029
-0.4311 0.000829
-0.4188 0.000666
-0.4054 0.000533
-0.3909 0.000425
-0.3752 0.000337
-0.3584 0.000266
-0.3403 0.000209
-0.3210 0.000163
-0.3003 0.000126
-0.2781 0.000097
-0.2540 0.000073
-0.2277 0.000054
-0.1981 0.000039
-0.1634 0.000027
-0.1199 0.000016
-0.0584 0.000007
0.0383 -0.013944
0.1559 -0.077393
0.2430 -0.121174
0.2825 -0.141174
0.2856 -0.142871
0.2683 -0.134261
0.2423 -0.121271
0.2141 -0.107208
0.1868 -0.093528
0.1611 -0.080650
0.1367 -0.068491
0.1132 -0.056737
0.0896 -0.044939
0.0647 -0.032491
0.0367 -0.018506
0.0028 -0.001573
-0.0412 0.017306
-0.1000 0.034893
-0.1703 0.049261
-0.2397 0.057439
-0.2994 0.059358
-0.3474 0.056978
-0.3851 0.052248
-0.4146 0.046520
-0.4376 0.040604
-0.4556 0.034951
-0.4694 0.029781
-0.4801 0.025183
-0.4881 0.021170
-0.4939 0.017714
-0.4979 0.014765
-0.5004 0.012268
-0.5015 0.010166
-0.5013 0.008403
-0.5001 0.006930
-0.4978 0.005704
-0.4946 0.004686
-0.4904 0.003842
-0.4853 0.003144
-0.4793 0.002567
-0.4724 0.002092
-0.4646 0.001701
-0.4558 0.001380
-0.4460 0.001116
-0.4351 0.000901
-0.4233 0.000724
-0.4103 0.000581
-0.3962 0.000464
-0.3809 0.000369
-0.3645 0.000292
-0.3469 0.000229
-0.3281 0.000179
-0.3079 0.000139
-0.2862 0.000107
-0.2629 0.000081
-0.2375 0.000061
-0.2092 0.000044
-0.1767 0.000031
-0.1370 0.000020
-0.0835 0.000010
-0.0014 0.000602
0.1147 -0.056769
0.2171 -0.108147
0.2733 -0.136466
0.2876 -0.143789
0.2759 -0.138067
0.2521 -0.126162
0.2242 -0.112257
0.1965 -0.098366
0.1702 -0.085204
0.1454 -0.072825
0.1217 -0.060981
0.0983 -0.049271
0.0741 -0.037154
0.0475 -0.023870
0.0161 -0.008246
-0.0235 0.010515
-0.0766 0.028607
-0.1438 0.044535
-0.2150 0.055168
-0.2788 0.059204
-0.3309 0.058152
-0.3722 0.054100
-0.4045 0.048625
-0.4297 0.042717
-0.4493 0.036938
-0.4646 0.031580
-0.4763 0.026773
-0.4852 0.022551
-0.4918 0.018899
-0.4965 0.015774
-0.4994 0.013120
-0.5010 0.010882
-0.5013 0.009002
-0.5004 0.007431
-0.4985 0.006120
-0.4956 0.005031
-0.4917 0.004128
-0.4870 0.003380
-0.4813 0.002762
-0.4747 0.002252
-0.4672 0.001833
-0.4587 0.001488
-0.4493 0.001205
-0.4388 0.000973
-0.4273 0.000783
-0.4147 0.000629
-0.4010 0.000503
-0.3862 0.000400
-0.3702 0.000317
-0.3530 0.000250
-0.3346 0.000196
-0.3149 0.000153
-0.2937 0.000118
-0.2710 0.000090
-0.2464 0.000067
-0.2192 0.000050
-0.1883 0.000035
-0.1515 0.000024
-0.1039 0.000013
-0.0339 0.000004
0.0740 -0.036399
0.1869 -0.092962
0.2595 -0.129513
0.2863 -0.143129
0.2817 -0.140944
0.2608 -0.130548
0.2338 -0.117022
0.2057 -0.103012
0.1789 -0.089587
0.1537 -0.076971
0.1298 -0.064994
0.1064 -0.053302
0.0826 -0.041408
0.0570 -0.028643
0.0277 -0.014007
-0.0086 0.003903
-0.0564 0.022473
-0.1193 0.039438
-0.1906 0.052230
-0.2578 0.058477
-0.3140 0.058944
-0.3589 0.055722
-0.3940 0.050603
-0.4215 0.044764
-0.4429 0.038897
-0.4596 0.033373
-0.4724 0.028368
-0.4822 0.023944
-0.4896 0.020099
-0.4948 0.016797
-0.4983 0.013987
-0.5003 0.011611
-0.5010 0.009614
-0.5005 0.007941
-0.4990 0.006545
-0.4964 0.005384
-0.4929 0.004420
-0.4884 0.003621
-0.4830 0.002961
