0.9642
0.9827
0.9942
0.9961
0.9960
0.9956
0.9960
0.9959
0.9956
0.9957
0.9953
0.9963
0.9955
0.9957
0.9955
0.9954
0.9956
0.9956
0.9960
0.9953
0.9957
0.9960
0.9960
0.9960
0.9959
0.9960
0.9957
0.9957
0.9958
0.9959
0.9959
0.9955
0.9954
0.9954
0.9959
0.9960
0.9960
0.9955
0.9957
0.9959
0.9956
0.9960
0.9954
0.9959
0.9958
0.9956
0.9961
0.9957
0.9960
0.9954
0.9957
0.9959
0.9954
0.9957
0.9956
0.9951
0.9955
0.9955
0.9957
0.9960
0.9956
0.9957
0.9958
0.9960
0.9958
0.9963
0.9955
0.9958
0.9959
0.9958
0.9958
0.9952
0.9957
0.9957
0.9956
0.9957
0.9957
0.9958
0.9959
0.9956
0.9960
0.9959
0.9959
0.9959
0.9957
0.9959
0.9955
0.9962
0.9955
0.9961
0.9959
0.9959
0.9956
0.9958
0.9959
0.9962
0.9956
0.9958
0.9957
0.9957
0.9958
0.9957
0.9958
0.9963
0.9955
0.9957
0.9963
0.9956
0.9961
0.9956
0.9958
0.9958
0.9955
0.9961
0.9956
0.9956
0.9956
0.9959
0.9955
0.9960
0.9956
0.9957
0.9959
0.9956
0.9962
0.9954
0.9954
0.9958
0.9956
0.9957
0.9957
0.9957
0.9960
0.9957
0.9958
0.9958
0.9955
0.9961
0.9956
0.9955
0.9959
0.9955
0.9956
0.9957
0.9957
0.9955
0.9955
0.9957
0.9955
0.9956
0.9954
0.9958
0.9959
0.9963
0.9957
0.9959
0.9957
0.9961
0.9953
0.9959
0.9955
0.9957
0.9956
0.9955
0.9958
0.9961
0.9954
0.9954
0.9957
0.9960
0.9956
0.9960
0.9953
0.9956
0.9958
0.9956
0.9958
0.9956
0.9957
0.9959
0.9960
0.9955
0.9958
0.9957
0.9960
0.9954
0.9958
0.9957
0.9951
0.9959
0.9957
0.9958
0.9959
0.9959
0.9957
0.9955
0.9955
0.9960
0.9957
0.9954
0.9956
0.9959
0.9957
0.9954
0.9958
0.9955
0.9955
0.9959
0.9957
0.9959
0.9957
0.9957
0.9957
0.9955
0.9954
0.9964
0.9961
0.9955
0.9958
0.9956
0.9957
0.9955
0.9954
0.9957
0.9960
0.9955
0.9961
0.9955
0.9955
0.9959
0.9956
0.9959
0.9962
0.9956
0.9955
0.9960
0.9955
0.9956
0.9956
0.9957
0.9961
0.9955
0.9958
0.9956
0.9959
0.9956
0.9961
0.9951
0.9959
0.9959
0.9957
0.9954
0.9960
0.9956
0.9958
0.9957
0.9959
0.9958
0.9958
0.9959
0.9960
0.9956
0.9957
0.9964
0.9959
0.9959
0.9957
0.9957
0.9956
0.9957
0.9960
0.9958
0.9958
0.9958
0.9958
0.9957
0.9959
0.9956
0.9957
0.9955
0.9960
0.9955
0.9957
0.9957
0.9958
0.9958
0.9958
0.9953
0.9957
0.9957
0.9957
0.9958
0.9957
0.9954
0.9962
0.9958
0.9959
0.9958
0.9958
0.9958
0.9964
0.9962
0.9956
0.9959
0.9955
0.9954
0.9959
0.9958
0.9959
0.9959
0.9960
0.9957
0.9960
0.9957
0.9956
0.9954
0.9958
0.9961
0.9958
0.9953
0.9957
0.9959
0.9958
0.9955
0.9954
0.9954
0.9959
0.9958
0.9956
0.9957
0.9955
0.9956
0.9959
