0.9169 15.8789
0.9136 13.8362
0.9097 12.0955
0.9053 10.6076
0.9005 9.3266
0.8951 8.2282
0.8893 7.2936
0.8830 6.5109
0.8765 5.8661
0.8698 5.3371
0.8632 4.8957
0.8566 4.5129
0.8499 4.1634
0.8429 3.8307
0.8353 3.5095
0.8269 3.2017
0.8175 2.9117
0.8070 2.6434
0.7956 2.3989
0.7833 2.1783
0.7703 1.9800
0.7565 1.8016
0.7422 1.6406
0.7272 1.4951
0.7117 1.3635
0.6956 1.2449
0.6791 1.1385
0.6624 1.0439
0.6457 0.9611
0.6297 0.8933
0.6155 0.8456
0.6047 0.8203
0.5986 0.8163
0.5973 0.8298
0.6002 0.8562
0.6063 0.8912
0.6142 0.9311
0.6230 0.9742
0.6327 1.0329
0.6448 1.1217
0.6600 1.2372
0.6771 1.3674
0.6943 1.5001
0.7101 1.6262
0.7237 1.7413
0.7350 1.8444
0.7441 1.9357
0.7515 2.0136
0.7574 2.0814
0.7624 2.1570
0.7675 2.2467
0.7727 2.3441
0.7782 2.4408
0.7833 2.5271
0.7877 2.5906
0.7909 2.6182
0.7924 2.6046
0.7921 2.5530
0.7899 2.4725
0.7864 2.4060
0.7847 2.5063
0.7898 2.8638
0.8024 3.3962
0.8185 3.9938
0.8339 4.5721
0.8466 5.0662
0.8558 5.4284
0.8618 5.6299
0.8650 5.6629
0.8660 5.5911
0.8661 5.7664
0.8700 7.4070
0.8818 11.1045
0.8956 14.5018
0.9060 16.8840
0.9127 19.5790
0.9174 22.9421
0.9207 25.4996
0.9227 26.0634
0.9235 25.4952
0.9236 25.8091
0.9238 26.8693
0.9244 29.3078
0.9253 31.3386
0.9262 32.1893
0.9267 31.9353
0.9267 30.0827
0.9260 26.8514
0.9244 23.0721
0.9220 19.7939
0.9191 17.2638
0.9159 15.3348
0.9127 13.8797
0.9097 12.7677
0.9069 11.7922
0.9040 10.8157
0.9008 9.8369
0.8970 8.9082
0.8928 8.0736
0.8881 7.3399
0.8831 6.6914
0.8778 6.1084
0.8722 5.5755
0.8660 5.0843
0.8594 4.6310
0.8522 4.2137
0.8443 3.8300
0.8356 3.4771
0.8262 3.1526
0.8160 2.8546
0.8048 2.5823
0.7927 2.3346
0.7797 2.1103
0.7658 1.9081
0.7511 1.7267
0.7356 1.5655
0.7197 1.4253
0.7037 1.3076
0.6885 1.2146
0.6751 1.1498
0.6650 1.1171
0.6594 1.1170
0.6589 1.1469
0.6632 1.2013
0.6713 1.2734
0.6816 1.3561
0.6928 1.4438
0.7038 1.5316
0.7140 1.6153
0.7229 1.6905
0.7304 1.7525
0.7363 1.8045
0.7413 1.8649
0.7464 1.9392
0.7519 2.0209
0.7577 2.1047
0.7634 2.1906
0.7690 2.2804
0.7745 2.3735
0.7798 2.4665
0.7847 2.5526
0.7891 2.6232
0.7925 2.6682
0.7947 2.6806
0.7955 2.6591
0.7948 2.6078
0.7926 2.5334
0.7892 2.4426
0.7847 2.3426
0.7794 2.2421
0.7736 2.1488
0.7679 2.0861
0.7652 2.1721
0.7712 2.5185
0.7867 3.0620
0.8066 3.7065
0.8261 4.3915
0.8425 5.0598
0.8551 5.6081
0.8636 5.9920
0.8694 6.4548
0.8746 7.1530
0.8800 8.0153
0.8860 9.2990
0.8931 11.6941
0.9015 15.5579
0.9099 20.4830
0.9167 24.4030
0.9210 25.7686
0.9229 25.4960
0.9235 25.7093
0.9237 26.0740
0.9237 25.2768
0.9232 24.2942
0.9229 25.1639
0.9232 26.6424
0.9238 26.9559
0.9239 25.3258
0.9231 22.5375
0.9213 19.7395
0.9189 17.5178
0.9162 15.8522
0.9136 14.5706
0.9111 13.4869
0.9085 12.4046
0.9057 11.2824
0.9024 10.1878
0.8986 9.1969
0.8943 8.3407
0.8898 7.6074
0.8851 6.9631
0.8801 6.3741
0.8748 5.8246
0.8690 5.3150
0.8627 4.8523
0.8559 4.4414
0.8488 4.0811
0.8414 3.7645
0.8339 3.4812
0.8261 3.2216
0.8180 2.9795
0.8094 2.7543
0.8003 2.5485
0.7908 2.3648
0.7812 2.2049
0.7717 2.0709
0.7629 1.9666
0.7552 1.8936
0.7494 1.8495
0.7454 1.8291
0.7434 1.8260
0.7428 1.8341
0.7433 1.8476
0.7444 1.8614
0.7455 1.8711
0.7463 1.8726
0.7465 1.8622
0.7458 1.8367
0.7438 1.7947
0.7404 1.7370
0.7355 1.6699
0.7298 1.6181
0.7252 1.5989
0.7230 1.6124
0.7237 1.6529
0.7271 1.7149
0.7325 1.7932
0.7393 1.8810
0.7465 1.9706
0.7534 2.0541
0.7596 2.1237
0.7645 2.1723
0.7678 2.1939
0.7694 2.1859
0.7692 2.1505
0.7671 2.0930
0.7635 2.0197
0.7586 1.9364
0.7525 1.8489
0.7456 1.7640
0.7385 1.6892
0.7317 1.6328
0.7264 1.6105
0.7254 1.6962
0.7345 1.9934
0.7550 2.4763
0.7805 3.0493
0.8049 3.6394
0.8249 4.1950
0.8397 4.6682
0.8499 5.0296
0.8566 5.2907
0.8608 5.4676
0.8635 5.6117
0.8659 5.9973
0.8704 6.8929
0.8776 8.2746
0.8870 10.9303
0.8979 14.9494
0.9079 19.5686
0.9156 24.1078
0.9208 27.8381
0.9241 31.5825
0.9263 34.5786
0.9276 35.0296
0.9279 32.8353
0.9274 30.9595
0.9269 30.8955
0.9265 30.4380
0.9262 29.2975
0.9256 27.2110
0.9245 24.1018
0.9226 20.9309
0.9201 18.2716
0.9172 16.2810
0.9144 14.7697
0.9115 13.4742
0.9086 12.2693
0.9055 11.1148
0.9019 10.0018
0.8978 8.9665
0.8932 8.0621
0.8882 7.3521
0.8835 6.8569
0.8794 6.5238
0.8760 6.2717
0.8733 6.0300
0.8706 5.7571
0.8675 5.4434
0.8637 5.0975
0.8591 4.7395
0.8537 4.3885
0.8475 4.0518
0.8406 3.7316
0.8330 3.4289
0.8246 3.1445
0.8155 2.8805
0.8058 2.6445
0.7957 2.4490
0.7861 2.3025
0.7779 2.2031
0.7714 2.1400
0.7668 2.0983
0.7636 2.0630
0.7609 2.0232
0.7580 1.9729
0.7545 1.9111
0.7501 1.8459
0.7454 1.8015
0.7420 1.7898
0.7406 1.8066
0.7414 1.8427
0.7440 1.8894
0.7475 1.9399
0.7514 1.9899
0.7552 2.0365
0.7587 2.0753
0.7613 2.0896
0.7624 2.0741
0.7623 2.0836
0.7643 2.2022
0.7713 2.4449
0.7830 2.7607
0.7965 3.0842
0.8090 3.3575
0.8188 3.5373
0.8250 3.6014
0.8276 3.5523
0.8270 3.4127
0.8234 3.2137
0.8175 2.9856
0.8098 2.7577
0.8009 2.5611
0.7921 2.4228
0.7852 2.3801
0.7831 2.5062
0.7887 2.8524
0.8016 3.3843
0.8181 4.0263
0.8349 4.8058
0.8507 5.8242
0.8658 7.5585
0.8812 10.5053
0.8955 14.6598
0.9073 19.5283
0.9156 23.5936
0.9206 25.9372
0.9231 26.0234
0.9235 24.0801
0.9228 22.7959
0.9220 22.9643
0.9215 22.4960
0.9212 22.5976
0.9214 24.5056
0.9224 26.2971
0.9234 26.9740
0.9238 25.8046
0.9233 22.8616
0.9215 19.6339
0.9188 17.0905
0.9158 15.3672
0.9129 14.1588
0.9102 13.0854
0.9076 12.0190
0.9047 11.0647
0.9019 10.3671
0.8993 9.9522
0.8975 9.7408
0.8962 9.5606
0.8952 9.2985
0.8940 8.9381
0.8923 8.5098
0.8901 8.0524
0.8875 7.5954
0.8846 7.1498
0.8813 6.7027
0.8775 6.2445
0.8732 5.7828
0.8683 5.3389
0.8629 4.9350
0.8571 4.5817
0.8512 4.2770
0.8454 4.0117
0.8396 3.7734
0.8338 3.5502
0.8277 3.3327
0.8212 3.1152
0.8141 2.8964
0.8059 2.6776
0.7967 2.4623
0.7863 2.2542
0.7747 2.0568
0.7620 1.8727
0.7481 1.7037
0.7334 1.5508
0.7180 1.4143
0.7022 1.2945
0.6864 1.1909
0.6711 1.1032
0.6565 1.0301
0.6432 0.9704
0.6314 0.9218
0.6211 0.8821
0.6122 0.8489
0.6044 0.8197
0.5973 0.7927
0.5905 0.7666
0.5837 0.7404
0.5767 0.7137
0.5692 0.6865
0.5613 0.6594
0.5533 0.6343
0.5455 0.6133
0.5389 0.5981
0.5339 0.5892
0.5310 0.5864
0.5300 0.5886
0.5308 0.5946
0.5331 0.6074
0.5394 0.6460
0.5531 0.7210
0.5745 0.8275
0.6008 0.9571
0.6290 1.1100
0.6576 1.2965
0.6859 1.5204
0.7128 1.7746
0.7373 2.0452
0.7583 2.3186
0.7759 2.5825
0.7899 2.8192
0.8007 3.0082
0.8084 3.1325
0.8132 3.1841
0.8153 3.1676
0.8154 3.1535
0.8162 3.3127
0.8210 3.7093
0.8306 4.3653
0.8433 5.1972
0.8562 5.9995
0.8668 6.6327
0.8743 7.0587
0.8789 7.2971
0.8814 7.4496
0.8846 9.1816
0.8942 15.1169
0.9067 22.4709
0.9167 28.6562
0.9230 32.6753
0.9263 33.9020
0.9275 32.6512
0.9275 31.3391
0.9270 30.4176
0.9265 29.9069
0.9261 30.1640
0.9261 30.5180
0.9261 30.1333
0.9259 28.7927
0.9253 26.6854
0.9242 24.1462
0.9226 21.4817
0.9205 18.8835
0.9178 16.4667
0.9145 14.2999
0.9107 12.4057
0.9062 10.7784
0.9011 9.3949
0.8955 8.2228
0.8893 7.2268
0.8826 6.3746
0.8752 5.6398
0.8672 5.0019
0.8586 4.4454
0.8492 3.9585
0.8390 3.5315
0.8281 3.1561
0.8164 2.8254
0.8038 2.5334
0.7905 2.2748
0.7764 2.0454
0.7614 1.8417
0.7457 1.6606
0.7293 1.4998
0.7123 1.3570
0.6949 1.2305
0.6771 1.1189
0.6591 1.0207
0.6414 0.9367
0.6252 0.8810
0.6143 0.8705
0.6119 0.9055
0.6185 0.9767
0.6321 1.0734
0.6494 1.1862
0.6680 1.3074
0.6860 1.4308
0.7022 1.5514
0.7161 1.6627
0.7276 1.7565
0.7364 1.8243
0.7425 1.8607
0.7457 1.8656
0.7463 1.8435
0.7448 1.8013
0.7414 1.7462
0.7367 1.6842
0.7310 1.6193
0.7246 1.5537
0.7177 1.4890
0.7106 1.4285
0.7037 1.3836
0.6988 1.3787
0.6982 1.4227
0.7027 1.5086
0.7115 1.6239
0.7229 1.7559
0.7351 1.8927
0.7468 2.0290
0.7575 2.1705
0.7674 2.3197
0.7765 2.4678
0.7845 2.5984
0.7910 2.6982
0.7960 2.7770
0.7998 2.8573
0.8033 2.9482
0.8073 3.1275
0.8144 3.5429
0.8256 4.1484
0.8386 4.8100
0.8506 5.3910
0.8599 5.7851
0.8660 6.0399
0.8700 6.3023
0.8734 6.8667
0.8800 9.3436
0.8921 13.9232
0.9041 17.9458
0.9127 20.4564
0.9178 22.8629
0.9209 25.0332
0.9228 26.7042
0.9242 29.6918
0.9256 32.5930
0.9267 34.1653
0.9274 33.3516
0.9273 30.9916
0.9267 29.9400
0.9263 29.8656
0.9260 29.2783
0.9256 28.1579
0.9250 26.5991
0.9242 24.6529
0.9229 22.4279
0.9213 20.1387
0.9191 17.9478
0.9166 15.8489
0.9134 13.9025
0.9097 12.1424
0.9054 10.6529
0.9007 9.4852
0.8960 8.6004
0.8914 7.9089
0.8870 7.3201
0.8827 6.7654
0.8782 6.2109
0.8730 5.6536
0.8669 5.1078
0.8598 4.5907
0.8516 4.1136
0.8424 3.6816
0.8321 3.2951
0.8210 2.9529
0.8090 2.6531
0.7964 2.3943
0.7833 2.1742
0.7702 1.9899
0.7574 1.8370
0.7452 1.7104
0.7338 1.6049
0.7233 1.5157
0.7136 1.4395
0.7046 1.3741
0.6965 1.3178
0.6890 1.2691
0.6822 1.2272
0.6761 1.1941
0.6717 1.1871
0.6712 1.2219
0.6760 1.2961
0.6855 1.3987
0.6980 1.5169
0.7115 1.6394
0.7244 1.7577
0.7358 1.8658
0.7454 1.9609
0.7531 2.0398
0.7590 2.0972
0.7630 2.1268
0.7651 2.1256
0.7654 2.1078
0.7647 2.0982
0.7642 2.1064
0.7645 2.1305
0.7658 2.1696
0.7681 2.2303
0.7718 2.3176
0.7767 2.4272
0.7825 2.5515
0.7889 2.6966
0.7957 2.8739
0.8031 3.0726
0.8104 3.2668
0.8173 3.4920
0.8250 3.8766
0.8344 4.4016
0.8446 4.9588
0.8540 5.4595
0.8615 5.8214
0.8665 5.9540
0.8688 5.9469
0.8699 6.1025
0.8720 6.7571
0.8788 9.2789
0.8911 13.5497
0.9032 17.2593
0.9117 19.3074
0.9165 20.9292
0.9195 23.7333
0.9217 25.8824
0.9232 26.6185
0.9238 25.9814
0.9236 24.2409
0.9226 22.1154
0.9213 21.5827
0.9208 22.5933
0.9212 24.4612
0.9224 27.7773
0.9241 29.6678
0.9251 29.4828
0.9254 27.9261
0.9249 25.7168
0.9237 23.2218
0.9220 20.6839
0.9198 18.3378
0.9172 16.2550
0.9142 14.4281
0.9108 12.8196
0.9072 11.3924
0.9031 10.1394
0.8986 9.0583
0.8938 8.1523
0.8888 7.4118
0.8838 6.7992
0.8788 6.2625
0.8736 5.7579
0.8681 5.2625
0.8618 4.7741
0.8545 4.3001
0.8460 3.8513
0.8363 3.4370
0.8253 3.0635
0.8132 2.7330
0.8000 2.4450
0.7861 2.1972
0.7718 1.9856
0.7572 1.8061
0.7428 1.6552
0.7288 1.5300
0.7157 1.4281
0.7037 1.3467
0.6932 1.2832
0.6844 1.2342
0.6771 1.1961
0.6711 1.1653
0.6662 1.1383
0.6617 1.1124
0.6574 1.0860
0.6529 1.0579
0.6479 1.0278
0.6425 0.9965
0.6369 0.9740
0.6337 0.9831
0.6358 1.0300
0.6438 1.1071
0.6564 1.2036
0.6712 1.3092
0.6863 1.4159
0.7003 1.5181
0.7125 1.6114
0.7226 1.6925
0.7308 1.7638
0.7378 1.8417
0.7445 1.9306
0.7512 2.0225
0.7577 2.1087
0.7635 2.1845
0.7686 2.2492
0.7727 2.3045
0.7762 2.3520
0.7789 2.3919
0.7812 2.4218
0.7828 2.4362
0.7835 2.4286
0.7832 2.3946
0.7815 2.3352
0.7785 2.2595
0.7745 2.1919
0.7708 2.1634
0.7690 2.1875
0.7699 2.2588
0.7734 2.3610
0.7787 2.4737
0.7845 2.5799
0.7899 2.6710
0.7945 2.7440
0.7982 2.8299
0.8035 3.1191
0.8136 3.6536
0.8270 4.2542
0.8403 4.8526
0.8521 5.5153
0.8621 6.1725
0.8700 6.7243
0.8758 7.1375
0.8806 8.2719
0.8893 11.7977
0.9000 15.6438
0.9093 20.0854
0.9165 24.5351
0.9212 26.9810
0.9236 27.7489
0.9246 27.3986
0.9246 26.1200
0.9240 24.7448
0.9233 24.5107
0.9229 24.8682
0.9230 26.1125
0.9237 28.0453
0.9245 28.9609
0.9250 28.4793
0.9250 26.6772
0.9241 24.1540
0.9226 21.3843
0.9204 18.7014
0.9176 16.3181
0.9144 14.4145
0.9110 12.9081
0.9075 11.7018
0.9040 10.6869
0.9005 9.7790
0.8968 8.9380
0.8929 8.1540
0.8885 7.4272
0.8837 6.7608
0.8784 6.1557
0.8727 5.6077
0.8665 5.1098
0.8598 4.6539
0.8526 4.2338
0.8447 3.8463
0.8360 3.4916
0.8267 3.1706
0.8166 2.8834
0.8060 2.6291
0.7950 2.4061
0.7837 2.2129
0.7724 2.0478
0.7614 1.9105
0.7511 1.8025
0.7421 1.7249
0.7350 1.6761
0.7301 1.6513
0.7273 1.6425
0.7261 1.6411
0.7257 1.6399
0.7255 1.6334
0.7250 1.6183
0.7236 1.5926
0.7212 1.5563
0.7175 1.5106
0.7127 1.4619
0.7079 1.4332
0.7049 1.4398
0.7052 1.4796
0.7090 1.5436
0.7154 1.6218
0.7232 1.7059
0.7312 1.7896
0.7389 1.8683
0.7457 1.9379
0.7513 1.9943
0.7557 2.0317
0.7585 2.0442
0.7595 2.0286
0.7586 1.9849
0.7556 1.9166
0.7507 1.8315
0.7441 1.7385
0.7362 1.6462
0.7276 1.5622
0.7191 1.4917
0.7112 1.4368
0.7046 1.3961
0.6993 1.3660
0.6952 1.3425
0.6922 1.3288
0.6908 1.3393
0.6924 1.3838
0.6978 1.4631
0.7067 1.5711
0.7179 1.6972
0.7301 1.8330
0.7421 1.9720
0.7532 2.1038
0.7627 2.2161
0.7702 2.3024
0.7764 2.4389
0.7856 2.7891
0.8000 3.3267
0.8173 4.0261
0.8352 4.8953
0.8516 5.8173
0.8646 6.6237
0.8739 7.1617
0.8794 7.3565
0.8818 7.2877
0.8829 7.9014
0.8883 10.9019
0.8984 15.9140
0.9090 21.7969
0.9172 26.5978
0.9223 28.8163
0.9247 28.5513
0.9252 26.6622
0.9244 24.0815
0.9228 21.4093
0.9205 18.8478
0.9178 16.6405
0.9153 16.2295
0.9151 19.9816
0.9180 25.6135
0.9217 30.2976
0.9247 33.1086
0.9266 33.2380
0.9270 30.5415
0.9263 26.5427
0.9244 22.6597
0.9218 19.4961
0.9188 17.1388
0.9158 15.4213
0.9128 14.1159
0.9101 13.0242
0.9075 12.0030
0.9046 10.9954
0.9015 10.0214
0.8979 9.1598
0.8941 8.4625
0.8904 7.9018
0.8869 7.4189
0.8834 6.9585
0.8797 6.4833
0.8755 5.9761
0.8704 5.4329
0.8640 4.8808
0.8563 4.3512
0.8473 3.8711
0.8371 3.4612
0.8264 3.1288
0.8157 2.8668
0.8056 2.6587
0.7962 2.4853
0.7874 2.3306
0.7788 2.1848
0.7699 2.0435
0.7604 1.9062
0.7503 1.7739
0.7393 1.6481
0.7276 1.5297
0.7153 1.4194
0.7025 1.3176
0.6893 1.2249
0.6761 1.1420
0.6630 1.0695
0.6505 1.0077
0.6389 0.9566
0.6287 0.9160
0.6201 0.8860
0.6134 0.8662
0.6090 0.8575
0.6077 0.8726
0.6122 0.9279
0.6240 1.0221
0.6414 1.1437
0.6616 1.2784
0.6815 1.4049
0.6979 1.4924
0.7089 1.5302
0.7142 1.5249
0.7145 1.4891
0.7111 1.4424
0.7064 1.4117
0.7030 1.4197
0.7039 1.4874
0.7109 1.6184
0.7232 1.7981
0.7385 2.0046
0.7543 2.2136
0.7686 2.4099
0.7807 2.5948
0.7907 2.7721
0.7991 2.9514
0.8072 3.2471
0.8177 3.7509
0.8304 4.3625
0.8429 4.9388
0.8533 5.4085
0.8612 5.8731
0.8677 6.3971
0.8732 6.9064
0.8777 7.3393
0.8819 8.2711
0.8895 11.6787
0.8999 15.4693
0.9086 18.3327
0.9148 21.7775
0.9195 26.0492
0.9228 29.0046
0.9249 30.1800
0.9258 29.9789
0.9260 30.0758
0.9262 30.9010
0.9263 30.2336
0.9260 28.3627
0.9253 27.3151
0.9250 28.4384
0.9251 29.3819
0.9254 29.2846
0.9254 28.1364
0.9249 26.1268
0.9239 23.6036
0.9222 20.7387
0.9198 18.0138
0.9168 15.6641
0.9133 13.7845
0.9097 12.3652
0.9061 11.2827
0.9027 10.4007
0.8994 9.6073
0.8960 8.8269
0.8921 8.0278
0.8876 7.2166
0.8820 6.4157
0.8753 5.6572
0.8673 4.9658
0.8581 4.3541
0.8476 3.8263
0.8362 3.3796
0.8240 3.0047
0.8112 2.6882
0.7980 2.4168
0.7845 2.1802
0.7705 1.9719
0.7560 1.7880
0.7411 1.6264
0.7259 1.4853
0.7106 1.3634
0.6957 1.2590
0.6812 1.1704
0.6676 1.0949
0.6548 1.0296
0.6428 0.9717
0.6314 0.9202
0.6207 0.8762
0.6111 0.8414
0.6031 0.8168
0.5972 0.8020
0.5935 0.7958
0.5922 0.8039
0.5955 0.8433
0.6053 0.9179
0.6212 1.0196
0.6406 1.1387
0.6611 1.2673
0.6807 1.4000
0.6986 1.5329
0.7143 1.6621
0.7277 1.7821
0.7387 1.8856
0.7474 1.9635
0.7534 2.0085
0.7569 2.0176
0.7578 1.9935
0.7563 1.9424
0.7527 1.8721
0.7474 1.7900
0.7406 1.7019
0.7327 1.6123
0.7240 1.5238
0.7146 1.4381
