-0.2956 -0.082693
-0.2974 -0.080916
-0.2977 -0.079954
-0.2970 -0.079529
-0.3037 -0.150000
-0.3176 -0.207597
-0.3388 -0.183117
-0.3548 -0.164684
-0.3669 -0.150698
-0.3762 -0.139999
-0.3833 -0.131838
-0.3887 -0.125723
-0.3925 -0.121285
-0.3952 -0.118206
-0.3969 -0.116208
-0.3979 -0.115051
-0.3982 -0.111543
-0.3971 -0.106827
-0.3951 -0.103918
-0.3925 -0.101995
-0.3889 -0.094884
-0.3842 -0.089763
-0.3787 -0.085973
-0.3729 -0.083134
-0.3667 -0.081014
-0.3605 -0.079468
-0.3534 -0.070701
-0.3449 -0.062469
-0.3353 -0.055416
-0.3247 -0.049240
-0.3135 -0.043757
-0.3017 -0.038849
-0.2896 -0.034437
-0.2771 -0.030470
-0.2643 -0.026909
-0.2511 -0.023724
-0.2376 -0.020889
-0.2235 -0.018380
-0.2087 -0.016174
-0.1927 -0.014250
-0.1750 -0.012586
-0.1546 -0.011169
-0.1300 -0.009991
-0.0982 -0.009060
-0.0530 -0.008415
0.0166 -0.008117
0.1132 -0.008047
0.2059 -0.007740
0.2700 -0.007055
0.3053 -0.006164
0.3184 -0.005232
0.3162 -0.004359
0.3044 -0.003588
0.2872 -0.002933
0.2675 -0.002388
0.2469 -0.001941
0.2266 -0.001577
0.1706 -0.252888
0.1194 -0.233380
0.0747 -0.216387
0.0288 -0.199035
-0.0263 -0.178300
-0.0976 -0.151482
-0.1796 -0.120658
-0.2540 -0.092622
-0.3116 -0.070924
-0.3528 -0.055369
-0.3812 -0.044686
-0.3999 -0.037633
-0.4115 -0.033233
-0.4181 -0.030762
-0.4209 -0.029673
-0.4213 -0.029537
-0.4199 -0.030042
-0.4174 -0.030972
-0.4142 -0.032176
-0.4104 -0.031071
-0.4055 -0.027102
-0.3996 -0.023804
-0.3930 -0.020973
-0.3858 -0.018500
-0.3782 -0.016320
-0.3701 -0.014392
-0.3615 -0.012686
-0.3524 -0.011174
-0.3429 -0.009834
-0.3330 -0.008645
-0.3227 -0.007591
-0.3119 -0.006656
-0.3101 -0.076794
-0.3112 -0.075365
-0.3109 -0.074683
-0.3100 -0.074392
-0.3093 -0.074131
-0.3091 -0.073731
-0.3096 -0.073180
-0.3105 -0.072531
-0.3116 -0.071854
-0.3218 -0.201765
-0.3443 -0.176036
-0.3605 -0.157636
-0.3719 -0.144641
-0.3799 -0.135473
-0.3856 -0.128990
-0.3896 -0.124447
-0.3921 -0.118111
-0.3928 -0.111286
-0.3921 -0.106884
-0.3905 -0.104094
-0.3884 -0.102407
-0.3859 -0.101486
-0.3833 -0.101105
-0.3807 -0.101108
-0.3779 -0.098527
-0.3741 -0.092616
-0.3694 -0.088306
-0.3641 -0.085137
-0.3584 -0.082825
-0.3525 -0.079244
-0.3452 -0.069450
-0.3364 -0.061296
-0.3264 -0.054304
-0.3155 -0.048186
-0.3040 -0.042760
-0.2919 -0.037911
-0.2794 -0.033563
-0.2666 -0.029663
-0.2534 -0.026174
-0.2398 -0.023066
-0.2256 -0.020312
-0.2107 -0.017885
-0.1947 -0.015761
-0.1772 -0.013918
-0.1573 -0.012340
-0.1335 -0.011018
-0.1033 -0.009959
-0.0611 -0.009198
0.0033 -0.008805
0.0962 -0.008711
0.1917 -0.008443
0.2607 -0.007759
0.3004 -0.006821
0.3168 -0.005814
0.3170 -0.004857
0.3067 -0.004006
0.2886 -0.299294
0.2235 -0.274033
0.1752 -0.255302
0.1363 -0.240284
0.1020 -0.227100
0.0686 -0.214318
0.0323 -0.200501
-0.0120 -0.183756
-0.0704 -0.161774
-0.1432 -0.134389
-0.2171 -0.106527
-0.2789 -0.083224
-0.3253 -0.065744
-0.3581 -0.053356
-0.3805 -0.044929
-0.3951 -0.039427
-0.4041 -0.036017
-0.4092 -0.034083
-0.4116 -0.033181
-0.4120 -0.032999
-0.4112 -0.032757
-0.4087 -0.027832
-0.4047 -0.024012
-0.3996 -0.020910
-0.3937 -0.018308
-0.3871 -0.016082
-0.3798 -0.014151
-0.3720 -0.012462
-0.3636 -0.010976
-0.3548 -0.009664
-0.3455 -0.008503
-0.3357 -0.007474
-0.3255 -0.006563
-0.3264 -0.070503
-0.3264 -0.069556
-0.3251 -0.069313
-0.3232 -0.069418
-0.3214 -0.069557
-0.3202 -0.069580
-0.3195 -0.069462
-0.3193 -0.069239
-0.3194 -0.068967
-0.3273 -0.130575
-0.3399 -0.181117
-0.3574 -0.161192
-0.3697 -0.147131
-0.3783 -0.137275
-0.3844 -0.130370
-0.3886 -0.125542
-0.3915 -0.122224
-0.3934 -0.120035
-0.3945 -0.115948
-0.3940 -0.110326
-0.3925 -0.106763
-0.3903 -0.104572
-0.3876 -0.103315
-0.3848 -0.102705
-0.3817 -0.099501
-0.3776 -0.093543
-0.3726 -0.089170
-0.3671 -0.085921
-0.3612 -0.083518
-0.3551 -0.081781
-0.3482 -0.073102
-0.3397 -0.064469
-0.3299 -0.057122
-0.3192 -0.050717
-0.3077 -0.045041
-0.2957 -0.039957
-0.2834 -0.035384
-0.2708 -0.031268
-0.2580 -0.027574
-0.2449 -0.024274
-0.2314 -0.021344
-0.2174 -0.018758
-0.2025 -0.016491
-0.1863 -0.014518
-0.1684 -0.012819
-0.1475 -0.011378
-0.1220 -0.010189
-0.0883 -0.009266
-0.0393 -0.008655
0.0362 -0.008410
0.1343 -0.008310
0.2210 -0.007892
0.2781 -0.007117
0.3081 -0.006174
0.3176 -0.005218
0.3133 -0.004335
0.2895 -0.299828
0.2290 -0.276282
0.1833 -0.258530
0.1464 -0.244205
0.1140 -0.231712
0.0832 -0.219857
0.0508 -0.207517
0.0133 -0.193273
-0.0349 -0.175110
-0.0985 -0.151181
-0.1725 -0.123320
-0.2418 -0.097226
-0.2970 -0.076407
-0.3376 -0.061114
-0.3660 -0.050397
-0.3851 -0.043187
-0.3973 -0.038569
-0.4046 -0.035812
-0.4084 -0.034366
-0.4098 -0.033838
-0.4095 -0.033565
-0.4074 -0.028399
-0.4035 -0.024442
-0.3986 -0.021252
-0.3927 -0.018582
-0.3862 -0.016294
-0.3792 -0.014308
-0.3716 -0.012571
-0.3635 -0.011047
-0.3550 -0.009705
-0.3460 -0.008522
-0.3366 -0.007477
-0.3268 -0.006554
-0.3165 -0.005739
-0.3060 -0.005019
-0.2950 -0.004384
-0.2906 -0.082225
-0.2934 -0.080500
-0.2947 -0.079479
-0.2951 -0.078888
-0.2955 -0.078388
-0.2963 -0.077774
-0.2978 -0.076989
-0.2997 -0.076069
-0.3043 -0.147640
-0.3275 -0.194901
-0.3482 -0.171384
-0.3630 -0.154514
-0.3736 -0.142495
-0.3812 -0.133949
-0.3865 -0.127919
-0.3901 -0.123755
-0.3925 -0.120997
-0.3940 -0.119306
-0.3948 -0.116866
-0.3941 -0.110970
-0.3917 -0.101484
-0.3877 -0.094843
-0.3826 -0.089996
-0.3770 -0.086358
-0.3710 -0.083595
-0.3649 -0.081510
-0.3586 -0.079978
-0.3522 -0.078914
-0.3453 -0.070522
-0.3367 -0.062149
-0.3269 -0.055010
-0.3162 -0.048789
-0.3047 -0.043286
-0.2927 -0.038375
-0.2803 -0.033971
-0.2675 -0.030019
-0.2544 -0.026477
-0.2411 -0.023316
-0.2273 -0.020510
-0.2129 -0.018034
-0.1975 -0.015865
-0.1808 -0.013982
-0.1620 -0.012364
-0.1399 -0.011000
-0.1123 -0.009888
-0.0750 -0.009051
-0.0192 -0.008548
0.0652 -0.008390
0.1634 -0.008226
0.2414 -0.007682
0.2895 -0.006835
0.3124 -0.005875
0.3031 -0.306228
0.2525 -0.286169
0.2122 -0.270213
0.1787 -0.257000
0.1494 -0.245538
0.1225 -0.235080
0.0965 -0.224994
0.0695 -0.214631
0.0394 -0.203151
0.0027 -0.189277
-0.0454 -0.171126
-0.1087 -0.147312
-0.1805 -0.120294
-0.2464 -0.095485
-0.2985 -0.075833
-0.3367 -0.061426
-0.3634 -0.051347
-0.3814 -0.044581
-0.3928 -0.040269
-0.3995 -0.037727
-0.4026 -0.031387
-0.4027 -0.025928
-0.4007 -0.021860
-0.3975 -0.018670
-0.3932 -0.016076
-0.3882 -0.013912
-0.3827 -0.012075
-0.3766 -0.010497
-0.3702 -0.009132
-0.3634 -0.007947
-0.3562 -0.006917
-0.3485 -0.006022
-0.3405 -0.005242
-0.3321 -0.004564
-0.3232 -0.003973
-0.3139 -0.003459
-0.3041 -0.003010
-0.2938 -0.002619
-0.2831 -0.002278
-0.2718 -0.001981
-0.2600 -0.001723
-0.2476 -0.001499
-0.2345 -0.001303
-0.2208 -0.001133
-0.2089 -0.110149
-0.2157 -0.107425
-0.2243 -0.207631
-0.2490 -0.188868
-0.2854 -0.242119
-0.3139 -0.209854
-0.3358 -0.185092
-0.3528 -0.165906
-0.3660 -0.151025
-0.3760 -0.139640
-0.3835 -0.131143
-0.3890 -0.125001
-0.3927 -0.120732
-0.3952 -0.117920
-0.3967 -0.116225
-0.3970 -0.110281
-0.3959 -0.105994
-0.3938 -0.103392
-0.3907 -0.096641
-0.3863 -0.090970
-0.3811 -0.086830
-0.3753 -0.083757
-0.3691 -0.081478
-0.3624 -0.073794
-0.3541 -0.065336
-0.3446 -0.058108
-0.3342 -0.051772
-0.3231 -0.046125
-0.3116 -0.041040
-0.2997 -0.036437
-0.2876 -0.032271
-0.2753 -0.028508
-0.2629 -0.025126
-0.2502 -0.022104
-0.2372 -0.019419
-0.2238 -0.017048
-0.2096 -0.014969
-0.1944 -0.013155
-0.1777 -0.011587
-0.1587 -0.010244
-0.1363 -0.009116
-0.1081 -0.008203
-0.0695 -0.007524
-0.0262 -0.184466
0.0083 -0.196671
0.0531 -0.212846
0.1019 -0.230664
0.1439 -0.245906
0.1723 -0.256028
0.1869 -0.260952
0.1902 -0.261705
0.1855 -0.259470
0.1753 -0.255250
0.1617 -0.249785
0.1459 -0.243564
0.1286 -0.236864
0.1103 -0.229790
0.0907 -0.222296
0.0694 -0.214179
0.0453 -0.205030
0.0164 -0.194110
-0.0207 -0.180182
-0.0699 -0.158658
-0.1284 -0.113384
-0.1870 -0.078971
-0.2378 -0.054705
-0.2775 -0.038364
-0.3072 -0.027485
-0.3288 -0.020173
-0.3443 -0.015165
-0.3552 -0.011655
-0.3627 -0.009140
-0.3674 -0.007296
-0.3700 -0.005915
-0.3708 -0.004859
-0.3701 -0.004038
-0.3682 -0.003387
-0.3652 -0.002864
-0.3612 -0.002439
-0.3563 -0.002088
-0.3505 -0.001796
-0.3489 -0.058169
-0.3516 -0.056893
-0.3522 -0.056411
-0.3516 -0.056470
-0.3504 -0.056776
-0.3492 -0.057137
-0.3480 -0.057479
-0.3469 -0.057798
-0.3459 -0.058114
-0.3449 -0.058455
-0.3437 -0.058838
-0.3424 -0.059276
-0.3410 -0.059775
-0.3459 -0.115754
-0.3534 -0.110114
-0.3664 -0.150568
-0.3766 -0.139032
-0.3834 -0.131333
-0.3879 -0.126243
-0.3908 -0.122875
-0.3927 -0.118045
-0.3929 -0.111604
-0.3919 -0.107410
-0.3902 -0.104722
-0.3880 -0.103073
-0.3855 -0.102159
-0.3828 -0.101768
-0.3801 -0.101754
-0.3774 -0.099956
-0.3737 -0.093781
-0.3691 -0.089277
-0.3638 -0.085963
-0.3582 -0.083538
-0.3523 -0.081809
-0.3461 -0.077551
-0.3385 -0.067965
-0.3294 -0.059939
-0.3193 -0.053023
-0.3085 -0.046944
-0.2971 -0.041534
-0.2854 -0.036688
-0.2734 -0.032342
-0.2614 -0.028450
-0.2491 -0.024980
-0.2366 -0.021903
-0.2237 -0.019189
-0.2101 -0.016811
-0.1957 -0.014739
-0.2024 -0.123673
-0.2103 -0.118447
-0.2182 -0.113679
-0.2257 -0.109350
-0.2329 -0.105438
-0.2397 -0.101909
-0.2461 -0.098730
-0.2520 -0.095874
-0.2574 -0.093324
-0.2623 -0.091068
-0.2666 -0.089099
-0.2704 -0.087412
-0.2735 -0.086001
-0.2760 -0.084862
-0.2780 -0.083990
-0.2793 -0.083377
-0.2800 -0.083012
-0.2801 -0.082877
-0.2797 -0.082943
-0.2782 -0.072679
-0.2739 -0.061251
-0.2674 -0.052089
-0.2593 -0.044577
-0.2498 -0.038315
-0.2391 -0.033031
-0.2274 -0.028538
-0.2146 -0.024701
-0.2095 -0.129753
-0.2168 -0.122992
-0.2233 -0.117320
-0.2291 -0.112563
-0.2343 -0.108544
-0.2391 -0.105085
-0.2436 -0.102044
-0.2479 -0.099321
-0.2521 -0.096859
-0.2561 -0.094636
-0.2598 -0.092650
-0.2632 -0.090910
-0.2661 -0.089427
-0.2684 -0.084278
-0.2681 -0.070451
-0.2650 -0.059601
-0.2597 -0.050898
-0.2524 -0.043784
-0.2435 -0.037877
-0.2331 -0.032909
-0.2213 -0.028693
-0.2080 -0.025095
-0.1932 -0.022020
-0.1763 -0.019398
-0.1566 -0.017182
-0.1326 -0.015346
-0.1017 -0.013890
-0.0581 -0.012865
0.0089 -0.012365
0.1039 -0.012252
0.1983 -0.011836
0.2650 -0.010833
0.3017 -0.009483
0.3149 -0.008052
0.3121 -0.006701
0.2994 -0.005509
0.2815 -0.004497
0.2613 -0.003658
0.2405 -0.002971
0.2201 -0.002413
0.2006 -0.001960
0.1819 -0.001593
0.1641 -0.001296
0.1470 -0.001054
0.1304 -0.000858
0.1141 -0.000697
0.0975 -0.000567
0.0805 -0.000460
0.0621 -0.000372
0.0415 -0.000299
0.0169 -0.000238
-0.0144 -0.000187
-0.0563 -0.000143
-0.1112 -0.000105
-0.1742 -0.000073
-0.2343 -0.000050
-0.2843 -0.000034
-0.3226 -0.000023
-0.3507 -0.000016
-0.3706 -0.000012
-0.3840 -0.000009
-0.3925 -0.000007
-0.3973 -0.000005
-0.3994 -0.000004
-0.3995 -0.000004
-0.3982 -0.000003
-0.3956 -0.000003
-0.3922 -0.000002
-0.3880 -0.000002
-0.3835 -0.043721
-0.3858 -0.042823
-0.3863 -0.042635
-0.3854 -0.042973
-0.3837 -0.043606
-0.3817 -0.044346
-0.3797 -0.045104
-0.3777 -0.045856
-0.3757 -0.046614
-0.3736 -0.047396
-0.3714 -0.048216
-0.3691 -0.049081
-0.3667 -0.049992
-0.3641 -0.050946
-0.3615 -0.051939
-0.3587 -0.052970
-0.3614 -0.104024
-0.3667 -0.100014
-0.3759 -0.139783
-0.3843 -0.130218
-0.3896 -0.124204
-0.3928 -0.120649
-0.3942 -0.114154
-0.3938 -0.108759
-0.3925 -0.105290
-0.3905 -0.103060
-0.3882 -0.101679
-0.3858 -0.100913
-0.3832 -0.100600
-0.3806 -0.100632
-0.3780 -0.100934
-0.3755 -0.101462
-0.3729 -0.102183
-0.3703 -0.100651
-0.3664 -0.090632
-0.3601 -0.078831
-0.3520 -0.069314
-0.3425 -0.061299
-0.3319 -0.054354
-0.3205 -0.048228
-0.3085 -0.042773
-0.3018 -0.111142
-0.3023 -0.104643
-0.3014 -0.099940
-0.2996 -0.096510
-0.2974 -0.093897
-0.2954 -0.091798
-0.2935 -0.090052
-0.2920 -0.088582
-0.2907 -0.087349
-0.2895 -0.086324
-0.2885 -0.085483
-0.2876 -0.084803
-0.2868 -0.084263
-0.2860 -0.083844
-0.2852 -0.083532
-0.2845 -0.083317
-0.2837 -0.083199
-0.2828 -0.083181
-0.2818 -0.083273
-0.2806 -0.083485
-0.2791 -0.083831
-0.2774 -0.084322
-0.2753 -0.084967
-0.2729 -0.085761
-0.2699 -0.080630
-0.2645 -0.068908
-0.2568 -0.059420
-0.2474 -0.051550
-0.2365 -0.044902
-0.2244 -0.039218
-0.2111 -0.034327
-0.2138 -0.135752
-0.2205 -0.128000
-0.2265 -0.121521
-0.2320 -0.116014
-0.2374 -0.111178
-0.2428 -0.106823
-0.2484 -0.102859
-0.2538 -0.099254
-0.2658 -0.181300
-0.2859 -0.164899
-0.3023 -0.151621
-0.3154 -0.141075
-0.3256 -0.132824
-0.3336 -0.126447
-0.3396 -0.121579
-0.3442 -0.117923
-0.3475 -0.115245
-0.3498 -0.113371
-0.3505 -0.104242
-0.3484 -0.089392
-0.3433 -0.077154
-0.3360 -0.067430
-0.3270 -0.059392
-0.3167 -0.052545
-0.3054 -0.046588
-0.2932 -0.041335
-0.2804 -0.036667
-0.2669 -0.032509
-0.2526 -0.028808
-0.2375 -0.025525
-0.2214 -0.022630
-0.2037 -0.020096
-0.1839 -0.017903
-0.1610 -0.016036
-0.1329 -0.014499
-0.0960 -0.013322
-0.0424 -0.012597
0.0411 -0.012435
0.1484 -0.012448
0.2398 -0.011869
0.2980 -0.010696
0.3261 -0.009251
0.3322 -0.007785
0.3240 -0.006438
0.3075 -0.005269
0.2869 -0.004289
0.2649 -0.003482
0.2430 -0.002824
0.2219 -0.002291
0.2018 -0.001860
0.1828 -0.001512
0.1648 -0.001229
0.1476 -0.001000
0.1309 -0.000814
0.1145 -0.000662
0.0980 -0.000538
0.0809 -0.000436
0.0546 -0.208539
-0.0110 -0.183890
-0.0921 -0.153473
-0.1837 -0.119052
-0.2642 -0.088759
-0.3242 -0.066160
-0.3660 -0.050423
-0.3941 -0.039824
-0.4125 -0.032882
-0.4241 -0.028501
-0.4310 -0.025899
-0.4346 -0.024539
-0.4358 -0.024063
-0.4354 -0.024234
-0.4336 -0.024884
-0.4309 -0.025890
-0.4276 -0.027157
-0.4237 -0.028612
-0.4191 -0.026324
-0.4136 -0.023268
-0.4072 -0.020660
-0.4002 -0.018367
-0.3928 -0.016316
-0.3871 -0.056574
-0.3865 -0.054385
-0.3846 -0.053182
-0.3819 -0.052695
-0.3784 -0.052740
-0.3744 -0.053178
-0.3702 -0.053897
-0.3657 -0.054807
-0.3612 -0.055841
-0.3568 -0.056956
-0.3523 -0.058130
-0.3480 -0.059359
-0.3430 -0.053415
-0.3365 -0.046443
-0.3287 -0.040614
-0.3201 -0.035624
-0.3107 -0.031282
-0.3009 -0.027465
-0.2908 -0.024096
-0.2804 -0.021118
-0.2697 -0.018488
-0.2587 -0.016171
-0.2473 -0.014138
-0.2354 -0.012360
-0.2246 -0.114056
-0.2316 -0.109437
-0.2373 -0.105674
-0.2420 -0.102634
-0.2461 -0.100022
-0.2504 -0.097579
-0.2549 -0.095181
-0.2596 -0.092810
-0.2645 -0.090500
-0.2693 -0.088300
-0.2739 -0.086255
-0.2782 -0.084397
-0.2820 -0.082742
-0.2854 -0.081296
-0.2883 -0.080057
-0.2907 -0.079023
-0.2927 -0.078191
-0.2942 -0.077561
-0.2952 -0.077128
-0.2957 -0.076889
-0.2957 -0.076835
-0.2953 -0.076955
-0.2944 -0.077234
-0.2932 -0.074535
-0.2898 -0.063244
-0.2842 -0.054219
-0.2769 -0.046822
-0.2681 -0.040638
-0.2582 -0.035389
-0.2473 -0.030882
-0.2472 -0.120630
-0.2532 -0.113617
-0.2579 -0.108029
-0.2618 -0.103492
-0.2721 -0.182363
-0.2900 -0.166301
-0.3047 -0.153350
-0.3165 -0.142988
-0.3261 -0.134719
-0.3337 -0.128127
-0.3398 -0.122898
-0.3446 -0.118792
-0.3483 -0.115617
-0.3510 -0.113210
-0.3530 -0.111435
-0.3544 -0.110176
-0.3553 -0.109341
-0.3558 -0.108853
-0.3559 -0.108654
-0.3557 -0.108703
-0.3552 -0.108969
-0.3545 -0.109430
-0.3599 -0.158006
-0.3665 -0.150059
-0.3699 -0.136644
-0.3698 -0.122279
-0.3669 -0.112603
-0.3623 -0.105749
-0.3569 -0.100647
-0.3510 -0.096696
-0.3451 -0.093562
-0.3392 -0.091055
-0.3334 -0.089063
-0.3278 -0.087510
-0.3225 -0.086345
-0.3172 -0.085526
-0.3122 -0.085021
-0.3072 -0.084795
-0.3024 -0.084810
-0.2976 -0.085030
-0.2924 -0.076484
-0.2851 -0.065545
-0.2759 -0.056565
-0.2652 -0.049043
-0.2533 -0.042655
-0.2402 -0.037169
-0.2263 -0.032411
-0.2116 -0.028271
-0.1959 -0.024673
-0.1789 -0.021566
-0.1598 -0.018912
-0.1374 -0.016684
-0.1093 -0.014877
-0.0710 -0.013520
-0.0133 -0.012691
0.0732 -0.012368
0.1705 -0.011982
0.2461 -0.011042
0.2921 -0.009708
0.3135 -0.008256
0.3173 -0.006868
0.3096 -0.005632
0.2949 -0.004579
0.2766 -0.003703
0.2567 -0.002987
0.2366 -0.002407
0.2169 -0.001940
0.1980 -0.001563
0.1799 -0.001261
0.1625 -0.001017
0.1458 -0.000821
0.1296 -0.000663
0.1135 -0.000535
0.0973 -0.000431
0.0806 -0.000347
0.0628 -0.000278
0.0430 -0.000222
0.0197 -0.000176
-0.0093 -0.000138
-0.0476 -0.000105
-0.0981 -0.000077
-0.1578 -0.000055
-0.2172 -0.000037
-0.2679 -0.000025
-0.3076 -0.000017
-0.3371 -0.000012
-0.3582 -0.000009
-0.3727 -0.000007
-0.3821 -0.000005
-0.3877 -0.000004
-0.3903 -0.000003
-0.3906 -0.000003
-0.3890 -0.000002
-0.3860 -0.000002
-0.3890 -0.041643
-0.3971 -0.077244
-0.4019 -0.073599
-0.4046 -0.071538
-0.4064 -0.070230
-0.4076 -0.069288
-0.4085 -0.068637
-0.4089 -0.068317
-0.4088 -0.068366
-0.4083 -0.068782
-0.4073 -0.069531
-0.4059 -0.070562
-0.4042 -0.071816
-0.4023 -0.073243
-0.4002 -0.074281
-0.3973 -0.070203
-0.3932 -0.064568
-0.3874 -0.056831
-0.3803 -0.050469
-0.3722 -0.045007
-0.3633 -0.040181
-0.3540 -0.035844
-0.3444 -0.031918
-0.3344 -0.028356
-0.3243 -0.025131
-0.3140 -0.022220
-0.3035 -0.019604
-0.2928 -0.017261
-0.2819 -0.015173
-0.2708 -0.013318
-0.2594 -0.011675
-0.2477 -0.010226
-0.2355 -0.008953
-0.2227 -0.007839
-0.2091 -0.006867
-0.1945 -0.006024
-0.1785 -0.005294
-0.1607 -0.004665
-0.1403 -0.004130
-0.1156 -0.003686
-0.0834 -0.003335
-0.0371 -0.003094
0.0333 -0.002976
0.1249 -0.002912
0.1939 -0.262821
0.2076 -0.267613
0.2091 -0.267865
0.2025 -0.265050
0.1905 -0.260312
0.1755 -0.254438
0.1586 -0.247922
0.1407 -0.241031
0.1219 -0.233860
0.1022 -0.226369
0.0811 -0.218383
0.0578 -0.209553
0.0304 -0.199252
-0.0038 -0.186396
-0.0493 -0.169360
-0.1088 -0.147034
-0.1760 -0.112250
-0.2355 -0.075763
-0.2817 -0.051701
-0.3152 -0.036167
-0.3386 -0.026110
-0.3542 -0.019495
-0.3639 -0.015042
-0.3691 -0.011955
-0.3710 -0.009743
-0.3702 -0.008101
-0.3675 -0.006839
-0.3632 -0.005837
-0.3577 -0.005020
-0.3600 -0.056581
-0.3612 -0.055400
-0.3607 -0.055022
-0.3673 -0.101742
-0.3727 -0.097264
-0.3765 -0.094037
-0.3795 -0.091511
-0.3878 -0.127175
-0.3955 -0.118331
-0.4008 -0.112135
-0.4045 -0.107919
-0.4068 -0.105180
-0.4082 -0.103557
-0.4088 -0.102789
-0.4089 -0.102677
-0.4085 -0.103063
-0.4078 -0.101782
-0.4060 -0.098246
-0.4034 -0.096218
-0.4004 -0.095200
-0.3970 -0.093879
-0.3927 -0.088295
-0.3874 -0.082220
-0.3804 -0.072906
-0.3720 -0.065161
-0.3625 -0.058433
-0.3523 -0.052429
-0.3415 -0.046990
-0.3303 -0.042032
-0.3186 -0.037509
-0.3067 -0.033391
-0.2944 -0.029658
-0.2817 -0.026290
-0.2687 -0.023266
-0.2552 -0.020565
-0.2412 -0.018162
-0.2264 -0.016032
