0.0342 -0.0251
0.0336 -0.0239
0.0344 -0.0240
0.0369 -0.0252
0.0411 -0.0277
0.0471 -0.0314
0.0548 -0.0360
0.0636 -0.0415
0.0733 -0.0474
0.0829 -0.0534
0.0920 -0.0589
-0.0015 0.0013
-0.0113 0.0097
-0.0240 0.0169
-0.0407 0.0238
-0.0629 0.0304
-0.0918 0.0367
-0.1269 0.0420
-0.1658 0.0454
-0.2041 0.0463
-0.2386 0.0447
-0.2483 0.1936
-0.2466 0.1857
-0.2435 0.1780
-0.2371 0.1690
-0.2263 0.1579
-0.2115 0.1449
-0.1937 0.1308
-0.1736 0.1158
-0.1516 0.1000
-0.1271 0.0832
-0.0989 0.0643
-0.0645 0.0418
-0.0202 0.0132
0.0345 -0.0638
0.0823 -0.1483
0.1163 -0.1995
0.1366 -0.2240
0.1467 -0.2312
0.1502 -0.2287
0.1495 -0.2210
0.1465 -0.2110
0.1420 -0.2001
0.1241 -0.2494
0.1111 -0.2207
0.1012 -0.1992
0.0931 -0.1819
0.0861 -0.1671
0.0797 -0.1538
0.0737 -0.1417
0.0681 -0.1303
0.0626 -0.1194
0.0572 -0.1088
0.0519 -0.0986
0.0467 -0.0884
0.0416 -0.0760
0.0371 -0.0641
0.0329 -0.0541
0.0286 -0.0452
0.0243 -0.0349
0.0200 -0.0259
0.0152 -0.0180
0.0097 -0.0106
0.0030 -0.0031
-0.0052 0.0048
-0.0155 0.0131
-0.0288 0.0202
-0.0465 0.0270
-0.0700 0.0336
-0.1002 0.0398
-0.1363 0.0447
-0.1751 0.0475
-0.2126 0.0478
-0.2461 0.0457
-0.2505 0.1950
-0.2486 0.1869
-0.2453 0.1791
-0.2386 0.1698
-0.2275 0.1586
-0.2126 0.1456
-0.1948 0.1314
-0.1749 0.1165
-0.1530 0.1009
-0.1288 0.0842
-0.1010 0.0656
-0.0672 0.0435
-0.0236 0.0155
0.0310 -0.0573
0.0797 -0.1440
0.1149 -0.1974
0.1361 -0.2236
0.1468 -0.2318
0.1506 -0.2297
0.1502 -0.2223
0.1472 -0.2123
0.1352 -0.2755
0.1200 -0.2414
0.1090 -0.2168
0.1003 -0.1976
0.0929 -0.1815
0.0863 -0.1675
0.0802 -0.1548
0.0745 -0.1431
0.0690 -0.1320
0.0637 -0.1215
0.0585 -0.1112
0.0533 -0.1013
0.0482 -0.0914
0.0433 -0.0796
0.0389 -0.0676
0.0348 -0.0573
0.0312 -0.0458
