0.8801 6.0342
0.8718 5.2718
0.8626 4.6089
0.8523 4.0323
0.8409 3.5308
0.8283 3.0944
0.8145 2.7147
0.7994 2.3843
0.7830 2.0968
0.7654 1.8465
0.7465 1.6286
0.7265 1.4389
0.7055 1.2737
0.6837 1.1299
0.6612 1.0047
0.6383 0.8957
0.6153 0.8008
0.5924 0.7181
0.5698 0.6463
0.5480 0.5842
0.5273 0.5320
0.5086 0.4914
0.4938 0.4700
0.4880 0.4877
0.5106 0.7389
0.6008 1.7081
0.7117 3.6191
0.8126 11.7941
0.8815 23.5095
0.9153 33.1248
0.9285 41.1389
0.9326 48.2641
0.9335 54.3575
0.9336 59.0527
0.9337 61.7925
0.9337 61.7838
0.9336 58.6364
0.9333 53.3307
0.9326 47.4224
0.9317 41.7767
0.9304 36.6185
0.9290 31.9772
0.9272 27.8537
0.9252 24.2305
0.9229 21.0699
0.9202 18.3231
0.9172 15.9393
0.9137 13.8713
0.9097 12.0770
0.9052 10.5199
0.9002 9.1682
0.8944 7.9944
0.8879 6.9748
0.8806 6.0889
0.8724 5.3189
0.8632 4.6495
0.8530 4.0675
0.8417 3.5613
0.8292 3.1209
0.8154 2.7378
0.8004 2.4044
0.7841 2.1143
0.7665 1.8617
0.7478 1.6419
0.7278 1.4505
0.7069 1.2839
0.6851 1.1388
0.6627 1.0124
0.6398 0.9024
0.6168 0.8066
0.5939 0.7232
0.5713 0.6507
0.5494 0.5881
0.5287 0.5356
0.5101 0.4958
0.4956 0.4739
0.4903 0.5009
0.5109 0.6682
0.5845 1.7955
0.7295 7.3966
0.8383 13.6547
0.8950 20.6096
0.9198 30.8491
0.9292 40.1583
0.9321 47.8498
0.9329 53.9719
0.9332 58.3666
0.9334 60.5689
0.9335 60.3561
0.9335 58.0353
0.9332 53.9162
0.9327 48.4815
0.9318 42.6371
0.9306 37.1230
0.9291 32.2332
0.9274 27.9887
0.9253 24.3191
0.9230 21.1435
0.9203 18.3915
0.9173 16.0045
0.9138 13.9330
0.9099 12.1346
0.9054 10.5728
0.9003 9.2163
0.8946 8.0378
0.8882 7.0137
0.8809 6.1235
0.8728 5.3496
0.8636 4.6766
0.8535 4.0913
0.8422 3.5822
0.8298 3.1393
0.8161 2.7538
0.8011 2.4184
0.7849 2.1265
0.7674 1.8724
0.7486 1.6512
0.7288 1.4586
0.7079 1.2909
0.6861 1.1449
0.6637 1.0178
0.6409 0.9071
0.6179 0.8107
0.5949 0.7268
0.5723 0.6539
0.5504 0.5909
0.5297 0.5381
0.5109 0.4973
0.4963 0.4767
0.4909 0.4974
0.5156 0.7705
0.6070 1.7705
0.7167 3.7381
0.8159 12.1280
0.8831 23.8106
0.9159 33.3700
0.9287 41.3464
0.9326 48.4387
0.9335 54.4947
0.9336 59.1448
0.9336 61.8302
0.9337 61.7610
0.9336 58.5655
0.9333 53.2412
0.9326 47.3358
0.9316 41.7004
0.9304 36.5532
0.9289 31.9219
0.9272 27.8070
0.9252 24.1911
0.9229 21.0366
0.9202 18.2949
0.9171 15.9154
0.9137 13.8510
0.9097 12.0599
0.9052 10.5054
0.9001 9.1559
0.8943 7.9839
0.8878 6.9659
0.8805 6.0813
0.8723 5.3125
0.8631 4.6441
0.8529 4.0629
0.8416 3.5573
0.8291 3.1176
0.8153 2.7349
0.8003 2.4020
0.7840 2.1122
0.7664 1.8599
0.7476 1.6404
0.7277 1.4492
0.7068 1.2828
0.6850 1.1378
0.6625 1.0117
0.6397 0.9018
0.6167 0.8061
0.5937 0.7228
0.5712 0.6504
0.5493 0.5880
0.5287 0.5363
0.5105 0.4982
0.4968 0.4799
0.4941 0.5225
0.5201 0.7255
0.6065 2.3684
0.7502 8.3768
0.8499 14.5486
0.9002 21.9809
0.9218 32.2583
0.9298 41.3410
0.9323 48.8078
0.9330 54.7019
0.9332 58.8162
0.9334 60.6799
0.9335 60.1558
0.9334 57.5856
0.9332 53.2655
0.9326 47.7323
0.9317 41.9036
0.9304 36.4630
0.9289 31.6585
0.9271 27.4924
0.9250 23.8905
0.9227 20.7728
0.9199 18.0705
0.9169 15.7263
0.9133 13.6918
0.9093 11.9254
0.9048 10.3915
0.8997 9.0589
0.8939 7.9012
0.8873 6.8951
0.8799 6.0205
0.8717 5.2601
0.8624 4.5989
0.8521 4.0238
0.8407 3.5235
0.8281 3.0883
0.8143 2.7095
0.7992 2.3799
0.7828 2.0930
0.7651 1.8433
0.7462 1.6258
0.7262 1.4366
0.7052 1.2718
0.6834 1.1283
0.6609 1.0033
0.6380 0.8945
0.6150 0.7997
0.5921 0.7173
0.5696 0.6457
0.5479 0.5842
0.5274 0.5333
0.5094 0.4961
0.4965 0.4834
0.4953 0.5298
0.5367 0.9721
0.6385 2.1619
0.7451 4.9596
0.8376 15.2637
0.8944 26.4868
0.9205 35.5336
0.9302 43.2533
0.9330 50.1014
0.9335 55.8337
0.9336 60.0447
0.9337 62.1141
0.9337 61.2571
0.9336 57.3938
0.9331 51.8012
0.9324 45.9187
0.9314 40.3985
0.9301 35.3793
0.9285 30.8763
0.9268 26.8865
0.9247 23.3874
0.9223 20.3381
0.9195 17.6891
0.9163 15.3902
0.9128 13.3958
0.9087 11.6651
0.9040 10.1629
0.8988 8.8587
0.8928 7.7260
0.8862 6.7420
0.8786 5.8868
0.8702 5.1435
0.8608 4.4972
0.8503 3.9352
0.8387 3.4464
0.8259 3.0211
0.8118 2.6510
0.7965 2.3290
0.7799 2.0487
0.7620 1.8047
0.7430 1.5923
0.7228 1.4074
0.7016 1.2463
0.6797 1.1061
0.6571 0.9841
0.6342 0.8777
0.6112 0.7852
0.5883 0.7046
0.5659 0.6348
0.5444 0.5751
0.5243 0.5272
0.5074 0.4949
0.4964 0.4906
0.5023 0.5815
0.5439 0.9409
0.6632 4.3709
0.7949 10.7794
0.8736 16.8444
0.9106 25.7760
0.9258 35.7933
0.9310 44.2765
0.9326 51.1638
0.9331 56.4459
0.9333 59.7856
0.9335 60.7575
0.9335 59.4494
0.9334 56.2241
0.9330 51.3874
0.9323 45.6494
0.9313 39.9083
0.9299 34.6838
0.9283 30.1125
0.9264 26.1563
0.9242 22.7349
0.9217 19.7718
0.9189 17.2026
0.9157 14.9734
0.9120 13.0384
0.9078 11.3582
0.9031 9.8988
0.8977 8.6311
0.8916 7.5295
0.8848 6.5720
0.8771 5.7397
0.8685 5.0160
0.8589 4.3866
0.8482 3.8392
0.8364 3.3630
0.8234 2.9486
0.8091 2.5880
0.7935 2.2741
0.7767 2.0009
0.7586 1.7631
0.7393 1.5561
0.7189 1.3759
0.6976 1.2189
0.6755 1.0823
0.6529 0.9632
0.6299 0.8596
0.6069 0.7694
0.5841 0.6909
0.5619 0.6231
0.5406 0.5656
0.5210 0.5199
0.5048 0.4923
0.4964 0.4992
0.5089 0.6621
0.5845 1.4812
0.6930 3.0445
0.7938 9.1001
0.8699 20.9443
0.9099 31.0848
0.9264 39.3592
0.9319 46.6646
0.9333 53.0144
0.9335 58.0757
0.9336 61.3588
0.9337 62.1267
0.9337 59.7714
0.9334 54.8867
0.9328 49.0250
0.9319 43.2770
0.9308 37.9891
0.9294 33.2127
0.9277 28.9521
0.9258 25.1962
0.9236 21.9133
0.9210 19.0573
0.9181 16.5778
0.9147 14.4263
0.9109 12.5596
0.9066 10.9395
0.9017 9.5332
0.8961 8.3119
0.8898 7.2511
0.8828 6.3294
0.8748 5.5283
0.8660 4.8318
0.8561 4.2262
0.8451 3.6995
0.8329 3.2414
0.8195 2.8427
0.8049 2.4958
0.7889 2.1939
0.7717 1.9311
0.7533 1.7024
0.7337 1.5032
0.7131 1.3298
0.6915 1.1788
0.6693 1.0474
0.6465 0.9329
0.6235 0.8332
0.6005 0.7464
0.5779 0.6710
0.5558 0.6060
0.5349 0.5521
0.5164 0.5124
0.5024 0.4928
0.4992 0.5341
0.5241 0.7333
0.6064 2.2669
0.7482 8.2072
0.8483 14.3927
0.8992 21.5959
0.9213 31.8434
0.9295 40.9946
0.9322 48.5276
0.9329 54.4863
0.9332 58.6847
0.9334 60.6606
0.9335 60.2535
0.9335 57.7985
0.9332 53.5909
0.9326 48.1231
0.9317 42.2954
0.9305 36.8198
0.9290 31.9713
0.9273 27.7638
0.9252 24.1259
0.9228 20.9772
0.9201 18.2482
0.9171 15.8809
0.9136 13.8263
0.9096 12.0424
0.9051 10.4933
0.9001 9.1475
0.8943 7.9783
0.8878 6.9622
0.8805 6.0789
0.8723 5.3110
0.8631 4.6432
0.8529 4.0624
0.8416 3.5571
0.8291 3.1176
0.8153 2.7350
0.8003 2.4021
0.7840 2.1124
0.7664 1.8601
0.7476 1.6406
0.7277 1.4494
0.7068 1.2830
0.6850 1.1380
0.6626 1.0118
0.6397 0.9019
0.6167 0.8062
0.5938 0.7230
0.5713 0.6508
0.5495 0.5891
0.5292 0.5387
0.5116 0.5042
0.5002 0.4982
0.5031 0.5773
0.5577 1.1682
0.6627 2.4917
0.7657 6.2300
0.8515 17.4497
0.9010 28.2824
0.9230 37.0067
0.9309 44.5579
0.9331 51.2211
0.9335 56.7117
0.9336 60.5995
0.9337 62.2272
0.9337 60.8471
0.9335 56.5970
0.9330 50.8823
0.9323 45.0362
0.9312 39.5947
0.9299 34.6583
0.9283 30.2372
0.9265 26.3259
0.9243 22.8991
0.9219 19.9144
0.9190 17.3219
0.9158 15.0721
0.9122 13.1201
0.9080 11.4261
0.9033 9.9557
0.8979 8.6789
0.8919 7.5700
0.8851 6.6065
0.8774 5.7692
0.8689 5.0413
0.8593 4.4084
0.8487 3.8580
0.8369 3.3792
0.8239 2.9627
0.8096 2.6002
0.7941 2.2848
0.7773 2.0102
0.7593 1.7712
0.7400 1.5632
0.7197 1.3820
0.6984 1.2243
0.6763 1.0869
0.6537 0.9673
0.6308 0.8632
0.6078 0.7725
0.5850 0.6937
0.5627 0.6256
0.5414 0.5685
0.5222 0.5251
0.5070 0.5002
0.5007 0.5238
0.5189 0.6839
0.5847 1.6275
0.7239 6.9786
0.8338 13.2759
0.8924 19.8322
0.9184 29.8804
0.9285 39.3409
0.9318 47.1855
0.9328 53.4536
0.9331 58.0293
0.9334 60.4764
0.9335 60.5266
0.9335 58.4580
0.9333 54.5893
0.9328 49.3186
0.9320 43.4954
0.9308 37.9126
0.9294 32.9276
0.9277 28.5915
0.9257 24.8417
0.9234 21.5972
0.9207 18.7857
0.9178 16.3473
0.9144 14.2311
0.9105 12.3940
0.9061 10.7986
0.9012 9.4127
0.8956 8.2087
0.8892 7.1624
0.8821 6.2530
0.8741 5.4623
0.8651 4.7748
0.8551 4.1768
0.8440 3.6567
0.8318 3.2041
0.8183 2.8104
0.8035 2.4677
0.7875 2.1694
0.7702 1.9098
0.7516 1.6838
0.7319 1.4870
0.7112 1.3157
0.6896 1.1665
0.6673 1.0366
0.6445 0.9235
0.6215 0.8250
0.5985 0.7393
0.5759 0.6650
0.5540 0.6014
0.5334 0.5491
0.5154 0.5123
0.5033 0.5032
0.5041 0.5672
0.5524 1.0971
0.6549 2.3659
0.7580 5.5772
0.8457 16.3942
0.8980 27.4275
0.9218 36.3050
0.9305 43.9272
0.9330 50.6751
0.9335 56.2838
0.9336 60.3397
0.9337 62.2139
0.9337 61.1404
0.9336 57.1219
0.9331 51.4808
0.9323 45.6127
0.9313 40.1238
0.9300 35.1367
0.9285 30.6641
0.9267 26.7023
0.9246 23.2282
0.9221 20.2008
0.9194 17.5706
0.9162 15.2880
0.9126 13.3075
0.9085 11.5888
0.9038 10.0969
0.8985 8.8016
0.8925 7.6766
0.8858 6.6991
0.8783 5.8497
0.8698 5.1113
0.8603 4.4692
0.8498 3.9109
0.8381 3.4252
0.8253 3.0027
0.8111 2.6350
0.7958 2.3150
0.7791 2.0366
0.7612 1.7941
0.7420 1.5831
0.7218 1.3994
0.7006 1.2394
0.6786 1.1001
0.6561 0.9788
0.6331 0.8732
0.6101 0.7812
0.5873 0.7013
0.5650 0.6322
0.5436 0.5745
0.5244 0.5307
0.5092 0.5059
0.5031 0.5315
0.5218 0.6963
0.5887 1.6901
0.7273 7.1125
0.8356 13.3992
0.8931 19.9762
0.9187 30.0341
0.9286 39.4717
0.9318 47.2928
0.9328 53.5377
0.9331 58.0877
0.9334 60.5065
0.9335 60.5335
0.9335 58.4512
0.9333 54.5762
0.9328 49.3049
0.9320 43.4839
0.9308 37.9035
0.9294 32.9202
0.9277 28.5852
0.9256 24.8363
0.9234 21.5924
0.9207 18.7815
0.9178 16.3435
0.9144 14.2278
0.9105 12.3910
0.9061 10.7959
0.9012 9.4104
0.8955 8.2066
0.8892 7.1605
0.8821 6.2513
0.8741 5.4608
0.8651 4.7734
0.8551 4.1756
0.8440 3.6556
0.8317 3.2032
0.8182 2.8095
0.8035 2.4669
0.7874 2.1687
0.7701 1.9092
0.7516 1.6832
0.7319 1.4865
0.7112 1.3153
0.6895 1.1661
0.6672 1.0363
0.6444 0.9232
0.6214 0.8248
0.5985 0.7391
0.5758 0.6649
0.5540 0.6015
0.5335 0.5501
0.5159 0.5153
0.5048 0.5107
0.5085 0.5993
0.5651 1.2252
0.6693 2.5770
0.7704 6.4826
0.8540 17.8170
0.9021 28.5861
0.9234 37.2586
0.9310 44.7768
0.9331 51.4056
0.9335 56.8558
0.9336 60.6975
0.9337 62.2754
0.9337 60.8505
0.9335 56.5753
0.9330 50.8552
0.9322 45.0122
0.9312 39.5753
0.9299 34.6431
0.9283 30.2252
0.9264 26.3164
0.9243 22.8914
0.9219 19.9080
0.9190 17.3165
0.9158 15.0676
0.9122 13.1162
0.9080 11.4228
0.9033 9.9528
0.8979 8.6764
0.8919 7.5677
0.8851 6.6045
0.8774 5.7674
0.8688 5.0397
0.8593 4.4070
0.8486 3.8567
0.8368 3.3781
0.8238 2.9616
0.8096 2.5993
0.7941 2.2839
0.7773 2.0094
0.7592 1.7705
0.7400 1.5625
0.7196 1.3814
0.6983 1.2238
0.6763 1.0865
0.6536 0.9669
0.6307 0.8628
0.6077 0.7722
0.5849 0.6935
0.5627 0.6258
0.5416 0.5700
0.5230 0.5292
0.5090 0.5103
0.5067 0.5589
0.5330 0.7744
0.6180 2.5126
0.7567 8.5680
0.8525 14.7202
0.9008 21.9979
0.9218 32.2296
0.9296 41.3206
0.9321 48.7935
0.9329 54.6919
0.9332 58.8229
0.9334 60.7299
0.9335 60.2729
0.9335 57.7938
0.9332 53.5818
0.9326 48.1201
0.9317 42.2990
0.9305 36.8266
0.9290 31.9785
0.9273 27.7704
0.9252 24.1314
0.9228 20.9817
0.9202 18.2518
0.9171 15.8837
0.9136 13.8285
0.9096 12.0441
0.9052 10.4945
0.9001 9.1484
0.8943 7.9789
0.8878 6.9625
0.8805 6.0791
0.8723 5.3110
0.8631 4.6431
0.8529 4.0622
0.8416 3.5569
0.8291 3.1172
0.8153 2.7347
0.8003 2.4018
0.7840 2.1120
0.7664 1.8598
0.7476 1.6402
0.7277 1.4490
0.7067 1.2826
0.6849 1.1377
0.6625 1.0115
0.6396 0.9016
0.6166 0.8060
0.5937 0.7228
0.5712 0.6510
0.5496 0.5903
0.5298 0.5426
0.5137 0.5153
0.5057 0.5256
0.5205 0.7198
0.5983 1.6004
0.7038 3.2211
0.8009 9.6439
0.8733 21.5070
0.9111 31.5473
0.9267 39.7492
0.9319 47.0005
0.9333 53.2912
0.9335 58.2859
0.9336 61.4986
0.9337 62.2018
0.9337 59.8033
0.9334 54.9035
0.9328 49.0420
0.9319 43.2974
0.9308 38.0126
0.9294 33.2378
0.9278 28.9772
0.9258 25.2199
0.9236 21.9350
0.9210 19.0767
0.9181 16.5949
0.9148 14.4414
0.9109 12.5727
0.9066 10.9510
0.9017 9.5431
0.8962 8.3205
0.8899 7.2585
0.8828 6.3357
0.8749 5.5337
0.8660 4.8364
0.8561 4.2302
0.8451 3.7029
0.8330 3.2442
0.8196 2.8451
0.8050 2.4978
0.7890 2.1956
0.7719 1.9325
0.7534 1.7035
0.7338 1.5042
0.7132 1.3306
0.6916 1.1795
0.6694 1.0479
0.6466 0.9333
0.6236 0.8336
0.6006 0.7468
0.5780 0.6716
0.5561 0.6076
0.5357 0.5569
0.5186 0.5233
0.5079 0.5225
0.5154 0.6276
0.5589 1.0438
0.6787 4.8224
0.8039 11.2387
0.8775 17.2745
0.9119 26.2557
0.9260 36.2125
0.9310 44.6266
0.9325 51.4455
0.9330 56.6566
0.9333 59.9226
0.9335 60.8360
0.9335 59.5037
0.9334 56.2888
0.9330 51.4814
0.9323 45.7645
0.9313 40.0259
0.9300 34.7924
0.9284 30.2082
0.9265 26.2393
0.9243 22.8064
0.9218 19.8334
0.9190 17.2556
0.9157 15.0190
0.9121 13.0776
0.9079 11.3919
0.9032 9.9278
0.8978 8.6560
0.8918 7.5508
0.8850 6.5903
0.8773 5.7554
0.8687 5.0295
0.8591 4.3982
0.8485 3.8491
0.8366 3.3714
0.8236 2.9558
0.8094 2.5941
0.7938 2.2794
0.7770 2.0055
0.7589 1.7670
0.7396 1.5594
0.7193 1.3787
0.6980 1.2213
0.6759 1.0843
0.6533 0.9650
0.6303 0.8611
0.6073 0.7707
0.5845 0.6923
0.5623 0.6252
0.5414 0.5700
0.5230 0.5307
0.5103 0.5195
0.5100 0.5777
0.5546 1.0840
0.6542 2.3309
0.7556 5.2624
0.8429 15.8043
0.8964 26.9530
0.9210 35.9221
0.9302 43.5806
0.9329 50.3729
0.9334 56.0486
0.9336 60.2080
0.9337 62.2486
0.9337 61.4024
0.9336 57.5727
0.9332 51.9997
0.9324 46.1168
0.9314 40.5880
0.9301 35.5574
0.9286 31.0403
0.9268 27.0344
0.9248 23.5187
0.9224 20.4535
0.9196 17.7899
0.9165 15.4781
0.9129 13.4722
0.9088 11.7315
0.9042 10.2206
0.8990 8.9088
0.8931 7.7694
0.8864 6.7796
0.8790 5.9194
0.8706 5.1717
0.8612 4.5217
0.8508 3.9563
0.8392 3.4646
0.8264 3.0368
0.8124 2.6646
0.7971 2.3407
0.7806 2.0588
0.7627 1.8135
0.7437 1.5998
0.7236 1.4139
0.7024 1.2520
0.6805 1.1110
0.6580 0.9883
0.6350 0.8814
0.6120 0.7884
0.5892 0.7076
0.5668 0.6381
0.5457 0.5810
0.5269 0.5396
0.5129 0.5209
0.5111 0.5736
0.5381 0.7985
0.6246 2.6641
0.7614 8.7789
0.8548 14.9117
0.9017 22.2508
0.9220 32.4752
0.9297 41.5282
0.9321 48.9639
0.9329 54.8263
0.9332 58.9185
0.9334 60.7862
0.9335 60.2997
0.9335 57.8037
0.9332 53.5845
0.9326 48.1225
0.9317 42.3033
0.9305 36.8321
0.9290 31.9839
0.9273 27.7748
0.9252 24.1347
0.9228 20.9840
0.9202 18.2532
0.9171 15.8844
0.9136 13.8286
0.9096 12.0438
0.9051 10.4939
0.9001 9.1476
0.8943 7.9779
0.8878 6.9614
0.8805 6.0778
0.8723 5.3097
0.8631 4.6418
0.8529 4.0609
0.8415 3.5556
0.8290 3.1160
0.8153 2.7335
0.8002 2.4007
0.7839 2.1110
0.7663 1.8588
0.7475 1.6393
0.7276 1.4482
0.7066 1.2818
0.6848 1.1370
0.6624 1.0109
0.6395 0.9010
0.6165 0.8054
0.5936 0.7224
0.5711 0.6509
0.5497 0.5911
0.5302 0.5456
0.5152 0.5240
0.5099 0.5488
0.5354 0.8578
0.6239 1.9058
0.7273 3.8539
0.8202 12.1776
0.8841 23.8789
0.9158 33.4465
0.9284 41.3921
0.9324 48.4568
0.9333 54.5015
0.9335 59.1672
0.9336 61.9280
0.9337 62.0267
0.9337 59.0310
0.9333 53.8163
0.9327 47.9194
0.9317 42.2515
0.9306 37.0631
0.9291 32.3864
0.9274 28.2231
0.9254 24.5588
0.9231 21.3587
0.9205 18.5758
0.9175 16.1599
0.9141 14.0636
0.9102 12.2446
0.9057 10.6659
0.9007 9.2953
0.8950 8.1050
0.8886 7.0711
0.8814 6.1726
0.8733 5.3918
