0.9265 27.8273
0.9251 24.7502
0.9232 21.9033
0.9210 19.4134
0.9185 17.2025
0.9156 15.3433
0.9128 14.4150
0.9113 14.9301
0.9114 16.0589
0.9126 16.8414
0.9137 16.7807
0.9139 15.8972
0.9129 14.6185
0.9109 13.3594
0.9084 12.3020
0.9057 11.4407
0.9031 10.7594
0.9006 10.1836
0.8983 9.6473
0.8960 9.1074
0.8934 8.5214
0.8903 7.8681
0.8864 7.1730
0.8816 6.4744
0.8758 5.8092
0.8690 5.2034
0.8614 4.6687
0.8531 4.2044
0.8444 3.8027
0.8352 3.4536
0.8257 3.1470
0.8158 2.8754
0.8057 2.6449
0.7959 2.4730
0.7874 2.3609
0.7810 2.2981
0.7768 2.2714
0.7747 2.2691
0.7742 2.2812
0.7747 2.2998
0.7757 2.3182
0.7768 2.3288
0.7773 2.3144
0.7768 2.2896
0.7786 2.5237
0.7910 3.1885
0.8120 4.1057
0.8343 5.0986
0.8531 6.0506
0.8671 6.8915
0.8766 7.5817
0.8829 8.0993
0.8868 8.4164
0.8890 8.5809
0.8902 8.7669
0.8914 9.1154
0.8930 9.5832
0.8948 10.0364
0.8966 10.3329
0.8982 10.8893
0.9011 13.0081
0.9059 15.9633
0.9114 19.7878
0.9167 24.2347
0.9210 27.8745
0.9239 30.1224
0.9255 30.8129
0.9262 30.0081
0.9260 28.0154
0.9251 25.2708
0.9235 22.2883
0.9213 19.6169
0.9188 17.4696
0.9161 15.7939
0.9134 14.4740
0.9108 13.3580
0.9084 12.6796
0.9072 13.5595
0.9086 15.5884
0.9113 17.1315
0.9135 17.1852
0.9142 16.1492
0.9133 14.6282
0.9111 13.1662
0.9082 12.0315
0.9051 11.1825
0.9023 10.4616
0.8995 9.7517
0.8965 9.0123
0.8930 8.2375
0.8889 7.4856
0.8841 6.7888
0.8787 6.1501
0.8727 5.5702
0.8661 5.0511
0.8591 4.5902
0.8516 4.1809
0.8436 3.8156
0.8353 3.4878
0.8265 3.1925
0.8172 2.9263
0.8075 2.6865
0.7974 2.4705
0.7869 2.2763
0.7761 2.1014
0.7649 1.9437
0.7535 1.8008
0.7418 1.6710
0.7299 1.5523
0.7178 1.4434
0.7054 1.3462
0.6937 1.2785
0.6850 1.2547
0.6814 1.2775
0.6871 1.4775
0.7130 2.0280
0.7520 2.7729
0.7900 3.5676
0.8201 4.3397
0.8416 5.0718
0.8562 5.7632
0.8663 6.4049
0.8734 6.9859
0.8787 7.5008
0.8828 7.9582
0.8860 8.3891
0.8888 8.9547
0.8918 9.6736
0.8950 10.3879
0.8979 11.0874
0.9006 11.7907
0.9029 12.4019
0.9048 12.8074
0.9059 12.8748
0.9066 13.4429
0.9093 18.0379
0.9149 25.1663
0.9207 31.4689
0.9250 36.0834
0.9276 38.8660
0.9290 39.6721
0.9295 38.3766
0.9292 34.9771
0.9283 30.9091
0.9267 27.1035
0.9248 23.9040
0.9227 21.2744
0.9205 19.3168
0.9186 19.0399
0.9181 20.3727
0.9188 21.7287
0.9198 22.4344
0.9205 22.2880
0.9206 21.1905
0.9196 18.8697
0.9175 16.2444
0.9142 13.8933
0.9100 12.0147
0.9053 10.5582
0.9005 9.4306
0.8957 8.5293
0.8909 7.7621
0.8861 7.0676
0.8809 6.4173
0.8752 5.8056
0.8688 5.2363
0.8617 4.7169
0.8538 4.2553
0.8453 3.8542
0.8365 3.5114
0.8274 3.2212
0.8184 2.9765
0.8095 2.7700
0.8010 2.5946
0.7929 2.4441
0.7852 2.3127
0.7777 2.1947
0.7705 2.0845
0.7631 1.9775
0.7555 1.8709
0.7472 1.7635
0.7381 1.6556
0.7281 1.5485
0.7172 1.4437
0.7053 1.3433
0.6935 1.2854
0.6930 1.5062
0.7156 2.0168
0.7508 2.6657
0.7859 3.3593
0.8144 4.0420
0.8353 4.6827
0.8498 5.2661
0.8598 5.7866
0.8669 6.2431
0.8720 6.6375
0.8758 6.9696
0.8787 7.2286
0.8808 7.3905
0.8821 7.4264
0.8825 7.3191
0.8819 7.0743
0.8802 6.7098
0.8773 6.2350
0.8731 5.7161
0.8677 5.2141
0.8614 4.7787
0.8550 4.4361
0.8489 4.1863
0.8437 4.0215
0.8398 3.9344
0.8374 3.9020
0.8362 3.8949
0.8357 3.8929
0.8356 3.8865
0.8355 3.8697
0.8351 3.8365
0.8344 3.7911
0.8336 3.7713
0.8338 3.9881
0.8434 6.1478
0.8670 10.8953
0.8908 16.9198
0.9081 23.3821
0.9187 28.6680
0.9242 31.8380
0.9267 33.0697
0.9275 32.8465
0.9275 31.6666
0.9270 30.0451
0.9262 28.3078
0.9253 26.5518
0.9243 24.7246
0.9231 23.1005
0.9221 23.1454
0.9220 24.9994
0.9227 26.6179
0.9235 26.8435
0.9238 25.6447
0.9233 23.3676
0.9219 20.5915
0.9196 17.8310
0.9165 15.3088
0.9127 13.1329
0.9082 11.3874
0.9035 10.2868
0.8999 10.0290
0.8981 10.2442
0.8979 10.3485
0.8979 10.0171
0.8967 9.2304
0.8936 8.1823
0.8885 7.0923
0.8815 6.0950
0.8727 5.2475
0.8627 4.5612
0.8519 4.0239
0.8411 3.6134
0.8308 3.3056
0.8214 3.0778
0.8134 2.9103
0.8066 2.7860
0.8012 2.6899
0.7967 2.6081
0.7927 2.5282
0.7887 2.4486
0.7849 2.3861
0.7817 2.3483
0.7794 2.3309
0.7782 2.3272
0.7777 2.3331
0.7786 2.4211
0.7857 2.8393
0.8014 3.4952
0.8205 4.2250
0.8383 4.9391
0.8525 5.5923
0.8630 6.1612
0.8704 6.6371
0.8755 7.0139
0.8789 7.2019
0.8805 7.0929
0.8800 6.7660
0.8779 6.3614
0.8745 5.9643
0.8705 5.6076
0.8664 5.2962
0.8622 5.0281
0.8584 4.8584
0.8560 4.9003
0.8563 5.2091
0.8600 5.7966
0.8663 6.5685
0.8736 7.3600
0.8802 8.0143
0.8852 8.4133
0.8891 9.5564
0.8964 14.2432
0.9067 20.7514
0.9157 26.4800
0.9218 30.5661
0.9253 32.7256
0.9269 32.8598
0.9272 31.1442
0.9267 28.2593
0.9253 25.1103
0.9235 22.2110
0.9213 19.7775
0.9189 17.7878
0.9165 16.4151
0.9148 16.8641
0.9151 18.9758
0.9168 20.8328
0.9185 21.3474
0.9193 20.6836
0.9191 19.2278
0.9179 17.4472
0.9158 15.6675
0.9131 14.0173
0.9100 12.5225
0.9064 11.1800
0.9024 9.9795
0.8979 8.9112
0.8930 7.9785
0.8877 7.2381
0.8829 6.8935
0.8802 7.0600
0.8799 7.1398
0.8796 6.8437
0.8776 6.2894
0.8732 5.6169
0.8665 4.9463
0.8578 4.3508
0.8478 3.8526
0.8369 3.4393
0.8257 3.0880
0.8141 2.7889
0.8025 2.5521
0.7916 2.3789
0.7823 2.2604
0.7751 2.1854
0.7699 2.1441
0.7669 2.1279
0.7655 2.1300
0.7654 2.1456
0.7663 2.1703
0.7678 2.1973
0.7695 2.2180
0.7708 2.2244
0.7713 2.2153
0.7719 2.2848
0.7785 2.6499
0.7936 3.2180
0.8123 3.8420
0.8298 4.4433
0.8440 4.9890
0.8547 5.4679
0.8623 5.8774
0.8678 6.2228
0.8718 6.5478
0.8753 6.9753
0.8790 7.6163
0.8835 8.4279
0.8882 9.2373
0.8923 9.8411
0.8953 10.0407
0.8966 9.8634
0.8964 9.4091
0.8947 8.8411
0.8930 9.1243
0.8952 11.8450
0.9026 17.1679
0.9114 23.1056
0.9186 27.8294
0.9232 30.7450
0.9256 31.7571
0.9266 31.0169
0.9265 28.9814
0.9257 26.4921
0.9244 24.0965
0.9227 21.9238
0.9209 19.9898
0.9190 18.2767
0.9170 17.1387
0.9158 17.8059
0.9162 19.7289
0.9177 21.0383
0.9188 20.8824
0.9190 19.5917
0.9181 17.6864
0.9160 15.6500
0.9131 13.7770
0.9096 12.2069
0.9057 10.9411
0.9016 9.8825
0.8975 8.9697
0.8932 8.2410
0.8893 7.7840
0.8863 7.6104
0.8847 7.5895
0.8839 7.5125
0.8831 7.2797
0.8815 6.8934
0.8788 6.4010
0.8747 5.8617
0.8693 5.3183
0.8627 4.7960
0.8551 4.3085
0.8464 3.8618
0.8366 3.4569
0.8259 3.0925
0.8141 2.7663
0.8014 2.4779
0.7878 2.2298
0.7739 2.0256
0.7603 1.8653
0.7479 1.7436
0.7370 1.6513
0.7279 1.5777
0.7200 1.5135
0.7128 1.4516
0.7056 1.3882
0.6980 1.3280
0.6934 1.3942
0.7068 1.8046
0.7388 2.4537
0.7756 3.1952
0.8076 3.9396
0.8316 4.6299
0.8482 5.2242
0.8590 5.7140
0.8661 6.1224
0.8710 6.4818
0.8746 6.8072
0.8775 7.0848
0.8798 7.3289
0.8818 7.6474
0.8841 8.0210
0.8863 8.3356
0.8881 8.4979
0.8892 8.4584
0.8893 8.2508
0.8885 8.0395
0.8875 8.0875
0.8895 10.2721
0.8974 14.6601
0.9067 18.7528
0.9141 21.7678
0.9189 24.8193
0.9223 28.9355
0.9248 31.9840
0.9264 33.3296
0.9272 33.4200
0.9275 32.8256
0.9273 31.6156
0.9268 29.7527
0.9260 27.3464
0.9247 24.8481
0.9234 23.7113
0.9226 24.5148
0.9227 25.7306
0.9232 26.4759
0.9236 25.7256
0.9232 23.1311
0.9217 20.1362
0.9192 17.5301
0.9163 15.5551
0.9132 14.1652
0.9104 13.1125
0.9077 12.1879
0.9052 11.2911
0.9024 10.3946
0.8992 9.5109
0.8956 8.6579
0.8914 7.8513
0.8866 7.1025
0.8813 6.4213
0.8754 5.8117
0.8690 5.2711
0.8622 4.7937
0.8550 4.3723
0.8475 3.9987
0.8396 3.6641
0.8313 3.3610
0.8226 3.0835
0.8134 2.8272
0.8035 2.5895
0.7928 2.3695
0.7815 2.1672
0.7694 1.9831
0.7567 1.8173
0.7435 1.6697
0.7301 1.5393
0.7170 1.4482
0.7122 1.6164
0.7282 2.0949
0.7575 2.7045
0.7882 3.3307
0.8137 3.9188
0.8326 4.4463
0.8456 4.9066
0.8546 5.3002
0.8608 5.6297
0.8652 5.8964
0.8684 6.0979
0.8706 6.2237
0.8720 6.2540
0.8724 6.1670
0.8717 5.9542
0.8696 5.6294
0.8661 5.2252
0.8611 4.7928
0.8549 4.3878
0.8479 4.0376
0.8407 3.7652
0.8344 3.6129
0.8303 3.6201
0.8299 3.8085
0.8338 4.2251
0.8423 4.9717
0.8539 5.9434
0.8658 6.9371
0.8759 7.7953
0.8833 8.4349
0.8885 9.2617
0.8949 12.6334
0.9039 17.2832
0.9120 21.1153
0.9177 23.9172
0.9212 25.6413
0.9230 26.3938
0.9241 28.4660
0.9252 31.6799
0.9264 34.1615
0.9274 35.7060
0.9281 36.2909
0.9284 36.1410
0.9285 36.5472
0.9287 37.2862
0.9288 36.7001
0.9286 34.3968
0.9278 30.5128
0.9264 26.5341
0.9245 23.3667
0.9223 21.0111
0.9202 19.0780
0.9180 17.2481
0.9155 15.4198
0.9126 13.6286
0.9090 11.9480
0.9048 10.4325
0.8998 9.1041
0.8941 7.9582
0.8877 6.9750
0.8806 6.1309
0.8728 5.4041
0.8643 4.7773
0.8551 4.2377
0.8452 3.7750
0.8347 3.3802
0.8237 3.0438
0.8124 2.7574
0.8010 2.5253
0.7903 2.3592
0.7813 2.2542
0.7747 2.1960
0.7705 2.1697
0.7683 2.1635
0.7676 2.1691
0.7678 2.1814
0.7686 2.1969
0.7696 2.2138
0.7716 2.3158
0.7798 2.7216
0.7962 3.3326
0.8157 3.9930
0.8334 4.6189
0.8473 5.1747
0.8576 5.6506
0.8648 6.0490
0.8698 6.3762
0.8734 6.6382
0.8760 6.8380
0.8778 6.9717
0.8790 7.0242
0.8794 6.9728
0.8791 6.8093
0.8779 6.5635
0.8760 6.2922
0.8736 6.0752
0.8717 6.0314
0.8710 6.1828
0.8720 6.4584
0.8741 6.8010
0.8770 7.1731
0.8800 7.5177
0.8826 7.7643
0.8849 8.3454
0.8903 11.2257
0.8995 15.3305
0.9083 18.8845
0.9149 21.5269
0.9189 23.1868
0.9210 23.3194
0.9215 21.8468
0.9209 21.3420
0.9208 23.3326
0.9217 25.8650
0.9231 27.9883
0.9244 29.3112
0.9252 29.7726
0.9257 30.4709
0.9262 31.7284
0.9266 32.2069
0.9268 30.9302
0.9262 27.5874
0.9248 23.6893
0.9225 20.4882
0.9199 18.2390
0.9172 16.5807
0.9147 15.1504
0.9121 13.7775
0.9092 12.4257
0.9059 11.1237
0.9020 9.9062
0.8975 8.7952
0.8924 7.7958
0.8865 6.9032
0.8799 6.1111
0.8725 5.4131
0.8644 4.8024
0.8555 4.2711
0.8458 3.8103
0.8355 3.4109
0.8246 3.0644
0.8131 2.7633
0.8012 2.5009
0.7888 2.2710
0.7760 2.0678
0.7628 1.8889
0.7497 1.7483
0.7381 1.6614
0.7298 1.6264
0.7256 1.6337
0.7255 1.6738
0.7288 1.7403
0.7348 1.8461
0.7466 2.1832
0.7690 2.8312
0.7966 3.6103
0.8220 4.3882
0.8417 5.0897
0.8556 5.6801
0.8649 6.1554
0.8709 6.5277
0.8749 6.8136
0.8776 7.0242
0.8794 7.1606
0.8805 7.2168
0.8811 7.2028
0.8811 7.1401
0.8807 7.0923
0.8806 7.1865
0.8811 7.4132
0.8824 7.6771
0.8840 7.8812
0.8854 7.9836
0.8862 7.9693
0.8863 7.8583
0.8861 8.0111
0.8890 10.3524
0.8971 14.2799
0.9062 17.9002
0.9132 20.7155
0.9178 22.5652
0.9204 23.1637
0.9213 21.9894
0.9208 20.7250
0.9202 21.8349
0.9207 24.0872
0.9220 26.2678
0.9233 28.0068
0.9244 29.0268
0.9252 29.1647
0.9255 29.2592
0.9257 29.9141
0.9259 30.0133
0.9259 29.2459
0.9255 27.0584
0.9244 23.8230
0.9225 20.8510
0.9201 18.5725
0.9176 16.7513
0.9149 15.1102
0.9121 13.5482
0.9088 12.0522
0.9050 10.6414
0.9004 9.3456
0.8951 8.1834
0.8890 7.1576
0.8820 6.2624
0.8742 5.4875
0.8655 4.8201
0.8559 4.2471
0.8455 3.7559
0.8343 3.3351
0.8224 2.9742
0.8099 2.6640
0.7969 2.3965
0.7834 2.1647
0.7695 1.9630
0.7553 1.7866
0.7410 1.6389
0.7277 1.5389
0.7176 1.4963
0.7123 1.5070
0.7125 1.5625
0.7176 1.6541
0.7262 1.7730
0.7369 1.9143
0.7500 2.1925
0.7706 2.7977
0.7967 3.5793
0.8216 4.3860
0.8416 5.1481
0.8563 5.8360
0.8665 6.4397
0.8735 6.9606
0.8785 7.4037
0.8821 7.7713
0.8848 8.0589
0.8867 8.2541
0.8880 8.3449
0.8886 8.3303
0.8887 8.2793
0.8887 8.3245
0.8889 8.4542
0.8894 8.5688
0.8899 8.5937
0.8900 8.5083
0.8896 8.2750
0.8884 7.8999
0.8868 7.9585
0.8894 10.6020
0.8977 14.7542
0.9069 18.5912
0.9140 21.1732
0.9184 22.8727
0.9211 25.5378
0.9231 28.0280
0.9245 29.2909
0.9253 29.5732
0.9257 29.3142
0.9256 28.5084
0.9252 27.0379
0.9244 24.9841
0.9232 22.7965
0.9218 21.7949
0.9210 22.5661
0.9212 23.6486
0.9217 24.1905
0.9220 23.3990
0.9215 21.1741
0.9199 18.5274
0.9174 16.4230
0.9146 14.9087
0.9119 13.7030
0.9091 12.5625
0.9062 11.4204
0.9029 10.2890
0.8989 9.1904
0.8942 8.1476
0.8886 7.1818
0.8821 6.3075
0.8745 5.5305
0.8659 4.8484
0.8563 4.2541
0.8456 3.7387
0.8339 3.2937
0.8212 2.9188
0.8082 2.6287
0.7958 2.4257
0.7853 2.2973
0.7775 2.2269
0.7726 2.1984
0.7702 2.1990
0.7698 2.2181
0.7708 2.2474
0.7725 2.2785
0.7743 2.3023
0.7758 2.3090
0.7763 2.2915
0.7755 2.2477
0.7731 2.1813
0.7699 2.1682
0.7725 2.4602
0.7856 2.9938
0.8045 3.6117
0.8234 4.2342
0.8394 4.8408
0.8519 5.4197
0.8613 5.9575
0.8684 6.4435
0.8737 6.8709
0.8777 7.2361
0.8808 7.5385
0.8832 7.7739
0.8848 7.9100
0.8858 7.9332
0.8863 7.9583
0.8866 8.0466
0.8870 8.1470
0.8875 8.2329
0.8880 8.2894
0.8884 8.3019
0.8884 8.2295
0.8882 8.2817
0.8905 10.4308
0.8980 14.4880
0.9067 18.2266
0.9136 21.0829
0.9182 22.9779
0.9207 23.5840
0.9216 22.3860
0.9212 21.3598
0.9208 22.7338
0.9214 24.7672
0.9225 26.4623
0.9235 27.5639
0.9243 27.9227
0.9247 27.8924
0.9249 28.6294
0.9252 29.4025
0.9255 29.3780
0.9255 28.4862
0.9251 26.7750
0.9242 23.9147
0.9224 20.4840
0.9196 17.3453
0.9160 14.7425
0.9117 12.6636
0.9071 11.0101
0.9021 9.7065
0.8971 8.7832
0.8928 8.3812
0.8903 8.4705
0.8899 8.7578
0.8907 8.9651
0.8915 8.9532
0.8917 8.6709
0.8905 8.1453
0.8879 7.4603
0.8837 6.7268
0.8782 6.0288
0.8716 5.4107
0.8644 4.8878
0.8568 4.4571
0.8493 4.0997
0.8418 3.7807
0.8342 3.4908
0.8265 3.2530
0.8193 3.0817
0.8134 2.9756
0.8091 2.9222
0.8065 2.9021
0.8052 2.8959
0.8047 2.8886
0.8044 2.8710
0.8038 2.8387
0.8026 2.8029
0.8028 2.9611
0.8092 3.4235
0.8212 4.0128
0.8348 4.6085
0.8471 5.1539
0.8569 5.6267
0.8641 6.0220
0.8693 6.3434
0.8730 6.5986
0.8755 6.7528
0.8768 6.6437
0.8760 6.2548
0.8729 5.7268
0.8677 5.1892
0.8613 4.7343
0.8547 4.4748
0.8505 4.5318
0.8504 4.8508
0.8540 5.2886
0.8594 5.7190
0.8648 6.0495
0.8690 6.2197
0.8713 6.1958
0.8721 6.3212
0.8766 8.5137
0.8879 12.2615
0.9000 15.7659
0.9092 18.5530
0.9151 20.5018
0.9184 21.5106
0.9199 21.4885
0.9201 20.4059
0.9190 18.1212
0.9168 16.0228
0.9146 16.1910
0.9145 18.5365
0.9163 21.1353
0.9187 23.3678
0.9210 25.9529
0.9231 29.1359
0.9249 31.3093
0.9261 31.8547
0.9266 30.9402
0.9264 28.8593
0.9254 25.5246
0.9236 21.9148
0.9210 18.7564
0.9178 16.1808
0.9143 14.1301
0.9104 12.4926
0.9064 11.1632
0.9024 10.1192
0.8986 9.3714
0.8953 8.9775
0.8933 9.0112
0.8929 9.3455
0.8938 9.6942
0.8950 9.7893
0.8955 9.4999
0.8946 8.8532
0.8918 7.9641
0.8870 6.9019
0.8797 5.8482
0.8700 4.9385
0.8583 4.1912
0.8450 3.5930
0.8308 3.1214
0.8160 2.7490
0.8013 2.4567
0.7873 2.2444
0.7751 2.1039
0.7655 2.0188
0.7589 1.9731
0.7549 1.9542
0.7531 1.9530
0.7528 1.9624
0.7534 1.9768
0.7544 1.9909
0.7555 1.9991
0.7564 2.0224
0.7613 2.2786
0.7761 2.8048
0.7971 3.4295
0.8179 4.0466
0.8350 4.6090
0.8479 5.1014
0.8570 5.5242
0.8635 5.8826
0.8681 6.1813
0.8714 6.4206
0.8739 6.5926
0.8756 6.6807
0.8764 6.6636
0.8764 6.5261
0.8753 6.2705
0.8730 5.9186
0.8695 5.5031
0.8648 5.0553
0.8588 4.6006
0.8520 4.2642
0.8464 4.2065
0.8447 4.4425
0.8477 4.9244
0.8544 5.5730
0.8626 6.2871
0.8705 6.9499
0.8779 8.3002
0.8886 12.1343
0.9006 16.2895
0.9100 19.6757
0.9163 22.2451
0.9200 23.9998
0.9219 24.8794
0.9227 24.1983
0.9224 22.3384
0.9215 22.0092
0.9213 23.8696
0.9221 25.9772
0.9232 27.5896
0.9242 28.5174
0.9249 29.3733
0.9256 31.1642
0.9263 32.5248
0.9269 32.6711
0.9270 31.6629
0.9266 29.0088
0.9255 25.3349
0.9235 21.6246
0.9208 18.3755
0.9174 15.7141
0.9135 13.5754
