0.6431
0.5843
0.4856
0.3899
0.3092
0.2664
0.2498
0.2484
0.2495
0.2509
0.2515
0.2517
0.2521
0.2522
0.2519
0.2516
0.2517
0.2515
0.2516
0.2516
0.2518
0.2514
0.2515
0.2516
0.2517
0.2515
0.2516
0.2519
0.2515
0.2517
0.2517
0.2512
0.2522
0.2516
0.2521
0.2514
0.2517
0.2522
0.2510
0.2522
0.2517
0.2519
0.2518
0.2519
0.2517
0.2520
0.2521
0.2520
0.2517
0.2511
0.2518
0.2511
0.2517
0.2515
0.2514
0.2516
0.2521
0.2515
0.2514
0.2517
0.2520
0.2516
0.2512
0.2518
0.2521
0.2523
0.2516
0.2516
0.2518
0.2511
0.2524
0.2515
0.2519
0.2523
0.2518
0.2515
0.2514
0.2516
0.2518
0.2515
0.2521
0.2517
0.2510
0.2520
0.2518
0.2523
0.2514
0.2520
0.2514
0.2515
0.2522
0.2518
0.2523
0.2513
0.2517
0.2523
0.2516
0.2518
0.2520
0.2522
0.2516
0.2517
0.2514
0.2515
0.2519
0.2513
0.2520
0.2522
0.2514
0.2522
0.2508
0.2518
0.2517
0.2516
0.2517
0.2516
0.2515
0.2517
0.2511
0.2511
0.2523
0.2520
0.2513
0.2518
0.2518
0.2513
0.2517
0.2517
0.2517
0.2513
0.2517
0.2519
0.2515
0.2518
0.2517
0.2522
0.2516
0.2513
0.2519
0.2514
0.2520
0.2516
0.2520
0.2515
0.2515
0.2517
0.2522
0.2513
0.2516
0.2513
