0.3574 0.2140
0.3525 0.2068
0.3481 0.2005
0.3443 0.1951
0.3410 0.1904
0.3382 0.1864
0.3357 0.1828
0.3335 0.1798
0.3316 0.1771
0.3299 0.1749
0.3285 0.1729
0.3273 0.1712
0.3262 0.1699
0.3263 0.1755
0.3493 0.3309
0.5161 2.7562
0.7301 12.0451
0.8597 25.7239
0.9171 44.2473
0.9362 62.1561
0.9400 76.3215
0.9391 85.1439
0.9377 87.8339
0.9366 84.9882
0.9359 78.3659
0.9353 70.0664
0.9346 61.6069
0.9338 53.7245
0.9328 46.6693
0.9316 40.4691
0.9301 35.0666
0.9285 30.3781
0.9265 26.3165
0.9243 22.8006
0.9218 19.7580
0.9189 17.1251
0.9156 14.8466
0.9118 12.8748
0.9074 11.1684
0.9025 9.6914
0.8968 8.4131
0.8904 7.3065
0.8832 6.3486
0.8751 5.5193
0.8659 4.8014
0.8556 4.1797
0.8442 3.6414
0.8314 3.1754
0.8174 2.7717
0.8020 2.4222
0.7852 2.1195
0.7670 1.8573
0.7475 1.6303
0.7268 1.4336
0.7049 1.2633
0.6822 1.1158
0.6588 0.9880
0.6350 0.8773
0.6111 0.7814
0.5873 0.6983
0.5640 0.6264
0.5415 0.5640
0.5199 0.5100
0.4994 0.4633
0.4803 0.4227
0.4626 0.3876
0.4463 0.3572
0.4315 0.3309
0.4181 0.3080
0.4060 0.2882
0.3953 0.2711
0.3858 0.2563
0.3773 0.2434
0.3699 0.2323
0.3634 0.2226
0.3576 0.2142
0.3526 0.2070
0.3483 0.2007
0.3445 0.1953
0.3411 0.1906
0.3382 0.1865
0.3357 0.1830
0.3335 0.1799
0.3316 0.1772
0.3300 0.1749
0.3285 0.1729
0.3273 0.1712
0.3262 0.1699
0.3261 0.1741
0.3457 0.3070
0.5050 2.5133
0.7220 11.5775
0.8558 25.2316
0.9157 43.8157
0.9359 61.8439
0.9400 76.1718
0.9392 85.1908
0.9378 88.0555
0.9367 85.3128
0.9360 78.7218
0.9353 70.4084
0.9347 61.9159
0.9338 53.9962
0.9328 46.9053
0.9316 40.6731
0.9302 35.2427
0.9285 30.5299
0.9266 26.4473
0.9244 22.9135
0.9219 19.8553
0.9190 17.2090
0.9157 14.9190
0.9119 12.9373
0.9076 11.2223
0.9026 9.7379
0.8970 8.4532
0.8907 7.3411
0.8835 6.3785
0.8753 5.5451
0.8662 4.8236
0.8560 4.1989
0.8446 3.6580
0.8319 3.1897
0.8179 2.7841
0.8025 2.4329
0.7857 2.1287
0.7676 1.8653
0.7481 1.6371
0.7274 1.4395
0.7057 1.2684
0.6830 1.1202
0.6596 0.9918
0.6358 0.8805
0.6118 0.7842
0.5881 0.7008
0.5647 0.6285
0.5421 0.5658
0.5205 0.5116
0.5000 0.4646
0.4809 0.4239
0.4631 0.3886
0.4468 0.3581
0.4319 0.3316
0.4185 0.3087
0.4064 0.2888
0.3956 0.2716
0.3860 0.2567
0.3776 0.2438
0.3701 0.2326
0.3635 0.2229
0.3578 0.2145
0.3528 0.2072
0.3484 0.2009
0.3446 0.1954
0.3412 0.1907
0.3383 0.1866
0.3358 0.1830
0.3336 0.1800
0.3317 0.1773
0.3300 0.1750
0.3286 0.1730
0.3273 0.1713
0.3263 0.1699
0.3260 0.1731
0.3428 0.2886
0.4954 2.3145
0.7148 11.1754
0.8522 24.8184
0.9144 43.4656
0.9357 61.5963
0.9401 76.0610
0.9393 85.2464
0.9379 88.2586
0.9367 85.6004
0.9360 79.0320
0.9354 70.7037
0.9347 62.1813
0.9339 54.2289
0.9329 47.1071
0.9316 40.8474
0.9302 35.3929
0.9286 30.6593
0.9267 26.5588
0.9245 23.0095
0.9220 19.9381
0.9191 17.2804
0.9158 14.9805
0.9120 12.9904
0.9077 11.2680
0.9028 9.7774
0.8972 8.4872
0.8909 7.3705
0.8837 6.4038
0.8756 5.5670
0.8665 4.8424
0.8563 4.2152
0.8449 3.6720
0.8322 3.2017
0.8183 2.7945
0.8029 2.4419
0.7862 2.1365
0.7681 1.8720
0.7487 1.6429
0.7280 1.4445
0.7063 1.2727
0.6836 1.1239
0.6602 0.9950
0.6364 0.8833
0.6125 0.7866
0.5887 0.7028
0.5654 0.6302
0.5427 0.5674
0.5211 0.5129
0.5006 0.4657
0.4813 0.4249
0.4635 0.3895
0.4472 0.3588
0.4323 0.3322
0.4188 0.3092
0.4067 0.2893
0.3959 0.2720
0.3863 0.2570
0.3778 0.2441
0.3703 0.2328
0.3637 0.2231
0.3579 0.2147
0.3529 0.2074
0.3485 0.2010
0.3446 0.1956
0.3413 0.1908
0.3384 0.1867
0.3359 0.1831
0.3337 0.1800
0.3317 0.1774
0.3301 0.1750
0.3286 0.1730
0.3274 0.1713
0.3263 0.1699
0.3259 0.1724
0.3406 0.2742
0.4871 2.1521
0.7084 10.8312
0.8491 24.4785
0.9133 43.1932
0.9355 61.4115
0.9401 75.9897
0.9394 85.3130
0.9379 88.4463
0.9368 85.8539
0.9360 79.2987
0.9354 70.9540
0.9347 62.4046
0.9339 54.4238
0.9329 47.2756
0.9317 40.9926
0.9303 35.5179
0.9286 30.7668
0.9267 26.6514
0.9245 23.0892
0.9220 20.0068
0.9192 17.3395
0.9159 15.0315
0.9121 13.0343
0.9078 11.3059
0.9029 9.8100
0.8973 8.5154
0.8910 7.3947
0.8839 6.4247
0.8758 5.5850
0.8667 4.8580
0.8565 4.2285
0.8452 3.6836
0.8325 3.2117
0.8186 2.8031
0.8033 2.4492
0.7866 2.1428
0.7685 1.8775
0.7491 1.6476
0.7285 1.4486
0.7068 1.2762
0.6841 1.1269
0.6607 0.9976
0.6369 0.8856
0.6130 0.7885
0.5892 0.7045
0.5658 0.6317
0.5432 0.5686
0.5215 0.5140
0.5010 0.4667
0.4817 0.4257
0.4639 0.3902
0.4475 0.3594
0.4326 0.3327
0.4190 0.3097
0.4069 0.2897
0.3961 0.2723
0.3864 0.2573
0.3779 0.2443
0.3704 0.2330
0.3638 0.2233
0.3580 0.2148
0.3530 0.2075
0.3486 0.2012
0.3447 0.1957
0.3414 0.1909
0.3384 0.1868
0.3359 0.1832
0.3337 0.1801
0.3318 0.1774
0.3301 0.1751
0.3286 0.1731
0.3274 0.1713
0.3263 0.1699
0.3258 0.1718
0.3388 0.2631
0.4801 2.0237
0.7030 10.5505
0.8465 24.2226
0.9124 43.0126
0.9353 61.3029
0.9402 75.9698
0.9395 85.4004
0.9380 88.6247
0.9368 86.0755
0.9360 79.5217
0.9354 71.1580
0.9347 62.5839
0.9339 54.5790
0.9329 47.4093
0.9317 41.1074
0.9303 35.6165
0.9287 30.8516
0.9268 26.7243
0.9246 23.1519
0.9221 20.0607
0.9192 17.3859
0.9159 15.0715
0.9122 13.0687
0.9079 11.3355
0.9030 9.8355
0.8975 8.5373
0.8911 7.4136
0.8840 6.4410
0.8759 5.5990
0.8669 4.8700
0.8567 4.2389
0.8454 3.6925
0.8328 3.2194
0.8189 2.8097
0.8036 2.4549
0.7869 2.1477
0.7689 1.8817
0.7495 1.6513
0.7289 1.4517
0.7071 1.2789
0.6845 1.1292
0.6611 0.9996
0.6373 0.8873
0.6134 0.7900
0.5896 0.7057
0.5662 0.6328
0.5436 0.5696
0.5219 0.5148
0.5013 0.4674
0.4820 0.4263
0.4642 0.3907
0.4477 0.3598
0.4328 0.3331
0.4192 0.3100
0.4071 0.2899
0.3962 0.2726
0.3866 0.2575
0.3780 0.2445
0.3705 0.2332
0.3639 0.2234
0.3581 0.2149
0.3530 0.2076
0.3486 0.2012
0.3448 0.1957
0.3414 0.1910
0.3385 0.1868
0.3359 0.1832
0.3337 0.1801
0.3318 0.1774
0.3301 0.1751
0.3287 0.1731
0.3274 0.1713
0.3263 0.1699
0.3258 0.1714
0.3375 0.2546
0.4745 1.9245
0.6986 10.3309
0.8443 24.0536
0.9116 42.9294
0.9351 61.2763
0.9402 76.0069
0.9396 85.5129
0.9380 88.7962
0.9369 86.2655
0.9361 79.6995
0.9354 71.3135
0.9347 62.7172
0.9339 54.6927
0.9329 47.5064
0.9317 41.1905
0.9303 35.6876
0.9287 30.9125
0.9268 26.7766
0.9246 23.1968
0.9221 20.0992
0.9193 17.4190
0.9160 15.0999
0.9122 13.0931
0.9080 11.3564
0.9031 9.8535
0.8975 8.5528
0.8912 7.4269
0.8841 6.4523
0.8761 5.6087
0.8670 4.8784
0.8568 4.2461
0.8455 3.6987
0.8329 3.2247
0.8190 2.8142
0.8038 2.4588
0.7871 2.1510
0.7691 1.8845
0.7497 1.6537
0.7291 1.4538
0.7074 1.2807
0.6847 1.1307
0.6614 1.0009
0.6376 0.8884
0.6136 0.7910
0.5898 0.7066
0.5665 0.6335
0.5438 0.5701
0.5221 0.5153
0.5015 0.4678
0.4822 0.4266
0.4643 0.3910
0.4479 0.3601
0.4329 0.3334
0.4194 0.3102
0.4072 0.2901
0.3963 0.2727
0.3866 0.2576
0.3781 0.2446
0.3706 0.2333
0.3639 0.2235
0.3582 0.2150
0.3531 0.2077
0.3487 0.2013
0.3448 0.1958
0.3414 0.1910
0.3385 0.1868
0.3359 0.1833
0.3337 0.1801
0.3318 0.1775
0.3301 0.1751
0.3287 0.1731
0.3274 0.1714
0.3263 0.1699
0.3257 0.1711
0.3364 0.2482
0.4702 1.8535
0.6952 10.1764
0.8426 23.9782
0.9111 42.9508
0.9350 61.3394
0.9403 76.1087
0.9397 85.6576
0.9381 88.9657
0.9369 86.4260
0.9361 79.8327
0.9354 71.4199
0.9348 62.8030
0.9339 54.7631
0.9329 47.5649
0.9317 41.2395
0.9303 35.7290
0.9287 30.9475
0.9268 26.8062
0.9246 23.2219
0.9221 20.1205
0.9193 17.4371
0.9160 15.1152
0.9123 13.1061
0.9080 11.3674
0.9031 9.8628
0.8976 8.5606
0.8913 7.4335
0.8842 6.4580
0.8761 5.6134
0.8671 4.8824
0.8569 4.2494
0.8456 3.7015
0.8330 3.2270
0.8191 2.8162
0.8038 2.4605
0.7872 2.1524
0.7692 1.8857
0.7498 1.6546
0.7292 1.4546
0.7075 1.2813
0.6848 1.1313
0.6615 1.0013
0.6377 0.8887
0.6137 0.7912
0.5899 0.7068
0.5665 0.6336
0.5438 0.5703
0.5221 0.5154
0.5015 0.4679
0.4822 0.4267
0.4644 0.3910
0.4479 0.3601
0.4329 0.3334
0.4194 0.3102
0.4072 0.2901
0.3963 0.2727
0.3866 0.2576
0.3781 0.2446
0.3706 0.2333
0.3639 0.2235
0.3581 0.2150
0.3531 0.2076
0.3486 0.2013
0.3448 0.1958
0.3414 0.1910
0.3385 0.1868
0.3359 0.1832
0.3337 0.1801
0.3318 0.1774
0.3301 0.1751
0.3287 0.1731
0.3274 0.1713
0.3263 0.1699
0.3257 0.1709
0.3357 0.2439
0.4674 1.8139
0.6932 10.1034
0.8417 24.0294
0.9108 43.1170
0.9350 61.5288
0.9403 76.3054
0.9397 85.8549
0.9381 89.1419
0.9369 86.5552
0.9361 79.9120
0.9354 71.4649
0.9348 62.8285
0.9339 54.7779
0.9329 47.5736
0.9317 41.2444
0.9303 35.7315
0.9287 30.9483
0.9268 26.8059
0.9246 23.2208
0.9221 20.1188
0.9193 17.4350
0.9160 15.1128
0.9123 13.1035
0.9080 11.3648
0.9031 9.8602
0.8976 8.5580
0.8913 7.4310
0.8841 6.4555
0.8761 5.6111
0.8670 4.8801
0.8569 4.2473
0.8455 3.6995
0.8330 3.2251
0.8190 2.8145
0.8038 2.4589
0.7871 2.1509
0.7691 1.8843
0.7497 1.6534
0.7291 1.4534
0.7073 1.2803
0.6847 1.1303
0.6613 1.0004
0.6375 0.8879
0.6135 0.7905
0.5897 0.7061
0.5663 0.6330
0.5437 0.5697
0.5219 0.5149
0.5013 0.4674
0.4821 0.4263
0.4642 0.3907
0.4477 0.3598
0.4328 0.3331
0.4192 0.3099
0.4070 0.2899
0.3962 0.2725
0.3865 0.2575
0.3780 0.2444
0.3705 0.2331
0.3639 0.2233
0.3581 0.2149
0.3530 0.2075
0.3486 0.2012
0.3447 0.1957
0.3414 0.1909
0.3384 0.1868
0.3359 0.1832
0.3337 0.1801
0.3318 0.1774
0.3301 0.1751
0.3286 0.1731
0.3274 0.1713
0.3263 0.1699
0.3256 0.1707
0.3353 0.2421
0.4669 1.8165
0.6931 10.1455
0.8418 24.2675
0.9110 43.4959
0.9351 61.9048
0.9404 76.6433
0.9398 86.1320
0.9381 89.3300
0.9369 86.6392
0.9361 79.9128
0.9354 71.4201
0.9348 62.7657
0.9339 54.7112
0.9329 47.5091
0.9317 41.1845
0.9303 35.6768
0.9287 30.8990
0.9268 26.7615
0.9246 23.1810
0.9221 20.0833
0.9192 17.4032
0.9160 15.0845
0.9122 13.0782
0.9079 11.3423
0.9030 9.8401
0.8975 8.5402
0.8912 7.4151
0.8840 6.4414
0.8760 5.5985
0.8669 4.8690
0.8567 4.2374
0.8453 3.6907
0.8327 3.2173
0.8188 2.8075
0.8035 2.4527
0.7868 2.1455
0.7687 1.8795
0.7493 1.6491
0.7286 1.4496
0.7069 1.2769
0.6842 1.1273
0.6608 0.9978
0.6370 0.8856
0.6130 0.7885
0.5892 0.7043
0.5658 0.6315
0.5431 0.5683
0.5214 0.5137
0.5009 0.4663
0.4816 0.4253
0.4637 0.3898
0.4473 0.3591
0.4324 0.3324
0.4189 0.3093
0.4067 0.2894
0.3959 0.2721
0.3863 0.2571
0.3778 0.2441
0.3703 0.2328
0.3637 0.2231
0.3579 0.2146
0.3529 0.2073
0.3485 0.2010
0.3446 0.1955
0.3413 0.1908
0.3384 0.1866
0.3358 0.1831
0.3336 0.1800
0.3317 0.1773
0.3300 0.1750
0.3286 0.1730
0.3273 0.1713
0.3262 0.1698
0.3256 0.1706
0.3354 0.2434
0.4691 1.8722
0.6954 10.3309
0.8432 24.7352
0.9116 44.1211
0.9354 62.4906
0.9405 77.1339
0.9398 86.4863
0.9381 89.5136
0.9369 86.6533
0.9361 79.8082
0.9354 71.2607
0.9347 62.5931
0.9339 54.5448
0.9329 47.3563
0.9317 41.0473
0.9303 35.5548
0.9286 30.7911
0.9267 26.6664
0.9245 23.0973
0.9220 20.0096
0.9192 17.3384
0.9159 15.0275
0.9121 13.0281
0.9078 11.2983
0.9029 9.8014
0.8973 8.5062
0.8910 7.3852
0.8838 6.4151
0.8757 5.5755
0.8666 4.8487
0.8564 4.2196
0.8450 3.6751
0.8323 3.2036
0.8183 2.7955
0.8030 2.4422
0.7862 2.1362
0.7681 1.8713
0.7486 1.6420
0.7279 1.4434
0.7061 1.2714
0.6834 1.1225
0.6600 0.9936
0.6361 0.8819
0.6122 0.7852
0.5883 0.7015
0.5650 0.6289
0.5423 0.5661
0.5206 0.5118
0.5001 0.4646
0.4809 0.4239
0.4631 0.3885
0.4467 0.3579
0.4318 0.3314
0.4184 0.3085
0.4063 0.2886
0.3955 0.2714
0.3859 0.2565
0.3774 0.2436
0.3700 0.2324
0.3634 0.2227
0.3577 0.2143
0.3526 0.2070
0.3483 0.2007
0.3445 0.1953
0.3411 0.1906
0.3382 0.1865
0.3357 0.1829
0.3335 0.1799
0.3316 0.1772
0.3300 0.1749
0.3285 0.1729
0.3273 0.1712
0.3262 0.1698
0.3256 0.1707
0.3362 0.2497
0.4752 2.0021
0.7008 10.6964
0.8461 25.4730
0.9129 45.0111
0.9358 63.2912
0.9406 77.7684
0.9398 86.8929
0.9381 89.6555
0.9369 86.5562
0.9361 79.5596
0.9354 70.9520
0.9347 62.2797
0.9339 54.2507
0.9329 47.0895
0.9316 40.8089
0.9302 35.3434
0.9286 30.6042
0.9266 26.5015
0.9244 22.9518
0.9219 19.8814
0.9190 17.2254
0.9157 14.9280
0.9119 12.9405
0.9076 11.2211
0.9026 9.7335
0.8970 8.4464
0.8906 7.3327
0.8834 6.3689
0.8753 5.5349
0.8661 4.8130
0.8558 4.1883
0.8443 3.6475
0.8316 3.1794
0.8175 2.7742
0.8021 2.4235
0.7852 2.1198
0.7670 1.8570
0.7475 1.6294
0.7267 1.4323
0.7048 1.2617
0.6820 1.1140
0.6585 0.9861
0.6346 0.8754
0.6106 0.7795
0.5868 0.6964
0.5635 0.6245
0.5408 0.5623
0.5192 0.5084
0.4988 0.4617
0.4796 0.4212
0.4619 0.3862
0.4456 0.3559
0.4308 0.3297
0.4174 0.3069
0.4054 0.2872
0.3947 0.2702
0.3852 0.2554
0.3768 0.2426
0.3694 0.2316
0.3629 0.2220
0.3572 0.2137
0.3523 0.2065
0.3479 0.2003
0.3442 0.1949
0.3409 0.1902
0.3380 0.1861
0.3355 0.1826
0.3334 0.1796
0.3315 0.1770
0.3299 0.1748
0.3284 0.1728
0.3272 0.1712
0.3262 0.1699
0.3257 0.1712
0.3383 0.2649
0.4876 2.2766
0.7111 11.3811
0.8516 26.6591
0.9151 46.3046
0.9365 64.3835
0.9407 78.5496
0.9397 87.2706
0.9381 89.5960
0.9368 86.1358
0.9360 78.9335
0.9354 70.2613
0.9347 61.6035
0.9338 53.6221
0.9328 46.5184
0.9315 40.2957
0.9301 34.8846
0.9284 30.1951
0.9265 26.1371
0.9242 22.6275
0.9217 19.5928
0.9187 16.9686
0.9153 14.6993
0.9115 12.7369
0.9071 11.0398
0.9020 9.5721
0.8963 8.3026
0.8898 7.2046
0.8825 6.2548
0.8741 5.4333
0.8648 4.7226
0.8543 4.1077
0.8426 3.5758
0.8297 3.1157
0.8153 2.7176
0.7996 2.3731
0.7825 2.0751
0.7640 1.8172
0.7441 1.5941
0.7231 1.4011
0.7009 1.2340
0.6779 1.0895
0.6542 0.9644
0.6302 0.8562
0.6061 0.7625
0.5823 0.6815
0.5589 0.6113
0.5364 0.5506
0.5149 0.4981
0.4947 0.4526
0.4757 0.4133
0.4583 0.3792
0.4422 0.3497
0.4277 0.3242
0.4146 0.3022
0.4029 0.2831
0.3924 0.2665
0.3831 0.2522
0.3750 0.2398
0.3678 0.2291
0.3615 0.2198
0.3559 0.2118
0.3511 0.2048
0.3469 0.1988
0.3433 0.1936
0.3401 0.1891
0.3373 0.1853
0.3350 0.1821
0.3331 0.1795
0.3315 0.1778
0.3306 0.1771
0.3302 0.1776
0.3307 0.1796
0.3321 0.1834
0.3347 0.1903
0.3481 0.2771
0.4965 2.4123
0.7170 11.5574
0.8542 27.0700
0.9159 46.3440
0.9365 63.7508
0.9405 77.2098
0.9395 85.2245
0.9379 86.9429
0.9367 83.1186
0.9358 75.8617
0.9351 67.3653
0.9344 58.9851
0.9335 51.2991
0.9324 44.4719
0.9311 38.4951
0.9296 33.2985
0.9278 28.7954
0.9258 24.8994
0.9234 21.5316
0.9207 18.6216
0.9176 16.1077
0.9140 13.9364
0.9099 12.0612
0.9052 10.4419
0.8999 9.0435
0.8938 7.8358
0.8869 6.7928
0.8791 5.8920
0.8703 5.1139
0.8604 4.4417
0.8494 3.8611
0.8370 3.3594
0.8234 2.9259
0.8083 2.5513
0.7918 2.2275
0.7740 1.9477
0.7547 1.7059
0.7342 1.4968
0.7124 1.3161
0.6897 1.1599
0.6663 1.0248
0.6423 0.9080
0.6181 0.8070
0.5940 0.7197
0.5703 0.6441
0.5472 0.5788
0.5252 0.5223
0.5042 0.4735
0.4846 0.4312
0.4664 0.3947
0.4496 0.3630
0.4343 0.3357
0.4205 0.3120
0.4081 0.2915
0.3971 0.2738
0.3873 0.2585
0.3786 0.2452
0.3709 0.2338
0.3642 0.2238
0.3584 0.2153
0.3532 0.2078
0.3487 0.2014
0.3449 0.1959
0.3415 0.1912
0.3388 0.1881
0.3373 0.1881
0.3383 0.1946
0.3437 0.2118
0.3559 0.2445
0.3772 0.2986
0.4092 0.3803
0.4509 0.4919
0.4985 0.6301
0.5468 0.7867
0.5912 0.9527
0.6319 1.2183
0.6999 3.0428
0.7957 9.1216
0.8680 19.2406
0.9078 32.2740
0.9259 46.8448
0.9328 59.1227
0.9349 66.8136
0.9352 69.2997
0.9350 67.1215
0.9345 61.6027
