-0.2714 0.000024
-0.2601 0.000019
-0.2486 0.000015
-0.2368 0.000012
-0.2246 0.000009
-0.2118 0.000007
-0.1982 0.000006
-0.1835 0.000004
-0.1671 0.000003
-0.1483 0.000002
-0.1254 0.000002
-0.0958 0.000001
-0.0538 0.005435
0.0112 -0.002082
0.0996 -0.019737
0.1792 -0.071404
0.2276 -0.090899
0.2476 -0.098995
0.2480 -0.099239
0.2372 -0.094921
0.2206 -0.088301
0.2016 -0.080712
0.1819 -0.072848
0.1623 -0.065011
0.1430 -0.057279
0.1238 -0.049600
0.1044 -0.041833
0.0842 -0.033750
0.0623 -0.025000
0.0373 -0.015027
0.0070 -0.002824
-0.0323 0.011282
-0.0849 0.026364
-0.1499 0.038601
-0.2174 0.046354
-0.2770 0.048895
-0.3255 0.047529
-0.3635 0.043902
-0.3929 0.039243
-0.4154 0.034316
-0.4326 0.029553
-0.4457 0.025174
-0.4554 0.021270
-0.4625 0.017861
-0.4675 0.014926
-0.4707 0.012426
-0.4724 0.010313
-0.4729 0.008536
-0.4724 0.007050
-0.4710 0.005812
-0.4689 0.004784
-0.4660 0.003931
-0.4625 0.003226
-0.4584 0.002644
-0.4539 0.002164
-0.4488 0.001769
-0.4432 0.001445
-0.4372 0.001178
-0.4308 0.000960
-0.4239 0.000781
-0.4167 0.000635
-0.4090 0.000515
-0.4010 0.000418
-0.3926 0.000338
-0.3838 0.000273
-0.3748 0.000221
-0.3654 0.000178
-0.3558 0.000143
-0.3459 0.000115
-0.3359 0.000092
-0.3256 0.000074
-0.3152 0.000059
-0.3046 0.000047
-0.2938 0.000038
-0.2829 0.000030
-0.2718 0.000024
-0.2606 0.000019
-0.2491 0.000015
-0.2373 0.000012
-0.2251 0.000009
-0.2123 0.000007
-0.1987 0.000006
-0.1841 0.000004
-0.1678 0.000003
-0.1490 0.000002
-0.1264 0.000002
-0.0971 0.000001
-0.0557 0.005626
0.0083 -0.001505
0.0962 -0.019058
0.1767 -0.070424
0.2264 -0.090420
0.2473 -0.098896
0.2484 -0.099369
0.2378 -0.095167
0.2213 -0.088595
0.2024 -0.081020
0.1827 -0.073152
0.1631 -0.065307
0.1437 -0.057567
0.1245 -0.049886
0.1051 -0.042124
0.0849 -0.034055
0.0631 -0.025337
0.0383 -0.015421
0.0082 -0.003311
-0.0307 0.010740
-0.0827 0.025801
-0.1474 0.038126
-0.2151 0.046054
-0.2751 0.048762
-0.3240 0.047510
-0.3623 0.043949
-0.3920 0.039323
-0.4148 0.034408
-0.4322 0.029646
-0.4454 0.025261
-0.4552 0.021349
-0.4624 0.017931
-0.4674 0.014987
-0.4706 0.012478
-0.4724 0.010356
-0.4730 0.008573
-0.4725 0.007081
-0.4711 0.005838
-0.4690 0.004805
-0.4661 0.003949
-0.4627 0.003241
-0.4586 0.002656
-0.4540 0.002174
-0.4490 0.001778
-0.4434 0.001452
-0.4374 0.001184
-0.4310 0.000965
-0.4242 0.000785
-0.4169 0.000638
-0.4093 0.000518
-0.4012 0.000420
-0.3929 0.000340
-0.3841 0.000275
-0.3751 0.000222
-0.3657 0.000179
-0.3561 0.000144
-0.3463 0.000116
-0.3362 0.000093
-0.3259 0.000074
-0.3155 0.000060
-0.3049 0.000048
-0.2942 0.000038
-0.2833 0.000030
-0.2722 0.000024
-0.2610 0.000019
-0.2495 0.000015
-0.2377 0.000012
-0.2255 0.000009
-0.2127 0.000007
-0.1992 0.000006
-0.1846 0.000004
-0.1683 0.000003
-0.1497 0.000002
-0.1272 0.000002
-0.0982 0.000001
-0.0574 0.000001
0.0058 -0.001012
0.0933 -0.018470
0.1746 -0.069563
0.2253 -0.089994
0.2471 -0.098804
0.2486 -0.099479
0.2383 -0.095379
0.2219 -0.088851
0.2030 -0.081286
0.1833 -0.073415
0.1637 -0.065562
0.1443 -0.057817
0.1251 -0.050133
0.1057 -0.042374
0.0856 -0.034318
0.0638 -0.025626
0.0391 -0.015758
0.0093 -0.003731
-0.0293 0.010279
-0.0809 0.025330
-0.1453 0.037735
-0.2130 0.045815
-0.2734 0.048669
-0.3227 0.047517
-0.3613 0.044012
-0.3912 0.039412
-0.4142 0.034506
-0.4317 0.029742
-0.4450 0.025351
-0.4550 0.021429
-0.4622 0.018001
-0.4673 0.015047
-0.4706 0.012529
-0.4724 0.010400
-0.4730 0.008610
-0.4725 0.007112
-0.4712 0.005864
-0.4691 0.004826
-0.4662 0.003966
-0.4628 0.003255
-0.4587 0.002668
-0.4542 0.002184
-0.4491 0.001786
-0.4436 0.001458
-0.4376 0.001189
-0.4312 0.000969
-0.4244 0.000789
-0.4171 0.000641
-0.4095 0.000520
-0.4015 0.000422
-0.3931 0.000341
-0.3844 0.000276
-0.3753 0.000223
-0.3660 0.000180
-0.3564 0.000145
-0.3466 0.000116
-0.3365 0.000093
-0.3262 0.000075
-0.3158 0.000060
-0.3052 0.000048
-0.2945 0.000038
-0.2836 0.000030
-0.2725 0.000024
-0.2613 0.000019
-0.2498 0.000015
-0.2380 0.000012
-0.2258 0.000009
-0.2131 0.000007
-0.1996 0.000006
-0.1850 0.000004
-0.1688 0.000003
-0.1502 0.000002
-0.1279 0.000002
-0.0991 0.000001
-0.0587 0.000001
0.0037 -0.000595
0.0908 -0.017965
0.1727 -0.068808
0.2244 -0.089615
0.2469 -0.098716
0.2489 -0.099568
0.2388 -0.095560
0.2225 -0.089069
0.2036 -0.081514
0.1839 -0.073641
0.1643 -0.065782
0.1449 -0.058031
0.1257 -0.050344
0.1063 -0.042589
0.0862 -0.034544
0.0645 -0.025874
0.0398 -0.016046
0.0102 -0.004085
-0.0281 0.009882
-0.0793 0.024907
-0.1435 0.037369
-0.2113 0.045575
-0.2720 0.048553
-0.3216 0.047488
-0.3605 0.044035
-0.3906 0.039461
-0.4137 0.034565
-0.4314 0.029804
-0.4448 0.025409
-0.4548 0.021482
-0.4621 0.018048
-0.4672 0.015088
-0.4705 0.012565
-0.4724 0.010430
-0.4730 0.008635
-0.4726 0.007133
-0.4713 0.005881
-0.4691 0.004841
-0.4663 0.003979
-0.4629 0.003265
-0.4589 0.002676
-0.4543 0.002191
-0.4493 0.001791
-0.4438 0.001463
-0.4378 0.001193
-0.4314 0.000972
-0.4246 0.000791
-0.4173 0.000643
-0.4097 0.000522
-0.4017 0.000423
-0.3933 0.000343
-0.3846 0.000277
-0.3756 0.000224
-0.3662 0.000180
-0.3566 0.000145
-0.3468 0.000117
-0.3367 0.000094
-0.3265 0.000075
-0.3161 0.000060
-0.3055 0.000048
-0.2947 0.000038
-0.2838 0.000031
-0.2728 0.000024
-0.2615 0.000019
-0.2501 0.000015
-0.2383 0.000012
-0.2261 0.000009
-0.2134 0.000007
-0.1999 0.000006
-0.1853 0.000004
-0.1692 0.000003
-0.1507 0.000002
-0.1284 0.000002
-0.0998 0.000001
-0.0598 0.000001
0.0020 -0.000258
0.0887 -0.017554
0.1711 -0.068183
0.2236 -0.089301
0.2467 -0.098645
0.2491 -0.099644
0.2391 -0.095710
0.2229 -0.089250
0.2041 -0.081703
0.1844 -0.073827
0.1647 -0.065962
0.1453 -0.058206
0.1261 -0.050517
0.1067 -0.042763
0.0866 -0.034727
0.0650 -0.026075
0.0404 -0.016280
0.0109 -0.004372
-0.0272 0.009560
-0.0780 0.024539
-0.1420 0.037036
-0.2099 0.045335
-0.2709 0.048413
-0.3207 0.047420
-0.3598 0.044012
-0.3901 0.039464
-0.4134 0.034582
-0.4311 0.029826
-0.4446 0.025433
-0.4547 0.021506
-0.4620 0.018069
-0.4672 0.015107
-0.4705 0.012581
-0.4724 0.010444
-0.4731 0.008647
-0.4726 0.007144
-0.4713 0.005890
-0.4692 0.004848
-0.4664 0.003985
-0.4630 0.003270
-0.4590 0.002681
-0.4544 0.002194
-0.4494 0.001794
-0.4439 0.001465
-0.4379 0.001195
-0.4315 0.000974
-0.4247 0.000792
-0.4175 0.000644
-0.4099 0.000523
-0.4018 0.000424
-0.3935 0.000343
-0.3848 0.000277
-0.3757 0.000224
-0.3664 0.000181
-0.3568 0.000145
-0.3470 0.000117
-0.3369 0.000094
-0.3267 0.000075
-0.3163 0.000060
-0.3057 0.000048
-0.2949 0.000038
-0.2840 0.000031
-0.2730 0.000024
-0.2617 0.000019
-0.2503 0.000015
-0.2385 0.000012
-0.2263 0.000009
-0.2136 0.000007
-0.2001 0.000006
-0.1856 0.000004
-0.1695 0.000003
-0.1510 0.000002
-0.1288 0.000002
-0.1004 0.000001
-0.0606 0.000001
0.0008 -0.000007
0.0872 -0.017248
0.1700 -0.067707
0.2230 -0.089065
0.2466 -0.098595
0.2492 -0.099706
0.2394 -0.095828
0.2233 -0.089390
0.2044 -0.081848
0.1847 -0.073969
0.1651 -0.066099
0.1457 -0.058338
0.1264 -0.050647
0.1070 -0.042895
0.0870 -0.034864
0.0653 -0.026224
0.0409 -0.016453
0.0114 -0.004586
-0.0264 0.009321
-0.0771 0.024267
-0.1410 0.036789
-0.2089 0.045157
-0.2700 0.048309
-0.3200 0.047370
-0.3593 0.043996
-0.3897 0.039466
-0.4131 0.034594
-0.4309 0.029843
-0.4445 0.025451
-0.4546 0.021524
-0.4620 0.018086
-0.4671 0.015122
-0.4705 0.012594
-0.4724 0.010455
-0.4731 0.008657
-0.4727 0.007152
-0.4714 0.005897
-0.4693 0.004854
-0.4665 0.003989
-0.4630 0.003274
-0.4590 0.002684
-0.4545 0.002197
-0.4495 0.001796
-0.4440 0.001467
-0.4380 0.001197
-0.4316 0.000975
-0.4248 0.000794
-0.4176 0.000645
-0.4100 0.000524
-0.4020 0.000424
-0.3936 0.000344
-0.3849 0.000278
-0.3759 0.000224
-0.3665 0.000181
-0.3570 0.000146
-0.3471 0.000117
-0.3371 0.000094
-0.3268 0.000075
-0.3164 0.000060
-0.3058 0.000048
-0.2951 0.000038
-0.2842 0.000031
-0.2731 0.000024
-0.2619 0.000019
-0.2504 0.000015
-0.2386 0.000012
-0.2265 0.000009
-0.2138 0.000007
-0.2003 0.000006
-0.1858 0.000004
-0.1697 0.000003
-0.1513 0.000002
-0.1291 0.000002
-0.1008 0.000001
-0.0611 0.000001
-0.0000 0.000159
0.0861 -0.017044
0.1692 -0.067384
0.2226 -0.088909
0.2465 -0.098568
0.2493 -0.099756
0.2397 -0.095915
0.2235 -0.089490
0.2047 -0.081949
0.1850 -0.074067
0.1653 -0.066192
0.1459 -0.058427
0.1266 -0.050734
0.1073 -0.042982
0.0872 -0.034955
0.0656 -0.026323
0.0412 -0.016567
0.0118 -0.004727
-0.0260 0.009171
-0.0765 0.024069
-0.1402 0.036598
-0.2082 0.045006
-0.2695 0.048204
-0.3196 0.047302
-0.3590 0.043952
-0.3895 0.039439
-0.4129 0.034577
-0.4308 0.029832
-0.4444 0.025444
-0.4545 0.021519
-0.4619 0.018083
-0.4671 0.015120
-0.4705 0.012593
-0.4724 0.010454
-0.4731 0.008656
-0.4727 0.007151
-0.4714 0.005896
-0.4693 0.004854
-0.4665 0.003989
-0.4631 0.003274
-0.4591 0.002684
-0.4546 0.002197
-0.4495 0.001796
-0.4440 0.001467
-0.4381 0.001197
-0.4317 0.000975
-0.4249 0.000794
-0.4176 0.000645
-0.4100 0.000524
-0.4020 0.000424
-0.3937 0.000344
-0.3850 0.000278
-0.3759 0.000224
-0.3666 0.000181
-0.3570 0.000146
-0.3472 0.000117
-0.3371 0.000094
-0.3269 0.000075
-0.3165 0.000060
-0.3059 0.000048
-0.2951 0.000038
-0.2842 0.000031
-0.2732 0.000024
-0.2619 0.000019
-0.2505 0.000015
-0.2387 0.000012
-0.2265 0.000009
-0.2138 0.000007
-0.2004 0.000006
-0.1858 0.000004
-0.1697 0.000003
-0.1513 0.000002
-0.1292 0.000002
-0.1009 0.000001
-0.0613 0.000001
-0.0003 0.000213
0.0858 -0.016979
0.1689 -0.067272
0.2225 -0.088868
0.2466 -0.098580
0.2494 -0.099794
0.2398 -0.095962
0.2237 -0.089537
0.2048 -0.081992
0.1851 -0.074105
0.1654 -0.066226
0.1460 -0.058458
0.1267 -0.050763
0.1073 -0.043009
0.0872 -0.034982
0.0657 -0.026352
0.0412 -0.016600
0.0119 -0.004769
-0.0258 0.009131
-0.0763 0.023980
-0.1401 0.036496
-0.2081 0.044906
-0.2693 0.048113
-0.3195 0.047222
-0.3589 0.043883
-0.3895 0.039380
-0.4129 0.034527
-0.4308 0.029790
-0.4444 0.025409
-0.4546 0.021489
-0.4620 0.018058
-0.4672 0.015099
-0.4706 0.012575
-0.4725 0.010440
-0.4731 0.008644
-0.4727 0.007141
-0.4714 0.005888
-0.4693 0.004847
-0.4665 0.003984
-0.4631 0.003270
-0.4591 0.002680
-0.4546 0.002194
-0.4495 0.001794
-0.4440 0.001465
-0.4381 0.001195
-0.4317 0.000974
-0.4249 0.000792
-0.4176 0.000644
-0.4100 0.000523
-0.4020 0.000424
-0.3936 0.000343
-0.3849 0.000277
-0.3759 0.000224
-0.3666 0.000181
-0.3570 0.000145
-0.3471 0.000117
-0.3371 0.000094
-0.3268 0.000075
-0.3164 0.000060
-0.3058 0.000048
-0.2951 0.000038
-0.2842 0.000031
-0.2731 0.000024
-0.2619 0.000019
-0.2504 0.000015
-0.2386 0.000012
-0.2264 0.000009
-0.2137 0.000007
-0.2003 0.000006
-0.1857 0.000004
-0.1696 0.000003
-0.1512 0.000002
-0.1290 0.000002
-0.1006 0.000001
-0.0609 0.000001
0.0002 0.000105
0.0865 -0.017115
0.1693 -0.067460
0.2229 -0.088992
0.2467 -0.098645
0.2495 -0.099816
0.2397 -0.095953
0.2236 -0.089509
0.2047 -0.081952
0.1849 -0.074059
0.1652 -0.066176
0.1458 -0.058405
0.1266 -0.050707
0.1072 -0.042951
0.0871 -0.034920
0.0655 -0.026282
0.0410 -0.016518
0.0116 -0.004668
-0.0262 0.009250
-0.0768 0.024036
-0.1406 0.036506
-0.2086 0.044859
-0.2698 0.048021
-0.3199 0.047106
-0.3593 0.043760
-0.3898 0.039261
-0.4132 0.034417
-0.4310 0.029691
-0.4446 0.025322
-0.4547 0.021414
-0.4621 0.017994
-0.4672 0.015045
-0.4706 0.012530
-0.4725 0.010402
-0.4732 0.008612
-0.4728 0.007115
-0.4714 0.005866
-0.4693 0.004829
-0.4665 0.003969
-0.4631 0.003257
-0.4591 0.002670
-0.4545 0.002186
-0.4495 0.001787
-0.4440 0.001459
-0.4380 0.001190
-0.4316 0.000970
-0.4248 0.000789
-0.4175 0.000641
-0.4099 0.000521
-0.4019 0.000422
-0.3935 0.000342
-0.3848 0.000276
-0.3758 0.000223
-0.3664 0.000180
-0.3568 0.000145
-0.3470 0.000116
-0.3369 0.000093
-0.3267 0.000075
-0.3162 0.000060
-0.3056 0.000048
-0.2949 0.000038
-0.2840 0.000030
-0.2729 0.000024
-0.2617 0.000019
-0.2502 0.000015
-0.2384 0.000012
-0.2262 0.000009
-0.2135 0.000007
-0.2000 0.000006
-0.1854 0.000004
-0.1693 0.000003
-0.1508 0.000002
-0.1285 0.000002
-0.1000 0.000001
-0.0599 0.000001
0.0017 -0.000199
0.0883 -0.026227
0.1707 -0.068008
0.2236 -0.089310
0.2470 -0.098771
0.2495 -0.099812
0.2395 -0.095872
0.2233 -0.089386
0.2043 -0.081809
0.1846 -0.073908
0.1649 -0.066022
0.1454 -0.058251
0.1262 -0.050551
0.1068 -0.042789
0.0867 -0.034748
0.0650 -0.026092
0.0405 -0.016295
0.0109 -0.004394
-0.0271 0.009573
-0.0780 0.024282
-0.1421 0.036672
-0.2101 0.044905
-0.2710 0.047960
-0.3209 0.046979
-0.3601 0.043602
-0.3904 0.039095
-0.4136 0.034258
-0.4314 0.029545
-0.4449 0.025192
-0.4549 0.021301
-0.4622 0.017896
-0.4674 0.014962
-0.4707 0.012460
-0.4726 0.010343
-0.4732 0.008563
-0.4727 0.007074
-0.4714 0.005832
-0.4693 0.004800
-0.4665 0.003945
-0.4630 0.003238
-0.4590 0.002654
-0.4544 0.002172
-0.4494 0.001776
-0.4438 0.001450
-0.4378 0.001183
-0.4314 0.000964
-0.4246 0.000784
-0.4173 0.000637
-0.4097 0.000517
-0.4017 0.000419
-0.3933 0.000340
-0.3845 0.000274
-0.3755 0.000222
-0.3662 0.000179
-0.3565 0.000144
-0.3467 0.000116
-0.3366 0.000093
-0.3263 0.000074
-0.3159 0.000060
-0.3053 0.000048
-0.2945 0.000038
-0.2836 0.000030
-0.2726 0.000024
-0.2613 0.000019
-0.2498 0.000015
-0.2380 0.000012
-0.2258 0.000009
-0.2130 0.000007
-0.1995 0.000006
-0.1849 0.000004
-0.1687 0.000003
-0.1501 0.000002
-0.1277 0.000002
-0.0988 0.000001
-0.0583 0.000001
0.0043 -0.000713
0.0914 -0.027146
0.1730 -0.068921
0.2249 -0.089814
0.2475 -0.098943
0.2494 -0.099767
0.2391 -0.095704
0.2227 -0.089157
0.2037 -0.081556
0.1839 -0.073647
0.1642 -0.065761
0.1448 -0.057991
0.1255 -0.050290
0.1061 -0.042522
0.0860 -0.034464
0.0642 -0.025779
0.0396 -0.015929
0.0098 -0.003944
-0.0286 0.010089
-0.0800 0.024689
-0.1444 0.036952
-0.2124 0.044991
-0.2730 0.047875
-0.3225 0.046787
-0.3613 0.043361
-0.3913 0.038842
-0.4144 0.034013
-0.4320 0.029320
-0.4453 0.024992
-0.4552 0.021126
-0.4625 0.017746
-0.4675 0.014834
-0.4708 0.012351
-0.4726 0.010251
-0.4732 0.008486
-0.4727 0.007010
-0.4714 0.005779
-0.4692 0.004756
-0.4663 0.003909
-0.4629 0.003208
-0.4588 0.002629
-0.4542 0.002152
-0.4491 0.001759
-0.4436 0.001437
-0.4376 0.001172
-0.4311 0.000955
-0.4243 0.000777
-0.4170 0.000631
-0.4093 0.000512
-0.4013 0.000415
-0.3929 0.000336
-0.3841 0.000272
-0.3750 0.000219
-0.3657 0.000177
-0.3560 0.000142
-0.3462 0.000114
-0.3361 0.000092
-0.3258 0.000074
-0.3153 0.000059
-0.3047 0.000047
-0.2939 0.000038
-0.2830 0.000030
-0.2719 0.000024
-0.2606 0.000019
-0.2491 0.000015
-0.2373 0.000012
-0.2251 0.000009
-0.2123 0.000007
-0.1987 0.000006
-0.1840 0.000004
-0.1677 0.000003
-0.1489 0.000002
-0.1262 0.000002
-0.0969 0.000001
-0.0554 0.000000
0.0088 -0.001597
0.0966 -0.028710
0.1768 -0.070461
0.2269 -0.090634
0.2481 -0.099191
0.2491 -0.099651
0.2383 -0.095388
0.2217 -0.088746
0.2026 -0.081108
0.1828 -0.073192
0.1631 -0.065311
0.1437 -0.057545
0.1244 -0.049844
0.1050 -0.042065
0.0847 -0.033981
0.0629 -0.025244
0.0380 -0.015304
0.0078 -0.003173
-0.0312 0.010961
-0.0834 0.025437
-0.1484 0.037507
-0.2162 0.045235
-0.2762 0.047840
-0.3250 0.046575
-0.3633 0.043060
-0.3929 0.038511
-0.4156 0.033687
-0.4329 0.029017
-0.4460 0.024719
-0.4558 0.020886
-0.4628 0.017539
-0.4678 0.014657
-0.4710 0.012201
-0.4727 0.010125
-0.4732 0.008380
-0.4726 0.006921
-0.4712 0.005705
-0.4690 0.004695
-0.4661 0.003858
-0.4625 0.003165
-0.4584 0.002594
-0.4538 0.002123
-0.4486 0.001735
-0.4430 0.001417
-0.4369 0.001156
-0.4304 0.000941
-0.4235 0.000766
-0.4161 0.000622
-0.4084 0.000505
-0.4003 0.000409
-0.3918 0.000331
-0.3830 0.000268
-0.3738 0.000216
-0.3644 0.000174
-0.3547 0.000140
-0.3448 0.000113
-0.3346 0.000090
-0.3243 0.000072
-0.3138 0.000058
-0.3031 0.000046
-0.2923 0.000037
-0.2814 0.000029
-0.2702 0.000023
-0.2589 0.000018
-0.2474 0.000015
-0.2355 0.000011
-0.2232 0.000009
-0.2103 0.000007
-0.1965 0.000005
-0.1816 0.000004
-0.1650 0.000003
-0.1458 0.000002
-0.1224 0.000002
-0.0919 0.000001
-0.0482 0.004876
0.0191 -0.003662
0.1078 -0.032080
0.1846 -0.073573
0.2309 -0.092238
0.2492 -0.099661
0.2484 -0.099402
0.2367 -0.094731
0.2195 -0.087880
0.2002 -0.080149
0.1803 -0.072199
0.1606 -0.064308
0.1412 -0.056538
0.1219 -0.048821
0.1023 -0.041005
0.0819 -0.032847
0.0597 -0.023977
0.0342 -0.013805
0.0031 -0.001323
-0.0376 0.013100
-0.0918 0.027354
-0.1579 0.039001
-0.2250 0.046028
-0.2836 0.048006
-0.3308 0.046335
-0.3678 0.042605
-0.3963 0.037967
-0.4181 0.033129
-0.4348 0.028486
-0.4474 0.024236
-0.4567 0.020459
-0.4635 0.017166
-0.4681 0.014336
-0.4711 0.011928
-0.4726 0.009894
-0.4729 0.008186
-0.4722 0.006759
-0.4706 0.005569
-0.4682 0.004582
-0.4652 0.003763
-0.4615 0.003087
-0.4572 0.002529
-0.4524 0.002069
-0.4471 0.001691
-0.4413 0.001380
-0.4351 0.001125
-0.4284 0.000916
-0.4213 0.000745
-0.4138 0.000605
-0.4059 0.000490
-0.3976 0.000397
-0.3889 0.000321
-0.3799 0.000259
-0.3707 0.000209
-0.3611 0.000169
-0.3513 0.000136
-0.3412 0.000109
-0.3310 0.000087
-0.3205 0.000070
-0.3100 0.000056
-0.2992 0.000045
-0.2884 0.000036
-0.2773 0.000028
-0.2661 0.000022
-0.2547 0.000018
-0.2431 0.000014
-0.2311 0.000011
-0.2186 0.000009
-0.2055 0.000007
-0.1915 0.000005
-0.1765 0.000004
-0.1600 0.000003
-0.1415 0.000002
-0.1199 0.000002
-0.0932 0.000001
-0.0575 0.000000
-0.0056 0.000000
0.0677 -0.013375
0.1439 -0.042963
0.1989 -0.079399
0.2270 -0.090721
0.2353 -0.094111
0.2306 -0.092274
0.2184 -0.087407
0.2023 -0.080978
0.1845 -0.073858
0.1661 -0.066497
0.1475 -0.059088
0.1290 -0.051658
