-0.1185 0.192284
-0.1410 0.208151
-0.1638 0.205829
-0.1885 0.195828
-0.2138 0.183728
-0.2387 0.169629
-0.2624 0.154172
-0.2843 0.138150
-0.3043 0.122272
-0.3223 0.107073
-0.3382 0.092906
-0.3521 0.079977
-0.3640 0.068373
-0.3741 0.058103
-0.3825 0.049115
-0.3892 0.041324
-0.3944 0.034627
-0.3982 0.028908
-0.4008 0.024055
-0.4021 0.019958
-0.4025 0.016515
-0.4019 0.013635
-0.4004 0.011233
-0.3982 0.009236
-0.3954 0.007582
-0.3919 0.006215
-0.3880 0.005087
-0.3837 0.004159
-0.3790 0.003397
-0.3740 0.002772
-0.3688 0.002260
-0.3634 0.001841
-0.3579 0.001499
-0.3522 0.001220
-0.3465 0.000992
-0.3408 0.000807
-0.3350 0.000656
-0.3293 0.000533
-0.3236 0.000433
-0.3179 0.000352
-0.3124 0.000286
-0.3069 0.000232
-0.3015 0.000189
-0.2963 0.000153
-0.2912 0.000125
-0.2863 0.000101
-0.2816 0.000082
-0.2772 0.000067
-0.2730 0.000055
-0.2691 0.000044
-0.2656 0.000036
-0.2625 0.000030
-0.2599 0.000024
-0.2580 0.000020
-0.2568 0.000016
-0.2565 0.000014
-0.2572 0.000011
-0.2436 0.189045
-0.2118 0.164344
-0.1687 0.262296
-0.1212 0.188587
-0.0767 0.119564
-0.0303 0.047787
0.0191 -0.028857
0.0662 -0.101964
0.1018 -0.157390
0.1222 -0.189235
0.1295 -0.200739
0.1243 -0.289633
0.0976 -0.292585
0.0706 -0.203611
0.0504 -0.133868
0.0335 -0.082823
0.0178 -0.041310
0.0017 -0.004008
-0.0158 0.032318
-0.0353 0.069230
-0.0565 0.106914
-0.0787 0.144427
-0.1008 0.180002
-0.1219 0.202486
-0.1447 0.200022
-0.1703 0.194713
-0.1973 0.186515
-0.2241 0.175239
-0.2498 0.161518
-0.2737 0.146331
-0.2955 0.130631
-0.3150 0.115176
-0.3324 0.100489
-0.3476 0.086895
-0.3607 0.074564
-0.3719 0.063560
-0.3812 0.053868
-0.3887 0.045425
-0.3947 0.038135
-0.3992 0.031889
-0.4023 0.026573
-0.4042 0.022073
-0.4049 0.018285
-0.4047 0.015109
-0.4035 0.012456
-0.4015 0.010249
-0.3988 0.008418
-0.3956 0.006902
-0.3917 0.005652
-0.3875 0.004622
-0.3828 0.003776
-0.3778 0.003081
-0.3726 0.002512
-0.3672 0.002047
-0.3616 0.001667
-0.3559 0.001356
-0.3501 0.001103
-0.3442 0.000897
-0.3384 0.000729
-0.3326 0.000592
-0.3268 0.000481
-0.3211 0.000391
-0.3155 0.000318
-0.3101 0.000258
-0.3048 0.000210
-0.2996 0.000170
-0.2947 0.000139
-0.2900 0.000113
-0.2856 0.000092
-0.2815 0.000075
-0.2778 0.000061
-0.2746 0.000050
-0.2720 0.000041
-0.2700 0.000034
-0.2687 0.000028
-0.2681 0.000023
-0.2686 0.000019
-0.2442 0.189509
-0.2122 0.164726
-0.1852 0.143711
-0.1410 0.219198
-0.0965 0.150324
-0.0523 0.081766
-0.0050 0.008518
0.0436 -0.066902
0.0856 -0.132053
0.1136 -0.175776
0.1272 -0.197086
0.1264 -0.294419
0.1079 -0.237756
0.0918 -0.263567
0.0666 -0.184907
0.0468 -0.121419
0.0301 -0.072764
0.0141 -0.032283
-0.0024 0.004847
-0.0205 0.041372
-0.0405 0.078480
-0.0620 0.116114
-0.0843 0.153169
-0.1064 0.180640
-0.1293 0.198881
-0.1521 0.208623
-0.1764 0.200070
-0.2020 0.189443
-0.2276 0.176481
-0.2521 0.161685
-0.2751 0.145874
-0.2961 0.129855
-0.3151 0.114272
-0.3321 0.099569
-0.3470 0.086022
-0.3598 0.073770
-0.3708 0.062858
-0.3800 0.053259
-0.3875 0.044904
-0.3934 0.037695
-0.3978 0.031521
-0.4010 0.026267
-0.4029 0.021821
-0.4036 0.018078
-0.4034 0.014940
-0.4023 0.012319
-0.4004 0.010138
-0.3978 0.008328
-0.3947 0.006830
-0.3909 0.005594
-0.3868 0.004576
-0.3822 0.003739
-0.3774 0.003052
-0.3723 0.002490
-0.3670 0.002029
-0.3615 0.001653
-0.3560 0.001346
-0.3504 0.001095
-0.3447 0.000891
-0.3391 0.000725
-0.3336 0.000589
-0.3281 0.000479
-0.3228 0.000390
-0.3176 0.000317
-0.3126 0.000258
-0.3078 0.000210
-0.3032 0.000171
-0.2990 0.000140
-0.2952 0.000114
-0.2918 0.000093
-0.2890 0.000076
-0.2867 0.000063
-0.2851 0.000051
-0.2841 0.000042
-0.2839 0.000035
-0.2606 0.202266
-0.2261 0.175515
-0.1973 0.153159
-0.1722 0.133639
-0.1360 0.211484
-0.0929 0.144637
-0.0497 0.077704
-0.0033 0.005888
0.0446 -0.068372
0.0860 -0.132797
0.1139 -0.176159
0.1273 -0.197231
0.1209 -0.271712
0.1060 -0.225469
0.0921 -0.186738
0.0742 -0.202205
0.0527 -0.138076
0.0348 -0.084986
0.0183 -0.042093
0.0016 -0.003762
-0.0164 0.033138
-0.0360 0.070226
-0.0573 0.107838
-0.0795 0.145180
-0.1022 0.171804
-0.1261 0.192141
-0.1498 0.208898
-0.1723 0.213613
-0.1956 0.200600
-0.2197 0.186292
-0.2434 0.170675
-0.2660 0.154249
-0.2871 0.137659
-0.3064 0.121486
-0.3238 0.106164
-0.3393 0.091980
-0.3529 0.079092
-0.3645 0.067561
-0.3744 0.057377
-0.3826 0.048479
-0.3892 0.040775
-0.3943 0.034158
-0.3981 0.028512
-0.4006 0.023723
-0.4019 0.019681
-0.4022 0.016286
-0.4016 0.013445
-0.4002 0.011077
-0.3980 0.009109
-0.3952 0.007478
-0.3918 0.006130
-0.3879 0.005018
-0.3836 0.004103
-0.3789 0.003351
-0.3740 0.002735
-0.3688 0.002230
-0.3634 0.001817
-0.3579 0.001479
-0.3523 0.001204
-0.3466 0.000979
-0.3408 0.000796
-0.3351 0.000647
-0.3293 0.000526
-0.3236 0.000427
-0.3179 0.000347
-0.3124 0.000282
-0.3069 0.000229
-0.3015 0.000186
-0.2962 0.000151
-0.2911 0.000123
-0.2861 0.000100
-0.2814 0.000081
-0.2768 0.000066
-0.2725 0.000054
-0.2685 0.000044
-0.2649 0.000036
-0.2616 0.000029
-0.2589 0.000024
-0.2567 0.000020
-0.2552 0.000016
-0.2545 0.000013
-0.2322 0.180228
-0.1996 0.154947
-0.1710 0.132744
-0.1446 0.112239
-0.1064 0.165550
-0.0616 0.096142
-0.0141 0.022614
0.0360 -0.055079
0.0813 -0.125391
0.1129 -0.174591
0.1269 -0.295304
0.1154 -0.268539
0.1025 -0.227444
0.0901 -0.189550
0.0684 -0.190713
0.0495 -0.134299
0.0329 -0.084190
0.0175 -0.041838
0.0019 -0.004664
-0.0145 0.030336
-0.0323 0.064728
-0.0514 0.099173
-0.0718 0.129511
-0.0944 0.153438
-0.1186 0.175360
-0.1430 0.194039
-0.1680 0.189243
-0.1942 0.180961
-0.2205 0.169871
-0.2457 0.156541
-0.2692 0.141849
-0.2907 0.126667
-0.3101 0.111704
-0.3272 0.097468
-0.3421 0.084280
-0.3550 0.072317
-0.3660 0.061641
-0.3751 0.052239
-0.3825 0.044049
-0.3884 0.036979
-0.3928 0.030922
-0.3959 0.025768
-0.3977 0.021406
-0.3985 0.017734
-0.3983 0.014656
-0.3973 0.012086
-0.3954 0.009947
-0.3929 0.008172
-0.3898 0.006703
-0.3862 0.005491
-0.3822 0.004493
-0.3778 0.003672
-0.3730 0.002998
-0.3680 0.002446
-0.3629 0.001994
-0.3575 0.001624
-0.3520 0.001322
-0.3465 0.001076
-0.3409 0.000875
-0.3352 0.000712
-0.3296 0.000578
-0.3240 0.000470
-0.3185 0.000382
-0.3130 0.000311
-0.3077 0.000252
-0.3025 0.000205
-0.2974 0.000167
-0.2925 0.000136
-0.2878 0.000110
-0.2832 0.000090
-0.2787 0.000073
-0.2745 0.000059
-0.2706 0.000048
-0.2669 0.000040
-0.2635 0.000032
-0.2604 0.000026
-0.2576 0.000022
-0.2550 0.000018
-0.2528 0.000014
-0.2511 0.000012
-0.2500 0.000010
-0.2496 0.000008
-0.2500 0.000007
-0.2513 0.000006
-0.2534 0.000005
-0.2337 0.181395
-0.2036 0.157980
-0.1775 0.137786
-0.1544 0.119809
-0.1329 0.103168
-0.1055 0.164094
-0.0667 0.104035
-0.0258 0.040591
0.0184 -0.027871
0.0615 -0.094641
0.0882 -0.204686
0.0973 -0.226224
0.0972 -0.223794
0.0926 -0.201197
0.0857 -0.177057
0.0772 -0.152639
0.0601 -0.161365
0.0438 -0.109512
0.0295 -0.069007
0.0155 -0.034356
0.0010 -0.002317
-0.0147 0.029013
-0.0319 0.059903
-0.0515 0.086767
-0.0739 0.112995
-0.0989 0.138409
-0.1253 0.161785
-0.1510 0.181549
-0.1743 0.194407
-0.1969 0.181580
-0.2198 0.167581
-0.2420 0.152600
-0.2630 0.137142
-0.2824 0.121769
-0.3000 0.106962
-0.3157 0.093073
-0.3295 0.080326
-0.3415 0.068829
-0.3516 0.058609
-0.3602 0.049634
-0.3671 0.041831
-0.3726 0.035105
-0.3767 0.029350
-0.3797 0.024456
-0.3815 0.020319
-0.3823 0.016837
-0.3823 0.013919
-0.3814 0.011483
-0.3799 0.009456
-0.3777 0.007774
-0.3750 0.006382
-0.3719 0.005232
-0.3683 0.004285
-0.3645 0.003506
-0.3603 0.002865
-0.3559 0.002340
-0.3513 0.001910
-0.3465 0.001558
-0.3416 0.001270
-0.3367 0.001035
-0.3317 0.000843
-0.3266 0.000686
-0.3216 0.000559
-0.3165 0.000455
-0.3116 0.000370
-0.3067 0.000301
-0.3020 0.000245
-0.2973 0.000200
-0.2928 0.000162
-0.2884 0.000132
-0.2842 0.000108
-0.2801 0.000088
-0.2763 0.000072
-0.2726 0.000058
-0.2693 0.000048
-0.2662 0.000039
-0.2635 0.000032
-0.2610 0.000026
-0.2589 0.000021
-0.2570 0.000018
-0.2557 0.000014
-0.2551 0.000012
-0.2553 0.000010
-0.2509 0.194760
-0.2168 0.168259
-0.1872 0.145295
-0.1601 0.124273
-0.1340 0.104025
-0.1077 0.083699
-0.0801 0.062287
-0.0490 0.038251
-0.0120 0.009591
0.0324 -0.024750
0.0799 -0.061553
0.1208 -0.093363
0.1326 -0.192745
0.1358 -0.181594
0.1244 -0.251090
0.1042 -0.201905
0.0855 -0.160039
0.0622 -0.161679
0.0379 -0.096803
0.0164 -0.041666
-0.0035 0.008092
-0.0226 0.054975
-0.0415 0.100262
-0.0599 0.143792
-0.0771 0.181268
-0.0937 0.207389
-0.1096 0.225234
-0.1262 0.231343
-0.1432 0.236270
-0.1611 0.223513
-0.1814 0.208131
-0.2030 0.192605
-0.2249 0.176390
-0.2461 0.159626
-0.2662 0.142756
-0.2847 0.126276
-0.3016 0.110604
-0.3167 0.096037
-0.3300 0.082753
-0.3416 0.070827
-0.3515 0.060261
-0.3598 0.051002
-0.3666 0.042965
-0.3719 0.036044
-0.3760 0.030126
-0.3788 0.025097
-0.3806 0.020847
-0.3813 0.017271
-0.3812 0.014276
-0.3803 0.011777
-0.3788 0.009697
-0.3766 0.007973
-0.3740 0.006546
-0.3709 0.005368
-0.3675 0.004397
-0.3637 0.003598
-0.3597 0.002942
-0.3554 0.002404
-0.3509 0.001962
-0.3463 0.001601
-0.3416 0.001306
-0.3367 0.001064
-0.3318 0.000867
-0.3268 0.000706
-0.3218 0.000575
-0.3168 0.000468
-0.3118 0.000381
-0.3068 0.000310
-0.3019 0.000252
-0.2970 0.000205
-0.2923 0.000167
-0.2876 0.000136
-0.2830 0.000110
-0.2785 0.000090
-0.2742 0.000073
-0.2700 0.000060
-0.2661 0.000049
-0.2623 0.000040
-0.2589 0.000032
-0.2557 0.000026
-0.2528 0.000022
-0.2501 0.000018
-0.2479 0.000014
-0.2463 0.000012
-0.2454 0.000010
-0.2185 0.169594
-0.1869 0.145069
-0.1581 0.122741
-0.1302 0.101140
-0.1015 0.078861
-0.0696 0.054243
-0.0311 0.048890
0.0172 -0.025853
0.0638 -0.098208
0.0933 -0.216535
0.1035 -0.240500
0.1040 -0.241879
0.0987 -0.222414
0.0913 -0.194643
0.0823 -0.167265
0.0673 -0.183831
0.0488 -0.129892
0.0325 -0.084749
0.0175 -0.044942
0.0033 -0.008288
-0.0106 0.023910
-0.0250 0.052189
-0.0409 0.076120
-0.0590 0.098796
-0.0795 0.120837
-0.1021 0.141929
-0.1254 0.161103
-0.1482 0.177254
-0.1691 0.182221
-0.1905 0.169770
-0.2125 0.156556
-0.2340 0.142584
-0.2545 0.128215
-0.2734 0.113920
-0.2906 0.100131
-0.3060 0.087178
-0.3196 0.075272
-0.3313 0.064523
-0.3413 0.054961
-0.3496 0.046558
-0.3565 0.039250
-0.3619 0.032948
-0.3660 0.027554
-0.3690 0.022966
-0.3709 0.019087
-0.3718 0.015821
-0.3719 0.013084
-0.3712 0.010799
-0.3699 0.008897
-0.3680 0.007318
-0.3656 0.006011
-0.3627 0.004931
-0.3595 0.004041
-0.3560 0.003309
-0.3523 0.002707
-0.3485 0.002214
-0.3446 0.001810
-0.3407 0.001480
-0.3368 0.001210
-0.3330 0.000989
-0.3293 0.000808
-0.3256 0.000661
-0.3220 0.000540
-0.3185 0.000442
-0.3149 0.000361
-0.3114 0.000295
-0.3078 0.000241
-0.3043 0.000197
-0.3007 0.000161
-0.2970 0.000132
-0.2934 0.000108
-0.2897 0.000088
-0.2860 0.000072
-0.2823 0.000058
-0.2785 0.000048
-0.2748 0.000039
-0.2711 0.000032
-0.2674 0.000026
-0.2638 0.000021
-0.2602 0.000017
-0.2566 0.000014
-0.2532 0.000011
-0.2499 0.000009
-0.2467 0.000008
-0.2436 0.000006
-0.2408 0.000005
-0.2381 0.000004
-0.2357 0.000003
-0.2335 0.000003
-0.2317 0.000002
-0.2302 0.000002
-0.2293 0.000002
-0.2290 0.000001
-0.2295 0.000001
-0.2310 0.000001
-0.2335 0.000001
-0.2372 0.000001
-0.2272 0.176346
-0.1997 0.154959
-0.1758 0.136422
-0.1544 0.119811
-0.1345 0.104424
-0.1117 0.173634
-0.0752 0.117202
-0.0380 0.059422
0.0018 -0.002107
0.0418 -0.064165
0.0761 -0.117469
0.0996 -0.154039
0.0961 -0.298485
0.0794 -0.240568
0.0660 -0.192106
0.0544 -0.152937
0.0438 -0.119475
0.0338 -0.089871
0.0243 -0.061344
0.0156 -0.036786
0.0071 -0.015950
-0.0013 0.002641
-0.0100 0.019891
-0.0190 0.036374
-0.0283 0.052440
-0.0379 0.068272
-0.0478 0.083898
-0.0577 0.099206
-0.0674 0.113958
-0.0767 0.127829
-0.0853 0.140459
-0.0942 0.139556
-0.1062 0.129945
-0.1219 0.123396
-0.1412 0.118113
-0.1631 0.112793
-0.1864 0.106627
-0.2100 0.099324
-0.2327 0.091026
-0.2538 0.082112
-0.2730 0.073022
-0.2900 0.064140
-0.3048 0.055747
-0.3175 0.048023
-0.3283 0.041058
-0.3373 0.034878
-0.3447 0.029468
-0.3505 0.024780
-0.3551 0.020753
-0.3584 0.017320
-0.3606 0.014411
-0.3619 0.011959
-0.3624 0.009901
-0.3621 0.008180
-0.3612 0.006746
-0.3598 0.005555
-0.3578 0.004568
-0.3554 0.003752
-0.3527 0.003079
-0.3498 0.002524
-0.3465 0.002068
-0.3432 0.001693
-0.3396 0.001385
-0.3361 0.001133
-0.3324 0.000927
-0.3288 0.000758
-0.3253 0.000620
-0.3218 0.000507
-0.3185 0.000415
-0.3154 0.000340
-0.3126 0.000279
-0.3103 0.000229
-0.3084 0.000188
-0.3071 0.000155
-0.2994 0.232531
-0.2580 0.200360
-0.2244 0.174243
-0.1962 0.152326
-0.1718 0.133324
-0.1499 0.116356
-0.1296 0.100606
-0.0917 0.142669
-0.0528 0.082483
-0.0110 0.017788
0.0330 -0.050520
0.0733 -0.113130
0.1028 -0.158965
0.1193 -0.180567
0.1178 -0.254862
0.1065 -0.219286
0.0950 -0.187266
0.0830 -0.157620
0.0705 -0.129666
0.0541 -0.137225
0.0348 -0.082579
0.0175 -0.039215
0.0005 -0.001499
-0.0169 0.033532
-0.0352 0.067441
-0.0543 0.100767
-0.0738 0.133117
-0.0935 0.154932
-0.1142 0.171743
-0.1348 0.185861
-0.1544 0.196773
-0.1720 0.204343
-0.1871 0.208833
-0.1993 0.210742
-0.2089 0.210636
-0.2175 0.188659
-0.2285 0.163910
-0.2411 0.142974
-0.2543 0.124690
-0.2675 0.108451
-0.2802 0.093941
-0.2922 0.080985
-0.3031 0.069468
-0.3129 0.059298
-0.3215 0.050380
-0.3289 0.042618
-0.3352 0.035907
-0.3403 0.030142
-0.3444 0.025219
-0.3474 0.021038
-0.3496 0.017502
-0.3509 0.014526
-0.3514 0.012030
-0.3513 0.009943
-0.3506 0.008205
-0.3494 0.006760
-0.3477 0.005563
-0.3457 0.004572
-0.3433 0.003754
-0.3406 0.003080
-0.3377 0.002524
-0.3346 0.002068
-0.3314 0.001694
-0.3281 0.001386
-0.3247 0.001135
-0.3214 0.000928
-0.3181 0.000760
-0.3149 0.000622
-0.3118 0.000509
-0.3089 0.000417
-0.3063 0.000342
-0.3040 0.000281
-0.3022 0.000231
-0.3009 0.000190
-0.2936 0.228060
-0.2526 0.196130
-0.2188 0.169867
-0.1899 0.147443
-0.1643 0.127556
-0.1406 0.109198
-0.1154 0.179564
-0.0744 0.115990
-0.0316 0.049725
0.0146 -0.021933
0.0603 -0.092832
0.0969 -0.149726
0.1188 -0.276357
0.1133 -0.259400
0.1055 -0.228072
0.0965 -0.198399
0.0864 -0.170192
0.0755 -0.143270
0.0632 -0.165420
0.0434 -0.110032
0.0266 -0.063096
0.0112 -0.025106
-0.0042 0.008490
-0.0203 0.040462
-0.0377 0.072385
-0.0565 0.104842
-0.0772 0.128881
-0.1004 0.152028
-0.1250 0.173256
-0.1493 0.191201
-0.1717 0.204943
-0.1913 0.208685
-0.2110 0.190284
-0.2314 0.172550
-0.2516 0.155170
-0.2711 0.138240
-0.2894 0.122011
-0.3062 0.106737
-0.3213 0.092619
-0.3347 0.079781
-0.3464 0.068272
-0.3564 0.058081
-0.3648 0.049155
-0.3716 0.041407
-0.3770 0.034736
-0.3811 0.029033
-0.3840 0.024185
-0.3857 0.020088
-0.3865 0.016641
-0.3863 0.013754
-0.3853 0.011343
-0.3837 0.009338
-0.3814 0.007674
-0.3785 0.006298
-0.3752 0.005162
-0.3715 0.004226
-0.3675 0.003457
-0.3633 0.002825
-0.3588 0.002307
-0.3542 0.001883
-0.3495 0.001536
-0.3447 0.001253
-0.3399 0.001021
-0.3351 0.000833
-0.3304 0.000679
-0.3258 0.000553
-0.3213 0.000451
-0.3170 0.000368
-0.3129 0.000300
-0.3091 0.000245
-0.3056 0.000201
-0.3026 0.000164
-0.3000 0.000135
-0.2980 0.000111
-0.2966 0.000091
-0.2575 0.199956
-0.2219 0.172301
-0.1914 0.148617
-0.1642 0.127462
-0.1387 0.107697
-0.1135 0.088173
-0.0745 0.116224
-0.0298 0.046937
0.0187 -0.028254
0.0663 -0.102104
0.1036 -0.160091
0.1136 -0.264184
0.1113 -0.258892
0.1048 -0.230022
0.0966 -0.201319
0.0870 -0.173328
0.0763 -0.146184
0.0571 -0.150328
0.0390 -0.100839
0.0230 -0.055812
0.0081 -0.018665
-0.0069 0.014502
-0.0229 0.046249
-0.0401 0.077939
-0.0591 0.104613
-0.0808 0.129084
-0.1047 0.152456
-0.1297 0.173531
-0.1539 0.190990
-0.1759 0.204095
-0.1963 0.193212
-0.2176 0.177113
-0.2390 0.160833
-0.2597 0.144505
-0.2792 0.128470
-0.2972 0.113087
-0.3136 0.098652
-0.3281 0.085365
-0.3409 0.073337
-0.3519 0.062601
-0.3613 0.053132
-0.3690 0.044868
-0.3751 0.037719
-0.3799 0.031581
-0.3833 0.026347
-0.3855 0.021911
-0.3866 0.018170
-0.3868 0.015029
-0.3861 0.012404
-0.3846 0.010216
-0.3825 0.008400
-0.3797 0.006896
-0.3765 0.005654
-0.3729 0.004630
-0.3690 0.003787
-0.3647 0.003096
-0.3603 0.002528
-0.3557 0.002064
-0.3510 0.001684
-0.3462 0.001373
-0.3415 0.001120
-0.3367 0.000913
-0.3320 0.000744
-0.3274 0.000607
-0.3230 0.000495
-0.3188 0.000404
-0.3148 0.000330
-0.3110 0.000269
-0.3077 0.000220
-0.3047 0.000180
-0.3023 0.000148
-0.3003 0.000122
-0.2989 0.000100
-0.2981 0.000082
-0.2567 0.199331
-0.2220 0.172350
-0.1923 0.149314
-0.1659 0.128825
-0.1414 0.109795
-0.1174 0.091153
-0.0810 0.126220
-0.0377 0.059152
0.0095 -0.013953
0.0573 -0.088080
0.0967 -0.149356
0.1145 -0.266231
0.1128 -0.262307
0.1066 -0.234259
0.0987 -0.205804
0.0892 -0.177908
0.0786 -0.150701
0.0629 -0.165709
0.0436 -0.112680
0.0267 -0.065299
0.0113 -0.026108
-0.0040 0.008246
-0.0201 0.040795
-0.0375 0.073187
-0.0565 0.102781
-0.0779 0.127818
-0.1018 0.151792
-0.1270 0.173568
-0.1516 0.191772
-0.1742 0.205558
-0.1940 0.204357
-0.2143 0.186676
-0.2351 0.169303
-0.2555 0.152120
-0.2749 0.135345
-0.2930 0.119284
-0.3095 0.104213
-0.3245 0.090330
-0.3377 0.077743
-0.3493 0.066489
-0.3593 0.056543
-0.3677 0.047844
-0.3746 0.040302
-0.3801 0.033813
-0.3843 0.028267
-0.3873 0.023557
-0.3893 0.019575
-0.3902 0.016225
-0.3903 0.013417
-0.3895 0.011072
-0.3881 0.009121
-0.3860 0.007500
-0.3833 0.006159
-0.3802 0.005050
-0.3766 0.004137
-0.3727 0.003385
-0.3685 0.002767
-0.3641 0.002260
-0.3594 0.001845
-0.3547 0.001505
-0.3498 0.001228
-0.3449 0.001001
-0.3400 0.000816
-0.3351 0.000665
-0.1185 0.192284
-0.1410 0.208151
-0.1638 0.205829
-0.1885 0.195828
-0.2138 0.183728
-0.2387 0.169629
-0.2624 0.154172
-0.2843 0.138150
-0.3043 0.122272
-0.3223 0.107073
-0.3382 0.092906
-0.3521 0.079977
-0.3640 0.068373
-0.3741 0.058103
-0.3825 0.049115
-0.3892 0.041324
-0.3944 0.034627
-0.3982 0.028908
-0.4008 0.024055
-0.4021 0.019958
-0.4025 0.016515
-0.4019 0.013635
-0.4004 0.011233
-0.3982 0.009236
-0.3954 0.007582
-0.3919 0.006215
-0.3880 0.005087
-0.3837 0.004159
-0.3790 0.003397
-0.3740 0.002772
-0.3688 0.002260
-0.3634 0.001841
-0.3579 0.001499
-0.3522 0.001220
-0.3465 0.000992
-0.3408 0.000807
-0.3350 0.000656
-0.3293 0.000533
-0.3236 0.000433
-0.3179 0.000352
-0.3124 0.000286
-0.3069 0.000232
-0.3015 0.000189
-0.2963 0.000153
-0.2912 0.000125
-0.2863 0.000101
-0.2816 0.000082
-0.2772 0.000067
-0.2730 0.000055
-0.2691 0.000044
-0.2656 0.000036
-0.2625 0.000030
-0.2599 0.000024
-0.2580 0.000020
-0.2568 0.000016
-0.2565 0.000014
-0.2572 0.000011
-0.2436 0.189045
-0.2118 0.164344
-0.1687 0.262296
-0.1212 0.188587
-0.0767 0.119564
-0.0303 0.047787
0.0191 -0.028857
0.0662 -0.101964
0.1018 -0.157390
0.1222 -0.189235
0.1295 -0.200739
0.1243 -0.289633
0.0976 -0.292585
0.0706 -0.203611
0.0504 -0.133868
0.0335 -0.082823
0.0178 -0.041310
0.0017 -0.004008
-0.0158 0.032318
-0.0353 0.069230
-0.0565 0.106914
-0.0787 0.144427
-0.1008 0.180002
-0.1219 0.202486
-0.1447 0.200022
-0.1703 0.194713
-0.1973 0.186515
-0.2241 0.175239
-0.2498 0.161518
-0.2737 0.146331
-0.2955 0.130631
-0.3150 0.115176
-0.3324 0.100489
-0.3476 0.086895
-0.3607 0.074564
-0.3719 0.063560
-0.3812 0.053868
-0.3887 0.045425
-0.3947 0.038135
-0.3992 0.031889
-0.4023 0.026573
-0.4042 0.022073
-0.4049 0.018285
-0.4047 0.015109
-0.4035 0.012456
-0.4015 0.010249
-0.3988 0.008418
-0.3956 0.006902
-0.3917 0.005652
-0.3875 0.004622
-0.3828 0.003776
-0.3778 0.003081
-0.3726 0.002512
-0.3672 0.002047
-0.3616 0.001667
-0.3559 0.001356
-0.3501 0.001103
-0.3442 0.000897
-0.3384 0.000729
-0.3326 0.000592
-0.3268 0.000481
-0.3211 0.000391
-0.3155 0.000318
-0.3101 0.000258
-0.3048 0.000210
-0.2996 0.000170
-0.2947 0.000139
-0.2900 0.000113
-0.2856 0.000092
-0.2815 0.000075
-0.2778 0.000061
-0.2746 0.000050
-0.2720 0.000041
-0.2700 0.000034
-0.2687 0.000028
-0.2681 0.000023
-0.2686 0.000019
-0.2442 0.189509
-0.2122 0.164726
-0.1852 0.143711
-0.1410 0.219198
-0.0965 0.150324
-0.0523 0.081766
-0.0050 0.008518
0.0436 -0.066902
0.0856 -0.132053
0.1136 -0.175776
0.1272 -0.197086
0.1264 -0.294419
0.1079 -0.237756
0.0918 -0.263567
0.0666 -0.184907
0.0468 -0.121419
0.0301 -0.072764
0.0141 -0.032283
-0.0024 0.004847
-0.0205 0.041372
-0.0405 0.078480
-0.0620 0.116114
-0.0843 0.153169
-0.1064 0.180640
-0.1293 0.198881
-0.1521 0.208623
-0.1764 0.200070
-0.2020 0.189443
-0.2276 0.176481
-0.2521 0.161685
-0.2751 0.145874
-0.2961 0.129855
-0.3151 0.114272
-0.3321 0.099569
-0.3470 0.086022
-0.3598 0.073770
-0.3708 0.062858
-0.3800 0.053259
-0.3875 0.044904
-0.3934 0.037695
-0.3978 0.031521
-0.4010 0.026267
-0.4029 0.021821
-0.4036 0.018078
-0.4034 0.014940
-0.4023 0.012319
-0.4004 0.010138
-0.3978 0.008328
-0.3947 0.006830
-0.3909 0.005594
-0.3868 0.004576
-0.3822 0.003739
-0.3774 0.003052
-0.3723 0.002490
-0.3670 0.002029
-0.3615 0.001653
-0.3560 0.001346
-0.3504 0.001095
-0.3447 0.000891
-0.3391 0.000725
-0.3336 0.000589
-0.3281 0.000479
-0.3228 0.000390
-0.3176 0.000317
-0.3126 0.000258
-0.3078 0.000210
-0.3032 0.000171
-0.2990 0.000140
-0.2952 0.000114
-0.2918 0.000093
-0.2890 0.000076
-0.2867 0.000063
-0.2851 0.000051
-0.2841 0.000042
-0.2839 0.000035
-0.2606 0.202266
-0.2261 0.175515
-0.1973 0.153159
-0.1722 0.133639
-0.1360 0.211484
-0.0929 0.144637
-0.0497 0.077704
-0.0033 0.005888
0.0446 -0.068372
0.0860 -0.132797
0.1139 -0.176159
0.1273 -0.197231
0.1209 -0.271712
0.1060 -0.225469
0.0921 -0.186738
0.0742 -0.202205
0.0527 -0.138076
0.0348 -0.084986
0.0183 -0.042093
0.0016 -0.003762
-0.0164 0.033138
-0.0360 0.070226
-0.0573 0.107838
-0.0795 0.145180
-0.1022 0.171804
-0.1261 0.192141
-0.1498 0.208898
-0.1723 0.213613
-0.1956 0.200600
-0.2197 0.186292
-0.2434 0.170675
-0.2660 0.154249
-0.2871 0.137659
-0.3064 0.121486
-0.3238 0.106164
-0.3393 0.091980
-0.3529 0.079092
-0.3645 0.067561
-0.3744 0.057377
-0.3826 0.048479
-0.3892 0.040775
-0.3943 0.034158
-0.3981 0.028512
-0.4006 0.023723
-0.4019 0.019681
-0.4022 0.016286
-0.4016 0.013445
-0.4002 0.011077
-0.3980 0.009109
-0.3952 0.007478
-0.3918 0.006130
-0.3879 0.005018
-0.3836 0.004103
-0.3789 0.003351
-0.3740 0.002735
-0.3688 0.002230
-0.3634 0.001817
-0.3579 0.001479
-0.3523 0.001204
-0.3466 0.000979
-0.3408 0.000796
-0.3351 0.000647
-0.3293 0.000526
-0.3236 0.000427
-0.3179 0.000347
-0.3124 0.000282
-0.3069 0.000229
-0.3015 0.000186
-0.2962 0.000151
-0.2911 0.000123
-0.2861 0.000100
-0.2814 0.000081
-0.2768 0.000066
-0.2725 0.000054
-0.2685 0.000044
-0.2649 0.000036
-0.2616 0.000029
-0.2589 0.000024
-0.2567 0.000020
-0.2552 0.000016
-0.2545 0.000013
-0.2322 0.180228
-0.1996 0.154947
-0.1710 0.132744
-0.1446 0.112239
-0.1064 0.165550
-0.0616 0.096142
-0.0141 0.022614
0.0360 -0.055079
0.0813 -0.125391
0.1129 -0.174591
0.1269 -0.295304
0.1154 -0.268539
0.1025 -0.227444
0.0901 -0.189550
0.0684 -0.190713
0.0495 -0.134299
0.0329 -0.084190
0.0175 -0.041838
0.0019 -0.004664
-0.0145 0.030336
-0.0323 0.064728
-0.0514 0.099173
-0.0718 0.129511
-0.0944 0.153438
-0.1186 0.175360
-0.1430 0.194039
-0.1680 0.189243
-0.1942 0.180961
-0.2205 0.169871
-0.2457 0.156541
-0.2692 0.141849
-0.2907 0.126667
-0.3101 0.111704
-0.3272 0.097468
-0.3421 0.084280
-0.3550 0.072317
-0.3660 0.061641
-0.3751 0.052239
-0.3825 0.044049
-0.3884 0.036979
-0.3928 0.030922
-0.3959 0.025768
-0.3977 0.021406
-0.3985 0.017734
-0.3983 0.014656
-0.3973 0.012086
-0.3954 0.009947
-0.3929 0.008172
-0.3898 0.006703
-0.3862 0.005491
-0.3822 0.004493
-0.3778 0.003672
-0.3730 0.002998
-0.3680 0.002446
-0.3629 0.001994
-0.3575 0.001624
-0.3520 0.001322
-0.3465 0.001076
-0.3409 0.000875
-0.3352 0.000712
-0.3296 0.000578
-0.3240 0.000470
-0.3185 0.000382
-0.3130 0.000311
-0.3077 0.000252
-0.3025 0.000205
-0.2974 0.000167
-0.2925 0.000136
-0.2878 0.000110
-0.2832 0.000090
-0.2787 0.000073
-0.2745 0.000059
-0.2706 0.000048
-0.2669 0.000040
-0.2635 0.000032
-0.2604 0.000026
-0.2576 0.000022
-0.2550 0.000018
-0.2528 0.000014
-0.2511 0.000012
-0.2500 0.000010
-0.2496 0.000008
-0.2500 0.000007
-0.2513 0.000006
-0.2534 0.000005
-0.2337 0.181395
-0.2036 0.157980
-0.1775 0.137786
-0.1544 0.119809
-0.1329 0.103168
-0.1055 0.164094
-0.0667 0.104035
-0.0258 0.040591
0.0184 -0.027871
0.0615 -0.094641
0.0882 -0.204686
0.0973 -0.226224
0.0972 -0.223794
0.0926 -0.201197
0.0857 -0.177057
0.0772 -0.152639
0.0601 -0.161365
0.0438 -0.109512
0.0295 -0.069007
0.0155 -0.034356
0.0010 -0.002317
-0.0147 0.029013
-0.0319 0.059903
-0.0515 0.086767
-0.0739 0.112995
-0.0989 0.138409
-0.1253 0.161785
-0.1510 0.181549
-0.1743 0.194407
-0.1969 0.181580
-0.2198 0.167581
-0.2420 0.152600
-0.2630 0.137142
-0.2824 0.121769
-0.3000 0.106962
-0.3157 0.093073
-0.3295 0.080326
-0.3415 0.068829
-0.3516 0.058609
-0.3602 0.049634
-0.3671 0.041831
-0.3726 0.035105
-0.3767 0.029350
-0.3797 0.024456
-0.3815 0.020319
-0.3823 0.016837
-0.3823 0.013919
-0.3814 0.011483
-0.3799 0.009456
-0.3777 0.007774
-0.3750 0.006382
-0.3719 0.005232
-0.3683 0.004285
-0.3645 0.003506
-0.3603 0.002865
-0.3559 0.002340
-0.3513 0.001910
-0.3465 0.001558
-0.3416 0.001270
-0.3367 0.001035
-0.3317 0.000843
-0.3266 0.000686
-0.3216 0.000559
-0.3165 0.000455
-0.3116 0.000370
-0.3067 0.000301
-0.3020 0.000245
-0.2973 0.000200
-0.2928 0.000162
-0.2884 0.000132
-0.2842 0.000108
-0.2801 0.000088
-0.2763 0.000072
-0.2726 0.000058
-0.2693 0.000048
-0.2662 0.000039
-0.2635 0.000032
-0.2610 0.000026
-0.2589 0.000021
-0.2570 0.000018
-0.2557 0.000014
-0.2551 0.000012
-0.2553 0.000010
-0.2509 0.194760
-0.2168 0.168259
-0.1872 0.145295
-0.1601 0.124273
-0.1340 0.104025
-0.1077 0.083699
-0.0801 0.062287
-0.0490 0.038251
-0.0120 0.009591
0.0324 -0.024750
0.0799 -0.061553
0.1208 -0.093363
0.1326 -0.192745
0.1358 -0.181594
0.1244 -0.251090
0.1042 -0.201905
0.0855 -0.160039
0.0622 -0.161679
0.0379 -0.096803
0.0164 -0.041666
-0.0035 0.008092
-0.0226 0.054975
-0.0415 0.100262
-0.0599 0.143792
-0.0771 0.181268
-0.0937 0.207389
-0.1096 0.225234
-0.1262 0.231343
-0.1432 0.236270
-0.1611 0.223513
-0.1814 0.208131
-0.2030 0.192605
-0.2249 0.176390
-0.2461 0.159626
-0.2662 0.142756
-0.2847 0.126276
-0.3016 0.110604
-0.3167 0.096037
-0.3300 0.082753
-0.3416 0.070827
-0.3515 0.060261
-0.3598 0.051002
-0.3666 0.042965
-0.3719 0.036044
-0.3760 0.030126
-0.3788 0.025097
-0.3806 0.020847
-0.3813 0.017271
-0.3812 0.014276
-0.3803 0.011777
-0.3788 0.009697
-0.3766 0.007973
-0.3740 0.006546
-0.3709 0.005368
-0.3675 0.004397
-0.3637 0.003598
-0.3597 0.002942
-0.3554 0.002404
-0.3509 0.001962
-0.3463 0.001601
-0.3416 0.001306
-0.3367 0.001064
-0.3318 0.000867
-0.3268 0.000706
-0.3218 0.000575
-0.3168 0.000468
-0.3118 0.000381
-0.3068 0.000310
-0.3019 0.000252
-0.2970 0.000205
-0.2923 0.000167
-0.2876 0.000136
-0.2830 0.000110
-0.2785 0.000090
-0.2742 0.000073
-0.2700 0.000060
-0.2661 0.000049
-0.2623 0.000040
-0.2589 0.000032
-0.2557 0.000026
-0.2528 0.000022
-0.2501 0.000018
-0.2479 0.000014
-0.2463 0.000012
-0.2454 0.000010
-0.2185 0.169594
-0.1869 0.145069
-0.1581 0.122741
-0.1302 0.101140
-0.1015 0.078861
-0.0696 0.054243
-0.0311 0.048890
0.0172 -0.025853
0.0638 -0.098208
0.0933 -0.216535
0.1035 -0.240500
0.1040 -0.241879
0.0987 -0.222414
0.0913 -0.194643
0.0823 -0.167265
0.0673 -0.183831
0.0488 -0.129892
0.0325 -0.084749
0.0175 -0.044942
0.0033 -0.008288
-0.0106 0.023910
-0.0250 0.052189
-0.0409 0.076120
-0.0590 0.098796
-0.0795 0.120837
-0.1021 0.141929
-0.1254 0.161103
-0.1482 0.177254
-0.1691 0.182221
-0.1905 0.169770
-0.2125 0.156556
-0.2340 0.142584
-0.2545 0.128215
-0.2734 0.113920
-0.2906 0.100131
-0.3060 0.087178
-0.3196 0.075272
-0.3313 0.064523
-0.3413 0.054961
-0.3496 0.046558
-0.3565 0.039250
-0.3619 0.032948
-0.3660 0.027554
-0.3690 0.022966
-0.3709 0.019087
-0.3718 0.015821
-0.3719 0.013084
-0.3712 0.010799
-0.3699 0.008897
-0.3680 0.007318
-0.3656 0.006011
-0.3627 0.004931
-0.3595 0.004041
-0.3560 0.003309
-0.3523 0.002707
-0.3485 0.002214
-0.3446 0.001810
-0.3407 0.001480
-0.3368 0.001210
-0.3330 0.000989
-0.3293 0.000808
-0.3256 0.000661
-0.3220 0.000540
-0.3185 0.000442
-0.3149 0.000361
-0.3114 0.000295
-0.3078 0.000241
-0.3043 0.000197
-0.3007 0.000161
-0.2970 0.000132
-0.2934 0.000108
-0.2897 0.000088
-0.2860 0.000072
-0.2823 0.000058
-0.2785 0.000048
-0.2748 0.000039
-0.2711 0.000032
-0.2674 0.000026
-0.2638 0.000021
-0.2602 0.000017
-0.2566 0.000014
-0.2532 0.000011
-0.2499 0.000009
-0.2467 0.000008
-0.2436 0.000006
-0.2408 0.000005
-0.2381 0.000004
-0.2357 0.000003
-0.2335 0.000003
-0.2317 0.000002
-0.2302 0.000002
-0.2293 0.000002
-0.2290 0.000001
-0.2295 0.000001
-0.2310 0.000001
-0.2335 0.000001
-0.2372 0.000001
-0.2272 0.176346
-0.1997 0.154959
-0.1758 0.136422
-0.1544 0.119811
-0.1345 0.104424
-0.1117 0.173634
-0.0752 0.117202
-0.0380 0.059422
0.0018 -0.002107
0.0418 -0.064165
0.0761 -0.117469
0.0996 -0.154039
0.0961 -0.298485
0.0794 -0.240568
0.0660 -0.192106
0.0544 -0.152937
0.0438 -0.119475
0.0338 -0.089871
0.0243 -0.061344
0.0156 -0.036786
0.0071 -0.015950
-0.0013 0.002641
-0.0100 0.019891
-0.0190 0.036374
-0.0283 0.052440
-0.0379 0.068272
-0.0478 0.083898
-0.0577 0.099206
-0.0674 0.113958
-0.0767 0.127829
-0.0853 0.140459
-0.0942 0.139556
-0.1062 0.129945
-0.1219 0.123396
-0.1412 0.118113
-0.1631 0.112793
-0.1864 0.106627
-0.2100 0.099324
-0.2327 0.091026
-0.2538 0.082112
-0.2730 0.073022
-0.2900 0.064140
-0.3048 0.055747
-0.3175 0.048023
-0.3283 0.041058
-0.3373 0.034878
-0.3447 0.029468
-0.3505 0.024780
-0.3551 0.020753
-0.3584 0.017320
-0.3606 0.014411
-0.3619 0.011959
-0.3624 0.009901
-0.3621 0.008180
-0.3612 0.006746
-0.3598 0.005555
-0.3578 0.004568
-0.3554 0.003752
-0.3527 0.003079
-0.3498 0.002524
-0.3465 0.002068
-0.3432 0.001693
-0.3396 0.001385
-0.3361 0.001133
-0.3324 0.000927
-0.3288 0.000758
-0.3253 0.000620
-0.3218 0.000507
-0.3185 0.000415
-0.3154 0.000340
-0.3126 0.000279
-0.3103 0.000229
-0.3084 0.000188
-0.3071 0.000155
-0.2994 0.232531
-0.2580 0.200360
-0.2244 0.174243
-0.1962 0.152326
-0.1718 0.133324
-0.1499 0.116356
-0.1296 0.100606
-0.0917 0.142669
-0.0528 0.082483
-0.0110 0.017788
0.0330 -0.050520
0.0733 -0.113130
0.1028 -0.158965
0.1193 -0.180567
0.1178 -0.254862
0.1065 -0.219286
0.0950 -0.187266
0.0830 -0.157620
0.0705 -0.129666
0.0541 -0.137225
0.0348 -0.082579
0.0175 -0.039215
0.0005 -0.001499
-0.0169 0.033532
-0.0352 0.067441
-0.0543 0.100767
-0.0738 0.133117
-0.0935 0.154932
-0.1142 0.171743
-0.1348 0.185861
-0.1544 0.196773
-0.1720 0.204343
-0.1871 0.208833
-0.1993 0.210742
-0.2089 0.210636
-0.2175 0.188659
-0.2285 0.163910
-0.2411 0.142974
-0.2543 0.124690
-0.2675 0.108451
-0.2802 0.093941
-0.2922 0.080985
-0.3031 0.069468
-0.3129 0.059298
-0.3215 0.050380
-0.3289 0.042618
-0.3352 0.035907
-0.3403 0.030142
-0.3444 0.025219
-0.3474 0.021038
-0.3496 0.017502
-0.3509 0.014526
-0.3514 0.012030
-0.3513 0.009943
-0.3506 0.008205
-0.3494 0.006760
-0.3477 0.005563
-0.3457 0.004572
-0.3433 0.003754
-0.3406 0.003080
-0.3377 0.002524
-0.3346 0.002068
-0.3314 0.001694
-0.3281 0.001386
-0.3247 0.001135
-0.3214 0.000928
-0.3181 0.000760
-0.3149 0.000622
-0.3118 0.000509
-0.3089 0.000417
-0.3063 0.000342
-0.3040 0.000281
-0.3022 0.000231
-0.3009 0.000190
-0.2936 0.228060
-0.2526 0.196130
-0.2188 0.169867
-0.1899 0.147443
-0.1643 0.127556
-0.1406 0.109198
-0.1154 0.179564
-0.0744 0.115990
-0.0316 0.049725
0.0146 -0.021933
0.0603 -0.092832
0.0969 -0.149726
0.1188 -0.276357
0.1133 -0.259400
0.1055 -0.228072
0.0965 -0.198399
0.0864 -0.170192
0.0755 -0.143270
0.0632 -0.165420
0.0434 -0.110032
0.0266 -0.063096
0.0112 -0.025106
-0.0042 0.008490
-0.0203 0.040462
-0.0377 0.072385
-0.0565 0.104842
-0.0772 0.128881
-0.1004 0.152028
-0.1250 0.173256
-0.1493 0.191201
-0.1717 0.204943
-0.1913 0.208685
-0.2110 0.190284
-0.2314 0.172550
-0.2516 0.155170
-0.2711 0.138240
-0.2894 0.122011
-0.3062 0.106737
-0.3213 0.092619
-0.3347 0.079781
-0.3464 0.068272
-0.3564 0.058081
-0.3648 0.049155
-0.3716 0.041407
-0.3770 0.034736
-0.3811 0.029033
-0.3840 0.024185
-0.3857 0.020088
-0.3865 0.016641
-0.3863 0.013754
-0.3853 0.011343
-0.3837 0.009338
-0.3814 0.007674
-0.3785 0.006298
-0.3752 0.005162
-0.3715 0.004226
-0.3675 0.003457
-0.3633 0.002825
-0.3588 0.002307
-0.3542 0.001883
-0.3495 0.001536
-0.3447 0.001253
-0.3399 0.001021
-0.3351 0.000833
-0.3304 0.000679
-0.3258 0.000553
-0.3213 0.000451
-0.3170 0.000368
-0.3129 0.000300
-0.3091 0.000245
-0.3056 0.000201
-0.3026 0.000164
-0.3000 0.000135
-0.2980 0.000111
-0.2966 0.000091
-0.2575 0.199956
-0.2219 0.172301
-0.1914 0.148617
-0.1642 0.127462
-0.1387 0.107697
-0.1135 0.088173
-0.0745 0.116224
-0.0298 0.046937
0.0187 -0.028254
0.0663 -0.102104
0.1036 -0.160091
0.1136 -0.264184
0.1113 -0.258892
0.1048 -0.230022
0.0966 -0.201319
0.0870 -0.173328
0.0763 -0.146184
0.0571 -0.150328
0.0390 -0.100839
0.0230 -0.055812
0.0081 -0.018665
-0.0069 0.014502
-0.0229 0.046249
-0.0401 0.077939
-0.0591 0.104613
-0.0808 0.129084
-0.1047 0.152456
-0.1297 0.173531
-0.1539 0.190990
-0.1759 0.204095
-0.1963 0.193212
-0.2176 0.177113
-0.2390 0.160833
-0.2597 0.144505
-0.2792 0.128470
-0.2972 0.113087
-0.3136 0.098652
-0.3281 0.085365
-0.3409 0.073337
-0.3519 0.062601
-0.3613 0.053132
-0.3690 0.044868
-0.3751 0.037719
-0.3799 0.031581
-0.3833 0.026347
-0.3855 0.021911
-0.3866 0.018170
-0.3868 0.015029
-0.3861 0.012404
-0.3846 0.010216
-0.3825 0.008400
-0.3797 0.006896
-0.3765 0.005654
-0.3729 0.004630
-0.3690 0.003787
-0.3647 0.003096
-0.3603 0.002528
-0.3557 0.002064
-0.3510 0.001684
-0.3462 0.001373
-0.3415 0.001120
-0.3367 0.000913
-0.3320 0.000744
-0.3274 0.000607
-0.3230 0.000495
-0.3188 0.000404
-0.3148 0.000330
-0.3110 0.000269
-0.3077 0.000220
-0.3047 0.000180
-0.3023 0.000148
-0.3003 0.000122
-0.2989 0.000100
-0.2981 0.000082
-0.2567 0.199331
-0.2220 0.172350
-0.1923 0.149314
-0.1659 0.128825
-0.1414 0.109795
-0.1174 0.091153
-0.0810 0.126220
-0.0377 0.059152
0.0095 -0.013953
0.0573 -0.088080
0.0967 -0.149356
0.1145 -0.266231
0.1128 -0.262307
0.1066 -0.234259
0.0987 -0.205804
0.0892 -0.177908
0.0786 -0.150701
0.0629 -0.165709
0.0436 -0.112680
0.0267 -0.065299
0.0113 -0.026108
-0.0040 0.008246
-0.0201 0.040795
-0.0375 0.073187
-0.0565 0.102781
-0.0779 0.127818
-0.1018 0.151792
-0.1270 0.173568
-0.1516 0.191772
-0.1742 0.205558
-0.1940 0.204357
-0.2143 0.186676
-0.2351 0.169303
-0.2555 0.152120
-0.2749 0.135345
-0.2930 0.119284
-0.3095 0.104213
-0.3245 0.090330
-0.3377 0.077743
-0.3493 0.066489
-0.3593 0.056543
-0.3677 0.047844
-0.3746 0.040302
-0.3801 0.033813
-0.3843 0.028267
-0.3873 0.023557
-0.3893 0.019575
-0.3902 0.016225
-0.3903 0.013417
-0.3895 0.011072
-0.3881 0.009121
-0.3860 0.007500
-0.3833 0.006159
-0.3802 0.005050
-0.3766 0.004137
-0.3727 0.003385
-0.3685 0.002767
-0.3641 0.002260
-0.3594 0.001845
-0.3547 0.001505
-0.3498 0.001228
-0.3449 0.001001
-0.3400 0.000816
-0.3351 0.000665
