-0.3323 0.005314
-0.3389 0.004480
-0.3438 0.003758
-0.3474 0.003140
-0.3500 0.002616
-0.3517 0.002173
-0.3527 0.001802
-0.3532 0.001492
-0.3531 0.001233
-0.3525 0.001018
-0.3516 0.000840
-0.3503 0.000692
-0.3487 0.000569
-0.3468 0.000468
-0.3447 0.000385
-0.3423 0.000316
-0.3397 0.000259
-0.3369 0.000212
-0.3339 0.000174
-0.3307 0.000143
-0.3274 0.000117
-0.3239 0.000095
-0.3203 0.000078
-0.3166 0.000064
-0.3127 0.000052
-0.3088 0.000043
-0.3048 0.000035
-0.3008 0.000028
-0.2967 0.000023
-0.2925 0.000019
-0.2883 0.000015
-0.2840 0.000012
-0.2797 0.000010
-0.2754 0.000008
-0.2711 0.000007
-0.2668 0.000005
-0.2624 0.000004
-0.2580 0.000004
-0.2537 0.000003
-0.2493 0.000002
-0.2449 0.000002
-0.2405 0.000002
-0.2360 0.000001
-0.2315 0.000001
-0.2270 0.000001
-0.2223 0.000001
-0.2174 0.000001
-0.2122 0.000000
-0.2062 0.000000
-0.1990 0.000000
-0.1894 0.000000
-0.1760 0.000000
-0.1565 0.011754
-0.1252 0.009416
-0.0779 0.005884
-0.0009 0.000140
0.1136 -0.025287
0.2246 -0.050318
0.2999 -0.089797
0.3382 -0.101388
0.3532 -0.105947
0.3528 -0.105866
0.3430 -0.102953
0.3281 -0.098481
0.3108 -0.093292
0.2928 -0.087905
0.2752 -0.082617
0.2585 -0.077585
0.2428 -0.072873
0.2282 -0.068499
0.2147 -0.064450
0.2022 -0.060703
0.1907 -0.057230
0.1799 -0.054002
0.1699 -0.050993
0.1605 -0.048178
0.1517 -0.045536
0.1434 -0.043049
0.1356 -0.040700
0.1282 -0.038476
0.1212 -0.036366
0.1145 -0.034358
0.1081 -0.032444
0.1020 -0.030617
0.0962 -0.028870
0.0906 -0.027197
0.0853 -0.025594
0.0801 -0.024055
0.0752 -0.022578
0.0705 -0.021158
0.0659 -0.019794
0.0616 -0.018481
0.0574 -0.017219
0.0533 -0.016004
0.0494 -0.014833
0.0456 -0.013705
0.0420 -0.012615
0.0385 -0.011560
0.0351 -0.010535
0.0317 -0.009534
0.0285 -0.008549
