0.4765
0.5325
0.5471
0.5741
0.6001
0.6094
0.6116
0.6135
0.6126
0.6120
0.6115
0.6114
0.6113
0.6114
0.6117
0.6118
0.6126
0.6119
0.6121
0.6117
0.6099
0.6109
0.6116
0.6109
0.6114
0.6115
0.6111
0.6115
0.6107
0.6114
0.6118
0.6116
0.6118
0.6106
0.6113
0.6115
0.6111
0.6120
0.6121
0.6111
0.6113
0.6112
0.6110
0.6105
0.6109
0.6107
0.6115
0.6113
0.6110
0.6117
0.6106
0.6125
0.6116
0.6112
0.6112
0.6112
0.6109
0.6113
0.6115
0.6110
0.6113
0.6107
0.6109
0.6113
0.6112
0.6106
0.6112
0.6111
0.6106
0.6110
0.6107
0.6109
0.6119
0.6109
0.6102
0.6099
0.6109
0.6110
0.6113
0.6116
0.6122
0.6109
0.6112
0.6109
0.6106
0.6117
0.6115
0.6112
0.6106
0.6108
0.6109
0.6118
0.6115
0.6117
0.6106
0.6118
0.6109
0.6110
0.6103
0.6112
0.6111
0.6104
0.6106
0.6110
0.6113
0.6111
0.6110
0.6108
0.6105
0.6114
0.6108
0.6110
0.6108
0.6115
0.6114
0.6114
0.6111
0.6103
0.6104
0.6115
0.6117
0.6107
0.6116
0.6111
0.6115
0.6106
0.6112
0.6109
0.6106
0.6105
0.6109
0.6114
0.6115
0.6110
0.6113
0.6104
0.6110
0.6111
0.6107
0.6111
0.6120
0.6118
0.6109
0.6112
0.6115
0.6115
0.6106
0.6107
0.6109
0.6113
0.6111
0.6102
0.6108
0.6113
0.6116
0.6115
0.6109
0.6105
0.6107
0.6113
0.6111
0.6116
0.6112
0.6113
0.6113
0.6109
0.6117
0.6103
0.6109
0.6107
0.6114
0.6109
0.6110
0.6113
0.6113
0.6118
0.6111
0.6117
0.6118
0.6111
0.6110
0.6114
0.6112
0.6120
0.6108
0.6112
0.6109
0.6114
0.6110
0.6108
0.6110
0.6119
0.6108
0.6105
0.6108
0.6122
0.6117
0.6114
0.6100
0.6107
0.6112
0.6117
0.6109
0.6115
0.6108
0.6105
0.6118
0.6111
0.6118
0.6112
0.6110
0.6115
0.6115
0.6111
0.6118
0.6118
0.6106
0.6107
0.6115
0.6111
0.6112
0.6113
0.6116
0.6114
0.6109
0.6111
0.6113
0.6106
0.6104
0.6112
0.6112
0.6113
