0.8849 7.9418
0.8860 8.0910
0.8870 8.2030
0.8878 8.2725
0.8882 8.2950
0.8884 8.2608
0.8883 8.1556
0.8877 7.9761
0.8867 7.7295
0.8852 7.4372
0.8832 7.1276
0.8809 6.8243
0.8785 6.5383
0.8759 6.2687
0.8733 6.0081
0.8705 5.7530
0.8679 5.6148
0.8666 5.7515
0.8674 6.0414
0.8698 6.3593
0.8729 6.8360
0.8789 8.8620
0.8901 12.8756
0.9020 16.7622
0.9109 19.7543
0.9166 21.7472
0.9197 22.7251
0.9210 22.6682
0.9212 21.5902
0.9202 19.2536
0.9180 16.5939
0.9148 14.4260
0.9114 13.2664
0.9087 12.8676
0.9070 12.5390
0.9056 11.8605
0.9036 10.7892
0.9004 9.5032
0.8957 8.3227
0.8903 7.6062
0.8858 7.2825
0.8828 7.2001
0.8815 7.2537
0.8814 7.3774
0.8821 7.5314
0.8832 7.6916
0.8843 7.8418
0.8853 7.8718
0.8853 7.6054
0.8839 7.1137
0.8808 6.5458
0.8764 6.0070
0.8714 5.6199
0.8678 5.7967
0.8700 7.0843
0.8786 9.1132
0.8890 11.0534
0.8976 12.3676
0.9031 12.8077
0.9055 12.3784
0.9051 11.3677
0.9028 10.3669
0.8997 9.6435
0.8966 9.1719
0.8941 8.8929
0.8924 8.7470
0.8914 8.6812
0.8908 8.6131
0.8902 8.3795
0.8889 7.9718
0.8869 7.5840
0.8846 7.3247
0.8826 7.1247
0.8807 6.8774
0.8786 6.5454
0.8758 6.1651
0.8723 5.7895
0.8684 5.4426
0.8641 5.1169
0.8597 4.8652
0.8573 5.2538
0.8637 7.2321
0.8775 9.9606
0.8908 11.7782
0.8998 12.6390
0.9045 12.8672
0.9063 12.6880
0.9063 12.2186
0.9051 11.4622
0.9029 10.5708
0.9001 9.8190
0.8972 9.2758
0.8946 8.8831
0.8924 8.5988
0.8907 8.4051
0.8895 8.2834
0.8886 8.1927
0.8880 8.0845
0.8873 7.9247
0.8863 7.6877
0.8848 7.4372
0.8837 7.6006
0.8849 8.4488
0.8890 9.7991
0.8945 11.1578
0.8995 12.1232
0.9031 12.5669
0.9050 12.5549
0.9055 12.1082
0.9045 11.2576
0.9022 10.2310
0.8987 9.1964
0.8944 8.2550
0.8894 7.4372
0.8840 6.7294
0.8783 6.1069
0.8723 5.5567
0.8660 5.0938
0.8599 4.7762
0.8551 4.6749
0.8530 4.7757
0.8534 4.9472
0.8552 5.0451
0.8569 5.1513
0.8593 5.4336
0.8627 5.7817
0.8665 6.1224
0.8703 6.4323
0.8736 6.7062
0.8763 6.9433
0.8785 7.1433
0.8802 7.3031
0.8816 7.4157
0.8825 7.4779
0.8830 7.4739
0.8830 7.3800
0.8824 7.1910
0.8811 6.9283
0.8791 6.6114
0.8766 6.2974
0.8740 6.1794
0.8735 6.7091
0.8776 8.0599
0.8851 9.6978
0.8928 11.0392
0.8987 11.6615
0.9015 11.1340
0.9015 10.7883
0.9022 12.6849
0.9059 15.6666
0.9108 18.3885
0.9150 20.3208
0.9178 20.8537
0.9189 20.2335
0.9188 18.9403
0.9176 17.4221
0.9158 15.9598
0.9136 14.6344
0.9112 13.4440
0.9086 12.5554
0.9064 12.0325
0.9047 11.7165
0.9036 11.5204
0.9028 11.3827
0.9022 11.2136
0.9016 10.8981
0.9006 10.3928
0.8989 9.7738
0.8966 9.2118
0.8942 8.8127
0.8921 8.5000
0.8901 8.1784
0.8881 7.7933
0.8856 7.3305
0.8825 6.8076
0.8784 6.2128
0.8730 5.6006
0.8665 5.0484
0.8592 4.5842
0.8518 4.2237
0.8448 3.9527
0.8385 3.7341
0.8327 3.5335
0.8271 3.3343
0.8212 3.1366
0.8148 2.9490
0.8081 2.7813
0.8013 2.6402
0.7950 2.5279
0.7894 2.4434
0.7849 2.3831
0.7814 2.3422
0.7789 2.3154
0.7772 2.2987
0.7762 2.2950
0.7761 2.3210
0.7777 2.3920
0.7813 2.5048
0.7867 2.6487
0.7933 2.8121
0.8003 2.9868
0.8076 3.2240
0.8174 3.7635
0.8310 4.5378
0.8457 5.3625
0.8587 6.1259
0.8687 6.7715
0.8759 7.2794
0.8808 7.6582
0.8840 7.9442
0.8861 8.1726
0.8876 8.3454
0.8886 8.4313
0.8891 8.3834
0.8889 8.2022
0.8883 8.1113
0.8880 8.3044
0.8888 8.7065
0.8906 9.3499
0.8949 12.1571
0.9028 16.4637
0.9106 20.0007
0.9164 22.5294
0.9200 24.1634
0.9219 24.7561
0.9226 23.7470
0.9221 21.7519
0.9208 20.3890
0.9198 20.5664
0.9195 21.5016
0.9199 22.0929
0.9202 21.4192
0.9199 20.1608
0.9189 18.9912
0.9177 17.9518
0.9164 16.8404
0.9147 15.3134
0.9121 13.4803
0.9087 11.9098
0.9051 11.1058
0.9026 11.0905
0.9017 11.3335
0.9018 11.4074
0.9018 11.1068
0.9010 10.4178
0.8988 9.4551
0.8952 8.3954
0.8901 7.3984
0.8839 6.5341
0.8769 5.8102
0.8694 5.2064
0.8616 4.6997
0.8537 4.2745
0.8457 3.9222
0.8380 3.6357
0.8306 3.4060
0.8239 3.2227
0.8179 3.0741
0.8125 2.9491
0.8077 2.8355
0.8030 2.7227
0.7981 2.6056
0.7928 2.4840
0.7869 2.3604
0.7803 2.2382
0.7733 2.1277
0.7667 2.0529
0.7617 2.0242
0.7592 2.0376
0.7595 2.0852
0.7623 2.1599
0.7669 2.2565
0.7727 2.3729
0.7794 2.5090
0.7866 2.6625
0.7940 2.8335
0.8014 3.0223
0.8090 3.2603
0.8184 3.7618
0.8313 4.5097
0.8455 5.3210
0.8582 6.0797
0.8683 6.7647
0.8761 7.5161
0.8825 8.4295
0.8884 9.5033
0.8938 10.6262
0.8984 11.6485
0.9020 12.3732
0.9047 13.4224
0.9084 16.9973
0.9133 20.6794
0.9176 23.3581
0.9207 25.1189
0.9225 26.0955
0.9235 26.4643
0.9239 26.2850
0.9238 25.1976
0.9231 22.8255
0.9215 20.1613
0.9195 18.7774
0.9182 19.5960
0.9185 21.8477
0.9200 24.2439
0.9216 25.0730
0.9223 23.8232
0.9219 21.3464
0.9201 18.1750
0.9169 15.1381
0.9125 12.7660
0.9077 11.3290
0.9036 10.7024
0.9008 10.3701
0.8988 9.9147
0.8967 9.2381
0.8938 8.4175
0.8898 7.5510
0.8846 6.7248
0.8783 5.9915
0.8713 5.3777
0.8640 4.8902
0.8570 4.5406
0.8510 4.3425
0.8469 4.2724
0.8447 4.2699
0.8440 4.2720
0.8437 4.2373
0.8431 4.1522
0.8416 4.0202
0.8390 3.8513
0.8353 3.6560
0.8305 3.4432
0.8246 3.2216
0.8178 3.0000
0.8101 2.7854
0.8016 2.5824
0.7924 2.3939
0.7827 2.2232
0.7735 2.1380
0.7713 2.3753
0.7820 2.9125
0.8014 3.6017
0.8223 4.3395
0.8405 5.0636
0.8547 5.7419
0.8651 6.3674
0.8726 6.9430
0.8782 7.4610
0.8824 7.8911
0.8854 8.1844
0.8874 8.2946
0.8882 8.2054
0.8879 7.9423
0.8866 7.6382
0.8850 7.4760
0.8837 7.4375
0.8832 7.5181
0.8836 7.8423
0.8869 9.9213
0.8958 14.2810
0.9057 18.3170
0.9135 21.3657
0.9184 23.4338
0.9212 24.5711
0.9225 24.9582
0.9230 24.6176
0.9228 23.4941
0.9220 21.7955
0.9206 19.8573
0.9188 17.8212
0.9164 16.0059
0.9138 14.6866
0.9116 14.1952
0.9104 14.3940
0.9101 14.6102
0.9101 14.2677
0.9095 13.2791
0.9076 11.9212
0.9043 10.4465
0.8997 9.0332
0.8938 7.7959
0.8869 6.7937
0.8794 6.0224
0.8719 5.4374
0.8648 4.9878
0.8582 4.6431
0.8527 4.4756
0.8506 4.8386
0.8559 6.0206
0.8673 7.6106
0.8794 8.9768
0.8887 9.7438
0.8940 9.8077
0.8956 9.2825
0.8941 8.4140
0.8901 7.4509
0.8842 6.5548
0.8771 5.7927
0.8693 5.1709
0.8613 4.6690
0.8533 4.2619
0.8455 3.9340
0.8384 3.7311
0.8345 3.8730
0.8365 4.2986
0.8432 4.8291
0.8516 5.3576
0.8596 5.8324
0.8662 6.2324
0.8712 6.5510
0.8747 6.7161
0.8762 6.5617
0.8753 6.1387
0.8718 5.5926
0.8662 5.0223
0.8587 4.4791
0.8498 3.9858
0.8398 3.5505
0.8288 3.1741
0.8172 2.8546
0.8052 2.5875
0.7933 2.3662
0.7816 2.1834
0.7705 2.0323
0.7602 1.9105
0.7509 1.8174
0.7432 1.7515
0.7372 1.7105
0.7333 1.6961
0.7323 1.7412
0.7375 1.9304
0.7516 2.2741
0.7714 2.7084
0.7931 3.2775
0.8155 4.1592
0.8381 5.4020
0.8582 6.8463
0.8745 8.4847
0.8869 10.0408
0.8954 11.2577
0.9007 12.0188
0.9044 14.1013
0.9095 18.5119
0.9149 22.0631
0.9191 24.3538
0.9217 25.7014
0.9231 26.3925
0.9238 26.5687
0.9240 26.1910
0.9237 24.4999
0.9226 21.5500
0.9205 18.7292
0.9180 17.4733
0.9163 17.3382
0.9153 16.6486
0.9140 15.2783
0.9119 13.6445
0.9090 12.2775
0.9059 11.2854
0.9026 10.3176
0.8991 9.4481
0.8957 8.9862
0.8935 8.9756
0.8926 9.0670
0.8924 8.9329
0.8916 8.4733
0.8895 7.7672
0.8856 6.9573
0.8800 6.1694
0.8731 5.4727
0.8653 4.8885
0.8570 4.4162
0.8488 4.0441
0.8409 3.7543
0.8338 3.5262
0.8273 3.3404
0.8216 3.1902
0.8167 3.0844
0.8129 3.0208
0.8103 2.9892
0.8088 2.9784
0.8082 2.9793
0.8081 2.9850
0.8083 2.9908
0.8085 2.9935
0.8086 2.9899
0.8085 2.9756
0.8080 2.9446
0.8069 2.8965
0.8052 2.8481
0.8035 2.8130
0.8024 2.8612
0.8060 3.2303
0.8167 3.8583
0.8314 4.5806
0.8460 5.3365
0.8592 6.3909
0.8718 7.8854
0.8834 9.5869
0.8929 11.2655
0.9000 12.6951
0.9048 13.5993
0.9077 14.0918
0.9093 14.4742
0.9103 15.0368
0.9113 15.7239
0.9124 16.2457
0.9132 16.4392
0.9136 16.2788
0.9135 15.8711
0.9134 16.8154
0.9150 20.4717
0.9180 23.7997
0.9209 26.1818
0.9230 27.5388
0.9242 27.6673
0.9245 26.5796
0.9240 24.4194
0.9227 21.5620
0.9205 18.3054
0.9171 15.1918
0.9126 12.7394
0.9078 11.6402
0.9051 12.3535
0.9059 14.5813
0.9094 17.2302
0.9133 19.0222
0.9160 19.3751
0.9171 18.3536
0.9164 16.2861
0.9139 13.8601
0.9097 11.5790
0.9040 9.6078
0.8968 7.9790
0.8883 6.6696
0.8785 5.6287
0.8677 4.7967
0.8560 4.1222
0.8433 3.5682
0.8297 3.1110
0.8154 2.7358
0.8006 2.4309
0.7857 2.1845
0.7711 1.9847
0.7571 1.8207
0.7438 1.6838
0.7313 1.5723
0.7219 1.5816
0.7271 1.9272
0.7504 2.5401
0.7814 3.2684
0.8104 4.0295
0.8335 4.7869
0.8504 5.5135
0.8624 6.1868
0.8709 6.7853
0.8768 7.2827
0.8811 7.6440
0.8838 7.8330
0.8853 7.8273
0.8853 7.5843
0.8840 7.1665
0.8812 6.6658
0.8773 6.1493
0.8725 5.6637
0.8672 5.2466
0.8623 5.0691
0.8599 5.2690
0.8614 5.7185
0.8659 6.4207
0.8729 7.5072
0.8814 9.0194
0.8901 10.7660
0.8979 12.6276
0.9042 14.3690
0.9088 15.7513
0.9119 16.6266
0.9137 16.9599
0.9146 17.5095
0.9162 20.9729
0.9189 24.3770
0.9214 26.3462
0.9232 27.0744
0.9240 26.4124
0.9238 24.6483
0.9229 22.6636
0.9216 21.1034
0.9202 19.8361
0.9187 18.5122
0.9171 17.0333
0.9151 15.5455
0.9129 14.5827
0.9113 14.4260
0.9105 14.5521
0.9103 14.4024
0.9098 13.7298
0.9085 12.5581
0.9059 11.0939
0.9018 9.5854
0.8963 8.2050
0.8894 7.0265
0.8813 6.0408
0.8722 5.2249
0.8622 4.5580
0.8517 4.0297
0.8413 3.6508
0.8320 3.4232
0.8251 3.3085
0.8206 3.2493
0.8180 3.2124
0.8163 3.1697
0.8148 3.1098
0.8130 3.0400
0.8108 2.9748
0.8085 2.9258
0.8066 2.8973
0.8054 2.8875
0.8048 2.8898
0.8047 2.8949
0.8047 2.8922
0.8046 2.8819
0.8045 2.8785
0.8044 2.8846
0.8045 2.8943
0.8048 2.9017
0.8051 2.9037
0.8052 2.8997
0.8051 2.8900
0.8047 2.8755
0.8042 2.8650
0.8050 3.0227
0.8119 3.5722
0.8259 4.4299
0.8429 5.4611
0.8589 6.5276
0.8718 7.5189
0.8812 8.3768
0.8877 9.0842
0.8921 9.6349
0.8951 10.0538
0.8972 10.5676
0.8992 11.2170
0.9014 12.0176
0.9037 12.9832
0.9062 13.9641
0.9085 14.8135
0.9104 15.3958
0.9118 16.2883
0.9139 19.3408
0.9170 22.4669
0.9199 24.5675
0.9219 25.7183
0.9231 26.0497
0.9235 25.5772
0.9234 24.2555
0.9225 22.1404
0.9209 19.5017
0.9184 16.7231
0.9149 14.1141
0.9103 11.7773
0.9046 9.8218
0.8978 8.3539
0.8910 7.6133
0.8868 7.8858
0.8873 9.1163
0.8918 10.6584
0.8972 11.6875
0.9011 11.8353
0.9026 11.2563
0.9016 10.2135
0.8984 8.9569
0.8931 7.6850
0.8859 6.5253
0.8770 5.5473
0.8668 4.7894
0.8561 4.2508
0.8462 3.9025
0.8382 3.7042
0.8326 3.6164
0.8295 3.6052
0.8285 3.6355
0.8288 3.6598
0.8293 3.6499
0.8292 3.6018
0.8282 3.5240
0.8263 3.4271
0.8238 3.3245
0.8208 3.2431
0.8185 3.2331
0.8183 3.3564
0.8215 3.6170
0.8277 3.9520
0.8352 4.2800
0.8422 4.5308
0.8475 4.6597
0.8504 4.6545
0.8510 4.5248
0.8491 4.2918
0.8452 4.0039
0.8394 3.7017
0.8323 3.4195
0.8246 3.1803
0.8170 2.9944
0.8103 2.8689
0.8052 2.8122
0.8024 2.8239
0.8029 2.9896
0.8099 3.4971
0.8232 4.2059
0.8385 4.9602
0.8524 5.6721
0.8634 6.3032
0.8714 6.8619
0.8774 7.4091
0.8820 7.9907
0.8860 8.5739
0.8895 9.0840
0.8922 9.4148
0.8939 9.5273
0.8948 9.5953
0.8954 9.7123
0.8958 9.7948
0.8961 9.7720
0.8961 9.7896
0.8977 11.9202
0.9033 15.6418
0.9097 18.4587
0.9147 20.1511
0.9177 20.8985
0.9191 20.9143
0.9195 20.3529
0.9191 19.2576
0.9179 17.7072
0.9160 15.8471
0.9133 13.8628
0.9096 12.0524
0.9054 10.7280
0.9012 9.8671
0.8978 9.5039
0.8957 9.4568
0.8948 9.4588
0.8945 9.3289
0.8938 8.9665
0.8922 8.3693
0.8894 7.7542
0.8860 7.3173
0.8831 7.0991
0.8810 7.0040
0.8797 6.9138
0.8786 6.7366
0.8771 6.4296
0.8744 5.9904
0.8702 5.4521
0.8642 4.8871
0.8565 4.3542
0.8476 3.9044
0.8382 3.5689
0.8295 3.3442
0.8225 3.2057
0.8174 3.1309
0.8143 3.1013
0.8128 3.0997
0.8125 3.1136
0.8129 3.1367
0.8137 3.1654
0.8147 3.2021
0.8161 3.2633
0.8181 3.3545
0.8208 3.4668
0.8239 3.5860
0.8272 3.7022
0.8304 3.8157
0.8334 3.9338
0.8363 4.0627
0.8393 4.1960
0.8420 4.3099
0.8443 4.3859
0.8460 4.4160
0.8467 4.3997
0.8466 4.3420
0.8457 4.2570
0.8442 4.1667
0.8425 4.1055
0.8417 4.2073
0.8437 4.5533
0.8488 5.0087
0.8553 5.4483
0.8617 5.9195
0.8678 6.4692
0.8735 7.0100
0.8784 7.4916
0.8824 7.9655
0.8861 8.6410
0.8899 9.4001
0.8938 10.5814
0.8995 13.8575
0.9069 17.8827
0.9134 20.8140
0.9178 22.2678
0.9201 22.5358
0.9209 22.1154
0.9208 21.3321
0.9202 20.1980
0.9190 18.7499
0.9174 17.1042
0.9152 15.3848
0.9125 13.6778
0.9091 12.0251
0.9050 10.4781
0.8999 9.0837
0.8940 7.8668
0.8872 6.8457
0.8797 6.0158
0.8718 5.3450
0.8636 4.7968
0.8554 4.3452
0.8472 3.9800
0.8396 3.7482
0.8350 3.8975
0.8387 4.7618
0.8511 6.1411
0.8660 7.4406
0.8781 8.2970
0.8860 8.8018
0.8904 8.9597
0.8920 8.8498
0.8919 8.6242
0.8909 8.3951
0.8897 8.2110
0.8885 8.0811
0.8875 8.0103
0.8870 7.9941
0.8867 7.9686
0.8862 7.7243
0.8848 7.3113
0.8824 6.9916
0.8805 7.0098
0.8803 7.3063
0.8816 7.6110
0.8832 7.7151
0.8840 7.5291
0.8831 7.0766
0.8802 6.4436
0.8752 5.7350
0.8681 5.0435
0.8593 4.4380
0.8495 3.9534
0.8395 3.6188
0.8324 3.6665
0.8327 4.1351
0.8405 4.9388
0.8527 5.9475
0.8655 7.0758
0.8769 8.3404
0.8868 10.1015
0.8961 13.0849
0.9049 16.6759
0.9120 19.7442
0.9168 21.7587
0.9195 22.1598
0.9205 21.3719
0.9201 19.9879
0.9189 18.4396
0.9172 16.9624
0.9152 15.6534
0.9130 14.5319
0.9109 13.5779
0.9088 12.7504
0.9067 11.9841
0.9044 11.1045
0.9017 10.2342
0.8989 9.7263
0.8968 9.6200
0.8958 9.6614
0.8955 9.6411
0.8952 9.3806
0.8939 8.6938
0.8911 7.9140
0.8870 7.1875
0.8821 6.5641
0.8769 6.0589
0.8718 5.6508
0.8669 5.2969
0.8621 4.9602
0.8571 4.6245
0.8516 4.2908
0.8455 3.9671
0.8386 3.6616
0.8312 3.3795
0.8232 3.1237
0.8148 2.8949
0.8062 2.6927
0.7976 2.5156
0.7891 2.3653
0.7812 2.2530
0.7749 2.2027
0.7716 2.2233
0.7720 2.3017
0.7757 2.4163
0.7815 2.5448
0.7879 2.6693
0.7939 2.7773
0.7990 2.8627
0.8029 2.9279
0.8059 2.9864
0.8083 3.0417
0.8103 3.0857
0.8119 3.1068
0.8126 3.1004
0.8131 3.1600
0.8165 3.4924
0.8249 4.0148
0.8360 4.5920
0.8472 5.1661
0.8570 5.7374
0.8654 6.3996
0.8731 7.3543
0.8808 8.4847
0.8880 9.6956
0.8944 11.1226
0.9001 12.6967
0.9049 14.3036
0.9089 15.7840
0.9120 17.0383
0.9142 18.0372
0.9159 19.1191
0.9178 22.4663
0.9204 26.4999
0.9230 29.2142
0.9248 30.4186
0.9258 30.0633
0.9259 28.3736
0.9252 26.2351
0.9242 24.5886
0.9231 23.4508
0.9221 22.1939
0.9209 20.4904
0.9193 18.4895
0.9172 16.6206
0.9147 15.0133
0.9119 13.5015
0.9087 11.9956
0.9048 10.5165
0.9000 9.1455
0.8943 7.9540
0.8878 6.9705
0.8807 6.1831
0.8735 5.5567
0.8662 5.0473
0.8591 4.6152
0.8519 4.2325
0.8445 3.8838
0.8368 3.5616
0.8284 3.2618
0.8194 2.9843
0.8099 2.7488
0.8007 2.5913
0.7937 2.5338
0.7903 2.5697
0.7908 2.6664
0.7942 2.7828
0.7988 2.8833
0.8030 2.9379
0.8055 2.9341
0.8059 2.8717
0.8040 2.7656
0.8001 2.6375
0.7948 2.5198
0.7895 2.4428
0.7854 2.4123
0.7833 2.4199
0.7831 2.4528
0.7843 2.4988
0.7865 2.5480
0.7889 2.5938
0.7912 2.6307
0.7930 2.6538
0.7942 2.6575
0.7945 2.6382
0.7939 2.6059
0.7932 2.6570
0.7977 3.0459
0.8103 3.6991
0.8269 4.4479
0.8430 5.1940
0.8564 5.8878
0.8664 6.5061
0.8737 7.0387
0.8789 7.4811
0.8826 7.8544
0.8856 8.3963
0.8889 9.1591
0.8926 10.0820
0.8966 11.2656
0.9008 12.5406
0.9047 13.8478
0.9081 15.2302
0.9110 16.5728
0.9134 17.7485
0.9153 18.5751
0.9166 19.4605
