0.9788
0.9735
0.8134
0.7052
0.6869
0.6817
0.6809
0.6824
0.6818
0.6828
0.6826
0.6838
0.6837
0.6829
0.6836
0.6830
0.6833
0.6838
0.6828
0.6825
0.6841
0.6841
0.6833
0.6838
0.6830
0.6830
0.6846
0.6832
0.6838
0.6842
0.6830
0.6825
0.6836
0.6834
0.6827
0.6831
0.6840
0.6831
0.6832
0.6842
0.6829
0.6837
0.6833
0.6832
0.6831
0.6831
0.6832
0.6831
0.6827
0.6837
0.6828
0.6830
0.6832
0.6834
0.6836
0.6840
0.6834
0.6830
0.6835
0.6839
0.6831
0.6838
0.6839
0.6823
0.6836
0.6830
0.6832
0.6829
0.6836
0.6826
0.6826
0.6836
0.6838
0.6831
0.6833
0.6835
0.6835
0.6835
0.6828
0.6833
0.6837
0.6831
0.6831
0.6837
0.6844
0.6834
0.6835
0.6837
0.6826
0.6842
0.6824
0.6829
0.6834
0.6831
0.6840
0.6829
0.6834
0.6833
0.6835
0.6833
0.6832
0.6830
0.6831
0.6831
0.6836
0.6827
0.6826
0.6839
0.6833
0.6830
0.6836
0.6830
0.6840
0.6823
0.6831
0.6828
0.6828
0.6843
0.6821
0.6838
0.6836
0.6826
0.6826
0.6836
0.6840
0.6835
0.6827
0.6827
0.6838
0.6835
0.6835
0.6844
0.6832
0.6838
0.6833
0.6834
0.6835
0.6836
0.6825
0.6823
0.6831
0.6832
0.6838
0.6835
0.6837
0.6833
0.6836
0.6833
0.6827
0.6838
