-0.1215 -0.000148
-0.0632 -0.038282
0.0168 -0.090376
0.1014 -0.157699
0.1692 -0.234041
0.2019 -0.245609
0.2077 -0.247722
0.1951 -0.243365
0.1722 -0.235354
0.1440 -0.225494
0.1127 -0.214552
0.0780 -0.202424
0.0370 -0.187945
-0.0159 -0.162082
-0.0884 -0.124574
-0.1775 -0.083245
-0.2637 -0.050965
-0.3347 -0.029781
-0.3898 -0.016592
-0.4317 -0.008594
-0.4634 -0.003853
-0.4873 -0.001127
-0.5052 0.000365
-0.5183 0.001111
-0.5279 0.001413
-0.5344 0.001460
-0.5386 0.001367
-0.5407 0.001205
-0.5411 0.001017
-0.5400 0.000826
-0.5374 0.000647
-0.5336 0.000485
-0.5286 0.000345
-0.5224 0.000225
-0.5149 0.000126
-0.5062 0.000044
-0.4963 -0.000021
-0.4851 -0.000072
-0.4725 -0.000112
-0.4585 -0.000141
-0.4429 -0.000162
-0.4258 -0.000176
-0.4071 -0.000184
-0.3867 -0.000188
-0.3644 -0.000188
-0.3402 -0.000185
-0.3138 -0.000180
-0.2851 -0.000173
-0.2534 -0.000166
-0.2178 -0.000159
-0.1768 -0.000152
-0.1278 -0.000146
-0.0648 -0.000142
0.0134 -0.044959
0.1019 -0.105251
0.1645 -0.232442
0.1905 -0.241626
0.1942 -0.242996
0.1829 -0.239075
0.1626 -0.231997
0.1372 -0.223116
0.1083 -0.213015
0.0756 -0.201570
0.0363 -0.187856
-0.0156 -0.169748
-0.0890 -0.141106
-0.1803 -0.098034
-0.2673 -0.059613
-0.3380 -0.034675
-0.3923 -0.019267
-0.4333 -0.009975
-0.4641 -0.004489
-0.4872 -0.001344
-0.5045 0.000375
-0.5171 0.001232
-0.5262 0.001580
-0.5324 0.001634
-0.5363 0.001528
-0.5382 0.001343
-0.5384 0.001128
-0.5371 0.000910
-0.5344 0.000705
-0.5304 0.000522
-0.5252 0.000362
-0.5189 0.000226
-0.5113 0.000113
-0.5025 0.000021
-0.4924 -0.000052
-0.4810 -0.000110
-0.4682 -0.000153
-0.4540 -0.000186
-0.4383 -0.000208
-0.4210 -0.000223
-0.4021 -0.000231
-0.3814 -0.000233
-0.3588 -0.000232
-0.3343 -0.000227
-0.3076 -0.000220
-0.2784 -0.000212
-0.2460 -0.000203
-0.2094 -0.000194
-0.1663 -0.000186
-0.1134 -0.000180
-0.0431 -0.000178
0.0515 -0.048309
0.1527 -0.057170
0.2157 -0.187842
0.2328 -0.192392
0.2279 -0.191137
0.2100 -0.186462
0.1856 -0.180052
0.1581 -0.172853
0.1291 -0.165239
0.0983 -0.157159
0.0640 -0.148164
0.0228 -0.131648
-0.0313 -0.108023
-0.1051 -0.078439
-0.1930 -0.050965
-0.2761 -0.031059
-0.3443 -0.018052
-0.3972 -0.009957
-0.4376 -0.005056
-0.4681 -0.002166
-0.4909 -0.000520
-0.5079 0.000364
-0.5203 0.000790
-0.5289 0.000945
-0.5347 0.000946
-0.5380 0.000866
-0.5392 0.000747
-0.5387 0.000616
-0.5366 0.000487
-0.5331 0.000368
-0.5282 0.000262
-0.5220 0.000171
-0.5146 0.000095
-0.5059 0.000032
-0.4959 -0.000018
-0.4845 -0.000058
-0.4718 -0.000088
-0.4576 -0.000111
-0.4419 -0.000127
-0.4247 -0.000138
-0.4058 -0.000144
-0.3851 -0.000146
-0.3627 -0.000146
-0.3384 -0.000144
-0.3119 -0.000140
-0.2830 -0.000135
-0.2511 -0.000129
-0.2151 -0.000123
-0.1789 -0.028179
-0.1363 -0.031894
-0.0868 -0.036217
-0.0373 -0.121378
0.0109 -0.134014
0.0546 -0.193975
0.0884 -0.205849
0.1101 -0.213469
0.1190 -0.216630
0.1173 -0.216068
0.1075 -0.212657
0.0913 -0.207008
0.0692 -0.199309
0.0407 -0.183298
0.0038 -0.158995
-0.0467 -0.132627
-0.1164 -0.100538
-0.1974 -0.066274
-0.2734 -0.041469
-0.3363 -0.025031
-0.3858 -0.014589
-0.4240 -0.008106
-0.4534 -0.004158
-0.4757 -0.001812
-0.4926 -0.000468
-0.5051 0.000256
-0.5140 0.000603
-0.5202 0.000725
-0.5239 0.000718
-0.5256 0.000643
-0.5255 0.000535
-0.5238 0.000418
-0.5207 0.000304
-0.5162 0.000199
-0.5104 0.000107
-0.5033 0.000029
-0.4949 -0.000036
-0.4851 -0.000088
-0.4740 -0.000129
-0.4615 -0.000159
-0.4474 -0.000182
-0.4319 -0.000197
-0.4148 -0.000206
-0.3959 -0.000210
-0.3753 -0.000210
-0.3529 -0.000207
-0.3284 -0.000201
-0.3017 -0.000194
-0.2724 -0.000186
-0.2397 -0.000178
-0.2025 -0.000170
-0.1581 -0.000163
-0.1023 -0.000158
-0.0261 -0.000158
0.0756 -0.050398
0.1655 -0.116428
0.2139 -0.187374
0.2278 -0.191078
0.2213 -0.189396
0.2030 -0.184612
0.1788 -0.178266
0.1518 -0.171188
0.1236 -0.157914
0.0947 -0.142953
0.0633 -0.129360
0.0261 -0.111758
-0.0220 -0.091732
-0.0888 -0.067683
-0.1725 -0.045049
-0.2564 -0.027999
-0.3275 -0.016568
-0.3836 -0.009343
-0.4267 -0.004918
-0.4595 -0.002276
-0.4842 -0.000748
-0.5026 0.000094
-0.5161 0.000519
-0.5257 0.000695
-0.5322 0.000727
-0.5361 0.000682
-0.5378 0.000597
-0.5378 0.000498
-0.5360 0.000397
-0.5329 0.000303
-0.5283 0.000218
-0.5224 0.000144
-0.5153 0.000082
-0.5069 0.000031
-0.4972 -0.000010
-0.4861 -0.000043
-0.4737 -0.000068
-0.4598 -0.000087
-0.4445 -0.000101
-0.4275 -0.000110
-0.4090 -0.000115
-0.3887 -0.000118
-0.3667 -0.000118
-0.3427 -0.000116
-0.3166 -0.000113
-0.2882 -0.000109
-0.2569 -0.000104
-0.2217 -0.000100
-0.1810 -0.000096
-0.1368 -0.063557
-0.0904 -0.071664
-0.0355 -0.121812
0.0283 -0.138540
0.0858 -0.204839
0.1259 -0.218968
0.1457 -0.225958
0.1487 -0.227072
0.1403 -0.224166
0.1245 -0.218644
0.1034 -0.211275
0.0775 -0.202232
0.0455 -0.191043
0.0038 -0.167981
-0.0526 -0.137585
-0.1288 -0.103262
-0.2141 -0.067966
-0.2905 -0.041595
-0.3521 -0.024532
-0.3999 -0.013882
-0.4364 -0.007374
-0.4641 -0.003478
-0.4851 -0.001211
-0.5009 0.000049
-0.5125 0.000694
-0.5208 0.000970
-0.5264 0.001031
-0.5298 0.000973
-0.5313 0.000854
-0.5312 0.000710
-0.5296 0.000563
-0.5266 0.000424
-0.5224 0.000298
-0.5170 0.000189
-0.5103 0.000096
-0.5024 0.000019
-0.4933 -0.000043
-0.4828 -0.000092
-0.4711 -0.000130
-0.4579 -0.000158
-0.4432 -0.000178
-0.4270 -0.000191
-0.4091 -0.000199
-0.3895 -0.000202
-0.3681 -0.000201
-0.3447 -0.000198
-0.3193 -0.000192
-0.2914 -0.000185
-0.2607 -0.000178
-0.2262 -0.000170
-0.1862 -0.000162
-0.1371 -0.000157
-0.0716 -0.000155
0.0220 -0.045707
0.1318 -0.055315
0.2115 -0.124509
0.2415 -0.194661
0.2405 -0.194433
0.2235 -0.190005
0.1987 -0.183490
0.1705 -0.176107
0.1411 -0.167379
0.1116 -0.151000
0.0810 -0.136592
0.0467 -0.121688
0.0048 -0.101147
-0.0520 -0.081479
-0.1290 -0.056444
-0.2156 -0.036157
-0.2942 -0.021864
-0.3578 -0.012625
-0.4071 -0.006892
-0.4447 -0.003429
-0.4732 -0.001392
-0.4946 -0.000240
-0.5105 0.000371
-0.5220 0.000657
-0.5301 0.000752
-0.5354 0.000739
-0.5383 0.000669
-0.5394 0.000574
-0.5387 0.000472
-0.5366 0.000373
-0.5331 0.000281
-0.5283 0.000201
-0.5222 0.000132
-0.5150 0.000075
-0.5065 0.000027
-0.4967 -0.000011
-0.4856 -0.000041
-0.4731 -0.000064
-0.4592 -0.000082
-0.4437 -0.000094
-0.4267 -0.000103
-0.4081 -0.000107
-0.3876 -0.000110
-0.3654 -0.000110
-0.3411 -0.000108
-0.3147 -0.000105
-0.2858 -0.000102
-0.2539 -0.000098
-0.2180 -0.000093
-0.1761 -0.000090
-0.1297 -0.064801
-0.0802 -0.073435
-0.0249 -0.124586
0.0389 -0.188403
0.0935 -0.207558
0.1308 -0.220673
0.1478 -0.226693
0.1489 -0.227134
0.1394 -0.223824
0.1229 -0.218071
0.1013 -0.210556
0.0751 -0.201379
0.0425 -0.189997
-0.0007 -0.174923
-0.0623 -0.152779
-0.1447 -0.112029
-0.2314 -0.070770
-0.3060 -0.042698
-0.3649 -0.024852
-0.4099 -0.013840
-0.4442 -0.007173
-0.4701 -0.003219
-0.4896 -0.000946
-0.5041 0.000296
-0.5148 0.000912
-0.5223 0.001156
-0.5274 0.001185
-0.5303 0.001097
-0.5315 0.000952
-0.5311 0.000785
-0.5293 0.000618
-0.5262 0.000462
-0.5219 0.000323
-0.5164 0.000202
-0.5097 0.000100
-0.5018 0.000016
-0.4927 -0.000052
-0.4822 -0.000106
-0.4704 -0.000147
-0.4572 -0.000178
-0.4424 -0.000200
-0.4261 -0.000214
-0.4080 -0.000223
-0.3882 -0.000226
-0.3665 -0.000226
-0.3428 -0.000222
-0.3169 -0.000216
-0.2885 -0.000208
-0.2571 -0.000200
-0.2217 -0.000191
-0.1803 -0.000183
-0.1287 -0.000178
-0.0584 -0.000177
0.0444 -0.000182
0.1638 -0.000185
0.2420 -0.129869
0.2643 -0.133810
0.2609 -0.133245
0.2431 -0.130135
0.2184 -0.125814
0.1912 -0.121033
0.1632 -0.116132
0.1350 -0.111190
0.1059 -0.106103
0.0744 -0.100599
0.0383 -0.086800
-0.0069 -0.069392
-0.0686 -0.050734
-0.1500 -0.034403
-0.2369 -0.021609
-0.3130 -0.012837
-0.3736 -0.007252
-0.4202 -0.003826
-0.4556 -0.001782
-0.4821 -0.000602
-0.5019 0.000049
-0.5164 0.000377
-0.5266 0.000514
-0.5336 0.000542
-0.5378 0.000510
-0.5397 0.000448
-0.5397 0.000374
-0.5380 0.000300
-0.5348 0.000229
-0.5302 0.000166
-0.5243 0.000112
-0.5170 0.000065
-0.5083 0.000027
-0.4984 -0.000004
-0.4870 -0.000029
-0.4741 -0.000048
-0.4598 -0.000062
-0.4438 -0.000073
-0.4262 -0.000080
-0.4068 -0.000084
-0.3856 -0.000086
-0.3625 -0.000087
-0.3374 -0.000086
-0.3100 -0.000084
-0.2800 -0.000081
-0.2468 -0.000078
-0.2091 -0.000075
-0.1699 -0.028916
-0.1263 -0.065388
-0.0837 -0.109190
-0.0425 -0.159995
-0.0087 -0.171851
0.0202 -0.181994
0.0428 -0.189904
0.0580 -0.195266
0.0657 -0.197997
0.0662 -0.198196
0.0599 -0.195989
0.0466 -0.191365
0.0254 -0.183974
-0.0066 -0.172826
-0.0547 -0.153671
-0.1222 -0.121527
-0.1997 -0.081325
-0.2717 -0.051658
-0.3313 -0.031885
-0.3785 -0.019188
-0.4152 -0.011190
-0.4435 -0.006224
-0.4653 -0.003195
-0.4820 -0.001391
-0.4945 -0.000359
-0.5037 0.000194
-0.5102 0.000452
-0.5144 0.000536
-0.5167 0.000519
-0.5173 0.000449
-0.5164 0.000356
-0.5141 0.000255
-0.5104 0.000158
-0.5055 0.000070
-0.4993 -0.000006
-0.4919 -0.000071
-0.4831 -0.000123
-0.4730 -0.000165
-0.4615 -0.000197
-0.4485 -0.000220
-0.4339 -0.000236
-0.4177 -0.000246
-0.3997 -0.000250
-0.3798 -0.000250
-0.3581 -0.000247
-0.3342 -0.000241
-0.3080 -0.000233
-0.2791 -0.000224
-0.2469 -0.000214
-0.2102 -0.000205
-0.1665 -0.000197
-0.1099 -0.000192
-0.0275 -0.000194
0.0929 -0.000204
0.2109 -0.000204
0.2719 -0.135137
0.2816 -0.136858
0.2689 -0.134658
0.2449 -0.130451
0.2162 -0.125435
0.1865 -0.120223
0.1569 -0.115042
0.1275 -0.109882
0.0971 -0.104188
0.0647 -0.090442
0.0271 -0.077882
-0.0212 -0.059107
-0.0878 -0.042524
-0.1722 -0.028260
-0.2573 -0.017488
-0.3293 -0.010274
-0.3861 -0.005732
-0.4295 -0.002965
-0.4623 -0.001326
-0.4869 -0.000387
-0.5051 0.000121
-0.5183 0.000370
-0.5275 0.000467
-0.5336 0.000476
-0.5371 0.000439
-0.5384 0.000380
-0.5378 0.000313
-0.5356 0.000246
-0.5319 0.000184
-0.5268 0.000129
-0.5203 0.000082
-0.5126 0.000042
-0.5035 0.000010
-0.4930 -0.000016
-0.4811 -0.000037
-0.4677 -0.000053
-0.4527 -0.000064
-0.4362 -0.000073
-0.4179 -0.000078
-0.3979 -0.000081
-0.3760 -0.000082
-0.3522 -0.000082
-0.3262 -0.000080
-0.2979 -0.000078
-0.2667 -0.000075
-0.2319 -0.000072
-0.1925 -0.026939
-0.1501 -0.030643
-0.1054 -0.103497
-0.0583 -0.115858
-0.0143 -0.169832
0.0271 -0.184362
0.0623 -0.196692
0.0872 -0.205466
0.1008 -0.210263
0.1042 -0.211478
0.0993 -0.209773
0.0875 -0.205694
0.0698 -0.199486
0.0453 -0.190954
0.0116 -0.179216
-0.0357 -0.148710
-0.0993 -0.107243
-0.1761 -0.072456
-0.2518 -0.046372
-0.3165 -0.028648
-0.3681 -0.017197
-0.4084 -0.009983
-0.4394 -0.005517
-0.4631 -0.002805
-0.4812 -0.001201
-0.4946 -0.000291
-0.5044 0.000191
-0.5112 0.000411
-0.5156 0.000477
-0.5178 0.000457
-0.5182 0.000391
-0.5170 0.000305
-0.5143 0.000215
-0.5102 0.000128
-0.5048 0.000050
-0.4980 -0.000017
-0.4899 -0.000073
-0.4804 -0.000118
-0.4695 -0.000154
-0.4572 -0.000181
-0.4433 -0.000200
-0.4278 -0.000213
-0.4106 -0.000220
-0.3916 -0.000223
-0.3707 -0.000222
-0.3478 -0.000218
-0.3228 -0.000213
-0.2953 -0.000205
-0.2649 -0.000197
-0.2308 -0.000188
-0.1914 -0.000180
-0.1428 -0.000174
-0.0768 -0.000172
0.0222 -0.000177
0.1447 -0.056456
0.2206 -0.189083
0.2454 -0.195682
0.2431 -0.195118
0.2252 -0.190451
0.1999 -0.183811
0.1716 -0.176386
0.1422 -0.168672
0.1118 -0.160700
0.0792 -0.152144
0.0414 -0.142242
-0.0070 -0.124348
-0.0722 -0.090964
-0.1555 -0.061230
-0.2417 -0.038366
-0.3156 -0.022882
-0.3739 -0.013073
-0.4185 -0.007057
-0.4523 -0.003454
-0.4777 -0.001354
-0.4966 -0.000180
-0.5104 0.000432
-0.5203 0.000707
-0.5270 0.000787
-0.5311 0.000759
-0.5331 0.000674
-0.5332 0.000566
-0.5318 0.000452
-0.5289 0.000343
-0.5246 0.000245
-0.5191 0.000159
-0.5124 0.000086
-0.5044 0.000026
-0.4951 -0.000023
-0.4845 -0.000062
-0.4725 -0.000092
-0.4591 -0.000115
-0.4442 -0.000131
-0.4277 -0.000141
-0.4095 -0.000148
-0.3895 -0.000151
-0.3677 -0.000151
-0.3439 -0.000149
-0.3179 -0.000145
-0.2894 -0.000140
-0.2580 -0.000134
-0.2226 -0.000129
-0.1812 -0.000123
-0.1361 -0.031916
-0.0767 -0.074049
-0.0060 -0.129517
0.0665 -0.198038
0.1287 -0.219858
0.1652 -0.232735
0.1769 -0.236901
0.1715 -0.235056
0.1559 -0.229627
0.1344 -0.222134
0.1091 -0.213280
0.0800 -0.203096
0.0451 -0.190938
0.0000 -0.175189
-0.0624 -0.139602
-0.1427 -0.095253
-0.2277 -0.060666
-0.3018 -0.036898
-0.3606 -0.021675
-0.4059 -0.012231
-0.4403 -0.006487
-0.4663 -0.003065
-0.4858 -0.001085
-0.5002 0.000007
-0.5107 0.000560
-0.5181 0.000791
-0.5228 0.000836
-0.5255 0.000779
-0.5263 0.000671
-0.5254 0.000544
-0.5232 0.000414
-0.5196 0.000293
-0.5148 0.000185
-0.5088 0.000092
-0.5015 0.000013
-0.4929 -0.000051
-0.4831 -0.000102
-0.4719 -0.000141
-0.4593 -0.000171
-0.4453 -0.000192
-0.4296 -0.000207
-0.4123 -0.000215
-0.3933 -0.000219
-0.3724 -0.000218
-0.3496 -0.000215
-0.3246 -0.000209
-0.2972 -0.000202
-0.2670 -0.000194
-0.2331 -0.000186
-0.1940 -0.000178
-0.1462 -0.000172
-0.0816 -0.000169
0.0152 -0.000174
0.1284 -0.164755
0.2014 -0.184025
0.2360 -0.193183
0.2405 -0.194429
0.2267 -0.190829
0.2034 -0.184738
0.1761 -0.177570
0.1472 -0.169987
0.1173 -0.162130
0.0854 -0.153758
0.0490 -0.144219
0.0038 -0.124191
-0.0559 -0.091483
-0.1344 -0.062940
-0.2208 -0.040175
-0.2978 -0.024308
-0.3596 -0.014106
-0.4072 -0.007791
-0.4433 -0.003976
-0.4706 -0.001728
-0.4909 -0.000451
-0.5059 0.000233
-0.5166 0.000561
-0.5240 0.000679
-0.5287 0.000678
-0.5311 0.000615
-0.5317 0.000523
-0.5305 0.000421
-0.5279 0.000322
-0.5239 0.000231
-0.5187 0.000150
-0.5121 0.000082
-0.5043 0.000025
-0.4952 -0.000022
-0.4848 -0.000059
-0.4731 -0.000087
-0.4598 -0.000109
-0.4451 -0.000125
-0.4288 -0.000135
-0.4108 -0.000141
-0.3910 -0.000144
-0.3693 -0.000144
-0.3457 -0.000142
-0.3199 -0.000139
-0.2916 -0.000134
-0.2604 -0.000129
-0.2253 -0.000123
-0.1844 -0.000118
-0.1390 -0.031656
-0.0802 -0.073424
-0.0098 -0.128517
0.0638 -0.197088
0.1282 -0.219701
0.1667 -0.233257
0.1794 -0.237782
0.1743 -0.236060
0.1588 -0.230635
0.1372 -0.223113
0.1119 -0.214249
0.0829 -0.204115
0.0485 -0.192118
0.0044 -0.176732
-0.0569 -0.147272
-0.1369 -0.100865
-0.2225 -0.064407
-0.2977 -0.039236
-0.3574 -0.023096
-0.4034 -0.013082
-0.4382 -0.006991
-0.4645 -0.003358
-0.4842 -0.001252
-0.4988 -0.000085
-0.5094 0.000512
-0.5168 0.000768
-0.5217 0.000826
-0.5243 0.000776
-0.5252 0.000671
-0.5244 0.000544
-0.5222 0.000414
-0.5187 0.000291
-0.5140 0.000182
-0.5080 0.000088
-0.5008 0.000008
-0.4924 -0.000057
-0.4827 -0.000108
-0.4717 -0.000148
-0.4592 -0.000179
-0.4453 -0.000200
-0.4299 -0.000214
-0.4128 -0.000223
-0.3939 -0.000226
-0.3733 -0.000226
-0.3506 -0.000222
-0.3258 -0.000217
-0.2987 -0.000209
-0.2687 -0.000201
-0.2351 -0.000192
-0.1965 -0.000184
-0.1494 -0.000177
-0.0861 -0.000175
0.0085 -0.000179
0.1284 -0.164752
0.2029 -0.184400
0.2381 -0.193748
0.2428 -0.195033
0.2289 -0.191403
0.2054 -0.185265
0.1780 -0.178060
0.1490 -0.170459
0.1191 -0.162612
0.0874 -0.154290
0.0515 -0.144868
0.0067 -0.128376
-0.0522 -0.094792
-0.1300 -0.065474
-0.2163 -0.041945
-0.2939 -0.025459
-0.3563 -0.014832
-0.4044 -0.008246
-0.4409 -0.004262
-0.4684 -0.001909
-0.4888 -0.000568
-0.5039 0.000156
-0.5147 0.000508
-0.5221 0.000641
-0.5267 0.000649
-0.5291 0.000591
-0.5296 0.000502
-0.5284 0.000403
-0.5257 0.000305
-0.5217 0.000214
-0.5163 0.000135
-0.5096 0.000067
-0.5017 0.000010
-0.4925 -0.000035
-0.4820 -0.000072
-0.4701 -0.000100
-0.4567 -0.000121
-0.4418 -0.000136
-0.4253 -0.000145
-0.4072 -0.000151
-0.3872 -0.000153
-0.3654 -0.000153
-0.3415 -0.000150
-0.3155 -0.000146
-0.2869 -0.000141
-0.2553 -0.000135
-0.2196 -0.000129
-0.1777 -0.000124
-0.1315 -0.032315
-0.0717 -0.074911
0.0003 -0.131158
0.0718 -0.199881
0.1328 -0.221298
0.1676 -0.233580
0.1779 -0.237268
0.1716 -0.235117
0.1556 -0.229514
0.1339 -0.221935
0.1084 -0.213042
0.0792 -0.202840
0.0444 -0.190667
-0.0008 -0.174894
-0.0633 -0.140045
-0.1436 -0.095520
-0.2282 -0.060873
-0.3017 -0.037097
-0.3600 -0.021874
-0.4048 -0.012427
-0.4388 -0.006676
-0.4645 -0.003244
-0.4836 -0.001252
-0.4978 -0.000146
-0.5081 0.000421
-0.5151 0.000665
-0.5197 0.000723
-0.5221 0.000678
-0.5226 0.000582
-0.5216 0.000465
-0.5192 0.000345
-0.5154 0.000232
-0.5104 0.000131
-0.5041 0.000044
-0.4967 -0.000028
-0.4879 -0.000087
-0.4779 -0.000134
-0.4665 -0.000170
-0.4537 -0.000196
-0.4393 -0.000214
-0.4234 -0.000226
-0.4059 -0.000232
-0.3865 -0.000234
-0.3653 -0.000232
-0.3421 -0.000227
-0.3166 -0.000220
-0.2887 -0.000212
-0.2577 -0.000203
-0.2228 -0.000194
-0.1819 -0.000186
-0.1308 -0.000180
-0.0599 -0.000179
0.0455 -0.000185
0.1498 -0.170412
0.2115 -0.186707
0.2368 -0.193427
0.2359 -0.193224
0.2195 -0.188960
0.1956 -0.182678
0.1684 -0.175540
0.1398 -0.168047
0.1101 -0.160246
0.0780 -0.151824
0.0407 -0.141871
-0.0065 -0.118038
-0.0691 -0.086115
-0.1499 -0.058486
-0.2349 -0.037004
-0.3088 -0.022303
-0.3674 -0.012922
-0.4124 -0.007133
-0.4465 -0.003643
-0.4721 -0.001591
-0.4911 -0.000427
-0.5050 0.000194
-0.5149 0.000489
-0.5216 0.000593
-0.5257 0.000590
-0.5276 0.000529
-0.5277 0.000443
-0.5261 0.000350
-0.5231 0.000259
-0.5188 0.000176
-0.5132 0.000103
-0.5063 0.000042
-0.4982 -0.000009
-0.4888 -0.000051
-0.4780 -0.000083
-0.4659 -0.000108
-0.4523 -0.000126
-0.4372 -0.000138
-0.4205 -0.000146
-0.4022 -0.000150
-0.3820 -0.000152
-0.3599 -0.000150
-0.3357 -0.000147
-0.3093 -0.000143
-0.2803 -0.000137
-0.2481 -0.000131
-0.2115 -0.000126
-0.1707 -0.028894
-0.1230 -0.033053
-0.0633 -0.076385
0.0036 -0.176036
0.0687 -0.198807
0.1238 -0.218167
0.1562 -0.229589
0.1668 -0.233375
0.1621 -0.231777
0.1479 -0.226843
0.1280 -0.219878
0.1040 -0.211483
0.0759 -0.201658
0.0418 -0.189754
-0.0029 -0.173317
-0.0642 -0.134541
-0.1426 -0.092208
-0.2257 -0.059132
-0.2985 -0.036293
-0.3565 -0.021587
-0.4013 -0.012413
-0.4353 -0.006798
-0.4610 -0.003426
-0.4803 -0.001452
-0.4945 -0.000342
-0.5048 0.000240
-0.5119 0.000504
-0.5165 0.000583
-0.5189 0.000559
-0.5195 0.000481
-0.5184 0.000381
-0.5160 0.000276
-0.5122 0.000176
-0.5071 0.000086
-0.5008 0.000008
-0.4932 -0.000056
