-0.0054 -0.086504
0.0828 -0.101915
0.1650 -0.116351
0.2163 -0.125371
0.2321 -0.192206
0.2208 -0.189277
0.1996 -0.183730
0.1737 -0.176926
0.1455 -0.169543
0.1159 -0.161761
0.0840 -0.149754
0.0486 -0.133333
0.0048 -0.116991
-0.0549 -0.092638
-0.1353 -0.066332
-0.2238 -0.041973
-0.3026 -0.025071
-0.3656 -0.014259
-0.4143 -0.007604
-0.4513 -0.003615
-0.4792 -0.001292
-0.5002 0.000002
-0.5157 0.000670
-0.5270 0.000964
-0.5348 0.001041
-0.5399 0.000996
-0.5426 0.000889
-0.5434 0.000756
-0.5424 0.000618
-0.5399 0.000486
-0.5360 0.000366
-0.5307 0.000261
-0.5241 0.000171
-0.5161 0.000096
-0.5068 0.000034
-0.4962 -0.000015
-0.4842 -0.000054
-0.4706 -0.000084
-0.4556 -0.000106
-0.4389 -0.000122
-0.4206 -0.000133
-0.4006 -0.000139
-0.3787 -0.000142
-0.3550 -0.000141
-0.3292 -0.000139
-0.3012 -0.000135
-0.2705 -0.000130
-0.2367 -0.000125
-0.1988 -0.000119
-0.1558 -0.000114
-0.1148 -0.067426
-0.0714 -0.074994
-0.0185 -0.084230
0.0422 -0.189624
0.0842 -0.204332
0.1127 -0.214379
0.1262 -0.219155
0.1271 -0.219517
0.1188 -0.216611
0.1035 -0.211299
0.0826 -0.203992
0.0556 -0.194562
0.0205 -0.176336
-0.0271 -0.150644
-0.0935 -0.119966
-0.1762 -0.084430
-0.2575 -0.052833
-0.3257 -0.031730
-0.3794 -0.018344
-0.4208 -0.010067
-0.4525 -0.005050
-0.4766 -0.002083
-0.4949 -0.000391
-0.5085 0.000514
-0.5184 0.000941
-0.5253 0.001085
-0.5298 0.001067
-0.5322 0.000963
-0.5327 0.000818
-0.5317 0.000662
-0.5291 0.000509
-0.5252 0.000368
-0.5200 0.000243
-0.5134 0.000137
-0.5055 0.000047
-0.4962 -0.000026
-0.4856 -0.000084
-0.4735 -0.000130
-0.4599 -0.000165
-0.4448 -0.000190
-0.4280 -0.000207
-0.4095 -0.000217
-0.3892 -0.000222
-0.3669 -0.000223
-0.3427 -0.000220
-0.3163 -0.000214
-0.2875 -0.000207
-0.2556 -0.000199
-0.2199 -0.000190
-0.1787 -0.000182
-0.1297 -0.000176
-0.0683 -0.000171
0.0083 -0.044539
0.1021 -0.052735
0.1842 -0.059939
0.2282 -0.127474
0.2378 -0.129171
0.2299 -0.127808
0.2122 -0.124719
0.1896 -0.120763
0.1648 -0.116408
0.1387 -0.111842
0.1114 -0.107055
0.0817 -0.101860
0.0478 -0.089571
0.0061 -0.075722
-0.0503 -0.056219
-0.1272 -0.038958
-0.2149 -0.024900
-0.2950 -0.014957
-0.3601 -0.008532
-0.4106 -0.004558
-0.4490 -0.002173
-0.4781 -0.000784
-0.4998 -0.000012
-0.5157 0.000384
-0.5271 0.000557
-0.5349 0.000600
-0.5398 0.000571
-0.5422 0.000506
-0.5425 0.000426
-0.5410 0.000343
-0.5378 0.000265
-0.5331 0.000194
-0.5270 0.000132
-0.5194 0.000079
-0.5103 0.000035
-0.4999 -0.000000
-0.4879 -0.000028
-0.4745 -0.000050
-0.4594 -0.000067
-0.4427 -0.000079
-0.4244 -0.000087
-0.4042 -0.000092
-0.3822 -0.000095
-0.3583 -0.000095
-0.3324 -0.000094
-0.3042 -0.000092
-0.2734 -0.000089
-0.2393 -0.000085
-0.2051 -0.025849
-0.1683 -0.058061
-0.1354 -0.063818
-0.1052 -0.069104
-0.0858 -0.108727
-0.0857 -0.145028
-0.1037 -0.138793
-0.1382 -0.126792
-0.1856 -0.110227
-0.2385 -0.091722
-0.2895 -0.073828
-0.3349 -0.057946
-0.3732 -0.044501
-0.4048 -0.033419
-0.4304 -0.024222
-0.4508 -0.016442
-0.4669 -0.010362
-0.4794 -0.005951
-0.4891 -0.002705
-0.4966 -0.000715
-0.5023 0.000383
-0.5065 0.000929
-0.5095 0.001140
-0.5115 0.001151
-0.5125 0.001051
-0.5128 0.000894
-0.5122 0.000714
-0.5109 0.000533
-0.5088 0.000362
-0.5061 0.000208
-0.5025 0.000073
-0.4982 -0.000041
-0.4931 -0.000136
-0.4871 -0.000213
-0.4801 -0.000274
-0.4722 -0.000321
-0.4631 -0.000356
-0.4529 -0.000379
-0.4414 -0.000394
-0.4285 -0.000402
-0.4141 -0.000403
-0.3982 -0.000399
-0.3805 -0.000391
-0.3610 -0.000380
-0.3395 -0.000366
-0.3158 -0.000351
-0.2896 -0.000335
-0.2603 -0.000319
-0.2272 -0.000303
-0.1884 -0.000289
-0.1402 -0.000279
-0.0736 -0.000276
0.0298 -0.000286
0.1647 -0.000300
0.2703 -0.000290
0.3184 -0.071792
0.3234 -0.072221
0.3062 -0.070699
0.2780 -0.068212
0.2459 -0.065384
0.2136 -0.062538
0.1825 -0.059799
0.1526 -0.057172
0.1232 -0.054594
0.0930 -0.051943
0.0596 -0.049018
0.0189 -0.045459
-0.0362 -0.035709
-0.1126 -0.024930
-0.2034 -0.015951
-0.2884 -0.009512
-0.3575 -0.005351
-0.4110 -0.002796
-0.4514 -0.001276
-0.4818 -0.000402
-0.5043 0.000075
-0.5208 0.000313
-0.5325 0.000411
-0.5405 0.000429
-0.5455 0.000402
-0.5481 0.000355
-0.5485 0.000300
-0.5472 0.000243
-0.5443 0.000191
-0.5399 0.000144
-0.5342 0.000103
-0.5271 0.000068
-0.5187 0.000039
-0.5089 0.000016
-0.4977 -0.000003
-0.4852 -0.000018
-0.4711 -0.000029
-0.4554 -0.000038
-0.4382 -0.000044
-0.4192 -0.000048
-0.3985 -0.000050
-0.3760 -0.000051
-0.3515 -0.000051
-0.3249 -0.000050
-0.2960 -0.000049
-0.2643 -0.000047
-0.2299 -0.023648
-0.1947 -0.026727
-0.1574 -0.059928
-0.1232 -0.065918
-0.0993 -0.105160
-0.0938 -0.142172
-0.1048 -0.138385
-0.1327 -0.128688
-0.1750 -0.113905
-0.2252 -0.096353
-0.2757 -0.078692
-0.3215 -0.062633
-0.3608 -0.048841
-0.3935 -0.037366
-0.4202 -0.027182
-0.4415 -0.019191
-0.4584 -0.013208
-0.4717 -0.008419
-0.4820 -0.004833
-0.4900 -0.002257
-0.4960 -0.000757
-0.5005 0.000071
-0.5037 0.000482
-0.5059 0.000640
-0.5071 0.000648
-0.5075 0.000573
-0.5072 0.000455
-0.5061 0.000323
-0.5043 0.000190
-0.5018 0.000066
-0.4985 -0.000044
-0.4946 -0.000139
-0.4898 -0.000218
-0.4842 -0.000282
-0.4778 -0.000332
-0.4704 -0.000370
-0.4619 -0.000397
-0.4524 -0.000415
-0.4417 -0.000424
-0.4297 -0.000428
-0.4162 -0.000425
-0.4013 -0.000419
-0.3847 -0.000408
-0.3664 -0.000395
-0.3461 -0.000380
-0.3237 -0.000364
-0.2990 -0.000346
-0.2715 -0.000329
-0.2406 -0.000312
-0.2049 -0.000296
-0.1617 -0.000284
-0.1048 -0.000277
-0.0181 -0.000281
0.1161 -0.000300
0.2385 -0.064788
0.3040 -0.140816
0.3179 -0.143291
0.3034 -0.140757
0.2743 -0.135652
0.2398 -0.129604
0.2048 -0.123465
0.1711 -0.117551
0.1387 -0.111859
0.1063 -0.106190
0.0719 -0.099188
0.0327 -0.084865
-0.0166 -0.064724
-0.0840 -0.046541
-0.1700 -0.030863
-0.2568 -0.019005
-0.3303 -0.011083
-0.3880 -0.006114
-0.4321 -0.003100
-0.4654 -0.001323
-0.4903 -0.000313
-0.5088 0.000228
-0.5222 0.000488
-0.5317 0.000583
-0.5380 0.000585
-0.5418 0.000537
-0.5434 0.000466
-0.5433 0.000388
-0.5415 0.000311
-0.5383 0.000240
-0.5338 0.000177
-0.5281 0.000123
-0.5211 0.000077
-0.5129 0.000039
-0.5034 0.000009
-0.4927 -0.000015
-0.4806 -0.000034
-0.4670 -0.000049
-0.4520 -0.000059
-0.4355 -0.000066
-0.4173 -0.000071
-0.3974 -0.000074
-0.3757 -0.000075
-0.3521 -0.000074
-0.3264 -0.000073
-0.2984 -0.000070
-0.2677 -0.000068
-0.2335 -0.000065
-0.1943 -0.000062
-0.1468 -0.000060
-0.0960 -0.070630
-0.0362 -0.162113
0.0345 -0.186811
0.1052 -0.211616
0.1524 -0.228227
0.1716 -0.235043
0.1707 -0.234764
0.1576 -0.230217
0.1376 -0.223243
0.1133 -0.214750
0.0852 -0.204916
0.0525 -0.185975
0.0129 -0.160328
-0.0397 -0.132166
-0.1113 -0.098877
-0.1953 -0.064977
-0.2740 -0.040268
-0.3387 -0.024017
-0.3891 -0.013788
-0.4278 -0.007500
-0.4573 -0.003714
-0.4795 -0.001493
-0.4961 -0.000242
-0.5083 0.000414
-0.5170 0.000713
-0.5229 0.000801
-0.5264 0.000772
-0.5278 0.000681
-0.5276 0.000564
-0.5258 0.000441
-0.5226 0.000323
-0.5181 0.000216
-0.5123 0.000123
-0.5052 0.000044
-0.4969 -0.000021
-0.4872 -0.000073
-0.4762 -0.000114
-0.4638 -0.000146
-0.4500 -0.000168
-0.4346 -0.000184
-0.4176 -0.000194
-0.3989 -0.000198
-0.3784 -0.000199
-0.3560 -0.000197
-0.3316 -0.000192
-0.3049 -0.000186
-0.2756 -0.000179
-0.2431 -0.000171
-0.2061 -0.000163
-0.1623 -0.000157
-0.1068 -0.034481
-0.0346 -0.081389
0.0660 -0.098939
0.1732 -0.176558
0.2324 -0.256253
0.2435 -0.260226
0.2295 -0.255419
0.2028 -0.246088
0.1709 -0.234918
0.1371 -0.223114
0.1020 -0.210828
0.0636 -0.196783
0.0183 -0.171849
-0.0406 -0.140558
-0.1202 -0.105954
-0.2105 -0.069543
-0.2913 -0.041877
-0.3557 -0.024201
-0.4048 -0.013333
-0.4420 -0.006799
-0.4698 -0.002960
-0.4906 -0.000778
-0.5060 0.000396
-0.5171 0.000963
-0.5249 0.001175
-0.5300 0.001183
-0.5329 0.001084
-0.5339 0.000934
-0.5333 0.000767
-0.5313 0.000602
-0.5279 0.000449
-0.5234 0.000314
-0.5176 0.000198
-0.5106 0.000100
-0.5025 0.000020
-0.4931 -0.000044
-0.4825 -0.000095
-0.4705 -0.000134
-0.4571 -0.000162
-0.4423 -0.000183
-0.4259 -0.000196
-0.4079 -0.000203
-0.3882 -0.000206
-0.3666 -0.000206
-0.3431 -0.000202
-0.3174 -0.000196
-0.2894 -0.000189
-0.2584 -0.000181
-0.2237 -0.000173
-0.1835 -0.000165
-0.1346 -0.000160
-0.0727 -0.037452
0.0076 -0.088752
0.1107 -0.160096
0.1868 -0.240176
0.2232 -0.253039
0.2279 -0.254800
0.2123 -0.249399
0.1862 -0.240287
0.1556 -0.229567
0.1228 -0.218109
0.0878 -0.205860
0.0480 -0.191944
-0.0018 -0.166276
-0.0685 -0.131213
-0.1540 -0.089400
-0.2415 -0.055809
-0.3158 -0.033232
-0.3739 -0.019009
-0.4181 -0.010313
-0.4515 -0.005107
-0.4766 -0.002068
-0.4952 -0.000359
-0.5090 0.000540
-0.5188 0.000954
-0.5256 0.001086
-0.5298 0.001059
-0.5320 0.000949
-0.5324 0.000803
-0.5312 0.000646
-0.5287 0.000496
-0.5248 0.000359
-0.5197 0.000238
-0.5134 0.000136
-0.5059 0.000051
-0.4972 -0.000019
-0.4873 -0.000074
-0.4760 -0.000117
-0.4633 -0.000149
-0.4493 -0.000173
-0.4336 -0.000189
-0.4164 -0.000199
-0.3975 -0.000203
-0.3769 -0.000204
-0.3543 -0.000202
-0.3297 -0.000197
-0.3028 -0.000190
-0.2732 -0.000183
-0.2403 -0.000175
-0.2028 -0.000167
-0.1583 -0.000161
-0.1015 -0.000156
-0.0246 -0.041649
0.0761 -0.100732
0.1613 -0.231255
0.2059 -0.246950
0.2194 -0.251796
0.2110 -0.248910
0.1899 -0.241545
0.1625 -0.231968
0.1321 -0.221333
0.0993 -0.209887
0.0628 -0.197111
0.0184 -0.177488
-0.0397 -0.144995
-0.1180 -0.106804
-0.2066 -0.068556
-0.2867 -0.041642
-0.3509 -0.024317
-0.4002 -0.013596
-0.4376 -0.007108
-0.4657 -0.003266
-0.4868 -0.001059
-0.5024 0.000148
-0.5137 0.000751
-0.5217 0.000996
-0.5269 0.001035
-0.5300 0.000962
-0.5311 0.000834
-0.5306 0.000686
-0.5287 0.000537
-0.5254 0.000398
-0.5209 0.000274
-0.5152 0.000167
-0.5084 0.000077
-0.5003 0.000003
-0.4910 -0.000057
-0.4804 -0.000103
-0.4684 -0.000139
-0.4551 -0.000165
-0.4403 -0.000184
-0.4240 -0.000196
-0.4059 -0.000202
-0.3862 -0.000204
-0.3646 -0.000203
-0.3411 -0.000199
-0.3154 -0.000193
-0.2872 -0.000186
-0.2560 -0.000178
-0.2209 -0.000170
-0.1800 -0.000163
-0.1302 -0.000157
-0.0675 -0.075675
0.0072 -0.088694
0.1005 -0.157443
0.1658 -0.232850
0.2006 -0.245157
0.2079 -0.247791
0.1967 -0.243903
0.1751 -0.236358
0.1482 -0.226976
0.1185 -0.216573
0.0858 -0.205155
0.0481 -0.191797
0.0009 -0.168152
-0.0636 -0.141351
-0.1484 -0.101766
-0.2370 -0.067414
-0.3127 -0.040833
-0.3715 -0.023400
-0.4161 -0.012774
-0.4495 -0.006423
-0.4745 -0.002712
-0.4932 -0.000618
-0.5068 0.000494
-0.5166 0.001019
-0.5234 0.001199
-0.5277 0.001186
-0.5299 0.001071
-0.5304 0.000909
-0.5293 0.000733
-0.5269 0.000562
-0.5232 0.000406
-0.5183 0.000268
-0.5123 0.000150
-0.5050 0.000052
-0.4966 -0.000028
-0.4869 -0.000092
-0.4759 -0.000142
-0.4636 -0.000179
-0.4499 -0.000206
-0.4346 -0.000225
-0.4178 -0.000236
-0.3993 -0.000242
-0.3790 -0.000242
-0.3568 -0.000240
-0.3326 -0.000234
-0.3061 -0.000226
-0.2770 -0.000217
-0.2446 -0.000208
-0.2078 -0.000199
-0.1642 -0.000191
-0.1092 -0.000185
-0.0347 -0.040797
0.0662 -0.049603
0.1692 -0.117077
0.2323 -0.128183
0.2581 -0.132729
0.2571 -0.132584
0.2406 -0.129698
0.2164 -0.125468
0.1893 -0.120709
0.1613 -0.115802
0.1329 -0.110841
0.1038 -0.103226
0.0734 -0.090148
0.0391 -0.075771
-0.0031 -0.058344
-0.0607 -0.043103
-0.1383 -0.029660
-0.2243 -0.018897
-0.3013 -0.011376
-0.3634 -0.006535
-0.4114 -0.003542
-0.4479 -0.001743
-0.4753 -0.000693
-0.4956 -0.000106
-0.5105 0.000200
-0.5210 0.000338
-0.5280 0.000377
-0.5322 0.000363
-0.5341 0.000321
-0.5340 0.000268
-0.5322 0.000212
-0.5288 0.000158
-0.5240 0.000110
-0.5177 0.000068
-0.5102 0.000033
-0.5012 0.000004
-0.4909 -0.000020
-0.4792 -0.000038
-0.4660 -0.000053
-0.4512 -0.000063
-0.4349 -0.000070
-0.4168 -0.000075
-0.3970 -0.000078
-0.3754 -0.000079
-0.3518 -0.000078
-0.3260 -0.000076
-0.2979 -0.000074
-0.2671 -0.000071
-0.2327 -0.000068
-0.1956 -0.026671
-0.1555 -0.030165
-0.1122 -0.101738
-0.0750 -0.111491
-0.0435 -0.159694
-0.0189 -0.168325
-0.0006 -0.174743
0.0107 -0.178735
0.0150 -0.180235
0.0117 -0.179137
0.0002 -0.175114
-0.0220 -0.167406
-0.0586 -0.154659
-0.1132 -0.135602
-0.1818 -0.111610
-0.2513 -0.081738
-0.3107 -0.053272
-0.3580 -0.033367
-0.3950 -0.020610
-0.4238 -0.012505
-0.4460 -0.007396
-0.4632 -0.004211
-0.4764 -0.002258
-0.4864 -0.001090
-0.4937 -0.000421
-0.4989 -0.000063
-0.5023 0.000103
-0.5040 0.000155
-0.5044 0.000141
-0.5034 0.000093
-0.5013 0.000031
-0.4981 -0.000035
-0.4938 -0.000097
-0.4884 -0.000152
-0.4819 -0.000198
-0.4742 -0.000235
-0.4653 -0.000264
-0.4552 -0.000285
-0.4437 -0.000299
-0.4309 -0.000307
-0.4165 -0.000310
-0.4005 -0.000309
-0.3828 -0.000304
-0.3632 -0.000296
-0.3416 -0.000286
-0.3179 -0.000275
-0.2917 -0.000262
-0.2626 -0.000250
-0.2296 -0.000238
-0.1913 -0.000227
-0.1440 -0.000218
-0.0797 -0.000215
0.0190 -0.000222
0.1501 -0.000232
0.2554 -0.000225
0.2930 -0.138852
0.2923 -0.138754
0.2730 -0.135389
0.2450 -0.130486
0.2141 -0.125070
0.1831 -0.119631
0.1527 -0.114311
0.1227 -0.109042
0.0916 -0.103600
0.0576 -0.091557
0.0175 -0.078450
-0.0354 -0.059597
-0.1078 -0.042049
-0.1944 -0.027378
-0.2768 -0.016713
-0.3445 -0.009728
-0.3971 -0.005378
-0.4372 -0.002746
-0.4673 -0.001198
-0.4897 -0.000319
-0.5061 0.000151
-0.5179 0.000376
-0.5260 0.000458
-0.5311 0.000458
-0.5338 0.000416
-0.5345 0.000355
-0.5334 0.000287
-0.5308 0.000221
-0.5268 0.000161
-0.5214 0.000107
-0.5148 0.000062
-0.5069 0.000024
-0.4977 -0.000006
-0.4872 -0.000031
-0.4753 -0.000050
-0.4620 -0.000064
-0.4473 -0.000075
-0.4309 -0.000082
-0.4129 -0.000086
-0.3932 -0.000088
-0.3716 -0.000088
-0.3480 -0.000087
-0.3224 -0.000085
-0.2944 -0.000082
-0.2635 -0.000079
-0.2289 -0.000076
-0.1915 -0.027034
-0.1504 -0.030622
-0.1063 -0.103279
-0.0675 -0.113470
-0.0333 -0.163229
-0.0050 -0.173150
0.0182 -0.181291
0.0354 -0.187354
0.0463 -0.191189
0.0507 -0.192752
0.0486 -0.192038
0.0398 -0.188980
0.0235 -0.183282
-0.0027 -0.174173
-0.0430 -0.158442
-0.1009 -0.125563
-0.1718 -0.087774
-0.2425 -0.057537
-0.3037 -0.036629
-0.3534 -0.022854
-0.3926 -0.013987
-0.4232 -0.008359
-0.4468 -0.004831
-0.4651 -0.002653
-0.4789 -0.001339
-0.4892 -0.000572
-0.4967 -0.000150
-0.5017 0.000061
-0.5047 0.000144
-0.5059 0.000152
-0.5056 0.000120
-0.5039 0.000070
-0.5008 0.000013
-0.4965 -0.000043
-0.4909 -0.000094
-0.4842 -0.000137
-0.4761 -0.000173
-0.4668 -0.000201
-0.4561 -0.000222
-0.4441 -0.000236
-0.4305 -0.000245
-0.4154 -0.000249
-0.3986 -0.000250
-0.3800 -0.000247
-0.3595 -0.000241
-0.3371 -0.000234
-0.3123 -0.000225
-0.2850 -0.000215
-0.2547 -0.000205
-0.2202 -0.000195
-0.1797 -0.000187
-0.1288 -0.000181
-0.0582 -0.000179
0.0471 -0.000185
0.1661 -0.058345
0.2346 -0.128565
0.2601 -0.199552
0.2510 -0.197221
0.2293 -0.191522
0.2018 -0.184312
0.1723 -0.176585
0.1424 -0.168717
0.1117 -0.160671
0.0790 -0.152082
0.0412 -0.142171
-0.0075 -0.129440
-0.0757 -0.110457
-0.1638 -0.079581
-0.2523 -0.051765
-0.3259 -0.030402
-0.3826 -0.017135
-0.4252 -0.009120
-0.4570 -0.004381
-0.4807 -0.001654
-0.4980 -0.000150
-0.5106 0.000618
-0.5194 0.000951
-0.5252 0.001035
-0.5286 0.000981
-0.5299 0.000860
-0.5296 0.000710
-0.5278 0.000557
-0.5246 0.000412
-0.5201 0.000282
-0.5144 0.000169
-0.5075 0.000074
-0.4995 -0.000004
-0.4901 -0.000066
-0.4795 -0.000115
-0.4676 -0.000153
-0.4542 -0.000180
-0.4394 -0.000200
-0.4230 -0.000212
-0.4049 -0.000219
-0.3851 -0.000221
-0.3634 -0.000219
-0.3396 -0.000215
-0.3137 -0.000209
-0.2853 -0.000201
-0.2537 -0.000192
-0.2181 -0.000184
-0.1785 -0.028268
-0.1334 -0.032200
-0.0752 -0.037276
-0.0002 -0.087436
0.0828 -0.152862
0.1466 -0.169665
0.1837 -0.179456
0.1966 -0.182897
0.1931 -0.182008
0.1798 -0.178518
0.1609 -0.173554
0.1387 -0.167733
0.1141 -0.161281
0.0868 -0.154115
0.0556 -0.139785
0.0180 -0.122854
-0.0307 -0.093187
-0.0965 -0.066956
-0.1773 -0.044751
-0.2571 -0.028141
-0.3246 -0.016982
-0.3778 -0.009884
-0.4187 -0.005495
-0.4497 -0.002841
-0.4730 -0.001276
-0.4902 -0.000388
-0.5027 0.000086
-0.5114 0.000310
-0.5171 0.000388
-0.5201 0.000384
-0.5211 0.000336
-0.5202 0.000269
-0.5176 0.000196
-0.5136 0.000126
-0.5081 0.000063
-0.5012 0.000009
-0.4930 -0.000037
-0.4834 -0.000074
-0.4724 -0.000104
-0.4599 -0.000126
-0.4459 -0.000142
-0.4303 -0.000152
-0.4131 -0.000159
-0.3941 -0.000162
-0.3733 -0.000162
-0.3505 -0.000159
-0.3256 -0.000155
-0.2984 -0.000150
-0.2683 -0.000144
-0.2348 -0.000138
-0.1961 -0.000132
-0.1529 -0.030459
-0.1011 -0.034975
-0.0335 -0.081609
0.0349 -0.187005
0.0926 -0.207247
0.1334 -0.221596
0.1533 -0.228612
0.1563 -0.229711
0.1479 -0.226807
0.1322 -0.221347
0.1116 -0.214154
0.0868 -0.205487
0.0569 -0.195045
0.0189 -0.181770
-0.0336 -0.162165
-0.1063 -0.123002
-0.1909 -0.080699
-0.2698 -0.050204
-0.3342 -0.030204
-0.3841 -0.017639
-0.4221 -0.009910
-0.4507 -0.005237
-0.4722 -0.002470
-0.4882 -0.000883
-0.4998 -0.000020
-0.5079 0.000405
-0.5133 0.000571
-0.5164 0.000589
-0.5176 0.000527
-0.5171 0.000427
-0.5151 0.000315
-0.5117 0.000205
-0.5070 0.000103
-0.5011 0.000015
-0.4940 -0.000060
-0.4856 -0.000121
-0.4760 -0.000170
-0.4650 -0.000207
-0.4527 -0.000233
-0.4388 -0.000252
-0.4235 -0.000263
-0.4065 -0.000269
-0.3878 -0.000269
-0.3673 -0.000266
-0.3449 -0.000260
-0.3203 -0.000252
-0.2932 -0.000242
-0.2633 -0.000231
-0.2297 -0.000220
-0.1908 -0.000210
-0.1430 -0.000203
-0.0790 -0.000200
0.0142 -0.000204
0.1182 -0.108124
0.1955 -0.182480
0.2287 -0.191283
0.2338 -0.192675
0.2215 -0.189479
0.2001 -0.183862
0.1745 -0.177139
0.1471 -0.169944
0.1185 -0.162434
0.0879 -0.154416
0.0532 -0.144804
0.0111 -0.123245
-0.0442 -0.096190
-0.1181 -0.067346
-0.2031 -0.043761
-0.2815 -0.026902
-0.3454 -0.015906
-0.3949 -0.009038
-0.4324 -0.004853
-0.4607 -0.002359
-0.4818 -0.000916
-0.4973 -0.000119
-0.5083 0.000287
-0.5159 0.000460
-0.5206 0.000500
-0.5231 0.000467
-0.5235 0.000398
-0.5222 0.000315
-0.5195 0.000230
-0.5153 0.000151
-0.5098 0.000081
-0.5030 0.000021
-0.4950 -0.000028
-0.4857 -0.000068
-0.4750 -0.000100
-0.4630 -0.000123
-0.4496 -0.000140
-0.4347 -0.000152
