-0.0818 -0.005970
-0.0306 -0.005594
0.0475 -0.005448
0.1446 -0.005358
0.2264 -0.005045
0.2787 -0.004519
0.3046 -0.003901
0.3113 -0.003285
0.3051 -0.002723
0.2912 -0.002235
0.2731 -0.001824
0.2532 -0.001484
0.2328 -0.001206
0.2127 -0.000979
0.1934 -0.000796
0.1747 -0.000647
0.1567 -0.000526
0.1392 -0.000427
0.1218 -0.000347
0.1043 -0.000282
0.0859 -0.000228
0.0661 -0.000184
0.0435 -0.000148
0.0159 -0.000117
-0.0200 -0.000091
-0.0719 -0.107284
-0.1572 -0.085960
-0.2402 -0.065173
-0.3065 -0.048530
-0.3549 -0.036384
-0.3887 -0.027896
-0.4117 -0.022138
-0.4267 -0.018359
-0.4361 -0.016005
-0.4413 -0.014674
-0.4437 -0.014085
-0.4439 -0.014036
-0.4424 -0.014386
-0.4398 -0.015035
-0.4363 -0.015915
-0.4321 -0.016977
-0.4272 -0.018188
-0.4218 -0.019525
-0.4161 -0.020970
-0.4099 -0.022510
-0.4033 -0.021602
-0.3957 -0.019257
-0.3874 -0.017186
-0.3787 -0.015307
-0.3699 -0.013578
-0.3611 -0.011982
-0.3526 -0.010515
-0.3444 -0.009178
-0.3366 -0.007969
-0.3363 -0.047517
-0.3364 -0.046354
-0.3362 -0.045463
-0.3358 -0.044781
-0.3354 -0.044263
-0.3348 -0.043882
-0.3340 -0.043625
-0.3332 -0.043482
-0.3321 -0.043441
-0.3309 -0.043493
-0.3296 -0.043627
-0.3281 -0.043830
-0.3265 -0.044094
-0.3247 -0.044408
-0.3229 -0.044766
-0.3210 -0.045162
-0.3190 -0.045592
-0.3169 -0.046051
-0.3148 -0.046529
-0.3127 -0.047018
-0.3106 -0.047511
-0.3085 -0.048003
-0.3060 -0.042328
-0.3022 -0.036049
-0.2973 -0.030848
-0.2916 -0.026483
-0.2853 -0.022783
-0.2785 -0.019625
-0.2714 -0.016919
-0.2639 -0.014592
-0.2561 -0.012590
-0.2479 -0.010866
-0.2393 -0.009382
-0.2304 -0.008105
-0.2208 -0.007008
-0.2106 -0.006067
-0.1994 -0.005262
-0.1871 -0.004575
-0.1730 -0.003992
-0.1566 -0.003500
-0.1368 -0.003092
-0.1116 -0.002761
-0.0771 -0.002510
-0.0258 -0.002349
0.0243 -0.133093
0.0859 -0.148337
0.1459 -0.163203
0.1896 -0.173973
0.2139 -0.179873
0.2222 -0.181766
0.2192 -0.180839
0.2090 -0.178123
0.1946 -0.174367
0.1778 -0.170055
0.1599 -0.165466
0.1413 -0.160726
0.1220 -0.155856
0.1020 -0.150790
0.0805 -0.145374
0.0564 -0.139327
0.0060 -0.247396
-0.0619 -0.197086
-0.1432 -0.148874
-0.2235 -0.107785
-0.2889 -0.077470
-0.3370 -0.056667
-0.3710 -0.042772
-0.3944 -0.033604
-0.4100 -0.027623
-0.4200 -0.023799
-0.4259 -0.021448
-0.4289 -0.020118
-0.4297 -0.019508
-0.4289 -0.019412
-0.4268 -0.019691
-0.4238 -0.020246
-0.4202 -0.021008
-0.4160 -0.021926
-0.4114 -0.022965
-0.4064 -0.022240
-0.4005 -0.019548
-0.3938 -0.017251
-0.3866 -0.015248
-0.3787 -0.013479
-0.3705 -0.011906
-0.3619 -0.010504
-0.3529 -0.009254
-0.3435 -0.008141
-0.3338 -0.007152
-0.3237 -0.006273
-0.3134 -0.005493
-0.3029 -0.004800
-0.2968 -0.054894
-0.2961 -0.054374
-0.2956 -0.053916
-0.2957 -0.053405
-0.2966 -0.052778
-0.2981 -0.052050
-0.3001 -0.051279
-0.3021 -0.050526
-0.3041 -0.049835
-0.3059 -0.049233
-0.3074 -0.048732
-0.3086 -0.048334
-0.3094 -0.048036
-0.3100 -0.047832
-0.3102 -0.047713
-0.3102 -0.047674
-0.3099 -0.047707
-0.3094 -0.047805
-0.3086 -0.047962
-0.3077 -0.048175
-0.3066 -0.048437
-0.3053 -0.048746
-0.3031 -0.041682
-0.2994 -0.035461
-0.2945 -0.030338
-0.2886 -0.026062
-0.2819 -0.022456
-0.2744 -0.019394
-0.2663 -0.016778
-0.2576 -0.014536
-0.2482 -0.012611
-0.2380 -0.010956
-0.2271 -0.009533
-0.2151 -0.008310
-0.2019 -0.007260
-0.1873 -0.006361
-0.1706 -0.005595
-0.1512 -0.004947
-0.1276 -0.004411
-0.0969 -0.003987
-0.0534 -0.003688
-0.0162 -0.124185
0.0365 -0.137069
0.1005 -0.152858
0.1585 -0.167151
0.1831 -0.343832
0.1779 -0.340904
0.1661 -0.334663
0.1500 -0.326362
0.1313 -0.316768
0.1105 -0.306207
0.0877 -0.294631
0.0618 -0.281594
0.0082 -0.382044
-0.0653 -0.326965
-0.1546 -0.259947
-0.2400 -0.195699
-0.3065 -0.145641
-0.3536 -0.110147
-0.3853 -0.082306
-0.4056 -0.064318
-0.4183 -0.053250
-0.4256 -0.046560
-0.4295 -0.042691
-0.4308 -0.040673
-0.4304 -0.039893
-0.4288 -0.039961
-0.4263 -0.040620
-0.4230 -0.039821
-0.4188 -0.038422
-0.4138 -0.037600
-0.4083 -0.037198
-0.4023 -0.037117
-0.3958 -0.034548
-0.3882 -0.030738
-0.3797 -0.027433
-0.3705 -0.024512
-0.3605 -0.021899
-0.3499 -0.019550
-0.3386 -0.017433
-0.3268 -0.015527
-0.3143 -0.013812
-0.3011 -0.012274
-0.2872 -0.010897
-0.2724 -0.009667
-0.2569 -0.008567
-0.2425 -0.071908
-0.2395 -0.071454
-0.2374 -0.070925
-0.2370 -0.070157
-0.2382 -0.069100
-0.2409 -0.067772
-0.2449 -0.066215
-0.2500 -0.064487
-0.2558 -0.062672
-0.2619 -0.060852
-0.2679 -0.059098
-0.2736 -0.057463
-0.2789 -0.055980
-0.2836 -0.054666
-0.2878 -0.053524
-0.2913 -0.052549
-0.2943 -0.051733
-0.2968 -0.051064
-0.2987 -0.050530
-0.3002 -0.050117
-0.3013 -0.049816
-0.3020 -0.049615
-0.3024 -0.048711
-0.3015 -0.040862
-0.2990 -0.034550
-0.2953 -0.029386
-0.2906 -0.025103
-0.2851 -0.021513
-0.2789 -0.018478
-0.2722 -0.015898
-0.2651 -0.013695
-0.2574 -0.011809
-0.2493 -0.010191
-0.2408 -0.008801
-0.2317 -0.007607
-0.2220 -0.006582
-0.2116 -0.005703
-0.2003 -0.004950
-0.1877 -0.004307
-0.1735 -0.003760
-0.1570 -0.003298
-0.1371 -0.002915
-0.1116 -0.002604
-0.0766 -0.002371
-0.0240 -0.002225
0.0567 -0.002172
0.1536 -0.002131
0.2326 -0.001995
0.2811 -0.001777
0.3033 -0.001527
0.3066 -0.001281
0.2979 -0.001058
0.2822 -0.000866
0.2398 -0.185743
0.1974 -0.174976
0.1468 -0.324098
0.0919 -0.296537
0.0396 -0.270322
-0.0208 -0.240129
-0.0985 -0.201327
-0.1869 -0.157071
-0.2654 -0.117693
-0.3249 -0.087814
-0.3671 -0.066647
-0.3959 -0.052160
-0.4151 -0.042522
-0.4274 -0.036343
-0.4348 -0.032617
-0.4388 -0.030632
-0.4402 -0.029887
-0.4399 -0.030028
-0.4384 -0.030805
-0.4359 -0.032040
-0.4328 -0.033604
-0.4292 -0.035403
-0.4252 -0.036248
-0.4205 -0.033786
-0.4146 -0.030143
-0.4079 -0.027032
-0.4005 -0.024279
-0.3926 -0.021792
-0.3843 -0.019522
-0.3757 -0.017443
-0.3668 -0.015541
-0.3576 -0.013806
-0.3483 -0.012231
-0.3388 -0.010808
-0.3291 -0.009530
-0.3191 -0.008386
-0.3089 -0.007369
-0.2983 -0.006467
-0.2874 -0.005671
-0.2854 -0.058416
-0.2833 -0.058176
-0.2804 -0.058256
-0.2819 -0.111892
-0.2897 -0.107420
-0.2973 -0.103169
-0.3048 -0.099090
-0.3119 -0.095224
-0.3186 -0.091639
-0.3247 -0.088407
-0.3301 -0.085582
-0.3346 -0.083189
-0.3384 -0.081224
-0.3413 -0.079663
-0.3436 -0.078469
-0.3452 -0.077601
-0.3463 -0.077016
-0.3470 -0.076673
-0.3472 -0.076532
-0.3467 -0.071724
-0.3449 -0.066973
-0.3420 -0.059145
-0.3373 -0.050859
-0.3312 -0.044046
-0.3242 -0.038313
-0.3164 -0.033409
-0.3081 -0.029167
-0.2994 -0.025471
-0.2903 -0.022236
-0.2809 -0.019400
-0.2713 -0.016912
-0.2614 -0.014732
-0.2513 -0.012823
-0.2410 -0.011156
-0.2302 -0.009703
-0.2190 -0.008441
-0.2070 -0.007349
-0.1942 -0.006406
-0.1801 -0.005597
-0.1642 -0.004907
-0.1457 -0.004323
-0.1233 -0.003838
-0.0942 -0.003452
-0.0530 -0.003175
0.0099 -0.003023
0.0987 -0.002964
0.1882 -0.002847
0.2527 -0.002601
0.2894 -0.002279
0.3040 -0.001939
0.3033 -0.001618
0.2928 -0.001334
0.2767 -0.001091
0.2577 -0.000889
0.2377 -0.000723
0.2177 -0.000588
0.1983 -0.000477
0.1558 -0.164444
0.1150 -0.154147
0.0777 -0.144737
0.0387 -0.134958
-0.0078 -0.123328
-0.0689 -0.108042
-0.1459 -0.088800
-0.2243 -0.069162
-0.2897 -0.052744
-0.3390 -0.040369
-0.3744 -0.031486
-0.3990 -0.025301
-0.4156 -0.021130
-0.4263 -0.018439
-0.4327 -0.016835
-0.4359 -0.016030
-0.4367 -0.015816
-0.4358 -0.016041
-0.4336 -0.016593
-0.4304 -0.017393
-0.4264 -0.016982
-0.4213 -0.015009
-0.4153 -0.013354
-0.4086 -0.011916
-0.4013 -0.010638
-0.3935 -0.009488
-0.3854 -0.008445
-0.3769 -0.007498
-0.3683 -0.006637
-0.3594 -0.005857
-0.3504 -0.005152
-0.3414 -0.004517
-0.3323 -0.003949
-0.3240 -0.047424
-0.3234 -0.047004
-0.3222 -0.046823
-0.3277 -0.088084
-0.3331 -0.084969
-0.3377 -0.082404
-0.3416 -0.080211
-0.3454 -0.116810
-0.3551 -0.109343
-0.3627 -0.103524
-0.3685 -0.099073
-0.3728 -0.095737
-0.3760 -0.093298
-0.3782 -0.091574
-0.3797 -0.090422
-0.3806 -0.089724
-0.3810 -0.089388
-0.3810 -0.089337
-0.3807 -0.089511
-0.3803 -0.089858
-0.3796 -0.090340
-0.3788 -0.090925
-0.3779 -0.090996
-0.3764 -0.087151
-0.3739 -0.082443
-0.3703 -0.076189
-0.3656 -0.071446
-0.3603 -0.067785
-0.3545 -0.064934
-0.3484 -0.060000
-0.3411 -0.052505
-0.3329 -0.046128
-0.3239 -0.040603
-0.3142 -0.035761
-0.3041 -0.031489
-0.2936 -0.027707
-0.2828 -0.024356
-0.2716 -0.021387
-0.2601 -0.018758
-0.2484 -0.016436
-0.2362 -0.014388
-0.2237 -0.012588
-0.2106 -0.011011
-0.1967 -0.009636
-0.1818 -0.008443
-0.1653 -0.007416
-0.1463 -0.006544
-0.1234 -0.005819
-0.0937 -0.005242
-0.0514 -0.004832
0.0133 -0.004616
0.1041 -0.004536
0.1938 -0.004353
0.2576 -0.003972
0.2935 -0.003475
0.3075 -0.002954
0.3064 -0.002464
0.2956 -0.002030
0.2792 -0.001661
0.2602 -0.001353
0.2401 -0.001100
0.2200 -0.000894
0.2005 -0.000726
0.1816 -0.000590
0.1634 -0.000480
0.1457 -0.000390
0.1271 -0.157212
0.0811 -0.145637
0.0351 -0.134075
-0.0194 -0.120434
-0.0906 -0.102651
-0.1746 -0.081616
-0.2530 -0.061974
-0.3146 -0.046507
-0.3595 -0.035236
-0.3910 -0.027329
-0.4124 -0.021940
-0.4266 -0.018393
-0.4353 -0.016187
-0.4402 -0.014959
-0.4422 -0.014446
-0.4422 -0.014461
-0.4405 -0.014869
-0.4377 -0.015574
-0.4339 -0.016504
-0.4295 -0.017608
-0.4246 -0.018848
-0.4189 -0.016946
-0.4124 -0.015138
-0.4052 -0.013538
-0.3976 -0.012091
-0.3897 -0.010770
-0.3816 -0.009560
-0.3733 -0.008455
-0.3650 -0.007450
-0.3567 -0.006541
-0.3483 -0.005724
-0.3399 -0.004995
-0.3315 -0.004347
-0.3230 -0.003775
-0.3225 -0.047495
-0.3215 -0.047230
-0.3228 -0.090786
-0.3285 -0.087482
-0.3332 -0.084805
-0.3372 -0.082532
-0.3407 -0.080541
-0.3439 -0.078786
-0.3467 -0.077266
-0.3490 -0.075992
-0.3509 -0.074968
-0.3523 -0.074180
-0.3533 -0.073611
-0.3540 -0.073237
-0.3543 -0.073037
-0.3543 -0.072989
-0.3541 -0.073073
-0.3537 -0.073269
-0.3530 -0.073558
-0.3523 -0.073926
-0.3514 -0.074358
-0.3503 -0.071873
-0.3481 -0.067149
-0.3451 -0.063580
-0.3413 -0.058291
-0.3362 -0.050256
-0.3298 -0.043606
-0.3224 -0.037984
-0.3144 -0.033158
-0.3058 -0.028973
-0.2968 -0.025321
-0.2874 -0.022123
-0.2777 -0.019319
-0.2677 -0.016859
-0.2574 -0.014704
-0.2468 -0.012818
-0.2357 -0.011173
-0.2241 -0.009740
-0.2118 -0.008495
-0.1987 -0.007418
-0.1844 -0.006489
-0.1685 -0.005692
-0.1501 -0.005017
-0.1280 -0.004455
-0.0994 -0.004005
-0.0594 -0.003678
0.0017 -0.003496
0.0903 -0.003435
0.1831 -0.003321
0.2516 -0.003053
0.2914 -0.002686
0.3079 -0.002290
0.3080 -0.001913
0.2977 -0.001577
0.2813 -0.001290
0.2620 -0.001051
0.2416 -0.000854
0.2213 -0.000694
0.2015 -0.000564
0.1824 -0.000458
0.1641 -0.000372
0.1463 -0.000302
0.1289 -0.000246
0.1115 -0.000200
0.0936 -0.000162
0.0746 -0.000131
0.0534 -0.000105
0.0028 -0.125939
-0.0652 -0.108939
-0.1497 -0.087836
-0.2335 -0.066843
-0.3013 -0.049837
-0.3510 -0.037358
-0.3859 -0.028596
-0.4098 -0.022612
-0.4256 -0.018646
-0.4355 -0.016134
-0.4414 -0.014669
-0.4442 -0.013965
-0.4447 -0.013817
-0.4437 -0.014079
-0.4414 -0.014647
-0.4382 -0.015446
-0.4343 -0.016419
-0.4299 -0.017524
-0.4251 -0.018721
-0.4199 -0.017526
-0.4139 -0.015562
-0.4075 -0.013836
-0.4006 -0.012290
-0.3934 -0.010894
-0.3861 -0.009629
-0.3786 -0.008485
-0.3710 -0.007453
-0.3634 -0.006527
-0.3557 -0.005699
-0.3480 -0.004963
-0.3403 -0.004312
-0.3326 -0.003737
-0.3249 -0.003232
-0.3173 -0.002789
-0.3097 -0.002402
-0.3059 -0.050544
-0.3075 -0.049789
-0.3085 -0.049256
-0.3089 -0.048901
-0.3090 -0.048692
-0.3087 -0.048599
-0.3082 -0.048593
-0.3075 -0.048645
-0.3069 -0.048724
-0.3062 -0.048806
-0.3057 -0.048879
-0.3052 -0.048943
-0.3048 -0.049005
-0.3044 -0.049076
-0.3039 -0.049161
-0.3034 -0.049267
-0.3028 -0.049393
-0.3022 -0.049538
-0.3015 -0.049700
-0.3085 -0.095842
-0.3156 -0.092256
-0.3214 -0.089344
-0.3260 -0.084327
-0.3285 -0.076453
-0.3294 -0.070555
-0.3290 -0.066090
-0.3278 -0.062689
-0.3259 -0.060095
-0.3236 -0.058123
-0.3210 -0.056637
-0.3182 -0.055534
-0.3153 -0.054737
-0.3123 -0.054185
-0.3093 -0.053834
-0.3063 -0.053648
-0.3033 -0.053601
-0.3003 -0.053673
-0.2973 -0.053848
-0.2943 -0.054112
-0.2913 -0.054455
-0.2883 -0.054865
-0.2847 -0.048245
-0.2796 -0.041240
-0.2734 -0.035411
-0.2663 -0.030494
-0.2586 -0.026308
-0.2503 -0.022720
-0.2417 -0.019633
-0.2326 -0.016971
-0.2232 -0.014672
-0.2134 -0.012689
-0.2030 -0.010978
-0.2027 -0.083520
-0.2073 -0.080749
-0.2121 -0.078198
-0.2171 -0.075816
-0.2225 -0.073552
-0.2282 -0.071374
-0.2341 -0.069280
-0.2400 -0.067281
-0.2459 -0.065392
-0.2516 -0.063626
-0.2570 -0.061994
-0.2621 -0.060503
-0.2667 -0.059155
-0.2710 -0.057950
-0.2747 -0.056889
-0.2780 -0.055970
-0.2808 -0.055189
-0.2831 -0.054544
-0.2849 -0.054033
-0.2863 -0.053649
-0.2872 -0.053389
-0.2876 -0.053242
-0.2870 -0.045324
-0.2845 -0.038288
-0.2806 -0.032550
-0.2756 -0.027802
-0.2697 -0.023826
-0.2632 -0.020467
-0.2560 -0.017606
-0.2485 -0.015156
-0.2408 -0.013049
-0.2328 -0.011233
-0.2247 -0.009664
-0.2166 -0.008309
-0.2084 -0.007139
-0.2001 -0.006132
-0.1916 -0.005266
-0.1828 -0.004524
-0.1733 -0.003890
-0.1631 -0.003351
-0.1517 -0.002893
-0.1384 -0.002508
-0.1225 -0.002187
-0.1022 -0.001924
-0.0746 -0.001718
-0.0342 -0.001571
0.0271 -0.001484
0.0985 -0.150901
0.1479 -0.163132
0.1826 -0.171697
0.2015 -0.176309
0.2076 -0.177714
0.2046 -0.176830
0.1954 -0.174434
0.1824 -0.171098
0.1672 -0.167203
0.1505 -0.162973
0.1329 -0.158518
0.1144 -0.153852
0.0948 -0.148908
0.0733 -0.143523
0.0489 -0.137394
0.0192 -0.129976
-0.0194 -0.120336
-0.0718 -0.107236
-0.1388 -0.090519
-0.2092 -0.072878
-0.2695 -0.047942
-0.3152 -0.031784
-0.3480 -0.021599
-0.3709 -0.015166
-0.3862 -0.011054
-0.3956 -0.008376
-0.4007 -0.006587
-0.4023 -0.005355
-0.4013 -0.004475
-0.3981 -0.003819
-0.3931 -0.003310
-0.3868 -0.002899
-0.3794 -0.002554
-0.3713 -0.002253
-0.3663 -0.035366
-0.3639 -0.035645
-0.3615 -0.036001
-0.3593 -0.036334
-0.3575 -0.036574
-0.3615 -0.070075
-0.3661 -0.067567
-0.3700 -0.065490
-0.3732 -0.063812
-0.3756 -0.062513
-0.3774 -0.061581
-0.3785 -0.060993
-0.3789 -0.060717
-0.3789 -0.060715
-0.3784 -0.060944
-0.3775 -0.061365
-0.3763 -0.061940
-0.3749 -0.062637
-0.3732 -0.063430
-0.3715 -0.064295
-0.3696 -0.065217
-0.3677 -0.066182
-0.3653 -0.062932
-0.3621 -0.059517
-0.3581 -0.056976
-0.3537 -0.055096
-0.3489 -0.053734
-0.3437 -0.048680
-0.3372 -0.042336
-0.3297 -0.036982
-0.3214 -0.032391
-0.3124 -0.028410
-0.3028 -0.024936
-0.2927 -0.021893
-0.2821 -0.019222
-0.2709 -0.016879
-0.2590 -0.014825
-0.2464 -0.013028
-0.2329 -0.011460
-0.2182 -0.010097
-0.2020 -0.008917
-0.1837 -0.007904
-0.1624 -0.007046
-0.1365 -0.006335
-0.1031 -0.005775
-0.0566 -0.005386
0.0008 -0.130147
0.0631 -0.145379
0.1298 -0.161743
0.1822 -0.174486
0.2138 -0.181919
0.2272 -0.184790
0.2276 -0.184422
0.1944 -0.349407
0.1603 -0.331914
0.1296 -0.316207
0.1001 -0.301201
0.0697 -0.285785
0.0354 -0.268516
-0.0071 -0.247174
-0.0639 -0.218726
-0.1365 -0.182383
-0.2124 -0.144339
-0.2770 -0.111904
-0.3261 -0.087238
-0.3610 -0.064886
-0.3846 -0.049731
-0.4001 -0.040070
-0.4098 -0.033932
-0.4153 -0.030088
-0.4178 -0.027767
-0.4181 -0.026481
-0.4167 -0.025914
-0.4139 -0.023441
-0.4096 -0.020393
-0.4040 -0.017933
-0.3975 -0.015868
-0.3901 -0.014087
-0.3821 -0.012522
-0.3735 -0.011132
-0.3644 -0.009888
-0.3548 -0.008768
-0.3451 -0.007753
-0.3353 -0.006829
-0.3256 -0.005989
-0.3163 -0.005229
-0.3072 -0.004546
-0.2985 -0.003937
-0.2901 -0.003398
-0.2821 -0.002923
-0.2743 -0.002509
-0.2667 -0.002149
-0.2654 -0.060440
-0.2694 -0.059118
-0.2730 -0.057942
-0.2765 -0.056853
-0.2800 -0.055798
-0.2836 -0.054761
-0.2871 -0.053755
-0.2905 -0.052809
-0.2936 -0.051948
-0.2964 -0.051187
-0.2988 -0.050535
-0.3008 -0.049991
-0.3024 -0.049553
-0.3037 -0.049214
-0.3046 -0.048968
-0.3051 -0.048808
-0.3054 -0.048728
-0.3054 -0.048723
-0.3051 -0.048784
-0.3045 -0.048909
-0.3038 -0.049090
-0.3028 -0.049325
-0.3011 -0.042770
-0.2977 -0.036314
-0.2931 -0.031014
-0.2875 -0.026602
-0.2811 -0.022891
-0.2739 -0.019745
-0.2660 -0.017062
-0.2575 -0.014766
-0.2484 -0.012797
-0.2385 -0.011106
-0.2278 -0.009654
-0.2161 -0.008408
-0.2034 -0.007338
-0.1893 -0.006418
-0.1737 -0.005630
-0.1559 -0.004957
-0.1351 -0.004390
-0.1096 -0.101498
-0.0991 -0.103571
-0.0867 -0.106183
-0.0717 -0.109529
-0.0528 -0.113940
-0.0276 -0.119950
0.0065 -0.128260
0.0509 -0.139161
0.0999 -0.151293
0.1429 -0.161902
0.1531 -0.327646
0.1450 -0.323440
0.1326 -0.317126
0.0931 -0.445723
0.0488 -0.412373
-0.0024 -0.374000
-0.0685 -0.324441
-0.1495 -0.255915
-0.2272 -0.188946
-0.2888 -0.139602
-0.3335 -0.105629
-0.3647 -0.082825
-0.3860 -0.067700
-0.4000 -0.057791
-0.4090 -0.051433
-0.4143 -0.047515
-0.4169 -0.045292
-0.4177 -0.044262
-0.4171 -0.044081
-0.4154 -0.044513
-0.4130 -0.045392
-0.4101 -0.046605
-0.4067 -0.047290
-0.4024 -0.043995
-0.3968 -0.038692
-0.3899 -0.034315
-0.3820 -0.030568
-0.3734 -0.027283
-0.3640 -0.024361
-0.3541 -0.021740
-0.3436 -0.019382
-0.3325 -0.017257
-0.3211 -0.015331
-0.3096 -0.013566
-0.2985 -0.011940
-0.2881 -0.010447
-0.2783 -0.009089
-0.2693 -0.007868
-0.2609 -0.006783
-0.2530 -0.005828
-0.2456 -0.004993
-0.2385 -0.004268
-0.2317 -0.003643
-0.2252 -0.003105
-0.2187 -0.002643
-0.2123 -0.002249
-0.2059 -0.001912
-0.1994 -0.001626
-0.1928 -0.001382
-0.1859 -0.001176
-0.1788 -0.001001
-0.1712 -0.000852
-0.1629 -0.000727
-0.1539 -0.000621
-0.1436 -0.000532
-0.1316 -0.000458
-0.1170 -0.000396
-0.0983 -0.000345
-0.0729 -0.000306
-0.0358 -0.000276
0.0203 -0.000258
0.0964 -0.000246
0.1721 -0.000231
0.2277 -0.000208
0.2601 -0.000181
0.2738 -0.000153
0.2742 -0.000128
0.2660 -0.000105
0.2526 -0.000086
0.2364 -0.000070
0.2188 -0.000057
0.2010 -0.000046
0.1832 -0.000037
0.1658 -0.000030
0.1487 -0.000025
0.1318 -0.000020
0.1149 -0.000016
0.0976 -0.000013
0.0794 -0.000011
0.0362 -0.134180
-0.0208 -0.119957
-0.0945 -0.101596
-0.1798 -0.080272
-0.2576 -0.060786
-0.3178 -0.045682
-0.3611 -0.034805
-0.3913 -0.027249
-0.4116 -0.022144
-0.4249 -0.018810
-0.4331 -0.016749
-0.4376 -0.015605
-0.4395 -0.015123
-0.4395 -0.015122
-0.4381 -0.015474
-0.4356 -0.016083
-0.4324 -0.016882
-0.4287 -0.017816
-0.4246 -0.018844
-0.4226 -0.036397
-0.4204 -0.034383
-0.4172 -0.033125
-0.4149 -0.053156
-0.4142 -0.051707
-0.4127 -0.051075
-0.4106 -0.050999
-0.4080 -0.051307
-0.4053 -0.051881
-0.4025 -0.076991
-0.4039 -0.075278
-0.4042 -0.074464
-0.4038 -0.074294
