0.2453
0.3075
0.4211
0.5470
0.5935
0.6266
0.6783
0.7029
0.7164
0.7220
0.7246
0.7289
0.7298
0.7297
0.7293
0.7290
0.7289
0.7286
0.7306
0.7300
0.7296
0.7285
0.7284
0.7278
0.7276
0.7271
0.7265
0.7267
0.7261
0.7254
0.7255
0.7259
0.7251
0.7241
0.7257
0.7243
0.7240
0.7240
0.7239
0.7231
0.7234
0.7244
0.7246
0.7252
0.7253
0.7250
0.7248
0.7245
0.7236
0.7237
0.7241
0.7233
0.7227
0.7228
0.7229
0.7228
0.7225
0.7217
0.7222
0.7224
0.7232
0.7234
0.7226
0.7229
0.7222
0.7219
0.7213
0.7215
0.7212
0.7209
0.7210
0.7209
0.7209
0.7204
0.7200
0.7204
0.7205
0.7204
0.7202
0.7202
0.7201
0.7201
0.7197
0.7203
0.7202
0.7198
0.7195
0.7193
0.7193
0.7197
0.7188
0.7180
0.7191
0.7188
0.7185
0.7188
0.7180
0.7182
0.7184
0.7185
0.7184
0.7185
0.7181
0.7182
0.7181
0.7181
0.7181
0.7181
0.7180
0.7183
0.7181
0.7181
0.7177
0.7185
0.7184
0.7183
0.7188
0.7180
0.7178
0.7184
0.7180
0.7182
0.7179
0.7176
0.7179
0.7181
0.7182
0.7185
0.7183
0.7178
0.7181
0.7182
0.7174
0.7177
0.7178
0.7178
0.7179
0.7177
0.7177
0.7180
0.7176
0.7181
0.7175
0.7177
0.7179
0.7179
0.7182
0.7177
0.7178
0.7180
0.7181
0.7181
0.7180
0.7178
0.7183
0.7181
0.7180
0.7180
0.7180
0.7175
0.7175
0.7181
0.7179
0.7176
