-0.1842 0.108078
-0.2359 0.114538
-0.2813 0.113004
-0.3197 0.106214
-0.3516 0.096615
-0.3780 0.085911
-0.4000 0.075160
-0.4181 0.064961
-0.4329 0.055622
-0.4449 0.047270
-0.4545 0.039924
-0.4618 0.033543
-0.4671 0.028053
-0.4705 0.023367
-0.4722 0.019390
-0.4723 0.016035
-0.4709 0.013218
-0.4680 0.010861
-0.4637 0.008898
-0.4581 0.007269
-0.4513 0.005921
-0.4433 0.004809
-0.4342 0.003895
-0.4242 0.003146
-0.4132 0.002534
-0.4014 0.002035
-0.3889 0.001630
-0.3758 0.001302
-0.3620 0.001038
-0.3478 0.000824
-0.3330 0.000653
-0.3179 0.000515
-0.3024 0.000405
-0.2865 0.000317
-0.2701 0.000247
-0.2532 0.000192
-0.2355 0.000147
-0.2168 0.000112
-0.1966 0.000084
-0.1740 0.000062
-0.1478 0.000043
-0.1152 0.000028
-0.0697 0.024601
0.0032 -0.001616
0.0899 -0.124792
0.1556 -0.217102
0.1861 -0.260385
0.1892 -0.265034
0.1768 -0.247729
0.1575 -0.220832
0.1362 -0.191041
0.1149 -0.161124
0.0939 -0.131733
0.0730 -0.102509
0.0516 -0.072584
0.0289 -0.040751
0.0037 -0.005270
-0.0255 0.028457
-0.0622 0.057639
-0.1083 0.083138
-0.1613 0.102528
-0.2146 0.112924
-0.2629 0.114449
-0.3042 0.109539
-0.3387 0.100873
-0.3673 0.090475
-0.3910 0.079649
-0.4107 0.069167
-0.4268 0.059442
-0.4400 0.050667
-0.4505 0.042899
-0.4587 0.036119
-0.4649 0.030264
-0.4691 0.025250
-0.4715 0.020985
-0.4722 0.017379
-0.4714 0.014345
-0.4691 0.011803
-0.4654 0.009682
-0.4604 0.007918
-0.4540 0.006457
-0.4465 0.005251
-0.4379 0.004258
-0.4283 0.003443
-0.4177 0.002776
-0.4063 0.002233
-0.3940 0.001791
-0.3811 0.001432
-0.3676 0.001142
-0.3536 0.000908
-0.3390 0.000720
-0.3241 0.000569
-0.3087 0.000448
-0.2930 0.000352
-0.2768 0.000275
-0.2601 0.000213
-0.2427 0.000165
-0.2244 0.000126
-0.2049 0.000095
-0.1834 0.000070
-0.1588 0.000050
-0.1292 0.000034
-0.0903 0.000020
-0.0292 0.020996
0.0563 -0.077629
0.1336 -0.186232
0.1780 -0.248809
0.1906 -0.266788
0.1830 -0.256409
0.1657 -0.232244
0.1449 -0.203106
0.1234 -0.173080
0.1023 -0.143490
0.0814 -0.114293
0.0604 -0.084792
0.0383 -0.053910
0.0143 -0.019754
-0.0130 0.015511
-0.0462 0.046284
-0.0884 0.073395
-0.1392 0.095689
-0.1932 0.109916
-0.2439 0.114823
-0.2881 0.112179
-0.3252 0.104747
-0.3561 0.094853
-0.3817 0.084077
-0.4029 0.073384
-0.4204 0.063312
-0.4347 0.054133
-0.4462 0.045951
-0.4554 0.038772
-0.4623 0.032547
-0.4672 0.027199
-0.4704 0.022639
-0.4717 0.018774
-0.4715 0.015516
-0.4698 0.012781
-0.4666 0.010496
-0.4620 0.008594
-0.4562 0.007016
-0.4491 0.005711
-0.4409 0.004636
-0.4316 0.003752
-0.4214 0.003029
-0.4102 0.002438
-0.3983 0.001957
-0.3856 0.001567
-0.3723 0.001251
-0.3584 0.000996
-0.3440 0.000790
-0.3292 0.000625
-0.3140 0.000493
-0.2984 0.000387
-0.2823 0.000303
-0.2658 0.000236
-0.2487 0.000183
-0.2307 0.000140
-0.2117 0.000106
-0.1910 0.000079
-0.1677 0.000058
-0.1402 0.000040
-0.1053 0.000025
-0.0545 0.019323
0.0246 -0.024911
0.1090 -0.151536
0.1667 -0.232888
0.1901 -0.266038
0.1886 -0.264187
0.1738 -0.243512
0.1535 -0.215156
0.1318 -0.184837
0.1103 -0.154738
0.0892 -0.125207
0.0682 -0.095726
0.0464 -0.065324
0.0231 -0.032478
-0.0029 0.003319
-0.0336 0.036111
-0.0725 0.064605
-0.1206 0.089037
-0.1742 0.106473
-0.2265 0.114593
-0.2731 0.114281
-0.3126 0.108197
-0.3455 0.098908
-0.3728 0.088257
-0.3954 0.077407
-0.4140 0.067029
-0.4294 0.057476
-0.4418 0.048901
-0.4517 0.041339
-0.4593 0.034757
-0.4648 0.029086
-0.4685 0.024238
-0.4703 0.020121
-0.4706 0.016645
-0.4692 0.013723
-0.4664 0.011278
-0.4622 0.009241
-0.4566 0.007549
-0.4498 0.006149
-0.4419 0.004994
-0.4328 0.004045
-0.4228 0.003267
-0.4118 0.002631
-0.4000 0.002113
-0.3874 0.001692
-0.3743 0.001352
-0.3605 0.001076
-0.3462 0.000855
-0.3315 0.000677
-0.3163 0.000534
-0.3008 0.000420
-0.2848 0.000329
-0.2684 0.000256
-0.2515 0.000198
-0.2339 0.000153
-0.2156 0.000116
-0.1962 0.000088
-0.1753 0.000065
-0.1524 0.000046
-0.1258 0.000032
-0.0929 0.000019
-0.0477 0.000008
0.0200 -0.013460
0.1010 -0.105246
0.1591 -0.222223
0.1806 -0.252737
0.1808 -0.253280
0.1685 -0.236084
0.1502 -0.210558
0.1299 -0.182107
0.1092 -0.153118
0.0885 -0.124208
0.0677 -0.095062
0.0461 -0.064843
0.0229 -0.032334
-0.0031 0.003867
-0.0334 0.041090
-0.0696 0.079604
-0.1117 0.116102
-0.1570 0.140282
-0.2023 0.149526
-0.2441 0.149269
-0.2809 0.142089
-0.3126 0.130784
-0.3397 0.117533
-0.3628 0.103795
-0.3824 0.090460
-0.3989 0.078028
-0.4127 0.066744
-0.4239 0.056695
-0.4329 0.047871
-0.4397 0.040207
-0.4446 0.033612
-0.4475 0.027977
-0.4487 0.023193
-0.4482 0.019156
-0.4461 0.015764
-0.4425 0.012929
-0.4375 0.010569
-0.4312 0.008612
-0.4236 0.006996
-0.4149 0.005666
-0.4052 0.004575
-0.3946 0.003684
-0.3831 0.002958
-0.3710 0.002368
-0.3582 0.001890
-0.3448 0.001505
-0.3310 0.001194
-0.3168 0.000945
-0.3022 0.000745
-0.2872 0.000586
-0.2719 0.000458
-0.2563 0.000357
-0.2411 0.000278
-0.2274 0.000217
-0.2163 0.000170
-0.2088 0.000136
-0.2058 0.000111
-0.2079 0.000093
-0.2154 0.000079
-0.2280 0.000069
-0.2447 0.000062
-0.2643 0.000055
-0.2853 0.000049
-0.2965 0.207687
-0.2788 0.195277
-0.2647 0.185397
-0.2534 0.177446
-0.2442 0.171019
-0.2241 0.235530
-0.2053 0.215696
-0.1895 0.199150
-0.1760 0.184968
-0.1642 0.172506
-0.1535 0.161297
-0.1437 0.150988
-0.1345 0.141303
-0.1256 0.132008
-0.1169 0.122887
-0.1084 0.110466
-0.1008 0.097125
-0.0938 0.086142
-0.0878 0.071971
-0.0830 0.061254
-0.0790 0.053033
-0.0762 0.042859
-0.0750 0.034871
-0.0755 0.029025
-0.0780 0.024774
-0.0827 0.021730
-0.0903 0.019606
-0.1013 0.018170
-0.1160 0.017211
-0.1347 0.016519
-0.1567 0.015889
-0.1807 0.015153
-0.2050 0.014218
-0.2280 0.013077
-0.2485 0.011787
-0.2659 0.010427
-0.2798 0.009075
-0.2904 0.007788
-0.2978 0.006605
-0.3024 0.005545
-0.3045 0.004616
-0.3043 0.003814
-0.3021 0.003132
-0.2984 0.002558
-0.2935 0.002080
-0.2877 0.001686
-0.2814 0.001363
-0.2750 0.001102
-0.2690 0.000891
-0.2635 0.000722
-0.2589 0.000586
-0.2553 0.000478
-0.2453 0.086313
-0.2277 0.080059
-0.2125 0.074650
-0.2002 0.070286
-0.1927 0.067587
-0.1911 0.066998
-0.1852 0.129769
-0.1816 0.127201
-0.1819 0.127334
-0.1847 0.129312
-0.1892 0.132454
-0.1946 0.136239
-0.2004 0.140275
-0.2061 0.144279
-0.2115 0.148053
-0.2164 0.151462
-0.2219 0.142102
-0.2289 0.135075
-0.2368 0.129887
-0.2451 0.125994
-0.2533 0.120862
-0.2631 0.103768
-0.2747 0.089581
-0.2874 0.077480
-0.3004 0.066971
-0.3133 0.057752
-0.3256 0.049631
-0.3371 0.042480
-0.3474 0.036200
-0.3565 0.030711
-0.3641 0.025937
-0.3703 0.021809
-0.3749 0.018259
-0.3780 0.015223
-0.3796 0.012640
-0.3797 0.010454
-0.3784 0.008613
-0.3756 0.007069
-0.3715 0.005781
-0.3661 0.004710
-0.3594 0.003824
-0.3517 0.003094
-0.3428 0.002494
-0.3330 0.002003
-0.3223 0.001603
-0.3107 0.001278
-0.2983 0.001014
-0.2851 0.000802
-0.2711 0.000630
-0.2563 0.000493
-0.2405 0.000382
-0.2237 0.000294
-0.1994 0.070111
-0.1684 0.059200
-0.1395 0.049012
-0.1122 0.039428
-0.0855 0.030073
-0.0574 0.020231
-0.0247 0.008779
0.0162 -0.005516
0.0652 -0.022664
0.1143 -0.039856
0.1527 -0.053375
0.1764 -0.061707
0.1866 -0.065330
0.1867 -0.065379
0.1798 -0.059495
0.1614 -0.157398
0.1332 -0.123559
0.1090 -0.096901
0.0866 -0.074166
0.0641 -0.053255
0.0401 -0.032477
0.0125 -0.010092
-0.0211 0.015971
-0.0633 0.047769
-0.1143 0.085261
-0.1678 0.123934
-0.2153 0.157687
-0.2525 0.183575
-0.2793 0.201789
-0.2974 0.213745
-0.3088 0.220958
-0.3151 0.224681
-0.3185 0.214152
-0.3222 0.191757
-0.3283 0.161555
-0.3362 0.136798
-0.3448 0.115999
-0.3533 0.098280
-0.3613 0.083085
-0.3683 0.070028
-0.3741 0.058820
-0.3786 0.049224
-0.3818 0.041039
-0.3835 0.034086
-0.3838 0.028206
-0.3827 0.023256
-0.3803 0.019107
-0.3766 0.015644
-0.3717 0.012767
-0.3657 0.010385
-0.3586 0.008421
-0.3506 0.006808
-0.3418 0.005487
-0.3322 0.004409
-0.3219 0.003533
-0.3110 0.002822
-0.2995 0.002247
-0.2874 0.001783
-0.2749 0.001410
-0.2618 0.001110
-0.2481 0.000870
-0.2337 0.000678
-0.2189 0.000525
-0.1956 0.137611
-0.1568 0.110280
-0.1234 0.086760
-0.0946 0.066527
-0.0692 0.048655
-0.0449 0.031636
-0.0194 0.013805
0.0090 -0.006075
0.0402 -0.027968
0.0715 -0.049846
0.0980 -0.068490
0.1099 -0.115368
0.1140 -0.119715
0.1120 -0.116968
0.1066 -0.101306
0.0997 -0.084381
0.0870 -0.096714
0.0720 -0.074995
0.0561 -0.055132
0.0382 -0.035788
0.0173 -0.015639
-0.0083 0.006846
-0.0406 0.033404
-0.0811 0.065192
-0.1281 0.100774
-0.1754 0.135408
-0.2180 0.144824
-0.2559 0.140644
-0.2886 0.131186
-0.3162 0.118884
-0.3393 0.105500
-0.3585 0.092162
-0.3741 0.079535
-0.3867 0.067971
-0.3964 0.057621
-0.4036 0.048514
-0.4086 0.040604
-0.4114 0.033806
-0.4123 0.028013
-0.4114 0.023113
-0.4089 0.018996
-0.4050 0.015555
-0.3997 0.012694
-0.3932 0.010326
-0.3857 0.008374
-0.3772 0.006772
-0.3679 0.005461
-0.3579 0.004392
-0.3472 0.003523
-0.3359 0.002818
-0.3242 0.002249
-0.3120 0.001789
-0.2994 0.001420
-0.2864 0.001123
-0.2730 0.000885
-0.2592 0.000695
-0.2449 0.000543
-0.2299 0.000421
-0.2142 0.000325
-0.1977 0.000248
-0.1706 0.059994
-0.1418 0.049831
-0.1140 0.040077
-0.0808 0.056827
-0.0445 0.031430
-0.0042 0.003270
0.0387 -0.040223
0.0774 -0.080927
0.1034 -0.144489
0.1132 -0.158404
0.1141 -0.159770
0.1090 -0.152716
0.1001 -0.140254
0.0888 -0.121224
0.0765 -0.100332
0.0631 -0.079931
0.0483 -0.057549
0.0319 -0.035423
0.0129 -0.013511
-0.0104 0.009868
-0.0397 0.034673
-0.0773 0.060599
-0.1229 0.084865
-0.1733 0.099051
-0.2226 0.105304
-0.2666 0.104334
-0.3039 0.098361
-0.3347 0.089592
-0.3598 0.079648
-0.3801 0.069570
-0.3961 0.059963
-0.4086 0.051148
-0.4180 0.043263
-0.4246 0.036338
-0.4288 0.030338
-0.4307 0.025197
-0.4305 0.020828
-0.4286 0.017144
-0.4250 0.014057
-0.4199 0.011484
-0.4135 0.009350
-0.4059 0.007589
-0.3972 0.006140
-0.3876 0.004954
-0.3772 0.003986
-0.3660 0.003198
-0.3543 0.002560
-0.3420 0.002043
-0.3293 0.001626
-0.3162 0.001291
-0.3027 0.001022
-0.2888 0.000806
-0.2746 0.000634
-0.2600 0.000496
-0.2449 0.000386
-0.2291 0.000299
-0.2123 0.000229
-0.1943 0.000173
-0.1746 0.000129
-0.1428 0.050192
-0.1073 0.037727
-0.0668 0.047110
-0.0140 0.015346
0.0441 -0.045737
0.0963 -0.100696
0.1250 -0.174686
0.1358 -0.189994
0.1347 -0.188714
0.1268 -0.177598
0.1149 -0.161041
0.1009 -0.141485
0.0856 -0.120085
0.0695 -0.094469
0.0527 -0.068971
0.0346 -0.043823
0.0142 -0.016662
-0.0099 0.009818
-0.0400 0.035856
-0.0786 0.060883
-0.1264 0.081046
-0.1792 0.095121
-0.2304 0.101189
-0.2756 0.100129
-0.3136 0.094247
-0.3449 0.085727
-0.3704 0.076136
-0.3910 0.066460
-0.4074 0.057268
-0.4203 0.048853
-0.4301 0.041338
-0.4372 0.034744
-0.4419 0.029034
-0.4443 0.024141
-0.4448 0.019982
-0.4435 0.016472
-0.4404 0.013527
-0.4359 0.011070
-0.4300 0.009029
-0.4228 0.007341
-0.4145 0.005951
-0.4052 0.004810
-0.3950 0.003877
-0.3840 0.003116
-0.3724 0.002498
-0.3601 0.001997
-0.3473 0.001593
-0.3341 0.001267
-0.3204 0.001005
-0.3064 0.000794
-0.2921 0.000626
-0.2774 0.000492
-0.2623 0.000384
-0.2466 0.000299
-0.2303 0.000231
-0.2131 0.000177
-0.1945 0.000133
-0.1739 0.000099
-0.1502 0.000070
-0.1126 0.039607
-0.0618 0.043716
0.0041 -0.002335
0.0765 -0.079567
0.1285 -0.179454
0.1523 -0.213048
0.1565 -0.219150
0.1492 -0.209052
0.1360 -0.190675
0.1202 -0.168493
0.1031 -0.144638
0.0854 -0.119873
0.0671 -0.094184
0.0479 -0.065073
0.0274 -0.035382
0.0045 -0.005609
-0.0229 0.023715
-0.0574 0.051580
-0.1012 0.075337
-0.1526 0.094115
-0.2057 0.104964
-0.2544 0.107421
-0.2963 0.103486
-0.3312 0.095680
-0.3600 0.086001
-0.3835 0.075773
-0.4027 0.065791
-0.4182 0.056490
-0.4304 0.048079
-0.4399 0.040628
-0.4469 0.034125
-0.4516 0.028514
-0.4542 0.023717
-0.4550 0.019644
-0.4541 0.016209
-0.4516 0.013328
-0.4475 0.010921
-0.4421 0.008921
-0.4355 0.007265
-0.4276 0.005899
-0.4188 0.004776
-0.4089 0.003856
-0.3982 0.003105
-0.3867 0.002493
-0.3746 0.001997
-0.3619 0.001595
-0.3487 0.001271
-0.3350 0.001009
-0.3209 0.000800
-0.3065 0.000631
-0.2917 0.000497
-0.2766 0.000390
-0.2612 0.000304
-0.2455 0.000236
-0.2296 0.000183
-0.2133 0.000140
-0.1965 0.000107
-0.1791 0.000081
-0.1605 0.000060
-0.1398 0.000043
-0.1154 0.000029
-0.0842 0.000018
-0.0374 0.013280
0.0307 -0.020978
0.1034 -0.107930
0.1561 -0.163531
0.1812 -0.190164
0.1814 -0.254176
0.1633 -0.228911
0.1425 -0.199821
0.1212 -0.169975
0.1001 -0.140442
0.0792 -0.111162
0.0580 -0.081455
0.0357 -0.050248
0.0113 -0.015779
-0.0164 0.020853
-0.0492 0.057552
-0.0891 0.091635
-0.1346 0.122831
-0.1811 0.147673
-0.2232 0.164121
-0.2585 0.171870
-0.2886 0.158677
-0.3151 0.143267
-0.3382 0.127186
-0.3584 0.111438
-0.3758 0.096618
-0.3906 0.083043
-0.4031 0.070852
-0.4132 0.060065
-0.4213 0.050632
-0.4273 0.042462
-0.4314 0.035444
-0.4336 0.029458
-0.4340 0.024383
-0.4328 0.020105
-0.4301 0.016517
-0.4258 0.013523
-0.4202 0.011034
-0.4134 0.008975
-0.4054 0.007277
-0.3963 0.005882
-0.3864 0.004741
-0.3756 0.003811
-0.3641 0.003054
-0.3519 0.002441
-0.3392 0.001946
-0.3260 0.001546
-0.3124 0.001225
-0.2984 0.000968
-0.2845 0.000763
-0.2715 0.000602
-0.2610 0.000478
-0.2541 0.000385
-0.2518 0.000315
-0.2546 0.000264
-0.2620 0.000224
-0.2733 0.000193
-0.2874 0.000168
-0.3031 0.000147
-0.3195 0.000128
-0.3357 0.000111
-0.3512 0.000096
-0.3655 0.000083
-0.3784 0.000071
-0.3897 0.000060
-0.3994 0.000051
-0.4074 0.000043
-0.4140 0.000036
-0.4193 0.000030
-0.4238 0.000025
-0.4276 0.000021
-0.4309 0.000018
-0.4337 0.000015
-0.4362 0.000012
-0.4383 0.000010
-0.4400 0.000008
-0.4412 0.000007
-0.4420 0.000006
-0.4424 0.000005
-0.4422 0.000004
-0.4416 0.000003
-0.4405 0.000003
-0.4389 0.000002
-0.4367 0.000002
-0.4338 0.000001
-0.4304 0.000001
-0.4263 0.000001
-0.4215 0.000001
-0.4160 0.000001
-0.4097 0.000001
-0.4027 0.000000
-0.3949 0.000000
-0.3864 0.000000
-0.3770 0.000000
-0.3670 0.000000
-0.3561 0.000000
-0.3446 0.000000
-0.3323 0.000000
-0.3193 0.000000
-0.3056 0.000000
-0.2911 0.000000
-0.2759 0.000000
-0.2597 0.000000
-0.2426 0.000000
-0.2242 0.000000
-0.2040 0.000000
-0.1813 0.000000
-0.1548 0.000000
-0.1219 0.000000
-0.0769 0.000000
-0.0038 0.003287
0.0938 -0.064960
0.1814 -0.126490
0.2217 -0.232562
0.2264 -0.317283
0.2041 -0.286089
0.1789 -0.250789
0.1540 -0.215977
0.1306 -0.183182
0.1086 -0.152361
0.0875 -0.122805
0.0666 -0.093530
0.0450 -0.063378
0.0219 -0.030581
-0.0039 0.004552
-0.0344 0.039667
-0.0714 0.077004
-0.1149 0.110207
-0.1617 0.138158
-0.2062 0.158280
-0.2454 0.159585
-0.2801 0.150643
-0.3103 0.138004
-0.3363 0.123705
-0.3587 0.109107
-0.3779 0.095042
-0.3942 0.081978
-0.4079 0.070141
-0.4192 0.059610
-0.4284 0.050367
-0.4356 0.042344
-0.4409 0.035441
-0.4446 0.029545
-0.4466 0.024542
-0.4472 0.020318
-0.4464 0.016770
-0.4443 0.013801
-0.4410 0.011326
-0.4365 0.009270
-0.4310 0.007567
-0.4245 0.006162
-0.4170 0.005005
-0.4086 0.004056
-0.3995 0.003278
-0.3896 0.002643
-0.3790 0.002126
-0.3678 0.001706
-0.3560 0.001365
-0.3437 0.001090
-0.3309 0.000868
-0.3177 0.000689
-0.3040 0.000545
-0.2899 0.000430
-0.2753 0.000337
-0.2601 0.000264
-0.2443 0.000205
-0.2276 0.000158
-0.2098 0.000120
-0.1903 0.000090
-0.1684 0.000066
-0.1426 0.000046
-0.1032 0.036287
-0.0463 0.032848
0.0276 -0.018734
0.1079 -0.075021
0.1624 -0.170195
0.1751 -0.245170
0.1711 -0.239608
0.1581 -0.221603
0.1413 -0.198072
0.1231 -0.172557
0.1045 -0.146507
0.0857 -0.120222
0.0665 -0.093382
0.0465 -0.064007
0.0252 -0.032766
0.0013 -0.001894
-0.0272 0.029617
-0.0623 0.063734
-0.1048 0.093682
-0.1534 0.113443
-0.2029 0.124197
-0.2486 0.125887
-0.2883 0.120766
-0.3219 0.111529
-0.3501 0.100305
-0.3736 0.088516
-0.3931 0.077023
-0.4092 0.066300
-0.4224 0.056581
-0.4328 0.047945
-0.4409 0.040383
-0.4468 0.033836
-0.4507 0.028218
-0.4526 0.023434
-0.4528 0.019385
-0.4514 0.015977
-0.4484 0.013123
-0.4440 0.010744
-0.4382 0.008768
-0.4312 0.007134
-0.4231 0.005788
-0.4140 0.004682
-0.4039 0.003777
-0.3930 0.003039
-0.3814 0.002439
-0.3692 0.001952
-0.3564 0.001558
-0.3431 0.001240
-0.3293 0.000984
-0.3152 0.000779
-0.3006 0.000614
-0.2857 0.000483
-0.2704 0.000378
-0.2545 0.000294
-0.2379 0.000227
-0.2205 0.000174
-0.2017 0.000132
-0.1810 0.000098
-0.1574 0.000070
-0.1283 0.045090
-0.0827 0.058320
-0.0189 0.013752
0.0594 -0.041027
0.1306 -0.182256
0.1616 -0.225994
0.1693 -0.236998
0.1629 -0.228252
0.1494 -0.209368
0.1327 -0.185966
0.1147 -0.160838
0.0963 -0.135084
0.0776 -0.108849
0.0582 -0.081733
0.0378 -0.051418
0.0157 -0.019956
-0.0097 0.010949
-0.0405 0.043387
-0.0788 0.071611
-0.1255 0.094442
-0.1768 0.110098
-0.2265 0.116726
-0.2707 0.115406
-0.3083 0.108708
-0.3397 0.099055
-0.3657 0.088189
-0.3872 0.077210
-0.4048 0.066755
-0.4192 0.057155
-0.4307 0.048554
-0.4396 0.040980
-0.4462 0.034397
-0.4508 0.028732
-0.4535 0.023896
-0.4543 0.019797
-0.4536 0.016341
-0.4512 0.013442
-0.4475 0.011022
-0.4424 0.009009
-0.4360 0.007342
-0.4285 0.005966
-0.4199 0.004834
-0.4103 0.003906
-0.3999 0.003147
-0.3886 0.002529
-0.3767 0.002027
-0.3641 0.001620
-0.3509 0.001291
-0.3373 0.001026
-0.3232 0.000813
-0.3088 0.000642
-0.2939 0.000505
-0.2786 0.000396
-0.2628 0.000309
-0.2464 0.000239
-0.2292 0.000184
-0.2109 0.000140
-0.1910 0.000105
-0.1687 0.000077
-0.1425 0.000054
-0.1051 0.036988
-0.0501 0.035561
0.0223 -0.015088
0.1022 -0.071023
0.1485 -0.207491
0.1667 -0.233218
0.1664 -0.233081
0.1560 -0.218550
0.1406 -0.197069
0.1232 -0.172692
0.1050 -0.147263
0.0865 -0.121344
0.0675 -0.094781
0.0476 -0.066306
0.0265 -0.035126
0.0030 -0.003928
