-0.4263 -0.000001
-0.4440 -0.000000
-0.4561 -0.000000
-0.4639 -0.000000
-0.4683 -0.000000
-0.4702 -0.000000
-0.4701 -0.000000
-0.4682 -0.000000
-0.4651 -0.000000
-0.4607 -0.000000
-0.4554 -0.000000
-0.4492 -0.000000
-0.4422 -0.000000
-0.4345 -0.000000
-0.4261 -0.000000
-0.4169 -0.000000
-0.4071 -0.000000
-0.3967 -0.000000
-0.3855 -0.000000
-0.3737 -0.000000
-0.3612 -0.000000
-0.3479 -0.000000
-0.3339 -0.000000
-0.3192 -0.000000
-0.3037 -0.000000
-0.2963 -0.050916
-0.2903 -0.052406
-0.2880 -0.106046
-0.2975 -0.101302
-0.3098 -0.095161
-0.3240 -0.088096
-0.3386 -0.080790
-0.3524 -0.073844
-0.3648 -0.067640
-0.3754 -0.062345
-0.3841 -0.057979
-0.3911 -0.054473
-0.3966 -0.051726
-0.4008 -0.049623
-0.4039 -0.048059
-0.4061 -0.046938
-0.4077 -0.046179
-0.4086 -0.045714
-0.4090 -0.045487
-0.4090 -0.043901
-0.4082 -0.040789
-0.4066 -0.038499
-0.4043 -0.034032
-0.4010 -0.029404
-0.3969 -0.025570
-0.3922 -0.022322
-0.3871 -0.019524
-0.3817 -0.017091
-0.3760 -0.014960
-0.3701 -0.013087
-0.3640 -0.011440
-0.3578 -0.009990
-0.3515 -0.008714
-0.3450 -0.007595
-0.3384 -0.006613
-0.3316 -0.005755
-0.3246 -0.005005
-0.3174 -0.004352
-0.3099 -0.003783
-0.3021 -0.003290
-0.2939 -0.002862
-0.2851 -0.002491
-0.2758 -0.002171
-0.2658 -0.001894
-0.2550 -0.001655
-0.2431 -0.001449
-0.2300 -0.001271
-0.2154 -0.001119
-0.1988 -0.000989
-0.1794 -0.000879
-0.1560 -0.000788
-0.1264 -0.000715
-0.0859 -0.000661
-0.0250 -0.000633
0.0679 -0.000632
0.1732 -0.000626
0.2518 -0.000584
0.2953 -0.000516
0.3110 -0.000440
0.3082 -0.000366
0.2943 -0.000301
0.2747 -0.000245
0.2525 -0.000199
0.2297 -0.000161
0.2073 -0.000130
0.1857 -0.000105
0.1648 -0.000085
0.1444 -0.000069
0.1242 -0.000056
0.1036 -0.000045
0.0817 -0.000036
0.0574 -0.000029
0.0284 -0.000023
-0.0093 -0.000018
-0.0613 -0.000013
-0.1310 -0.000009
-0.2084 -0.000006
-0.2784 -0.000004
-0.3344 -0.000002
-0.3770 -0.000002
-0.4084 -0.000001
-0.4311 -0.000001
-0.4470 -0.000000
-0.4578 -0.000000
-0.4646 -0.000000
-0.4682 -0.000000
-0.4695 -0.000000
-0.4688 -0.000000
-0.4665 -0.000000
-0.4630 -0.000000
-0.4583 -0.000000
-0.4527 -0.000000
-0.4463 -0.000000
-0.4391 -0.000000
-0.4311 -0.000000
-0.4225 -0.000000
-0.4131 -0.000000
-0.4031 -0.000000
-0.3924 -0.000000
-0.3811 -0.000000
-0.3690 -0.000000
-0.3563 -0.000000
-0.3428 -0.000000
-0.3285 -0.000000
-0.3135 -0.000000
-0.3005 -0.049865
-0.2941 -0.051460
-0.2884 -0.052889
-0.2920 -0.104030
-0.3024 -0.098874
-0.3153 -0.092410
-0.3296 -0.085249
-0.3440 -0.078087
-0.3572 -0.071453
-0.3688 -0.065645
-0.3786 -0.060763
-0.3865 -0.056785
-0.3928 -0.053625
-0.3977 -0.051174
-0.4014 -0.049320
-0.4041 -0.047963
-0.4060 -0.047012
-0.4072 -0.046392
-0.4079 -0.046040
-0.4082 -0.045906
-0.4079 -0.043023
-0.4067 -0.040239
-0.4048 -0.037515
-0.4020 -0.032247
-0.3983 -0.027953
-0.3939 -0.024356
-0.3890 -0.021284
-0.3837 -0.018625
-0.3781 -0.016304
-0.3722 -0.014268
-0.3662 -0.012478
-0.3600 -0.010902
-0.3537 -0.009515
-0.3473 -0.008297
-0.3407 -0.007228
-0.3339 -0.006291
-0.3270 -0.005473
-0.3199 -0.004759
-0.3125 -0.004137
-0.3048 -0.003596
-0.2968 -0.003127
-0.2883 -0.002721
-0.2793 -0.002369
-0.2696 -0.002065
-0.2591 -0.001803
-0.2478 -0.001577
-0.2353 -0.001382
-0.2214 -0.001215
-0.2058 -0.001071
-0.1877 -0.000950
-0.1663 -0.000847
-0.1398 -0.000764
-0.1047 -0.000700
-0.0540 -0.000659
0.0251 -0.000648
0.1311 -0.000650
0.2242 -0.000624
0.2820 -0.000563
0.3082 -0.000486
0.3120 -0.000408
0.3018 -0.000336
0.2839 -0.000275
0.2624 -0.000223
0.2396 -0.000181
0.2170 -0.000146
0.1949 -0.000118
0.1737 -0.000096
0.1532 -0.000078
0.1330 -0.000063
0.1126 -0.000051
0.0915 -0.000041
0.0685 -0.000033
0.0419 -0.000026
0.0088 -0.000021
-0.0360 -0.000016
-0.0979 -0.000011
-0.1738 -0.000008
-0.2484 -0.000005
-0.3108 -0.000003
-0.3590 -0.000002
-0.3951 -0.000001
-0.4213 -0.000001
-0.4400 -0.000000
-0.4528 -0.000000
-0.4612 -0.000000
-0.4661 -0.000000
-0.4684 -0.000000
-0.4685 -0.000000
-0.4668 -0.000000
-0.4638 -0.000000
-0.4596 -0.000000
-0.4543 -0.000000
-0.4482 -0.000000
-0.4413 -0.000000
-0.4337 -0.000000
-0.4253 -0.000000
-0.4162 -0.000000
-0.4065 -0.000000
-0.3961 -0.000000
-0.3850 -0.000000
-0.3732 -0.000000
-0.3607 -0.000000
-0.3475 -0.000000
-0.3335 -0.000000
-0.3188 -0.000000
-0.3033 -0.000000
-0.2966 -0.050836
-0.2903 -0.052400
-0.2902 -0.104928
-0.2993 -0.100406
-0.3113 -0.094431
-0.3251 -0.087512
-0.3394 -0.080359
-0.3530 -0.073579
-0.3650 -0.067546
-0.3753 -0.062417
-0.3837 -0.058202
-0.3904 -0.054831
-0.3956 -0.052198
-0.3996 -0.050194
-0.4026 -0.048712
-0.4047 -0.047660
-0.4061 -0.046959
-0.4069 -0.046543
-0.4073 -0.046357
-0.4072 -0.044609
-0.4062 -0.041498
-0.4046 -0.039206
-0.4021 -0.034043
-0.3986 -0.029449
-0.3943 -0.025628
-0.3895 -0.022381
-0.3842 -0.019580
-0.3786 -0.017140
-0.3728 -0.015002
-0.3668 -0.013122
-0.3606 -0.011468
-0.3542 -0.010012
-0.3478 -0.008732
-0.3412 -0.007609
-0.3344 -0.006624
-0.3275 -0.005763
-0.3204 -0.005011
-0.3131 -0.004357
-0.3054 -0.003787
-0.2974 -0.003293
-0.2890 -0.002864
-0.2800 -0.002493
-0.2705 -0.002173
-0.2602 -0.001896
-0.2490 -0.001657
-0.2368 -0.001451
-0.2232 -0.001275
-0.2078 -0.001123
-0.1902 -0.000995
-0.1695 -0.000886
-0.1439 -0.000797
-0.1105 -0.000728
-0.0629 -0.000682
0.0114 -0.000666
0.1155 -0.000670
0.2130 -0.000648
0.2762 -0.000590
0.3065 -0.000512
0.3130 -0.000431
0.3044 -0.000356
0.2873 -0.000291
0.2660 -0.000237
0.2433 -0.000192
0.2206 -0.000155
0.1984 -0.000126
0.1771 -0.000102
0.1565 -0.000082
0.1363 -0.000067
0.1160 -0.000054
0.0952 -0.000044
0.0726 -0.000035
0.0469 -0.000028
0.0153 -0.000022
-0.0269 -0.000017
-0.0855 -0.000012
-0.1597 -0.000008
-0.2355 -0.000005
-0.3003 -0.000003
-0.3509 -0.000002
-0.3889 -0.000001
-0.4166 -0.000001
-0.4365 -0.000001
-0.4502 -0.000000
-0.4593 -0.000000
-0.4647 -0.000000
-0.4673 -0.000000
-0.4677 -0.000000
-0.4664 -0.000000
-0.4635 -0.000000
-0.4595 -0.000000
-0.4544 -0.000000
-0.4484 -0.000000
-0.4416 -0.000000
-0.4340 -0.000000
-0.4258 -0.000000
-0.4168 -0.000000
-0.4072 -0.000000
-0.3969 -0.000000
-0.3859 -0.000000
-0.3742 -0.000000
-0.3618 -0.000000
-0.3487 -0.000000
-0.3348 -0.000000
-0.3202 -0.000000
-0.3048 -0.000000
-0.2976 -0.050572
-0.2913 -0.052162
-0.2907 -0.104673
-0.2994 -0.100344
-0.3110 -0.094549
-0.3246 -0.087762
-0.3388 -0.080692
-0.3522 -0.073958
-0.3642 -0.067948
-0.3744 -0.062828
-0.3828 -0.058616
-0.3896 -0.055245
-0.3948 -0.052613
-0.3988 -0.050608
-0.4018 -0.049126
-0.4039 -0.048075
-0.4053 -0.047375
-0.4061 -0.046961
-0.4064 -0.046777
-0.4064 -0.045336
-0.4055 -0.042124
-0.4038 -0.039757
-0.4013 -0.034655
-0.3978 -0.029969
-0.3936 -0.026075
-0.3887 -0.022769
-0.3834 -0.019918
-0.3778 -0.017436
-0.3719 -0.015261
-0.3659 -0.013349
-0.3596 -0.011667
-0.3532 -0.010186
-0.3467 -0.008884
-0.3401 -0.007741
-0.3333 -0.006739
-0.3263 -0.005863
-0.3192 -0.005098
-0.3118 -0.004432
-0.3041 -0.003852
-0.2961 -0.003349
-0.2876 -0.002913
-0.2786 -0.002536
-0.2690 -0.002209
-0.2587 -0.001928
-0.2475 -0.001685
-0.2351 -0.001476
-0.2214 -0.001296
-0.2060 -0.001142
-0.1882 -0.001012
-0.1671 -0.000902
-0.1411 -0.000812
-0.1068 -0.000743
-0.0574 -0.000698
0.0199 -0.000684
0.1255 -0.000688
0.2205 -0.000662
0.2805 -0.000599
0.3083 -0.000519
0.3131 -0.000436
0.3034 -0.000360
0.2858 -0.000294
0.2643 -0.000239
0.2415 -0.000193
0.2188 -0.000157
0.1967 -0.000127
0.1755 -0.000103
0.1550 -0.000083
0.1348 -0.000067
0.1146 -0.000054
0.0937 -0.000044
0.0710 -0.000035
0.0451 -0.000028
0.0130 -0.000022
-0.0299 -0.000017
-0.0895 -0.000012
-0.1641 -0.000008
-0.2393 -0.000005
-0.3032 -0.000003
-0.3530 -0.000002
-0.3902 -0.000001
-0.4174 -0.000001
-0.4368 -0.000001
-0.4502 -0.000000
-0.4590 -0.000000
-0.4642 -0.000000
-0.4666 -0.000000
-0.4669 -0.000000
-0.4654 -0.000000
-0.4624 -0.000000
-0.4583 -0.000000
-0.4531 -0.000000
-0.4471 -0.000000
-0.4402 -0.000000
-0.4325 -0.000000
-0.4242 -0.000000
-0.4152 -0.000000
-0.4054 -0.000000
-0.3951 -0.000000
-0.3840 -0.000000
-0.3722 -0.000000
-0.3597 -0.000000
-0.3465 -0.000000
-0.3326 -0.000000
-0.3179 -0.000000
-0.3035 -0.049104
-0.2971 -0.050714
-0.2908 -0.052277
-0.2932 -0.103431
-0.3023 -0.098902
-0.3142 -0.092957
-0.3278 -0.086149
-0.3418 -0.079190
-0.3548 -0.072658
-0.3663 -0.066892
-0.3760 -0.062021
-0.3840 -0.058040
-0.3903 -0.054873
-0.3952 -0.052414
-0.3989 -0.050556
-0.4016 -0.049196
-0.4035 -0.048245
-0.4048 -0.047627
-0.4054 -0.047280
-0.4057 -0.047151
-0.4055 -0.045066
-0.4044 -0.042011
-0.4026 -0.039498
-0.3998 -0.033928
-0.3961 -0.029386
-0.3917 -0.025593
-0.3867 -0.022360
-0.3812 -0.019565
-0.3755 -0.017127
-0.3696 -0.014989
-0.3634 -0.013109
-0.3571 -0.011455
-0.3506 -0.009998
-0.3440 -0.008718
-0.3373 -0.007595
-0.3304 -0.006611
-0.3234 -0.005751
-0.3161 -0.005000
-0.3086 -0.004346
-0.3008 -0.003778
-0.2926 -0.003285
-0.2840 -0.002858
-0.2748 -0.002488
-0.2649 -0.002168
-0.2543 -0.001893
-0.2427 -0.001655
-0.2300 -0.001451
-0.2157 -0.001276
-0.1995 -0.001126
-0.1807 -0.000999
-0.1581 -0.000893
-0.1296 -0.000808
-0.0909 -0.000745
-0.0329 -0.000710
0.0570 -0.000707
0.1641 -0.000704
0.2471 -0.000662
0.2944 -0.000588
0.3126 -0.000503
0.3112 -0.000419
0.2980 -0.000344
0.2785 -0.000281
0.2563 -0.000228
0.2334 -0.000184
0.2109 -0.000149
0.1891 -0.000121
0.1682 -0.000098
0.1478 -0.000079
0.1278 -0.000064
0.1074 -0.000052
0.0861 -0.000042
0.0626 -0.000033
0.0351 -0.000027
0.0000 -0.000021
-0.0479 -0.000016
-0.1133 -0.000011
-0.1899 -0.000008
-0.2620 -0.000005
-0.3211 -0.000003
-0.3663 -0.000002
-0.3999 -0.000001
-0.4241 -0.000001
-0.4413 -0.000000
-0.4529 -0.000000
-0.4604 -0.000000
-0.4646 -0.000000
-0.4662 -0.000000
-0.4658 -0.000000
-0.4637 -0.000000
-0.4603 -0.000000
-0.4557 -0.000000
-0.4502 -0.000000
-0.4438 -0.000000
-0.4367 -0.000000
-0.4287 -0.000000
-0.4201 -0.000000
-0.4108 -0.000000
-0.4008 -0.000000
-0.3902 -0.000000
-0.3788 -0.000000
-0.3668 -0.000000
-0.3540 -0.000000
-0.3405 -0.000000
-0.3262 -0.000000
-0.3112 -0.000000
-0.3013 -0.049668
-0.2947 -0.051316
-0.2908 -0.104640
-0.2981 -0.100983
-0.3085 -0.095827
-0.3212 -0.089472
-0.3350 -0.082592
-0.3484 -0.075863
-0.3606 -0.069748
-0.3711 -0.064475
-0.3799 -0.060099
-0.3869 -0.056575
-0.3924 -0.053808
-0.3967 -0.051690
-0.3998 -0.050116
-0.4020 -0.048990
-0.4036 -0.048231
-0.4045 -0.047770
-0.4049 -0.047550
-0.4049 -0.047397
-0.4043 -0.043884
-0.4028 -0.041221
-0.4006 -0.036921
-0.3973 -0.031854
-0.3931 -0.027677
-0.3884 -0.024149
-0.3831 -0.021118
-0.3775 -0.018485
-0.3716 -0.016181
-0.3654 -0.014157
-0.3592 -0.012376
-0.3527 -0.010808
-0.3461 -0.009430
-0.3394 -0.008218
-0.3326 -0.007156
-0.3256 -0.006227
-0.3184 -0.005415
-0.3109 -0.004708
-0.3032 -0.004092
-0.2951 -0.003557
-0.2867 -0.003094
-0.2777 -0.002692
-0.2681 -0.002345
-0.2578 -0.002046
-0.2466 -0.001787
-0.2343 -0.001565
-0.2206 -0.001374
-0.2052 -0.001211
-0.1875 -0.001072
-0.1665 -0.000956
-0.1404 -0.000860
-0.1061 -0.000787
-0.0565 -0.000740
0.0213 -0.000726
0.1272 -0.000729
0.2221 -0.000702
0.2818 -0.000635
0.3093 -0.000549
0.3138 -0.000461
0.3039 -0.000380
0.2862 -0.000311
0.2646 -0.000252
0.2418 -0.000204
0.2191 -0.000166
0.1970 -0.000134
0.1758 -0.000109
0.1553 -0.000088
0.1352 -0.000071
0.1151 -0.000058
0.0943 -0.000046
0.0718 -0.000037
0.0462 -0.000030
0.0146 -0.000023
-0.0276 -0.000018
-0.0861 -0.000013
-0.1600 -0.000009
-0.2353 -0.000006
-0.2997 -0.000004
-0.3500 -0.000002
-0.3877 -0.000001
-0.4152 -0.000001
-0.4348 -0.000001
-0.4484 -0.000000
-0.4573 -0.000000
-0.4626 -0.000000
-0.4651 -0.000000
-0.4654 -0.000000
-0.4639 -0.000000
-0.4609 -0.000000
-0.4568 -0.000000
-0.4516 -0.000000
-0.4455 -0.000000
-0.4386 -0.000000
-0.4309 -0.000000
-0.4225 -0.000000
-0.4134 -0.000000
-0.4037 -0.000000
-0.3933 -0.000000
-0.3821 -0.000000
-0.3703 -0.000000
-0.3578 -0.000000
-0.3445 -0.000000
-0.3305 -0.000000
-0.3157 -0.000000
-0.3037 -0.049071
-0.2971 -0.050720
-0.2911 -0.078350
-0.2969 -0.101599
-0.3063 -0.096913
-0.3183 -0.090894
-0.3318 -0.084162
-0.3453 -0.077421
-0.3577 -0.071195
-0.3686 -0.065766
-0.3776 -0.061224
-0.3850 -0.057542
-0.3908 -0.054637
-0.3952 -0.052402
-0.3986 -0.050730
-0.4010 -0.049525
-0.4026 -0.048702
-0.4036 -0.048189
-0.4041 -0.047929
-0.4043 -0.047871
-0.4038 -0.045137
-0.4025 -0.042224
-0.4005 -0.038739
-0.3974 -0.033346
-0.3934 -0.028932
-0.3888 -0.025223
-0.3836 -0.022049
-0.3780 -0.019297
-0.3721 -0.016893
-0.3660 -0.014783
-0.3597 -0.012926
-0.3532 -0.011292
-0.3466 -0.009854
-0.3399 -0.008590
-0.3330 -0.007482
-0.3260 -0.006511
-0.3188 -0.005663
-0.3114 -0.004923
-0.3037 -0.004279
-0.2956 -0.003720
-0.2872 -0.003235
-0.2783 -0.002815
-0.2688 -0.002451
-0.2586 -0.002138
-0.2475 -0.001867
-0.2354 -0.001634
-0.2219 -0.001434
-0.2067 -0.001263
-0.1893 -0.001117
-0.1688 -0.000995
-0.1434 -0.000894
-0.1103 -0.000816
-0.0629 -0.000764
0.0111 -0.000746
0.1154 -0.000750
0.2135 -0.000727
0.2772 -0.000661
0.3078 -0.000574
0.3144 -0.000484
0.3058 -0.000400
0.2886 -0.000327
0.2673 -0.000266
0.2446 -0.000215
0.2218 -0.000174
0.1997 -0.000141
0.1784 -0.000114
0.1578 -0.000092
0.1377 -0.000075
0.1177 -0.000061
0.0971 -0.000049
0.0749 -0.000039
0.0499 -0.000031
0.0194 -0.000025
-0.0209 -0.000019
-0.0768 -0.000014
-0.1490 -0.000010
-0.2250 -0.000006
-0.2912 -0.000004
-0.3434 -0.000003
-0.3826 -0.000002
-0.4114 -0.000001
-0.4319 -0.000001
-0.4462 -0.000000
-0.4557 -0.000000
-0.4614 -0.000000
-0.4642 -0.000000
-0.4647 -0.000000
-0.4634 -0.000000
-0.4606 -0.000000
-0.4566 -0.000000
-0.4515 -0.000000
-0.4455 -0.000000
-0.4387 -0.000000
-0.4311 -0.000000
-0.4228 -0.000000
-0.4138 -0.000000
-0.4041 -0.000000
-0.3937 -0.000000
-0.3826 -0.000000
-0.3709 -0.000000
-0.3584 -0.000000
-0.3452 -0.000000
-0.3313 -0.000000
-0.3165 -0.000000
-0.3045 -0.048867
-0.2979 -0.050519
-0.2919 -0.078037
-0.2977 -0.101197
-0.3069 -0.096615
-0.3187 -0.090695
-0.3320 -0.084051
-0.3454 -0.077386
-0.3577 -0.071226
-0.3684 -0.065853
-0.3774 -0.061359
-0.3846 -0.057719
-0.3904 -0.054848
-0.3948 -0.052642
-0.3980 -0.050995
-0.4004 -0.049810
-0.4020 -0.049005
-0.4030 -0.048507
-0.4035 -0.048259
-0.4036 -0.048212
-0.4031 -0.045593
-0.4018 -0.042636
-0.3998 -0.039108
-0.3967 -0.033664
-0.3927 -0.029208
-0.3880 -0.025464
-0.3827 -0.022260
-0.3771 -0.019482
-0.3712 -0.017055
-0.3650 -0.014925
-0.3587 -0.013050
-0.3522 -0.011400
-0.3455 -0.009948
-0.3388 -0.008673
-0.3318 -0.007553
-0.3248 -0.006573
-0.3175 -0.005717
-0.3100 -0.004970
-0.3023 -0.004320
-0.2942 -0.003756
-0.2857 -0.003266
-0.2767 -0.002842
-0.2671 -0.002475
-0.2568 -0.002158
-0.2457 -0.001885
-0.2334 -0.001650
-0.2198 -0.001449
-0.2044 -0.001276
-0.1867 -0.001130
-0.1656 -0.001007
-0.1396 -0.000906
-0.1051 -0.000829
-0.0552 -0.000780
0.0232 -0.000765
0.1295 -0.000769
0.2239 -0.000739
0.2831 -0.000668
0.3101 -0.000577
0.3143 -0.000485
0.3042 -0.000400
0.2863 -0.000327
0.2647 -0.000265
0.2419 -0.000215
0.2191 -0.000174
0.1971 -0.000141
0.1760 -0.000114
0.1555 -0.000092
0.1355 -0.000075
0.1154 -0.000060
0.0947 -0.000049
0.0724 -0.000039
0.0470 -0.000031
0.0158 -0.000025
-0.0257 -0.000019
-0.0834 -0.000014
-0.1566 -0.000010
-0.2320 -0.000006
-0.2967 -0.000004
-0.3475 -0.000002
-0.3855 -0.000002
-0.4133 -0.000001
-0.4331 -0.000001
-0.4468 -0.000000
-0.4558 -0.000000
-0.4611 -0.000000
-0.4637 -0.000000
-0.4640 -0.000000
-0.4625 -0.000000
-0.4595 -0.000000
-0.4554 -0.000000
-0.4501 -0.000000
-0.4440 -0.000000
-0.4371 -0.000000
-0.4294 -0.000000
-0.4210 -0.000000
-0.4119 -0.000000
-0.4021 -0.000000
-0.3916 -0.000000
-0.3804 -0.000000
-0.3685 -0.000000
-0.3560 -0.000000
-0.3426 -0.000000
-0.3286 -0.000000
-0.3137 -0.000000
-0.3037 -0.049065
-0.2970 -0.050737
-0.2936 -0.103248
-0.3003 -0.099902
-0.3100 -0.095064
-0.3221 -0.088996
-0.3354 -0.082364
-0.3484 -0.075849
-0.3603 -0.069916
-0.3705 -0.064800
-0.3790 -0.060557
-0.3858 -0.057146
-0.3911 -0.054474
-0.3952 -0.052436
-0.3982 -0.050929
-0.4003 -0.049861
-0.4017 -0.049150
-0.4025 -0.048731
-0.4029 -0.048546
-0.4029 -0.048552
-0.4023 -0.045210
-0.4008 -0.042424
-0.3985 -0.038023
-0.3951 -0.032803
-0.3909 -0.028501
-0.3860 -0.024869
-0.3806 -0.021748
-0.3749 -0.019037
-0.3688 -0.016665
-0.3626 -0.014581
-0.3562 -0.012747
-0.3496 -0.011133
-0.3429 -0.009713
-0.3360 -0.008465
-0.3290 -0.007371
-0.3219 -0.006414
-0.3145 -0.005578
-0.3069 -0.004849
-0.2990 -0.004215
-0.2908 -0.003664
-0.2821 -0.003187
-0.2729 -0.002774
-0.2631 -0.002417
-0.2525 -0.002108
-0.2410 -0.001843
-0.2283 -0.001614
-0.2141 -0.001419
-0.1980 -0.001251
-0.1792 -0.001110
-0.1566 -0.000992
-0.1280 -0.000897
-0.0890 -0.000828
-0.0304 -0.000790
0.0607 -0.000787
0.1679 -0.000783
0.2502 -0.000735
0.2966 -0.000652
0.3141 -0.000557
0.3122 -0.000464
0.2986 -0.000381
0.2789 -0.000310
0.2566 -0.000252
0.2337 -0.000204
0.2112 -0.000165
0.1895 -0.000134
0.1686 -0.000108
0.1484 -0.000088
0.1285 -0.000071
0.1083 -0.000057
0.0872 -0.000046
0.0641 -0.000037
0.0371 -0.000030
0.0030 -0.000023
-0.0433 -0.000018
-0.1069 -0.000013
-0.1827 -0.000008
-0.2553 -0.000005
-0.3152 -0.000003
-0.3613 -0.000002
-0.3955 -0.000001
-0.4203 -0.000001
-0.4378 -0.000001
-0.4498 -0.000000
-0.4574 -0.000000
-0.4617 -0.000000
-0.4634 -0.000000
-0.4630 -0.000000
-0.4609 -0.000000
-0.4575 -0.000000
-0.4529 -0.000000
-0.4474 -0.000000
-0.4409 -0.000000
-0.4337 -0.000000
-0.4257 -0.000000
-0.4170 -0.000000
-0.4076 -0.000000
-0.3976 -0.000000
-0.3868 -0.000000
-0.3754 -0.000000
-0.3632 -0.000000
-0.3504 -0.000000
-0.3368 -0.000000
-0.3224 -0.000000
-0.3078 -0.024013
-0.3013 -0.049666
-0.2947 -0.051318
-0.2972 -0.101439
-0.3051 -0.097506
-0.3159 -0.092116
-0.3286 -0.085774
-0.3417 -0.079195
-0.3542 -0.072972
-0.3652 -0.067461
-0.3745 -0.062803
-0.3821 -0.059000
-0.3881 -0.055982
-0.3927 -0.053651
-0.3962 -0.051899
-0.3988 -0.050630
-0.4005 -0.049756
-0.4016 -0.049205
-0.4022 -0.048915
-0.4023 -0.048835
-0.4021 -0.047477
-0.4010 -0.044165
-0.3992 -0.041494
-0.3964 -0.035708
-0.3925 -0.030923
-0.3879 -0.026930
-0.3828 -0.023528
-0.3772 -0.020588
-0.3712 -0.018024
-0.3650 -0.015776
-0.3587 -0.013798
-0.3521 -0.012057
-0.3454 -0.010525
-0.3386 -0.009178
-0.3316 -0.007996
-0.3245 -0.006960
