-0.1447 0.099572
-0.2115 0.120474
-0.2727 0.128542
-0.3247 0.126641
-0.3679 0.118680
-0.4035 0.107669
-0.4330 0.095545
-0.4574 0.083452
-0.4774 0.072022
-0.4935 0.061572
-0.5063 0.052229
-0.5159 0.044008
-0.5226 0.036860
-0.5265 0.030705
-0.5277 0.025446
-0.5263 0.020982
-0.5222 0.017215
-0.5156 0.014055
-0.5065 0.011417
-0.4951 0.009226
-0.4814 0.007418
-0.4657 0.005934
-0.4484 0.004724
-0.4298 0.003744
-0.4103 0.002955
-0.3902 0.002324
-0.3698 0.001821
-0.3492 0.001422
-0.3285 0.001106
-0.3076 0.000856
-0.2864 0.000659
-0.2647 0.000504
-0.2419 0.000381
-0.2174 0.000283
-0.1902 0.000205
-0.1585 0.000141
-0.1177 0.047386
-0.0514 0.041770
0.0439 -0.034329
0.1377 -0.164414
0.1868 -0.223782
0.1962 -0.235467
0.1822 -0.218832
0.1575 -0.189335
0.1292 -0.155410
0.1000 -0.120296
0.0699 -0.084192
0.0354 -0.055198
-0.0028 0.003414
-0.0473 0.061257
-0.1007 0.115343
-0.1595 0.162428
-0.2154 0.196487
-0.2628 0.216531
-0.3007 0.225806
-0.3305 0.228105
-0.3536 0.226299
-0.3713 0.222257
-0.3848 0.217107
-0.3948 0.211498
-0.4018 0.199834
-0.4098 0.168483
-0.4190 0.142454
-0.4285 0.120438
-0.4373 0.101630
-0.4449 0.085492
-0.4508 0.071635
-0.4548 0.059758
-0.4567 0.049610
-0.4562 0.040975
-0.4533 0.033667
-0.4481 0.027515
-0.4406 0.022371
-0.4310 0.018096
-0.4196 0.014568
-0.4067 0.011673
-0.3924 0.009312
-0.3769 0.007396
-0.3604 0.005849
-0.3431 0.004603
-0.3248 0.003603
-0.3056 0.002803
-0.2854 0.002164
-0.2638 0.001655
-0.2406 0.001248
-0.2151 0.000923
-0.1861 0.000660
-0.1514 0.000445
-0.1066 0.000259
-0.0317 0.026182
0.0706 -0.083587
0.1588 -0.189918
0.2001 -0.240021
0.2022 -0.242903
0.1827 -0.219660
0.1544 -0.185662
0.1235 -0.148639
0.0922 -0.111046
0.0599 -0.072354
0.0249 -0.029029
-0.0161 0.015797
-0.0687 0.056776
-0.1351 0.092630
-0.2069 0.117559
-0.2731 0.128403
-0.3290 0.128011
-0.3752 0.120749
-0.4133 0.109997
-0.4448 0.097907
-0.4711 0.085740
-0.4929 0.074190
-0.5111 0.063603
-0.5260 0.054122
-0.5379 0.045766
-0.5471 0.038490
-0.5538 0.032213
-0.5580 0.026838
-0.5598 0.022264
-0.5593 0.018392
-0.5564 0.015130
-0.5513 0.012394
-0.5439 0.010111
-0.5343 0.008213
-0.5227 0.006643
-0.5091 0.005349
-0.4937 0.004289
-0.4767 0.003425
-0.4582 0.002722
-0.4385 0.002154
-0.4177 0.001696
-0.3958 0.001329
-0.3730 0.001036
-0.3492 0.000802
-0.3244 0.000616
-0.2984 0.000468
-0.2710 0.000352
-0.2416 0.000259
-0.2092 0.000186
-0.1719 0.000126
-0.1257 0.000077
-0.0611 0.000031
0.0423 -0.032922
0.1534 -0.182981
0.2201 -0.263689
0.2240 -0.358687
0.2008 -0.321700
0.1673 -0.268297
0.1322 -0.212055
0.0981 -0.157488
0.0648 -0.104188
0.0306 -0.049448
-0.0070 0.009987
-0.0508 0.068757
-0.1033 0.123239
-0.1610 0.170154
-0.2170 0.190469
-0.2675 0.194315
-0.3114 0.187134
-0.3493 0.173602
-0.3822 0.157057
-0.4108 0.139600
-0.4358 0.122473
-0.4577 0.106364
-0.4768 0.091618
-0.4933 0.078373
-0.5073 0.066643
-0.5189 0.056364
-0.5282 0.047437
-0.5351 0.039739
-0.5398 0.033142
-0.5421 0.027521
-0.5421 0.022755
-0.5397 0.018734
-0.5351 0.015356
-0.5281 0.012532
-0.5189 0.010181
-0.5075 0.008233
-0.4940 0.006627
-0.4785 0.005308
-0.4612 0.004230
-0.4422 0.003353
-0.4215 0.002643
-0.3993 0.002070
-0.3756 0.001610
-0.3506 0.001243
-0.3241 0.000950
-0.2961 0.000718
-0.2662 0.000534
-0.2337 0.000387
-0.1974 0.000271
-0.1544 0.000175
-0.0985 0.000093
-0.0137 0.005926
0.1053 -0.125012
0.2005 -0.239741
0.2319 -0.370899
0.2218 -0.355232
0.1919 -0.307649
0.1559 -0.250004
0.1199 -0.192409
0.0853 -0.137089
0.0511 -0.082383
0.0152 -0.024854
-0.0252 0.037060
-0.0733 0.094950
-0.1298 0.140748
-0.1899 0.170492
-0.2464 0.183020
-0.2958 0.181782
-0.3381 0.171879
-0.3744 0.157413
-0.4058 0.141082
-0.4331 0.124514
-0.4570 0.108633
-0.4779 0.093928
-0.4960 0.080620
-0.5117 0.068770
-0.5251 0.058347
-0.5362 0.049266
-0.5451 0.041415
-0.5520 0.034671
-0.5566 0.028911
-0.5592 0.024016
-0.5597 0.019874
-0.5580 0.016384
-0.5543 0.013455
-0.5483 0.011006
-0.5402 0.008966
-0.5300 0.007273
-0.5176 0.005873
-0.5031 0.004720
-0.4865 0.003774
-0.4679 0.003001
-0.4473 0.002372
-0.4248 0.001863
-0.4006 0.001453
-0.3745 0.001123
-0.3468 0.000860
-0.3172 0.000650
-0.2856 0.000484
-0.2515 0.000353
-0.2139 0.000248
-0.1702 0.000163
-0.1153 0.000092
-0.0348 0.014342
0.0858 -0.135324
0.1827 -0.291229
0.2272 -0.363182
0.2264 -0.362570
0.2005 -0.321341
0.1656 -0.265487
0.1297 -0.208132
0.0953 -0.153084
0.0618 -0.099454
0.0273 -0.044252
-0.0107 0.015853
-0.0554 0.071422
-0.1100 0.117790
-0.1714 0.151961
-0.2313 0.169753
-0.2845 0.172757
-0.3300 0.165774
-0.3688 0.153215
-0.4020 0.138123
-0.4308 0.122373
-0.4557 0.107049
-0.4774 0.092734
-0.4963 0.079709
-0.5126 0.068073
-0.5265 0.057814
-0.5382 0.048863
-0.5477 0.041116
-0.5551 0.034457
-0.5604 0.028765
-0.5637 0.023924
-0.5650 0.019825
-0.5642 0.016369
-0.5613 0.013464
-0.5562 0.011033
-0.5490 0.009005
-0.5397 0.007319
-0.5281 0.005922
-0.5144 0.004769
-0.4984 0.003821
-0.4803 0.003045
-0.4601 0.002412
-0.4379 0.001898
-0.4136 0.001482
-0.3875 0.001148
-0.3595 0.000881
-0.3295 0.000668
-0.2975 0.000498
-0.2630 0.000364
-0.2251 0.000258
-0.1818 0.000172
-0.1286 0.000101
-0.0534 0.021768
0.0653 -0.076891
0.1704 -0.271285
0.2218 -0.354535
0.2254 -0.360878
0.2019 -0.323574
0.1683 -0.269880
0.1333 -0.213852
0.0996 -0.159912
0.0669 -0.107581
0.0335 -0.054200
-0.0028 0.003686
-0.0452 0.059056
-0.0975 0.105783
-0.1580 0.142102
-0.2191 0.163089
-0.2742 0.168907
-0.3216 0.163882
-0.3619 0.152551
-0.3964 0.138185
-0.4262 0.122842
-0.4520 0.107728
-0.4744 0.093503
-0.4940 0.080498
-0.5109 0.068840
-0.5254 0.058537
-0.5376 0.049531
-0.5478 0.041724
-0.5558 0.035005
-0.5618 0.029256
-0.5657 0.024361
-0.5677 0.020212
-0.5676 0.016709
-0.5654 0.013763
-0.5612 0.011294
-0.5548 0.009232
-0.5462 0.007515
-0.5354 0.006091
-0.5224 0.004914
-0.5072 0.003945
-0.4897 0.003150
-0.4701 0.002500
-0.4484 0.001972
-0.4245 0.001544
-0.3987 0.001199
-0.3710 0.000922
-0.3412 0.000701
-0.3094 0.000526
-0.2753 0.000387
-0.2380 0.000277
-0.1961 0.000189
-0.1458 0.000116
-0.0777 0.031477
0.0335 -0.025801
0.1486 -0.236357
0.2099 -0.335330
0.2209 -0.353483
0.2021 -0.323787
0.1712 -0.274505
0.1378 -0.221038
0.1052 -0.168904
0.0737 -0.118375
0.0418 -0.067342
0.0075 -0.012067
-0.0317 0.043040
-0.0799 0.090374
-0.1380 0.129264
-0.1994 0.154701
-0.2566 0.164779
-0.3064 0.162778
-0.3489 0.153286
-0.3851 0.139922
-0.4162 0.125046
-0.4430 0.110076
-0.4663 0.095810
-0.4866 0.082660
-0.5041 0.070808
-0.5191 0.060292
-0.5318 0.051072
-0.5423 0.043064
-0.5507 0.036159
-0.5570 0.030242
-0.5614 0.025199
-0.5636 0.020921
-0.5639 0.017306
-0.5621 0.014264
-0.5582 0.011713
-0.5523 0.009581
-0.5441 0.007805
-0.5338 0.006331
-0.5213 0.005112
-0.5066 0.004108
-0.4897 0.003283
-0.4706 0.002609
-0.4494 0.002060
-0.4261 0.001615
-0.4008 0.001256
-0.3735 0.000968
-0.3443 0.000738
-0.3130 0.000555
-0.2793 0.000409
-0.2426 0.000294
-0.2015 0.000202
-0.1526 0.000127
-0.0879 0.035563
0.0188 -0.014031
0.1364 -0.216764
0.2018 -0.322289
0.2166 -0.346689
0.2008 -0.321650
0.1718 -0.275334
0.1395 -0.223648
0.1076 -0.172695
0.0767 -0.123186
0.0455 -0.073337
0.0123 -0.019413
-0.0254 0.035236
-0.0715 0.083097
-0.1277 0.122996
-0.1887 0.150522
-0.2467 0.162836
-0.2976 0.162502
-0.3410 0.154036
-0.3781 0.141219
-0.4098 0.126583
-0.4371 0.111665
-0.4609 0.097343
-0.4814 0.084081
-0.4992 0.072089
-0.5144 0.061425
-0.5273 0.052060
-0.5379 0.043914
-0.5464 0.036885
-0.5528 0.030857
-0.5572 0.025716
-0.5596 0.021353
-0.5599 0.017665
-0.5582 0.014561
-0.5543 0.011957
-0.5484 0.009781
-0.5403 0.007968
-0.5301 0.006464
-0.5177 0.005219
-0.5031 0.004194
-0.4863 0.003352
-0.4673 0.002664
-0.4463 0.002103
-0.4232 0.001649
-0.3980 0.001283
-0.3709 0.000988
-0.3418 0.000753
-0.3107 0.000566
-0.2771 0.000418
-0.2405 0.000300
-0.1994 0.000206
-0.1504 0.000128
-0.0847 0.068526
0.0237 -0.017987
0.1400 -0.222613
0.2022 -0.322906
0.2150 -0.344017
0.1984 -0.317849
0.1695 -0.271634
0.1375 -0.220481
0.1060 -0.170086
0.0753 -0.121027
0.0444 -0.071504
0.0113 -0.017802
-0.0263 0.036310
-0.0723 0.083923
-0.1283 0.123413
-0.1890 0.150557
-0.2466 0.162603
-0.2972 0.162123
-0.3404 0.153596
-0.3772 0.140767
-0.4088 0.126144
-0.4360 0.111252
-0.4595 0.096963
-0.4799 0.083735
-0.4975 0.071776
-0.5126 0.061145
-0.5253 0.051809
-0.5357 0.043692
-0.5440 0.036687
-0.5503 0.030682
-0.5544 0.025561
-0.5566 0.021217
-0.5567 0.017545
-0.5547 0.014456
-0.5506 0.011865
-0.5444 0.009700
-0.5361 0.007898
-0.5256 0.006403
-0.5130 0.005167
-0.4981 0.004148
-0.4811 0.003313
-0.4619 0.002630
-0.4406 0.002075
-0.4173 0.001625
-0.3920 0.001262
-0.3647 0.000971
-0.3354 0.000738
-0.3040 0.000553
-0.2701 0.000407
-0.2329 0.000290
-0.1907 0.000196
-0.1396 0.000119
-0.0663 0.053853
0.0477 -0.037182
0.1560 -0.248280
0.2066 -0.330142
0.2119 -0.339212
0.1921 -0.307784
0.1624 -0.260395
0.1308 -0.209736
0.0998 -0.160147
0.0695 -0.111618
0.0385 -0.062117
0.0051 -0.008218
-0.0334 0.044939
-0.0808 0.090891
-0.1377 0.128424
-0.1982 0.152953
-0.2546 0.162622
-0.3038 0.160538
-0.3457 0.151127
-0.3815 0.137913
-0.4122 0.123213
-0.4386 0.108420
-0.4614 0.094324
-0.4812 0.081333
-0.4982 0.069626
-0.5126 0.059242
-0.5248 0.050141
-0.5346 0.042239
-0.5424 0.035430
-0.5480 0.029598
-0.5515 0.024631
-0.5530 0.020421
-0.5524 0.016867
-0.5497 0.013879
-0.5449 0.011375
-0.5380 0.009286
-0.5289 0.007549
-0.5177 0.006109
-0.5042 0.004920
-0.4886 0.003942
-0.4708 0.003141
-0.4509 0.002487
-0.4289 0.001956
-0.4048 0.001527
-0.3788 0.001181
-0.3508 0.000905
-0.3208 0.000684
-0.2884 0.000509
-0.2534 0.000370
-0.2144 0.000259
-0.1691 0.000169
-0.1116 0.000092
-0.0185 0.015734
0.1034 -0.122707
0.1844 -0.294225
0.2112 -0.337905
0.2028 -0.324734
0.1775 -0.284390
0.1468 -0.235325
0.1157 -0.185640
0.0855 -0.137252
0.0554 -0.089086
0.0239 -0.037881
-0.0111 0.015333
-0.0528 0.065917
-0.1043 0.108128
-0.1635 0.140342
-0.2226 0.158185
-0.2759 0.162208
-0.3217 0.156475
-0.3608 0.145113
-0.3941 0.131088
-0.4227 0.116271
-0.4473 0.101759
-0.4687 0.088151
-0.4870 0.075744
-0.5027 0.064647
-0.5159 0.054859
-0.5268 0.046318
-0.5355 0.038929
-0.5420 0.032581
-0.5465 0.027159
-0.5488 0.022552
-0.5490 0.018655
-0.5472 0.015373
-0.5432 0.012618
-0.5371 0.010316
-0.5288 0.008398
-0.5183 0.006806
-0.5056 0.005490
-0.4908 0.004406
-0.4737 0.003517
-0.4545 0.002790
-0.4333 0.002199
-0.4099 0.001720
-0.3846 0.001335
-0.3573 0.001025
-0.3279 0.000778
-0.2964 0.000582
-0.2622 0.000426
-0.2246 0.000301
-0.1814 0.000201
-0.1281 0.000118
-0.0455 0.037237
0.0721 -0.056716
0.1681 -0.267915
0.2061 -0.329513
0.2045 -0.327487
0.1826 -0.292536
0.1531 -0.245513
0.1225 -0.196457
0.0925 -0.148425
0.0628 -0.100943
0.0321 -0.051396
-0.0013 0.001391
-0.0405 0.052863
-0.0889 0.096977
-0.1463 0.132157
-0.2059 0.153998
-0.2609 0.161475
-0.3086 0.158024
-0.3493 0.147927
-0.3840 0.134472
-0.4137 0.119798
-0.4392 0.105179
-0.4612 0.091332
-0.4802 0.078621
-0.4963 0.067198
-0.5100 0.057089
-0.5212 0.048246
-0.5302 0.040579
-0.5370 0.033982
-0.5416 0.028340
-0.5441 0.023541
-0.5445 0.019479
-0.5428 0.016054
-0.5389 0.013179
-0.5328 0.010775
-0.5246 0.008771
-0.5141 0.007108
-0.5015 0.005733
-0.4867 0.004600
-0.4697 0.003671
-0.4505 0.002911
-0.4292 0.002294
-0.4059 0.001794
-0.3806 0.001391
-0.3533 0.001067
-0.3239 0.000809
-0.2923 0.000604
-0.2581 0.000441
-0.2202 0.000311
-0.1764 0.000206
-0.1220 0.000118
-0.0346 0.028570
0.0836 -0.098944
0.1733 -0.276370
0.2057 -0.329016
0.2013 -0.322285
0.1784 -0.285804
0.1490 -0.238830
0.1186 -0.190319
0.0890 -0.142801
0.0595 -0.095603
0.0288 -0.045721
-0.0048 0.006446
-0.0446 0.057204
-0.0936 0.100476
-0.1512 0.134415
-0.2103 0.154802
-0.2645 0.161095
-0.3114 0.156897
-0.3514 0.146409
-0.3854 0.132801
-0.4145 0.118116
-0.4395 0.103567
-0.4611 0.089832
-0.4795 0.077252
-0.4952 0.065966
-0.5083 0.055990
-0.5190 0.047273
-0.5275 0.039722
-0.5337 0.033230
-0.5377 0.027683
-0.5395 0.022968
-0.5392 0.018980
-0.5367 0.015621
-0.5321 0.012804
-0.5252 0.010450
-0.5161 0.008491
-0.5048 0.006867
-0.4913 0.005526
-0.4756 0.004423
-0.4577 0.003520
-0.4377 0.002783
-0.4155 0.002185
-0.3914 0.001702
-0.3652 0.001313
-0.3371 0.001002
-0.3068 0.000754
-0.2741 0.000557
-0.2382 0.000401
-0.1978 0.000275
-0.1496 0.000172
-0.0806 0.032656
0.0249 -0.018955
0.1373 -0.163638
0.1938 -0.309641
0.2040 -0.326558
0.1883 -0.301625
0.1615 -0.258840
0.1317 -0.211252
0.1021 -0.163845
0.0730 -0.117195
0.0433 -0.069591
0.0117 -0.018024
-0.0244 0.032978
-0.0684 0.080372
-0.1220 0.118883
-0.1811 0.146083
-0.2380 0.158887
-0.2883 0.159254
-0.3314 0.151399
-0.3680 0.139041
-0.3992 0.124733
-0.4259 0.110050
-0.4488 0.095899
-0.4685 0.082765
-0.4852 0.070875
-0.4992 0.060295
-0.5107 0.051003
-0.5198 0.042924
-0.5266 0.035956
-0.5311 0.029987
-0.5335 0.024904
-0.5336 0.020596
-0.5315 0.016963
-0.5272 0.013912
-0.5206 0.011360
-0.5118 0.009235
-0.5008 0.007471
-0.4876 0.006014
-0.4721 0.004815
-0.4544 0.003832
-0.4346 0.003031
-0.4127 0.002380
-0.3888 0.001853
-0.3628 0.001430
-0.3348 0.001092
-0.3047 0.000821
-0.2722 0.000607
-0.2365 0.000436
-0.1961 0.000299
-0.1479 0.000187
-0.0772 0.031276
0.0278 -0.021335
0.1371 -0.163448
0.1919 -0.306670
0.2007 -0.321248
0.1848 -0.296032
0.1584 -0.253905
0.1292 -0.207173
0.1000 -0.160500
0.0712 -0.114385
0.0418 -0.066634
0.0104 -0.015912
-0.0257 0.034306
-0.0697 0.081467
-0.1232 0.119385
-0.1820 0.145992
-0.2385 0.158336
-0.2884 0.158429
-0.3311 0.150446
-0.3674 0.138053
-0.3983 0.123764
-0.4247 0.109129
-0.4473 0.095040
-0.4665 0.081974
-0.4828 0.070152
-0.4964 0.059639
-0.5075 0.050410
-0.5161 0.042389
-0.5224 0.035475
-0.5264 0.029556
-0.5281 0.024517
-0.5275 0.020251
-0.5247 0.016656
-0.5197 0.013639
-0.5123 0.011118
-0.5027 0.009021
-0.4909 0.007283
-0.4768 0.005849
-0.4605 0.004671
-0.4420 0.003707
-0.4214 0.002923
-0.3987 0.002287
-0.3740 0.001774
-0.3473 0.001362
-0.3185 0.001033
-0.2874 0.000771
-0.2536 0.000562
-0.2161 0.000396
-0.1725 0.000262
-0.1148 0.046341
-0.0270 0.022456
0.0865 -0.102556
0.1724 -0.275101
0.1994 -0.318864
0.1931 -0.309158
0.1705 -0.273229
0.1423 -0.228074
0.1131 -0.181420
0.0843 -0.135364
0.0554 -0.089178
0.0253 -0.039499
-0.0081 0.010950
-0.0478 0.059659
-0.0968 0.102696
-0.1538 0.135129
-0.2119 0.154157
-0.2650 0.159524
-0.3109 0.154824
-0.3499 0.144128
-0.3831 0.130489
-0.4114 0.115871
-0.4355 0.101442
-0.4561 0.087851
-0.4736 0.075425
-0.4882 0.064292
-0.5002 0.054464
-0.5097 0.045886
-0.5167 0.038466
-0.5214 0.032095
-0.5238 0.026659
-0.5239 0.022046
-0.5217 0.018153
-0.5172 0.014880
-0.5104 0.012142
-0.5014 0.009861
-0.4900 0.007969
-0.4764 0.006406
-0.4605 0.005120
-0.4424 0.004068
-0.4222 0.003210
-0.3999 0.002514
-0.3756 0.001952
-0.3492 0.001501
-0.3208 0.001140
-0.2901 0.000853
-0.2567 0.000624
-0.2197 0.000442
-0.1770 0.000295
-0.1220 0.049242
-0.0374 0.030759
0.0758 -0.089640
0.1686 -0.268931
0.1997 -0.319333
0.1954 -0.312841
0.1734 -0.277856
0.1451 -0.232612
0.1157 -0.185581
0.0867 -0.139205
0.0578 -0.092885
0.0277 -0.043318
-0.0055 0.007335
-0.0447 0.056225
-0.0930 0.100199
-0.1496 0.133464
-0.2078 0.153508
-0.2613 0.159723
-0.3077 0.155565
-0.3471 0.145149
-0.3806 0.131615
-0.4091 0.116996
-0.4334 0.102506
-0.4542 0.088824
-0.4718 0.076293
-0.4865 0.065054
-0.4986 0.055124
-0.5081 0.046451
-0.5152 0.038945
-0.5200 0.032497
-0.5224 0.026994
-0.5225 0.022324
-0.5202 0.018380
-0.5157 0.015065
-0.5089 0.012291
-0.4997 0.009980
-0.4883 0.008063
-0.4745 0.006479
-0.4585 0.005177
-0.4403 0.004111
-0.4200 0.003242
-0.3975 0.002537
-0.3730 0.001968
-0.3464 0.001512
-0.3178 0.001147
-0.2868 0.000856
-0.2531 0.000625
-0.2156 0.000440
-0.1721 0.000291
-0.1164 0.047002
-0.0283 0.023488
0.0883 -0.104609
0.1771 -0.282566
0.2053 -0.328317
0.1982 -0.317435
0.1742 -0.279176
0.1446 -0.231785
0.1143 -0.183373
0.0847 -0.135997
0.0552 -0.088751
0.0243 -0.038337
-0.0097 0.013455
-0.0504 0.062744
-0.1003 0.105458
-0.1579 0.137529
-0.2160 0.155796
-0.2688 0.160401
-0.3143 0.155143
-0.3530 0.144096
-0.3858 0.130259
-0.4138 0.115545
-0.4378 0.101084
-0.4583 0.087497
-0.4757 0.075096
-0.4903 0.063998
-0.5023 0.054209
-0.5118 0.045670
-0.5189 0.038286
-0.5236 0.031947
-0.5261 0.026540
-0.5263 0.021951
-0.5242 0.018077
-0.5197 0.014821
-0.5130 0.012096
-0.5040 0.009826
-0.4926 0.007941
-0.4790 0.006384
-0.4631 0.005104
-0.4449 0.004054
-0.4245 0.003199
-0.4021 0.002505
-0.3775 0.001945
-0.3509 0.001495
-0.3222 0.001135
-0.2912 0.000848
-0.2574 0.000620
-0.2201 0.000439
-0.1769 0.000292
-0.1232 0.000168
-0.0414 0.034007
0.0771 -0.091119
0.1751 -0.279078
0.2124 -0.339596
0.2088 -0.334389
0.1847 -0.295994
0.1536 -0.246274
0.1218 -0.195356
0.0910 -0.146030
0.0607 -0.097530
0.0294 -0.047154
-0.0048 0.006567
-0.0450 0.057583
-0.0944 0.101034
-0.1522 0.134911
-0.2113 0.155033
-0.2652 0.161029
-0.3117 0.156600
-0.3513 0.145962
-0.3849 0.132271
-0.4137 0.117549
-0.4384 0.102996
-0.4595 0.089277
-0.4776 0.076725
-0.4929 0.065473
-0.5056 0.055534
-0.5159 0.046854
-0.5239 0.039340
-0.5296 0.032882
-0.5331 0.027366
-0.5343 0.022681
-0.5333 0.018719
-0.5301 0.015384
-0.5246 0.012588
-0.5168 0.010255
-0.5068 0.008314
-0.4944 0.006706
-0.4797 0.005381
-0.4627 0.004292
-0.4435 0.003401
-0.4221 0.002677
-0.3986 0.002090
-0.3729 0.001617
-0.3452 0.001238
-0.3153 0.000935
-0.2830 0.000694
