-0.3407 0.165830
-0.3781 0.152185
-0.4102 0.136531
-0.4379 0.120538
-0.4620 0.105159
-0.4830 0.090896
-0.5011 0.077980
-0.5166 0.066478
-0.5297 0.056363
-0.5405 0.047554
-0.5491 0.039942
-0.5554 0.033408
-0.5596 0.027830
-0.5616 0.023092
-0.5613 0.019085
-0.5589 0.015711
-0.5541 0.012881
-0.5471 0.010515
-0.5378 0.008546
-0.5261 0.006913
-0.5121 0.005564
-0.4959 0.004455
-0.4773 0.003546
-0.4566 0.002804
-0.4337 0.002203
-0.4088 0.001717
-0.3821 0.001327
-0.3535 0.001015
-0.3234 0.000768
-0.2915 0.000572
-0.2576 0.000418
-0.2210 0.000297
-0.1798 0.000200
-0.1301 0.000120
-0.0620 0.000048
0.0439 -0.034145
0.1514 -0.240897
0.2104 -0.336113
0.2225 -0.356095
0.2042 -0.327143
0.1725 -0.276472
0.1375 -0.220482
0.1031 -0.165433
0.0695 -0.111727
0.0353 -0.056973
-0.0020 0.002504
-0.0450 0.062201
-0.0974 0.111774
-0.1576 0.149837
-0.2181 0.171598
-0.2726 0.177480
-0.3195 0.172083
-0.3595 0.160142
-0.3937 0.145057
-0.4233 0.128962
-0.4490 0.113106
-0.4713 0.098176
-0.4907 0.084517
-0.5074 0.072263
-0.5216 0.061425
-0.5334 0.051943
-0.5430 0.043720
-0.5504 0.036639
-0.5555 0.030578
-0.5585 0.025417
-0.5592 0.021044
-0.5577 0.017353
-0.5539 0.014252
-0.5479 0.011655
-0.5395 0.009490
-0.5288 0.007691
-0.5157 0.006202
-0.5003 0.004975
-0.4827 0.003968
-0.4627 0.003146
-0.4406 0.002477
-0.4165 0.001936
-0.3903 0.001500
-0.3623 0.001151
-0.3325 0.000874
-0.3009 0.000654
-0.2673 0.000480
-0.2310 0.000343
-0.1906 0.000234
-0.1428 0.000145
-0.0793 0.000067
0.0199 -0.014977
0.1334 -0.211884
0.2005 -0.320172
0.2188 -0.350145
0.2045 -0.327567
0.1750 -0.280458
0.1411 -0.226372
0.1075 -0.172537
0.0747 -0.120005
0.0414 -0.066832
0.0057 -0.009383
-0.0354 0.048399
-0.0857 0.097638
-0.1453 0.137127
-0.2071 0.161769
-0.2637 0.170488
-0.3126 0.167217
-0.3542 0.156720
-0.3897 0.142593
-0.4202 0.127137
-0.4465 0.111718
-0.4693 0.097097
-0.4891 0.083662
-0.5060 0.071577
-0.5205 0.060870
-0.5325 0.051492
-0.5422 0.043352
-0.5496 0.036339
-0.5549 0.030334
-0.5580 0.025220
-0.5588 0.020885
-0.5575 0.017227
-0.5539 0.014152
-0.5480 0.011577
-0.5398 0.009430
-0.5293 0.007646
-0.5165 0.006169
-0.5014 0.004951
-0.4840 0.003952
-0.4643 0.003135
-0.4425 0.002470
-0.4186 0.001932
-0.3927 0.001499
-0.3650 0.001152
-0.3354 0.000875
-0.3040 0.000656
-0.2705 0.000483
-0.2344 0.000346
-0.1942 0.000237
-0.1468 0.000148
-0.0844 0.000071
0.0133 -0.009724
0.1306 -0.207409
0.2021 -0.322565
0.2228 -0.356452
0.2090 -0.334763
0.1790 -0.287001
0.1446 -0.231894
0.1104 -0.177220
0.0773 -0.124193
0.0440 -0.070893
0.0083 -0.013609
-0.0323 0.044762
-0.0819 0.095141
-0.1408 0.135637
-0.2025 0.161498
-0.2595 0.171243
-0.3088 0.168616
-0.3508 0.158436
-0.3866 0.144408
-0.4174 0.128922
-0.4440 0.113401
-0.4671 0.098641
-0.4871 0.085055
-0.5043 0.072816
-0.5190 0.061962
-0.5313 0.052449
-0.5413 0.044185
-0.5491 0.037062
-0.5548 0.030959
-0.5582 0.025758
-0.5595 0.021348
-0.5587 0.017624
-0.5556 0.014492
-0.5503 0.011868
-0.5427 0.009678
-0.5329 0.007857
-0.5207 0.006348
-0.5063 0.005104
-0.4896 0.004081
-0.4706 0.003244
-0.4495 0.002562
-0.4263 0.002009
-0.4010 0.001563
-0.3738 0.001205
-0.3448 0.000919
-0.3139 0.000692
-0.2810 0.000512
-0.2455 0.000370
-0.2064 0.000257
-0.1610 0.000166
-0.1032 0.000088
-0.0154 0.013230
0.1058 -0.125521
0.1911 -0.304776
0.2232 -0.357042
0.2157 -0.345517
0.1881 -0.301440
0.1539 -0.246771
0.1194 -0.191597
0.0861 -0.138304
0.0531 -0.085513
0.0185 -0.029729
-0.0203 0.028900
-0.0670 0.081730
-0.1237 0.125126
-0.1855 0.155393
-0.2443 0.169377
-0.2958 0.169716
-0.3398 0.161257
-0.3773 0.148070
-0.4094 0.132876
-0.4372 0.117326
-0.4612 0.102358
-0.4822 0.088474
-0.5002 0.075900
-0.5158 0.064706
-0.5289 0.054864
-0.5397 0.046296
-0.5484 0.038894
-0.5549 0.032542
-0.5593 0.027121
-0.5616 0.022516
-0.5618 0.018623
-0.5598 0.015344
-0.5557 0.012593
-0.5493 0.010294
-0.5407 0.008378
-0.5299 0.006789
-0.5168 0.005474
-0.5014 0.004392
-0.4838 0.003504
-0.4640 0.002779
-0.4421 0.002189
-0.4181 0.001712
-0.3921 0.001328
-0.3643 0.001020
-0.3345 0.000774
-0.3029 0.000580
-0.2690 0.000426
-0.2323 0.000304
-0.1911 0.000207
-0.1418 0.000127
-0.0756 0.000056
0.0301 -0.023084
0.1455 -0.231259
0.2096 -0.334789
0.2240 -0.358505
0.2067 -0.331213
0.1756 -0.281534
0.1412 -0.226406
0.1074 -0.172355
0.0747 -0.120009
0.0417 -0.067244
0.0063 -0.010351
-0.0342 0.046853
-0.0838 0.096114
-0.1426 0.135593
-0.2040 0.160570
-0.2606 0.169736
-0.3096 0.166835
-0.3514 0.156594
-0.3870 0.142632
-0.4176 0.127278
-0.4441 0.111920
-0.4670 0.097334
-0.4870 0.083918
-0.5042 0.071841
-0.5189 0.061135
-0.5313 0.051755
-0.5414 0.043611
-0.5494 0.036591
-0.5553 0.030579
-0.5590 0.025456
-0.5607 0.021112
-0.5603 0.017443
-0.5578 0.014357
-0.5531 0.011771
-0.5462 0.009612
-0.5371 0.007815
-0.5258 0.006326
-0.5122 0.005096
-0.4964 0.004083
-0.4784 0.003254
-0.4583 0.002577
-0.4360 0.002028
-0.4117 0.001583
-0.3855 0.001226
-0.3573 0.000939
-0.3272 0.000711
-0.2950 0.000530
-0.2604 0.000387
-0.2225 0.000274
-0.1793 0.000182
-0.1262 0.000106
-0.0486 0.019866
0.0690 -0.081276
0.1712 -0.272674
0.2166 -0.346195
0.2177 -0.348601
0.1946 -0.311756
0.1623 -0.260187
0.1286 -0.206341
0.0960 -0.154103
0.0640 -0.102957
0.0311 -0.050083
-0.0048 0.006564
-0.0470 0.061354
-0.0989 0.107213
-0.1589 0.142669
-0.2193 0.162961
-0.2737 0.168355
-0.3206 0.163120
-0.3605 0.151706
-0.3946 0.137327
-0.4240 0.122007
-0.4494 0.106931
-0.4714 0.092753
-0.4905 0.079797
-0.5069 0.068187
-0.5208 0.057932
-0.5324 0.048970
-0.5419 0.041207
-0.5491 0.034529
-0.5543 0.028818
-0.5573 0.023959
-0.5583 0.019845
-0.5572 0.016375
-0.5539 0.013460
-0.5485 0.011020
-0.5408 0.008986
-0.5310 0.007295
-0.5190 0.005895
-0.5047 0.004740
-0.4883 0.003792
-0.4696 0.003015
-0.4488 0.002383
-0.4260 0.001870
-0.4011 0.001456
-0.3743 0.001124
-0.3456 0.000858
-0.3149 0.000646
-0.2821 0.000479
-0.2465 0.000346
-0.2069 0.000240
-0.1607 0.000154
-0.1005 0.040590
-0.0040 0.004148
0.1188 -0.141224
0.1961 -0.313024
0.2189 -0.350231
0.2068 -0.331244
0.1786 -0.286265
0.1458 -0.233779
0.1131 -0.181498
0.0815 -0.130839
0.0498 -0.080243
0.0165 -0.026015
-0.0212 0.029481
-0.0666 0.080563
-0.1221 0.122350
-0.1829 0.151813
-0.2412 0.165699
-0.2926 0.166297
-0.3366 0.158209
-0.3740 0.145403
-0.4061 0.130563
-0.4338 0.115329
-0.4578 0.100642
-0.4786 0.087003
-0.4966 0.074645
-0.5121 0.063638
-0.5251 0.053959
-0.5359 0.045532
-0.5445 0.038253
-0.5510 0.032006
-0.5554 0.026676
-0.5577 0.022149
-0.5580 0.018322
-0.5561 0.015099
-0.5521 0.012395
-0.5460 0.010135
-0.5377 0.008252
-0.5272 0.006690
-0.5145 0.005398
-0.4995 0.004334
-0.4824 0.003461
-0.4631 0.002747
-0.4417 0.002166
-0.4182 0.001696
-0.3928 0.001317
-0.3654 0.001013
-0.3360 0.000771
-0.3046 0.000578
-0.2708 0.000425
-0.2339 0.000303
-0.1923 0.000206
-0.1423 0.000126
-0.0711 0.028859
0.0397 -0.030743
0.1532 -0.243826
0.2084 -0.333029
0.2162 -0.346141
0.1969 -0.315413
0.1665 -0.266968
0.1339 -0.214757
0.1020 -0.163698
0.0709 -0.113915
0.0393 -0.063291
0.0052 -0.008442
-0.0340 0.045748
-0.0821 0.093409
-0.1396 0.131584
-0.2002 0.156194
-0.2565 0.165606
-0.3055 0.163165
-0.3472 0.153400
-0.3828 0.139867
-0.4133 0.124886
-0.4397 0.109847
-0.4624 0.095535
-0.4821 0.082356
-0.4990 0.070484
-0.5134 0.059956
-0.5253 0.050731
-0.5350 0.042722
-0.5426 0.035821
-0.5479 0.029911
-0.5512 0.024878
-0.5523 0.020613
-0.5513 0.017013
-0.5482 0.013987
-0.5429 0.011453
-0.5354 0.009339
-0.5257 0.007582
-0.5138 0.006127
-0.4997 0.004927
-0.4833 0.003941
-0.4648 0.003134
-0.4442 0.002477
-0.4216 0.001943
-0.3969 0.001513
-0.3702 0.001167
-0.3416 0.000890
-0.3110 0.000670
-0.2781 0.000496
-0.2422 0.000357
-0.2021 0.000246
-0.1546 0.000156
-0.0891 0.036023
0.0137 -0.009988
0.1337 -0.159227
0.1984 -0.316878
0.2130 -0.340825
0.1976 -0.316577
0.1693 -0.271451
0.1377 -0.220822
0.1063 -0.170652
0.0758 -0.121696
0.0448 -0.072256
0.0120 -0.018700
-0.0255 0.034957
-0.0712 0.083962
-0.1266 0.123803
-0.1869 0.151319
-0.2443 0.163691
-0.2948 0.163402
-0.3379 0.154931
-0.3746 0.142063
-0.4061 0.127344
-0.4331 0.112327
-0.4565 0.097900
-0.4767 0.084535
-0.4941 0.072446
-0.5089 0.061694
-0.5213 0.052251
-0.5313 0.044038
-0.5392 0.036952
-0.5449 0.030876
-0.5485 0.025697
-0.5499 0.021304
-0.5492 0.017594
-0.5464 0.014473
-0.5415 0.011858
-0.5343 0.009676
-0.5250 0.007861
-0.5135 0.006357
-0.4997 0.005115
-0.4838 0.004095
-0.4656 0.003259
-0.4454 0.002577
-0.4231 0.002024
-0.3987 0.001578
-0.3724 0.001218
-0.3442 0.000931
-0.3139 0.000702
-0.2813 0.000520
-0.2458 0.000376
-0.2062 0.000261
-0.1597 0.000167
-0.0973 0.039301
0.0023 -0.000897
0.1242 -0.147724
0.1942 -0.310063
0.2125 -0.339946
0.1992 -0.319015
0.1718 -0.275344
0.1404 -0.225222
0.1092 -0.175246
0.0788 -0.126522
0.0482 -0.077549
0.0158 -0.024621
-0.0208 0.028691
-0.0651 0.078518
-0.1193 0.119219
-0.1792 0.148319
-0.2370 0.162420
-0.2883 0.163436
-0.3322 0.155764
-0.3695 0.143310
-0.4015 0.128757
-0.4289 0.113758
-0.4526 0.099264
-0.4731 0.085787
-0.4906 0.073567
-0.5056 0.062679
-0.5180 0.053105
-0.5282 0.044770
-0.5361 0.037572
-0.5418 0.031398
-0.5454 0.026133
-0.5468 0.021664
-0.5461 0.017890
-0.5432 0.014714
-0.5382 0.012053
-0.5310 0.009832
-0.5215 0.007985
-0.5098 0.006455
-0.4959 0.005192
-0.4799 0.004153
-0.4616 0.003304
-0.4412 0.002611
-0.4187 0.002049
-0.3942 0.001595
-0.3678 0.001230
-0.3393 0.000939
-0.3088 0.000706
-0.2759 0.000522
-0.2399 0.000375
-0.1996 0.000258
-0.1516 0.000163
-0.0853 0.034524
0.0203 -0.015302
0.1387 -0.220486
0.1989 -0.317644
0.2110 -0.337634
0.1948 -0.312025
0.1666 -0.267007
0.1353 -0.217016
0.1044 -0.167536
0.0742 -0.119159
0.0435 -0.070172
0.0109 -0.016897
-0.0264 0.035985
-0.0718 0.084283
-0.1270 0.123494
-0.1869 0.150511
-0.2439 0.162587
-0.2941 0.162177
-0.3370 0.153694
-0.3734 0.140873
-0.4046 0.126231
-0.4315 0.111303
-0.4546 0.096970
-0.4745 0.083695
-0.4916 0.071691
-0.5060 0.061019
-0.5180 0.051649
-0.5276 0.043502
-0.5350 0.036475
-0.5403 0.030453
-0.5433 0.025322
-0.5442 0.020971
-0.5429 0.017298
-0.5394 0.014212
-0.5337 0.011627
-0.5258 0.009472
-0.5157 0.007681
-0.5033 0.006198
-0.4887 0.004976
-0.4719 0.003973
-0.4529 0.003153
-0.4318 0.002485
-0.4086 0.001945
-0.3834 0.001509
-0.3562 0.001159
-0.3269 0.000880
-0.2955 0.000658
-0.2615 0.000481
-0.2240 0.000341
-0.1811 0.000228
-0.1283 0.000134
-0.0468 0.038251
0.0708 -0.055691
0.1692 -0.269627
0.2080 -0.332610
0.2066 -0.330785
0.1842 -0.295190
0.1542 -0.247217
0.1230 -0.197227
0.0924 -0.148364
0.0623 -0.100121
0.0311 -0.049727
-0.0029 0.003646
-0.0428 0.056197
-0.0919 0.100258
-0.1496 0.135229
-0.2091 0.156411
-0.2636 0.163161
-0.3107 0.159130
-0.3509 0.148622
-0.3851 0.134888
-0.4143 0.120024
-0.4395 0.105276
-0.4612 0.091340
-0.4797 0.078566
-0.4955 0.067100
-0.5087 0.056960
-0.5195 0.048096
-0.5279 0.040415
-0.5341 0.033809
-0.5381 0.028163
-0.5399 0.023363
-0.5394 0.019302
-0.5368 0.015882
-0.5319 0.013013
-0.5248 0.010616
-0.5155 0.008621
-0.5038 0.006968
-0.4900 0.005603
-0.4739 0.004480
-0.4555 0.003561
-0.4351 0.002813
-0.4125 0.002205
-0.3879 0.001715
-0.3613 0.001321
-0.3327 0.001006
-0.3020 0.000755
-0.2687 0.000555
-0.2322 0.000397
-0.1909 0.000270
-0.1411 0.000165
-0.0686 0.055688
0.0422 -0.032818
0.1522 -0.242247
0.2025 -0.323542
0.2084 -0.333589
0.1895 -0.303621
0.1606 -0.257491
0.1295 -0.207718
0.0989 -0.158714
0.0688 -0.110592
0.0381 -0.061290
0.0050 -0.007948
-0.0332 0.044682
-0.0800 0.090836
-0.1361 0.128119
-0.1958 0.152566
-0.2517 0.162285
-0.3005 0.160274
-0.3420 0.150907
-0.3774 0.137704
-0.4076 0.122992
-0.4335 0.108174
-0.4558 0.094047
-0.4749 0.081025
-0.4912 0.069290
-0.5048 0.058882
-0.5160 0.049763
-0.5248 0.041848
-0.5313 0.035032
-0.5355 0.029199
-0.5376 0.024235
-0.5374 0.020032
-0.5350 0.016490
-0.5304 0.013516
-0.5235 0.011031
-0.5143 0.008961
-0.5029 0.007245
-0.4892 0.005827
-0.4732 0.004661
-0.4551 0.003706
-0.4347 0.002927
-0.4123 0.002296
-0.3878 0.001785
-0.3613 0.001375
-0.3327 0.001048
-0.3020 0.000786
-0.2688 0.000579
-0.2323 0.000414
-0.1910 0.000281
-0.1411 0.000172
-0.0695 0.056433
0.0412 -0.031971
0.1511 -0.240560
0.2028 -0.324137
0.2096 -0.335489
0.1909 -0.305830
0.1619 -0.259493
0.1305 -0.209379
0.0997 -0.160077
0.0695 -0.111753
0.0387 -0.062494
0.0056 -0.008938
-0.0325 0.043972
-0.0792 0.089930
-0.1353 0.127338
-0.1950 0.151979
-0.2510 0.161886
-0.2999 0.160011
-0.3415 0.150731
-0.3770 0.137583
-0.4072 0.122904
-0.4331 0.108108
-0.4554 0.093995
-0.4746 0.080983
-0.4908 0.069255
-0.5044 0.058853
-0.5156 0.049739
-0.5244 0.041828
-0.5309 0.035014
-0.5351 0.029184
-0.5372 0.024222
-0.5370 0.020021
-0.5346 0.016480
-0.5299 0.013508
-0.5230 0.011023
-0.5138 0.008954
-0.5023 0.007238
-0.4886 0.005821
-0.4725 0.004655
-0.4543 0.003701
-0.4339 0.002922
-0.4113 0.002291
-0.3867 0.001781
-0.3601 0.001371
-0.3314 0.001044
-0.3005 0.000783
-0.2671 0.000575
-0.2303 0.000410
-0.1884 0.000278
-0.1376 0.000168
-0.0647 0.052587
0.0486 -0.037879
0.1560 -0.248404
0.2065 -0.329971
0.2119 -0.339135
0.1920 -0.307613
0.1622 -0.259965
0.1303 -0.209012
0.0992 -0.159161
0.0687 -0.110415
0.0376 -0.060737
0.0042 -0.006824
-0.0344 0.046373
-0.0817 0.091682
-0.1384 0.128663
-0.1982 0.152615
-0.2540 0.161847
-0.3026 0.159501
-0.3440 0.149958
-0.3792 0.136697
-0.4092 0.122001
-0.4350 0.107244
-0.4572 0.093201
-0.4762 0.080273
-0.4924 0.068632
-0.5060 0.058316
-0.5172 0.049282
-0.5260 0.041444
-0.5326 0.034696
-0.5369 0.028922
-0.5390 0.024009
-0.5390 0.019850
-0.5367 0.016343
-0.5322 0.013400
-0.5255 0.010939
-0.5164 0.008890
-0.5051 0.007190
-0.4915 0.005785
-0.4757 0.004629
-0.4576 0.003682
-0.4373 0.002909
-0.4148 0.002282
-0.3903 0.001776
-0.3637 0.001368
-0.3351 0.001042
-0.3042 0.000783
-0.2709 0.000576
-0.2343 0.000412
-0.1928 0.000281
-0.1428 0.000172
-0.0737 0.029885
0.0369 -0.028479
0.1496 -0.237970
0.2084 -0.332995
0.2184 -0.349502
0.1996 -0.319811
0.1692 -0.271264
0.1364 -0.218706
0.1044 -0.167466
0.0733 -0.117828
0.0421 -0.067797
0.0087 -0.013840
-0.0294 0.040347
-0.0759 0.086769
-0.1321 0.125135
-0.1923 0.150855
-0.2490 0.161651
-0.2985 0.160346
-0.3407 0.151379
-0.3766 0.138375
-0.4072 0.123744
-0.4336 0.108942
-0.4562 0.094795
-0.4757 0.081736
-0.4924 0.069954
-0.5065 0.059497
-0.5182 0.050330
-0.5276 0.042368
-0.5347 0.035507
-0.5397 0.029632
-0.5425 0.024629
-0.5432 0.020389
-0.5417 0.016812
-0.5380 0.013805
-0.5320 0.011289
-0.5239 0.009191
-0.5134 0.007448
-0.5007 0.006006
-0.4857 0.004817
-0.4684 0.003841
-0.4489 0.003044
-0.4272 0.002395
-0.4033 0.001870
-0.3774 0.001447
-0.3494 0.001108
-0.3192 0.000837
-0.2868 0.000622
-0.2514 0.000451
-0.2120 0.000314
-0.1659 0.000204
-0.1069 0.000109
-0.0166 0.014243
0.1060 -0.167716
0.1938 -0.309149
0.2259 -0.361246
0.2174 -0.348229
0.1894 -0.303578
0.1556 -0.249430
0.1219 -0.195504
0.0897 -0.143996
0.0582 -0.093614
0.0256 -0.041552
-0.0102 0.014603
-0.0525 0.065275
-0.1048 0.108118
-0.1645 0.140596
-0.2239 0.158378
-0.2772 0.162205
-0.3228 0.156279
-0.3616 0.144775
-0.3946 0.130663
-0.4229 0.115804
-0.4473 0.101282
-0.4683 0.087687
-0.4864 0.075305
-0.5019 0.064242
-0.5148 0.054491
-0.5255 0.045988
-0.5339 0.038636
-0.5402 0.032321
-0.5443 0.026930
-0.5464 0.022349
-0.5463 0.018476
-0.5440 0.015214
-0.5396 0.012477
-0.5329 0.010189
-0.5240 0.008284
-0.5129 0.006704
-0.4994 0.005398
-0.4836 0.004322
-0.4656 0.003441
-0.4453 0.002721
-0.4229 0.002137
-0.3983 0.001664
-0.3715 0.001283
-0.3427 0.000979
-0.3117 0.000736
-0.2782 0.000543
-0.2416 0.000390
-0.2003 0.000268
-0.1512 0.000167
-0.0858 0.000079
0.0165 -0.018292
0.1358 -0.215660
0.2112 -0.337160
0.2317 -0.370724
0.2160 -0.346045
0.1846 -0.295879
0.1495 -0.239778
0.1155 -0.185349
0.0832 -0.133603
0.0513 -0.082657
0.0180 -0.029390
-0.0191 0.026999
-0.0638 0.075581
-0.1186 0.116503
-0.1792 0.145795
-0.2376 0.160012
-0.2891 0.161105
-0.3331 0.153524
-0.3704 0.141195
-0.4023 0.126797
-0.4296 0.111973
-0.4531 0.097667
-0.4734 0.084378
-0.4909 0.072341
-0.5057 0.061626
-0.5182 0.052210
-0.5284 0.044017
-0.5364 0.036946
-0.5422 0.030883
-0.5460 0.025712
-0.5476 0.021324
-0.5472 0.017617
-0.5446 0.014497
-0.5398 0.011882
-0.5328 0.009698
-0.5236 0.007880
-0.5121 0.006372
-0.4983 0.005127
-0.4822 0.004102
-0.4639 0.003263
-0.4433 0.002578
-0.4204 0.002022
-0.3955 0.001573
-0.3684 0.001211
-0.3392 0.000922
-0.3077 0.000692
-0.2738 0.000509
-0.2365 0.000364
-0.1943 0.000247
-0.1433 0.000151
-0.0743 0.000065
0.0348 -0.040250
0.1503 -0.238953
0.2170 -0.346521
0.2307 -0.369282
0.2118 -0.339372
0.1795 -0.287809
0.1447 -0.232015
0.1111 -0.178308
0.0791 -0.127135
0.0474 -0.076419
0.0140 -0.022981
-0.0235 0.032622
-0.0690 0.080037
-0.1246 0.119714
-0.1852 0.147339
-0.2429 0.159966
-0.2936 0.159960
-0.3368 0.151771
-0.3734 0.139182
-0.4047 0.124741
-0.4316 0.109997
-0.4547 0.095835
-0.4747 0.082722
-0.4918 0.070867
-0.5064 0.060332
-0.5185 0.051085
-0.5284 0.043047
-0.5362 0.036115
-0.5418 0.030175
-0.5454 0.025113
-0.5468 0.020820
-0.5462 0.017194
-0.5434 0.014144
-0.5384 0.011589
-0.5313 0.009455
-0.5219 0.007680
-0.5103 0.006209
-0.4964 0.004994
-0.4802 0.003994
-0.4617 0.003176
-0.4410 0.002508
-0.4182 0.001967
-0.3931 0.001529
-0.3660 0.001177
-0.3367 0.000895
-0.3052 0.000671
-0.2711 0.000493
-0.2336 0.000351
-0.1910 0.000238
-0.1394 0.000144
