0.0332
0.0384
0.0432
0.0481
0.0527
0.0570
0.0608
0.0640
0.0665
0.0681
0.0691
0.1907
0.1862
0.1787
0.1694
0.1591
0.1481
0.1368
0.1252
0.1133
0.1012
0.0886
0.0753
0.0610
0.0451
0.0268
0.0048
-0.0230
-0.0588
-0.1038
-0.1548
-0.2052
-0.2492
-0.2848
-0.3124
-0.3331
-0.3483
-0.3591
-0.3664
-0.3709
-0.3731
-0.3663
-0.3500
-0.3356
-0.3225
-0.2922
-0.2582
-0.2299
-0.2052
-0.1825
-0.1607
-0.1386
-0.1150
-0.0882
-0.0557
-0.0142
0.0378
0.0937
0.1406
0.1719
0.1886
0.1946
0.1934
0.1882
0.1794
0.1648
0.1528
0.1425
0.1330
0.1238
0.1147
0.1055
0.0959
0.0860
0.0754
0.0639
0.0513
0.0370
0.0202
-0.0002
-0.0260
-0.0592
-0.1007
-0.1476
-0.1933
-0.2324
-0.2629
-0.2851
-0.3004
-0.3103
-0.3167
-0.3220
-0.3264
-0.3298
-0.3324
-0.3340
-0.3349
-0.3351
-0.3346
-0.3330
-0.3165
-0.3023
-0.2897
-0.2780
-0.2667
-0.2486
-0.2267
-0.2063
-0.1864
-0.1665
-0.1457
-0.1226
