-0.3937 0.000974
-0.3907 0.000799
-0.3877 0.000655
-0.3846 0.000538
-0.3816 0.000441
-0.3786 0.000362
-0.3757 0.000297
-0.3729 0.000244
-0.3702 0.000200
-0.3677 0.000164
-0.3653 0.000135
-0.3163 0.340870
-0.2584 0.278423
-0.2128 0.229220
-0.1744 0.187887
-0.1396 0.150431
-0.1051 0.113388
-0.0514 0.111632
0.0044 -0.008358
0.0565 -0.120504
0.0917 -0.295213
0.0981 -0.316185
0.0964 -0.311056
0.0904 -0.291734
0.0821 -0.265081
0.0728 -0.234949
0.0584 -0.242661
0.0435 -0.173872
0.0330 -0.127590
0.0247 -0.092636
0.0174 -0.063838
0.0107 -0.038500
0.0045 -0.015112
-0.0016 0.004808
-0.0078 0.022932
-0.0144 0.038993
-0.0217 0.052809
-0.0302 0.066447
-0.0402 0.080518
-0.0518 0.095436
-0.0651 0.111408
-0.0808 0.119401
-0.1011 0.123455
-0.1260 0.127219
-0.1545 0.129054
-0.1850 0.127751
-0.2153 0.122990
-0.2441 0.115295
-0.2703 0.105620
-0.2939 0.094941
-0.3146 0.084050
-0.3327 0.073502
-0.3484 0.063643
-0.3619 0.054662
-0.3734 0.046634
-0.3831 0.039562
-0.3912 0.033404
-0.3979 0.028090
-0.4032 0.023539
-0.4074 0.019666
-0.4106 0.016387
-0.4129 0.013624
-0.4143 0.011304
-0.4151 0.009363
-0.4152 0.007743
-0.4147 0.006395
-0.4138 0.005276
-0.4124 0.004348
-0.4107 0.003580
-0.4087 0.002946
-0.4064 0.002422
-0.4040 0.001990
-0.4013 0.001635
-0.3985 0.001342
-0.3956 0.001102
-0.3927 0.000904
-0.3897 0.000742
-0.3866 0.000609
-0.3836 0.000499
-0.3806 0.000410
-0.3776 0.000336
-0.3748 0.000276
-0.3720 0.000226
-0.3694 0.000186
-0.3669 0.000153
-0.3592 0.387112
-0.2909 0.313417
-0.2387 0.257152
-0.1965 0.211717
-0.1600 0.172408
-0.1257 0.135551
-0.0849 0.183849
-0.0291 0.063758
0.0261 -0.055047
0.0740 -0.158312
0.0954 -0.307518
0.0981 -0.316296
0.0943 -0.304442
0.0872 -0.281606
0.0784 -0.253235
0.0690 -0.219223
0.0519 -0.211914
0.0391 -0.153857
0.0296 -0.112831
0.0217 -0.080676
0.0147 -0.053459
0.0082 -0.028572
0.0020 -0.006833
-0.0041 0.012253
-0.0104 0.029934
-0.0172 0.044664
-0.0250 0.058337
-0.0341 0.072105
-0.0447 0.086493
-0.0570 0.101838
-0.0711 0.117955
-0.0884 0.121314
-0.1105 0.125396
-0.1370 0.128533
-0.1665 0.129186
-0.1971 0.126467
-0.2269 0.120422
-0.2547 0.111801
-0.2799 0.101602
-0.3023 0.090743
-0.3220 0.079920
-0.3391 0.069601
-0.3539 0.060062
-0.3666 0.051443
-0.3774 0.043787
-0.3865 0.037075
-0.3940 0.031251
-0.4001 0.026243
-0.4050 0.021964
-0.4088 0.018331
-0.4116 0.015261
-0.4136 0.012677
-0.4147 0.010511
-0.4152 0.008701
-0.4151 0.007192
-0.4145 0.005937
-0.4134 0.004896
-0.4119 0.004034
-0.4100 0.003320
-0.4079 0.002731
-0.4056 0.002245
-0.4030 0.001845
-0.4003 0.001515
-0.3975 0.001244
-0.3946 0.001021
-0.3916 0.000838
-0.3886 0.000687
-0.3855 0.000564
-0.3825 0.000462
-0.3795 0.000379
-0.3766 0.000311
-0.3738 0.000255
-0.3711 0.000210
-0.3685 0.000172
-0.3661 0.000141
-0.3296 0.355161
-0.2686 0.289368
-0.2210 0.238093
-0.1816 0.195598
-0.1463 0.157695
-0.1121 0.120888
-0.0627 0.136065
-0.0069 0.016117
0.0466 -0.099071
0.0887 -0.285622
0.0974 -0.314115
0.0971 -0.313261
0.0918 -0.296225
0.0839 -0.270738
0.0747 -0.241135
0.0626 -0.262011
0.0462 -0.185919
0.0350 -0.136130
0.0263 -0.099318
0.0189 -0.069467
0.0121 -0.043582
0.0057 -0.019536
-0.0004 0.000943
-0.0066 0.019379
-0.0130 0.036147
-0.0202 0.050127
-0.0284 0.063778
-0.0381 0.077754
-0.0494 0.092509
-0.0624 0.108295
-0.0775 0.119137
-0.0967 0.122985
-0.1207 0.126894
-0.1486 0.129197
-0.1788 0.128553
-0.2092 0.124444
-0.2384 0.117249
-0.2652 0.107871
-0.2893 0.097306
-0.3106 0.086388
-0.3292 0.075720
-0.3454 0.065687
-0.3593 0.056505
-0.3712 0.048269
-0.3813 0.040994
-0.3897 0.034645
-0.3967 0.029157
-0.4023 0.024450
-0.4067 0.020440
-0.4101 0.017041
-0.4126 0.014174
-0.4142 0.011766
-0.4151 0.009749
-0.4153 0.008065
-0.4150 0.006663
-0.4141 0.005498
-0.4129 0.004532
-0.4112 0.003732
-0.4093 0.003071
-0.4071 0.002526
-0.4047 0.002076
-0.4020 0.001705
-0.3993 0.001400
-0.3964 0.001149
-0.3935 0.000943
-0.3905 0.000774
-0.3875 0.000635
-0.3844 0.000521
-0.3814 0.000427
-0.3785 0.000351
-0.3756 0.000288
-0.3728 0.000236
-0.3702 0.000194
-0.3677 0.000159
-0.3654 0.000131
-0.3015 0.324812
-0.2470 0.266077
-0.2034 0.219159
-0.1662 0.179092
-0.1318 0.142088
-0.0951 0.205734
-0.0392 0.085393
0.0164 -0.034066
0.0663 -0.141694
0.0939 -0.302405
0.0981 -0.316417
0.0953 -0.307441
0.0886 -0.286113
0.0801 -0.258481
0.0706 -0.226696
0.0549 -0.225611
0.0412 -0.162896
0.0312 -0.119530
0.0231 -0.086100
0.0159 -0.058143
0.0093 -0.032930
0.0031 -0.010481
-0.0030 0.008983
-0.0093 0.026885
-0.0160 0.042248
-0.0236 0.056002
-0.0324 0.069736
-0.0427 0.084011
-0.0548 0.099198
-0.0686 0.115446
-0.0851 0.120947
-0.1064 0.124979
-0.1321 0.128371
-0.1612 0.129525
-0.1917 0.127401
-0.2217 0.121883
-0.2500 0.113629
-0.2757 0.103621
-0.2986 0.092806
-0.3187 0.081923
-0.3363 0.071477
-0.3515 0.061775
-0.3645 0.052976
-0.3756 0.045139
-0.3850 0.038254
-0.3928 0.032270
-0.3992 0.027116
-0.4043 0.022708
-0.4083 0.018962
-0.4113 0.015793
-0.4134 0.013124
-0.4147 0.010886
-0.4153 0.009014
-0.4153 0.007453
-0.4147 0.006154
-0.4137 0.005076
-0.4123 0.004182
-0.4105 0.003443
-0.4085 0.002833
-0.4062 0.002329
-0.4037 0.001914
-0.4010 0.001572
-0.3982 0.001290
-0.3953 0.001059
-0.3923 0.000869
-0.3893 0.000713
-0.3863 0.000585
-0.3833 0.000480
-0.3803 0.000394
-0.3774 0.000323
-0.3745 0.000265
-0.3718 0.000218
-0.3692 0.000179
-0.3668 0.000147
-0.3399 0.366306
-0.2764 0.297839
-0.2273 0.244893
-0.1870 0.201439
-0.1514 0.163121
-0.1172 0.126400
-0.0711 0.153968
-0.0153 0.034093
0.0390 -0.082746
0.0836 -0.178850
0.0968 -0.311980
0.0975 -0.314543
0.0928 -0.299341
0.0851 -0.274791
0.0761 -0.245620
0.0659 -0.277692
0.0483 -0.195365
0.0366 -0.142658
0.0276 -0.104327
0.0199 -0.073630
0.0131 -0.047245
0.0066 -0.022820
0.0005 -0.001899
-0.0056 0.016778
-0.0121 0.034063
-0.0191 0.048181
-0.0272 0.061851
-0.0366 0.075768
-0.0477 0.090408
-0.0605 0.106057
-0.0751 0.119012
-0.0937 0.122665
-0.1169 0.126634
-0.1443 0.129243
-0.1743 0.129064
-0.2048 0.125440
-0.2342 0.118633
-0.2614 0.109497
-0.2859 0.099035
-0.3076 0.088112
-0.3266 0.077366
-0.3431 0.067210
-0.3574 0.057883
-0.3696 0.049495
-0.3799 0.042070
-0.3886 0.035579
-0.3958 0.029962
-0.4016 0.025138
-0.4062 0.021024
-0.4098 0.017536
-0.4124 0.014591
-0.4141 0.012115
-0.4151 0.010041
-0.4154 0.008309
-0.4152 0.006866
-0.4144 0.005666
-0.4132 0.004672
-0.4117 0.003848
-0.4098 0.003167
-0.4076 0.002605
-0.4052 0.002141
-0.4026 0.001759
-0.3999 0.001444
-0.3970 0.001186
-0.3941 0.000973
-0.3911 0.000798
-0.3881 0.000655
-0.3851 0.000537
-0.3821 0.000441
-0.3791 0.000362
-0.3762 0.000297
-0.3735 0.000244
-0.3708 0.000200
-0.3683 0.000164
-0.3659 0.000135
-0.3093 0.333247
-0.2531 0.272631
-0.2085 0.224571
-0.1707 0.183896
-0.1361 0.146724
-0.1016 0.109613
-0.0463 0.100842
0.0093 -0.018834
0.0605 -0.129138
0.0925 -0.298010
0.0980 -0.316085
0.0959 -0.309368
0.0896 -0.289228
0.0812 -0.262183
0.0718 -0.231897
0.0572 -0.236355
0.0427 -0.169824
0.0324 -0.124563
0.0241 -0.090103
0.0168 -0.061551
0.0101 -0.036151
0.0039 -0.013115
-0.0022 0.006658
-0.0085 0.024736
-0.0151 0.040537
-0.0226 0.054370
-0.0313 0.068098
-0.0414 0.082309
-0.0533 0.097396
-0.0669 0.113540
-0.0829 0.120726
-0.1036 0.124699
-0.1288 0.128240
-0.1576 0.129721
-0.1880 0.128004
-0.2182 0.122861
-0.2467 0.114875
-0.2727 0.105014
-0.2959 0.094241
-0.3164 0.083323
-0.3343 0.072793
-0.3498 0.062980
-0.3631 0.054058
-0.3744 0.046095
-0.3840 0.039089
-0.3920 0.032993
-0.3986 0.027736
-0.4038 0.023237
-0.4080 0.019410
-0.4111 0.016171
-0.4133 0.013442
-0.4147 0.011152
-0.4154 0.009236
-0.4155 0.007638
-0.4150 0.006308
-0.4140 0.005204
-0.4127 0.004288
-0.4109 0.003531
-0.4089 0.002905
-0.4066 0.002389
-0.4042 0.001963
-0.4015 0.001612
-0.3987 0.001324
-0.3958 0.001087
-0.3929 0.000892
-0.3899 0.000732
-0.3869 0.000600
-0.3839 0.000492
-0.3809 0.000404
-0.3779 0.000331
-0.3751 0.000272
-0.3724 0.000223
-0.3698 0.000183
-0.3673 0.000151
-0.3491 0.376189
-0.2834 0.305304
-0.2328 0.250834
-0.1917 0.206488
-0.1557 0.167756
-0.1215 0.131045
-0.0782 0.169329
-0.0225 0.049489
0.0323 -0.068405
0.0787 -0.168295
0.0961 -0.309668
0.0978 -0.315375
0.0935 -0.301871
0.0862 -0.278194
0.0772 -0.249432
0.0679 -0.213674
0.0503 -0.204077
0.0379 -0.148584
0.0286 -0.108807
0.0209 -0.077302
0.0139 -0.050436
0.0074 -0.025693
0.0013 -0.004344
-0.0049 0.014570
-0.0113 0.032189
-0.0182 0.046548
-0.0262 0.060259
-0.0355 0.074145
-0.0463 0.088706
-0.0589 0.104251
-0.0733 0.118961
-0.0913 0.122431
-0.1140 0.126423
-0.1409 0.129256
-0.1707 0.129444
-0.2012 0.126216
-0.2308 0.119737
-0.2583 0.110813
-0.2831 0.100446
-0.3051 0.089528
-0.3245 0.078723
-0.3413 0.068470
-0.3558 0.059025
-0.3682 0.050512
-0.3788 0.042965
-0.3877 0.036357
-0.3950 0.030632
-0.4010 0.025712
-0.4058 0.021512
-0.4095 0.017949
-0.4122 0.014939
-0.4140 0.012407
-0.4151 0.010285
-0.4155 0.008513
-0.4154 0.007036
-0.4147 0.005808
-0.4135 0.004789
-0.4120 0.003945
-0.4102 0.003247
-0.4080 0.002671
-0.4057 0.002195
-0.4031 0.001804
-0.4004 0.001481
-0.3976 0.001216
-0.3947 0.000998
-0.3917 0.000819
-0.3887 0.000672
-0.3857 0.000551
-0.3827 0.000452
-0.3797 0.000371
-0.3768 0.000304
-0.3740 0.000250
-0.3713 0.000205
-0.3688 0.000168
-0.3664 0.000138
-0.3160 0.340526
-0.2583 0.278257
-0.2127 0.229183
-0.1745 0.187954
-0.1397 0.150597
-0.1054 0.113667
-0.0524 0.113782
0.0033 -0.005967
0.0555 -0.118227
0.0911 -0.293305
0.0978 -0.315231
0.0963 -0.310687
0.0904 -0.291704
0.0822 -0.265244
0.0728 -0.235214
0.0592 -0.245708
0.0440 -0.175733
0.0334 -0.128804
0.0249 -0.093462
0.0176 -0.064412
0.0108 -0.038920
0.0046 -0.015367
-0.0016 0.004673
-0.0078 0.022901
-0.0144 0.039062
-0.0218 0.052969
-0.0303 0.066697
-0.0403 0.080854
-0.0520 0.095857
-0.0654 0.111908
-0.0811 0.120533
-0.1013 0.124437
-0.1261 0.128088
-0.1545 0.129836
-0.1849 0.128467
-0.2151 0.123651
-0.2439 0.115908
-0.2701 0.106185
-0.2937 0.095458
-0.3144 0.084517
-0.3326 0.073920
-0.3483 0.064015
-0.3618 0.054989
-0.3734 0.046919
-0.3831 0.039809
-0.3913 0.033617
-0.3980 0.028272
-0.4034 0.023694
-0.4077 0.019798
-0.4109 0.016499
-0.4132 0.013718
-0.4147 0.011384
-0.4155 0.009430
-0.4156 0.007799
-0.4152 0.006442
-0.4143 0.005315
-0.4130 0.004380
-0.4113 0.003607
-0.4093 0.002968
-0.4071 0.002441
-0.4046 0.002006
-0.4020 0.001648
-0.3992 0.001353
-0.3963 0.001111
-0.3934 0.000911
-0.3904 0.000748
-0.3874 0.000614
-0.3844 0.000503
-0.3814 0.000413
-0.3785 0.000339
-0.3756 0.000278
-0.3729 0.000228
-0.3702 0.000187
-0.3678 0.000154
-0.3547 0.382306
-0.2876 0.309916
-0.2362 0.254495
-0.1945 0.209588
-0.1583 0.170588
-0.1242 0.133866
-0.0828 0.179240
-0.0271 0.059425
0.0279 -0.058946
0.0753 -0.161089
0.0955 -0.307607
0.0978 -0.315566
0.0940 -0.303297
0.0868 -0.280266
0.0780 -0.251815
0.0686 -0.216827
0.0516 -0.209932
0.0389 -0.152515
0.0294 -0.111749
0.0215 -0.079696
0.0145 -0.052507
0.0079 -0.027586
0.0018 -0.005924
-0.0044 0.013159
-0.0108 0.030879
-0.0176 0.045525
-0.0255 0.059269
-0.0347 0.073138
-0.0455 0.087650
-0.0579 0.103129
-0.0722 0.119074
-0.0897 0.122389
-0.1121 0.126368
-0.1387 0.129328
-0.1682 0.129745
-0.1988 0.126777
-0.2285 0.120516
-0.2561 0.111736
-0.2812 0.101436
-0.3034 0.090521
-0.3230 0.079675
-0.3400 0.069355
-0.3547 0.059829
-0.3673 0.051229
-0.3780 0.043595
-0.3871 0.036906
-0.3945 0.031105
-0.4006 0.026117
-0.4055 0.021857
-0.4093 0.018240
-0.4121 0.015185
-0.4140 0.012614
-0.4152 0.010459
-0.4157 0.008657
-0.4155 0.007156
-0.4149 0.005908
-0.4138 0.004872
-0.4123 0.004013
-0.4105 0.003304
-0.4084 0.002718
-0.4060 0.002234
-0.4035 0.001836
-0.4008 0.001508
-0.3980 0.001238
-0.3951 0.001016
-0.3921 0.000834
-0.3891 0.000684
-0.3861 0.000561
-0.3831 0.000460
-0.3802 0.000378
-0.3773 0.000310
-0.3744 0.000254
-0.3718 0.000209
-0.3692 0.000171
-0.3669 0.000141
-0.3203 0.345101
-0.2616 0.281787
-0.2154 0.232070
-0.1768 0.190489
-0.1420 0.153012
-0.1077 0.116191
-0.0562 0.121978
-0.0005 0.002259
0.0521 -0.111070
0.0901 -0.290289
0.0976 -0.314628
0.0965 -0.311451
0.0908 -0.293199
0.0827 -0.267108
0.0735 -0.237242
0.0607 -0.252276
0.0450 -0.179840
0.0341 -0.131706
0.0255 -0.095711
0.0181 -0.066282
0.0113 -0.040622
0.0050 -0.016787
-0.0012 0.003453
-0.0074 0.021798
-0.0140 0.038215
-0.0213 0.052180
-0.0298 0.065917
-0.0397 0.080050
-0.0512 0.095005
-0.0646 0.111002
-0.0800 0.120671
-0.0999 0.124480
-0.1243 0.128161
-0.1526 0.130049
-0.1828 0.128883
-0.2131 0.124268
-0.2420 0.116675
-0.2684 0.107036
-0.2921 0.096334
-0.3131 0.085373
-0.3314 0.074727
-0.3473 0.064754
-0.3610 0.055653
-0.3727 0.047507
-0.3826 0.040324
-0.3908 0.034062
-0.3976 0.028655
-0.4031 0.024021
-0.4075 0.020076
-0.4108 0.016734
-0.4132 0.013916
-0.4147 0.011549
-0.4155 0.009568
-0.4157 0.007915
-0.4154 0.006538
-0.4145 0.005395
-0.4132 0.004447
-0.4116 0.003662
-0.4096 0.003013
-0.4074 0.002478
-0.4049 0.002037
-0.4023 0.001673
-0.3996 0.001374
-0.3967 0.001128
-0.3938 0.000925
-0.3908 0.000759
-0.3878 0.000623
-0.3848 0.000511
-0.3818 0.000419
-0.3789 0.000344
-0.3760 0.000282
-0.3733 0.000232
-0.3706 0.000190
-0.3682 0.000156
-0.3597 0.387634
-0.2914 0.313923
-0.2392 0.257663
-0.1970 0.212260
-0.1606 0.173017
-0.1264 0.136274
-0.0864 0.186969
-0.0307 0.067116
0.0245 -0.051579
0.0727 -0.155400
0.0949 -0.305840
0.0979 -0.315649
0.0943 -0.304394
0.0873 -0.281892
0.0786 -0.253700
0.0691 -0.219427
0.0527 -0.215076
0.0396 -0.155886
0.0300 -0.114216
0.0220 -0.081662
0.0149 -0.054180
0.0083 -0.029102
0.0022 -0.007188
-0.0040 0.012031
-0.0104 0.029834
-0.0172 0.044703
-0.0250 0.058479
-0.0342 0.072344
-0.0448 0.086825
-0.0572 0.102259
-0.0713 0.118746
-0.0886 0.122484
-0.1106 0.126420
-0.1369 0.129455
-0.1663 0.130038
-0.1968 0.127269
-0.2266 0.121182
-0.2544 0.112518
-0.2796 0.102271
-0.3020 0.091358
-0.3218 0.080478
-0.3389 0.070101
-0.3538 0.060507
-0.3666 0.051834
-0.3774 0.044127
-0.3865 0.037369
-0.3941 0.031505
-0.4003 0.026460
-0.4053 0.022149
-0.4091 0.018488
-0.4120 0.015394
-0.4140 0.012789
-0.4152 0.010605
-0.4157 0.008780
-0.4157 0.007258
-0.4151 0.005993
-0.4140 0.004942
-0.4126 0.004072
-0.4108 0.003352
-0.4087 0.002758
-0.4064 0.002267
-0.4038 0.001863
-0.4012 0.001530
-0.3984 0.001256
-0.3955 0.001031
-0.3925 0.000846
-0.3895 0.000694
-0.3865 0.000570
-0.3835 0.000467
-0.3806 0.000383
-0.3777 0.000315
-0.3749 0.000258
-0.3722 0.000212
-0.3696 0.000174
-0.3673 0.000143
-0.3232 0.348305
-0.2638 0.284264
-0.2173 0.234101
-0.1785 0.192279
-0.1436 0.154723
-0.1094 0.117983
-0.0591 0.128310
-0.0035 0.008667
0.0495 -0.105386
0.0893 -0.287461
0.0973 -0.313855
0.0967 -0.311861
0.0912 -0.294249
0.0832 -0.268490
0.0739 -0.238779
0.0619 -0.257910
0.0458 -0.183339
0.0347 -0.134157
0.0260 -0.097591
0.0185 -0.067829
0.0116 -0.041961
0.0053 -0.017944
-0.0008 0.002463
-0.0071 0.020910
-0.0136 0.037505
-0.0209 0.051537
-0.0294 0.065304
-0.0392 0.079442
-0.0507 0.094386
-0.0640 0.110365
-0.0793 0.120968
-0.0989 0.124670
-0.1231 0.128342
-0.1511 0.130310
-0.1813 0.129277
-0.2116 0.124800
-0.2405 0.117312
-0.2671 0.107732
-0.2909 0.097044
-0.3120 0.086064
-0.3305 0.075375
-0.3465 0.065348
-0.3603 0.056187
-0.3721 0.047980
-0.3821 0.040737
-0.3904 0.034420
-0.3973 0.028963
-0.4029 0.024284
-0.4073 0.020299
-0.4107 0.016922
-0.4131 0.014075
-0.4147 0.011682
-0.4156 0.009680
-0.4158 0.008008
-0.4155 0.006616
-0.4147 0.005459
-0.4134 0.004500
-0.4118 0.003706
-0.4099 0.003050
-0.4077 0.002508
-0.4052 0.002061
-0.4026 0.001693
-0.3999 0.001391
-0.3970 0.001142
-0.3941 0.000937
-0.3911 0.000769
-0.3881 0.000631
-0.3851 0.000518
-0.3822 0.000425
-0.3792 0.000348
-0.3764 0.000286
-0.3736 0.000235
-0.3710 0.000193
-0.3686 0.000158
-0.3608 0.388854
-0.2922 0.314864
-0.2399 0.258431
-0.1977 0.212932
-0.1612 0.173655
-0.1270 0.136933
-0.0875 0.189316
-0.0318 0.069513
0.0234 -0.049202
0.0718 -0.153480
0.0947 -0.305136
0.0978 -0.315537
0.0944 -0.304616
0.0875 -0.282296
0.0787 -0.254196
0.0693 -0.220066
0.0531 -0.216812
0.0399 -0.157003
0.0302 -0.115010
0.0221 -0.082272
0.0150 -0.054679
0.0084 -0.029540
0.0023 -0.007533
-0.0039 0.011744
-0.0103 0.029587
-0.0171 0.044519
-0.0249 0.058325
-0.0340 0.072209
-0.0447 0.086703
-0.0571 0.102146
-0.0712 0.118641
-0.0884 0.122632
-0.1103 0.126551
-0.1366 0.129592
-0.1660 0.130199
-0.1964 0.127460
-0.2262 0.121399
-0.2541 0.112749
-0.2793 0.102505
-0.3018 0.091586
-0.3215 0.080693
-0.3388 0.070298
-0.3537 0.060684
-0.3664 0.051991
-0.3773 0.044265
-0.3865 0.037489
-0.3941 0.031609
-0.4003 0.026548
-0.4053 0.022225
-0.4092 0.018552
-0.4121 0.015447
-0.4141 0.012835
-0.4153 0.010644
-0.4159 0.008812
-0.4158 0.007285
-0.4152 0.006015
-0.4142 0.004961
-0.4127 0.004087
-0.4109 0.003365
-0.4089 0.002768
-0.4066 0.002276
-0.4041 0.001870
-0.4014 0.001536
-0.3986 0.001261
-0.3957 0.001035
-0.3927 0.000849
-0.3898 0.000697
-0.3867 0.000572
-0.3838 0.000469
-0.3808 0.000385
-0.3779 0.000316
-0.3751 0.000259
-0.3724 0.000213
-0.3699 0.000175
-0.3675 0.000144
-0.3222 0.347140
-0.2630 0.283400
-0.2167 0.233430
-0.1780 0.191724
-0.1431 0.154231
-0.1089 0.117507
-0.0585 0.126978
-0.0029 0.007403
0.0500 -0.106430
0.0894 -0.287822
0.0973 -0.313813
0.0966 -0.311599
0.0911 -0.293875
0.0830 -0.268066
0.0738 -0.238339
0.0618 -0.257282
0.0457 -0.182915
0.0346 -0.133812
0.0259 -0.097276
0.0184 -0.067523
0.0116 -0.041655
