0.0995 -0.009645
0.0817 -0.006554
0.0608 -0.004040
0.0352 -0.001939
0.0014 -0.000082
-0.0460 0.001699
-0.1126 0.003458
-0.1926 0.004903
-0.2695 0.005683
-0.3338 0.005826
-0.3845 0.005553
-0.4235 0.005059
-0.4531 0.004476
-0.4753 0.003883
-0.4917 0.003322
-0.5036 0.002814
-0.5121 0.002366
-0.5180 0.001979
-0.5218 0.001649
-0.5240 0.001369
-0.5051 0.190631
-0.4747 0.178938
-0.4499 0.169463
-0.4295 0.161648
-0.4123 0.155079
-0.3976 0.149479
-0.3849 0.144662
-0.3740 0.140493
-0.3644 0.136862
-0.3560 0.133679
-0.3486 0.130864
-0.3420 0.128347
-0.3359 0.126040
-0.3301 0.123878
-0.3247 0.121837
-0.3196 0.119922
-0.3149 0.118142
-0.3118 0.101611
-0.3121 0.084939
-0.3150 0.071587
-0.3111 0.175829
-0.2965 0.158248
-0.2855 0.144914
-0.2772 0.134647
-0.2710 0.126654
-0.2662 0.120390
-0.2628 0.115467
-0.2603 0.111601
-0.2586 0.108575
-0.2575 0.106225
-0.2570 0.104418
-0.2557 0.198630
-0.2384 0.184113
-0.2238 0.172023
-0.2113 0.161771
-0.2004 0.152944
-0.1909 0.145254
-0.1824 0.138495
-0.1749 0.132519
-0.1690 0.118376
-0.1659 0.106823
-0.1652 0.098665
-0.1668 0.093187
-0.1705 0.089865
-0.1763 0.088253
-0.1837 0.087947
-0.1922 0.088586
-0.2015 0.089866
-0.2111 0.091098
-0.2222 0.079274
-0.2356 0.069486
-0.2506 0.061108
-0.2666 0.053751
-0.2830 0.047185
-0.2994 0.041281
-0.3155 0.035963
-0.3309 0.031187
-0.3233 0.146392
-0.3165 0.139036
-0.3111 0.133227
-0.3072 0.128714
-0.3045 0.125247
-0.3024 0.122501
-0.3006 0.120194
-0.2987 0.118143
-0.2966 0.116253
-0.2942 0.114477
-0.2917 0.112793
-0.2891 0.111199
-0.2865 0.109703
-0.2838 0.108314
-0.2813 0.107037
-0.2790 0.105876
-0.2768 0.104828
-0.2748 0.103891
-0.2730 0.103058
-0.2720 0.091473
-0.2741 0.076955
-0.2785 0.065299
-0.2699 0.154153
-0.2595 0.139772
-0.2516 0.128760
-0.2458 0.120231
-0.2415 0.113595
-0.2385 0.108436
-0.2366 0.104446
-0.2355 0.101391
-0.2352 0.099088
-0.2256 0.178040
-0.2110 0.165139
-0.1983 0.154147
-0.1871 0.144600
-0.1770 0.136166
-0.1575 0.179858
-0.1373 0.156531
-0.1186 0.127690
-0.1009 0.103190
-0.0828 0.080988
-0.0630 0.059349
-0.0401 0.036673
-0.0127 0.011498
0.0199 -0.016858
0.0560 -0.046849
0.0901 -0.074218
0.1165 -0.094686
0.1330 -0.103950
0.1415 -0.100685
0.1436 -0.093918
0.1408 -0.085386
0.1348 -0.070469
0.1271 -0.054972
0.1178 -0.042162
0.1068 -0.031645
0.0941 -0.023053
0.0791 -0.016046
0.0613 -0.010293
0.0393 -0.005475
0.0106 -0.001256
-0.0291 0.002715
-0.0858 0.006679
-0.1593 0.010287
-0.2365 0.012654
-0.3043 0.013489
-0.3591 0.013175
-0.4015 0.012193
-0.4338 0.010901
-0.4581 0.009526
-0.4548 0.178399
-0.4420 0.172059
-0.4311 0.166763
-0.4218 0.162320
-0.4139 0.158561
-0.4068 0.155286
-0.4002 0.152322
-0.3939 0.149547
-0.3878 0.146895
-0.3817 0.144345
-0.3757 0.141893
-0.3700 0.139543
-0.3644 0.137299
-0.3393 0.255152
-0.3154 0.237068
-0.2962 0.222554
-0.2806 0.207750
-0.2697 0.183425
-0.2631 0.165698
-0.2595 0.152511
-0.2579 0.142521
-0.2577 0.134841
-0.2584 0.128879
-0.2597 0.124228
-0.2614 0.120598
-0.2634 0.117772
-0.2656 0.115580
-0.2606 0.208715
-0.2462 0.187127
-0.2367 0.164863
-0.2310 0.148635
-0.2142 0.208823
-0.1997 0.187219
-0.1882 0.170682
-0.1791 0.157779
-0.1717 0.147583
-0.1658 0.139497
-0.1611 0.133130
-0.1576 0.128198
-0.1550 0.124483
-0.1533 0.121810
-0.1525 0.120045
-0.1525 0.119083
-0.1532 0.118843
-0.1546 0.117331
-0.1581 0.109451
-0.1640 0.104546
-0.1723 0.096829
-0.1844 0.085659
-0.1998 0.076785
-0.2180 0.069256
-0.2378 0.062482
-0.2583 0.056146
-0.2789 0.050124
-0.2987 0.044405
-0.3174 0.039030
-0.3348 0.034048
-0.3508 0.029500
-0.3653 0.025408
-0.3784 0.021768
-0.3901 0.018561
-0.4004 0.015757
-0.4093 0.013322
-0.4169 0.011222
-0.4233 0.009423
-0.4286 0.007891
-0.4330 0.006593
-0.4366 0.005498
-0.4197 0.161866
-0.3956 0.151844
-0.3755 0.143549
-0.3587 0.136664
-0.3445 0.130927
-0.3325 0.126082
-0.3221 0.121913
-0.3130 0.118253
-0.3047 0.114988
-0.2972 0.112048
-0.2904 0.109393
-0.2843 0.107001
-0.2788 0.104858
-0.2738 0.102950
-0.2695 0.101262
-0.2656 0.099773
-0.2622 0.098453
-0.2592 0.093528
-0.2587 0.077948
-0.2610 0.065669
-0.2655 0.055780
-0.2716 0.047663
-0.2660 0.138767
-0.2561 0.127413
-0.2484 0.118575
-0.2425 0.111650
-0.2380 0.106215
-0.2263 0.183321
-0.2085 0.166894
-0.1932 0.153064
-0.1797 0.141120
-0.1675 0.130551
-0.1562 0.120989
-0.1455 0.112161
-0.1353 0.103845
-0.1253 0.095832
-0.1153 0.087910
-0.1050 0.079850
-0.0940 0.071393
-0.0821 0.062221
-0.0686 0.050977
-0.0534 0.036351
-0.0358 0.022515
-0.0144 0.008511
0.0117 -0.006197
0.0425 -0.018839
0.0756 -0.027827
0.1067 -0.032526
0.1315 -0.033185
0.1481 -0.030935
0.1569 -0.027101
0.1590 -0.022720
0.1560 -0.018435
0.1491 -0.014574
0.1393 -0.011260
0.1271 -0.008501
0.1129 -0.006246
0.0966 -0.004422
0.0778 -0.002946
0.0554 -0.001738
0.0273 -0.000713
-0.0105 0.000216
-0.0646 0.001129
-0.1382 0.002005
-0.2202 0.002647
-0.2942 0.002929
-0.3541 0.002918
-0.4004 0.002729
-0.4356 0.002456
-0.4569 0.173492
-0.4471 0.169402
-0.4383 0.165791
-0.4304 0.162540
-0.4229 0.159524
-0.4157 0.156654
-0.4087 0.153899
-0.4020 0.151261
-0.3955 0.148752
-0.3894 0.146375
-0.3836 0.144123
-0.3780 0.141984
-0.3726 0.139933
-0.3674 0.137944
-0.3623 0.136006
-0.3573 0.134118
-0.3525 0.132288
-0.3480 0.124605
-0.3466 0.103617
-0.3481 0.086923
-0.3518 0.073344
-0.3392 0.186371
-0.3241 0.168747
-0.3128 0.155339
-0.3042 0.144959
-0.2976 0.136816
-0.2924 0.130361
-0.2884 0.125209
-0.2853 0.121074
-0.2829 0.117739
-0.2810 0.115038
-0.2795 0.112839
-0.2783 0.111040
-0.2773 0.109559
-0.2765 0.108331
-0.2759 0.107311
-0.2753 0.106466
-0.2749 0.105778
-0.2751 0.096567
-0.2782 0.080762
-0.2840 0.068170
-0.2916 0.057896
-0.3006 0.049351
-0.3104 0.042137
-0.3205 0.035985
-0.3307 0.030706
-0.3406 0.026161
-0.3503 0.022252
-0.3600 0.018912
-0.3702 0.016081
-0.3811 0.013691
-0.3925 0.011663
-0.4039 0.009924
-0.4143 0.008421
-0.4235 0.007118
-0.4081 0.158633
-0.3885 0.150106
-0.3715 0.142809
-0.3565 0.136475
-0.3432 0.130904
-0.3312 0.125958
-0.3203 0.121542
-0.3105 0.117592
-0.3017 0.114059
-0.2937 0.110900
-0.2866 0.108073
-0.2801 0.105536
-0.2743 0.103256
-0.2690 0.101205
-0.2643 0.099364
-0.2600 0.097719
-0.2562 0.096259
-0.2529 0.094127
-0.2517 0.078234
-0.2536 0.065806
-0.2578 0.055865
-0.2638 0.047742
-0.2712 0.040981
-0.2795 0.035272
-0.2689 0.129213
-0.2601 0.120464
-0.2531 0.113533
-0.2475 0.108016
-0.2431 0.103627
-0.2308 0.183146
-0.2127 0.167274
-0.1971 0.153804
-0.1832 0.142073
-0.1706 0.131593
-0.1589 0.122002
-0.1477 0.113021
-0.1369 0.104419
-0.1262 0.095979
-0.1152 0.087469
-0.1037 0.078626
-0.0913 0.069114
-0.0773 0.058492
-0.0610 0.046147
-0.0415 0.029169
-0.0176 0.011512
0.0122 -0.007070
0.0478 -0.025411
0.0860 -0.037937
0.1209 -0.044144
0.1475 -0.044575
0.1643 -0.041102
0.1724 -0.035667
0.1734 -0.029670
0.1690 -0.023926
0.1608 -0.018825
0.1497 -0.014497
0.1365 -0.010930
0.1215 -0.008044
0.1046 -0.005731
0.0856 -0.003881
0.0636 -0.002388
0.0368 -0.001145
0.0012 -0.000042
-0.0495 0.001033
-0.1213 0.002106
-0.2062 0.002967
-0.2857 0.003405
-0.3510 0.003462
-0.4017 0.003278
-0.4401 0.002970
-0.4687 0.002616
-0.4899 0.002261
-0.4730 0.179237
-0.4586 0.173449
-0.4461 0.168500
-0.4352 0.164179
-0.4254 0.160326
-0.4165 0.156822
-0.4081 0.153577
-0.4003 0.150527
-0.3928 0.147638
-0.3856 0.144897
-0.3788 0.142296
-0.3724 0.139831
-0.3662 0.137492
-0.3603 0.135262
-0.3547 0.133130
-0.3493 0.131092
-0.3443 0.124392
-0.3422 0.103255
-0.3433 0.086502
-0.3466 0.072918
-0.3277 0.303712
-0.2927 0.262760
-0.2666 0.232795
-0.2464 0.210172
-0.2304 0.192633
-0.2175 0.178748
-0.2069 0.167579
-0.1981 0.158485
-0.1907 0.151006
-0.1845 0.144798
-0.1792 0.139608
-0.1746 0.135247
-0.1708 0.131577
-0.1675 0.128496
-0.1648 0.125936
-0.1626 0.123849
-0.1608 0.122200
-0.1599 0.112054
-0.1630 0.094431
-0.1704 0.081586
-0.1816 0.071874
-0.1960 0.064162
-0.2131 0.057673
-0.2319 0.051908
-0.2517 0.046584
-0.2716 0.041575
-0.2912 0.036852
-0.3099 0.032433
-0.3275 0.028345
-0.3268 0.145996
-0.3211 0.139469
-0.3172 0.134510
-0.3148 0.130800
-0.3133 0.127997
-0.3123 0.125762
-0.3112 0.123821
-0.3097 0.122006
-0.3078 0.120242
-0.3039 0.231990
-0.2812 0.214032
-0.2624 0.199194
-0.2465 0.186754
-0.2330 0.176246
-0.2215 0.167281
-0.2114 0.159501
-0.2025 0.152620
-0.1952 0.137400
-0.1907 0.123884
-0.1885 0.113880
-0.1881 0.106506
-0.1892 0.101155
-0.1916 0.097394
-0.1951 0.094898
-0.1996 0.093415
-0.2049 0.092737
-0.2108 0.092683
-0.2171 0.089270
-0.2255 0.077448
-0.2363 0.067759
-0.2487 0.059564
-0.2622 0.052448
-0.2734 0.148251
-0.2648 0.235745
-0.2440 0.211596
-0.2275 0.192910
-0.2141 0.178078
-0.2030 0.166064
-0.1935 0.156186
-0.1855 0.147985
-0.1787 0.141138
-0.1729 0.135405
-0.1679 0.130604
-0.1637 0.126597
-0.1602 0.123286
-0.1574 0.120599
-0.1552 0.118489
-0.1536 0.116923
-0.1526 0.115876
-0.1522 0.115326
-0.1523 0.115250
-0.1532 0.112020
-0.1568 0.096973
-0.1648 0.084241
-0.1768 0.074698
-0.1922 0.067143
-0.2103 0.060767
-0.2306 0.055075
-0.2521 0.049801
-0.2743 0.044799
-0.2962 0.040004
-0.3170 0.035413
-0.3363 0.031066
-0.3537 0.027021
-0.3693 0.023327
-0.3831 0.020013
-0.3955 0.017083
-0.4066 0.014522
-0.4012 0.162275
-0.3842 0.153440
-0.3701 0.146259
-0.3583 0.140340
-0.3483 0.135405
-0.3396 0.131212
-0.3318 0.127565
-0.3248 0.124327
-0.3183 0.121412
-0.3122 0.118769
-0.3067 0.116363
-0.3015 0.114171
-0.2967 0.112173
-0.2923 0.110350
-0.2882 0.108680
-0.2844 0.107144
-0.2809 0.105727
-0.2776 0.104420
-0.2749 0.095656
-0.2750 0.079928
-0.2779 0.067431
-0.2827 0.057287
-0.2890 0.048904
-0.2963 0.041874
-0.3043 0.035908
-0.3125 0.030802
-0.3178 0.145395
-0.3040 0.134956
-0.2927 0.126629
-0.2834 0.119920
-0.2679 0.211860
-0.2426 0.281506
-0.2070 0.239007
-0.1773 0.203877
-0.1509 0.173018
-0.1261 0.144142
-0.1010 0.115272
-0.0740 0.084357
-0.0429 0.049051
-0.0059 0.007156
0.0367 -0.041005
0.0794 -0.086776
0.1147 -0.119087
0.1383 -0.137226
0.1507 -0.143584
0.1542 -0.141827
0.1514 -0.135044
0.1443 -0.124846
0.1352 -0.103698
0.1263 -0.080165
0.1172 -0.061593
0.1074 -0.046731
0.0964 -0.034748
0.0839 -0.025034
0.0692 -0.017104
0.0514 -0.010541
0.0290 -0.004952
-0.0008 0.000061
-0.0428 0.004901
-0.1020 0.009727
-0.1754 0.013886
-0.2494 0.016369
-0.3136 0.017061
-0.3659 0.016492
-0.4074 0.015211
-0.4399 0.013603
-0.4650 0.011910
-0.4842 0.010270
-0.4986 0.008758
-0.5091 0.007406
-0.5166 0.006223
-0.5215 0.005202
-0.5244 0.004332
-0.5257 0.003596
-0.5256 0.002978
-0.5245 0.002461
-0.5225 0.002031
-0.5199 0.001673
-0.5169 0.001378
-0.5136 0.001134
-0.5102 0.000933
-0.5070 0.000768
-0.5030 0.189420
-0.4662 0.175419
-0.4360 0.163962
-0.4109 0.154479
-0.3898 0.146482
-0.3717 0.139614
-0.3559 0.133663
-0.3422 0.128495
-0.3303 0.124006
-0.3199 0.120089
-0.3108 0.116650
-0.3028 0.113617
-0.2957 0.110933
-0.2893 0.108554
-0.2837 0.106443
-0.2668 0.200297
-0.2453 0.184145
-0.2261 0.242706
-0.1983 0.202226
-0.1757 0.171439
-0.1564 0.146806
-0.1389 0.126085
-0.1221 0.107711
-0.1051 0.090447
-0.0868 0.073148
-0.0658 0.054574
-0.0406 0.033240
-0.0090 0.007539
0.0296 -0.023184
0.0722 -0.052471
0.1117 -0.074821
0.1414 -0.087983
0.1601 -0.085661
0.1702 -0.075618
0.1734 -0.063990
0.1715 -0.052531
0.1656 -0.042131
0.1569 -0.033141
0.1460 -0.025607
0.1334 -0.019420
0.1192 -0.014405
0.1033 -0.010369
0.0854 -0.007120
0.0646 -0.004482
0.0395 -0.002282
0.0069 -0.000346
-0.0385 0.001503
-0.1028 0.003350
-0.1820 0.004941
-0.2601 0.005873
-0.3261 0.006119
-0.3782 0.005896
-0.4182 0.005417
-0.4487 0.004827
-0.4715 0.004214
-0.4886 0.003627
-0.5016 0.003092
-0.5118 0.002620
-0.5202 0.002212
-0.5270 0.001861
-0.5321 0.001561
-0.5353 0.001304
-0.5369 0.001087
-0.5087 0.191703
-0.4779 0.179956
-0.4525 0.170258
-0.4312 0.162156
-0.4131 0.155303
-0.3977 0.149434
-0.3843 0.144346
-0.3725 0.139887
-0.3621 0.135944
-0.3528 0.132428
-0.3444 0.129273
-0.3369 0.126423
-0.3300 0.123834
-0.3237 0.121463
-0.3179 0.116935
-0.3148 0.096674
-0.3148 0.080738
-0.3171 0.067924
-0.3211 0.057442
-0.3264 0.048751
-0.3295 0.164743
-0.3021 0.258372
-0.2715 0.227436
-0.2472 0.203564
-0.2275 0.184552
-0.2109 0.168963
-0.1966 0.155850
-0.1840 0.144573
-0.1727 0.134685
-0.1624 0.125855
-0.1528 0.117831
-0.1438 0.110412
-0.1352 0.103431
-0.1269 0.096748
-0.1186 0.090238
-0.1104 0.083782
-0.1020 0.077261
-0.0932 0.070546
-0.0840 0.063486
-0.0745 0.050487
-0.0658 0.036882
-0.0578 0.026802
-0.0504 0.019302
-0.0434 0.013741
-0.0367 0.009621
-0.0302 0.006551
-0.0236 0.004234
-0.0165 0.002458
-0.0087 0.001074
0.0002 -0.000015
0.0106 -0.000875
0.0224 -0.001543
0.0357 -0.002035
0.0499 -0.002353
0.0640 -0.002497
0.0768 -0.002476
0.0867 -0.002315
0.0927 -0.002048
0.0941 -0.001719
0.0908 -0.001372
0.0831 -0.001040
0.0714 -0.000739
0.0554 -0.000475
0.0339 -0.000241
0.0043 -0.000027
-0.0384 0.000183
-0.0998 0.000396
-0.1774 0.000583
-0.2555 0.000695
-0.3224 0.000726
-0.3756 0.000700
-0.4165 0.000642
-0.4475 0.000571
-0.4707 0.000496
-0.4878 0.000425
-0.5002 0.000361
-0.5089 0.000304
-0.5149 0.000254
-0.5186 0.000212
-0.5207 0.000176
-0.5215 0.000145
-0.5212 0.000120
-0.5201 0.000099
-0.5184 0.000082
-0.5160 0.000067
-0.5132 0.000055
-0.5101 0.000045
-0.5068 0.000037
-0.5033 0.000031
-0.4878 0.183065
-0.4419 0.331889
-0.3779 0.425990
-0.3146 0.354582
-0.2678 0.301765
-0.2317 0.261040
-0.2025 0.228142
-0.1778 0.200270
-0.1558 0.175515
-0.1353 0.152458
-0.1153 0.129900
-0.0946 0.106660
-0.0721 0.081419
-0.0465 0.052626
-0.0163 0.018731
0.0187 -0.019992
0.0563 -0.057812
0.0910 -0.089475
0.1184 -0.098608
0.1382 -0.095428
0.1504 -0.086121
0.1561 -0.074112
0.1565 -0.061633
0.1530 -0.049933
0.1463 -0.039592
0.1372 -0.030780
0.1261 -0.023446
0.1130 -0.017433
0.0981 -0.012543
0.0808 -0.008569
0.0603 -0.005309
0.0349 -0.002558
0.0013 -0.000104
-0.0460 0.002273
-0.1127 0.004636
-0.1927 0.006591
-0.2696 0.007657
-0.3337 0.007865
-0.3840 0.007508
-0.4226 0.006852
-0.4518 0.006075
-0.4740 0.005286
-0.4910 0.004540
-0.5041 0.003865
-0.5141 0.003269
-0.5041 0.191788
-0.4789 0.181767
-0.4584 0.173638
-0.4413 0.166866
-0.4265 0.161071
-0.4136 0.155994
-0.4020 0.151470
-0.3915 0.147399
-0.3820 0.143719
-0.3733 0.140382
-0.3654 0.137345
-0.3581 0.134567
-0.3527 0.115745
-0.3511 0.096224
-0.3523 0.080626
-0.3553 0.067907
-0.3594 0.057369
-0.3642 0.048544
-0.3693 0.041104
-0.3744 0.034808
-0.3796 0.029467
-0.3845 0.024930
-0.3893 0.021076
-0.3757 0.299116
-0.3319 0.261764
-0.2980 0.233117
-0.2711 0.210618
-0.2492 0.192528
-0.2311 0.177669
-0.2158 0.165237
-0.2026 0.154668
-0.1912 0.145546
-0.1811 0.137547
-0.1721 0.130424
-0.1639 0.123984
-0.1563 0.118083
-0.1492 0.112611
-0.1426 0.107489
-0.1363 0.102657
-0.1303 0.098070
-0.1245 0.093696
-0.1191 0.086301
-0.1162 0.069587
-0.1169 0.057833
-0.1213 0.049632
-0.1265 0.090215
-0.1287 0.084252
-0.1337 0.081009
-0.1410 0.079779
-0.1500 0.079932
-0.1606 0.081164
-0.1726 0.083316
-0.1858 0.086202
-0.1925 0.158574
-0.1927 0.156282
-0.1935 0.154862
-0.1947 0.154165
-0.1965 0.154108
-0.1985 0.154545
-0.2008 0.155281
-0.2029 0.156135
-0.2049 0.156971
-0.2066 0.157704
-0.2080 0.158287
-0.2091 0.158703
-0.2098 0.158951
-0.2103 0.159043
-0.2105 0.158994
-0.2110 0.151903
-0.2141 0.131685
-0.2212 0.113613
-0.2314 0.099244
-0.2439 0.087318
-0.2577 0.077046
-0.2721 0.067957
-0.2867 0.059790
-0.3009 0.052411
-0.3146 0.045752
-0.3274 0.039766
-0.3393 0.034414
-0.3502 0.029665
-0.3602 0.025483
-0.3695 0.021828
-0.3780 0.018651
-0.3859 0.015901
-0.3932 0.013528
-0.3998 0.011488
-0.3803 0.151811
-0.3379 0.260426
-0.3048 0.233898
-0.2785 0.212903
-0.2571 0.195929
-0.2394 0.181965
-0.2245 0.170306
-0.2118 0.160404
-0.2008 0.151816
-0.1910 0.144203
-0.1820 0.137318
-0.1738 0.130987
-0.1661 0.125088
-0.1588 0.119538
-0.1519 0.114279
-0.1453 0.109269
-0.1390 0.104481
-0.1329 0.099901
-0.1277 0.089604
-0.1251 0.072761
-0.1191 0.101922
-0.1130 0.087260
-0.1089 0.076642
-0.1071 0.069258
-0.1077 0.064564
-0.1109 0.062139
-0.1168 0.061673
-0.1255 0.062935
-0.1371 0.065718
-0.1513 0.069769
-0.1675 0.074753
-0.1850 0.080272
-0.2028 0.085922
-0.2200 0.091362
-0.2360 0.096354
-0.2504 0.100766
-0.2629 0.104550
-0.2738 0.100688
-0.2856 0.087670
-0.2983 0.076425
-0.2982 0.175696
-0.2920 0.161647
-0.2878 0.150852
-0.2852 0.142458
-0.2838 0.135906
-0.2832 0.130775
-0.2833 0.126728
-0.2837 0.123504
-0.2842 0.120906
-0.2848 0.118789
-0.2854 0.117041
-0.2858 0.115576
-0.2862 0.114331
-0.2864 0.113255
-0.2865 0.112313
-0.2870 0.101204
-0.2903 0.085488
-0.2959 0.072768
-0.3032 0.062255
-0.3115 0.053408
-0.3201 0.045845
-0.3288 0.039327
-0.3374 0.033700
-0.3458 0.028847
-0.3541 0.024667
-0.3622 0.021069
-0.3700 0.017974
-0.3774 0.015311
-0.3800 0.155472
-0.3607 0.145526
-0.3447 0.137451
-0.3313 0.130818
-0.3200 0.125316
-0.3104 0.120718
-0.3023 0.116853
-0.2953 0.113583
-0.2892 0.110791
-0.2839 0.108381
-0.2792 0.106281
-0.2589 0.195518
-0.2293 0.259261
-0.1979 0.223562
-0.1707 0.192814
-0.1459 0.164747
-0.1219 0.137643
-0.0973 0.109866
-0.0705 0.076782
-0.0401 0.041494
-0.0034 0.003756
0.0399 -0.037068
0.0848 -0.076485
0.1223 -0.107239
0.1471 -0.125904
0.1597 -0.130103
0.1643 -0.117407
0.1645 -0.097627
0.1616 -0.079646
0.1562 -0.063912
0.1486 -0.050502
0.1392 -0.039288
0.1282 -0.030043
0.1156 -0.022498
0.1013 -0.016378
0.0850 -0.011418
0.0660 -0.007367
0.0429 -0.003988
0.0132 -0.001040
