0.4055 0.3319
0.4226 0.3642
0.4382 0.3913
0.4529 0.4236
0.4687 0.4616
0.4852 0.5025
0.5016 0.5461
0.5232 0.6519
0.5645 0.8891
0.6092 1.0301
0.6376 1.0777
0.6555 1.1887
0.6749 1.3280
0.6875 1.3263
0.6885 1.2451
0.6804 1.1643
0.6723 1.1842
0.6766 1.3272
0.6863 1.3680
0.6915 1.3539
0.6958 1.4401
0.7039 1.4965
0.7070 1.4286
0.7006 1.2914
0.6859 1.1546
0.6671 1.0423
0.6476 0.9538
0.6293 0.8804
0.6125 0.8182
0.5975 0.7707
0.5853 0.7366
0.5752 0.7035
0.5651 0.6661
0.5540 0.6261
0.5417 0.5873
0.5290 0.5512
0.5162 0.5181
0.5037 0.4880
0.4917 0.4610
0.4806 0.4373
0.4703 0.4163
0.4609 0.3971
0.4519 0.3791
0.4433 0.3621
0.4350 0.3462
0.4270 0.3314
0.4194 0.3177
0.4122 0.3051
0.4055 0.2935
0.3992 0.2830
0.3933 0.2734
0.3879 0.2646
0.3829 0.2565
0.3782 0.2490
0.3739 0.2422
0.3698 0.2358
0.3661 0.2300
0.3626 0.2247
0.3594 0.2198
0.3564 0.2153
0.3537 0.2113
0.3513 0.2076
0.3490 0.2043
0.3470 0.2014
0.3452 0.1987
0.3435 0.1964
0.3421 0.1944
0.3409 0.1927
0.3398 0.1912
0.3389 0.1901
0.3382 0.1894
0.3378 0.1890
0.3376 0.1890
0.3376 0.1895
0.3379 0.1902
0.3384 0.1914
0.3392 0.1932
0.3403 0.1957
0.3419 0.1988
0.3440 0.2033
0.3470 0.2094
0.3507 0.2163
0.3549 0.2237
0.3595 0.2320
0.3649 0.2422
0.3713 0.2546
0.3787 0.2690
0.3881 0.2905
0.4020 0.3244
0.4190 0.3578
0.4350 0.3854
0.4497 0.4161
0.4652 0.4532
0.4816 0.4937
0.4980 0.5347
0.5173 0.6180
0.5541 0.8403
0.6008 1.0112
0.6329 1.0684
0.6517 1.1530
0.6710 1.3101
0.6856 1.3320
0.6889 1.2617
0.6821 1.1741
0.6729 1.1635
0.6743 1.3007
0.6842 1.3659
0.6905 1.3519
0.6942 1.4087
0.7020 1.4909
0.7065 1.4452
0.7022 1.3176
0.6889 1.1782
0.6706 1.0608
0.6511 0.9680
0.6324 0.8918
0.6152 0.8275
0.5997 0.7765
0.5870 0.7408
0.5765 0.7083
0.5666 0.6719
0.5557 0.6323
0.5437 0.5932
0.5309 0.5566
0.5181 0.5229
0.5055 0.4923
0.4934 0.4647
0.4821 0.4404
0.4717 0.4191
0.4621 0.3997
0.4531 0.3815
0.4445 0.3644
0.4361 0.3484
0.4281 0.3334
0.4205 0.3196
0.4132 0.3068
0.4064 0.2951
0.4001 0.2845
0.3942 0.2748
0.3887 0.2659
0.3836 0.2577
0.3789 0.2501
0.3745 0.2432
0.3704 0.2368
0.3667 0.2309
0.3632 0.2256
0.3599 0.2206
0.3570 0.2161
0.3542 0.2121
0.3517 0.2084
0.3495 0.2050
0.3474 0.2020
0.3456 0.1994
0.3440 0.1970
0.3425 0.1950
0.3412 0.1932
0.3401 0.1917
0.3392 0.1906
0.3385 0.1898
0.3380 0.1893
0.3378 0.1893
0.3377 0.1896
0.3380 0.1903
0.3384 0.1915
0.3392 0.1931
0.3403 0.1955
0.3418 0.1985
0.3438 0.2027
0.3466 0.2086
0.3502 0.2155
0.3544 0.2227
0.3589 0.2309
0.3641 0.2408
0.3704 0.2529
0.3777 0.2670
0.3867 0.2869
0.3999 0.3198
0.4169 0.3542
0.4332 0.3824
0.4479 0.4117
0.4632 0.4482
0.4795 0.4884
0.4959 0.5287
0.5139 0.5981
0.5469 0.7993
0.5942 0.9950
0.6292 1.0633
0.6491 1.1291
0.6678 1.2931
0.6840 1.3382
0.6893 1.2791
0.6839 1.1882
0.6743 1.1558
0.6731 1.2773
0.6826 1.3643
0.6900 1.3558
0.6935 1.3877
0.7007 1.4881
0.7064 1.4627
0.7039 1.3448
0.6920 1.2030
0.6743 1.0810
0.6547 0.9843
0.6358 0.9054
0.6184 0.8390
0.6025 0.7850
0.5892 0.7472
0.5785 0.7147
0.5685 0.6791
0.5579 0.6398
0.5460 0.6003
0.5333 0.5632
0.5205 0.5290
0.5078 0.4977
0.4956 0.4695
0.4841 0.4447
0.4736 0.4229
0.4638 0.4032
0.4547 0.3848
0.4460 0.3675
0.4377 0.3513
0.4296 0.3362
0.4219 0.3221
0.4146 0.3092
0.4077 0.2973
0.4012 0.2864
0.3953 0.2766
0.3897 0.2675
0.3846 0.2593
0.3798 0.2516
0.3754 0.2446
0.3713 0.2381
0.3674 0.2321
0.3639 0.2267
0.3606 0.2217
0.3576 0.2171
0.3548 0.2130
0.3523 0.2092
0.3500 0.2058
0.3479 0.2028
0.3461 0.2001
0.3444 0.1977
0.3429 0.1955
0.3416 0.1937
0.3405 0.1922
0.3395 0.1910
0.3388 0.1901
0.3382 0.1896
0.3379 0.1895
0.3379 0.1898
0.3381 0.1904
0.3385 0.1915
0.3392 0.1931
0.3402 0.1953
0.3417 0.1982
0.3436 0.2023
0.3463 0.2080
0.3499 0.2147
0.3539 0.2220
0.3584 0.2299
0.3635 0.2395
0.3696 0.2514
0.3768 0.2651
0.3854 0.2838
0.3980 0.3152
0.4147 0.3501
0.4313 0.3789
0.4460 0.4074
0.4612 0.4432
0.4773 0.4829
0.4937 0.5229
0.5110 0.5842
0.5413 0.7647
0.5887 0.9800
0.6260 1.0602
0.6472 1.1160
0.6655 1.2782
0.6827 1.3414
0.6895 1.2917
0.6853 1.1998
0.6756 1.1531
0.6724 1.2560
0.6813 1.3608
0.6895 1.3597
0.6930 1.3752
0.6997 1.4824
0.7062 1.4740
0.7049 1.3653
0.6942 1.2225
0.6770 1.0970
0.6575 0.9969
0.6385 0.9158
0.6208 0.8479
0.6047 0.7917
0.5909 0.7521
0.5799 0.7196
0.5700 0.6848
0.5596 0.6458
0.5478 0.6062
0.5353 0.5687
0.5225 0.5341
0.5098 0.5024
0.4975 0.4737
0.4859 0.4484
0.4752 0.4262
0.4653 0.4062
0.4562 0.3877
0.4474 0.3702
0.4390 0.3538
0.4309 0.3385
0.4231 0.3244
0.4157 0.3112
0.4088 0.2992
0.4023 0.2882
0.3962 0.2782
0.3906 0.2690
0.3854 0.2606
0.3806 0.2529
0.3761 0.2458
0.3720 0.2392
0.3681 0.2332
0.3645 0.2277
0.3612 0.2226
0.3581 0.2180
0.3553 0.2138
0.3528 0.2099
0.3505 0.2065
0.3483 0.2034
0.3464 0.2006
0.3447 0.1982
0.3432 0.1960
0.3419 0.1942
0.3407 0.1926
0.3397 0.1913
0.3390 0.1904
0.3384 0.1898
0.3381 0.1896
0.3380 0.1899
0.3381 0.1904
0.3385 0.1914
0.3391 0.1929
0.3401 0.1950
0.3415 0.1978
0.3433 0.2017
0.3459 0.2071
0.3493 0.2137
0.3533 0.2209
0.3577 0.2286
0.3627 0.2379
0.3686 0.2494
0.3756 0.2628
0.3839 0.2802
0.3957 0.3098
0.4120 0.3448
0.4287 0.3743
0.4436 0.4022
0.4587 0.4374
0.4747 0.4764
0.4912 0.5164
0.5079 0.5703
0.5353 0.7275
0.5817 0.9551
0.6212 1.0502
0.6442 1.1012
0.6625 1.2579
0.6807 1.3397
0.6891 1.3006
0.6861 1.2094
0.6765 1.1506
0.6716 1.2292
0.6794 1.3486
0.6881 1.3581
0.6920 1.3638
0.6983 1.4729
0.7055 1.4810
0.7055 1.3822
0.6959 1.2399
0.6794 1.1116
0.6600 1.0079
0.6407 0.9245
0.6228 0.8551
0.6064 0.7972
0.5923 0.7557
0.5810 0.7231
0.5711 0.6888
0.5608 0.6503
0.5492 0.6107
0.5367 0.5728
0.5239 0.5378
0.5112 0.5057
0.4988 0.4767
0.4871 0.4509
0.4763 0.4284
0.4663 0.4083
0.4571 0.3896
0.4483 0.3721
0.4399 0.3556
0.4318 0.3403
0.4240 0.3260
0.4166 0.3127
0.4096 0.3006
0.4030 0.2895
0.3970 0.2794
0.3913 0.2701
0.3861 0.2617
0.3812 0.2539
0.3767 0.2467
0.3725 0.2401
0.3686 0.2341
0.3650 0.2285
0.3617 0.2234
0.3586 0.2187
0.3558 0.2144
0.3532 0.2106
0.3508 0.2071
0.3487 0.2039
0.3467 0.2010
0.3450 0.1985
0.3434 0.1963
0.3420 0.1943
0.3408 0.1926
0.3398 0.1913
0.3389 0.1903
0.3383 0.1896
0.3379 0.1893
0.3378 0.1895
0.3379 0.1900
0.3382 0.1909
0.3388 0.1923
0.3397 0.1944
0.3411 0.1971
0.3428 0.2008
0.3453 0.2060
0.3487 0.2126
0.3526 0.2197
0.3570 0.2274
0.3619 0.2364
0.3677 0.2477
0.3746 0.2609
0.3827 0.2774
0.3939 0.3053
0.4098 0.3406
0.4267 0.3709
0.4418 0.3982
0.4566 0.4325
0.4725 0.4707
0.4889 0.5107
0.5053 0.5590
0.5300 0.6941
0.5748 0.9299
0.6165 1.0416
0.6414 1.0896
0.6596 1.2337
0.6785 1.3340
0.6883 1.3072
0.6866 1.2188
0.6774 1.1503
0.6709 1.2030
0.6775 1.3357
0.6867 1.3573
0.6911 1.3534
0.6967 1.4566
0.7043 1.4817
0.7055 1.3948
0.6971 1.2545
0.6812 1.1235
0.6619 1.0164
0.6425 0.9310
0.6243 0.8602
0.6077 0.8008
0.5932 0.7572
0.5815 0.7244
0.5716 0.6910
0.5614 0.6532
0.5501 0.6137
0.5377 0.5757
0.5249 0.5405
0.5122 0.5082
0.4998 0.4789
0.4880 0.4528
0.4771 0.4301
0.4671 0.4098
0.4579 0.3912
0.4491 0.3736
0.4406 0.3571
0.4325 0.3417
0.4248 0.3274
0.4174 0.3142
0.4104 0.3019
0.4038 0.2908
0.3977 0.2806
0.3920 0.2714
0.3868 0.2629
0.3819 0.2551
0.3774 0.2479
0.3732 0.2413
0.3693 0.2352
0.3657 0.2295
0.3623 0.2244
0.3592 0.2197
0.3564 0.2154
0.3538 0.2115
0.3514 0.2080
0.3493 0.2048
0.3473 0.2019
0.3455 0.1994
0.3440 0.1972
0.3426 0.1952
0.3414 0.1936
0.3404 0.1923
0.3396 0.1912
0.3389 0.1906
0.3385 0.1903
0.3384 0.1904
0.3385 0.1909
0.3388 0.1918
0.3394 0.1931
0.3403 0.1951
0.3415 0.1978
0.3433 0.2013
0.3457 0.2064
0.3489 0.2129
0.3529 0.2200
0.3572 0.2275
0.3620 0.2364
0.3677 0.2475
0.3744 0.2605
0.3824 0.2764
0.3931 0.3031
0.4087 0.3384
0.4257 0.3694
0.4409 0.3965
0.4557 0.4301
0.4715 0.4681
0.4879 0.5083
0.5041 0.5538
0.5272 0.6749
0.5706 0.9159
0.6139 1.0414
0.6404 1.0863
0.6581 1.2143
0.6773 1.3361
0.6885 1.3215
0.6882 1.2360
0.6795 1.1594
0.6718 1.1905
0.6770 1.3321
0.6866 1.3661
0.6916 1.3546
0.6963 1.4480
0.7042 1.4922
0.7066 1.4179
0.6996 1.2803
0.6845 1.1460
0.6656 1.0350
0.6462 0.9469
0.6278 0.8740
0.6110 0.8126
0.5961 0.7663
0.5841 0.7325
0.5740 0.6993
0.5639 0.6619
0.5527 0.6222
0.5405 0.5837
0.5277 0.5478
0.5149 0.5149
0.5024 0.4850
0.4905 0.4582
0.4794 0.4348
0.4692 0.4141
0.4598 0.3951
0.4509 0.3773
0.4424 0.3605
0.4342 0.3448
0.4263 0.3303
0.4189 0.3168
0.4118 0.3043
0.4051 0.2929
0.3989 0.2826
0.3931 0.2732
0.3878 0.2646
0.3829 0.2566
0.3783 0.2493
0.3740 0.2426
0.3701 0.2364
0.3664 0.2307
0.3630 0.2255
0.3599 0.2207
0.3570 0.2164
0.3544 0.2125
0.3520 0.2089
0.3498 0.2057
0.3479 0.2028
0.3461 0.2002
0.3445 0.1979
0.3431 0.1959
0.3418 0.1942
0.3408 0.1928
0.3399 0.1917
0.3392 0.1910
0.3388 0.1906
0.3386 0.1906
0.3386 0.1910
0.3389 0.1918
0.3394 0.1931
0.3402 0.1950
0.3415 0.1976
0.3431 0.2010
0.3455 0.2060
0.3487 0.2124
0.3525 0.2194
0.3568 0.2269
0.3616 0.2356
0.3672 0.2465
0.3739 0.2593
0.3817 0.2749
0.3921 0.3006
0.4074 0.3358
0.4245 0.3673
0.4398 0.3944
0.4546 0.4277
0.4704 0.4655
0.4868 0.5056
0.5029 0.5495
0.5249 0.6609
0.5670 0.8997
0.6111 1.0344
0.6387 1.0815
0.6566 1.2016
0.6761 1.3337
0.6882 1.3258
0.6886 1.2423
0.6802 1.1621
0.6720 1.1817
0.6762 1.3247
0.6860 1.3667
0.6913 1.3545
0.6959 1.4427
0.7040 1.4979
0.7071 1.4299
0.7008 1.2932
0.6862 1.1566
0.6673 1.0433
0.6478 0.9536
0.6293 0.8796
0.6123 0.8172
0.5972 0.7694
0.5850 0.7353
0.5748 0.7026
0.5649 0.6656
0.5538 0.6260
0.5417 0.5873
0.5289 0.5512
0.5162 0.5181
0.5037 0.4879
0.4917 0.4609
0.4805 0.4372
0.4703 0.4164
0.4609 0.3973
0.4520 0.3794
0.4435 0.3626
0.4352 0.3468
0.4274 0.3322
0.4198 0.3186
0.4127 0.3061
0.4060 0.2946
0.3998 0.2841
0.3940 0.2746
0.3886 0.2659
0.3837 0.2579
0.3791 0.2505
0.3748 0.2437
0.3708 0.2375
0.3671 0.2317
0.3636 0.2264
0.3605 0.2216
0.3576 0.2172
0.3549 0.2132
0.3524 0.2095
0.3502 0.2063
0.3482 0.2033
0.3464 0.2007
0.3448 0.1984
0.3433 0.1964
0.3421 0.1947
0.3410 0.1933
0.3402 0.1922
0.3395 0.1914
0.3391 0.1911
0.3389 0.1912
0.3389 0.1916
0.3392 0.1924
0.3397 0.1936
0.3406 0.1955
0.3418 0.1981
0.3434 0.2014
0.3457 0.2063
0.3489 0.2126
0.3527 0.2196
0.3569 0.2270
0.3616 0.2357
0.3672 0.2463
0.3738 0.2590
0.3814 0.2742
0.3916 0.2989
0.4066 0.3340
0.4236 0.3658
0.4391 0.3929
0.4538 0.4255
0.4694 0.4628
0.4857 0.5028
0.5017 0.5451
0.5226 0.6465
0.5630 0.8832
0.6082 1.0298
0.6373 1.0784
0.6552 1.1847
0.6747 1.3285
0.6876 1.3306
0.6890 1.2512
0.6811 1.1671
0.6723 1.1718
0.6752 1.3140
0.6851 1.3675
0.6910 1.3539
0.6952 1.4297
0.7034 1.5015
0.7075 1.4452
0.7024 1.3126
0.6885 1.1740
0.6701 1.0583
0.6506 0.9668
0.6321 0.8915
0.6151 0.8278
0.5998 0.7780
0.5873 0.7431
0.5771 0.7105
0.5672 0.6739
0.5563 0.6341
0.5443 0.5950
0.5316 0.5584
0.5188 0.5248
0.5063 0.4941
0.4942 0.4665
0.4829 0.4423
0.4726 0.4211
0.4630 0.4017
0.4540 0.3835
0.4454 0.3663
0.4371 0.3503
0.4291 0.3354
0.4215 0.3215
0.4143 0.3087
0.4075 0.2970
0.4011 0.2863
0.3952 0.2766
0.3898 0.2677
0.3847 0.2595
0.3800 0.2519
0.3756 0.2450
0.3715 0.2386
0.3678 0.2328
0.3643 0.2274
0.3610 0.2224
0.3581 0.2179
0.3553 0.2138
0.3528 0.2101
0.3506 0.2068
0.3485 0.2038
0.3467 0.2011
0.3450 0.1988
0.3436 0.1967
0.3423 0.1949
0.3412 0.1935
0.3403 0.1923
0.3396 0.1915
0.3391 0.1911
0.3389 0.1911
0.3389 0.1915
0.3392 0.1923
0.3396 0.1934
0.3404 0.1952
0.3416 0.1977
0.3432 0.2010
0.3454 0.2057
0.3485 0.2119
0.3523 0.2189
0.3565 0.2262
0.3611 0.2348
0.3666 0.2453
0.3731 0.2578
0.3807 0.2727
0.3906 0.2965
0.4053 0.3312
0.4223 0.3635
0.4379 0.3906
0.4526 0.4228
0.4682 0.4599
0.4844 0.4998
0.5005 0.5412
0.5206 0.6349
0.5596 0.8668
0.6054 1.0228
0.6356 1.0750
0.6540 1.1746
0.6735 1.3225
0.6870 1.3308
0.6890 1.2544
0.6814 1.1687
0.6723 1.1653
0.6744 1.3048
0.6843 1.3647
0.6905 1.3525
0.6946 1.4214
0.7028 1.4966
0.7071 1.4451
0.7023 1.3151
0.6887 1.1765
0.6704 1.0600
0.6509 0.9677
0.6323 0.8917
0.6152 0.8276
0.5998 0.7772
0.5871 0.7419
0.5768 0.7095
0.5669 0.6731
0.5561 0.6334
0.5440 0.5944
0.5314 0.5579
0.5186 0.5243
0.5061 0.4936
0.4940 0.4660
0.4827 0.4418
0.4723 0.4206
0.4628 0.4013
0.4538 0.3831
0.4452 0.3661
0.4370 0.3501
0.4290 0.3352
0.4214 0.3214
0.4142 0.3086
0.4074 0.2969
0.4011 0.2863
0.3952 0.2766
0.3897 0.2677
0.3847 0.2595
0.3800 0.2520
0.3756 0.2451
0.3716 0.2387
0.3678 0.2328
0.3643 0.2274
0.3611 0.2225
0.3581 0.2180
0.3554 0.2139
0.3529 0.2102
0.3506 0.2068
0.3485 0.2038
0.3467 0.2011
0.3450 0.1987
0.3435 0.1966
0.3423 0.1948
0.3412 0.1934
0.3403 0.1922
0.3396 0.1915
0.3391 0.1911
0.3389 0.1911
0.3389 0.1916
0.3392 0.1924
0.3397 0.1936
0.3406 0.1955
0.3418 0.1980
0.3434 0.2014
0.3457 0.2062
0.3488 0.2125
0.3526 0.2195
0.3569 0.2269
0.3615 0.2355
0.3670 0.2460
0.3735 0.2585
0.3811 0.2734
0.3909 0.2968
0.4055 0.3316
0.4226 0.3641
0.4382 0.3911
0.4528 0.4229
0.4682 0.4597
0.4843 0.4993
0.5003 0.5401
0.5199 0.6298
0.5580 0.8598
0.6043 1.0222
0.6352 1.0750
0.6535 1.1666
0.6729 1.3216
0.6869 1.3365
0.6896 1.2623
0.6823 1.1740
0.6729 1.1615
0.6740 1.3005
0.6842 1.3711
0.6910 1.3575
0.6947 1.4107
0.7026 1.5024
0.7078 1.4616
0.7040 1.3351
0.6911 1.1940
0.6731 1.0747
0.6536 0.9804
0.6350 0.9033
0.6178 0.8382
0.6023 0.7860
0.5895 0.7499
0.5791 0.7179
0.5694 0.6821
0.5588 0.6426
0.5470 0.6033
0.5344 0.5664
0.5217 0.5322
0.5091 0.5010
0.4970 0.4729
0.4856 0.4481
0.4751 0.4263
0.4654 0.4066
0.4563 0.3881
0.4476 0.3706
0.4392 0.3543
0.4312 0.3391
0.4234 0.3250
0.4161 0.3119
0.4092 0.2999
0.4027 0.2890
0.3967 0.2790
0.3911 0.2698
0.3859 0.2614
0.3811 0.2537
0.3766 0.2466
0.3724 0.2400
0.3686 0.2340
0.3650 0.2284
0.3616 0.2233
0.3586 0.2187
0.3558 0.2145
0.3532 0.2106
0.3509 0.2072
0.3488 0.2041
0.3469 0.2013
0.3452 0.1989
0.3437 0.1968
0.3423 0.1949
0.3412 0.1935
0.3403 0.1923
0.3396 0.1915
0.3391 0.1911
0.3389 0.1911
0.3389 0.1915
0.3391 0.1923
0.3397 0.1935
0.3405 0.1953
0.3417 0.1978
0.3433 0.2011
0.3455 0.2058
0.3486 0.2121
0.3524 0.2190
0.3566 0.2264
0.3613 0.2349
0.3667 0.2454
0.3732 0.2579
0.3807 0.2726
0.3904 0.2957
0.4049 0.3303
0.4219 0.3629
0.4376 0.3901
0.4522 0.4218
0.4678 0.4586
0.4839 0.4982
0.4998 0.5388
0.5192 0.6260
0.5568 0.8525
0.6030 1.0171
0.6342 1.0720
0.6528 1.1630
0.6723 1.3178
0.6865 1.3343
0.6893 1.2616
0.6822 1.1737
0.6727 1.1590
0.6736 1.2944
0.6836 1.3656
0.6904 1.3537
0.6941 1.4072
0.7021 1.4972
0.7072 1.4569
0.7034 1.3316
0.6907 1.1912
0.6726 1.0722
0.6531 0.9778
0.6344 0.9006
0.6172 0.8356
0.6017 0.7835
0.5888 0.7474
0.5785 0.7157
