0.7862
0.8346
0.8285
0.8269
0.8188
0.8268
0.8287
0.8272
0.8293
0.8299
0.8303
0.8304
0.8302
0.8296
0.8292
0.8303
0.8303
0.8301
0.8301
0.8301
0.8301
0.8302
0.8301
0.8302
0.8302
0.8302
0.8302
0.8302
0.8302
0.8303
0.8302
0.8303
0.8302
0.8302
0.8302
0.8301
0.8302
0.8301
0.8300
0.8300
0.8299
0.8299
0.8298
0.8297
0.8297
0.8296
0.8296
0.8287
0.8305
0.8303
0.8303
0.8300
0.8296
0.8295
0.8295
0.8294
0.8294
0.8292
0.8292
0.8291
0.8291
0.8290
0.8289
0.8290
0.8289
0.8289
0.8289
0.8288
0.8288
0.8288
0.8288
0.8288
0.8288
0.8288
0.8289
0.8288
0.8289
0.8288
0.8289
0.8289
0.8289
0.8288
0.8288
0.8289
0.8288
0.8288
0.8289
0.8289
0.8289
0.8289
0.8289
0.8289
0.8289
0.8289
0.8289
0.8290
0.8290
0.8290
0.8290
0.8290
0.8291
0.8291
0.8291
0.8291
0.8288
0.8285
0.8296
0.8296
0.8298
0.8303
0.8303
0.8302
0.8302
0.8303
0.8303
0.8304
0.8304
0.8305
0.8305
0.8305
0.8305
0.8303
0.8295
0.8301
0.8289
0.8299
0.8300
0.8299
0.8298
0.8297
0.8300
0.8302
0.8303
0.8303
0.8304
0.8304
0.8304
0.8305
0.8305
0.8305
0.8305
0.8305
0.8305
