0.9583
0.9666
0.9608
0.9608
0.9608
0.9608
0.9608
0.9608
0.9608
0.9608
0.9608
0.9608
0.9608
0.9608
0.9608
0.9608
0.9608
0.9608
0.9608
0.9608
0.9608
0.9608
0.9608
0.9608
0.9608
0.9608
0.9608
0.9608
0.9608
0.9608
0.9608
0.9608
0.9608
0.9608
0.9608
0.9608
0.9608
0.9608
0.9608
0.9608
0.9608
0.9608
0.9608
0.9608
0.9608
0.9608
0.9608
0.9608
0.9608
0.9608
0.9608
0.9608
0.9608
0.9608
0.9608
0.9608
0.9608
0.9608
0.9608
0.9608
0.9608
0.9608
0.9608
0.9608
0.9608
0.9608
0.9608
0.9608
0.9608
0.9608
0.9608
0.9608
0.9608
0.9608
0.9608
0.9608
0.9608
0.9608
0.9608
0.9608
0.9608
0.9608
0.9608
0.9608
0.9608
0.9608
0.9608
0.9608
0.9608
0.9608
0.9608
0.9608
0.9608
0.9608
0.9608
0.9608
0.9608
0.9608
0.9608
0.9608
0.9608
0.9608
0.9608
0.9608
0.9608
0.9608
0.9608
0.9608
0.9608
0.9608
0.9608
0.9608
0.9608
0.9608
0.9608
0.9608
0.9608
0.9608
0.9608
0.9608
0.9608
0.9608
0.9608
0.9608
0.9608
0.9608
0.9608
0.9608
0.9608
0.9608
0.9608
0.9608
0.9608
0.9608
0.9608
0.9608
0.9608
0.9608
0.9608
0.9608
0.9608
0.9608
0.9608
0.9608
0.9608
0.9608
0.9608
0.9608
0.9608
0.9608
