-0.1719 0.108898
-0.2524 0.132470
-0.3220 0.139883
-0.3796 0.136404
-0.4270 0.126928
-0.4666 0.114694
-0.5000 0.101631
-0.5284 0.088823
-0.5528 0.076840
-0.5739 0.065952
-0.5919 0.056250
-0.6073 0.047722
-0.6204 0.040304
-0.6311 0.033902
-0.6397 0.028411
-0.6461 0.023728
-0.6504 0.019749
-0.6525 0.016383
-0.6524 0.013544
-0.6500 0.011157
-0.6452 0.009157
-0.6378 0.007485
-0.6277 0.006091
-0.6147 0.004932
-0.5988 0.003972
-0.5796 0.003179
-0.5570 0.002526
-0.5309 0.001991
-0.5010 0.001554
-0.4674 0.001199
-0.4298 0.000912
-0.3881 0.000681
-0.3419 0.000496
-0.2906 0.000349
-0.2325 0.000231
-0.1631 0.000134
-0.0640 0.016325
0.0816 -0.060009
0.2130 -0.212125
0.2676 -0.267393
0.2670 -0.267151
0.2375 -0.237909
0.1979 -0.198314
0.1571 -0.157543
0.1179 -0.118265
0.0792 -0.079588
0.0381 -0.037692
-0.0101 0.008800
-0.0726 0.057766
-0.1510 0.100033
-0.2327 0.127786
-0.3052 0.138708
-0.3654 0.137403
-0.4150 0.129073
-0.4561 0.117339
-0.4908 0.104401
-0.5202 0.091507
-0.5454 0.079332
-0.5671 0.068203
-0.5857 0.058244
-0.6016 0.049467
-0.6150 0.041815
-0.6261 0.035200
-0.6351 0.029520
-0.6418 0.024669
-0.6465 0.020545
-0.6490 0.017053
-0.6493 0.014107
-0.6473 0.011628
-0.6429 0.009549
-0.6360 0.007811
-0.6264 0.006361
-0.6140 0.005156
-0.5986 0.004156
-0.5800 0.003330
-0.5581 0.002649
-0.5327 0.002091
-0.5036 0.001634
-0.4707 0.001263
-0.4339 0.000963
-0.3930 0.000721
-0.3477 0.000528
-0.2974 0.000373
-0.2406 0.000250
-0.1734 0.000149
-0.0800 0.020327
0.0596 -0.043539
0.1994 -0.198390
0.2637 -0.263354
0.2691 -0.269277
0.2425 -0.242900
0.2038 -0.204193
0.1631 -0.163493
0.1238 -0.124184
0.0854 -0.085781
0.0452 -0.044938
-0.0011 0.000557
-0.0604 0.049071
-0.1362 0.093145
-0.2182 0.123715
-0.2925 0.137296
-0.3546 0.137726
-0.4057 0.130348
-0.4481 0.119059
-0.4836 0.106263
-0.5137 0.093344
-0.5395 0.081053
-0.5616 0.069766
-0.5805 0.059635
-0.5968 0.050686
-0.6105 0.042872
-0.6218 0.036109
-0.6310 0.030296
-0.6380 0.025328
-0.6429 0.021102
-0.6456 0.017522
-0.6461 0.014499
-0.6443 0.011956
-0.6402 0.009822
-0.6336 0.008037
-0.6243 0.006548
-0.6122 0.005309
-0.5971 0.004282
-0.5789 0.003433
-0.5574 0.002733
-0.5324 0.002159
-0.5038 0.001689
-0.4714 0.001307
-0.4350 0.000997
-0.3946 0.000748
-0.3499 0.000549
-0.3001 0.000389
-0.2440 0.000262
-0.1779 0.000158
-0.0871 0.022108
0.0492 -0.035765
0.1923 -0.191248
0.2612 -0.260822
0.2698 -0.269878
0.2447 -0.245085
0.2066 -0.206976
0.1660 -0.166435
0.1268 -0.127206
0.0886 -0.089024
0.0490 -0.048852
0.0038 -0.003998
-0.0537 0.044097
-0.1276 0.088888
-0.2095 0.120930
-0.2847 0.136071
-0.3478 0.137576
-0.3998 0.130810
-0.4428 0.119826
-0.4788 0.107150
-0.5093 0.094245
-0.5353 0.081911
-0.5576 0.070551
-0.5768 0.060337
-0.5931 0.051302
-0.6069 0.043406
-0.6183 0.036567
-0.6276 0.030686
-0.6346 0.025658
-0.6396 0.021380
-0.6423 0.017754
-0.6429 0.014693
-0.6412 0.012117
-0.6372 0.009955
-0.6306 0.008147
-0.6214 0.006638
-0.6094 0.005383
-0.5945 0.004342
-0.5764 0.003481
-0.5551 0.002772
-0.5302 0.002189
-0.5018 0.001713
-0.4696 0.001326
-0.4334 0.001012
-0.3932 0.000759
-0.3486 0.000557
-0.2991 0.000395
-0.2432 0.000266
-0.1772 0.000160
-0.0863 0.021906
0.0501 -0.036409
0.1926 -0.191567
0.2610 -0.260632
0.2694 -0.269513
0.2444 -0.244781
0.2064 -0.206838
0.1661 -0.166488
0.1271 -0.127454
0.0891 -0.089487
0.0498 -0.049631
0.0049 -0.005106
-0.0518 0.042682
-0.1250 0.087425
-0.2065 0.119743
-0.2818 0.135290
-0.3452 0.137114
-0.3973 0.130555
-0.4404 0.119693
-0.4765 0.107087
-0.5070 0.094219
-0.5330 0.081905
-0.5552 0.070554
-0.5743 0.060342
-0.5906 0.051307
-0.6043 0.043409
-0.6157 0.036568
-0.6248 0.030685
-0.6318 0.025655
-0.6366 0.021375
-0.6393 0.017748
-0.6398 0.014686
-0.6380 0.012109
-0.6339 0.009947
-0.6272 0.008138
-0.6179 0.006630
-0.6059 0.005375
-0.5909 0.004334
-0.5727 0.003474
-0.5513 0.002765
-0.5264 0.002183
-0.4978 0.001707
-0.4656 0.001320
-0.4294 0.001007
-0.3891 0.000754
-0.3444 0.000552
-0.2947 0.000391
-0.2384 0.000262
-0.1716 0.000156
-0.0782 0.019892
0.0612 -0.044736
0.1997 -0.198682
0.2630 -0.262679
0.2683 -0.268417
0.2420 -0.242356
0.2038 -0.204158
0.1636 -0.164001
0.1249 -0.125246
0.0871 -0.087482
0.0478 -0.047620
0.0029 -0.003142
-0.0542 0.044465
-0.1276 0.088619
-0.2089 0.120196
-0.2835 0.135095
-0.3463 0.136522
-0.3979 0.129768
-0.4406 0.118840
-0.4763 0.106241
-0.5065 0.093420
-0.5322 0.081171
-0.5542 0.069894
-0.5730 0.059756
-0.5891 0.050792
-0.6026 0.042960
-0.6137 0.036179
-0.6227 0.030349
-0.6294 0.025366
-0.6340 0.021128
-0.6365 0.017537
-0.6368 0.014506
-0.6348 0.011957
-0.6304 0.009818
-0.6235 0.008029
-0.6140 0.006538
-0.6017 0.005297
-0.5864 0.004269
-0.5680 0.003419
-0.5463 0.002719
-0.5211 0.002145
-0.4923 0.001676
-0.4598 0.001294
-0.4233 0.000985
-0.3827 0.000736
-0.3376 0.000537
-0.2874 0.000378
-0.2303 0.000251
-0.1618 0.000146
-0.0635 0.016214
0.0811 -0.059631
0.2117 -0.210807
0.2664 -0.266159
0.2664 -0.266578
0.2378 -0.238205
0.1991 -0.199465
0.1591 -0.159498
0.1207 -0.121061
0.0831 -0.083449
0.0436 -0.043276
-0.0020 0.001390
-0.0603 0.048908
-0.1348 0.091946
-0.2156 0.121907
-0.2891 0.135300
-0.3505 0.135761
-0.4011 0.128500
-0.4430 0.117361
-0.4780 0.104725
-0.5076 0.091964
-0.5328 0.079823
-0.5544 0.068676
-0.5728 0.058674
-0.5885 0.049842
-0.6016 0.042133
-0.6125 0.035464
-0.6211 0.029735
-0.6275 0.024841
-0.6318 0.020681
-0.6340 0.017158
-0.6339 0.014185
-0.6316 0.011686
-0.6269 0.009590
-0.6196 0.007838
-0.6098 0.006378
-0.5971 0.005164
-0.5814 0.004158
-0.5627 0.003327
-0.5406 0.002643
-0.5150 0.002082
-0.4858 0.001624
-0.4528 0.001252
-0.4158 0.000951
-0.3748 0.000708
-0.3291 0.000515
-0.2781 0.000360
-0.2198 0.000235
-0.1488 0.000132
-0.0435 0.011218
0.1064 -0.078690
0.2259 -0.225080
0.2700 -0.269892
0.2638 -0.264018
0.2326 -0.232954
0.1932 -0.193582
0.1534 -0.153804
0.1153 -0.115669
0.0777 -0.078115
0.0379 -0.037463
-0.0089 0.007642
-0.0691 0.055162
-0.1450 0.096469
-0.2252 0.124195
-0.2970 0.135577
-0.3568 0.134765
-0.4060 0.126840
-0.4467 0.115428
-0.4809 0.102745
-0.5097 0.090063
-0.5343 0.078067
-0.5554 0.067092
-0.5733 0.057268
-0.5885 0.048610
-0.6013 0.041063
-0.6117 0.034542
-0.6199 0.028944
-0.6260 0.024167
-0.6299 0.020108
-0.6317 0.016673
-0.6313 0.013777
-0.6286 0.011342
-0.6235 0.009302
-0.6159 0.007598
-0.6056 0.006177
-0.5925 0.004997
-0.5765 0.004020
-0.5572 0.003213
-0.5347 0.002549
-0.5086 0.002005
-0.4790 0.001561
-0.4455 0.001201
-0.4080 0.000910
-0.3664 0.000675
-0.3201 0.000488
-0.2682 0.000338
-0.2084 0.000218
-0.1331 0.033608
-0.0198 0.010605
0.1335 -0.099078
0.2398 -0.239186
0.2734 -0.273370
0.2611 -0.261318
0.2272 -0.227631
0.1872 -0.187611
0.1476 -0.147951
0.1096 -0.110013
0.0720 -0.072378
0.0315 -0.031105
-0.0166 0.014578
-0.0791 0.061680
-0.1564 0.101223
-0.2358 0.126456
-0.3057 0.135717
-0.3638 0.133596
-0.4115 0.125000
-0.4511 0.113319
-0.4842 0.100603
-0.5123 0.088017
-0.5363 0.076181
-0.5567 0.065395
-0.5742 0.055766
-0.5889 0.047296
-0.6013 0.039924
-0.6113 0.033562
-0.6191 0.028106
-0.6248 0.023453
-0.6284 0.019503
-0.6298 0.016163
-0.6291 0.013347
-0.6260 0.010983
-0.6206 0.009002
-0.6126 0.007347
-0.6019 0.005970
-0.5885 0.004826
-0.5720 0.003879
-0.5524 0.003097
-0.5294 0.002454
-0.5030 0.001928
-0.4729 0.001499
-0.4390 0.001151
-0.4010 0.000869
-0.3589 0.000643
-0.3120 0.000463
-0.2592 0.000318
-0.1979 0.000201
-0.1186 0.029980
0.0029 -0.000698
0.1574 -0.117031
0.2517 -0.251148
0.2766 -0.276588
0.2592 -0.259468
0.2232 -0.223565
0.1825 -0.182903
0.1428 -0.143216
0.1049 -0.105317
0.0671 -0.067483
0.0260 -0.025621
-0.0236 0.020565
-0.0880 0.067108
-0.1663 0.105181
-0.2449 0.128249
-0.3131 0.135756
-0.3696 0.132572
-0.4161 0.123438
-0.4547 0.111547
-0.4870 0.098811
-0.5145 0.086309
-0.5379 0.074611
-0.5578 0.063983
-0.5748 0.054518
-0.5892 0.046205
-0.6012 0.038980
-0.6109 0.032750
-0.6184 0.027413
-0.6238 0.022864
-0.6271 0.019005
-0.6283 0.015743
-0.6272 0.012996
-0.6239 0.010688
-0.6182 0.008757
-0.6100 0.007144
-0.5991 0.005802
-0.5853 0.004687
-0.5686 0.003765
-0.5487 0.003004
-0.5255 0.002379
-0.4988 0.001867
-0.4684 0.001450
-0.4342 0.001111
-0.3960 0.000838
-0.3535 0.000619
-0.3062 0.000443
-0.2528 0.000303
-0.1903 0.000189
-0.1081 0.027349
0.0199 -0.009161
0.1744 -0.173128
0.2607 -0.260203
0.2799 -0.279988
0.2591 -0.259407
0.2214 -0.221807
0.1801 -0.180480
0.1402 -0.140576
0.1022 -0.102556
0.0641 -0.064488
0.0224 -0.022205
-0.0281 0.024351
-0.0938 0.070362
-0.1726 0.107395
-0.2505 0.129065
-0.3177 0.135493
-0.3732 0.131676
-0.4189 0.122235
-0.4568 0.110238
-0.4887 0.097513
-0.5156 0.085086
-0.5386 0.073493
-0.5583 0.062983
-0.5750 0.053637
-0.5891 0.045437
-0.6008 0.038317
-0.6103 0.032181
-0.6176 0.026928
-0.6228 0.022454
-0.6259 0.018659
-0.6269 0.015452
-0.6258 0.012753
-0.6223 0.010486
-0.6165 0.008589
-0.6081 0.007006
-0.5971 0.005688
-0.5833 0.004594
-0.5665 0.003690
-0.5466 0.002943
-0.5233 0.002330
-0.4965 0.001828
-0.4660 0.001419
-0.4318 0.001087
-0.3935 0.000819
-0.3509 0.000604
-0.3034 0.000432
-0.2498 0.000294
-0.1868 0.000182
-0.1036 0.026226
0.0276 -0.013018
0.1820 -0.180792
0.2665 -0.266040
0.2837 -0.283779
0.2612 -0.261535
0.2224 -0.222805
0.1804 -0.180795
0.1401 -0.140502
0.1019 -0.102249
0.0636 -0.064012
0.0218 -0.021626
-0.0290 0.025186
-0.0949 0.070967
-0.1738 0.107754
-0.2514 0.129113
-0.3184 0.135308
-0.3736 0.131355
-0.4190 0.121850
-0.4567 0.109836
-0.4884 0.097120
-0.5152 0.084718
-0.5380 0.073157
-0.5575 0.062683
-0.5741 0.053372
-0.5881 0.045206
-0.5997 0.038117
-0.6091 0.032010
-0.6164 0.026783
-0.6215 0.022331
-0.6246 0.018556
-0.6256 0.015367
-0.6244 0.012682
-0.6210 0.010428
-0.6152 0.008542
-0.6069 0.006968
-0.5960 0.005658
-0.5823 0.004571
-0.5656 0.003671
-0.5457 0.002929
-0.5226 0.002319
-0.4960 0.001820
-0.4657 0.001413
-0.4316 0.001083
-0.3934 0.000816
-0.3510 0.000602
-0.3037 0.000431
-0.2503 0.000294
-0.1875 0.000182
-0.1054 0.026665
0.0255 -0.011937
0.1817 -0.180415
0.2691 -0.268603
0.2877 -0.287775
0.2653 -0.265615
0.2259 -0.226328
0.1832 -0.183654
0.1424 -0.142839
0.1039 -0.104282
0.0656 -0.065975
0.0239 -0.023853
-0.0263 0.023056
-0.0914 0.068923
-0.1699 0.106230
-0.2478 0.128323
-0.3152 0.135094
-0.3708 0.131486
-0.4165 0.122158
-0.4544 0.110218
-0.4862 0.097520
-0.5131 0.085102
-0.5360 0.073511
-0.5556 0.063000
-0.5722 0.053652
-0.5862 0.045450
-0.5979 0.038328
-0.6074 0.032192
-0.6147 0.026938
-0.6199 0.022464
-0.6231 0.018669
-0.6242 0.015463
-0.6231 0.012764
-0.6198 0.010498
-0.6142 0.008601
-0.6061 0.007018
-0.5954 0.005701
-0.5819 0.004607
-0.5655 0.003702
-0.5460 0.002955
-0.5231 0.002341
-0.4968 0.001839
-0.4669 0.001429
-0.4332 0.001096
-0.3954 0.000827
-0.3534 0.000612
-0.3066 0.000439
-0.2537 0.000300
-0.1918 0.000188
-0.1122 0.000091
0.0149 -0.006681
0.1740 -0.172652
0.2683 -0.267743
0.2914 -0.291452
0.2707 -0.271036
0.2314 -0.231802
0.1881 -0.188548
0.1467 -0.147131
0.1078 -0.108215
0.0695 -0.069911
0.0283 -0.028388
-0.0208 0.018409
-0.0842 0.064547
-0.1618 0.102903
-0.2403 0.126580
-0.3088 0.134635
-0.3654 0.131813
-0.4119 0.122895
-0.4503 0.111132
-0.4826 0.098476
-0.5098 0.086027
-0.5330 0.074368
-0.5527 0.063772
-0.5695 0.054334
-0.5837 0.046046
-0.5956 0.038843
-0.6052 0.032635
-0.6126 0.027317
-0.6180 0.022786
-0.6214 0.018942
-0.6226 0.015694
-0.6218 0.012959
-0.6187 0.010662
-0.6134 0.008739
-0.6056 0.007134
-0.5952 0.005798
-0.5820 0.004688
-0.5660 0.003770
-0.5469 0.003012
-0.5245 0.002388
-0.4987 0.001878
-0.4692 0.001461
-0.4360 0.001123
-0.3988 0.000849
-0.3574 0.000629
-0.3112 0.000453
-0.2591 0.000312
-0.1984 0.000198
-0.1215 0.000101
-0.0011 0.001296
0.1603 -0.158885
0.2642 -0.263558
0.2943 -0.294316
0.2768 -0.277126
0.2381 -0.238561
0.1944 -0.194861
0.1524 -0.152797
0.1131 -0.113465
0.0748 -0.075176
0.0342 -0.034501
-0.0134 0.011924
-0.0746 0.058545
-0.1507 0.098226
-0.2298 0.124083
-0.2998 0.133992
-0.3579 0.132326
-0.4055 0.124017
-0.4448 0.112518
-0.4777 0.099924
-0.5054 0.087428
-0.5290 0.075666
-0.5491 0.064942
-0.5662 0.055370
-0.5807 0.046951
-0.5927 0.039626
-0.6025 0.033307
-0.6102 0.027891
-0.6158 0.023274
-0.6194 0.019356
-0.6209 0.016043
-0.6203 0.013253
-0.6176 0.010909
-0.6125 0.008946
-0.6051 0.007307
-0.5951 0.005942
-0.5823 0.004808
-0.5668 0.003869
-0.5481 0.003094
-0.5263 0.002456
-0.5010 0.001934
-0.4721 0.001507
-0.4395 0.001160
-0.4030 0.000879
-0.3622 0.000654
-0.3168 0.000473
-0.2657 0.000328
-0.2064 0.000211
-0.1324 0.000112
-0.0199 0.010683
0.1418 -0.140240
0.2567 -0.255961
0.2958 -0.295761
0.2829 -0.283164
0.2455 -0.245934
0.2016 -0.202006
0.1589 -0.159309
0.1191 -0.119520
0.0808 -0.081220
0.0409 -0.041335
-0.0052 0.004386
-0.0637 0.051436
-0.1378 0.092462
-0.2173 0.120824
-0.2890 0.133024
-0.3488 0.132832
-0.3978 0.125316
-0.4382 0.114172
-0.4719 0.101676
-0.5003 0.089135
-0.5244 0.077253
-0.5449 0.066377
-0.5624 0.056642
-0.5771 0.048064
-0.5895 0.040590
-0.5996 0.034136
-0.6075 0.028599
-0.6134 0.023876
-0.6172 0.019865
-0.6190 0.016473
-0.6187 0.013614
-0.6163 0.011212
-0.6116 0.009200
-0.6045 0.007519
-0.5949 0.006118
-0.5826 0.004955
-0.5675 0.003991
-0.5494 0.003194
-0.5281 0.002539
-0.5034 0.002001
-0.4752 0.001562
-0.4432 0.001205
-0.4074 0.000916
-0.3674 0.000683
-0.3227 0.000496
-0.2726 0.000347
-0.2149 0.000226
-0.1436 0.000125
-0.0391 0.020254
0.1204 -0.118764
0.2464 -0.245552
0.2957 -0.295587
0.2884 -0.288626
0.2529 -0.253336
0.2090 -0.209430
0.1657 -0.166154
0.1255 -0.125883
0.0871 -0.087520
0.0478 -0.048213
0.0032 -0.003523
-0.0527 0.043804
-0.1243 0.086008
-0.2039 0.116905
-0.2773 0.131647
-0.3389 0.133162
-0.3895 0.126590
-0.4311 0.115886
-0.4658 0.103530
-0.4949 0.090961
-0.5195 0.078962
-0.5405 0.067928
-0.5583 0.058021
-0.5734 0.049273
-0.5861 0.041639
-0.5964 0.035037
-0.6046 0.029370
-0.6108 0.024531
-0.6149 0.020420
-0.6170 0.016941
-0.6170 0.014008
-0.6149 0.011542
-0.6105 0.009476
-0.6038 0.007749
-0.5946 0.006310
-0.5828 0.005114
-0.5682 0.004122
-0.5506 0.003303
-0.5298 0.002628
-0.5057 0.002074
-0.4781 0.001622
-0.4468 0.001253
-0.4117 0.000955
-0.3724 0.000714
-0.3286 0.000521
-0.2794 0.000367
-0.2230 0.000242
-0.1544 0.000139
-0.0572 0.014649
0.0976 -0.071941
0.2340 -0.233054
0.2940 -0.293779
0.2929 -0.293147
0.2599 -0.260306
0.2162 -0.216687
0.1725 -0.172931
0.1318 -0.132181
0.0933 -0.093704
0.0545 -0.054875
0.0112 -0.011331
-0.0422 0.036098
-0.1111 0.079241
-0.1902 0.112477
-0.2652 0.129842
-0.3288 0.133209
-0.3810 0.127693
-0.4238 0.117501
-0.4594 0.105331
-0.4893 0.092760
-0.5145 0.080660
-0.5360 0.069477
-0.5542 0.059403
-0.5697 0.050487
-0.5826 0.042693
-0.5933 0.035946
-0.6017 0.030147
-0.6082 0.025192
-0.6125 0.020980
-0.6149 0.017414
-0.6152 0.014405
-0.6134 0.011875
-0.6093 0.009754
-0.6030 0.007981
-0.5942 0.006503
-0.5828 0.005274
-0.5686 0.004255
-0.5515 0.003412
-0.5312 0.002718
-0.5077 0.002148
-0.4807 0.001681
-0.4500 0.001302
-0.4155 0.000994
-0.3769 0.000746
-0.3339 0.000546
-0.2856 0.000386
-0.2305 0.000258
-0.1640 0.000152
-0.0727 0.018510
0.0759 -0.055650
0.2208 -0.219655
0.2910 -0.290664
0.2964 -0.296544
0.2661 -0.266453
0.2229 -0.223351
0.1788 -0.179238
0.1377 -0.138050
0.0990 -0.099428
0.0606 -0.060968
0.0184 -0.018619
-0.0328 0.028788
-0.0990 0.072677
-0.1772 0.107914
-0.2534 0.127799
-0.3188 0.133046
-0.3726 0.128633
-0.4167 0.118991
-0.4532 0.107032
-0.4838 0.094480
-0.5096 0.082295
-0.5315 0.070974
-0.5502 0.060742
-0.5659 0.051665
-0.5792 0.043718
-0.5901 0.036829
-0.5988 0.030903
-0.6055 0.025835
-0.6101 0.021525
-0.6127 0.017873
-0.6132 0.014791
-0.6117 0.012199
-0.6079 0.010025
-0.6019 0.008207
-0.5934 0.006690
-0.5824 0.005429
-0.5686 0.004383
-0.5520 0.003518
-0.5322 0.002805
-0.5092 0.002219
-0.4827 0.001739
-0.4526 0.001348
-0.4186 0.001031
-0.3807 0.000776
-0.3383 0.000570
-0.2908 0.000405
-0.2367 0.000273
-0.1721 0.000164
-0.0853 0.000068
0.0565 -0.027412
0.2077 -0.206489
0.2871 -0.286699
0.2987 -0.298782
0.2711 -0.271510
0.2286 -0.229093
0.1843 -0.184767
0.1428 -0.143218
0.1041 -0.104455
0.0659 -0.066276
0.0246 -0.025000
-0.0247 0.022064
-0.0884 0.066613
-0.1655 0.103431
-0.2426 0.125582
-0.3096 0.132624
-0.3648 0.129298
-0.4101 0.120216
-0.4475 0.108490
-0.4787 0.095981
-0.5051 0.083735
-0.5274 0.072301
-0.5464 0.061934
-0.5624 0.052716
-0.5759 0.044633
-0.5871 0.037619
-0.5960 0.031579
-0.6029 0.026411
-0.6077 0.022012
-0.6105 0.018285
-0.6112 0.015137
-0.6099 0.012489
-0.6064 0.010267
-0.6006 0.008408
-0.5925 0.006858
-0.5817 0.005568
-0.5683 0.004497
-0.5520 0.003612
-0.5326 0.002882
-0.5100 0.002282
-0.4840 0.001790
-0.4543 0.001390
-0.4209 0.001065
-0.3835 0.000802
-0.3416 0.000591
-0.2948 0.000422
-0.2416 0.000286
-0.1783 0.000175
-0.0945 0.000077
0.0412 -0.019806
0.1965 -0.195183
0.2832 -0.282755
0.3000 -0.300088
0.2750 -0.275338
0.2332 -0.233633
0.1888 -0.189212
0.1470 -0.147399
0.1081 -0.108523
0.0702 -0.070557
0.0296 -0.030071
-0.0183 0.016414
-0.0799 0.061461
-0.1557 0.099415
-0.2333 0.123420
-0.3016 0.132029
-0.3580 0.129682
-0.4043 0.121119
-0.4424 0.109622
-0.4742 0.097171
-0.5010 0.084889
-0.5237 0.073372
-0.5430 0.062899
-0.5593 0.053569
-0.5729 0.045378
-0.5843 0.038261
-0.5934 0.032129
-0.6004 0.026880
-0.6053 0.022409
-0.6083 0.018619
-0.6092 0.015418
-0.6081 0.012724
-0.6047 0.010463
