0.6104
0.5268
0.4159
0.3196
0.2666
0.2448
0.2407
0.2419
0.2436
0.2443
0.2447
0.2445
0.2448
0.2447
0.2450
0.2446
0.2439
0.2446
0.2444
0.2453
0.2445
0.2449
0.2448
0.2443
0.2447
0.2448
0.2447
0.2443
0.2447
0.2450
0.2446
0.2451
0.2445
0.2451
0.2445
0.2447
0.2446
0.2450
0.2442
0.2447
0.2446
0.2443
0.2445
0.2455
0.2448
0.2445
0.2447
0.2449
0.2452
0.2444
0.2447
0.2444
0.2447
0.2452
0.2443
0.2448
0.2445
0.2447
0.2448
0.2447
0.2449
0.2448
0.2444
0.2450
0.2446
0.2445
0.2447
0.2445
0.2452
0.2446
0.2450
0.2443
0.2448
0.2449
0.2448
0.2439
0.2447
0.2442
0.2448
0.2443
0.2445
0.2447
0.2449
0.2447
0.2449
0.2450
0.2444
0.2445
0.2449
0.2451
0.2445
0.2439
0.2447
0.2447
0.2440
0.2445
0.2447
0.2447
0.2451
0.2445
0.2447
0.2448
0.2443
0.2446
0.2446
0.2446
0.2449
0.2446
0.2446
0.2447
0.2454
0.2451
0.2451
0.2445
0.2447
0.2449
0.2450
0.2446
0.2447
0.2444
0.2446
0.2448
0.2449
0.2446
0.2447
0.2445
0.2443
0.2449
0.2444
0.2442
0.2442
0.2445
0.2448
0.2445
0.2445
0.2444
0.2447
0.2443
0.2444
0.2446
0.2447
0.2444
0.2449
0.2445
0.2447
0.2445
0.2445
0.2446
0.2447
0.2440
