-0.1722 -0.000003
-0.1787 -0.000002
-0.1862 -0.000002
-0.1947 -0.000002
-0.2040 -0.000001
-0.2137 -0.000001
-0.2235 -0.000001
-0.2332 -0.000001
-0.2424 -0.000001
-0.2509 -0.000000
-0.2587 -0.000000
-0.2655 -0.000000
-0.2713 -0.000000
-0.2761 -0.000000
-0.2797 -0.000000
-0.2823 -0.000000
-0.2838 -0.000000
-0.2841 -0.000000
-0.2833 -0.000000
-0.2814 -0.000000
-0.2784 -0.000000
-0.2744 -0.000000
-0.2695 -0.000000
-0.2636 -0.000000
-0.2568 -0.000000
-0.2492 -0.000000
-0.2408 -0.000000
-0.2315 -0.000000
-0.2213 -0.000000
-0.2102 -0.000000
-0.1980 -0.000000
-0.1847 -0.000000
-0.1760 -0.040488
-0.1696 -0.041286
-0.1635 -0.042058
-0.1584 -0.042695
-0.1555 -0.043058
-0.1554 -0.043077
-0.1581 -0.042742
-0.1635 -0.042067
-0.1714 -0.041085
-0.1814 -0.039839
-0.1943 -0.076463
-0.2146 -0.071392
-0.2373 -0.098611
-0.2620 -0.089330
-0.2837 -0.081198
-0.3021 -0.074291
-0.3173 -0.068548
-0.3299 -0.063838
-0.3401 -0.060015
-0.3482 -0.056948
-0.3547 -0.054522
-0.3596 -0.051266
-0.3629 -0.047459
-0.3648 -0.044649
-0.3657 -0.042592
-0.3656 -0.041116
-0.3649 -0.040096
-0.3635 -0.039440
-0.3617 -0.039078
-0.3595 -0.038209
-0.3566 -0.035522
-0.3531 -0.032961
-0.3488 -0.028328
-0.3438 -0.024441
-0.3383 -0.021130
-0.3324 -0.018281
-0.3264 -0.015814
-0.3203 -0.013671
-0.3142 -0.011805
-0.3082 -0.010180
-0.3023 -0.008765
-0.2964 -0.007535
-0.2908 -0.006468
-0.2853 -0.005544
-0.2799 -0.004745
-0.2747 -0.004057
-0.2697 -0.003464
-0.2648 -0.002955
-0.2600 -0.002518
-0.2553 -0.002144
-0.2507 -0.001824
-0.2461 -0.001551
-0.2417 -0.001318
-0.2373 -0.001119
-0.2330 -0.000950
-0.2288 -0.000806
-0.2246 -0.000684
-0.2205 -0.000579
-0.2164 -0.000491
-0.2124 -0.000416
-0.2083 -0.000352
-0.2042 -0.000298
-0.2000 -0.000253
-0.1957 -0.000214
-0.1914 -0.000181
-0.1870 -0.000154
-0.1825 -0.000130
-0.1785 -0.040305
-0.1824 -0.039793
-0.1872 -0.039179
-0.1928 -0.038472
-0.1990 -0.037684
-0.2058 -0.036829
-0.2130 -0.035917
-0.2206 -0.034959
-0.2285 -0.033969
-0.2365 -0.032968
-0.2444 -0.031976
-0.2520 -0.031017
-0.2592 -0.030113
-0.2659 -0.029282
-0.2718 -0.028534
-0.2771 -0.027878
-0.2816 -0.027313
-0.2853 -0.026839
-0.2884 -0.026452
-0.2908 -0.026149
-0.2924 -0.022507
-0.2925 -0.018596
-0.2914 -0.015454
-0.2893 -0.012908
-0.2862 -0.010829
-0.2821 -0.009122
-0.2772 -0.007714
-0.2713 -0.006547
-0.2644 -0.005576
-0.2564 -0.004767
-0.2471 -0.004091
-0.2364 -0.003525
-0.2241 -0.003051
-0.2097 -0.002654
-0.1928 -0.002322
-0.1725 -0.002047
-0.1472 -0.001823
-0.1140 -0.001649
-0.0665 -0.001530
0.0078 -0.001481
0.1154 -0.001484
0.2200 -0.001437
0.2904 -0.001305
0.3243 -0.001125
0.3307 -0.000938
0.3196 -0.000765
0.2992 -0.000617
0.2619 -0.095769
0.2261 -0.091181
0.1950 -0.087217
0.1675 -0.083713
0.1424 -0.080517
0.1184 -0.077487
0.0946 -0.074476
0.0694 -0.071309
0.0410 -0.067735
0.0059 -0.063345
-0.0410 -0.057491
-0.1044 -0.049570
-0.1792 -0.040211
-0.2503 -0.031314
-0.3081 -0.024061
-0.3517 -0.018587
-0.3833 -0.014623
-0.4054 -0.011852
-0.4202 -0.009997
-0.4293 -0.008845
-0.4342 -0.008234
-0.4357 -0.007871
-0.4343 -0.006705
-0.4307 -0.005907
-0.4252 -0.005324
-0.4182 -0.004864
-0.4099 -0.004472
-0.4008 -0.004115
-0.3910 -0.003774
-0.3811 -0.003440
-0.3712 -0.003113
-0.3617 -0.002791
-0.3529 -0.002479
-0.3450 -0.002182
-0.3380 -0.001904
-0.3320 -0.001649
-0.3268 -0.001420
-0.3222 -0.001217
-0.3183 -0.001039
-0.3149 -0.000884
-0.3119 -0.000750
-0.3093 -0.000635
-0.3070 -0.000537
-0.3050 -0.000453
-0.3032 -0.000382
-0.3015 -0.000322
-0.2998 -0.000271
-0.2982 -0.000228
-0.2965 -0.000192
-0.2948 -0.000162
-0.2929 -0.000136
-0.2909 -0.000115
-0.2888 -0.000097
-0.2865 -0.000082
-0.2840 -0.000069
-0.2814 -0.000058
-0.2787 -0.000049
-0.2763 -0.028003
-0.2789 -0.027674
-0.2811 -0.027392
-0.2830 -0.027153
-0.2886 -0.052888
-0.2947 -0.051346
-0.3003 -0.049955
-0.3053 -0.048702
-0.3098 -0.047581
-0.3137 -0.046584
-0.3172 -0.045703
-0.3203 -0.044935
-0.3229 -0.044277
-0.3251 -0.043728
-0.3269 -0.043285
-0.3282 -0.042944
-0.3292 -0.042705
-0.3298 -0.042562
-0.3300 -0.042512
-0.3298 -0.042551
-0.3291 -0.040254
-0.3275 -0.037480
-0.3252 -0.035322
-0.3223 -0.033647
-0.3186 -0.028673
-0.3139 -0.024404
-0.3085 -0.020842
-0.3024 -0.017839
-0.2959 -0.015286
-0.2891 -0.013105
-0.2822 -0.011233
-0.2751 -0.009624
-0.2680 -0.008237
-0.2610 -0.007042
-0.2541 -0.006011
-0.2487 -0.036507
-0.2486 -0.035657
-0.2488 -0.034918
-0.2492 -0.034264
-0.2499 -0.033670
-0.2510 -0.033113
-0.2525 -0.032578
-0.2544 -0.032060
-0.2564 -0.031564
-0.2586 -0.031092
-0.2609 -0.030648
-0.2631 -0.030234
-0.2653 -0.029851
-0.2674 -0.029501
-0.2693 -0.029184
-0.2711 -0.028902
-0.2726 -0.028658
-0.2739 -0.028453
-0.2750 -0.028292
-0.2757 -0.028176
-0.2760 -0.028110
-0.2759 -0.028097
-0.2752 -0.024666
-0.2732 -0.020784
-0.2700 -0.017602
-0.2657 -0.014974
-0.2603 -0.012791
-0.2539 -0.010969
-0.2463 -0.009441
-0.2376 -0.008156
-0.2275 -0.007073
-0.2158 -0.006159
-0.2023 -0.005388
-0.1864 -0.004740
-0.1674 -0.004197
-0.1444 -0.003747
-0.1156 -0.003383
-0.0770 -0.003108
-0.0204 -0.002941
0.0641 -0.002888
0.1615 -0.002830
0.2382 -0.002639
0.2841 -0.002342
0.3037 -0.002005
0.3017 -0.101913
0.2759 -0.098371
0.2494 -0.094795
0.2236 -0.091361
0.1992 -0.088133
0.1761 -0.085109
0.1541 -0.082250
0.1328 -0.079499
0.1116 -0.076780
0.0898 -0.073994
0.0662 -0.071000
0.0390 -0.067573
0.0053 -0.063330
-0.0400 -0.057657
-0.1016 -0.049958
-0.1749 -0.040772
-0.2455 -0.031921
-0.3036 -0.024628
-0.3479 -0.019071
-0.3803 -0.015003
-0.4034 -0.012109
-0.4192 -0.009687
-0.4295 -0.007059
-0.4355 -0.005390
-0.4384 -0.004300
-0.4389 -0.003562
-0.4376 -0.003035
-0.4350 -0.002638
-0.4315 -0.002322
-0.4274 -0.002056
-0.4227 -0.001827
-0.4177 -0.001625
-0.4125 -0.001444
-0.4070 -0.001281
-0.4013 -0.001135
-0.3954 -0.001005
-0.3894 -0.000888
-0.3831 -0.000783
-0.3766 -0.000690
-0.3699 -0.000608
-0.3631 -0.000535
-0.3561 -0.000469
-0.3491 -0.000411
-0.3422 -0.000359
-0.3354 -0.000313
-0.3287 -0.000272
-0.3222 -0.000235
-0.3159 -0.000204
-0.3096 -0.000176
-0.3033 -0.000152
-0.2970 -0.000131
-0.2905 -0.000113
-0.2839 -0.000097
-0.2770 -0.000084
-0.2718 -0.028594
-0.2698 -0.028838
-0.2672 -0.029142
-0.2645 -0.029476
-0.2622 -0.029765
-0.2608 -0.029931
-0.2606 -0.029946
-0.2616 -0.029822
-0.2634 -0.029593
-0.2695 -0.057668
-0.2774 -0.055675
-0.2849 -0.053804
-0.2917 -0.052090
-0.2979 -0.050547
-0.3034 -0.049176
-0.3082 -0.047974
-0.3123 -0.046936
-0.3158 -0.046055
-0.3187 -0.045322
-0.3211 -0.044725
-0.3230 -0.044254
-0.3244 -0.043698
-0.3251 -0.039967
-0.3247 -0.037049
-0.3237 -0.034764
-0.3220 -0.032981
-0.3197 -0.031601
-0.3171 -0.030546
-0.3141 -0.029754
-0.3109 -0.029176
-0.3075 -0.028727
-0.3036 -0.024478
-0.2989 -0.020926
-0.2938 -0.017926
-0.2882 -0.015374
-0.2824 -0.013193
-0.2763 -0.011322
-0.2703 -0.009712
-0.2642 -0.008324
-0.2583 -0.007126
-0.2527 -0.006091
-0.2472 -0.005199
-0.2421 -0.004430
-0.2373 -0.003769
-0.2327 -0.003202
-0.2284 -0.002718
-0.2242 -0.002305
-0.2201 -0.001953
-0.2162 -0.001654
-0.2122 -0.001401
-0.2082 -0.001186
-0.2040 -0.001005
-0.1998 -0.000851
-0.1953 -0.000721
-0.1905 -0.000612
-0.1854 -0.000519
-0.1800 -0.000441
-0.1743 -0.000375
-0.1682 -0.000319
-0.1618 -0.000272
-0.1548 -0.000232
-0.1470 -0.000198
-0.1383 -0.000169
-0.1282 -0.000145
-0.1161 -0.000125
-0.1007 -0.000109
-0.0803 -0.000095
-0.0512 -0.000085
-0.0075 -0.000078
0.0563 -0.000074
0.1315 -0.000070
0.1956 -0.000064
0.2378 -0.000057
0.2595 -0.000049
0.2655 -0.000041
0.2607 -0.000034
0.2492 -0.000028
0.2338 -0.000023
0.2165 -0.000019
0.1983 -0.000015
0.1801 -0.000012
0.1621 -0.000010
0.1442 -0.000008
0.1264 -0.000007
0.1084 -0.000005
0.0896 -0.000004
0.0692 -0.071199
0.0315 -0.066486
-0.0148 -0.060724
-0.0763 -0.053049
-0.1532 -0.043452
-0.2306 -0.033761
-0.2953 -0.025658
-0.3445 -0.019496
-0.3803 -0.015006
-0.4057 -0.011817
-0.4233 -0.009607
-0.4351 -0.008124
-0.4426 -0.007186
-0.4468 -0.006657
-0.4485 -0.006442
-0.4482 -0.006471
-0.4464 -0.006695
-0.4434 -0.007077
-0.4392 -0.007590
-0.4343 -0.008206
-0.4288 -0.008888
-0.4231 -0.008951
-0.4171 -0.007982
-0.4109 -0.007094
-0.4046 -0.006279
-0.3983 -0.005533
-0.3921 -0.004855
-0.3859 -0.004243
-0.3798 -0.003696
-0.3738 -0.003209
-0.3678 -0.002780
-0.3618 -0.002403
-0.3558 -0.002073
-0.3498 -0.001786
-0.3437 -0.001536
-0.3376 -0.001320
-0.3331 -0.021981
-0.3307 -0.022096
-0.3280 -0.022285
-0.3250 -0.022537
-0.3218 -0.022827
-0.3188 -0.023123
-0.3159 -0.023400
-0.3134 -0.023650
-0.3112 -0.023871
-0.3093 -0.024067
-0.3076 -0.024245
-0.3060 -0.024411
-0.3045 -0.024575
-0.3029 -0.024745
-0.3013 -0.024928
-0.2996 -0.025130
-0.2977 -0.025355
-0.2956 -0.025605
-0.2932 -0.024092
-0.2900 -0.020430
-0.2860 -0.017389
-0.2813 -0.014843
-0.2759 -0.012697
-0.2701 -0.010878
-0.2639 -0.009329
-0.2575 -0.008004
-0.2509 -0.006867
-0.2442 -0.005887
-0.2377 -0.005043
-0.2312 -0.004315
-0.2249 -0.003688
-0.2187 -0.003149
-0.2125 -0.002688
-0.2062 -0.002294
-0.1998 -0.001958
-0.1930 -0.001672
-0.1858 -0.001429
-0.1811 -0.041072
-0.1819 -0.040769
-0.1835 -0.040398
-0.1861 -0.039939
-0.1896 -0.039377
-0.1941 -0.038710
-0.1996 -0.037944
-0.2058 -0.037094
-0.2127 -0.036181
-0.2199 -0.035228
-0.2273 -0.034262
-0.2347 -0.033308
-0.2418 -0.032391
-0.2485 -0.031531
-0.2547 -0.030745
-0.2602 -0.030045
-0.2649 -0.029437
-0.2689 -0.027072
-0.2713 -0.022369
-0.2723 -0.018601
-0.2720 -0.015552
-0.2707 -0.013060
-0.2687 -0.011005
-0.2660 -0.009297
-0.2629 -0.007868
-0.2594 -0.006668
-0.2556 -0.005656
-0.2516 -0.004801
-0.2474 -0.004077
-0.2429 -0.003465
-0.2383 -0.002946
-0.2333 -0.002507
-0.2280 -0.002136
-0.2222 -0.001821
-0.2160 -0.001555
-0.2092 -0.001330
-0.2018 -0.001138
-0.1939 -0.000976
-0.1854 -0.000838
-0.1761 -0.000720
-0.1660 -0.000620
-0.1549 -0.000535
-0.1426 -0.000463
-0.1287 -0.000402
-0.1164 -0.048292
-0.1091 -0.049149
-0.1014 -0.050062
-0.0931 -0.051065
-0.0838 -0.052198
-0.0730 -0.053521
-0.0597 -0.055149
-0.0426 -0.057273
-0.0191 -0.060180
0.0134 -0.064218
0.0558 -0.069502
0.1028 -0.075372
0.1443 -0.080558
0.1735 -0.084213
0.1896 -0.086240
0.1950 -0.086918
0.1925 -0.086606
0.1846 -0.085615
0.1641 -0.159227
0.1406 -0.141481
0.1197 -0.127069
0.0998 -0.115080
0.0797 -0.104846
0.0581 -0.095808
0.0331 -0.087431
0.0019 -0.079099
-0.0401 -0.070039
-0.0973 -0.059561
-0.1665 -0.048102
-0.2349 -0.037422
-0.2925 -0.028751
-0.3371 -0.022210
-0.3702 -0.017451
-0.3942 -0.014067
-0.4110 -0.011712
-0.4225 -0.010119
-0.4299 -0.009087
-0.4342 -0.008210
-0.4361 -0.006594
-0.4360 -0.005457
-0.4345 -0.004619
-0.4319 -0.003973
-0.4284 -0.003454
-0.4243 -0.003021
-0.4197 -0.002651
-0.4147 -0.002330
-0.4094 -0.002047
-0.4038 -0.001796
-0.3981 -0.001574
-0.3921 -0.001378
-0.3860 -0.001204
-0.3798 -0.001051
-0.3733 -0.000916
-0.3666 -0.000797
-0.3620 -0.017926
-0.3580 -0.018320
-0.3537 -0.018778
-0.3491 -0.019276
-0.3447 -0.019768
-0.3406 -0.020220
-0.3371 -0.020618
-0.3340 -0.020964
-0.3313 -0.021268
-0.3289 -0.021542
-0.3266 -0.021798
-0.3245 -0.022043
-0.3224 -0.022285
-0.3204 -0.022528
-0.3183 -0.022777
-0.3161 -0.023039
-0.3138 -0.023318
-0.3113 -0.023620
-0.3086 -0.023951
-0.3057 -0.024314
-0.3024 -0.024715
-0.2988 -0.025158
-0.2946 -0.022039
-0.2893 -0.018884
-0.2829 -0.016244
-0.2758 -0.014013
-0.2679 -0.012111
-0.2596 -0.010478
-0.2510 -0.009064
-0.2423 -0.007833
-0.2340 -0.006753
-0.2262 -0.005805
-0.2191 -0.004975
-0.2126 -0.004250
-0.2067 -0.003622
-0.2013 -0.003081
-0.1962 -0.002617
-0.1914 -0.002220
-0.1866 -0.001883
-0.1818 -0.001596
-0.1769 -0.001354
-0.1716 -0.001149
-0.1659 -0.000976
-0.1596 -0.000831
-0.1525 -0.000708
-0.1443 -0.000605
-0.1348 -0.000519
-0.1234 -0.000447
-0.1094 -0.000387
-0.0914 -0.000338
-0.0669 -0.000299
-0.0313 -0.000270
0.0220 -0.000251
0.0934 -0.000239
0.1647 -0.000223
0.2175 -0.000201
0.2485 -0.000176
0.2616 -0.000149
0.2619 -0.000125
0.2536 -0.000103
0.2403 -0.000084
0.2241 -0.000069
0.2067 -0.000056
0.1888 -0.000046
0.1708 -0.000037
0.1496 -0.081269
0.1183 -0.077345
0.0887 -0.073642
0.0581 -0.069820
0.0232 -0.065457
-0.0212 -0.059917
-0.0814 -0.052418
-0.1565 -0.043040
-0.2322 -0.033567
-0.2958 -0.025596
-0.3446 -0.019485
-0.3803 -0.014996
-0.4059 -0.011786
-0.4238 -0.009548
-0.4358 -0.008038
-0.4435 -0.007075
-0.4479 -0.006521
-0.4498 -0.006274
-0.4499 -0.006259
-0.4486 -0.006419
-0.4463 -0.006425
-0.4430 -0.005637
-0.4389 -0.004991
-0.4343 -0.004438
-0.4293 -0.003950
-0.4240 -0.003512
-0.4184 -0.003117
-0.4126 -0.002760
-0.4067 -0.002437
-0.4006 -0.002146
-0.3944 -0.001885
-0.3881 -0.001651
-0.3818 -0.001443
-0.3753 -0.001259
-0.3687 -0.001096
-0.3619 -0.000952
-0.3551 -0.000827
-0.3481 -0.000717
-0.3408 -0.000621
-0.3333 -0.000537
-0.3256 -0.000465
-0.3175 -0.000402
-0.3091 -0.000348
-0.3002 -0.000301
-0.2910 -0.000260
-0.2826 -0.027393
-0.2778 -0.027959
-0.2725 -0.028596
-0.2668 -0.029279
-0.2615 -0.029919
-0.2574 -0.030420
-0.2571 -0.060807
-0.2617 -0.059653
-0.2671 -0.058300
-0.2729 -0.056832
-0.2789 -0.055315
-0.2850 -0.053793
-0.2909 -0.052302
-0.2966 -0.050877
-0.3019 -0.049547
-0.3067 -0.048339
-0.3110 -0.047269
-0.3147 -0.046345
-0.3178 -0.045570
-0.3203 -0.044942
-0.3222 -0.044457
-0.3236 -0.044110
-0.3243 -0.041506
-0.3239 -0.038372
-0.3225 -0.035950
-0.3203 -0.033848
-0.3171 -0.028780
-0.3126 -0.024623
-0.3071 -0.021162
-0.3009 -0.018242
-0.2942 -0.015749
-0.2872 -0.013600
-0.2801 -0.011737
-0.2731 -0.010116
-0.2662 -0.008704
-0.2595 -0.007478
-0.2529 -0.006415
-0.2466 -0.005495
-0.2403 -0.004703
-0.2340 -0.004022
-0.2278 -0.003438
-0.2214 -0.002938
-0.2149 -0.002511
-0.2082 -0.002147
-0.2011 -0.001836
-0.1938 -0.001571
-0.1861 -0.001345
-0.1780 -0.001152
-0.1695 -0.000988
-0.1604 -0.000847
-0.1506 -0.000728
-0.1395 -0.000627
-0.1267 -0.000543
-0.1111 -0.000472
-0.0910 -0.000415
-0.0632 -0.000370
-0.0221 -0.000338
0.0396 -0.000318
0.1177 -0.000304
0.1887 -0.000283
0.2374 -0.000254
0.2637 -0.000219
0.2727 -0.000185
0.2696 -0.000154
0.2589 -0.000127
0.2435 -0.093087
0.2110 -0.088997
0.1827 -0.085443
0.1573 -0.082251
0.1337 -0.079282
0.1107 -0.076406
0.0874 -0.073483
0.0622 -0.070337
0.0331 -0.066696
-0.0036 -0.062113
-0.0534 -0.055906
-0.1199 -0.047615
-0.1949 -0.038230
-0.2636 -0.029631
-0.3186 -0.022734
-0.3600 -0.017541
-0.3902 -0.013759
-0.4116 -0.011072
-0.4264 -0.009217
-0.4362 -0.007989
-0.4421 -0.006606
-0.4451 -0.005181
-0.4457 -0.004231
-0.4447 -0.003568
-0.4422 -0.003078
-0.4388 -0.002698
-0.4345 -0.002387
-0.4295 -0.002123
-0.4240 -0.001893
-0.4180 -0.001689
-0.4116 -0.001506
-0.4048 -0.001340
-0.3977 -0.001190
-0.3903 -0.001055
-0.3827 -0.000933
-0.3748 -0.000824
-0.3666 -0.000725
-0.3582 -0.000638
-0.3496 -0.000559
-0.3422 -0.020210
-0.3373 -0.020750
-0.3325 -0.021284
-0.3281 -0.021775
-0.3246 -0.022173
-0.3221 -0.022445
-0.3206 -0.022603
-0.3197 -0.022678
-0.3193 -0.022706
-0.3191 -0.022715
-0.3189 -0.022727
-0.3185 -0.022752
-0.3181 -0.022798
-0.3174 -0.022870
-0.3165 -0.022971
-0.3154 -0.023102
-0.3141 -0.023268
-0.3124 -0.023471
-0.3104 -0.023717
-0.3080 -0.024010
-0.3052 -0.024356
-0.3020 -0.024760
-0.2981 -0.023068
-0.2929 -0.019755
-0.2865 -0.017011
-0.2788 -0.014719
-0.2698 -0.012789
-0.2596 -0.011155
-0.2481 -0.009763
-0.2352 -0.008570
-0.2212 -0.007536
-0.2064 -0.006627
-0.1912 -0.005820
-0.1758 -0.005103
-0.1599 -0.004471
-0.1428 -0.003921
-0.1234 -0.003452
-0.0997 -0.003065
-0.0679 -0.002762
-0.0212 -0.002555
0.0487 -0.002445
0.1346 -0.002362
0.2086 -0.002203
0.2572 -0.001967
0.2819 -0.001697
0.2887 -0.001430
0.2832 -0.001186
0.2702 -0.000974
0.2531 -0.000795
0.2340 -0.000647
0.2143 -0.000526
0.1948 -0.000427
0.1757 -0.000347
0.1572 -0.000282
0.1390 -0.000229
0.1210 -0.000186
0.1027 -0.000151
0.0838 -0.000122
0.0632 -0.000098
0.0398 -0.000079
0.0111 -0.000062
-0.0267 -0.000048
-0.0786 -0.000036
-0.1449 -0.000025
-0.2148 -0.000017
-0.2765 -0.000011
-0.3255 -0.000007
-0.3625 -0.000005
-0.3897 -0.000003
-0.4090 -0.000002
-0.4222 -0.000002
-0.4308 -0.000001
-0.4357 -0.000001
-0.4378 -0.000001
-0.4376 -0.000001
-0.4358 -0.000001
-0.4327 -0.000000
-0.4288 -0.000000
-0.4242 -0.000000
-0.4193 -0.000000
-0.4140 -0.000000
-0.4085 -0.000000
-0.4028 -0.000000
-0.3969 -0.000000
-0.3908 -0.000000
-0.3866 -0.014174
-0.3824 -0.014699
-0.3777 -0.015282
-0.3728 -0.015888
-0.3683 -0.016456
-0.3644 -0.016952
-0.3610 -0.017372
-0.3581 -0.017731
-0.3556 -0.018048
-0.3533 -0.018340
-0.3510 -0.018619
-0.3488 -0.018895
-0.3466 -0.019175
-0.3460 -0.038496
-0.3470 -0.038253
-0.3474 -0.038154
-0.3472 -0.038187
-0.3467 -0.038335
-0.3457 -0.038567
-0.3446 -0.038849
-0.3434 -0.039156
-0.3420 -0.037475
-0.3401 -0.034969
-0.3378 -0.032970
-0.3351 -0.031378
-0.3322 -0.030118
-0.3292 -0.029133
-0.3260 -0.028375
-0.3226 -0.027803
-0.3193 -0.027384
-0.3172 -0.046099
-0.3170 -0.042293
-0.3161 -0.039285
-0.3146 -0.036895
-0.3128 -0.034981
-0.3107 -0.033428
-0.3087 -0.032157
-0.3067 -0.031114
-0.3049 -0.030261
-0.3030 -0.029568
-0.3012 -0.029013
-0.2995 -0.028573
-0.2978 -0.028232
-0.2961 -0.027975
-0.2945 -0.027789
-0.2928 -0.027665
-0.2911 -0.027596
-0.2894 -0.027575
-0.2877 -0.027594
-0.2859 -0.027647
-0.2841 -0.027731
-0.2823 -0.027839
-0.2800 -0.023739
-0.2770 -0.020103
-0.2732 -0.017072
-0.2688 -0.014532
-0.2639 -0.012392
-0.2586 -0.010582
-0.2529 -0.009048
-0.2468 -0.007743
-0.2403 -0.006632
-0.2334 -0.005685
-0.2261 -0.004878
-0.2184 -0.004189
-0.2100 -0.003602
-0.2010 -0.003102
-0.1909 -0.002677
-0.1796 -0.002318
-0.1665 -0.002015
-0.1508 -0.001761
-0.1314 -0.001553
-0.1058 -0.001387
-0.0696 -0.001264
-0.0142 -0.001191
0.0700 -0.001167
0.1664 -0.001140
0.2422 -0.001060
0.2875 -0.000940
0.3063 -0.000804
0.3062 -0.000672
0.2943 -0.000553
0.2760 -0.000451
0.2548 -0.000366
0.2328 -0.000297
0.2112 -0.000241
0.1904 -0.000195
0.1705 -0.000158
0.1513 -0.000128
0.1326 -0.000104
0.1141 -0.000084
0.0952 -0.000068
0.0752 -0.000055
0.0531 -0.000044
0.0269 -0.000035
-0.0065 -0.000028
-0.0518 -0.000021
-0.1127 -0.000015
-0.1832 -0.000010
-0.2500 -0.000007
-0.3048 -0.000004
-0.3467 -0.000003
-0.3775 -0.000002
-0.3992 -0.000001
-0.4141 -0.000001
-0.4236 -0.000001
-0.4292 -0.000001
-0.4317 -0.000000
-0.4319 -0.000000
-0.4304 -0.000000
