-0.3841 0.002748
-0.3822 0.002261
-0.3804 0.001860
-0.3787 0.001531
-0.3772 0.001261
-0.3759 0.001039
-0.3749 0.000857
-0.3742 0.000707
-0.3738 0.000584
-0.3736 0.000483
-0.3735 0.000399
-0.3733 0.000330
-0.3728 0.000272
-0.3721 0.000225
-0.3709 0.000185
-0.3694 0.000152
-0.3675 0.000125
-0.3653 0.000103
-0.3629 0.000085
-0.3605 0.000070
-0.3581 0.000057
-0.3559 0.000047
-0.3539 0.000039
-0.3524 0.000032
-0.3514 0.000026
-0.3509 0.000022
-0.3511 0.000018
-0.3518 0.000015
-0.3531 0.000012
-0.3551 0.000010
-0.3575 0.000009
-0.3605 0.000007
-0.3639 0.000006
-0.3677 0.000005
-0.3719 0.000004
-0.3766 0.000003
-0.3815 0.000003
-0.3868 0.000002
-0.3923 0.000002
-0.3980 0.000002
-0.4038 0.000001
-0.4095 0.000001
-0.4151 0.000001
-0.4203 0.000001
-0.4252 0.000001
-0.4297 0.000001
-0.4337 0.000000
-0.4372 0.000000
-0.4403 0.000000
-0.4430 0.000000
-0.4453 0.000000
-0.4471 0.000000
-0.4487 0.000000
-0.4497 0.000000
-0.4504 0.000000
-0.4504 0.000000
-0.4498 0.000000
-0.4482 0.000000
-0.4455 0.000000
-0.4417 0.000000
-0.4368 0.000000
-0.4307 0.000000
-0.4238 0.000000
-0.4161 0.000000
-0.4080 0.000000
-0.3996 0.000000
-0.3912 0.000000
-0.3827 0.000000
-0.3743 0.000000
-0.3661 0.000000
-0.3580 0.000000
-0.3500 0.000000
-0.3422 0.000000
-0.3344 0.000000
-0.3265 0.000000
-0.3182 0.000000
-0.3095 0.000000
-0.3001 0.000000
-0.2901 0.000000
-0.2793 0.000000
-0.2678 0.000000
-0.2551 0.031913
-0.2356 0.029477
-0.2153 0.026934
-0.1935 0.024219
-0.1695 0.021222
-0.1413 0.035417
-0.1030 0.025850
-0.0509 0.012885
0.0263 -0.006340
0.1263 -0.031324
0.2139 -0.053305
0.2702 -0.067454
0.2986 -0.074602
0.3032 -0.113716
0.2939 -0.110242
0.2788 -0.104622
0.2611 -0.097965
0.2423 -0.090949
0.2237 -0.083958
0.2030 -0.101585
0.1827 -0.091428
0.1645 -0.082333
0.1478 -0.073981
0.1321 -0.066132
0.1170 -0.058456
0.1025 -0.048999
0.0882 -0.040594
0.0735 -0.032785
0.0580 -0.025175
0.0410 -0.016601
0.0214 -0.008156
-0.0022 0.000701
-0.0323 0.010768
-0.0712 0.022766
-0.1189 0.036622
-0.1702 0.050757
-0.2179 0.058825
-0.2579 0.063168
-0.2892 0.064853
-0.3128 0.064778
-0.3302 0.059819
-0.3438 0.051494
-0.3543 0.043885
-0.3624 0.037115
-0.3685 0.031203
-0.3729 0.026109
-0.3759 0.021764
-0.3778 0.018086
-0.3788 0.014991
-0.3789 0.012399
-0.3783 0.010236
-0.3772 0.008438
-0.3756 0.006947
-0.3736 0.005714
-0.3713 0.004695
-0.3688 0.003856
-0.3663 0.003166
-0.3636 0.002599
-0.3610 0.002133
-0.3585 0.001752
-0.3562 0.001439
-0.3541 0.001183
-0.3523 0.000973
-0.3510 0.000801
-0.3500 0.000661
-0.3496 0.000546
-0.3498 0.000451
-0.3506 0.000374
-0.3521 0.000311
-0.3543 0.000258
-0.3573 0.000215
-0.3611 0.000180
-0.3658 0.000151
-0.3712 0.000127
-0.3773 0.000106
-0.3840 0.000089
-0.3913 0.000075
-0.3989 0.000064
-0.4065 0.000054
-0.4139 0.000045
-0.4207 0.000038
-0.4268 0.000032
-0.4317 0.000027
-0.4355 0.000022
-0.4379 0.000018
-0.4390 0.000015
-0.4389 0.000013
-0.4378 0.000010
-0.4358 0.000009
-0.4333 0.000007
-0.4305 0.000006
-0.4276 0.000005
-0.4248 0.000004
-0.4217 0.000003
-0.4179 0.000003
-0.4127 0.000002
-0.4059 0.000002
-0.3974 0.000001
-0.3874 0.000001
-0.3762 0.000001
-0.3641 0.000001
-0.3515 0.000001
-0.3386 0.000000
-0.3257 0.000000
-0.3132 0.000000
-0.3012 0.000000
-0.2899 0.000000
-0.2794 0.000000
-0.2700 0.000000
-0.2618 0.000000
-0.2550 0.000000
-0.2497 0.000000
-0.2461 0.000000
-0.2443 0.000000
-0.2446 0.000000
-0.2470 0.000000
-0.2517 0.000000
-0.2586 0.000000
-0.2615 0.032682
-0.2660 0.033249
-0.2722 0.034016
-0.2787 0.034829
-0.2833 0.035403
-0.2839 0.035492
-0.2799 0.035000
-0.2717 0.033970
-0.2600 0.032512
-0.2458 0.030748
-0.2300 0.028768
-0.2128 0.026624
-0.1944 0.024323
-0.1744 0.021827
-0.1521 0.019044
-0.1260 0.015787
-0.0931 0.011690
-0.0476 0.006021
0.0204 -0.002451
0.1114 -0.013803
0.1964 -0.023949
0.2523 -0.056974
0.2803 -0.058453
0.2904 -0.056385
0.2886 -0.052589
0.2792 -0.048134
0.2593 -0.107484
0.2355 -0.096032
0.2145 -0.086234
0.1954 -0.077671
0.1779 -0.070041
0.1616 -0.063113
0.1462 -0.056708
0.1314 -0.050674
0.1169 -0.044877
0.1024 -0.039190
0.0878 -0.033479
0.0725 -0.027588
0.0561 -0.021312
0.0378 -0.014363
0.0165 -0.006313
-0.0095 0.003481
-0.0425 0.015866
-0.0841 0.031500
-0.1327 0.049154
-0.1821 0.063703
-0.2258 0.075133
-0.2608 0.083057
-0.2870 0.088020
-0.3059 0.087691
-0.3200 0.080199
-0.3313 0.068657
-0.3405 0.058349
-0.3479 0.049293
-0.3537 0.041438
-0.3581 0.034690
-0.3613 0.028938
-0.3634 0.024067
-0.3646 0.019964
-0.3649 0.016523
-0.3646 0.013649
-0.3637 0.011257
-0.3622 0.009270
-0.3604 0.007625
-0.3582 0.006266
-0.3557 0.005146
-0.3531 0.004223
-0.3503 0.003465
-0.3476 0.002842
-0.3448 0.002331
-0.3422 0.001913
-0.3398 0.001570
-0.3376 0.001290
-0.3357 0.001061
-0.3342 0.000873
-0.3332 0.000720
-0.3327 0.000594
-0.3327 0.000491
-0.3334 0.000407
-0.3345 0.000338
-0.3358 0.000280
-0.3368 0.000232
-0.3370 0.000192
-0.3363 0.000159
-0.3346 0.000131
-0.3320 0.000107
-0.3286 0.000088
-0.3245 0.000072
-0.3199 0.000058
-0.3150 0.000047
-0.3100 0.000039
-0.3051 0.000031
-0.3005 0.000026
-0.2963 0.000021
-0.2928 0.000017
-0.2900 0.000014
-0.2881 0.000011
-0.2870 0.000009
-0.2867 0.000008
-0.2871 0.000006
-0.2881 0.000005
-0.2896 0.000004
-0.2915 0.000004
-0.2937 0.000003
-0.2961 0.000003
-0.2988 0.000002
-0.3017 0.000002
-0.3049 0.000001
-0.3084 0.000001
-0.3123 0.000001
-0.3165 0.000001
-0.3211 0.000001
-0.3261 0.000001
-0.3315 0.000001
-0.3373 0.000000
-0.3432 0.000000
-0.3491 0.000000
-0.3548 0.000000
-0.3602 0.000000
-0.3651 0.000000
-0.3693 0.000000
-0.3728 0.000000
-0.3754 0.000000
-0.3772 0.000000
-0.3777 0.000000
-0.3770 0.000000
-0.3747 0.000000
-0.3709 0.000000
-0.3655 0.000000
-0.3589 0.000000
-0.3513 0.000000
-0.3430 0.000000
-0.3344 0.000000
-0.3256 0.000000
-0.3170 0.000000
-0.3088 0.000000
-0.3013 0.000000
-0.2945 0.000000
-0.2885 0.000000
-0.2836 0.000000
-0.2796 0.000000
-0.2763 0.000000
-0.2732 0.000000
-0.2697 0.000000
-0.2654 0.000000
-0.2601 0.000000
-0.2536 0.000000
-0.2451 0.030657
-0.2307 0.028852
-0.2155 0.026954
-0.1993 0.024937
-0.1817 0.022739
-0.1618 0.020257
-0.1383 0.017323
-0.1062 0.026644
-0.0621 0.015668
0.0024 -0.000413
0.0920 -0.022771
0.1813 -0.045125
0.2441 -0.060896
0.2788 -0.069632
0.2865 -0.107429
0.2821 -0.105803
0.2705 -0.101487
0.2551 -0.095737
0.2381 -0.089346
0.2162 -0.108229
0.1964 -0.098279
0.1783 -0.089225
0.1615 -0.080851
0.1459 -0.071156
0.1314 -0.061535
0.1176 -0.053167
0.1040 -0.045638
0.0902 -0.038629
0.0760 -0.031865
0.0609 -0.025073
0.0442 -0.017941
0.0250 -0.009725
0.0021 -0.000838
-0.0269 0.009101
-0.0643 0.020869
-0.1109 0.034591
-0.1622 0.048906
-0.2108 0.059360
-0.2520 0.064163
-0.2847 0.066105
-0.3096 0.062790
-0.3291 0.055198
-0.3444 0.047762
-0.3563 0.040854
-0.3654 0.034646
-0.3723 0.029192
-0.3775 0.024475
-0.3813 0.020441
-0.3841 0.017021
-0.3859 0.014142
-0.3871 0.011729
-0.3879 0.009717
-0.3883 0.008043
-0.3886 0.006655
-0.3888 0.005505
-0.3890 0.004554
-0.3891 0.003767
-0.3892 0.003115
-0.3892 0.002575
-0.3889 0.002128
-0.3882 0.001756
-0.3872 0.001448
-0.3856 0.001193
-0.3837 0.000981
-0.3814 0.000806
-0.3788 0.000662
-0.3760 0.000543
-0.3730 0.000446
-0.3701 0.000366
-0.3673 0.000300
-0.3647 0.000246
-0.3625 0.000202
-0.3608 0.000167
-0.3596 0.000137
-0.3589 0.000113
-0.3589 0.000094
-0.3594 0.000078
-0.3603 0.000064
-0.3613 0.000053
-0.3623 0.000044
-0.3631 0.000037
-0.3636 0.000030
-0.3636 0.000025
-0.3632 0.000021
-0.3624 0.000017
-0.3613 0.000014
-0.3600 0.000012
-0.3587 0.000010
-0.3575 0.000008
-0.3566 0.000006
-0.3562 0.000005
-0.3563 0.000004
-0.3571 0.000004
-0.3588 0.000003
-0.3613 0.000003
-0.3648 0.000002
-0.3693 0.000002
-0.3748 0.000001
-0.3814 0.000001
-0.3889 0.000001
-0.3974 0.000001
-0.4066 0.000001
-0.4165 0.000001
-0.4264 0.000001
-0.4357 0.000000
-0.4439 0.000000
-0.4502 0.000000
-0.4544 0.000000
-0.4562 0.000000
-0.4556 0.000000
-0.4529 0.000000
-0.4481 0.000000
-0.4417 0.000000
-0.4342 0.000000
-0.4258 0.000000
-0.4170 0.000000
-0.4082 0.000000
-0.3996 0.000000
-0.3914 0.000000
-0.3840 0.000000
-0.3774 0.000000
-0.3718 0.000000
-0.3672 0.000000
-0.3637 0.000000
-0.3614 0.000000
-0.3602 0.000000
-0.3599 0.000000
-0.3605 0.000000
-0.3616 0.000000
-0.3629 0.000000
-0.3644 0.000000
-0.3657 0.000000
-0.3668 0.000000
-0.3675 0.000000
-0.3680 0.000000
-0.3682 0.000000
-0.3682 0.000000
-0.3678 0.000000
-0.3669 0.000000
-0.3652 0.000000
-0.3626 0.000000
-0.3587 0.000000
-0.3536 0.000000
-0.3473 0.000000
-0.3399 0.000000
-0.3316 0.000000
-0.3223 0.000000
-0.3122 0.000000
-0.3011 0.000000
-0.2893 0.000000
-0.2767 0.000000
-0.2576 0.032231
-0.2375 0.029714
-0.2168 0.027131
-0.1950 0.024409
-0.1712 0.021428
-0.1436 0.017988
-0.1094 0.013725
-0.0627 0.007903
0.0087 -0.001953
0.1066 -0.026388
0.1977 -0.073847
0.2559 -0.095818
0.2857 -0.107082
0.2952 -0.110676
0.2914 -0.109321
0.2799 -0.105031
0.2643 -0.099170
0.2468 -0.092604
0.2288 -0.085849
0.2110 -0.079185
0.1938 -0.072745
0.1738 -0.086995
0.1557 -0.077937
0.1391 -0.069641
0.1236 -0.060568
0.1089 -0.051235
0.0947 -0.042986
0.0803 -0.035381
0.0653 -0.028055
0.0491 -0.020651
0.0308 -0.012757
0.0093 -0.003676
-0.0174 0.006193
-0.0515 0.017567
-0.0949 0.029359
-0.1455 0.040395
-0.1963 0.049367
-0.2410 0.055359
-0.2770 0.058616
-0.3044 0.059871
-0.3247 0.059833
-0.3392 0.059032
-0.3495 0.053520
-0.3575 0.045270
-0.3638 0.038088
-0.3686 0.031909
-0.3722 0.026640
-0.3747 0.022179
-0.3765 0.018424
-0.3776 0.015277
-0.3781 0.012650
-0.3782 0.010463
-0.3781 0.008647
-0.3777 0.007142
-0.3772 0.005897
-0.3766 0.004868
-0.3760 0.004019
-0.3755 0.003319
-0.3751 0.002741
-0.3748 0.002264
-0.3746 0.001871
-0.3744 0.001546
-0.3742 0.001278
-0.3739 0.001056
-0.3735 0.000872
-0.3730 0.000720
-0.3724 0.000594
-0.3716 0.000490
-0.3707 0.000404
-0.3696 0.000333
-0.3682 0.000275
-0.3664 0.000226
-0.3642 0.000186
-0.3614 0.000152
-0.3583 0.000125
-0.3546 0.000102
-0.3505 0.000084
-0.3459 0.000068
-0.3408 0.000056
-0.3353 0.000045
-0.3295 0.000037
-0.3234 0.000030
-0.3169 0.000024
-0.3099 0.000020
-0.3024 0.000016
-0.2943 0.000013
-0.2856 0.000010
-0.2766 0.000008
-0.2670 0.000006
-0.2569 0.000005
-0.2463 0.000004
-0.2353 0.000003
-0.2239 0.000003
-0.2087 0.026114
-0.1907 0.023867
-0.1717 0.021483
-0.1505 0.018846
-0.1258 0.015758
-0.0944 0.011851
-0.0508 0.006421
0.0147 -0.001735
0.1042 -0.012902
0.1896 -0.047223
0.2453 -0.061211
0.2749 -0.068671
0.2800 -0.104992
0.2740 -0.102784
0.2619 -0.098275
0.2434 -0.121801
0.2233 -0.111756
0.2046 -0.102382
0.1871 -0.093625
0.1706 -0.085402
0.1551 -0.077616
0.1402 -0.070169
0.1258 -0.062958
0.1116 -0.055875
0.0976 -0.046912
0.0837 -0.038706
0.0693 -0.031012
0.0538 -0.023446
0.0366 -0.015603
0.0166 -0.006987
-0.0078 0.003060
-0.0385 0.015374
-0.0776 0.029162
-0.1245 0.044095
-0.1737 0.057093
-0.2192 0.062297
-0.2580 0.060649
-0.2894 0.056273
-0.3141 0.050520
-0.3333 0.044327
-0.3479 0.038265
-0.3589 0.032641
-0.3670 0.027597
-0.3727 0.023174
-0.3765 0.019356
-0.3787 0.016099
-0.3797 0.013345
-0.3796 0.011031
-0.3786 0.009098
-0.3770 0.007490
-0.3748 0.006157
-0.3721 0.005054
-0.3690 0.004144
-0.3656 0.003395
-0.3620 0.002779
-0.3581 0.002273
-0.3540 0.001858
-0.3498 0.001518
-0.3455 0.001240
-0.3411 0.001012
-0.3366 0.000826
-0.3321 0.000673
-0.3276 0.000549
-0.3231 0.000448
-0.3187 0.000365
-0.3144 0.000298
-0.3102 0.000243
-0.3063 0.000198
-0.3026 0.000162
-0.2991 0.000132
-0.2959 0.000108
-0.2928 0.000089
-0.2897 0.000073
-0.2868 0.000059
-0.2837 0.000049
-0.2807 0.000040
-0.2775 0.000032
-0.2744 0.000027
-0.2712 0.000022
-0.2680 0.000018
-0.2647 0.000014
-0.2611 0.000012
-0.2572 0.000010
-0.2530 0.000008
-0.2485 0.000006
-0.2437 0.000005
-0.2355 0.029453
-0.2243 0.028057
-0.2130 0.026642
-0.2014 0.025189
-0.1891 0.023661
-0.1759 0.022004
-0.1610 0.020147
-0.1437 0.017991
-0.1228 0.015380
-0.0960 0.012034
-0.0589 0.007416
-0.0038 0.000563
0.0748 -0.009244
0.1597 -0.019863
0.2244 -0.027983
0.2588 -0.064633
0.2687 -0.100744
0.2645 -0.099221
0.2538 -0.095238
0.2397 -0.089931
0.2239 -0.084012
0.2076 -0.077903
0.1914 -0.071832
0.1758 -0.062988
0.1612 -0.054726
0.1471 -0.047688
0.1335 -0.041549
0.1199 -0.036063
0.1062 -0.031025
0.0902 -0.036989
0.0735 -0.029736
0.0559 -0.022362
0.0364 -0.014453
0.0137 -0.005471
-0.0140 0.005333
-0.0493 0.018875
-0.0934 0.035678
-0.1434 0.052964
-0.1928 0.065542
-0.2360 0.071476
-0.2708 0.073699
-0.2975 0.073398
-0.3173 0.071611
-0.3316 0.069069
-0.3416 0.066234
-0.3483 0.063377
-0.3524 0.060645
-0.3544 0.058106
-0.3549 0.055787
-0.3540 0.053686
-0.3529 0.044594
-0.3521 0.036789
-0.3515 0.030360
-0.3507 0.025049
-0.3498 0.020658
-0.3487 0.017025
-0.3473 0.014021
-0.3456 0.011537
-0.3437 0.009485
-0.3415 0.007792
-0.3390 0.006397
-0.3364 0.005247
-0.3335 0.004301
-0.3305 0.003524
-0.3273 0.002886
-0.3239 0.002361
-0.3203 0.001931
-0.3166 0.001578
-0.3128 0.001289
-0.3088 0.001052
-0.3047 0.000858
-0.3005 0.000700
-0.2963 0.000571
-0.2922 0.000465
-0.2881 0.000379
-0.2841 0.000309
-0.2802 0.000252
-0.2765 0.000206
-0.2729 0.000168
-0.2694 0.000137
-0.2660 0.000112
-0.2628 0.000091
-0.2598 0.000075
-0.2568 0.000061
-0.2540 0.000050
-0.2511 0.000041
-0.2480 0.000033
-0.2448 0.000027
-0.2414 0.000022
-0.2326 0.029105
-0.2231 0.027910
-0.2134 0.026703
-0.2035 0.025462
-0.1931 0.024154
-0.1817 0.022735
-0.1691 0.021155
-0.1546 0.019351
-0.1376 0.017229
-0.1168 0.014631
-0.0898 0.011264
-0.0521 0.006567
0.0040 -0.000415
0.0824 -0.010193
0.1640 -0.020405
0.2247 -0.028033
0.2583 -0.064529
0.2648 -0.099319
0.2595 -0.097355
0.2483 -0.093171
0.2340 -0.087806
0.2183 -0.081912
0.2023 -0.073696
0.1869 -0.064416
0.1722 -0.056540
0.1580 -0.049740
0.1441 -0.043759
0.1304 -0.038390
0.1167 -0.033461
0.1027 -0.028817
0.0871 -0.034889
0.0699 -0.027715
0.0515 -0.020283
0.0310 -0.012153
0.0068 -0.002728
-0.0233 0.008819
-0.0615 0.023403
-0.1085 0.041204
-0.1594 0.060470
-0.2072 0.071316
-0.2477 0.075897
-0.2798 0.076966
-0.3042 0.075789
-0.3222 0.073365
-0.3352 0.070365
-0.3442 0.067199
-0.3501 0.064098
-0.3536 0.061182
-0.3552 0.058504
-0.3553 0.056076
-0.3542 0.053889
-0.3525 0.046848
-0.3512 0.038596
-0.3502 0.031820
-0.3492 0.026236
-0.3482 0.021627
-0.3469 0.017819
-0.3455 0.014672
-0.3439 0.012073
-0.3420 0.009929
-0.3400 0.008160
-0.3378 0.006704
-0.3355 0.005505
-0.3331 0.004519
-0.3306 0.003708
-0.3280 0.003042
-0.3254 0.002495
-0.3228 0.002046
-0.3200 0.001678
-0.3173 0.001375
-0.3145 0.001127
-0.3117 0.000924
-0.3090 0.000757
-0.3064 0.000621
-0.3040 0.000509
-0.3017 0.000418
-0.2997 0.000343
-0.2980 0.000282
-0.2966 0.000232
-0.2955 0.000191
-0.2947 0.000158
-0.2942 0.000130
-0.2939 0.000108
-0.2939 0.000089
-0.2941 0.000074
-0.2944 0.000061
-0.2949 0.000050
-0.2955 0.000042
-0.2963 0.000035
-0.2973 0.000029
-0.2985 0.000024
-0.3000 0.000020
-0.3018 0.000016
-0.3039 0.000014
-0.3064 0.000011
-0.3092 0.000010
-0.3124 0.000008
-0.3158 0.000007
-0.3194 0.000006
-0.3233 0.000005
-0.3273 0.000004
-0.3314 0.000003
-0.3356 0.000003
-0.3398 0.000002
-0.3441 0.000002
-0.3484 0.000002
-0.3528 0.000001
-0.3574 0.000001
-0.3621 0.000001
-0.3671 0.000001
-0.3723 0.000001
-0.3777 0.000001
-0.3834 0.000000
-0.3893 0.000000
-0.3952 0.000000
-0.4011 0.000000
-0.4068 0.000000
-0.4120 0.000000
-0.4169 0.000000
-0.4211 0.000000
-0.4249 0.000000
-0.4281 0.000000
-0.4308 0.000000
-0.4332 0.000000
-0.4353 0.000000
-0.4371 0.000000
-0.4389 0.000000
-0.4405 0.000000
-0.4421 0.000000
-0.4434 0.000000
-0.4446 0.000000
-0.4454 0.000000
-0.4457 0.000000
-0.4455 0.000000
-0.4447 0.000000
-0.4433 0.000000
-0.4413 0.000000
-0.4386 0.000000
-0.4355 0.000000
-0.4318 0.000000
-0.4275 0.000000
-0.4227 0.000000
-0.4172 0.000000
-0.4110 0.000000
-0.4042 0.000000
-0.3966 0.000000
-0.3884 0.000000
-0.3796 0.000000
-0.3704 0.000000
-0.3608 0.000000
-0.3509 0.000000
-0.3405 0.000000
-0.3295 0.000000
-0.3177 0.000000
-0.3052 0.000000
-0.2897 0.036233
-0.2688 0.033630
-0.2479 0.031012
-0.2265 0.028343
-0.2042 0.025551
-0.1799 0.022524
-0.1524 0.019089
-0.1191 0.014929
-0.0747 0.009400
-0.0074 0.002059
0.0885 -0.021867
0.1865 -0.046422
0.2558 -0.063823
0.2925 -0.109631
0.3021 -0.113282
0.2981 -0.111824
0.2861 -0.107343
0.2698 -0.101255
0.2517 -0.094462
0.2301 -0.115171
0.2085 -0.104376
0.1892 -0.094700
0.1716 -0.085871
0.1552 -0.077677
0.1398 -0.069140
0.1253 -0.059400
0.1114 -0.050935
0.0978 -0.043308
0.0839 -0.036178
0.0693 -0.029245
0.0536 -0.022206
0.0360 -0.014705
0.0154 -0.006158
-0.0098 0.003500
-0.0419 0.014476
-0.0831 0.027384
-0.1322 0.040672
-0.1833 0.050648
-0.2296 0.057462
-0.2675 0.061182
-0.2969 0.060661
-0.3197 0.054018
-0.3374 0.047138
-0.3509 0.040542
-0.3611 0.034500
-0.3687 0.029123
-0.3741 0.024434
-0.3777 0.020401
-0.3800 0.016969
-0.3811 0.014072
-0.3813 0.011641
-0.3808 0.009612
-0.3797 0.007925
-0.3782 0.006527
-0.3764 0.005371
-0.3744 0.004417
-0.3723 0.003631
-0.3702 0.002985
-0.3680 0.002454
-0.3660 0.002018
-0.3640 0.001659
-0.3622 0.001365
-0.3606 0.001124
-0.3593 0.000926
-0.3582 0.000763
-0.3574 0.000629
-0.3569 0.000520
-0.3569 0.000430
-0.3573 0.000356
-0.3581 0.000295
-0.3595 0.000245
-0.3614 0.000203
-0.3637 0.000169
-0.3666 0.000141
-0.3700 0.000118
-0.3738 0.000098
-0.3780 0.000082
-0.3825 0.000069
-0.3874 0.000058
-0.3925 0.000048
-0.3978 0.000040
