0.8059
0.7710
0.7145
0.5703
0.4422
0.3376
0.2778
0.2583
0.2582
0.2608
0.2612
0.2602
0.2600
0.2601
0.2613
0.2604
0.2599
0.2608
0.2613
0.2615
0.2604
0.2605
0.2607
0.2609
0.2604
0.2614
0.2608
0.2614
0.2604
0.2618
0.2609
0.2598
0.2618
0.2610
0.2606
0.2616
0.2611
0.2606
0.2612
0.2615
0.2596
0.2612
0.2611
0.2607
0.2608
0.2624
0.2606
0.2610
0.2598
0.2601
0.2611
0.2613
0.2622
0.2613
0.2595
0.2606
0.2616
0.2610
0.2600
0.2606
0.2606
0.2608
0.2618
0.2606
0.2602
0.2607
0.2605
0.2596
0.2606
0.2607
0.2595
0.2609
0.2605
0.2608
0.2604
0.2610
0.2612
0.2617
0.2614
0.2615
0.2601
0.2610
0.2614
0.2610
0.2606
0.2612
0.2606
0.2600
0.2610
0.2606
0.2607
0.2611
0.2613
0.2606
0.2620
0.2594
0.2607
0.2610
0.2601
0.2601
0.2622
0.2606
0.2602
0.2606
0.2606
0.2619
0.2602
0.2612
0.2605
0.2608
0.2612
0.2607
0.2618
0.2617
0.2597
0.2615
0.2604
0.2602
0.2602
0.2613
0.2607
0.2604
0.2604
0.2621
0.2607
0.2611
0.2610
0.2589
0.2616
0.2601
0.2604
0.2612
0.2607
0.2599
0.2590
0.2604
0.2605
0.2605
0.2605
0.2625
0.2600
0.2619
0.2610
0.2611
0.2602
0.2620
0.2594
0.2606
0.2610
0.2604
