0.1986 -0.000573
0.1769 -0.000464
0.1566 -0.000376
0.1373 -0.000305
0.1188 -0.000247
0.1007 -0.000200
0.0827 -0.000162
0.0643 -0.000131
0.0447 -0.000106
0.0228 -0.000085
-0.0292 -0.117928
-0.0972 -0.100930
-0.1734 -0.081862
-0.2418 -0.064719
-0.2942 -0.051564
-0.3319 -0.042108
-0.3587 -0.035386
-0.3780 -0.030546
-0.3922 -0.026996
-0.4027 -0.024361
-0.4137 -0.043196
-0.4221 -0.039006
-0.4276 -0.036216
-0.4312 -0.034426
-0.4335 -0.033253
-0.4351 -0.032445
-0.4362 -0.031900
-0.4368 -0.031594
-0.4369 -0.031531
-0.4386 -0.044229
-0.4394 -0.041306
-0.4391 -0.039601
-0.4380 -0.038726
-0.4363 -0.038419
-0.4342 -0.038507
-0.4318 -0.038886
-0.4289 -0.036773
-0.4254 -0.035258
-0.4213 -0.032082
-0.4163 -0.028479
-0.4105 -0.025395
-0.4042 -0.022683
-0.3974 -0.020260
-0.3903 -0.018079
-0.3828 -0.016108
-0.3751 -0.014329
-0.3671 -0.012724
-0.3588 -0.011280
-0.3502 -0.009986
-0.3412 -0.008830
-0.3319 -0.007799
-0.3222 -0.006884
-0.3120 -0.006075
-0.3011 -0.005362
-0.2895 -0.004735
-0.2769 -0.004187
-0.2632 -0.003709
-0.2479 -0.003295
-0.2306 -0.002937
-0.2106 -0.002633
-0.1869 -0.002377
-0.1575 -0.002170
-0.1185 -0.002016
-0.0615 -0.001933
0.0155 -0.130560
0.1105 -0.154256
0.2025 -0.177233
0.2649 -0.192756
0.2929 -0.199608
0.2931 -0.199483
0.2758 -0.194976
0.2499 -0.188325
0.2212 -0.180988
0.1926 -0.173719
0.1653 -0.166791
0.1393 -0.160211
0.1141 -0.153847
0.0888 -0.147467
0.0620 -0.140731
0.0316 -0.133104
-0.0060 -0.123713
-0.0557 -0.111299
-0.1202 -0.095190
-0.1911 -0.077426
-0.2543 -0.054300
-0.3024 -0.036457
-0.3368 -0.025137
-0.3604 -0.017953
-0.3759 -0.013324
-0.3855 -0.010259
-0.3911 -0.008150
-0.3938 -0.006633
-0.3947 -0.005492
-0.3944 -0.004599
-0.3966 -0.029623
-0.3993 -0.028253
-0.4008 -0.027309
-0.4016 -0.026674
-0.4019 -0.026250
-0.4020 -0.025950
-0.4019 -0.025732
-0.4017 -0.025583
-0.4048 -0.048431
-0.4079 -0.046750
-0.4099 -0.045620
-0.4110 -0.044958
-0.4113 -0.044698
-0.4111 -0.044783
-0.4102 -0.045164
-0.4085 -0.042489
-0.4059 -0.040381
-0.4041 -0.062281
-0.4043 -0.059842
-0.4032 -0.058472
-0.4012 -0.054920
-0.3979 -0.051595
-0.3937 -0.049228
-0.3890 -0.047528
-0.3838 -0.046310
-0.3785 -0.045460
-0.3730 -0.044905
-0.3675 -0.044603
-0.3618 -0.044527
-0.3561 -0.044663
-0.3502 -0.045007
-0.3440 -0.045562
-0.3375 -0.046337
-0.3305 -0.047349
-0.3228 -0.048620
-0.3144 -0.050176
-0.3048 -0.047113
-0.2925 -0.041431
-0.2774 -0.036774
-0.2592 -0.032907
-0.2483 -0.091376
-0.2351 -0.090987
-0.2182 -0.092226
-0.1992 -0.094413
-0.1806 -0.096746
-0.1638 -0.098767
-0.1495 -0.100322
-0.1377 -0.101423
-0.1283 -0.102150
-0.1208 -0.102582
-0.1150 -0.102777
-0.1109 -0.102756
-0.1082 -0.102508
-0.1072 -0.101991
-0.1080 -0.101146
-0.1107 -0.099900
-0.1157 -0.098181
-0.1232 -0.095932
-0.1331 -0.093130
-0.1453 -0.089815
-0.1586 -0.076557
-0.1703 -0.061728
-0.1947 -0.124124
-0.2182 -0.107305
-0.2384 -0.093972
-0.2557 -0.083368
-0.2708 -0.074749
-0.2845 -0.067589
-0.2969 -0.061573
-0.3116 -0.102642
-0.3292 -0.091806
-0.3434 -0.083187
-0.3547 -0.076435
-0.3635 -0.071224
-0.3702 -0.067256
-0.3752 -0.064276
-0.3789 -0.062082
-0.3815 -0.060514
-0.3830 -0.057035
-0.3832 -0.052396
-0.3821 -0.049017
-0.3801 -0.046564
-0.3771 -0.040709
-0.3727 -0.035208
-0.3673 -0.030652
-0.3611 -0.026791
-0.3543 -0.023464
-0.3471 -0.020565
-0.3395 -0.018024
-0.3317 -0.015789
-0.3235 -0.013823
-0.3151 -0.012096
-0.3064 -0.010580
-0.2972 -0.009252
-0.2877 -0.008092
-0.2775 -0.007080
-0.2668 -0.006198
-0.2554 -0.005430
-0.2432 -0.004761
-0.2300 -0.004180
-0.2155 -0.003677
-0.1994 -0.003245
-0.1809 -0.002877
-0.1589 -0.002568
-0.1311 -0.002319
-0.0933 -0.002134
-0.0364 -0.002031
0.0518 -0.139734
0.1351 -0.160483
0.2059 -0.178107
0.2510 -0.189257
0.2702 -0.193895
0.2690 -0.193407
0.2545 -0.189595
0.2328 -0.184016
0.2083 -0.177734
0.1832 -0.171340
0.1585 -0.165087
0.1346 -0.159015
0.1109 -0.153039
0.0868 -0.146975
0.0612 -0.140523
0.0320 -0.133202
-0.0040 -0.124207
-0.0514 -0.112361
-0.1133 -0.096911
-0.1826 -0.079553
-0.2454 -0.055756
-0.2936 -0.037733
-0.3281 -0.026242
-0.3514 -0.018931
-0.3664 -0.014208
-0.3754 -0.011062
-0.3804 -0.008868
-0.3829 -0.007253
-0.3839 -0.006003
-0.3842 -0.004998
-0.3890 -0.031779
-0.3930 -0.029985
-0.3960 -0.028609
-0.3984 -0.027531
-0.4004 -0.026659
-0.4047 -0.049094
-0.4094 -0.046425
-0.4127 -0.044539
-0.4148 -0.043316
-0.4159 -0.042633
-0.4191 -0.061157
-0.4217 -0.059134
-0.4230 -0.058052
-0.4235 -0.057677
-0.4232 -0.057833
-0.4223 -0.056625
-0.4206 -0.054893
-0.4182 -0.052852
-0.4149 -0.049396
-0.4109 -0.046845
-0.4065 -0.044941
-0.4016 -0.043535
-0.3964 -0.042528
-0.3911 -0.041850
-0.3855 -0.041451
-0.3798 -0.041294
-0.3740 -0.041351
-0.3676 -0.036638
-0.3601 -0.032077
-0.3517 -0.028178
-0.3425 -0.024799
-0.3327 -0.021845
-0.3221 -0.019249
-0.3108 -0.016964
-0.2988 -0.014952
-0.2860 -0.013184
-0.2721 -0.011637
-0.2570 -0.010286
-0.2450 -0.072669
-0.2391 -0.072796
-0.2312 -0.073667
-0.2215 -0.075153
-0.2116 -0.076850
-0.2028 -0.078362
-0.1959 -0.079463
-0.1914 -0.080062
-0.1891 -0.080147
-0.1891 -0.079744
-0.1911 -0.078895
-0.1949 -0.077654
-0.2001 -0.076086
-0.2066 -0.074263
-0.2139 -0.072267
-0.2217 -0.070189
-0.2295 -0.068126
-0.2369 -0.066168
-0.2437 -0.064390
-0.2496 -0.062851
-0.2545 -0.061362
-0.2572 -0.050671
-0.2573 -0.042310
-0.2551 -0.035645
-0.2570 -0.090317
-0.2634 -0.083189
-0.2682 -0.077623
-0.2733 -0.129461
-0.2872 -0.119051
-0.2996 -0.110139
-0.3109 -0.102383
-0.3212 -0.095592
-0.3305 -0.089646
-0.3389 -0.084477
-0.3461 -0.080043
-0.3524 -0.076309
-0.3576 -0.073232
-0.3617 -0.070763
-0.3650 -0.068850
-0.3673 -0.067435
-0.3689 -0.066456
-0.3698 -0.065392
-0.3695 -0.060111
-0.3679 -0.056253
-0.3649 -0.048840
-0.3604 -0.042157
-0.3547 -0.036653
-0.3480 -0.032005
-0.3408 -0.028005
-0.3331 -0.024520
-0.3250 -0.021461
-0.3168 -0.018767
-0.3084 -0.016393
-0.2998 -0.014304
-0.2910 -0.012469
-0.2820 -0.010862
-0.2727 -0.009459
-0.2630 -0.008238
-0.2527 -0.007178
-0.2418 -0.006260
-0.2299 -0.005467
-0.2171 -0.004783
-0.2029 -0.004195
-0.1871 -0.003690
-0.1689 -0.003260
-0.1474 -0.002899
-0.1205 -0.002605
-0.0841 -0.002384
-0.0296 -0.002251
0.0551 -0.002217
0.1589 -0.002199
0.2445 -0.002076
0.2717 -0.194686
0.2729 -0.194735
0.2617 -0.191704
0.2432 -0.186853
0.2211 -0.181133
0.1977 -0.175135
0.1743 -0.169166
0.1514 -0.163335
0.1289 -0.157630
0.1065 -0.151956
0.0834 -0.146140
0.0587 -0.139909
0.0304 -0.132820
-0.0043 -0.124144
-0.0496 -0.112824
-0.1082 -0.098170
-0.1743 -0.081630
-0.2354 -0.066313
-0.2843 -0.054050
-0.3204 -0.044982
-0.3457 -0.034546
-0.3622 -0.025766
-0.3724 -0.019912
-0.3785 -0.015831
-0.3819 -0.012854
-0.3834 -0.010591
-0.3838 -0.008817
-0.3833 -0.007393
-0.3875 -0.034097
-0.3902 -0.032323
-0.3920 -0.058037
-0.3976 -0.054362
-0.4020 -0.051548
-0.4055 -0.049309
-0.4083 -0.047505
-0.4106 -0.046066
-0.4123 -0.044967
-0.4134 -0.044201
-0.4140 -0.043758
-0.4140 -0.043618
-0.4135 -0.043757
-0.4126 -0.044150
-0.4112 -0.044770
-0.4094 -0.045590
-0.4070 -0.042939
-0.4035 -0.039160
-0.3988 -0.034305
-0.3930 -0.030285
-0.3864 -0.026846
-0.3793 -0.023833
-0.3717 -0.021152
-0.3638 -0.018748
-0.3558 -0.016584
-0.3476 -0.014634
-0.3395 -0.012878
-0.3313 -0.011303
-0.3231 -0.009896
-0.3150 -0.008646
-0.3067 -0.007541
-0.2984 -0.006571
-0.2897 -0.005722
-0.2807 -0.004984
-0.2712 -0.004343
-0.2610 -0.003789
-0.2500 -0.003310
-0.2380 -0.002897
-0.2248 -0.002541
-0.2101 -0.002235
-0.1935 -0.001973
-0.1741 -0.001752
-0.1506 -0.001569
-0.1397 -0.091395
-0.1261 -0.094588
-0.1080 -0.098964
-0.0841 -0.104806
-0.0527 -0.112542
-0.0101 -0.123082
0.0467 -0.137198
0.1104 -0.153094
0.1640 -0.166467
0.1982 -0.175002
0.2142 -0.178965
0.2164 -0.179475
0.2093 -0.177655
0.1964 -0.174393
0.1803 -0.170310
0.1623 -0.165798
0.1436 -0.157927
0.1274 -0.128557
0.1144 -0.105132
0.1034 -0.086233
0.0938 -0.070866
0.0849 -0.058298
0.0763 -0.047970
0.0674 -0.039445
0.0578 -0.032380
0.0466 -0.026500
0.0330 -0.021584
0.0158 -0.017445
-0.0070 -0.013926
-0.0385 -0.010890
-0.0822 -0.008238
-0.1381 -0.005962
-0.1987 -0.004146
-0.2545 -0.002822
-0.3005 -0.001915
-0.3365 -0.001311
-0.3638 -0.000911
-0.3842 -0.000647
-0.3991 -0.000471
-0.4095 -0.000352
-0.4165 -0.000271
-0.4207 -0.000215
-0.4226 -0.000175
-0.4226 -0.000147
-0.4210 -0.000125
-0.4182 -0.000108
-0.4143 -0.000094
-0.4097 -0.000083
-0.4064 -0.023481
-0.4049 -0.023832
-0.4027 -0.024378
-0.4008 -0.049655
-0.4019 -0.049097
-0.4020 -0.049053
-0.4014 -0.049332
-0.4004 -0.049796
-0.3993 -0.050363
-0.3980 -0.050987
-0.3967 -0.051644
-0.3953 -0.052342
-0.3938 -0.053108
-0.3920 -0.053986
-0.3899 -0.055022
-0.3872 -0.053206
-0.3833 -0.050793
-0.3782 -0.049288
-0.3720 -0.048513
-0.3649 -0.048343
-0.3568 -0.048677
-0.3479 -0.049438
-0.3411 -0.082783
-0.3361 -0.077797
-0.3290 -0.074586
-0.3207 -0.072449
-0.3129 -0.070700
-0.3062 -0.068963
-0.3012 -0.067154
-0.2976 -0.065318
-0.2953 -0.063530
-0.2939 -0.061845
-0.2931 -0.060299
-0.2928 -0.058910
-0.2929 -0.057681
-0.2966 -0.106544
-0.3059 -0.100900
-0.3136 -0.096253
-0.3199 -0.092496
-0.3250 -0.089453
-0.3293 -0.086945
-0.3328 -0.082276
-0.3347 -0.074718
-0.3353 -0.068953
-0.3350 -0.064495
-0.3340 -0.061006
-0.3327 -0.058248
-0.3311 -0.056052
-0.3295 -0.054297
-0.3278 -0.052895
-0.3260 -0.051784
-0.3243 -0.050922
-0.3225 -0.050278
-0.3206 -0.049832
-0.3185 -0.049565
-0.3163 -0.049464
-0.3139 -0.046771
-0.3101 -0.039852
-0.3050 -0.034166
-0.2990 -0.029405
-0.2925 -0.025361
-0.2855 -0.021891
-0.2783 -0.018897
-0.2709 -0.016308
-0.2634 -0.014067
-0.2557 -0.012128
-0.2479 -0.010452
-0.2399 -0.009006
-0.2316 -0.007760
-0.2230 -0.006688
-0.2140 -0.005767
-0.2044 -0.004978
-0.1941 -0.004302
-0.1829 -0.003724
-0.1706 -0.003231
-0.1567 -0.002812
-0.1405 -0.002459
-0.1205 -0.002168
-0.0942 -0.001935
-0.0567 -0.001765
0.0012 -0.001666
0.0858 -0.001626
0.1765 -0.001569
0.2454 -0.001444
0.2864 -0.001273
0.3039 -0.001087
0.3041 -0.000908
0.2932 -0.000748
0.2758 -0.000611
0.2554 -0.000497
0.2339 -0.000403
0.2126 -0.000327
0.1920 -0.000265
0.1722 -0.000215
0.1533 -0.000175
0.1351 -0.000142
0.1173 -0.000115
0.0996 -0.000093
0.0817 -0.000076
0.0628 -0.000061
0.0421 -0.000049
0.0178 -0.000039
-0.0123 -0.000031
-0.0518 -0.000024
-0.1031 -0.000018
-0.1624 -0.000012
-0.2198 -0.000009
-0.2673 -0.000006
-0.3030 -0.000004
-0.3279 -0.000003
-0.3439 -0.000002
-0.3529 -0.000002
-0.3568 -0.000001
-0.3571 -0.000001
-0.3551 -0.000001
-0.3519 -0.000001
-0.3488 -0.000001
-0.3468 -0.000001
-0.3463 -0.000001
-0.3519 -0.037049
-0.3597 -0.035096
-0.3669 -0.033288
-0.3736 -0.031627
-0.3797 -0.030098
-0.3852 -0.028722
-0.3899 -0.027545
-0.3936 -0.026604
-0.3963 -0.025919
-0.3981 -0.025488
-0.3988 -0.025297
-0.3987 -0.025323
-0.3978 -0.025542
-0.3963 -0.025930
-0.3941 -0.026467
-0.3914 -0.027138
-0.3883 -0.027928
-0.3847 -0.028413
-0.3802 -0.024644
-0.3748 -0.021511
-0.3687 -0.018832
-0.3623 -0.016498
-0.3557 -0.014442
-0.3490 -0.012622
-0.3423 -0.011008
-0.3356 -0.009580
-0.3291 -0.008319
-0.3226 -0.007210
-0.3163 -0.006237
-0.3100 -0.005388
-0.3036 -0.004650
-0.2973 -0.004009
-0.2932 -0.055132
-0.2962 -0.053768
-0.2982 -0.052779
-0.2992 -0.052131
-0.2993 -0.051784
-0.3006 -0.101063
-0.3088 -0.096717
-0.3155 -0.093135
-0.3212 -0.090125
-0.3262 -0.087514
-0.3306 -0.085167
-0.3347 -0.083027
-0.3385 -0.081099
-0.3417 -0.079413
-0.3444 -0.077998
-0.3466 -0.076871
-0.3482 -0.076029
-0.3493 -0.075458
-0.3499 -0.075134
-0.3501 -0.075036
-0.3493 -0.069707
-0.3471 -0.065092
-0.3437 -0.061775
-0.3393 -0.059475
-0.3405 -0.094126
-0.3399 -0.085386
-0.3367 -0.079309
-0.3322 -0.074901
-0.3273 -0.071405
-0.3228 -0.068409
-0.3191 -0.065751
-0.3160 -0.063383
-0.3135 -0.061295
-0.3115 -0.059482
-0.3098 -0.057931
-0.3083 -0.056624
-0.3070 -0.055540
-0.3058 -0.054658
-0.3047 -0.053964
-0.3073 -0.100612
-0.3144 -0.096233
-0.3199 -0.092804
-0.3241 -0.090205
-0.3272 -0.088246
-0.3296 -0.086710
-0.3316 -0.085446
-0.3333 -0.084372
-0.3342 -0.077403
-0.3339 -0.071621
-0.3326 -0.067158
-0.3307 -0.063689
-0.3284 -0.060978
-0.3259 -0.058862
-0.3231 -0.057227
-0.3202 -0.055994
-0.3166 -0.049020
-0.3117 -0.042037
-0.3057 -0.036215
-0.2990 -0.031283
-0.2919 -0.027055
-0.2844 -0.023404
-0.2768 -0.020238
-0.2690 -0.017487
-0.2612 -0.015099
-0.2533 -0.013028
-0.2452 -0.011237
-0.2369 -0.009691
-0.2282 -0.008359
-0.2191 -0.007215
-0.2094 -0.006234
-0.1990 -0.005393
-0.1876 -0.004674
-0.1750 -0.004060
-0.1614 -0.088177
-0.1634 -0.087088
-0.1660 -0.085939
-0.1692 -0.084716
-0.1732 -0.083359
-0.1785 -0.081756
-0.1852 -0.079834
-0.1934 -0.077578
-0.2029 -0.075027
-0.2135 -0.072252
-0.2246 -0.069347
-0.2360 -0.066412
-0.2471 -0.063547
-0.2577 -0.060841
-0.2770 -0.111796
-0.2947 -0.102884
-0.3091 -0.095641
-0.3203 -0.089986
-0.3287 -0.085757
-0.3347 -0.082718
-0.3386 -0.076345
-0.3402 -0.069731
-0.3401 -0.064864
-0.3389 -0.061201
-0.3371 -0.058398
-0.3349 -0.056240
-0.3376 -0.093539
-0.3414 -0.089318
-0.3440 -0.086249
-0.3456 -0.084021
-0.3467 -0.082297
-0.3477 -0.080836
-0.3487 -0.079534
-0.3492 -0.072715
-0.3485 -0.066959
-0.3470 -0.062546
-0.3449 -0.059167
-0.3423 -0.056593
-0.3393 -0.054659
-0.3359 -0.053247
-0.3322 -0.052283
-0.3282 -0.051719
-0.3237 -0.051516
-0.3188 -0.051632
-0.3201 -0.088142
-0.3204 -0.080879
-0.3188 -0.075562
-0.3162 -0.071559
-0.3132 -0.068393
-0.3104 -0.065763
-0.3081 -0.063507
-0.3061 -0.061551
-0.3046 -0.059859
-0.3033 -0.058414
-0.3022 -0.057205
-0.3011 -0.056221
-0.3000 -0.055448
-0.2988 -0.054864
-0.2975 -0.051972
-0.2949 -0.043957
-0.2909 -0.037421
-0.2858 -0.032009
-0.2798 -0.027476
-0.2731 -0.023643
-0.2658 -0.020381
-0.2580 -0.017590
-0.2496 -0.015194
-0.2408 -0.013133
-0.2315 -0.011361
-0.2227 -0.079121
-0.2261 -0.076552
-0.2291 -0.074417
-0.2315 -0.072663
-0.2336 -0.071177
-0.2360 -0.069804
-0.2388 -0.068433
-0.2423 -0.067021
-0.2463 -0.065567
-0.2506 -0.064095
-0.2552 -0.062640
-0.2598 -0.061241
-0.2641 -0.059946
-0.2680 -0.058803
-0.2712 -0.057852
-0.2737 -0.057110
-0.2751 -0.050549
-0.2742 -0.042383
-0.2713 -0.035839
-0.2669 -0.030506
-0.2612 -0.026097
-0.2545 -0.022409
-0.2469 -0.019295
-0.2385 -0.016649
-0.2293 -0.014390
-0.2194 -0.012457
-0.2087 -0.010802
-0.1969 -0.009386
-0.1838 -0.008177
-0.1688 -0.007151
-0.1514 -0.006286
-0.1300 -0.005572
-0.1021 -0.005003
-0.0627 -0.004590
-0.0022 -0.004362
0.0868 -0.004294
0.1820 -0.004169
0.2532 -0.003847
0.2944 -0.003390
0.3107 -0.002890
0.3090 -0.002409
0.2666 -0.193644
0.2271 -0.183362
0.1931 -0.174544
0.1631 -0.166791
0.1357 -0.159747
0.1096 -0.153081
0.0835 -0.146437
0.0556 -0.139360
0.0231 -0.131170
-0.0183 -0.120782
-0.0741 -0.106803
-0.1446 -0.089148
-0.2175 -0.070869
-0.2799 -0.055213
-0.3280 -0.042066
-0.3626 -0.028062
-0.3865 -0.019343
-0.4028 -0.013833
-0.4135 -0.010279
-0.4201 -0.007928
-0.4236 -0.006326
-0.4248 -0.005199
-0.4242 -0.004376
-0.4221 -0.003753
-0.4189 -0.003264
-0.4147 -0.002867
-0.4096 -0.002536
-0.4038 -0.002254
-0.3974 -0.002008
-0.3933 -0.028400
-0.3903 -0.028902
-0.3864 -0.029687
-0.3818 -0.030655
-0.3772 -0.031656
-0.3730 -0.032572
-0.3694 -0.033361
-0.3663 -0.034028
-0.3637 -0.034605
-0.3613 -0.035122
-0.3591 -0.035603
-0.3570 -0.036062
-0.3550 -0.036510
-0.3530 -0.036965
-0.3509 -0.037457
-0.3486 -0.038014
-0.3459 -0.038662
-0.3436 -0.077803
-0.3508 -0.105441
-0.3571 -0.096141
-0.3602 -0.090016
-0.3613 -0.086021
-0.3613 -0.083278
-0.3610 -0.081167
-0.3608 -0.079350
-0.3609 -0.077700
-0.3612 -0.076207
-0.3615 -0.074907
-0.3617 -0.073837
-0.3618 -0.073024
-0.3616 -0.072477
-0.3611 -0.072196
-0.3603 -0.072173
-0.3591 -0.072405
-0.3575 -0.072895
-0.3555 -0.073652
-0.3528 -0.071987
-0.3488 -0.067725
-0.3433 -0.064818
-0.3366 -0.062942
-0.3290 -0.061866
-0.3206 -0.058935
-0.3104 -0.051854
-0.2987 -0.045859
-0.2858 -0.040651
-0.2724 -0.092872
-0.2692 -0.088085
-0.2655 -0.084350
-0.2617 -0.081335
-0.2586 -0.078732
-0.2566 -0.076292
-0.2560 -0.073895
-0.2567 -0.071521
-0.2586 -0.069203
-0.2612 -0.066987
-0.2643 -0.064918
-0.2676 -0.063028
-0.2709 -0.061340
-0.2739 -0.059863
-0.2766 -0.058603
-0.2785 -0.052317
-0.2785 -0.043688
-0.2767 -0.036778
-0.2734 -0.031164
-0.2688 -0.026545
-0.2734 -0.078390
-0.2773 -0.073502
-0.2799 -0.069746
-0.2815 -0.066831
-0.2826 -0.064483
-0.2837 -0.062507
-0.2848 -0.060799
-0.2860 -0.059308
-0.2873 -0.058011
-0.2885 -0.056891
-0.2896 -0.055933
-0.2906 -0.055121
-0.2914 -0.054445
-0.2920 -0.053907
-0.2923 -0.053518
-0.2922 -0.053289
-0.2916 -0.053226
-0.2900 -0.046889
-0.2864 -0.039817
-0.2812 -0.034061
-0.2746 -0.029300
-0.2668 -0.025316
-0.2579 -0.021951
-0.2478 -0.019095
-0.2365 -0.016661
-0.2238 -0.014585
-0.2093 -0.012818
-0.1926 -0.011318
-0.1729 -0.010058
-0.1488 -0.009019
-0.1344 -0.099196
-0.1192 -0.101984
-0.0986 -0.106295
-0.0707 -0.112607
-0.0323 -0.121688
0.0211 -0.134646
0.0875 -0.150983
0.1503 -0.166392
0.1943 -0.177022
0.2176 -0.182417
0.2245 -0.183686
0.2199 -0.182129
0.2082 -0.178827
0.1923 -0.174554
0.1744 -0.169809
0.1566 -0.147523
0.1425 -0.120543
0.1309 -0.098857
0.1211 -0.081268
0.1123 -0.066910
0.1042 -0.055135
0.0962 -0.045438
0.0880 -0.037424
0.0790 -0.030780
0.0689 -0.025257
0.0571 -0.020654
0.0427 -0.016805
0.0247 -0.013571
0.0013 -0.010829
-0.0307 -0.008470
-0.0749 -0.006409
-0.1323 -0.004632
-0.1955 -0.003205
-0.2538 -0.002164
-0.3017 -0.001456
-0.3387 -0.000989
-0.3663 -0.000684
-0.3862 -0.000486
-0.4000 -0.000357
-0.4092 -0.000270
-0.4147 -0.000212
-0.4174 -0.000171
-0.4178 -0.000142
-0.4165 -0.000121
-0.4137 -0.000104
-0.4099 -0.000091
-0.4076 -0.023164
-0.4061 -0.023524
-0.4036 -0.024158
-0.4002 -0.024985
-0.3965 -0.025896
-0.3929 -0.026805
-0.3894 -0.027673
-0.3861 -0.028494
-0.3829 -0.029280
-0.3799 -0.030049
-0.3767 -0.030825
-0.3735 -0.031631
-0.3701 -0.032485
-0.3664 -0.033401
-0.3624 -0.034387
-0.3579 -0.031255
-0.3521 -0.027166
-0.3453 -0.023736
-0.3376 -0.020804
-0.3293 -0.018261
-0.3205 -0.016037
-0.3143 -0.060281
-0.3134 -0.058286
-0.3145 -0.102437
-0.3204 -0.097614
-0.3253 -0.093728
-0.3297 -0.090334
-0.3339 -0.087255
-0.3380 -0.084456
-0.3418 -0.081936
-0.3452 -0.079697
-0.3483 -0.077749
-0.3509 -0.076103
-0.3530 -0.074768
-0.3546 -0.073752
-0.3556 -0.073061
-0.3560 -0.072701
