-0.3885 0.026608
-0.3934 0.022274
-0.3976 0.018615
-0.4012 0.015529
-0.4040 0.012930
-0.4061 0.010746
-0.4074 0.008914
-0.4080 0.007381
-0.4079 0.006101
-0.4071 0.005035
-0.4057 0.004149
-0.4038 0.003414
-0.4014 0.002806
-0.3988 0.002305
-0.3960 0.001893
-0.3931 0.001554
-0.3903 0.001275
-0.3874 0.001047
-0.3846 0.000859
-0.3817 0.000705
-0.3788 0.000578
-0.3759 0.000475
-0.3728 0.000389
-0.3696 0.000319
-0.3663 0.000261
-0.3629 0.000214
-0.3595 0.000175
-0.3561 0.000144
-0.3530 0.000118
-0.3503 0.000097
-0.3481 0.000079
-0.3464 0.000065
-0.3453 0.000054
-0.3445 0.000044
-0.3441 0.000037
-0.3439 0.000030
-0.3437 0.000025
-0.3435 0.000021
-0.3433 0.000017
-0.3264 0.138838
-0.3016 0.128298
-0.2802 0.119191
-0.2615 0.111210
-0.2448 0.104114
-0.2298 0.097719
-0.2002 0.170449
-0.1715 0.146007
-0.1440 0.122637
-0.1158 0.098644
-0.0843 0.071915
-0.0460 0.039493
0.0031 -0.002134
0.0627 -0.052772
0.1205 -0.102003
0.1624 -0.137771
0.1855 -0.157530
0.1940 -0.157925
0.1942 -0.145112
0.1768 -0.197584
0.1608 -0.172213
0.1458 -0.150593
0.1313 -0.131537
0.1178 -0.107095
0.1053 -0.086922
0.0930 -0.070315
0.0802 -0.056058
0.0663 -0.043271
0.0509 -0.031221
0.0329 -0.019183
0.0097 -0.009687
-0.0180 0.016905
-0.0512 0.047651
-0.0903 0.082902
-0.1325 0.120179
-0.1725 0.154832
-0.2061 0.179424
-0.2339 0.185593
-0.2567 0.187345
-0.2750 0.186248
-0.2896 0.183469
-0.3009 0.179788
-0.3095 0.175690
-0.3158 0.171461
-0.3201 0.167262
-0.3227 0.163182
-0.3239 0.159266
-0.3251 0.138862
-0.3290 0.116169
-0.3345 0.097653
-0.3407 0.082257
-0.3472 0.069302
-0.3534 0.058329
-0.3591 0.049006
-0.3641 0.041080
-0.3682 0.034351
-0.3714 0.028649
-0.3737 0.023830
-0.3750 0.019772
-0.3753 0.016364
-0.3748 0.013513
-0.3737 0.011139
-0.3722 0.009173
-0.3706 0.007552
-0.3691 0.006218
-0.3677 0.005122
-0.3666 0.004222
-0.3656 0.003481
-0.3646 0.002871
-0.3637 0.002368
-0.3627 0.001952
-0.3614 0.001608
-0.3599 0.001324
-0.3581 0.001089
-0.3560 0.000895
-0.3536 0.000735
-0.3509 0.000603
-0.3479 0.000495
-0.3448 0.000405
-0.3416 0.000332
-0.3383 0.000272
-0.3350 0.000223
-0.3318 0.000182
-0.3287 0.000149
-0.3257 0.000122
-0.3229 0.000100
-0.3203 0.000082
-0.3178 0.000067
-0.3153 0.000055
-0.3130 0.000045
-0.3108 0.000037
-0.3088 0.000031
-0.3071 0.000025
-0.3058 0.000021
-0.3049 0.000017
-0.3045 0.000014
-0.3047 0.000012
-0.3055 0.000010
-0.3069 0.000008
-0.3086 0.000007
-0.3107 0.000006
-0.3129 0.000005
-0.3151 0.000004
-0.3172 0.000003
-0.3191 0.000003
-0.2969 0.126282
-0.2765 0.117602
-0.2587 0.110006
-0.2428 0.103273
-0.2286 0.097231
-0.2090 0.177941
-0.1807 0.153809
-0.1543 0.131343
-0.1280 0.109056
-0.1000 0.085268
-0.0676 0.057760
-0.0272 0.023491
0.0243 -0.020148
0.0825 -0.069654
0.1335 -0.113101
0.1673 -0.141994
0.1724 -0.217367
0.1702 -0.202539
0.1642 -0.185807
0.1558 -0.168723
0.1458 -0.152009
0.1347 -0.135939
0.1227 -0.120544
0.1102 -0.105723
0.0976 -0.085198
0.0854 -0.067914
0.0679 -0.078627
0.0493 -0.054567
0.0299 -0.031916
0.0085 -0.008899
-0.0166 0.016199
-0.0468 0.044996
-0.0829 0.078190
-0.1230 0.114100
-0.1625 0.146324
-0.1985 0.162456
-0.2294 0.172158
-0.2546 0.176725
-0.2744 0.177702
-0.2895 0.176383
-0.3009 0.173703
-0.3091 0.170281
-0.3146 0.166505
-0.3181 0.162604
-0.3207 0.144209
-0.3254 0.120983
-0.3315 0.101882
-0.3380 0.085898
-0.3445 0.072384
-0.3505 0.060902
-0.3559 0.051130
-0.3605 0.042818
-0.3642 0.035764
-0.3669 0.029795
-0.3689 0.024767
-0.3702 0.020552
-0.3712 0.017035
-0.3718 0.014111
-0.3724 0.011684
-0.3729 0.009673
-0.3733 0.008006
-0.3735 0.006625
-0.3736 0.005479
-0.3735 0.004529
-0.3731 0.003740
-0.3724 0.003087
-0.3714 0.002545
-0.3701 0.002097
-0.3685 0.001726
-0.3666 0.001420
-0.3645 0.001168
-0.3623 0.000959
-0.3598 0.000788
-0.3572 0.000647
-0.3544 0.000530
-0.3515 0.000435
-0.3484 0.000356
-0.3451 0.000292
-0.3418 0.000239
-0.3384 0.000196
-0.3350 0.000160
-0.3317 0.000131
-0.3287 0.000107
-0.3262 0.000088
-0.3243 0.000072
-0.3232 0.000060
-0.3228 0.000049
-0.3230 0.000041
-0.3237 0.000034
-0.3247 0.000028
-0.3260 0.000023
-0.3274 0.000019
-0.3289 0.000016
-0.3303 0.000013
-0.3316 0.000011
-0.3327 0.000009
-0.3337 0.000008
-0.3344 0.000006
-0.3349 0.000005
-0.3353 0.000004
-0.3243 0.137926
-0.2998 0.127529
-0.2788 0.118580
-0.2480 0.211147
-0.2137 0.181933
-0.1835 0.156251
-0.1554 0.132349
-0.1275 0.108608
-0.0976 0.083193
-0.0627 0.053592
-0.0188 0.016389
0.0367 -0.030680
0.0968 -0.081797
0.1416 -0.180133
0.1624 -0.206905
0.1694 -0.215954
0.1673 -0.213395
0.1603 -0.196161
0.1518 -0.175878
0.1421 -0.157075
0.1315 -0.139623
0.1203 -0.121808
0.1095 -0.099716
0.0966 -0.121109
0.0791 -0.093705
0.0625 -0.070496
0.0457 -0.049372
0.0275 -0.028748
0.0069 -0.007140
-0.0177 0.017020
-0.0476 0.045221
-0.0836 0.078024
-0.1239 0.108093
-0.1655 0.131576
-0.2037 0.148997
-0.2359 0.160109
-0.2616 0.166067
-0.2813 0.168350
-0.2959 0.168217
-0.3064 0.166584
-0.3136 0.164062
-0.3181 0.161039
-0.3214 0.143439
-0.3265 0.120482
-0.3328 0.101518
-0.3393 0.085600
-0.3458 0.072118
-0.3517 0.060653
-0.3569 0.050893
-0.3613 0.042598
-0.3649 0.035569
-0.3677 0.029638
-0.3700 0.024658
-0.3719 0.020492
-0.3735 0.017017
-0.3750 0.014123
-0.3762 0.011716
-0.3772 0.009714
-0.3780 0.008048
-0.3786 0.006664
-0.3788 0.005513
-0.3786 0.004556
-0.3782 0.003763
-0.3773 0.003104
-0.3762 0.002559
-0.3749 0.002108
-0.3733 0.001736
-0.3715 0.001428
-0.3695 0.001175
-0.3673 0.000965
-0.3650 0.000793
-0.3624 0.000651
-0.3596 0.000534
-0.3567 0.000438
-0.3537 0.000359
-0.3506 0.000294
-0.3474 0.000241
-0.3442 0.000198
-0.3412 0.000162
-0.3386 0.000133
-0.3366 0.000109
-0.3352 0.000090
-0.3344 0.000074
-0.3341 0.000061
-0.3343 0.000051
-0.3348 0.000042
-0.3356 0.000035
-0.3365 0.000029
-0.3374 0.000024
-0.3384 0.000020
-0.3392 0.000016
-0.3399 0.000014
-0.3403 0.000011
-0.3406 0.000009
-0.3408 0.000008
-0.3156 0.134232
-0.2925 0.124429
-0.2726 0.115950
-0.2463 0.209633
-0.2124 0.180850
-0.1827 0.155517
-0.1549 0.131916
-0.1273 0.108447
-0.0977 0.083287
-0.0631 0.053951
-0.0196 0.017050
0.0356 -0.029732
0.0956 -0.080794
0.1451 -0.123010
0.1657 -0.211150
0.1714 -0.218587
0.1685 -0.213194
0.1618 -0.193049
0.1532 -0.173774
0.1434 -0.155625
0.1327 -0.138602
0.1212 -0.122575
0.1097 -0.101002
0.0987 -0.082382
0.0810 -0.096472
0.0637 -0.072175
0.0463 -0.050259
0.0277 -0.029005
0.0066 -0.006859
-0.0184 0.017792
-0.0488 0.046462
-0.0852 0.079672
-0.1254 0.115490
-0.1657 0.138953
-0.2026 0.155524
-0.2339 0.165714
-0.2590 0.170798
-0.2784 0.172304
-0.2930 0.171504
-0.3036 0.169311
-0.3111 0.166328
-0.3159 0.162935
-0.3188 0.154592
-0.3228 0.129431
-0.3285 0.108898
-0.3349 0.091792
-0.3414 0.077364
-0.3475 0.065116
-0.3530 0.054693
-0.3578 0.045827
-0.3616 0.038302
-0.3647 0.031942
-0.3672 0.026589
-0.3692 0.022105
-0.3709 0.018359
-0.3723 0.015237
-0.3735 0.012638
-0.3744 0.010476
-0.3751 0.008677
-0.3755 0.007181
-0.3754 0.005937
-0.3750 0.004903
-0.3741 0.004045
-0.3728 0.003332
-0.3711 0.002743
-0.3691 0.002255
-0.3668 0.001853
-0.3643 0.001522
-0.3617 0.001249
-0.3591 0.001025
-0.3564 0.000842
-0.3538 0.000691
-0.3512 0.000567
-0.3485 0.000465
-0.3458 0.000382
-0.3430 0.000313
-0.3401 0.000257
-0.3370 0.000210
-0.3339 0.000172
-0.3308 0.000141
-0.3278 0.000116
-0.3252 0.000095
-0.3232 0.000078
-0.3219 0.000064
-0.3213 0.000053
-0.3215 0.000044
-0.3222 0.000036
-0.3233 0.000030
-0.3247 0.000025
-0.3262 0.000021
-0.3278 0.000017
-0.3293 0.000014
-0.3308 0.000012
-0.3320 0.000010
-0.3331 0.000008
-0.3339 0.000007
-0.3345 0.000006
-0.3349 0.000005
-0.3351 0.000004
-0.3353 0.000003
-0.3355 0.000003
-0.3358 0.000002
-0.3361 0.000002
-0.3365 0.000001
-0.3232 0.275133
-0.2756 0.234622
-0.2371 0.201800
-0.2044 0.173978
-0.1751 0.149099
-0.1473 0.125477
-0.1191 0.101471
-0.0880 0.075071
-0.0507 0.043441
-0.0029 0.004329
0.0537 -0.067802
0.1061 -0.134702
0.1427 -0.181647
0.1620 -0.206429
0.1681 -0.214250
0.1654 -0.211010
0.1577 -0.201137
0.1468 -0.246497
0.1264 -0.202397
0.1108 -0.163017
0.0980 -0.133594
0.0863 -0.109993
0.0748 -0.089894
0.0629 -0.071811
0.0501 -0.054670
0.0357 -0.037573
0.0192 -0.019638
-0.0003 0.000127
-0.0242 0.021234
-0.0540 0.043405
-0.0910 0.067235
-0.1335 0.091410
-0.1765 0.113031
-0.2152 0.129809
-0.2468 0.141316
-0.2712 0.148361
-0.2893 0.145142
-0.3051 0.126577
-0.3196 0.109634
-0.3327 0.094368
-0.3444 0.080777
-0.3548 0.068804
-0.3639 0.058348
-0.3718 0.049288
-0.3785 0.041487
-0.3841 0.034810
-0.3886 0.029122
-0.3922 0.024298
-0.3947 0.020223
-0.3964 0.016792
-0.3973 0.013913
-0.3973 0.011505
-0.3965 0.009495
-0.3951 0.007822
-0.3930 0.006433
-0.3904 0.005283
-0.3873 0.004334
-0.3839 0.003552
-0.3804 0.002910
-0.3770 0.002384
-0.3739 0.001955
-0.3712 0.001605
-0.3689 0.001319
-0.3670 0.001085
-0.3653 0.000893
-0.3637 0.000735
-0.3622 0.000605
-0.3607 0.000498
-0.3590 0.000410
-0.3572 0.000337
-0.3551 0.000277
-0.3529 0.000228
-0.3506 0.000187
-0.3482 0.000154
-0.3458 0.000126
-0.3434 0.000104
-0.3413 0.000085
-0.3393 0.000070
-0.3378 0.000058
-0.3368 0.000047
-0.3363 0.000039
-0.3363 0.000032
-0.3367 0.000027
-0.3373 0.000022
-0.3380 0.000018
-0.3386 0.000015
-0.3392 0.000013
-0.3396 0.000010
-0.3400 0.000009
-0.3402 0.000007
-0.3405 0.000006
-0.3408 0.000005
-0.3236 0.275497
-0.2761 0.235033
-0.2376 0.202238
-0.2049 0.174426
-0.1757 0.149554
-0.1479 0.125956
-0.1197 0.102021
-0.0888 0.075784
-0.0519 0.044465
-0.0048 0.004520
0.0535 -0.044940
0.1124 -0.095091
0.1570 -0.133174
0.1718 -0.218952
0.1736 -0.221429
0.1683 -0.214641
0.1587 -0.202501
0.1472 -0.180365
0.1371 -0.148899
0.1224 -0.171103
0.1063 -0.138597
0.0922 -0.113013
0.0788 -0.091515
0.0653 -0.072368
0.0510 -0.054311
0.0352 -0.036281
0.0171 -0.017233
-0.0044 0.003991
-0.0305 0.028678
-0.0625 0.057854
-0.0997 0.091153
-0.1399 0.117230
-0.1795 0.137592
-0.2146 0.151862
-0.2435 0.160480
-0.2664 0.164775
-0.2839 0.166121
-0.2985 0.147878
-0.3130 0.128196
-0.3269 0.110707
-0.3399 0.095180
-0.3518 0.081454
-0.3625 0.069393
-0.3719 0.058865
-0.3800 0.049736
-0.3869 0.041868
-0.3925 0.035125
-0.3971 0.029376
-0.4005 0.024497
-0.4028 0.020373
-0.4041 0.016901
-0.4045 0.013989
-0.4041 0.011555
-0.4031 0.009528
-0.4015 0.007847
-0.3996 0.006458
-0.3976 0.005312
-0.3954 0.004368
-0.3932 0.003592
-0.3910 0.002953
-0.3888 0.002428
-0.3864 0.001995
-0.3840 0.001639
-0.3814 0.001346
-0.3786 0.001105
-0.3757 0.000906
-0.3725 0.000743
-0.3690 0.000609
-0.3654 0.000498
-0.3616 0.000408
-0.3576 0.000333
-0.3536 0.000273
-0.3499 0.000223
-0.3467 0.000183
-0.3443 0.000150
-0.3426 0.000123
-0.3417 0.000102
-0.3414 0.000084
-0.3416 0.000070
-0.3420 0.000058
-0.3425 0.000048
-0.3429 0.000039
-0.3433 0.000033
-0.3435 0.000027
-0.3435 0.000022
-0.3432 0.000018
-0.3428 0.000015
-0.3421 0.000013
-0.3413 0.000010
-0.3404 0.000009
-0.3396 0.000007
-0.3389 0.000006
-0.3383 0.000005
-0.3379 0.000004
-0.3376 0.000003
-0.3373 0.000003
-0.3371 0.000002
-0.3368 0.000002
-0.3366 0.000002
-0.3358 0.142845
-0.3093 0.131537
-0.2864 0.121825
-0.2666 0.113371
-0.2490 0.105901
-0.2333 0.099200
-0.2189 0.093110
-0.2058 0.087506
-0.1800 0.153232
-0.1529 0.130208
-0.1258 0.107207
-0.0966 0.082396
-0.0623 0.053268
-0.0188 0.016418
0.0364 -0.030436
0.0965 -0.081558
0.1460 -0.123759
0.1772 -0.144480
0.1932 -0.226869
0.1855 -0.207436
0.1755 -0.188110
0.1640 -0.169535
0.1516 -0.151949
0.1387 -0.135363
0.1254 -0.119646
0.1121 -0.098675
0.0996 -0.079812
0.0870 -0.064066
0.0737 -0.050343
0.0592 -0.037815
0.0427 -0.025743
0.0232 -0.013346
-0.0009 0.000330
-0.0318 0.016491
-0.0720 0.036278
-0.1165 0.106584
-0.1571 0.142005
-0.1924 0.165066
-0.2221 0.173918
-0.2460 0.177430
-0.2647 0.177382
-0.2792 0.175254
-0.2904 0.172086
-0.2990 0.168524
-0.3056 0.164918
-0.3106 0.161429
-0.3141 0.158107
-0.3163 0.154947
-0.3174 0.151921
-0.3175 0.148992
-0.3165 0.146126
-0.3149 0.136908
-0.3155 0.113420
-0.3185 0.094647
-0.3227 0.079303
-0.3278 0.066589
-0.3332 0.055974
-0.3389 0.047073
-0.3448 0.039589
-0.3505 0.033280
-0.3561 0.027953
-0.3613 0.023450
-0.3660 0.019642
-0.3701 0.016424
-0.3736 0.013706
-0.3763 0.011415
-0.3783 0.009488
-0.3796 0.007871
-0.3802 0.006518
-0.3801 0.005389
-0.3796 0.004449
-0.3786 0.003669
-0.3774 0.003024
-0.3760 0.002491
-0.3747 0.002053
-0.3735 0.001692
-0.3724 0.001394
-0.3713 0.001150
-0.3703 0.000948
-0.3692 0.000781
-0.3680 0.000644
-0.3667 0.000531
-0.3653 0.000437
-0.3638 0.000360
-0.3623 0.000296
-0.3610 0.000244
-0.3599 0.000201
-0.3588 0.000166
-0.3579 0.000137
-0.3570 0.000113
-0.3562 0.000093
-0.3554 0.000077
-0.3545 0.000063
-0.3535 0.000052
-0.3494 0.148673
-0.3211 0.136623
-0.2969 0.126283
-0.2757 0.117294
-0.2572 0.109379
-0.2261 0.192514
-0.1943 0.165428
-0.1655 0.140912
-0.1377 0.117295
-0.1088 0.092780
-0.0762 0.065061
-0.0359 0.030915
0.0159 -0.012999
0.0766 -0.064581
0.1318 -0.111661
0.1696 -0.143909
0.1891 -0.160634
0.1876 -0.229059
0.1768 -0.204577
0.1630 -0.249528
0.1412 -0.209969
0.1233 -0.178844
0.1081 -0.146019
0.0949 -0.119913
0.0823 -0.098133
0.0695 -0.078854
0.0560 -0.060818
0.0411 -0.043017
0.0241 -0.024489
0.0040 -0.004169
-0.0203 0.019181
-0.0501 0.046770
-0.0858 0.078921
-0.1251 0.113701
-0.1638 0.141091
-0.1994 0.156671
-0.2299 0.159396
-0.2574 0.147558
-0.2821 0.133720
-0.3039 0.119159
-0.3232 0.104775
-0.3400 0.091142
-0.3545 0.078588
-0.3670 0.067266
-0.3776 0.057218
-0.3864 0.048414
-0.3936 0.040785
-0.3996 0.034236
-0.4046 0.028656
-0.4086 0.023929
-0.4118 0.019941
-0.4143 0.016589
-0.4162 0.013777
-0.4174 0.011425
-0.4180 0.009460
-0.4180 0.007822
-0.4174 0.006458
-0.4163 0.005325
-0.4146 0.004385
-0.4124 0.003607
-0.4097 0.002963
-0.4066 0.002431
-0.4030 0.001992
-0.3991 0.001631
-0.3949 0.001334
-0.3905 0.001091
-0.3859 0.000891
-0.3813 0.000728
-0.3766 0.000595
-0.3721 0.000486
-0.3678 0.000397
-0.3637 0.000325
-0.3601 0.000266
-0.3570 0.000218
-0.3543 0.000179
-0.3520 0.000147
-0.3501 0.000121
-0.3483 0.000099
-0.3467 0.000082
-0.3452 0.000067
-0.3436 0.000055
-0.3419 0.000046
-0.3402 0.000037
-0.3384 0.000031
-0.3366 0.000025
-0.3348 0.000021
-0.3330 0.000017
-0.3314 0.000014
-0.3301 0.000012
-0.3289 0.000010
-0.3279 0.000008
-0.3272 0.000007
-0.3268 0.000005
-0.3266 0.000004
-0.3267 0.000004
-0.3271 0.000003
-0.3278 0.000003
-0.3285 0.000002
-0.3294 0.000002
-0.3302 0.000001
-0.3175 0.135054
-0.2941 0.125079
-0.2737 0.116411
-0.2557 0.108763
-0.2396 0.101910
-0.2225 0.189410
-0.1916 0.163096
-0.1632 0.138940
-0.1354 0.115293
-0.1060 0.090347
-0.0722 0.061710
-0.0301 0.026025
0.0239 -0.019826
0.0834 -0.141005
0.1213 -0.205710
0.1419 -0.241022
0.1491 -0.253402
0.1480 -0.244092
0.1432 -0.226871
0.1359 -0.208095
0.1270 -0.188843
0.1169 -0.169631
0.1063 -0.146238
0.0961 -0.123469
0.0858 -0.103828
0.0751 -0.086182
0.0635 -0.069707
0.0509 -0.053697
0.0367 -0.037454
0.0203 -0.019925
0.0009 -0.000952
-0.0232 0.015899
-0.0547 0.031244
-0.0961 0.045432
-0.1461 0.057156
-0.1986 0.064329
-0.2473 0.066275
-0.2889 0.064054
-0.3232 0.059255
-0.3508 0.053200
-0.3730 0.046779
-0.3908 0.040523
-0.4049 0.034719
-0.4160 0.029497
-0.4247 0.024898
-0.4313 0.020906
-0.4361 0.017479
-0.4394 0.014561
-0.4413 0.012093
-0.4421 0.010018
-0.4420 0.008279
-0.4409 0.006829
-0.4390 0.005622
-0.4364 0.004621
-0.4333 0.003793
-0.4296 0.003110
-0.4255 0.002547
-0.4212 0.002084
-0.4166 0.001705
-0.4120 0.001394
-0.4073 0.001139
-0.4027 0.000931
-0.3981 0.000761
-0.3935 0.000622
-0.3891 0.000509
-0.3847 0.000416
-0.3803 0.000340
-0.3760 0.000278
-0.3717 0.000227
-0.3675 0.000186
-0.3633 0.000152
-0.3592 0.000124
-0.3551 0.000101
-0.3511 0.000083
-0.3472 0.000068
-0.3435 0.000055
-0.3400 0.000045
-0.3368 0.000037
-0.3339 0.000030
-0.3315 0.000025
-0.3294 0.000021
-0.3277 0.000017
-0.3263 0.000014
-0.3253 0.000011
-0.3245 0.000009
-0.3239 0.000008
-0.3235 0.000006
-0.3232 0.000005
-0.3229 0.000004
-0.3225 0.000004
-0.3222 0.000003
-0.3218 0.000002
-0.3200 0.136125
-0.2946 0.125298
-0.2727 0.115964
-0.2535 0.107819
-0.2366 0.100613
-0.2214 0.094147
-0.2075 0.088262
-0.1948 0.082826
-0.1827 0.077715
-0.1712 0.072800
-0.1598 0.067948
-0.1481 0.063013
-0.1359 0.057829
-0.1223 0.104180
-0.0964 0.082173
-0.0660 0.056412
-0.0280 0.024163
0.0205 -0.016988
0.0762 -0.062103
0.1274 -0.095538
0.1645 -0.114222
0.1859 -0.120536
0.1862 -0.192817
0.1762 -0.176854
0.1643 -0.160590
0.1514 -0.144612
0.1378 -0.129139
0.1238 -0.114175
0.1094 -0.099586
0.0946 -0.085152
0.0791 -0.070575
0.0627 -0.053232
0.0454 -0.035288
0.0254 -0.029152
0.0008 -0.001112
-0.0279 0.028877
-0.0620 0.062457
-0.1013 0.099364
-0.1423 0.136387
-0.1805 0.159864
-0.2142 0.172696
-0.2422 0.179358
-0.2647 0.181566
-0.2823 0.180888
-0.2958 0.178491
-0.3059 0.175155
-0.3132 0.171368
-0.3183 0.167420
-0.3215 0.163471
-0.3230 0.159603
-0.3233 0.155850
-0.3227 0.143297
-0.3245 0.119142
-0.3285 0.099707
-0.3337 0.083739
-0.3395 0.070446
-0.3456 0.059295
-0.3518 0.049898
-0.3577 0.041959
-0.3634 0.035243
-0.3687 0.029560
-0.3734 0.024752
-0.3774 0.020689
-0.3808 0.017260
-0.3835 0.014371
-0.3854 0.011942
-0.3866 0.009905
-0.3871 0.008200
-0.3869 0.006776
-0.3861 0.005591
-0.3848 0.004607
-0.3830 0.003792
-0.3810 0.003118
-0.3787 0.002563
-0.3763 0.002105
-0.3738 0.001729
-0.3714 0.001421
-0.3689 0.001167
-0.3665 0.000958
-0.3641 0.000787
-0.3618 0.000647
