0.7245
0.4533
0.3200
0.2505
0.2297
0.2319
0.2343
0.2359
0.2342
0.2357
0.2348
0.2353
0.2354
0.2344
0.2344
0.2356
0.2357
0.2336
0.2338
0.2339
0.2346
0.2358
0.2349
0.2342
0.2349
0.2349
0.2354
0.2347
0.2332
0.2349
0.2344
0.2333
0.2346
0.2351
0.2348
0.2345
0.2342
0.2343
0.2350
0.2354
0.2356
0.2350
0.2349
0.2346
0.2351
0.2349
0.2340
0.2345
0.2342
0.2347
0.2340
0.2336
0.2345
0.2345
0.2352
0.2340
0.2347
0.2347
0.2349
0.2347
0.2353
0.2355
0.2337
0.2354
0.2346
0.2357
0.2341
0.2358
0.2338
0.2357
0.2360
0.2347
0.2336
0.2353
0.2332
0.2352
0.2356
0.2344
0.2363
0.2347
0.2355
0.2347
0.2344
0.2359
0.2348
0.2352
0.2349
0.2331
0.2343
0.2353
0.2350
0.2353
0.2351
0.2345
0.2349
0.2336
0.2343
0.2337
0.2351
0.2334
0.2345
0.2348
0.2345
0.2356
0.2346
0.2341
0.2337
0.2348
0.2340
0.2354
0.2347
0.2348
0.2352
0.2350
0.2360
0.2353
0.2339
0.2345
0.2341
0.2356
0.2353
0.2360
0.2346
0.2340
