-0.5482 0.012537
-0.5528 0.010452
-0.5557 0.008687
-0.5570 0.007200
-0.5571 0.005954
-0.5559 0.004912
-0.5536 0.004045
-0.5501 0.003323
-0.5455 0.002725
-0.5398 0.002229
-0.5329 0.001820
-0.5248 0.001482
-0.5154 0.001203
-0.5047 0.000974
-0.4925 0.000786
-0.4789 0.000632
-0.4636 0.000506
-0.4467 0.000403
-0.4280 0.000319
-0.4074 0.000251
-0.3849 0.000196
-0.3604 0.000152
-0.3337 0.000116
-0.3046 0.000088
-0.2727 0.000065
-0.2372 0.000047
-0.1965 0.000032
-0.1471 0.000020
-0.0799 0.000009
0.0265 -0.005667
0.1671 -0.049734
0.2728 -0.081611
0.3194 -0.095743
0.3212 -0.096405
0.2983 -0.089585
0.2653 -0.079693
0.2303 -0.069186
0.1967 -0.059119
0.1655 -0.049751
0.1362 -0.040942
0.1076 -0.032356
0.0780 -0.023501
0.0451 -0.013637
0.0047 -0.001516
-0.0497 0.012423
-0.1237 0.025695
-0.2083 0.035869
-0.2862 0.040815
-0.3500 0.041309
-0.4002 0.039070
-0.4391 0.035461
-0.4694 0.031343
-0.4928 0.027211
-0.5109 0.023328
-0.5249 0.019817
-0.5355 0.016719
-0.5435 0.014029
-0.5492 0.011723
-0.5531 0.009761
-0.5554 0.008104
-0.5562 0.006711
-0.5558 0.005544
-0.5541 0.004571
-0.5513 0.003760
-0.5474 0.003087
-0.5424 0.002529
-0.5362 0.002067
-0.5289 0.001686
-0.5203 0.001371
-0.5104 0.001112
-0.4992 0.000899
-0.4864 0.000725
-0.4722 0.000582
-0.4563 0.000465
-0.4387 0.000369
-0.4193 0.000292
-0.3980 0.000229
-0.3747 0.000178
-0.3494 0.000138
-0.3218 0.000105
-0.2917 0.000079
-0.2585 0.000058
-0.2212 0.000041
-0.1776 0.000027
-0.1226 0.000015
-0.0428 0.003289
0.0835 -0.024616
0.2172 -0.064820
0.2984 -0.089371
0.3243 -0.097285
0.3140 -0.094253
0.2856 -0.085782
0.2511 -0.075450
0.2165 -0.065064
0.1840 -0.055291
0.1537 -0.046194
0.1248 -0.037540
0.0962 -0.028936
0.0657 -0.019815
0.0306 -0.009288
-0.0143 0.003865
-0.0760 0.017684
-0.1559 0.030130
-0.2395 0.038346
-0.3122 0.041375
-0.3704 0.040621
-0.4159 0.037725
-0.4512 0.033846
-0.4785 0.029685
-0.4997 0.025633
-0.5160 0.021889
-0.5286 0.018540
-0.5381 0.015606
-0.5451 0.013072
-0.5501 0.010907
-0.5533 0.009070
-0.5549 0.007522
-0.5552 0.006223
-0.5543 0.005136
-0.5521 0.004230
-0.5489 0.003477
-0.5445 0.002852
-0.5390 0.002334
-0.5323 0.001906
-0.5245 0.001553
-0.5154 0.001262
-0.5049 0.001022
-0.4931 0.000825
-0.4798 0.000664
-0.4649 0.000532
-0.4483 0.000424
-0.4300 0.000336
-0.4098 0.000265
-0.3877 0.000207
-0.3636 0.000161
-0.3374 0.000123
-0.3088 0.000093
-0.2775 0.000069
-0.2428 0.000050
-0.2032 0.000035
-0.1556 0.000022
-0.0923 0.000011
0.0061 -0.000731
0.1454 -0.043212
0.2599 -0.077728
0.3154 -0.094547
0.3231 -0.096963
0.3031 -0.091015
0.2711 -0.081430
0.2361 -0.070946
0.2023 -0.060800
0.1708 -0.051346
0.1414 -0.042494
0.1128 -0.033936
0.0838 -0.025217
0.0519 -0.015665
0.0135 -0.004144
-0.0373 0.009652
-0.1072 0.023115
-0.1909 0.034130
-0.2709 0.040122
-0.3375 0.041372
-0.3901 0.039562
-0.4310 0.036153
-0.4627 0.032097
-0.4873 0.027950
-0.5063 0.024013
-0.5209 0.020430
-0.5321 0.017256
-0.5405 0.014493
-0.5466 0.012118
-0.5507 0.010096
-0.5532 0.008385
-0.5543 0.006946
-0.5540 0.005741
-0.5525 0.004734
-0.5499 0.003895
-0.5461 0.003199
-0.5412 0.002621
-0.5352 0.002143
-0.5281 0.001748
-0.5197 0.001423
-0.5100 0.001154
-0.4989 0.000934
-0.4865 0.000753
-0.4725 0.000605
-0.4568 0.000483
-0.4395 0.000384
-0.4204 0.000304
-0.3995 0.000239
-0.3765 0.000186
-0.3515 0.000144
-0.3243 0.000110
-0.2946 0.000082
-0.2619 0.000061
-0.2252 0.000043
-0.1825 0.000029
-0.1292 0.000017
-0.0532 0.004068
0.0681 -0.015003
0.2048 -0.061081
0.2925 -0.087590
0.3237 -0.097073
0.3163 -0.094952
0.2893 -0.086888
0.2552 -0.076668
0.2205 -0.066264
0.1878 -0.056437
0.1574 -0.047298
0.1285 -0.038643
0.1000 -0.030098
0.0701 -0.021130
0.0360 -0.010917
-0.0069 0.001826
-0.0655 0.015655
-0.1430 0.028413
-0.2270 0.037371
-0.3016 0.041101
-0.3618 0.040799
-0.4089 0.038142
-0.4454 0.034363
-0.4737 0.030222
-0.4956 0.026147
-0.5125 0.022359
-0.5255 0.018956
-0.5354 0.015968
-0.5426 0.013382
-0.5478 0.011170
-0.5512 0.009293
-0.5530 0.007708
-0.5534 0.006378
-0.5525 0.005266
-0.5505 0.004338
-0.5473 0.003566
-0.5430 0.002925
-0.5376 0.002395
-0.5311 0.001956
-0.5234 0.001594
-0.5144 0.001295
-0.5041 0.001049
-0.4924 0.000848
-0.4792 0.000682
-0.4645 0.000547
-0.4481 0.000436
-0.4300 0.000346
-0.4100 0.000273
-0.3882 0.000214
-0.3643 0.000166
-0.3383 0.000127
-0.3100 0.000096
-0.2789 0.000072
-0.2445 0.000052
-0.2053 0.000036
-0.1584 0.000023
-0.0964 0.000012
-0.0008 0.000299
0.1375 -0.040825
0.2549 -0.076213
0.3137 -0.094023
0.3237 -0.097118
0.3048 -0.091529
0.2733 -0.082087
0.2384 -0.071633
0.2046 -0.061474
0.1730 -0.052003
0.1435 -0.043149
0.1151 -0.034618
0.0863 -0.025972
0.0549 -0.016568
0.0175 -0.005341
-0.0317 0.008318
-0.0994 0.021807
-0.1822 0.033153
-0.2630 0.039643
-0.3309 0.041281
-0.3847 0.039701
-0.4265 0.036408
-0.4589 0.032397
-0.4840 0.028254
-0.5034 0.024300
-0.5183 0.020689
-0.5297 0.017483
-0.5383 0.014690
-0.5445 0.012286
-0.5488 0.010238
-0.5513 0.008505
-0.5524 0.007046
-0.5522 0.005824
-0.5508 0.004802
-0.5482 0.003952
-0.5445 0.003246
-0.5396 0.002660
-0.5337 0.002175
-0.5265 0.001774
-0.5182 0.001444
-0.5086 0.001172
-0.4976 0.000948
-0.4852 0.000764
-0.4713 0.000614
-0.4558 0.000491
-0.4386 0.000390
-0.4196 0.000309
-0.3987 0.000243
-0.3759 0.000189
-0.3510 0.000146
-0.3239 0.000111
-0.2943 0.000084
-0.2617 0.000062
-0.2252 0.000044
-0.1826 0.000029
-0.1295 0.000017
-0.0538 0.004111
0.0671 -0.014778
0.2039 -0.060803
0.2921 -0.087444
0.3236 -0.097054
0.3165 -0.095024
0.2897 -0.087014
0.2557 -0.076827
0.2211 -0.066441
0.1885 -0.056630
0.1581 -0.047510
0.1293 -0.038881
0.1010 -0.030375
0.0713 -0.021471
0.0375 -0.011370
-0.0047 0.001212
-0.0622 0.014996
-0.1388 0.027795
-0.2227 0.036954
-0.2977 0.040903
-0.3585 0.040752
-0.4060 0.038182
-0.4429 0.034446
-0.4715 0.030322
-0.4935 0.026248
-0.5106 0.022454
-0.5236 0.019042
-0.5335 0.016042
-0.5409 0.013446
-0.5460 0.011224
-0.5494 0.009338
-0.5512 0.007746
-0.5516 0.006409
-0.5507 0.005291
-0.5487 0.004359
-0.5455 0.003583
-0.5412 0.002939
-0.5358 0.002406
-0.5292 0.001965
-0.5215 0.001601
-0.5125 0.001301
-0.5022 0.001054
-0.4905 0.000851
-0.4774 0.000685
-0.4626 0.000549
-0.4463 0.000438
-0.4282 0.000347
-0.4083 0.000274
-0.3864 0.000214
-0.3626 0.000166
-0.3366 0.000128
-0.3083 0.000097
-0.2772 0.000072
-0.2427 0.000052
-0.2033 0.000036
-0.1560 0.000023
-0.0932 0.000011
0.0043 -0.000697
0.1432 -0.042539
0.2584 -0.077272
0.3149 -0.094386
0.3234 -0.097033
0.3038 -0.091233
0.2721 -0.081733
0.2373 -0.071297
0.2036 -0.061184
0.1722 -0.051762
0.1429 -0.042953
0.1146 -0.034459
0.0858 -0.025843
0.0545 -0.016464
0.0172 -0.005261
-0.0319 0.008360
-0.0994 0.021799
-0.1820 0.033097
-0.2626 0.039558
-0.3303 0.041185
-0.3840 0.039605
-0.4257 0.036316
-0.4580 0.032312
-0.4829 0.028177
-0.5022 0.024231
-0.5171 0.020629
-0.5284 0.017431
-0.5369 0.014644
-0.5430 0.012246
-0.5472 0.010203
-0.5497 0.008475
-0.5507 0.007021
-0.5504 0.005802
-0.5489 0.004784
-0.5462 0.003936
-0.5425 0.003232
-0.5376 0.002648
-0.5315 0.002165
-0.5243 0.001766
-0.5159 0.001437
-0.5062 0.001166
-0.4952 0.000943
-0.4828 0.000760
-0.4688 0.000610
-0.4532 0.000488
-0.4359 0.000388
-0.4169 0.000307
-0.3959 0.000241
-0.3731 0.000188
-0.3481 0.000145
-0.3209 0.000110
-0.2911 0.000083
-0.2583 0.000061
-0.2214 0.000043
-0.1783 0.000029
-0.1238 0.000017
-0.0451 0.003461
0.0798 -0.023502
0.2140 -0.063862
0.2969 -0.088897
0.3242 -0.097251
0.3148 -0.094515
0.2871 -0.086218
0.2529 -0.075979
0.2185 -0.065648
0.1861 -0.055920
0.1560 -0.046876
0.1274 -0.038301
0.0991 -0.029823
0.0694 -0.020909
0.0354 -0.010745
-0.0073 0.001937
-0.0656 0.015662
-0.1427 0.028311
-0.2263 0.037192
-0.3005 0.040888
-0.3604 0.040580
-0.4072 0.037932
-0.4436 0.034169
-0.4716 0.030046
-0.4934 0.025990
-0.5101 0.022220
-0.5229 0.018835
-0.5326 0.015862
-0.5397 0.013291
-0.5447 0.011091
-0.5479 0.009225
-0.5496 0.007650
-0.5499 0.006329
-0.5489 0.005223
-0.5467 0.004302
-0.5434 0.003535
-0.5390 0.002899
-0.5335 0.002373
-0.5268 0.001937
-0.5189 0.001578
-0.5098 0.001282
-0.4994 0.001038
-0.4875 0.000838
-0.4743 0.000674
-0.4594 0.000540
-0.4429 0.000430
-0.4246 0.000341
-0.4046 0.000269
-0.3826 0.000210
-0.3586 0.000163
-0.3324 0.000125
-0.3038 0.000094
-0.2724 0.000070
-0.2374 0.000050
-0.1973 0.000035
-0.1486 0.000022
-0.0827 0.000010
0.0214 -0.004533
0.1615 -0.048055
0.2694 -0.080579
0.3184 -0.095440
0.3220 -0.096635
0.3002 -0.090135
0.2677 -0.080412
0.2330 -0.069994
0.1996 -0.059986
0.1686 -0.050678
0.1396 -0.041955
0.1114 -0.033506
0.0826 -0.024877
0.0510 -0.015404
0.0129 -0.003965
-0.0375 0.009696
-0.1068 0.023000
-0.1898 0.033884
-0.2692 0.039814
-0.3354 0.041052
-0.3877 0.039254
-0.4283 0.035866
-0.4597 0.031837
-0.4839 0.027718
-0.5027 0.023808
-0.5171 0.020250
-0.5280 0.017098
-0.5362 0.014356
-0.5420 0.012000
-0.5460 0.009994
-0.5483 0.008298
-0.5491 0.006871
-0.5486 0.005676
-0.5469 0.004679
-0.5441 0.003849
-0.5401 0.003159
-0.5351 0.002587
-0.5288 0.002115
-0.5215 0.001724
-0.5129 0.001402
-0.5030 0.001137
-0.4918 0.000919
-0.4791 0.000740
-0.4650 0.000594
-0.4492 0.000474
-0.4317 0.000377
-0.4124 0.000298
-0.3912 0.000234
-0.3681 0.000182
-0.3428 0.000140
-0.3153 0.000106
-0.2851 0.000080
-0.2517 0.000058
-0.2140 0.000041
-0.1694 0.000027
-0.1120 0.000015
-0.0263 0.002060
0.1055 -0.031231
0.2333 -0.069677
0.3053 -0.091470
0.3247 -0.097398
0.3109 -0.093335
0.2814 -0.084508
0.2469 -0.074181
0.2128 -0.063950
0.1809 -0.054370
0.1512 -0.045454
0.1229 -0.036955
0.0946 -0.028481
0.0646 -0.019475
0.0298 -0.009064
-0.0145 0.003933
-0.0755 0.017539
-0.1544 0.029792
-0.2371 0.037911
-0.3092 0.040925
-0.3671 0.040192
-0.4122 0.037330
-0.4471 0.033490
-0.4741 0.029367
-0.4949 0.025352
-0.5110 0.021643
-0.5232 0.018325
-0.5324 0.015419
-0.5392 0.012910
-0.5438 0.010767
-0.5467 0.008950
-0.5481 0.007419
-0.5482 0.006134
-0.5469 0.005061
-0.5445 0.004166
-0.5410 0.003422
-0.5364 0.002805
-0.5306 0.002295
-0.5237 0.001873
-0.5156 0.001524
-0.5063 0.001238
-0.4956 0.001002
-0.4835 0.000808
-0.4699 0.000649
-0.4548 0.000520
-0.4380 0.000414
-0.4194 0.000328
-0.3990 0.000258
-0.3767 0.000201
-0.3523 0.000156
-0.3257 0.000119
-0.2966 0.000090
-0.2646 0.000066
-0.2287 0.000047
-0.1872 0.000032
-0.1357 0.000019
-0.0637 0.000008
0.0516 -0.011309
0.1904 -0.056734
0.2852 -0.085352
0.3224 -0.096665
0.3188 -0.095679
0.2936 -0.088172
0.2602 -0.078159
0.2256 -0.067794
0.1929 -0.057955
0.1624 -0.048817
0.1338 -0.040211
0.1057 -0.031799
0.0767 -0.023098
0.0443 -0.013389
0.0045 -0.001458
-0.0490 0.012238
-0.1216 0.025267
-0.2050 0.035313
-0.2821 0.040254
-0.3455 0.040792
-0.3953 0.038607
-0.4339 0.035050
-0.4637 0.030980
-0.4868 0.026892
-0.5046 0.023049
-0.5182 0.019573
-0.5285 0.016506
-0.5361 0.013845
-0.5415 0.011563
-0.5451 0.009623
-0.5470 0.007985
-0.5475 0.006608
-0.5467 0.005456
-0.5448 0.004495
-0.5417 0.003695
-0.5374 0.003032
-0.5321 0.002482
-0.5256 0.002027
-0.5180 0.001652
-0.5091 0.001342
-0.4989 0.001088
-0.4874 0.000878
-0.4744 0.000707
-0.4598 0.000567
-0.4437 0.000452
-0.4258 0.000359
-0.4061 0.000283
-0.3845 0.000221
-0.3609 0.000172
-0.3352 0.000132
-0.3071 0.000100
-0.2762 0.000074
-0.2419 0.000054
-0.2027 0.000037
-0.1555 0.000024
-0.0928 0.000012
0.0047 -0.000769
0.1433 -0.042567
0.2583 -0.077242
0.3148 -0.094361
0.3234 -0.097054
0.3041 -0.091315
0.2726 -0.081873
0.2380 -0.071491
0.2044 -0.061428
0.1732 -0.052056
0.1441 -0.043303
0.1160 -0.034883
0.0876 -0.026372
0.0569 -0.017159
0.0205 -0.006258
-0.0269 0.007163
-0.0923 0.020542
-0.1735 0.032054
-0.2545 0.038940
-0.3232 0.040930
-0.3778 0.039580
-0.4202 0.036416
-0.4530 0.032469
-0.4784 0.028353
-0.4980 0.024404
-0.5130 0.020788
-0.5244 0.017572
-0.5329 0.014766
-0.5391 0.012350
-0.5433 0.010290
-0.5457 0.008547
-0.5467 0.007080
-0.5464 0.005850
-0.5448 0.004823
-0.5421 0.003968
-0.5383 0.003258
-0.5333 0.002669
-0.5272 0.002182
-0.5200 0.001779
-0.5116 0.001447
-0.5019 0.001174
-0.4908 0.000949
-0.4783 0.000765
-0.4644 0.000614
-0.4488 0.000491
-0.4315 0.000390
-0.4125 0.000308
-0.3916 0.000242
-0.3687 0.000188
-0.3438 0.000145
-0.3165 0.000111
-0.2867 0.000083
-0.2537 0.000061
-0.2164 0.000043
-0.1725 0.000028
-0.1164 0.000016
-0.0336 0.002603
0.0956 -0.028244
0.2259 -0.067456
0.3021 -0.090501
0.3246 -0.097381
0.3126 -0.093859
0.2839 -0.085270
0.2497 -0.075013
0.2156 -0.064778
0.1836 -0.055176
0.1539 -0.046249
0.1256 -0.037770
0.0976 -0.029363
0.0680 -0.020497
0.0341 -0.010356
-0.0086 0.002301
-0.0669 0.015897
-0.1438 0.028382
-0.2268 0.037086
-0.3003 0.040660
-0.3597 0.040292
-0.4061 0.037626
-0.4420 0.033870
-0.4697 0.029768
-0.4911 0.025737
-0.5076 0.021996
-0.5202 0.018638
-0.5296 0.015691
-0.5365 0.013143
-0.5413 0.010964
-0.5443 0.009116
-0.5458 0.007558
-0.5459 0.006250
-0.5447 0.005157
-0.5424 0.004245
-0.5389 0.003488
-0.5343 0.002859
-0.5286 0.002339
-0.5218 0.001909
-0.5137 0.001554
-0.5044 0.001262
-0.4939 0.001021
-0.4819 0.000824
-0.4684 0.000662
-0.4534 0.000530
-0.4367 0.000422
-0.4183 0.000334
-0.3980 0.000263
-0.3758 0.000205
-0.3516 0.000159
-0.3251 0.000121
-0.2962 0.000092
-0.2643 0.000068
-0.2286 0.000048
-0.1872 0.000033
-0.1359 0.000020
-0.0641 0.000008
0.0507 -0.011100
0.1894 -0.056441
0.2846 -0.085179
0.3222 -0.096624
0.3190 -0.095740
0.2940 -0.088299
0.2607 -0.078328
0.2263 -0.067990
0.1936 -0.058174
0.1632 -0.049060
0.1347 -0.040485
0.1068 -0.032118
0.0780 -0.023489
0.0460 -0.013901
0.0069 -0.002173
-0.0454 0.011441
-0.1166 0.024473
-0.1996 0.034723
-0.2772 0.039942
-0.3412 0.040690
-0.3916 0.038630
-0.4307 0.035138
-0.4609 0.031096
-0.4842 0.027014
-0.5021 0.023166
-0.5158 0.019679
-0.5262 0.016599
-0.5339 0.013925
-0.5393 0.011631
-0.5428 0.009680
-0.5448 0.008032
-0.5453 0.006647
-0.5445 0.005488
-0.5425 0.004521
-0.5394 0.003717
-0.5351 0.003049
-0.5298 0.002496
-0.5233 0.002038
-0.5156 0.001661
-0.5067 0.001349
-0.4965 0.001093
-0.4850 0.000883
-0.4720 0.000711
-0.4575 0.000569
-0.4413 0.000454
-0.4235 0.000360
-0.4038 0.000284
-0.3823 0.000222
-0.3587 0.000173
-0.3329 0.000132
-0.3048 0.000100
-0.2739 0.000075
-0.2395 0.000054
-0.2001 0.000037
-0.1524 0.000023
-0.0885 0.000011
0.0115 -0.002297
0.1507 -0.044784
0.2628 -0.078580
0.3163 -0.094800
0.3230 -0.096922
0.3028 -0.090918
0.2710 -0.081406
0.2365 -0.071049
0.2032 -0.061046
0.1722 -0.051739
0.1432 -0.043043
0.1153 -0.034670
0.0870 -0.026197
0.0564 -0.017015
0.0201 -0.006138
-0.0272 0.007230
-0.0924 0.020537
-0.1734 0.031977
-0.2541 0.038815
-0.3225 0.040785
-0.3769 0.039431
-0.4192 0.036273
-0.4518 0.032337
-0.4771 0.028234
-0.4965 0.024299
-0.5114 0.020695
-0.5227 0.017491
-0.5312 0.014695
-0.5372 0.012289
-0.5413 0.010238
-0.5437 0.008502
-0.5446 0.007042
-0.5441 0.005818
-0.5425 0.004796
-0.5397 0.003945
-0.5357 0.003238
-0.5307 0.002652
-0.5245 0.002167
-0.5172 0.001767
-0.5087 0.001437
-0.4989 0.001165
-0.4878 0.000942
-0.4752 0.000759
-0.4612 0.000609
-0.4455 0.000486
-0.4282 0.000386
-0.4091 0.000305
-0.3881 0.000239
-0.3651 0.000186
-0.3400 0.000143
-0.3126 0.000109
-0.2826 0.000082
-0.2493 0.000059
-0.2115 0.000042
-0.1666 0.000027
-0.1086 0.000015
-0.0213 0.001679
0.1118 -0.033124
0.2375 -0.070956
0.3070 -0.091974
0.3246 -0.097393
0.3101 -0.093097
0.2804 -0.084220
0.2461 -0.073936
0.2123 -0.063783
0.1807 -0.054288
0.1512 -0.045456
0.1232 -0.037042
0.0953 -0.028664
0.0656 -0.019780
0.0315 -0.009552
-0.0119 0.003217
-0.0712 0.016720
-0.1488 0.028992
-0.2312 0.037335
-0.3037 0.040597
-0.3620 0.040039
-0.4075 0.037282
-0.4427 0.033497
-0.4699 0.029401
-0.4909 0.025396
-0.5070 0.021688
-0.5192 0.018366
-0.5284 0.015455
-0.5351 0.012940
-0.5396 0.010791
-0.5425 0.008969
-0.5437 0.007433
-0.5437 0.006145
-0.5423 0.005069
-0.5398 0.004172
-0.5362 0.003426
-0.5315 0.002808
-0.5256 0.002296
-0.5186 0.001873
-0.5104 0.001524
-0.5010 0.001237
-0.4902 0.001001
-0.4781 0.000807
-0.4644 0.000648
-0.4492 0.000518
-0.4324 0.000413
-0.4138 0.000326
-0.3933 0.000257
-0.3709 0.000200
-0.3464 0.000155
-0.3197 0.000118
-0.2904 0.000089
-0.2580 0.000065
-0.2216 0.000046
-0.1790 0.000031
-0.1253 0.000018
-0.0480 0.003678
0.0750 -0.016560
0.2098 -0.062607
0.2947 -0.088252
0.3240 -0.097169
0.3159 -0.094820
0.2889 -0.086751
0.2551 -0.076637
0.2209 -0.066378
0.1887 -0.056707
0.1588 -0.047730
0.1306 -0.039251
0.1028 -0.030922
0.0739 -0.022254
0.0414 -0.012513
0.0012 -0.000476
-0.0531 0.013092
-0.1263 0.025887
-0.2091 0.035541
-0.2851 0.040119
-0.3472 0.040431
-0.3959 0.038138
-0.4336 0.034549
-0.4628 0.030491
-0.4852 0.026438
-0.5025 0.022639
-0.5157 0.019211
-0.5256 0.016190
-0.5329 0.013572
-0.5380 0.011329
-0.5412 0.009424
-0.5429 0.007816
-0.5431 0.006465
-0.5421 0.005336
-0.5399 0.004394
-0.5365 0.003610
-0.5321 0.002960
-0.5265 0.002422
-0.5198 0.001977
-0.5119 0.001610
-0.5028 0.001307
-0.4924 0.001059
-0.4806 0.000854
-0.4673 0.000687
-0.4526 0.000550
-0.4361 0.000438
-0.4180 0.000347
-0.3980 0.000273
-0.3761 0.000214
-0.3522 0.000165
-0.3260 0.000127
-0.2974 0.000096
-0.2659 0.000071
-0.2306 0.000051
-0.1898 0.000035
-0.1395 0.000021
-0.0698 0.000009
0.0416 -0.009049
0.1808 -0.053871
0.2800 -0.083781
0.3212 -0.096295
0.3201 -0.096087
0.2963 -0.088983
0.2634 -0.079137
0.2291 -0.068822
0.1963 -0.058993
0.1659 -0.049868
0.1374 -0.041307
0.1097 -0.032994
0.0813 -0.024480
