-0.5502 0.010395
-0.5529 0.008637
-0.5541 0.007158
-0.5541 0.005918
-0.5528 0.004881
-0.5503 0.004018
-0.5468 0.003301
-0.5421 0.002706
-0.5363 0.002213
-0.5293 0.001806
-0.5211 0.001470
-0.5117 0.001194
-0.5009 0.000966
-0.4887 0.000780
-0.4750 0.000626
-0.4598 0.000501
-0.4428 0.000399
-0.4240 0.000316
-0.4034 0.000249
-0.3809 0.000194
-0.3563 0.000150
-0.3296 0.000115
-0.3004 0.000087
-0.2683 0.000064
-0.2324 0.000046
-0.1912 0.000031
-0.1404 0.000019
-0.0703 0.000008
0.0416 -0.009048
0.1818 -0.054150
0.2822 -0.084461
0.3239 -0.097118
0.3224 -0.096767
0.2976 -0.089367
0.2636 -0.079193
0.2282 -0.068579
0.1946 -0.058491
0.1635 -0.049135
0.1342 -0.040342
0.1056 -0.031759
0.0760 -0.022878
0.0428 -0.012942
0.0018 -0.000678
-0.0535 0.013238
-0.1281 0.026383
-0.2124 0.036254
-0.2893 0.040888
-0.3521 0.041175
-0.4013 0.038825
-0.4396 0.035169
-0.4692 0.031042
-0.4921 0.026923
-0.5098 0.023063
-0.5234 0.019580
-0.5337 0.016510
-0.5414 0.013848
-0.5469 0.011567
-0.5506 0.009628
-0.5527 0.007991
-0.5533 0.006615
-0.5527 0.005463
-0.5509 0.004502
-0.5480 0.003703
-0.5439 0.003039
-0.5388 0.002489
-0.5325 0.002034
-0.5250 0.001658
-0.5163 0.001348
-0.5063 0.001093
-0.4949 0.000883
-0.4821 0.000712
-0.4677 0.000571
-0.4517 0.000456
-0.4340 0.000362
-0.4145 0.000286
-0.3931 0.000224
-0.3697 0.000174
-0.3442 0.000134
-0.3164 0.000102
-0.2860 0.000076
-0.2524 0.000056
-0.2145 0.000039
-0.1697 0.000026
-0.1121 0.000014
-0.0264 0.004128
0.1058 -0.031304
0.2345 -0.070042
0.3076 -0.092145
0.3272 -0.098158
0.3130 -0.093977
0.2828 -0.084942
0.2476 -0.074398
0.2129 -0.063977
0.1805 -0.054239
0.1503 -0.045187
0.1216 -0.036559
0.0928 -0.027940
0.0621 -0.018735
0.0263 -0.008013
-0.0198 0.005383
-0.0833 0.019077
-0.1642 0.031196
-0.2468 0.038847
-0.3178 0.041401
-0.3744 0.040356
-0.4185 0.037314
-0.4527 0.033380
-0.4792 0.029218
-0.4996 0.025192
-0.5154 0.021489
-0.5275 0.018185
-0.5366 0.015296
-0.5433 0.012805
-0.5479 0.010678
-0.5508 0.008876
-0.5522 0.007358
-0.5523 0.006084
-0.5511 0.005020
-0.5488 0.004133
-0.5453 0.003396
-0.5408 0.002784
-0.5351 0.002278
-0.5282 0.001859
-0.5202 0.001514
-0.5109 0.001229
-0.5003 0.000995
-0.4883 0.000803
-0.4748 0.000646
-0.4597 0.000517
-0.4429 0.000412
-0.4244 0.000326
-0.4041 0.000257
-0.3818 0.000201
-0.3575 0.000155
-0.3310 0.000119
-0.3020 0.000090
-0.2703 0.000066
-0.2349 0.000048
-0.1941 0.000033
-0.1444 0.000020
-0.0763 0.000009
0.0318 -0.004575
0.1723 -0.051292
0.2768 -0.082823
0.3223 -0.096641
0.3233 -0.097042
0.2998 -0.090021
0.2663 -0.079990
0.2310 -0.069400
0.1973 -0.059294
0.1661 -0.049919
0.1368 -0.041128
0.1083 -0.032585
0.0790 -0.023804
0.0465 -0.014069
0.0069 -0.002170
-0.0463 0.011679
-0.1186 0.024934
-0.2025 0.035289
-0.2806 0.040496
-0.3449 0.041187
-0.3955 0.039065
-0.4347 0.035516
-0.4651 0.031424
-0.4886 0.027298
-0.5067 0.023411
-0.5207 0.019891
-0.5313 0.016782
-0.5392 0.014083
-0.5448 0.011766
-0.5486 0.009796
-0.5508 0.008132
-0.5515 0.006733
-0.5510 0.005561
-0.5492 0.004584
-0.5464 0.003770
-0.5424 0.003094
-0.5373 0.002534
-0.5310 0.002071
-0.5236 0.001689
-0.5150 0.001373
-0.5051 0.001114
-0.4938 0.000900
-0.4811 0.000725
-0.4668 0.000582
-0.4509 0.000465
-0.4334 0.000369
-0.4140 0.000292
-0.3927 0.000229
-0.3695 0.000178
-0.3442 0.000137
-0.3165 0.000104
-0.2863 0.000078
-0.2529 0.000057
-0.2152 0.000040
-0.1707 0.000026
-0.1136 0.000015
-0.0289 0.004492
0.1024 -0.030295
0.2319 -0.069261
0.3063 -0.091759
0.3270 -0.098093
0.3135 -0.094115
0.2836 -0.085188
0.2486 -0.074693
0.2140 -0.064294
0.1816 -0.054570
0.1515 -0.045535
0.1228 -0.036936
0.0943 -0.028368
0.0639 -0.019255
0.0286 -0.008698
-0.0165 0.004510
-0.0786 0.018186
-0.1585 0.030433
-0.2413 0.038392
-0.3130 0.041226
-0.3704 0.040362
-0.4151 0.037419
-0.4498 0.033530
-0.4766 0.029380
-0.4973 0.025351
-0.5133 0.021636
-0.5255 0.018316
-0.5347 0.015410
-0.5414 0.012902
-0.5461 0.010760
-0.5491 0.008945
-0.5505 0.007415
-0.5506 0.006132
-0.5494 0.005059
-0.5471 0.004165
-0.5436 0.003422
-0.5390 0.002806
-0.5334 0.002296
-0.5265 0.001874
-0.5185 0.001526
-0.5092 0.001239
-0.4987 0.001003
-0.4867 0.000809
-0.4732 0.000651
-0.4581 0.000521
-0.4414 0.000415
-0.4230 0.000329
-0.4027 0.000259
-0.3804 0.000202
-0.3562 0.000157
-0.3297 0.000120
-0.3008 0.000090
-0.2691 0.000067
-0.2336 0.000048
-0.1928 0.000033
-0.1428 0.000020
-0.0742 0.000009
0.0352 -0.005077
0.1754 -0.052236
0.2784 -0.083303
0.3226 -0.096715
0.3228 -0.096889
0.2990 -0.089788
0.2655 -0.079760
0.2304 -0.069209
0.1969 -0.059152
0.1658 -0.049823
0.1366 -0.041074
0.1083 -0.032570
0.0791 -0.023831
0.0468 -0.014146
0.0074 -0.002322
-0.0453 0.011473
-0.1172 0.024694
-0.2008 0.035077
-0.2789 0.040347
-0.3433 0.041094
-0.3939 0.039009
-0.4332 0.035483
-0.4636 0.031403
-0.4871 0.027285
-0.5053 0.023402
-0.5192 0.019884
-0.5298 0.016776
-0.5377 0.014077
-0.5433 0.011761
-0.5470 0.009792
-0.5491 0.008127
-0.5498 0.006729
-0.5492 0.005557
-0.5474 0.004580
-0.5445 0.003767
-0.5405 0.003091
-0.5353 0.002531
-0.5290 0.002068
-0.5216 0.001686
-0.5129 0.001371
-0.5029 0.001112
-0.4916 0.000898
-0.4789 0.000724
-0.4646 0.000580
-0.4487 0.000463
-0.4310 0.000368
-0.4116 0.000291
-0.3903 0.000228
-0.3671 0.000177
-0.3417 0.000136
-0.3140 0.000104
-0.2836 0.000077
-0.2501 0.000056
-0.2120 0.000040
-0.1669 0.000026
-0.1086 0.000014
-0.0210 0.003312
0.1127 -0.033364
0.2391 -0.071421
0.3091 -0.092613
0.3267 -0.098019
0.3116 -0.093566
0.2813 -0.084477
0.2463 -0.073988
0.2119 -0.063658
0.1797 -0.054016
0.1499 -0.045052
0.1214 -0.036503
0.0929 -0.027963
0.0625 -0.018850
0.0271 -0.008254
-0.0183 0.004992
-0.0809 0.018597
-0.1609 0.030709
-0.2433 0.038475
-0.3144 0.041157
-0.3712 0.040207
-0.4155 0.037224
-0.4498 0.033325
-0.4763 0.029182
-0.4967 0.025169
-0.5125 0.021472
-0.5245 0.018171
-0.5336 0.015284
-0.5402 0.012793
-0.5447 0.010667
-0.5475 0.008866
-0.5489 0.007348
-0.5488 0.006075
-0.5476 0.005012
-0.5451 0.004125
-0.5416 0.003389
-0.5369 0.002778
-0.5311 0.002272
-0.5242 0.001854
-0.5161 0.001509
-0.5067 0.001225
-0.4960 0.000992
-0.4839 0.000800
-0.4703 0.000643
-0.4552 0.000514
-0.4383 0.000410
-0.4198 0.000324
-0.3993 0.000255
-0.3770 0.000199
-0.3526 0.000154
-0.3259 0.000118
-0.2968 0.000089
-0.2648 0.000065
-0.2289 0.000047
-0.1874 0.000032
-0.1359 0.000019
-0.0639 0.000007
0.0512 -0.011218
0.1903 -0.056704
0.2862 -0.085675
0.3242 -0.097232
0.3208 -0.096293
0.2954 -0.088702
0.2615 -0.078560
0.2265 -0.068067
0.1934 -0.058122
0.1627 -0.048901
0.1338 -0.040230
0.1056 -0.031764
0.0764 -0.023011
0.0438 -0.013239
0.0037 -0.001215
-0.0503 0.012540
-0.1234 0.025597
-0.2069 0.035588
-0.2839 0.040437
-0.3470 0.040900
-0.3966 0.038664
-0.4350 0.035077
-0.4647 0.030989
-0.4877 0.026892
-0.5054 0.023044
-0.5189 0.019566
-0.5292 0.016498
-0.5368 0.013837
-0.5422 0.011556
-0.5457 0.009618
-0.5477 0.007980
-0.5482 0.006605
-0.5474 0.005453
-0.5455 0.004493
-0.5424 0.003694
-0.5382 0.003031
-0.5329 0.002481
-0.5265 0.002027
-0.5189 0.001651
-0.5100 0.001342
-0.4999 0.001088
-0.4884 0.000879
-0.4755 0.000707
-0.4610 0.000567
-0.4449 0.000453
-0.4271 0.000359
-0.4075 0.000283
-0.3860 0.000222
-0.3625 0.000172
-0.3368 0.000132
-0.3088 0.000100
-0.2781 0.000075
-0.2440 0.000054
-0.2051 0.000038
-0.1585 0.000024
-0.0970 0.000012
-0.0021 0.000502
0.1356 -0.040253
0.2543 -0.076026
0.3148 -0.094344
0.3258 -0.097758
0.3074 -0.092286
0.2758 -0.082841
0.2408 -0.072340
0.2068 -0.062135
0.1752 -0.052639
0.1457 -0.043791
0.1174 -0.035308
0.0889 -0.026765
0.0582 -0.017555
0.0220 -0.006712
-0.0251 0.006727
-0.0899 0.020205
-0.1710 0.031888
-0.2523 0.038976
-0.3215 0.041109
-0.3765 0.039832
-0.4194 0.036692
-0.4525 0.032742
-0.4781 0.028607
-0.4978 0.024633
-0.5130 0.020989
-0.5245 0.017746
-0.5332 0.014915
-0.5394 0.012477
-0.5437 0.010398
-0.5463 0.008638
-0.5473 0.007156
-0.5471 0.005914
-0.5456 0.004877
-0.5430 0.004013
-0.5392 0.003295
-0.5344 0.002700
-0.5284 0.002207
-0.5213 0.001800
-0.5129 0.001465
-0.5033 0.001189
-0.4924 0.000961
-0.4801 0.000775
-0.4662 0.000622
-0.4508 0.000498
-0.4337 0.000396
-0.4149 0.000313
-0.3941 0.000246
-0.3715 0.000192
-0.3467 0.000148
-0.3197 0.000113
-0.2901 0.000085
-0.2575 0.000062
-0.2207 0.000044
-0.1777 0.000029
-0.1233 0.000017
-0.0446 0.000005
0.0802 -0.023624
0.2146 -0.064048
0.2982 -0.089292
0.3260 -0.097791
0.3167 -0.095084
0.2888 -0.086741
0.2544 -0.076435
0.2198 -0.066042
0.1873 -0.056274
0.1571 -0.047213
0.1285 -0.038647
0.1004 -0.030205
0.0709 -0.021369
0.0375 -0.011351
-0.0043 0.001113
-0.0612 0.014805
-0.1369 0.027525
-0.2202 0.036684
-0.2950 0.040679
-0.3555 0.040574
-0.4029 0.038037
-0.4397 0.034326
-0.4680 0.030218
-0.4899 0.026158
-0.5068 0.022374
-0.5197 0.018971
-0.5294 0.015979
-0.5365 0.013391
-0.5415 0.011175
-0.5447 0.009294
-0.5463 0.007708
-0.5466 0.006376
-0.5455 0.005262
-0.5433 0.004333
-0.5400 0.003561
-0.5356 0.002920
-0.5300 0.002389
-0.5233 0.001950
-0.5155 0.001588
-0.5064 0.001290
-0.4960 0.001045
-0.4842 0.000843
-0.4709 0.000678
-0.4561 0.000543
-0.4397 0.000433
-0.4215 0.000343
-0.4015 0.000270
-0.3796 0.000211
-0.3557 0.000164
-0.3296 0.000125
-0.3010 0.000095
-0.2697 0.000070
-0.2346 0.000051
-0.1943 0.000035
-0.1450 0.000021
-0.0776 0.000010
0.0293 -0.004200
0.1694 -0.050417
0.2746 -0.082163
0.3212 -0.096285
0.3231 -0.096968
0.3003 -0.090167
0.2673 -0.080296
0.2324 -0.069820
0.1990 -0.059803
0.1681 -0.050510
0.1391 -0.041812
0.1110 -0.033392
0.0824 -0.024796
0.0509 -0.015364
0.0130 -0.004007
-0.0372 0.009616
-0.1059 0.022859
-0.1884 0.033716
-0.2676 0.039660
-0.3337 0.040922
-0.3858 0.039145
-0.4263 0.035773
-0.4576 0.031756
-0.4817 0.027647
-0.5003 0.023744
-0.5146 0.020194
-0.5254 0.017048
-0.5335 0.014312
-0.5392 0.011961
-0.5430 0.009960
-0.5452 0.008268
-0.5459 0.006845
-0.5453 0.005654
-0.5435 0.004659
-0.5406 0.003832
-0.5365 0.003144
-0.5314 0.002575
-0.5251 0.002104
-0.5177 0.001715
-0.5090 0.001394
-0.4991 0.001130
-0.4878 0.000914
-0.4751 0.000736
-0.4609 0.000590
-0.4451 0.000471
-0.4276 0.000374
-0.4083 0.000295
-0.3871 0.000232
-0.3639 0.000180
-0.3386 0.000139
-0.3110 0.000105
-0.2807 0.000079
-0.2471 0.000057
-0.2088 0.000040
-0.1633 0.000026
-0.1039 0.000014
-0.0136 0.002215
0.1216 -0.036059
0.2449 -0.073182
0.3111 -0.093204
0.3261 -0.097838
0.3099 -0.093034
0.2792 -0.083870
0.2445 -0.073441
0.2104 -0.063219
0.1787 -0.053689
0.1491 -0.044827
0.1210 -0.036370
0.0928 -0.027916
0.0627 -0.018896
0.0277 -0.008423
-0.0171 0.004666
-0.0787 0.018162
-0.1578 0.030232
-0.2399 0.038076
-0.3111 0.040866
-0.3680 0.040000
-0.4124 0.037074
-0.4467 0.033213
-0.4732 0.029095
-0.4936 0.025098
-0.5093 0.021413
-0.5213 0.018121
-0.5302 0.015241
-0.5367 0.012756
-0.5412 0.010635
-0.5439 0.008837
-0.5451 0.007323
-0.5449 0.006053
-0.5435 0.004992
-0.5410 0.004108
-0.5373 0.003374
-0.5325 0.002765
-0.5266 0.002261
-0.5196 0.001844
-0.5114 0.001501
-0.5019 0.001218
-0.4911 0.000985
-0.4789 0.000794
-0.4652 0.000638
-0.4499 0.000510
-0.4330 0.000406
-0.4143 0.000321
-0.3938 0.000252
-0.3713 0.000197
-0.3468 0.000152
-0.3200 0.000116
-0.2907 0.000087
-0.2583 0.000064
-0.2218 0.000045
-0.1791 0.000030
-0.1254 0.000018
-0.0481 0.000006
0.0750 -0.022066
0.2103 -0.062731
0.2959 -0.088601
0.3255 -0.097634
0.3174 -0.095267
0.2900 -0.087103
0.2559 -0.076874
0.2214 -0.066510
0.1889 -0.056753
0.1587 -0.047706
0.1303 -0.039168
0.1023 -0.030783
0.0732 -0.022049
0.0404 -0.012216
-0.0003 -0.000041
-0.0554 0.013602
-0.1293 0.026415
-0.2124 0.035956
-0.2881 0.040375
-0.3497 0.040564
-0.3981 0.038193
-0.4355 0.034560
-0.4644 0.030478
-0.4867 0.026413
-0.5039 0.022611
-0.5170 0.019183
-0.5269 0.016164
-0.5341 0.013549
-0.5392 0.011310
-0.5424 0.009407
-0.5441 0.007802
-0.5444 0.006454
-0.5434 0.005327
-0.5412 0.004387
-0.5379 0.003605
-0.5334 0.002956
-0.5279 0.002419
-0.5212 0.001975
-0.5134 0.001608
-0.5043 0.001306
-0.4940 0.001058
-0.4822 0.000854
-0.4690 0.000687
-0.4543 0.000550
-0.4379 0.000438
-0.4198 0.000347
-0.3999 0.000274
-0.3781 0.000214
-0.3542 0.000166
-0.3282 0.000127
-0.2997 0.000096
-0.2684 0.000071
-0.2333 0.000051
-0.1929 0.000035
-0.1434 0.000022
-0.0755 0.000009
0.0325 -0.004680
0.1724 -0.051319
0.2761 -0.082613
0.3214 -0.096345
0.3226 -0.096816
0.2995 -0.089948
0.2666 -0.080088
0.2319 -0.069659
0.1987 -0.059696
0.1679 -0.050456
0.1391 -0.041807
0.1112 -0.033435
0.0827 -0.024894
0.0514 -0.015533
0.0139 -0.004289
-0.0356 0.009257
-0.1036 0.022460
-0.1856 0.033372
-0.2649 0.039438
-0.3311 0.040805
-0.3835 0.039095
-0.4241 0.035763
-0.4555 0.031765
-0.4797 0.027665
-0.4984 0.023766
-0.5127 0.020214
-0.5235 0.017067
-0.5315 0.014328
-0.5372 0.011974
-0.5409 0.009970
-0.5431 0.008276
-0.5437 0.006851
-0.5431 0.005658
-0.5413 0.004662
-0.5383 0.003834
-0.5342 0.003146
-0.5290 0.002576
-0.5226 0.002104
-0.5152 0.001715
-0.5065 0.001394
-0.4965 0.001130
-0.4852 0.000913
-0.4725 0.000735
-0.4582 0.000589
-0.4423 0.000471
-0.4248 0.000374
-0.4054 0.000295
-0.3842 0.000231
-0.3610 0.000180
-0.3356 0.000138
-0.3079 0.000105
-0.2775 0.000078
-0.2437 0.000057
-0.2051 0.000039
-0.1588 0.000025
-0.0978 0.000013
-0.0039 0.000757
0.1332 -0.039552
0.2524 -0.075451
0.3137 -0.094005
0.3254 -0.097652
0.3076 -0.092366
0.2765 -0.083055
0.2418 -0.072649
0.2081 -0.062514
0.1766 -0.053080
0.1474 -0.044299
0.1194 -0.035901
0.0913 -0.027482
0.0612 -0.018468
0.0262 -0.007963
-0.0189 0.005149
-0.0809 0.018546
-0.1601 0.030460
-0.2418 0.038100
-0.3123 0.040736
-0.3686 0.039785
-0.4125 0.036825
-0.4464 0.032959
-0.4726 0.028854
-0.4928 0.024877
-0.5082 0.021216
-0.5200 0.017949
-0.5287 0.015091
-0.5351 0.012627
-0.5394 0.010525
-0.5419 0.008744
-0.5430 0.007244
-0.5427 0.005986
-0.5412 0.004936
-0.5385 0.004061
-0.5348 0.003334
-0.5299 0.002731
-0.5239 0.002233
-0.5167 0.001821
-0.5083 0.001481
-0.4987 0.001202
-0.4878 0.000972
-0.4755 0.000783
-0.4617 0.000629
-0.4463 0.000503
-0.4292 0.000400
-0.4104 0.000316
-0.3898 0.000248
-0.3671 0.000193
-0.3424 0.000149
-0.3154 0.000114
-0.2858 0.000085
-0.2530 0.000062
-0.2159 0.000044
-0.1722 0.000029
-0.1163 0.000016
-0.0339 0.002622
0.0950 -0.028071
0.2257 -0.067390
0.3028 -0.090698
0.3259 -0.097775
0.3142 -0.094333
0.2855 -0.085748
0.2512 -0.075463
0.2170 -0.065197
0.1850 -0.055578
0.1552 -0.046653
0.1271 -0.038200
0.0992 -0.029850
0.0700 -0.021090
0.0368 -0.011140
-0.0048 0.001242
-0.0613 0.014802
-0.1365 0.027384
-0.2192 0.036447
-0.2935 0.040403
-0.3537 0.040295
-0.4008 0.037772
-0.4373 0.034082
-0.4654 0.029999
-0.4871 0.025962
-0.5038 0.022202
-0.5165 0.018821
-0.5260 0.015849
-0.5329 0.013278
-0.5377 0.011078
-0.5407 0.009211
-0.5422 0.007636
-0.5423 0.006314
-0.5411 0.005209
-0.5387 0.004288
-0.5352 0.003523
-0.5306 0.002888
-0.5249 0.002362
-0.5180 0.001927
-0.5100 0.001569
-0.5007 0.001274
-0.4902 0.001031
-0.4782 0.000832
-0.4648 0.000668
-0.4499 0.000535
-0.4333 0.000426
-0.4149 0.000337
-0.3948 0.000265
-0.3727 0.000207
-0.3485 0.000160
-0.3221 0.000122
-0.2933 0.000092
-0.2614 0.000068
-0.2256 0.000048
-0.1838 0.000033
-0.1318 0.000019
-0.0583 0.000007
0.0595 -0.017438
0.1971 -0.058750
0.2891 -0.086549
0.3242 -0.097212
0.3193 -0.095839
0.2935 -0.088151
0.2599 -0.078086
0.2255 -0.067737
0.1928 -0.057947
0.1626 -0.048874
0.1342 -0.040344
0.1065 -0.032025
0.0779 -0.023447
0.0461 -0.013923
0.0073 -0.002286
-0.0445 0.011256
-0.1150 0.024232
-0.1974 0.034490
-0.2749 0.039767
-0.3388 0.040569
-0.3892 0.038546
-0.4282 0.035077
-0.4583 0.031049
-0.4815 0.026976
-0.4993 0.023133
-0.5129 0.019650
-0.5232 0.016573
-0.5308 0.013901
-0.5361 0.011609
-0.5395 0.009660
-0.5413 0.008014
-0.5417 0.006631
-0.5408 0.005474
-0.5387 0.004508
-0.5355 0.003705
-0.5311 0.003039
-0.5257 0.002487
-0.5191 0.002030
-0.5114 0.001654
-0.5024 0.001343
-0.4922 0.001088
-0.4806 0.000879
-0.4676 0.000707
-0.4530 0.000566
-0.4368 0.000451
-0.4189 0.000358
-0.3993 0.000282
-0.3777 0.000221
-0.3540 0.000171
-0.3282 0.000131
-0.3000 0.000099
-0.2689 0.000073
-0.2342 0.000053
-0.1941 0.000036
-0.1451 0.000022
-0.0782 0.000010
0.0279 -0.003985
0.1676 -0.049873
0.2731 -0.081715
0.3203 -0.096017
0.3228 -0.096889
0.3005 -0.090251
0.2680 -0.080505
0.2334 -0.070125
0.2003 -0.060185
0.1696 -0.050963
0.1409 -0.042344
0.1131 -0.034025
0.0850 -0.025577
0.0543 -0.016380
0.0177 -0.005445
-0.0301 0.007940
-0.0958 0.021138
-0.1768 0.032342
-0.2566 0.038890
-0.3241 0.040649
-0.3776 0.039178
-0.4191 0.035970
-0.4512 0.032024
-0.4759 0.027933
-0.4949 0.024021
-0.5095 0.020446
-0.5205 0.017271
-0.5286 0.014504
-0.5344 0.012124
-0.5382 0.010097
-0.5404 0.008382
-0.5411 0.006940
-0.5405 0.005731
-0.5387 0.004723
-0.5357 0.003883
-0.5316 0.003186
-0.5264 0.002609
-0.5201 0.002131
-0.5126 0.001737
-0.5039 0.001412
-0.4940 0.001144
-0.4827 0.000925
-0.4700 0.000744
-0.4558 0.000597
-0.4400 0.000476
-0.4226 0.000378
-0.4033 0.000299
-0.3821 0.000234
-0.3590 0.000182
-0.3337 0.000140
-0.3061 0.000106
-0.2757 0.000079
-0.2418 0.000057
-0.2032 0.000040
-0.1566 0.000025
-0.0949 0.000013
0.0007 0.000074
0.1384 -0.041092
0.2555 -0.076374
0.3145 -0.094268
0.3249 -0.097505
0.3066 -0.092047
0.2754 -0.082712
0.2408 -0.072352
0.2073 -0.062287
0.1761 -0.052922
0.1471 -0.044205
0.1193 -0.035866
0.0914 -0.027506
0.0616 -0.018561
0.0268 -0.008152
