0.2812 -0.002186
0.3000 -0.001869
0.3026 -0.001565
0.2946 -0.001294
0.2804 -0.001060
0.2629 -0.000865
0.2440 -0.000704
0.2249 -0.000573
0.2062 -0.000466
0.1880 -0.000379
0.1706 -0.000308
0.1537 -0.000251
0.1373 -0.000204
0.1211 -0.000166
0.1048 -0.000135
0.0879 -0.000109
0.0699 -0.000089
0.0498 -0.000071
0.0262 -0.000057
-0.0034 -0.000045
-0.0429 -0.000034
-0.0958 -0.000025
-0.1594 -0.000018
-0.2226 -0.000012
-0.2764 -0.000008
-0.3181 -0.000006
-0.3491 -0.000004
-0.3713 -0.000003
-0.3868 -0.000002
-0.3971 -0.000002
-0.4036 -0.000001
-0.4071 -0.000001
-0.4083 -0.000001
-0.4078 -0.000001
-0.4059 -0.000001
-0.4029 -0.000000
-0.3990 -0.000000
-0.3945 -0.000000
-0.3943 -0.039659
-0.3952 -0.039308
-0.3947 -0.039471
-0.3933 -0.040013
-0.3911 -0.040821
-0.3885 -0.041814
-0.3855 -0.042933
-0.3823 -0.044139
-0.3789 -0.045405
-0.3754 -0.046709
-0.3719 -0.048034
-0.3683 -0.049368
-0.3648 -0.050702
-0.3611 -0.048549
-0.3561 -0.041991
-0.3499 -0.036567
-0.3429 -0.031968
-0.3353 -0.028000
-0.3271 -0.024536
-0.3187 -0.021490
-0.3101 -0.018804
-0.3013 -0.016431
-0.2941 -0.091481
-0.2996 -0.086726
-0.3037 -0.083087
-0.3066 -0.080327
-0.3085 -0.078268
-0.3096 -0.076765
-0.3100 -0.075704
-0.3099 -0.074988
-0.3095 -0.074540
-0.3088 -0.074298
-0.3079 -0.074216
-0.3069 -0.074259
-0.3057 -0.074400
-0.3045 -0.074624
-0.3031 -0.074918
-0.3017 -0.075275
-0.3002 -0.075692
-0.2986 -0.076167
-0.2969 -0.076698
-0.2951 -0.077283
-0.2921 -0.065590
-0.2867 -0.055624
-0.2796 -0.047518
-0.2719 -0.126264
-0.2787 -0.115651
-0.2833 -0.107689
-0.2864 -0.101661
-0.2884 -0.097003
-0.2898 -0.093311
-0.2909 -0.090338
-0.2917 -0.087932
-0.2923 -0.085992
-0.2926 -0.084441
-0.2928 -0.083213
-0.2928 -0.082254
-0.3037 -0.150870
-0.3153 -0.141385
-0.3243 -0.133998
-0.3323 -0.190579
-0.3480 -0.172394
-0.3593 -0.159399
-0.3672 -0.150221
-0.3728 -0.143812
-0.3766 -0.139388
-0.3791 -0.136379
-0.3808 -0.132250
-0.3808 -0.125107
-0.3796 -0.120416
-0.3776 -0.117341
-0.3752 -0.115363
-0.3726 -0.114148
-0.3698 -0.113474
-0.3671 -0.113190
-0.3644 -0.113188
-0.3618 -0.113394
-0.3594 -0.112270
-0.3560 -0.104908
-0.3516 -0.099492
-0.3464 -0.095448
-0.3405 -0.086128
-0.3327 -0.075415
-0.3236 -0.066428
-0.3134 -0.058687
-0.3023 -0.051907
-0.2907 -0.045911
-0.2784 -0.040584
-0.2657 -0.035845
-0.2524 -0.031633
-0.2385 -0.027899
-0.2239 -0.024601
-0.2083 -0.021703
-0.1914 -0.019175
-0.1726 -0.016990
-0.1508 -0.015133
-0.1242 -0.013600
-0.0891 -0.012416
-0.0380 -0.011653
0.0409 -0.011389
0.1418 -0.011289
0.2290 -0.010714
0.2855 -0.009646
0.3146 -0.008356
0.3234 -0.007055
0.3185 -0.005858
0.3053 -0.004814
0.2875 -0.003931
0.2676 -0.003200
0.2471 -0.002601
0.2270 -0.002114
0.2076 -0.001718
0.1891 -0.001397
0.1714 -0.001137
0.1544 -0.000926
0.1379 -0.000754
0.1216 -0.000613
0.1053 -0.000499
0.0884 -0.000405
0.0459 -0.205276
-0.0213 -0.180023
-0.1052 -0.148536
-0.1972 -0.113967
-0.2756 -0.084455
-0.3333 -0.062731
-0.3732 -0.047703
-0.3998 -0.037654
-0.4171 -0.031144
-0.4278 -0.027112
-0.4339 -0.024818
-0.4367 -0.023750
-0.4372 -0.023553
-0.4361 -0.023978
-0.4337 -0.024844
-0.4306 -0.026022
-0.4269 -0.027417
-0.4227 -0.028962
-0.4182 -0.027928
-0.4127 -0.024649
-0.4063 -0.021863
-0.3993 -0.019423
-0.3919 -0.017245
-0.3841 -0.015285
-0.3761 -0.013514
-0.3679 -0.011915
-0.3595 -0.010474
-0.3511 -0.009179
-0.3427 -0.008020
-0.3343 -0.006987
-0.3258 -0.006070
-0.3175 -0.005260
-0.3092 -0.004547
-0.3009 -0.003923
-0.2926 -0.003378
-0.2844 -0.002904
-0.2762 -0.002493
-0.2679 -0.002137
-0.2596 -0.001831
-0.2511 -0.001566
-0.2426 -0.001340
-0.2339 -0.001145
-0.2250 -0.000978
-0.2158 -0.000836
-0.2063 -0.000714
-0.2314 -0.202229
-0.2604 -0.180293
-0.2844 -0.162189
-0.3036 -0.147684
-0.3187 -0.136235
-0.3306 -0.127295
-0.3397 -0.120396
-0.3466 -0.115153
-0.3518 -0.111244
-0.3556 -0.108402
-0.3661 -0.150831
-0.3746 -0.141211
-0.3804 -0.134671
-0.3842 -0.130342
-0.3866 -0.127592
-0.3881 -0.125963
-0.3884 -0.120143
-0.3873 -0.115288
-0.3850 -0.109150
-0.3813 -0.101484
-0.3763 -0.095921
-0.3706 -0.091770
-0.3646 -0.088623
-0.3582 -0.086227
-0.3518 -0.084417
-0.3455 -0.083081
-0.3392 -0.082135
-0.3322 -0.071967
-0.3237 -0.063151
-0.3140 -0.055620
-0.3035 -0.049070
-0.2924 -0.043308
-0.2806 -0.038212
-0.2684 -0.033692
-0.2557 -0.029684
-0.2424 -0.026136
-0.2285 -0.023002
-0.2139 -0.020244
-0.1983 -0.017829
-0.1813 -0.015730
-0.1622 -0.013924
-0.1397 -0.012400
-0.1117 -0.011159
-0.0737 -0.010229
-0.0168 -0.009679
0.0690 -0.009516
0.1672 -0.009322
0.2443 -0.008690
0.2915 -0.007720
0.3138 -0.006631
0.3181 -0.005568
0.3108 -0.004609
0.2964 -0.003781
0.2782 -0.003086
0.2584 -0.002511
0.2383 -0.002042
0.2186 -0.001660
0.1997 -0.001350
0.1816 -0.001098
0.1642 -0.000894
0.1475 -0.000727
0.1187 -0.232818
0.0613 -0.211127
0.0015 -0.188645
-0.0725 -0.160875
-0.1610 -0.127618
-0.2445 -0.096194
-0.3094 -0.071755
-0.3555 -0.054359
-0.3870 -0.042487
-0.4078 -0.034643
-0.4210 -0.029670
-0.4288 -0.026730
-0.4328 -0.025231
-0.4340 -0.024758
-0.4333 -0.025015
-0.4312 -0.025797
-0.4281 -0.026949
-0.4243 -0.028359
-0.4201 -0.029547
-0.4150 -0.025988
-0.4089 -0.023029
-0.4021 -0.020466
-0.3948 -0.018190
-0.3870 -0.016142
-0.3790 -0.014291
-0.3709 -0.012616
-0.3625 -0.011105
-0.3541 -0.009746
-0.3557 -0.062086
-0.3630 -0.109078
-0.3699 -0.102542
-0.3742 -0.098286
-0.3768 -0.095620
-0.3781 -0.094054
-0.3785 -0.093252
-0.3784 -0.092985
-0.3778 -0.093101
-0.3770 -0.093502
-0.3759 -0.094121
-0.3746 -0.094916
-0.3731 -0.095855
-0.3716 -0.096917
-0.3699 -0.098086
-0.3679 -0.095928
-0.3642 -0.084148
-0.3581 -0.073450
-0.3520 -0.119526
-0.3526 -0.108506
-0.3509 -0.100864
-0.3477 -0.095421
-0.3438 -0.091386
-0.3396 -0.088280
-0.3354 -0.085845
-0.3312 -0.083939
-0.3272 -0.082471
-0.3232 -0.081373
-0.3194 -0.080588
-0.3157 -0.080067
-0.3122 -0.079769
-0.3087 -0.079659
-0.3054 -0.079704
-0.3021 -0.075648
-0.2971 -0.064767
-0.2904 -0.055881
-0.2823 -0.048462
-0.2732 -0.042167
-0.2632 -0.036768
-0.2524 -0.032104
-0.2409 -0.028059
-0.2286 -0.024545
-0.2154 -0.021493
-0.2011 -0.018847
-0.1856 -0.016560
-0.1682 -0.014593
-0.1482 -0.012921
-0.1240 -0.011531
-0.0926 -0.010432
-0.0479 -0.009666
0.0207 -0.009294
0.1146 -0.009160
0.2036 -0.008762
0.2650 -0.007961
0.2990 -0.006946
0.3119 -0.005896
0.3104 -0.004915
0.2997 -0.004051
0.2837 -0.003316
0.2652 -0.002704
0.2456 -0.002200
0.2261 -0.001789
0.2071 -0.001455
0.1889 -0.001184
0.1714 -0.000964
0.1545 -0.000785
0.1381 -0.000639
0.1219 -0.000520
0.1055 -0.000423
0.0887 -0.000343
0.0707 -0.000278
0.0507 -0.000224
0.0270 -0.000179
-0.0027 -0.000141
-0.0423 -0.000108
-0.0956 -0.000080
-0.1598 -0.000056
-0.2238 -0.000038
-0.2783 -0.000026
-0.3207 -0.000017
-0.3520 -0.000012
-0.3744 -0.000008
-0.3898 -0.000006
-0.3999 -0.000005
-0.4059 -0.000004
-0.4087 -0.000003
-0.4091 -0.000002
-0.4077 -0.000002
-0.4047 -0.000002
-0.4006 -0.000002
-0.3956 -0.000001
-0.3899 -0.000001
-0.3835 -0.000001
-0.3842 -0.043444
-0.3837 -0.043592
-0.3821 -0.044202
-0.3798 -0.045069
-0.3773 -0.046012
-0.3748 -0.046940
-0.3724 -0.047836
-0.3701 -0.048714
-0.3677 -0.049597
-0.3653 -0.050504
-0.3628 -0.051445
-0.3621 -0.103460
-0.3682 -0.098856
-0.3723 -0.095768
-0.3749 -0.091876
-0.3753 -0.084180
-0.3739 -0.078861
-0.3714 -0.075137
-0.3680 -0.072522
-0.3642 -0.070707
-0.3601 -0.069485
-0.3608 -0.118565
-0.3649 -0.112814
-0.3673 -0.108952
-0.3685 -0.106438
-0.3688 -0.104897
-0.3685 -0.104061
-0.3674 -0.098655
-0.3648 -0.092360
-0.3611 -0.087825
-0.3567 -0.084525
-0.3519 -0.082124
-0.3468 -0.080404
-0.3416 -0.079213
-0.3364 -0.078443
-0.3312 -0.078015
-0.3261 -0.077868
-0.3211 -0.077955
-0.3162 -0.078238
-0.3115 -0.078687
-0.3068 -0.079275
-0.3016 -0.070263
-0.2942 -0.060289
-0.2930 -0.127847
-0.2968 -0.117007
-0.2983 -0.109117
-0.2984 -0.103302
-0.2976 -0.098914
-0.2964 -0.095513
-0.2950 -0.092821
-0.2937 -0.090664
-0.2924 -0.088931
-0.2911 -0.087544
-0.2899 -0.086443
-0.2888 -0.085579
-0.2877 -0.084910
-0.2867 -0.084400
-0.2857 -0.084024
-0.2848 -0.083762
-0.2834 -0.076479
-0.2799 -0.064877
-0.2745 -0.055495
-0.2676 -0.047752
-0.2595 -0.041257
-0.2541 -0.127475
-0.2619 -0.117795
-0.2679 -0.110226
-0.2725 -0.104290
-0.2760 -0.099610
-0.2786 -0.095887
-0.2807 -0.092900
-0.2822 -0.090488
-0.2834 -0.088536
-0.2844 -0.086955
-0.2850 -0.085677
-0.2855 -0.084648
-0.2859 -0.083825
-0.2992 -0.153426
-0.3112 -0.143820
-0.3207 -0.136280
-0.3280 -0.130433
-0.3336 -0.125945
-0.3379 -0.122533
-0.3410 -0.119971
-0.3434 -0.118080
-0.3451 -0.116716
-0.3462 -0.115769
-0.3461 -0.106765
-0.3442 -0.097311
-0.3398 -0.083543
-0.3332 -0.072630
-0.3251 -0.063625
-0.3157 -0.055972
-0.3055 -0.049335
-0.2946 -0.043506
-0.2832 -0.038350
-0.2714 -0.033776
-0.2592 -0.029718
-0.2465 -0.026124
-0.2333 -0.022952
-0.2195 -0.020162
-0.2048 -0.017721
-0.1888 -0.015599
-0.1710 -0.013771
-0.1505 -0.012218
-0.1255 -0.010932
-0.0927 -0.009927
-0.0455 -0.009247
0.0274 -0.008958
0.0851 -0.227500
0.1361 -0.245927
0.1735 -0.259106
0.1945 -0.266134
0.2019 -0.268058
0.1994 -0.266337
0.1903 -0.262247
0.1772 -0.256725
0.1616 -0.250381
0.1445 -0.243567
0.1264 -0.236432
0.1072 -0.228975
0.0867 -0.221048
0.0639 -0.212338
0.0375 -0.202269
0.0046 -0.189832
-0.0390 -0.173420
-0.0960 -0.134621
-0.1590 -0.093972
-0.2183 -0.064201
-0.2670 -0.043892
-0.3042 -0.030500
-0.3312 -0.021730
-0.3502 -0.015939
-0.3630 -0.012050
-0.3711 -0.009375
-0.3755 -0.007481
-0.3773 -0.006096
-0.3771 -0.005050
-0.3753 -0.004234
-0.3724 -0.003582
-0.3686 -0.003049
-0.3642 -0.002606
-0.3662 -0.052299
-0.3690 -0.050838
-0.3702 -0.050069
-0.3752 -0.141693
-0.3893 -0.125509
-0.3983 -0.115101
-0.4039 -0.108599
-0.4073 -0.104723
-0.4091 -0.102617
-0.4098 -0.101725
-0.4098 -0.101675
-0.4093 -0.102214
-0.4084 -0.103162
-0.4073 -0.104390
-0.4060 -0.105805
-0.4046 -0.107278
-0.4026 -0.103509
-0.3998 -0.101343
-0.3963 -0.096628
-0.3909 -0.085015
-0.3838 -0.075670
-0.3753 -0.067801
-0.3659 -0.060898
-0.3557 -0.054695
-0.3451 -0.049052
-0.3340 -0.043893
-0.3226 -0.039173
-0.3110 -0.034865
-0.2991 -0.030947
-0.2870 -0.027399
-0.2747 -0.024203
-0.2622 -0.021339
-0.2493 -0.018783
-0.2361 -0.016515
-0.2224 -0.014510
-0.2079 -0.012747
-0.1926 -0.011204
-0.1759 -0.009864
-0.1572 -0.008714
-0.1352 -0.007744
-0.1076 -0.006955
-0.0701 -0.006363
-0.0138 -0.006007
0.0704 -0.005884
0.1658 -0.005738
0.2405 -0.005332
0.2862 -0.004729
0.3077 -0.004059
0.3119 -0.003408
0.2750 -0.293558
0.2250 -0.274159
0.1857 -0.258965
0.1531 -0.246358
0.1241 -0.235212
0.0966 -0.224670
0.0684 -0.213937
0.0370 -0.202054
-0.0012 -0.187610
-0.0518 -0.168598
-0.1177 -0.143843
-0.1906 -0.116456
-0.2558 -0.091893
-0.3069 -0.072650
-0.3443 -0.058557
-0.3706 -0.048627
-0.3886 -0.041854
-0.4004 -0.037417
-0.4076 -0.034696
-0.4114 -0.033041
-0.4123 -0.027045
-0.4106 -0.022793
-0.4070 -0.019589
-0.4022 -0.017042
-0.3963 -0.014930
-0.3898 -0.013124
-0.3827 -0.011547
-0.3753 -0.010155
-0.3675 -0.008917
-0.3596 -0.007814
-0.3516 -0.006831
-0.3435 -0.005956
-0.3360 -0.066698
-0.3392 -0.064490
-0.3410 -0.063034
-0.3418 -0.062142
-0.3516 -0.113515
-0.3592 -0.107361
-0.3645 -0.103017
-0.3681 -0.100014
-0.3705 -0.098012
-0.3720 -0.096765
-0.3727 -0.096100
-0.3728 -0.095881
-0.3725 -0.096006
-0.3719 -0.096391
-0.3711 -0.096972
-0.3700 -0.097695
-0.3689 -0.098523
-0.3676 -0.099424
-0.3663 -0.100379
-0.3650 -0.101375
-0.3635 -0.100188
-0.3609 -0.093849
-0.3572 -0.089302
-0.3527 -0.086021
-0.3473 -0.077472
-0.3401 -0.067746
-0.3315 -0.059624
-0.3218 -0.052650
-0.3114 -0.046553
-0.3003 -0.041164
-0.2887 -0.036373
-0.2767 -0.032105
-0.2642 -0.028304
-0.2671 -0.110699
-0.2704 -0.105366
-0.2725 -0.101217
-0.2740 -0.097968
-0.2749 -0.095382
-0.2756 -0.093281
-0.2762 -0.091544
-0.2767 -0.090089
-0.2771 -0.088862
-0.2776 -0.087824
-0.2779 -0.086948
-0.2783 -0.086208
-0.2786 -0.085587
-0.2788 -0.085067
-0.2791 -0.084636
-0.2792 -0.084282
-0.2793 -0.083996
-0.2794 -0.083772
-0.2794 -0.083604
-0.2792 -0.080720
-0.2773 -0.068008
-0.2731 -0.057855
-0.2672 -0.049562
-0.2600 -0.042669
-0.2517 -0.036863
-0.2425 -0.031927
-0.2325 -0.027702
-0.2217 -0.024072
-0.2099 -0.020949
-0.1972 -0.018263
-0.1832 -0.015958
-0.1674 -0.013990
-0.1491 -0.012327
-0.1268 -0.010947
-0.0980 -0.009847
-0.0709 -0.169632
-0.0584 -0.173089
-0.0422 -0.178127
-0.0207 -0.185333
0.0078 -0.195334
0.0437 -0.208232
0.0832 -0.222601
0.1190 -0.235594
0.1451 -0.244947
0.1599 -0.250093
0.1650 -0.251596
0.1626 -0.250352
0.1550 -0.247184
0.1437 -0.242713
0.1300 -0.237351
0.1162 -0.205688
0.1069 -0.169172
0.1008 -0.139848
0.0967 -0.115990
0.0938 -0.096402
0.0916 -0.080212
0.0897 -0.066769
0.0877 -0.055569
0.0502 -0.249964
0.0009 -0.221102
-0.0602 -0.189456
-0.1355 -0.153799
-0.2123 -0.119243
-0.2764 -0.091256
-0.3244 -0.070726
-0.3585 -0.056322
-0.3821 -0.046475
-0.3979 -0.039917
-0.4080 -0.035712
-0.4140 -0.033197
-0.4170 -0.031902
-0.4177 -0.031491
-0.4168 -0.031722
-0.4148 -0.032408
-0.4119 -0.033413
-0.4104 -0.067387
-0.4116 -0.060753
-0.4104 -0.056672
-0.4079 -0.054178
-0.4044 -0.052695
-0.4003 -0.051882
-0.3960 -0.051543
-0.3914 -0.051555
-0.3866 -0.051839
-0.3819 -0.052336
-0.3771 -0.052998
-0.3724 -0.053789
-0.3677 -0.054681
-0.3632 -0.055648
-0.3588 -0.056674
-0.3544 -0.057744
-0.3502 -0.058848
-0.3461 -0.059979
-0.3421 -0.061128
-0.3382 -0.062290
-0.3345 -0.063460
-0.3308 -0.064630
-0.3268 -0.059592
-0.3212 -0.051364
-0.3142 -0.044560
-0.3062 -0.038808
-0.2975 -0.033871
-0.2881 -0.029587
-0.2784 -0.025844
-0.2683 -0.022561
-0.2579 -0.019679
-0.2489 -0.111261
-0.2564 -0.105195
-0.2628 -0.100205
-0.2682 -0.096101
-0.2728 -0.092715
-0.2767 -0.089911
-0.2800 -0.087587
-0.2827 -0.085669
-0.2850 -0.084095
-0.2868 -0.082815
-0.2882 -0.081787
-0.2893 -0.080970
-0.2902 -0.080332
-0.2907 -0.079844
-0.2911 -0.079483
-0.2913 -0.079229
-0.2913 -0.079067
-0.2911 -0.078986
-0.2909 -0.078977
-0.2905 -0.079033
-0.2900 -0.079150
-0.2893 -0.079323
-0.2886 -0.079549
-0.2877 -0.079823
-0.2867 -0.076925
-0.2838 -0.065120
-0.2787 -0.055658
-0.2719 -0.047903
-0.2727 -0.125154
-0.2791 -0.115234
-0.2833 -0.107817
-0.2858 -0.102228
-0.2873 -0.097921
-0.2882 -0.094520
-0.2888 -0.091784
-0.2891 -0.089561
-0.2893 -0.087753
-0.2894 -0.086288
-0.2893 -0.085111
-0.2891 -0.084178
-0.2888 -0.083449
-0.2885 -0.082892
-0.2880 -0.082478
-0.2875 -0.082185
-0.2869 -0.081995
-0.2863 -0.081895
-0.2954 -0.154977
-0.3135 -0.211165
-0.3334 -0.188429
-0.3477 -0.172072
-0.3579 -0.160458
-0.3651 -0.152242
-0.3696 -0.140352
-0.3716 -0.131301
-0.3719 -0.125235
-0.3711 -0.121157
-0.3697 -0.118440
-0.3678 -0.116679
-0.3657 -0.115599
-0.3635 -0.115010
-0.3612 -0.114780
-0.3590 -0.114814
-0.3569 -0.115044
-0.3546 -0.111238
-0.3510 -0.101409
-0.3450 -0.087615
-0.3370 -0.076550
-0.3275 -0.067296
-0.3169 -0.059335
-0.3056 -0.052367
-0.2935 -0.046206
-0.2809 -0.040734
-0.2679 -0.035868
-0.2543 -0.031546
-0.2402 -0.027720
-0.2254 -0.024345
-0.2098 -0.021385
-0.1929 -0.018807
-0.1741 -0.016584
-0.1525 -0.014695
-0.1263 -0.013132
-0.0921 -0.011911
-0.0429 -0.011092
0.0331 -0.010747
0.1330 -0.010608
0.2219 -0.010061
0.2807 -0.009049
0.3118 -0.007824
0.3222 -0.006588
0.3186 -0.005454
0.3063 -0.004466
0.2891 -0.003634
0.2696 -0.002946
0.2493 -0.002385
0.2293 -0.001930
0.2100 -0.001562
0.1915 -0.001265
0.1739 -0.001025
0.1570 -0.000831
0.1406 -0.000674
0.1244 -0.000546
0.1083 -0.000442
0.0917 -0.000358
0.0742 -0.000289
0.0549 -0.000232
0.0312 -0.199557
-0.0403 -0.172781
-0.1288 -0.139619
-0.2194 -0.105568
-0.2927 -0.077984
-0.3453 -0.058172
-0.3812 -0.044673
-0.4048 -0.035792
-0.4196 -0.030186
-0.4284 -0.026877
-0.4329 -0.025182
-0.4343 -0.024623
-0.4337 -0.024871
-0.4315 -0.025694
-0.4282 -0.026930
-0.4241 -0.028464
-0.4194 -0.030211
-0.4143 -0.032107
-0.4090 -0.034103
-0.4035 -0.034691
-0.4030 -0.065213
-0.4017 -0.097982
-0.4044 -0.091112
-0.4050 -0.087237
-0.4043 -0.085029
-0.4032 -0.083737
-0.4017 -0.083023
-0.4001 -0.082758
-0.3987 -0.120576
-0.4030 -0.114352
-0.4053 -0.110725
-0.4063 -0.108857
-0.4064 -0.108175
-0.4058 -0.108288
-0.4049 -0.108928
-0.4034 -0.105799
-0.4010 -0.102852
-0.3979 -0.100720
-0.3937 -0.094057
-0.3886 -0.089246
-0.3827 -0.085653
-0.3766 -0.082918
-0.3702 -0.080829
-0.3638 -0.079250
-0.3574 -0.076493
-0.3500 -0.067202
-0.3413 -0.059363
-0.3317 -0.052568
-0.3214 -0.046580
-0.3106 -0.041253
-0.2994 -0.036493
-0.2878 -0.032234
-0.2759 -0.028429
-0.2637 -0.025036
-0.2511 -0.022021
-0.2381 -0.019353
-0.2244 -0.017002
-0.2100 -0.014941
-0.1945 -0.013145
-0.1774 -0.011592
-0.1579 -0.010265
-0.1347 -0.009153
-0.1052 -0.008260
-0.0643 -0.007610
-0.0022 -0.007257
0.0885 -0.007163
0.1842 -0.006959
0.2551 -0.006416
0.2965 -0.005654
0.3144 -0.004829
0.3158 -0.004040
0.3066 -0.003336
0.2912 -0.002733
0.2726 -0.002229
0.2527 -0.001813
0.2233 -0.272940
0.1632 -0.250019
0.1165 -0.232225
0.0750 -0.216458
0.0322 -0.200278
-0.0188 -0.181045
-0.0853 -0.156087
-0.1643 -0.126390
-0.2392 -0.098187
-0.2987 -0.075751
-0.3421 -0.059393
-0.3724 -0.047986
-0.3928 -0.040294
-0.4060 -0.035306
-0.4141 -0.032259
-0.4185 -0.030598
-0.4202 -0.029931
-0.4201 -0.029977
-0.4186 -0.030534
-0.4161 -0.031458
-0.4128 -0.029568
-0.4081 -0.025762
-0.4023 -0.022637
-0.3957 -0.019971
-0.3908 -0.058280
-0.3903 -0.055495
-0.3885 -0.053874
-0.3858 -0.053062
-0.3824 -0.052805
-0.3786 -0.052926
-0.3747 -0.053312
-0.3707 -0.053890
-0.3666 -0.054610
-0.3626 -0.055439
-0.3586 -0.056350
-0.3547 -0.057323
-0.3508 -0.058340
-0.3470 -0.059388
-0.3434 -0.060457
-0.3398 -0.061540
-0.3362 -0.062632
-0.3428 -0.118914
-0.3484 -0.114499
-0.3523 -0.111429
-0.3544 -0.103061
-0.3543 -0.095153
-0.3526 -0.089488
-0.3499 -0.085372
-0.3465 -0.082367
-0.3428 -0.080185
-0.3388 -0.078627
-0.3347 -0.077551
-0.3306 -0.076851
-0.3265 -0.076448
-0.3225 -0.076276
-0.3187 -0.076285
-0.3172 -0.144185
-0.3257 -0.136327
-0.3322 -0.130410
-0.3369 -0.126001
-0.3403 -0.122752
-0.3423 -0.113990
-0.3421 -0.105090
-0.3403 -0.098640
-0.3374 -0.093901
-0.3339 -0.090394
-0.3299 -0.087798
-0.3257 -0.085890
-0.3215 -0.084513
-0.3194 -0.150375
-0.3272 -0.141561
-0.3328 -0.135041
-0.3368 -0.130249
-0.3396 -0.126764
-0.3409 -0.117738
