0.6549
0.5893
0.4696
0.3648
0.2838
0.2454
0.2295
0.2295
0.2312
0.2320
0.2317
0.2319
0.2326
0.2320
0.2319
0.2317
0.2323
0.2315
0.2321
0.2310
0.2322
0.2318
0.2318
0.2320
0.2321
0.2328
0.2318
0.2326
0.2319
0.2314
0.2320
0.2316
0.2326
0.2323
0.2318
0.2320
0.2317
0.2324
0.2318
0.2320
0.2320
0.2316
0.2320
0.2323
0.2323
0.2317
0.2318
0.2328
0.2325
0.2321
0.2321
0.2319
0.2316
0.2322
0.2322
0.2324
0.2322
0.2322
0.2318
0.2313
0.2324
0.2320
0.2319
0.2319
0.2323
0.2328
0.2324
0.2316
0.2323
0.2321
0.2320
0.2322
0.2323
0.2322
0.2319
0.2319
0.2313
0.2318
0.2318
0.2331
0.2316
0.2322
0.2321
0.2321
0.2321
0.2316
0.2321
0.2323
0.2319
0.2321
0.2318
0.2323
0.2316
0.2315
0.2326
0.2313
0.2326
0.2313
0.2316
0.2323
0.2326
0.2322
0.2323
0.2323
0.2315
0.2315
0.2322
0.2331
0.2320
0.2320
0.2321
0.2322
0.2319
0.2325
0.2322
0.2324
0.2315
0.2316
0.2318
0.2325
0.2317
0.2321
0.2327
0.2318
0.2321
0.2319
0.2317
0.2319
0.2330
0.2318
0.2316
0.2319
0.2327
0.2317
0.2325
0.2318
0.2312
0.2318
0.2320
0.2321
0.2324
0.2323
0.2318
0.2321
0.2315
0.2318
0.2320
0.2324
0.2319
0.2324
