0.5936 0.8092
0.5959 0.8103
0.5965 0.8084
0.5962 0.8087
0.5977 0.8422
0.6121 1.0322
0.6500 1.4512
0.7006 2.0200
0.7486 2.6155
0.7852 3.1062
0.8090 3.4174
0.8219 3.5446
0.8272 3.5352
0.8277 3.4446
0.8253 3.3353
0.8250 3.9082
0.8423 6.9428
0.8683 10.1137
0.8886 12.2146
0.9006 13.1804
0.9062 13.1902
0.9076 12.6286
0.9066 11.7059
0.9039 10.4820
0.9003 9.7572
0.8981 10.5291
0.9007 14.0760
0.9074 18.7232
0.9140 22.1110
0.9185 23.0772
0.9206 22.0001
0.9205 20.0851
0.9193 18.8464
0.9178 17.7850
0.9160 15.9053
0.9132 13.7186
0.9093 11.6898
0.9042 9.9592
0.8982 8.5221
0.8913 7.3290
0.8836 6.3543
0.8754 5.6067
0.8673 5.0646
0.8596 4.6326
0.8521 4.2230
0.8442 3.8176
0.8351 3.4259
0.8247 3.0632
0.8130 2.7395
0.8003 2.4568
0.7867 2.2109
0.7725 1.9956
0.7578 1.8047
0.7425 1.6339
0.7266 1.4801
0.7100 1.3414
0.6927 1.2169
0.6750 1.1071
0.6573 1.0137
0.6403 0.9373
0.6248 0.8775
0.6116 0.8331
0.6010 0.8024
0.5933 0.7836
0.5885 0.7755
0.5864 0.7763
0.5866 0.7831
0.5883 0.7916
0.5904 0.7983
0.5921 0.8005
0.5928 0.7973
0.5922 0.7884
0.5900 0.7740
0.5863 0.7549
0.5812 0.7321
0.5749 0.7066
0.5676 0.6795
0.5596 0.6524
0.5515 0.6293
0.5447 0.6170
0.5413 0.6202
0.5427 0.6404
0.5491 0.6766
0.5601 0.7275
0.5752 0.8010
0.5956 0.9143
0.6215 1.0722
0.6514 1.2824
0.6833 1.5441
0.7143 1.8406
0.7419 2.1508
0.7649 2.4554
0.7832 2.7386
0.7972 2.9874
0.8076 3.1894
0.8150 3.3244
0.8195 3.3696
0.8212 3.3252
0.8203 3.2092
0.8169 3.0452
0.8115 2.8567
0.8046 2.6749
0.7971 2.5355
0.7906 2.4529
0.7859 2.4175
0.7837 2.4494
0.7855 2.6158
0.7926 2.9068
0.8032 3.2371
0.8140 3.4709
0.8219 3.5890
0.8274 3.7622
0.8332 4.1675
0.8440 5.6067
0.8630 8.5415
0.8828 11.6229
0.8972 13.2571
0.9047 12.9476
0.9066 12.2530
0.9063 12.4829
0.9067 13.7412
0.9084 14.6341
0.9095 14.1550
0.9093 13.4640
0.9086 13.3645
0.9082 13.5918
0.9082 13.5168
0.9078 12.8852
0.9065 11.7893
0.9037 10.4060
0.8993 8.9662
0.8934 7.7022
0.8862 6.6401
0.8780 5.7663
0.8691 5.0542
0.8597 4.4695
0.8498 3.9801
0.8396 3.5607
0.8289 3.1937
0.8176 2.8672
0.8054 2.5739
0.7924 2.3095
0.7783 2.0716
0.7633 1.8590
0.7472 1.6708
0.7305 1.5060
0.7132 1.3625
0.6957 1.2381
0.6783 1.1303
0.6611 1.0366
0.6443 0.9555
0.6283 0.8857
0.6131 0.8261
0.5990 0.7757
0.5861 0.7330
0.5745 0.6964
0.5639 0.6643
0.5542 0.6355
0.5452 0.6089
0.5365 0.5845
0.5283 0.5623
0.5205 0.5423
0.5132 0.5240
0.5064 0.5070
0.4999 0.4922
0.4947 0.4847
0.4927 0.4904
0.4958 0.5116
0.5044 0.5475
0.5179 0.5983
0.5372 0.6800
0.5638 0.8038
0.5962 0.9635
0.6303 1.1456
0.6625 1.3362
0.6904 1.5233
0.7133 1.6970
0.7312 1.8497
0.7448 1.9704
0.7540 2.0373
0.7590 2.0429
0.7598 2.0022
0.7577 1.9537
0.7547 1.9284
0.7526 1.9350
0.7525 1.9699
0.7544 2.0243
0.7579 2.0887
0.7621 2.1554
0.7665 2.2191
0.7706 2.2767
0.7743 2.3251
0.7771 2.3499
0.7784 2.3334
0.7777 2.2741
0.7747 2.1806
0.7694 2.0649
0.7621 1.9447
0.7538 1.8430
0.7465 1.8149
0.7468 2.0375
0.7619 2.6141
0.7881 3.4521
0.8163 4.3913
0.8397 5.2411
0.8572 6.3456
0.8729 8.7421
0.8880 11.6576
0.8991 13.0771
0.9051 13.3188
0.9075 13.3921
0.9081 13.1375
0.9076 12.6761
0.9067 12.5930
0.9065 13.2124
0.9074 13.9641
0.9085 14.1239
0.9089 13.5136
0.9078 12.1217
0.9048 10.5264
0.9001 9.0694
0.8941 7.8277
0.8871 6.8019
0.8794 5.9612
0.8712 5.2604
0.8624 4.6568
0.8530 4.1223
0.8427 3.6442
0.8312 3.2184
0.8186 2.8435
0.8048 2.5176
0.7900 2.2377
0.7745 2.0004
0.7585 1.8015
0.7426 1.6357
0.7270 1.4973
0.7120 1.3803
0.6977 1.2792
0.6839 1.1904
0.6706 1.1128
0.6579 1.0472
0.6463 0.9938
0.6362 0.9519
0.6276 0.9193
0.6205 0.8925
0.6144 0.8679
0.6088 0.8442
0.6036 0.8255
0.5996 0.8168
0.5977 0.8205
0.5986 0.8360
0.6022 0.8611
0.6080 0.8933
0.6152 0.9298
0.6231 0.9687
0.6312 1.0082
0.6390 1.0461
0.6460 1.0767
0.6513 1.0943
0.6545 1.0972
0.6552 1.0884
0.6540 1.0733
0.6515 1.0568
0.6486 1.0409
0.6455 1.0249
0.6422 1.0062
0.6384 0.9826
0.6336 0.9527
0.6275 0.9163
0.6198 0.8745
0.6106 0.8294
0.5999 0.7827
0.5882 0.7363
0.5757 0.6917
0.5628 0.6498
0.5500 0.6116
0.5376 0.5775
0.5259 0.5480
0.5153 0.5231
0.5060 0.5032
0.4984 0.4886
0.4929 0.4803
0.4899 0.4793
0.4900 0.4866
0.4934 0.5031
0.5005 0.5304
0.5115 0.5707
0.5267 0.6267
0.5456 0.6978
0.5671 0.7797
0.5890 0.8647
0.6093 0.9443
0.6268 1.0164
0.6421 1.1000
0.6578 1.2126
0.6755 1.3616
0.6951 1.5449
0.7155 1.7521
0.7351 1.9724
0.7533 2.2218
0.7708 2.5535
0.7887 3.0020
0.8071 3.5888
0.8255 4.3583
0.8427 5.2349
0.8571 6.0026
0.8673 6.4857
0.8735 6.7290
0.8771 7.0519
0.8807 8.0264
0.8869 9.9215
0.8949 12.3133
0.9020 13.5832
0.9064 13.6924
0.9080 13.3334
0.9080 12.9372
0.9073 12.8248
0.9070 13.1687
0.9073 13.4352
0.9075 13.1456
0.9069 12.2143
0.9046 10.6466
0.9002 9.0507
0.8939 7.6662
0.8861 6.5457
0.8774 5.6673
0.8681 4.9577
0.8582 4.3585
0.8477 3.8427
0.8364 3.3941
0.8242 3.0015
0.8109 2.6571
0.7966 2.3546
0.7812 2.0888
0.7647 1.8550
0.7471 1.6493
0.7284 1.4682
0.7089 1.3090
0.6886 1.1694
0.6677 1.0475
0.6465 0.9417
0.6254 0.8502
0.6048 0.7715
0.5848 0.7038
0.5659 0.6458
0.5481 0.5963
0.5320 0.5584
0.5207 0.5490
0.5188 0.5728
0.5266 0.6186
0.5405 0.6705
0.5559 0.7156
0.5691 0.7474
0.5786 0.7654
0.5842 0.7727
0.5868 0.7733
0.5872 0.7707
0.5866 0.7680
0.5859 0.7674
0.5856 0.7702
0.5861 0.7759
0.5873 0.7826
0.5888 0.7878
0.5900 0.7907
0.5910 0.7953
0.5926 0.8066
0.5955 0.8232
0.5994 0.8447
0.6054 0.8872
0.6158 0.9618
0.6310 1.0656
0.6497 1.1917
0.6700 1.3354
0.6903 1.4949
0.7098 1.6666
0.7277 1.8449
0.7436 2.0222
0.7572 2.1922
0.7690 2.3750
0.7804 2.6249
0.7925 2.9320
0.8047 3.2410
0.8154 3.4976
0.8236 3.6704
0.8290 3.7494
0.8317 3.7393
0.8319 3.6554
0.8301 3.5177
0.8267 3.3696
0.8251 3.7435
0.8365 5.4887
0.8578 7.8359
0.8775 9.7693
0.8911 10.9273
0.8986 11.3219
0.9016 11.1005
0.9013 10.1501
0.8986 9.2885
0.8957 9.2349
0.8951 10.0609
0.8974 11.5743
0.9018 13.5902
0.9060 14.1553
0.9082 13.8025
0.9086 13.3057
0.9082 13.2042
0.9077 13.0913
0.9069 12.1922
0.9046 10.7260
0.9005 9.2487
0.8948 7.9315
0.8877 6.8070
0.8795 5.8576
0.8701 5.0517
0.8596 4.3643
0.8480 3.7782
0.8351 3.2818
0.8211 2.8650
0.8060 2.5176
0.7903 2.2288
0.7740 1.9882
0.7576 1.7870
0.7413 1.6181
0.7252 1.4760
0.7096 1.3557
0.6946 1.2530
0.6802 1.1639
0.6663 1.0852
0.6529 1.0141
0.6397 0.9490
0.6267 0.8891
0.6137 0.8346
0.6010 0.7852
0.5886 0.7405
0.5766 0.6994
0.5648 0.6611
0.5532 0.6250
0.5417 0.5909
0.5302 0.5588
0.5189 0.5288
0.5077 0.5008
0.4969 0.4748
0.4863 0.4509
0.4764 0.4306
0.4695 0.4292
0.4727 0.4680
0.4906 0.5500
0.5208 0.6672
0.5574 0.8082
0.5949 0.9623
0.6294 1.1204
0.6590 1.2752
0.6833 1.4217
0.7028 1.5594
0.7185 1.6905
0.7314 1.8133
0.7420 1.9223
0.7505 2.0095
0.7570 2.0720
0.7615 2.1091
0.7641 2.1192
0.7649 2.1032
0.7640 2.0652
0.7616 2.0177
0.7587 1.9831
0.7562 1.9674
0.7547 1.9627
0.7538 1.9570
0.7531 1.9412
0.7519 1.9104
0.7496 1.8631
0.7461 1.8008
0.7411 1.7265
0.7347 1.6448
0.7271 1.5639
0.7193 1.5016
0.7131 1.4838
0.7121 1.5683
0.7212 1.8084
0.7397 2.1291
0.7604 2.4154
0.7783 2.6558
0.7930 2.9731
0.8079 3.5277
0.8250 4.3758
0.8434 5.6134
0.8619 7.4274
0.8788 9.7537
0.8924 12.0198
0.9014 13.2877
0.9064 13.8011
0.9088 14.2940
0.9098 14.1056
0.9094 13.2596
0.9080 12.5733
0.9066 12.4765
0.9059 12.4830
0.9054 12.0817
0.9041 11.1184
0.9012 9.6114
0.8961 8.1450
0.8890 6.8996
0.8804 5.8887
0.8707 5.0846
0.8604 4.4427
0.8496 3.9151
0.8383 3.4648
0.8263 3.0699
0.8134 2.7200
0.7994 2.4111
0.7843 2.1412
0.7682 1.9081
0.7515 1.7091
0.7343 1.5409
0.7172 1.3993
0.7005 1.2805
0.6844 1.1804
0.6692 1.0952
0.6549 1.0218
0.6413 0.9571
0.6284 0.8991
0.6158 0.8460
0.6035 0.7965
0.5913 0.7500
0.5791 0.7061
0.5667 0.6646
0.5543 0.6255
0.5418 0.5888
0.5295 0.5547
0.5174 0.5236
0.5059 0.4969
0.4958 0.4762
0.4877 0.4624
0.4821 0.4550
0.4791 0.4526
0.4780 0.4528
0.4780 0.4534
0.4782 0.4528
0.4779 0.4502
0.4776 0.4526
0.4818 0.4820
0.4961 0.5485
0.5210 0.6473
0.5525 0.7688
0.5859 0.9040
0.6179 1.0469
0.6467 1.1947
0.6717 1.3444
0.6927 1.4819
0.7090 1.5839
0.7202 1.6442
0.7267 1.6698
0.7296 1.6720
0.7300 1.6603
0.7288 1.6403
0.7267 1.6153
0.7241 1.5901
0.7215 1.5703
0.7194 1.5583
0.7179 1.5516
0.7169 1.5447
0.7160 1.5313
0.7145 1.5073
0.7119 1.4720
0.7081 1.4281
0.7032 1.3830
0.6982 1.3547
0.6959 1.3945
0.7025 1.5830
0.7216 1.9613
0.7508 2.5546
0.7836 3.3225
0.8133 4.1422
0.8363 4.9019
0.8524 5.5199
0.8627 5.9755
0.8697 6.6495
0.8770 8.0626
0.8858 9.9908
0.8943 11.5674
0.9007 12.6204
0.9049 13.6525
0.9080 14.4767
0.9095 14.1359
0.9094 13.4954
0.9087 13.3516
0.9082 13.4606
0.9077 12.7437
0.9059 11.3394
0.9024 9.8114
0.8972 8.4093
0.8906 7.2233
0.8829 6.2576
0.8744 5.4727
0.8654 4.8192
0.8559 4.2578
0.8456 3.7640
0.8343 3.3251
0.8220 2.9349
0.8084 2.5901
0.7935 2.2876
0.7774 2.0240
0.7602 1.7952
0.7421 1.5971
0.7232 1.4258
0.7039 1.2778
0.6842 1.1507
0.6647 1.0424
0.6456 0.9509
0.6274 0.8737
0.6103 0.8087
0.5945 0.7534
0.5800 0.7061
0.5668 0.6671
0.5554 0.6375
0.5463 0.6180
0.5403 0.6090
0.5375 0.6099
0.5379 0.6196
0.5412 0.6365
0.5468 0.6590
0.5543 0.6899
0.5645 0.7387
0.5800 0.8278
0.6029 0.9650
0.6313 1.1399
0.6614 1.3362
0.6895 1.5321
0.7129 1.6959
0.7300 1.8054
0.7407 1.8612
0.7462 1.8745
0.7477 1.8584
0.7466 1.8242
0.7437 1.7803
0.7399 1.7318
0.7354 1.6807
0.7305 1.6270
0.7251 1.5700
0.7192 1.5095
0.7126 1.4456
0.7053 1.3797
0.6972 1.3139
0.6886 1.2506
0.6798 1.1929
0.6712 1.1447
0.6636 1.1105
0.6580 1.0940
0.6551 1.0959
0.6551 1.1122
0.6574 1.1355
0.6609 1.1590
0.6648 1.1799
0.6683 1.1977
0.6713 1.2123
0.6738 1.2265
0.6763 1.2488
0.6798 1.2879
0.6857 1.3663
0.6973 1.5458
0.7170 1.8454
0.7415 2.1917
0.7652 2.5384
0.7863 2.9696
0.8063 3.5952
0.8256 4.3501
0.8423 5.0658
0.8550 5.5995
0.8642 6.3141
0.8730 7.4991
0.8813 8.5292
0.8885 9.8496
0.8955 11.8207
0.9015 13.0057
0.9054 13.3209
0.9073 13.4686
0.9081 13.6194
0.9083 13.3679
0.9077 12.5541
0.9056 10.9963
0.9013 9.2471
0.8948 7.7131
0.8865 6.4973
0.8772 5.6100
0.8677 4.9835
0.8587 4.4922
0.8499 4.0462
0.8407 3.6390
0.8310 3.3029
0.8215 3.0633
0.8132 2.9053
0.8065 2.7823
0.8005 2.6303
0.7935 2.4405
0.7844 2.2297
0.7729 2.0159
0.7591 1.8130
0.7435 1.6300
0.7267 1.4702
0.7093 1.3327
0.6919 1.2144
0.6747 1.1121
0.6580 1.0245
0.6427 0.9636
0.6318 0.9468
0.6281 0.9695
0.6312 1.0107
0.6376 1.0446
0.6433 1.0555
0.6459 1.0426
0.6445 1.0113
0.6394 0.9685
0.6314 0.9206
0.6216 0.8727
0.6114 0.8378
0.6046 0.8392
0.6053 0.8829
0.6142 0.9608
0.6293 1.0611
0.6475 1.1729
0.6660 1.2820
0.6821 1.3658
0.6937 1.4110
0.7003 1.4209
0.7024 1.4094
0.7017 1.3938
0.7001 1.3868
0.6990 1.3939
0.6995 1.4147
0.7015 1.4456
0.7048 1.4821
0.7088 1.5196
0.7130 1.5541
0.7167 1.5824
0.7198 1.6016
0.7219 1.6095
0.7228 1.6052
0.7225 1.5903
0.7212 1.5706
0.7194 1.5541
0.7177 1.5454
0.7166 1.5430
0.7161 1.5442
0.7162 1.5527
0.7172 1.5724
0.7192 1.6026
0.7221 1.6396
0.7258 1.6862
0.7303 1.7468
0.7358 1.8223
0.7433 1.9833
0.7566 2.3308
0.7764 2.8427
0.7987 3.4600
0.8196 4.0915
0.8365 4.6658
0.8493 5.2463
0.8596 6.0755
0.8710 8.0050
0.8837 10.1572
0.8942 11.7085
0.9009 12.3319
0.9045 12.8984
0.9070 14.3553
0.9099 16.4617
0.9129 17.9218
0.9148 17.3086
0.9146 15.4535
0.9125 13.6763
0.9094 12.1593
0.9055 10.7419
0.9009 9.3973
0.8955 8.2404
0.8895 7.3167
0.8834 6.6052
0.8774 6.0379
0.8715 5.5379
0.8655 5.0545
0.8587 4.5676
0.8508 4.0802
0.8414 3.6138
0.8303 3.1871
0.8176 2.8141
0.8038 2.5009
0.7894 2.2431
0.7748 2.0301
0.7605 1.8504
0.7464 1.6947
0.7324 1.5567
0.7183 1.4324
0.7040 1.3186
0.6893 1.2133
0.6741 1.1150
0.6582 1.0235
0.6417 0.9390
0.6247 0.8619
0.6075 0.7925
0.5905 0.7310
0.5739 0.6768
0.5580 0.6297
0.5432 0.5890
0.5295 0.5543
0.5172 0.5254
0.5066 0.5023
0.4978 0.4852
0.4912 0.4737
0.4867 0.4673
0.4841 0.4648
0.4832 0.4652
0.4836 0.4689
0.4870 0.4902
0.4988 0.5499
0.5220 0.6500
0.5539 0.7830
0.5899 0.9429
0.6260 1.1225
0.6588 1.3008
0.6855 1.4507
0.7052 1.5632
0.7185 1.6396
0.7267 1.6838
0.7311 1.7006
0.7326 1.6949
0.7320 1.6706
0.7296 1.6319
0.7258 1.5843
0.7210 1.5357
0.7159 1.4928
0.7111 1.4584
0.7070 1.4339
0.7041 1.4244
0.7030 1.4359
0.7041 1.4679
0.7075 1.5183
0.7131 1.5926
0.7210 1.6994
0.7310 1.8285
0.7424 2.0055
0.7572 2.3229
0.7762 2.7798
0.7966 3.2883
0.8149 3.7441
0.8290 4.1078
0.8394 4.5166
0.8491 5.3550
0.8629 7.7225
0.8807 11.3697
0.8962 14.0966
0.9055 14.2764
0.9089 13.6545
0.9097 14.5787
0.9115 17.2171
0.9144 19.6205
0.9170 20.5992
0.9181 19.0018
0.9172 16.5576
0.9148 15.0067
0.9124 14.2260
0.9104 13.4968
0.9083 12.4842
0.9058 11.2595
0.9023 10.0233
0.8980 8.9452
0.8933 8.0671
0.8883 7.3308
0.8831 6.6587
0.8774 5.9972
0.8708 5.3307
0.8629 4.6900
0.8535 4.1143
0.8428 3.6402
0.8316 3.2726
0.8205 2.9661
0.8092 2.6738
0.7968 2.3923
0.7828 2.1325
0.7675 1.9083
0.7517 1.7289
0.7365 1.5934
0.7229 1.4919
0.7113 1.4108
0.7010 1.3376
0.6912 1.2638
0.6808 1.1847
0.6690 1.1007
0.6554 1.0148
0.6399 0.9308
0.6231 0.8522
0.6055 0.7817
0.5880 0.7209
0.5714 0.6701
0.5564 0.6293
0.5435 0.5977
0.5330 0.5745
0.5249 0.5584
0.5193 0.5487
0.5160 0.5451
0.5149 0.5474
0.5160 0.5552
0.5191 0.5677
0.5238 0.5840
0.5296 0.6029
0.5366 0.6296
0.5474 0.6845
0.5652 0.7767
0.5896 0.9015
0.6179 1.0521
0.6468 1.2167
0.6733 1.3725
0.6948 1.4992
0.7106 1.5915
0.7212 1.6499
0.7274 1.6765
0.7302 1.6773
0.7304 1.6620
0.7290 1.6395
0.7267 1.6156
0.7242 1.5933
0.7218 1.5766
0.7201 1.5739
0.7198 1.5913
0.7215 1.6332
0.7256 1.7104
0.7327 1.8289
0.7423 1.9700
0.7532 2.1459
0.7664 2.4476
0.7832 2.8890
0.8016 3.3952
0.8188 3.9052
0.8332 4.3977
0.8446 4.8765
0.8547 5.8186
0.8685 8.4777
0.8853 12.1508
0.8992 14.6826
0.9072 14.6081
0.9098 13.9223
0.9104 14.9940
0.9122 17.7012
0.9150 20.0308
0.9175 20.9313
0.9185 19.2667
0.9175 16.6790
0.9151 15.2161
0.9128 14.5769
0.9110 13.8770
0.9091 12.8047
0.9066 11.4714
0.9030 10.1194
0.8985 8.9403
0.8933 7.9999
0.8880 7.2493
0.8826 6.5996
0.8769 5.9816
0.8707 5.3586
0.8632 4.7464
0.8543 4.1789
0.8440 3.6942
0.8330 3.3114
0.8219 3.0117
0.8111 2.7447
0.7999 2.4840
0.7874 2.2324
0.7735 2.0001
0.7583 1.7994
0.7426 1.6376
0.7276 1.5142
0.7143 1.4214
0.7029 1.3481
0.6930 1.2837
0.6839 1.2207
0.6745 1.1554
0.6644 1.0871
0.6530 1.0172
0.6403 0.9477
0.6266 0.8811
0.6121 0.8196
0.5977 0.7668
0.5846 0.7286
0.5749 0.7148
0.5728 0.7475
0.5827 0.8398
0.6042 0.9816
0.6324 1.1532
0.6618 1.3351
0.6886 1.5124
0.7110 1.6759
0.7287 1.8207
0.7422 1.9442
0.7523 2.0438
0.7596 2.1151
0.7645 2.1528
0.7670 2.1535
0.7672 2.1173
0.7649 2.0473
0.7604 1.9516
0.7536 1.8400
0.7450 1.7211
0.7347 1.6024
0.7232 1.4890
