-0.3982 -0.050922
-0.4022 -0.048928
-0.4040 -0.048025
-0.4043 -0.047874
-0.4035 -0.048257
-0.4019 -0.049042
-0.3997 -0.050138
-0.3970 -0.051479
-0.3939 -0.053010
-0.3906 -0.054682
-0.3871 -0.056455
-0.3834 -0.058294
-0.3796 -0.060170
-0.3758 -0.062063
-0.3721 -0.063956
-0.3683 -0.065841
-0.3645 -0.067713
-0.3607 -0.066540
-0.3554 -0.057685
-0.3485 -0.050490
-0.3403 -0.044436
-0.3313 -0.039211
-0.3216 -0.034622
-0.3115 -0.030548
-0.3012 -0.026914
-0.2906 -0.023670
-0.2799 -0.020779
-0.2690 -0.018210
-0.2580 -0.015935
-0.2467 -0.013927
-0.2352 -0.012163
-0.2232 -0.010618
-0.2106 -0.009270
-0.1972 -0.008100
-0.1827 -0.007089
-0.1665 -0.006222
-0.1804 -0.164886
-0.1975 -0.155285
-0.2143 -0.146045
-0.2301 -0.137489
-0.2444 -0.129827
-0.2569 -0.123148
-0.2677 -0.117451
-0.2767 -0.112676
-0.2842 -0.108741
-0.2902 -0.105552
-0.2951 -0.103020
-0.2988 -0.101064
-0.3015 -0.099613
-0.3034 -0.098605
-0.3045 -0.097985
-0.3050 -0.097706
-0.3049 -0.097725
-0.3026 -0.081733
-0.2973 -0.069391
-0.2899 -0.059471
-0.2810 -0.051245
-0.2711 -0.044282
-0.2605 -0.038316
-0.2492 -0.033172
-0.2373 -0.028725
-0.2297 -0.159636
-0.2429 -0.147798
-0.2542 -0.138122
-0.2637 -0.130253
-0.2717 -0.123849
-0.2783 -0.118625
-0.2838 -0.114372
-0.2883 -0.110930
-0.2919 -0.108173
-0.2947 -0.105991
-0.2969 -0.104291
-0.2985 -0.102991
-0.2997 -0.102022
-0.3004 -0.101324
-0.3008 -0.100849
-0.3010 -0.100559
-0.3009 -0.100426
-0.3006 -0.100425
-0.3001 -0.100542
-0.2994 -0.100762
-0.2986 -0.101077
-0.2977 -0.101477
-0.2966 -0.101954
-0.2942 -0.088350
-0.2888 -0.075690
-0.2813 -0.065469
-0.2720 -0.056999
-0.2612 -0.049841
-0.2492 -0.043712
-0.2387 -0.299802
-0.2724 -0.255568
-0.2975 -0.223340
-0.3156 -0.200249
-0.3287 -0.183581
-0.3383 -0.171318
-0.3455 -0.162170
-0.3509 -0.155327
-0.3548 -0.150247
-0.3576 -0.146538
-0.3595 -0.143894
-0.3607 -0.142069
-0.3615 -0.140870
-0.3618 -0.140142
-0.3618 -0.139767
-0.3617 -0.139655
-0.3614 -0.139740
-0.3610 -0.139977
-0.3596 -0.131165
-0.3566 -0.123749
-0.3524 -0.118527
-0.3475 -0.114818
-0.3412 -0.100920
-0.3327 -0.088811
-0.3225 -0.078676
-0.3111 -0.069923
-0.2987 -0.062217
-0.2856 -0.055356
-0.2717 -0.049219
-0.2572 -0.043722
-0.2419 -0.038809
-0.2258 -0.034437
-0.2085 -0.030572
-0.1896 -0.027187
-0.1964 -0.174064
-0.2069 -0.164525
-0.2167 -0.156155
-0.2258 -0.148851
-0.2340 -0.142493
-0.2415 -0.136953
-0.2483 -0.132115
-0.2545 -0.127889
-0.2599 -0.124211
-0.2648 -0.121029
-0.2690 -0.118293
-0.2727 -0.115943
-0.2760 -0.113923
-0.2788 -0.112191
-0.2812 -0.110715
-0.2832 -0.109465
-0.2850 -0.108410
-0.2864 -0.106313
-0.2856 -0.088223
-0.2817 -0.074262
-0.2755 -0.063140
-0.2676 -0.054057
-0.2582 -0.046504
-0.2476 -0.040142
-0.2358 -0.034737
-0.2229 -0.030124
-0.2088 -0.026179
-0.1931 -0.022811
-0.1754 -0.019948
-0.1548 -0.017541
-0.1296 -0.015559
-0.0968 -0.014005
-0.0496 -0.012930
0.0233 -0.012418
0.1226 -0.012217
0.2146 -0.011601
0.2770 -0.010435
0.3105 -0.009003
0.3222 -0.007554
0.3192 -0.006225
0.3071 -0.005072
0.2900 -0.004105
0.2706 -0.003311
0.2506 -0.002667
0.2308 -0.002147
0.2118 -0.001729
0.1936 -0.001393
0.1764 -0.001123
0.1599 -0.000906
0.1440 -0.000731
0.1285 -0.000590
0.1131 -0.000476
0.0976 -0.000384
0.0815 -0.000309
0.0642 -0.000248
0.0449 -0.000198
0.0221 -0.000157
-0.0064 -0.000123
-0.0442 -0.000094
-0.0943 -0.000069
-0.1543 -0.000049
-0.2145 -0.000033
-0.2661 -0.000022
-0.3063 -0.000015
-0.3359 -0.000011
-0.3568 -0.000008
-0.3710 -0.000006
-0.3799 -0.000004
-0.3849 -0.000004
-0.3871 -0.000003
-0.3872 -0.000002
-0.3859 -0.000002
-0.3834 -0.000002
-0.3800 -0.000001
-0.3760 -0.000001
-0.3714 -0.000001
-0.3663 -0.000001
-0.3608 -0.000001
-0.3549 -0.000001
-0.3487 -0.000001
-0.3423 -0.000000
-0.3355 -0.000000
-0.3418 -0.079157
-0.3474 -0.076346
-0.3507 -0.074655
-0.3523 -0.073838
-0.3526 -0.073682
-0.3520 -0.073999
-0.3507 -0.074634
-0.3490 -0.075479
-0.3470 -0.076469
-0.3448 -0.077569
-0.3425 -0.078760
-0.3399 -0.080035
-0.3378 -0.162290
-0.3490 -0.151118
-0.3565 -0.143576
-0.3613 -0.136363
-0.3631 -0.123682
-0.3625 -0.115071
-0.3605 -0.109013
-0.3576 -0.104661
-0.3542 -0.101517
-0.3505 -0.099263
-0.3466 -0.097680
-0.3427 -0.096617
-0.3388 -0.095972
-0.3349 -0.095664
-0.3309 -0.089749
-0.3249 -0.077616
-0.3170 -0.067730
-0.3078 -0.059417
-0.2975 -0.052274
-0.2864 -0.046051
-0.2746 -0.040584
-0.2668 -0.151734
-0.2758 -0.140311
-0.2824 -0.131640
-0.2872 -0.125066
-0.2905 -0.120099
-0.2926 -0.116366
-0.2939 -0.113583
-0.3030 -0.205586
-0.3190 -0.187573
-0.3307 -0.174459
-0.3391 -0.164974
-0.3452 -0.158077
-0.3496 -0.153032
-0.3528 -0.149346
-0.3551 -0.146683
-0.3567 -0.144799
-0.3577 -0.143513
-0.3583 -0.142683
-0.3586 -0.139736
-0.3571 -0.129094
-0.3539 -0.121742
-0.3497 -0.116568
-0.3449 -0.112903
-0.3398 -0.110326
-0.3345 -0.108566
-0.3367 -0.184402
-0.3445 -0.172124
-0.3495 -0.163808
-0.3525 -0.158247
-0.3542 -0.154557
-0.3551 -0.152113
-0.3555 -0.150497
-0.3555 -0.148537
-0.3540 -0.137253
-0.3509 -0.129337
-0.3467 -0.123643
-0.3419 -0.119486
-0.3368 -0.116443
-0.3448 -0.182932
-0.3505 -0.166387
-0.3520 -0.149680
-0.3507 -0.138402
-0.3476 -0.130503
-0.3435 -0.124810
-0.3388 -0.120631
-0.3338 -0.117541
-0.3288 -0.115267
-0.3237 -0.113618
-0.3188 -0.112456
-0.3141 -0.111677
-0.3096 -0.111199
-0.3054 -0.110956
-0.3015 -0.110897
-0.2978 -0.110982
-0.2945 -0.111178
-0.2913 -0.111459
-0.2885 -0.111802
-0.2858 -0.112183
-0.2834 -0.112582
-0.2813 -0.112980
-0.2794 -0.113358
-0.2777 -0.113702
-0.2757 -0.103540
-0.2709 -0.088322
-0.2636 -0.076085
-0.2545 -0.065990
-0.2438 -0.057508
-0.2317 -0.050292
-0.2183 -0.044108
-0.2033 -0.038794
-0.1865 -0.034232
-0.1672 -0.030340
-0.1444 -0.027071
-0.1159 -0.024419
-0.0772 -0.022444
-0.0192 -0.021307
0.0688 -0.021043
0.1698 -0.020703
0.2489 -0.019343
0.2765 -0.405213
0.2431 -0.385129
0.2134 -0.367595
0.1865 -0.352025
0.1617 -0.337908
0.1381 -0.324778
0.1151 -0.312173
0.0917 -0.299583
0.0667 -0.286362
0.0382 -0.271563
0.0034 -0.253670
-0.0424 -0.230407
-0.1027 -0.199986
-0.1718 -0.165127
-0.2363 -0.132622
-0.2879 -0.106587
-0.3261 -0.087338
-0.3526 -0.065758
-0.3689 -0.048343
-0.3780 -0.037153
-0.3824 -0.029626
-0.3832 -0.024315
-0.3815 -0.020388
-0.3780 -0.017358
-0.3730 -0.014932
-0.3670 -0.012931
-0.3601 -0.011245
-0.3526 -0.009802
-0.3444 -0.008552
-0.3358 -0.007464
-0.3267 -0.006513
-0.3172 -0.005680
-0.3073 -0.004950
-0.2971 -0.004310
-0.2864 -0.003751
-0.2781 -0.114253
-0.2873 -0.108954
-0.2938 -0.105165
-0.2984 -0.102489
-0.3157 -0.185789
-0.3322 -0.168921
-0.3446 -0.156266
-0.3598 -0.211083
-0.3764 -0.186030
-0.3872 -0.169594
-0.3942 -0.158988
-0.3986 -0.152319
-0.4012 -0.148311
-0.4027 -0.146106
-0.4033 -0.145123
-0.4034 -0.144961
-0.4031 -0.145349
-0.4024 -0.141581
-0.4003 -0.137148
-0.3975 -0.134692
-0.3942 -0.133474
-0.3903 -0.126493
-0.3850 -0.120183
-0.3789 -0.115656
-0.3724 -0.112324
-0.3656 -0.109849
-0.3588 -0.108027
-0.3514 -0.098241
-0.3422 -0.087124
-0.3316 -0.077657
-0.3199 -0.069358
-0.3074 -0.061958
-0.2941 -0.055301
-0.2803 -0.049291
-0.2659 -0.043865
-0.2509 -0.038979
-0.2352 -0.034600
-0.2187 -0.030698
-0.2010 -0.027251
-0.1815 -0.024239
-0.1593 -0.021650
-0.1328 -0.019489
-0.0984 -0.017794
-0.0495 -0.016667
0.0263 -0.016254
0.1286 -0.016213
0.2217 -0.015554
0.2840 -0.014120
0.2682 -0.395858
0.2340 -0.376413
0.2040 -0.359514
0.1769 -0.344509
0.1519 -0.330836
0.1281 -0.317987
0.1045 -0.305453
0.0801 -0.292650
0.0534 -0.278792
0.0219 -0.262675
-0.0181 -0.242386
-0.0713 -0.215556
-0.1376 -0.182199
-0.2058 -0.147854
-0.2639 -0.118593
-0.3081 -0.096327
-0.3398 -0.080372
-0.3616 -0.069400
-0.3759 -0.061467
-0.3837 -0.047604
-0.3863 -0.038479
-0.3852 -0.032097
-0.3817 -0.027361
-0.3763 -0.023649
-0.3696 -0.020606
-0.3621 -0.018022
-0.3539 -0.015779
-0.3455 -0.013804
-0.3368 -0.012056
-0.3280 -0.010506
-0.3191 -0.009135
-0.3101 -0.007927
-0.3011 -0.006866
-0.2920 -0.005938
-0.2827 -0.005129
-0.2732 -0.004426
-0.2634 -0.003817
-0.2642 -0.121101
-0.2756 -0.114711
-0.2845 -0.109757
-0.3077 -0.193962
-0.3270 -0.174256
-0.3412 -0.159736
-0.3517 -0.149033
-0.3594 -0.141176
-0.3649 -0.135497
-0.3688 -0.131510
-0.3714 -0.128840
-0.3730 -0.127187
-0.3739 -0.126307
-0.3741 -0.126007
-0.3763 -0.185858
-0.3854 -0.172103
-0.3911 -0.163532
-0.3945 -0.158384
-0.3964 -0.155473
-0.3974 -0.154012
-0.3977 -0.152235
-0.3967 -0.145407
-0.3945 -0.141424
-0.3916 -0.139180
-0.3884 -0.136395
-0.3839 -0.127986
-0.3777 -0.114404
-0.3692 -0.102175
-0.3591 -0.091906
-0.3478 -0.082881
-0.3357 -0.074743
-0.3228 -0.067309
-0.3093 -0.060487
-0.2953 -0.054227
-0.2808 -0.048501
-0.2658 -0.043286
-0.2501 -0.038565
-0.2337 -0.034320
-0.2163 -0.030534
-0.1975 -0.027189
-0.1767 -0.024273
-0.1525 -0.021783
-0.1230 -0.019737
-0.0836 -0.018201
-0.0252 -0.017323
0.0640 -0.017179
0.1685 -0.017012
0.2509 -0.015970
0.3015 -0.014241
0.3257 -0.012256
0.3310 -0.010303
0.3239 -0.008532
0.3094 -0.007000
0.2429 -0.377203
0.1803 -0.344531
0.1330 -0.319897
0.0927 -0.299031
0.0535 -0.278901
0.0098 -0.256614
-0.0453 -0.228757
-0.1158 -0.193268
-0.1922 -0.154776
-0.2588 -0.121223
-0.3094 -0.095727
-0.3454 -0.077618
-0.3699 -0.065270
-0.3859 -0.057177
-0.3959 -0.052162
-0.4014 -0.049360
-0.4038 -0.048150
-0.4039 -0.048088
-0.4023 -0.046958
-0.3985 -0.040341
-0.3926 -0.035259
-0.3854 -0.031104
-0.3773 -0.027551
-0.3684 -0.024423
-0.3591 -0.021619
-0.3496 -0.019086
-0.3399 -0.016796
-0.3302 -0.014732
-0.3237 -0.100822
-0.3298 -0.095250
-0.3334 -0.091467
-0.3354 -0.088993
-0.3362 -0.087401
-0.3363 -0.086386
-0.3360 -0.085771
-0.3353 -0.085455
-0.3344 -0.085379
-0.3333 -0.085503
-0.3320 -0.085795
-0.3305 -0.086229
-0.3289 -0.086778
-0.3272 -0.087422
-0.3380 -0.162959
-0.3480 -0.152677
-0.3550 -0.145504
-0.3598 -0.140622
-0.3629 -0.137396
-0.3649 -0.135362
-0.3660 -0.134182
-0.3666 -0.133617
-0.3682 -0.198007
-0.3785 -0.182541
-0.3845 -0.166272
-0.3868 -0.154678
-0.3869 -0.147689
-0.3857 -0.143493
-0.3838 -0.141038
-0.3814 -0.139704
-0.3789 -0.139115
-0.3753 -0.124841
-0.3685 -0.109843
-0.3597 -0.097900
-0.3493 -0.087792
-0.3379 -0.078897
-0.3256 -0.070895
-0.3126 -0.063619
-0.2990 -0.056980
-0.2849 -0.050927
-0.2702 -0.045426
-0.2550 -0.040453
-0.2391 -0.035982
-0.2222 -0.031991
-0.2041 -0.028458
-0.1842 -0.025366
-0.1615 -0.022704
-0.1343 -0.020481
-0.0992 -0.018742
-0.0491 -0.017602
0.0285 -0.017223
0.1325 -0.017216
0.2260 -0.016513
0.2881 -0.014978
0.3211 -0.013037
0.3323 -0.011039
0.3288 -0.009182
0.3163 -0.007552
0.2987 -0.006171
0.2787 -0.005025
0.2581 -0.004086
0.2379 -0.003321
0.2185 -0.002701
0.2000 -0.002197
0.1825 -0.001789
0.1658 -0.001458
0.1498 -0.001188
0.1343 -0.000969
0.1191 -0.000789
0.0484 -0.275145
-0.0274 -0.237126
-0.1194 -0.191068
-0.2141 -0.143555
-0.2900 -0.105421
-0.3435 -0.078527
-0.3792 -0.060566
-0.4023 -0.048990
-0.4165 -0.041840
-0.4246 -0.037733
-0.4286 -0.035717
-0.4297 -0.035143
-0.4289 -0.035568
-0.4266 -0.036689
-0.4234 -0.038300
-0.4195 -0.040252
-0.4148 -0.037980
-0.4087 -0.033655
-0.4014 -0.030038
-0.3933 -0.026876
-0.3846 -0.024040
-0.3754 -0.021464
-0.3658 -0.019114
-0.3559 -0.016972
-0.3457 -0.015024
-0.3464 -0.089168
-0.3485 -0.085822
-0.3488 -0.083910
-0.3479 -0.082942
-0.3465 -0.082532
-0.3448 -0.082445
-0.3430 -0.082556
-0.3411 -0.082811
-0.3393 -0.083187
-0.3374 -0.083670
-0.3354 -0.084251
-0.3335 -0.084918
-0.3314 -0.085658
-0.3294 -0.086457
-0.3273 -0.087304
-0.3252 -0.088190
-0.3384 -0.162369
-0.3477 -0.152854
-0.3592 -0.210642
-0.3726 -0.180196
-0.3796 -0.161942
-0.3829 -0.150847
-0.3839 -0.144049
-0.3835 -0.139894
-0.3823 -0.137412
-0.3807 -0.136022
-0.3788 -0.135364
-0.3768 -0.135204
-0.3748 -0.135391
-0.3728 -0.133725
-0.3695 -0.122793
-0.3635 -0.107233
-0.3552 -0.094987
-0.3452 -0.084759
-0.3341 -0.075873
-0.3221 -0.067966
-0.3093 -0.060842
-0.2959 -0.054386
-0.2819 -0.048533
-0.2673 -0.043237
-0.2521 -0.038465
-0.2362 -0.034188
-0.2193 -0.030382
-0.2011 -0.027022
-0.1808 -0.024091
-0.1576 -0.021582
-0.1295 -0.019503
-0.0926 -0.017907
-0.0389 -0.016919
0.0443 -0.016672
0.1496 -0.016622
0.2386 -0.015792
0.2955 -0.014211
0.3243 -0.012301
0.3325 -0.010377
0.2829 -0.399934
0.2227 -0.367870
0.1774 -0.343810
0.1407 -0.324401
0.1083 -0.307411
0.0771 -0.291174
0.0440 -0.274089
0.0048 -0.254130
-0.0457 -0.228552
-0.1112 -0.195556
-0.1839 -0.158946
-0.2491 -0.126101
-0.2998 -0.100545
-0.3366 -0.082041
-0.3621 -0.069191
-0.3791 -0.060584
-0.3901 -0.055080
-0.3965 -0.050187
-0.3986 -0.040616
-0.3974 -0.033977
-0.3939 -0.029057
-0.3887 -0.025194
-0.3823 -0.022020
-0.3751 -0.019328
-0.3672 -0.016994
-0.3587 -0.014946
-0.3498 -0.013135
-0.3406 -0.011529
-0.3310 -0.010104
-0.3212 -0.008841
-0.3110 -0.007724
-0.3006 -0.006738
-0.3067 -0.102090
-0.3123 -0.098233
-0.3157 -0.095693
-0.3177 -0.094018
-0.3191 -0.092833
-0.3200 -0.091927
-0.3208 -0.091208
-0.3213 -0.090650
-0.3217 -0.090255
-0.3218 -0.090023
-0.3216 -0.089953
-0.3212 -0.090034
-0.3355 -0.165094
-0.3463 -0.154129
-0.3539 -0.146402
-0.3592 -0.141056
-0.3737 -0.189793
-0.3835 -0.175042
-0.3896 -0.165758
-0.3934 -0.160085
-0.3950 -0.150309
-0.3945 -0.143531
-0.3927 -0.139540
-0.3903 -0.137264
-0.3875 -0.136077
-0.3846 -0.135604
-0.3817 -0.135611
-0.3786 -0.131177
-0.3742 -0.123897
-0.3688 -0.118730
-0.3618 -0.104915
-0.3528 -0.093317
-0.3423 -0.083469
-0.3308 -0.074818
-0.3184 -0.067066
-0.3053 -0.060053
-0.2915 -0.053686
-0.2772 -0.047909
-0.2624 -0.042683
-0.2468 -0.037977
-0.2305 -0.033766
-0.2130 -0.030024
-0.1940 -0.026732
-0.1728 -0.023876
-0.1479 -0.021452
-0.1170 -0.019485
-0.0750 -0.018053
-0.0115 -0.017321
0.0835 -0.017277
0.1869 -0.016993
0.2642 -0.015796
0.3097 -0.013984
0.3299 -0.011973
0.3323 -0.010029
0.3232 -0.008285
0.3073 -0.006786
0.2881 -0.005533
0.2676 -0.004501
0.2471 -0.003658
0.2107 -0.358667
0.1396 -0.322301
0.0838 -0.293834
0.0305 -0.266783
-0.0313 -0.235613
-0.1092 -0.196483
-0.1937 -0.153959
-0.2662 -0.117504
-0.3199 -0.090456
-0.3572 -0.071667
-0.3821 -0.059114
-0.3981 -0.051045
-0.4079 -0.046150
-0.4131 -0.043487
-0.4153 -0.042392
-0.4151 -0.039786
-0.4125 -0.033930
-0.4078 -0.029555
-0.4016 -0.026057
-0.3945 -0.023113
-0.3865 -0.020551
-0.3779 -0.018276
-0.3689 -0.016234
-0.3594 -0.014393
-0.3495 -0.012733
-0.3394 -0.011239
-0.3289 -0.009897
-0.3182 -0.008697
-0.3071 -0.007628
-0.2992 -0.107031
-0.3059 -0.102332
-0.3101 -0.099235
-0.3124 -0.097291
-0.3138 -0.095973
-0.3149 -0.094913
-0.3160 -0.093953
-0.3170 -0.093066
-0.3180 -0.092283
-0.3189 -0.091645
-0.3194 -0.091179
-0.3344 -0.249496
-0.3592 -0.212006
-0.3752 -0.187708
-0.3854 -0.172214
-0.3919 -0.162483
-0.3958 -0.156514
-0.3981 -0.153018
-0.3993 -0.151159
-0.3998 -0.150385
-0.3998 -0.149791
-0.3987 -0.143164
-0.3964 -0.139319
-0.3935 -0.137166
-0.3903 -0.136090
-0.3870 -0.134727
-0.3823 -0.120842
-0.3749 -0.107204
-0.3657 -0.096136
-0.3551 -0.086610
-0.3435 -0.078115
-0.3311 -0.070395
-0.3181 -0.063320
-0.3046 -0.056823
-0.2905 -0.050868
-0.2760 -0.045433
-0.2609 -0.040496
-0.2452 -0.036042
-0.2287 -0.032051
-0.2111 -0.028504
-0.1919 -0.025383
-0.1704 -0.022675
-0.1453 -0.020380
-0.1139 -0.018522
-0.0711 -0.017180
-0.0062 -0.016509
0.0897 -0.016462
0.1912 -0.016122
0.2657 -0.014924
0.3092 -0.013177
0.3282 -0.011266
0.3300 -0.009430
0.3207 -0.007788
0.3050 -0.006380
0.2860 -0.005203
0.2657 -0.004233
0.2454 -0.003441
0.2258 -0.002798
0.2070 -0.002276
0.1892 -0.001853
0.1722 -0.001510
0.1560 -0.001230
0.1404 -0.001003
0.1251 -0.000818
0.1099 -0.000666
0.0944 -0.000542
0.0782 -0.000441
0.0606 -0.000357
0.0406 -0.000287
-0.0004 -0.250426
-0.0908 -0.205236
-0.1904 -0.155392
-0.2743 -0.113280
-0.3343 -0.083148
-0.3743 -0.063015
-0.4000 -0.050095
-0.4158 -0.042170
-0.4247 -0.037671
-0.4290 -0.035523
-0.4300 -0.034997
-0.4288 -0.035601
-0.4260 -0.037002
-0.4220 -0.038974
-0.4172 -0.039098
-0.4107 -0.034846
-0.4027 -0.031380
-0.3936 -0.028381
-0.3835 -0.025685
-0.3727 -0.023207
-0.3614 -0.020900
-0.3564 -0.089715
-0.3566 -0.086470
-0.3552 -0.084758
-0.3531 -0.083816
-0.3512 -0.083081
-0.3497 -0.082364
-0.3568 -0.149054
-0.3664 -0.138035
-0.3731 -0.130369
-0.3842 -0.176432
-0.3945 -0.160279
-0.4008 -0.150391
-0.4045 -0.144560
-0.4064 -0.141354
-0.4073 -0.139851
-0.4075 -0.139461
-0.4072 -0.139798
-0.4066 -0.140606
-0.4058 -0.141712
-0.4049 -0.143001
-0.4037 -0.140817
-0.4014 -0.134637
-0.3974 -0.125519
-0.3916 -0.114153
-0.3837 -0.102295
-0.3742 -0.092417
-0.3635 -0.083723
-0.3519 -0.075832
-0.3397 -0.068561
-0.3269 -0.061827
-0.3137 -0.055593
-0.3000 -0.049842
-0.2858 -0.044563
-0.2713 -0.039748
-0.2562 -0.035384
-0.2405 -0.031455
-0.2239 -0.027944
-0.2062 -0.024833
-0.1868 -0.022106
-0.1649 -0.019750
-0.1390 -0.017768
-0.1062 -0.016185
-0.0605 -0.015082
0.0096 -0.014598
0.1090 -0.014569
0.2064 -0.014118
0.2744 -0.012933
0.3124 -0.011335
0.3275 -0.009644
0.3267 -0.008047
0.3159 -0.006633
0.2994 -0.005428
0.2801 -0.004424
0.2599 -0.003599
0.2398 -0.002926
0.2203 -0.002379
0.2018 -0.001936
0.1842 -0.001576
0.1675 -0.001284
0.1514 -0.001047
0.1359 -0.000853
0.1206 -0.000695
0.1053 -0.000566
0.0896 -0.000461
0.0730 -0.000374
0.0548 -0.000302
0.0338 -0.000243
-0.0468 -0.227228
-0.1452 -0.178028
-0.2389 -0.131032
-0.3100 -0.095342
-0.3587 -0.070875
-0.3905 -0.054874
-0.4106 -0.044812
-0.4224 -0.038833
-0.4288 -0.035650
-0.4312 -0.034390
-0.4311 -0.034460
-0.4291 -0.035462
-0.4257 -0.037123
-0.4214 -0.039260
-0.4165 -0.041747
-0.4110 -0.044497
-0.4050 -0.045021
-0.3975 -0.040135
-0.3886 -0.036068
-0.3786 -0.032516
-0.3676 -0.029319
-0.3558 -0.026394
-0.3523 -0.096253
-0.3517 -0.092730
-0.3493 -0.090936
-0.3464 -0.089955
-0.3510 -0.159651
-0.3685 -0.205271
-0.3837 -0.180327
-0.3936 -0.163957
-0.4001 -0.153196
-0.4043 -0.146215
-0.4068 -0.141873
-0.4082 -0.139406
-0.4088 -0.138274
-0.4087 -0.138077
-0.4083 -0.138523
-0.4076 -0.139397
-0.4067 -0.140549
-0.4058 -0.141877
-0.4045 -0.138700
-0.4018 -0.129671
-0.3964 -0.114267
-0.3886 -0.102575
-0.3792 -0.092851
-0.3687 -0.084281
-0.3574 -0.076480
-0.3453 -0.069266
-0.3327 -0.062559
-0.3196 -0.056324
-0.3062 -0.050550
-0.2923 -0.045229
-0.2781 -0.040358
-0.2635 -0.035927
-0.2484 -0.031923
-0.2326 -0.028332
