-0.3617 -0.010242
-0.3560 -0.008906
-0.3501 -0.007741
-0.3441 -0.006724
-0.3379 -0.005838
-0.3316 -0.005066
-0.3251 -0.004395
-0.3183 -0.003812
-0.3113 -0.003307
-0.3039 -0.002869
-0.2962 -0.002491
-0.2880 -0.002164
-0.2793 -0.001881
-0.2699 -0.001638
-0.2598 -0.001428
-0.2488 -0.001247
-0.2366 -0.001092
-0.2231 -0.000959
-0.2079 -0.000844
-0.1905 -0.000747
-0.1699 -0.000666
-0.1446 -0.000598
-0.1117 -0.000546
-0.0655 -0.000510
0.0048 -0.000495
0.1044 -0.000495
0.2016 -0.000480
0.2672 -0.000438
0.3004 -0.000382
0.3093 -0.000323
0.3025 -0.000267
0.2866 -0.000219
0.2660 -0.000178
0.2437 -0.000144
0.2211 -0.000117
0.1991 -0.000095
0.1777 -0.000077
0.1571 -0.000062
0.1368 -0.000050
0.1166 -0.000041
0.0957 -0.000033
0.0731 -0.000026
0.0474 -0.000021
0.0158 -0.000017
-0.0264 -0.000013
-0.0849 -0.000009
-0.1592 -0.000006
-0.2352 -0.000004
-0.3003 -0.000003
-0.3511 -0.000002
-0.3892 -0.000001
-0.4171 -0.000001
-0.4370 -0.000000
-0.4508 -0.000000
-0.4599 -0.000000
-0.4654 -0.000000
-0.4680 -0.000000
-0.4684 -0.000000
-0.4670 -0.000000
-0.4641 -0.000000
-0.4600 -0.000000
-0.4548 -0.000000
-0.4487 -0.000000
-0.4418 -0.000000
-0.4342 -0.000000
-0.4258 -0.000000
-0.4167 -0.000000
-0.4069 -0.000000
-0.3965 -0.000000
-0.3854 -0.000000
-0.3736 -0.000000
-0.3611 -0.000000
-0.3478 -0.000000
-0.3339 -0.000000
-0.3192 -0.000000
-0.3039 -0.000000
-0.2956 -0.040869
-0.2891 -0.042166
-0.2870 -0.085230
-0.2947 -0.082140
-0.3052 -0.077982
-0.3174 -0.073079
-0.3304 -0.067884
-0.3431 -0.062823
-0.3546 -0.058199
-0.3647 -0.054166
-0.3732 -0.050769
-0.3801 -0.047988
-0.3856 -0.045763
-0.3900 -0.044027
-0.3933 -0.042706
-0.3957 -0.041736
-0.3974 -0.041059
-0.3984 -0.040625
-0.3988 -0.037701
-0.3982 -0.035022
-0.3969 -0.033016
-0.3951 -0.031516
-0.3927 -0.027911
-0.3895 -0.024015
-0.3855 -0.020770
-0.3811 -0.018020
-0.3762 -0.015663
-0.3711 -0.013626
-0.3657 -0.011856
-0.3601 -0.010314
-0.3543 -0.008969
-0.3484 -0.007795
-0.3423 -0.006771
-0.3361 -0.005878
-0.3297 -0.005101
-0.3231 -0.004425
-0.3162 -0.003838
-0.3091 -0.003329
-0.3017 -0.002888
-0.2939 -0.002507
-0.2856 -0.002178
-0.2768 -0.001893
-0.2673 -0.001648
-0.2571 -0.001437
-0.2459 -0.001255
-0.2336 -0.001099
-0.2199 -0.000965
-0.2044 -0.000851
-0.1865 -0.000753
-0.1653 -0.000672
-0.1389 -0.000605
-0.1043 -0.000554
-0.0551 -0.000520
0.0202 -0.000507
0.1218 -0.000506
0.2141 -0.000486
0.2737 -0.000440
0.3022 -0.000381
0.3082 -0.000321
0.2997 -0.000265
0.2830 -0.000217
0.2622 -0.000176
0.2399 -0.000143
0.2175 -0.000116
0.1957 -0.000094
0.1746 -0.000076
0.1541 -0.000061
0.1340 -0.000050
0.1137 -0.000040
0.0927 -0.000032
0.0699 -0.000026
0.0437 -0.000021
0.0111 -0.000016
-0.0327 -0.000012
-0.0935 -0.000009
-0.1687 -0.000006
-0.2438 -0.000004
-0.3070 -0.000003
-0.3561 -0.000002
-0.3927 -0.000001
-0.4194 -0.000001
-0.4385 -0.000000
-0.4516 -0.000000
-0.4601 -0.000000
-0.4652 -0.000000
-0.4674 -0.000000
-0.4675 -0.000000
-0.4659 -0.000000
-0.4628 -0.000000
-0.4585 -0.000000
-0.4532 -0.000000
-0.4470 -0.000000
-0.4400 -0.000000
-0.4322 -0.000000
-0.4237 -0.000000
-0.4145 -0.000000
-0.4047 -0.000000
-0.3942 -0.000000
-0.3829 -0.000000
-0.3711 -0.000000
-0.3585 -0.000000
-0.3452 -0.000000
-0.3311 -0.000000
-0.3164 -0.000000
-0.3027 -0.039452
-0.2955 -0.040890
-0.2900 -0.042001
-0.2907 -0.083750
-0.2994 -0.080296
-0.3103 -0.075918
-0.3227 -0.070979
-0.3354 -0.065908
-0.3474 -0.061078
-0.3583 -0.056733
-0.3676 -0.052988
-0.3754 -0.049863
-0.3817 -0.047325
-0.3868 -0.045312
-0.3906 -0.043755
-0.3936 -0.042586
-0.3957 -0.041742
-0.3971 -0.041169
-0.3980 -0.040603
-0.3980 -0.037300
-0.3972 -0.034793
-0.3957 -0.032915
-0.3937 -0.031510
-0.3911 -0.027419
-0.3877 -0.023622
-0.3836 -0.020446
-0.3790 -0.017748
-0.3740 -0.015430
-0.3688 -0.013425
-0.3633 -0.011681
-0.3576 -0.010161
-0.3517 -0.008835
-0.3457 -0.007677
-0.3395 -0.006667
-0.3332 -0.005787
-0.3267 -0.005021
-0.3201 -0.004356
-0.3131 -0.003778
-0.3059 -0.003277
-0.2984 -0.002843
-0.2904 -0.002468
-0.2820 -0.002144
-0.2730 -0.001864
-0.2633 -0.001623
-0.2528 -0.001416
-0.2413 -0.001237
-0.2286 -0.001084
-0.2144 -0.000953
-0.1982 -0.000841
-0.1794 -0.000746
-0.1568 -0.000667
-0.1282 -0.000603
-0.0899 -0.000555
-0.0339 -0.000527
0.0511 -0.000520
0.1536 -0.000515
0.2359 -0.000485
0.2846 -0.000432
0.3051 -0.000370
0.3059 -0.000310
0.2945 -0.000255
0.2764 -0.000208
0.2551 -0.000169
0.2328 -0.000137
0.2107 -0.000111
0.1892 -0.000090
0.1683 -0.000073
0.1481 -0.000059
0.1280 -0.000048
0.1077 -0.000039
0.0864 -0.000031
0.0629 -0.000025
0.0353 -0.000020
0.0002 -0.000015
-0.0477 -0.000012
-0.1133 -0.000008
-0.1900 -0.000006
-0.2624 -0.000004
-0.3215 -0.000002
-0.3669 -0.000001
-0.4005 -0.000001
-0.4248 -0.000001
-0.4420 -0.000000
-0.4537 -0.000000
-0.4612 -0.000000
-0.4653 -0.000000
-0.4669 -0.000000
-0.4665 -0.000000
-0.4644 -0.000000
-0.4609 -0.000000
-0.4563 -0.000000
-0.4507 -0.000000
-0.4443 -0.000000
-0.4370 -0.000000
-0.4290 -0.000000
-0.4203 -0.000000
-0.4109 -0.000000
-0.4009 -0.000000
-0.3902 -0.000000
-0.3788 -0.000000
-0.3667 -0.000000
-0.3539 -0.000000
-0.3404 -0.000000
-0.3262 -0.000000
-0.3114 -0.000000
-0.3011 -0.039762
-0.2947 -0.041041
-0.2907 -0.041856
-0.2960 -0.081646
-0.3057 -0.077752
-0.3173 -0.073143
-0.3296 -0.068203
-0.3418 -0.063324
-0.3531 -0.058807
-0.3630 -0.054827
-0.3714 -0.051451
-0.3784 -0.048671
-0.3840 -0.046439
-0.3883 -0.044691
-0.3916 -0.043359
-0.3941 -0.042379
-0.3958 -0.041692
-0.3969 -0.041249
-0.3974 -0.039540
-0.3970 -0.036538
-0.3959 -0.034291
-0.3941 -0.032606
-0.3919 -0.030681
-0.3890 -0.026320
-0.3853 -0.022719
-0.3809 -0.019689
-0.3762 -0.017103
-0.3710 -0.014874
-0.3656 -0.012942
-0.3600 -0.011260
-0.3542 -0.009794
-0.3482 -0.008514
-0.3421 -0.007396
-0.3359 -0.006422
-0.3294 -0.005573
-0.3228 -0.004835
-0.3160 -0.004193
-0.3089 -0.003637
-0.3016 -0.003154
-0.2938 -0.002737
-0.2856 -0.002376
-0.2769 -0.002065
-0.2676 -0.001796
-0.2576 -0.001565
-0.2467 -0.001366
-0.2347 -0.001195
-0.2214 -0.001048
-0.2063 -0.000922
-0.1891 -0.000815
-0.1686 -0.000726
-0.1436 -0.000652
-0.1110 -0.000594
-0.0658 -0.000554
0.0024 -0.000535
0.0992 -0.000533
0.1954 -0.000516
0.2617 -0.000473
0.2961 -0.000413
0.3065 -0.000349
0.3011 -0.000290
0.2862 -0.000238
0.2665 -0.000193
0.2447 -0.000157
0.2225 -0.000127
0.2007 -0.000103
0.1796 -0.000083
0.1592 -0.000068
0.1391 -0.000055
0.1191 -0.000044
0.0985 -0.000036
0.0764 -0.000029
0.0515 -0.000023
0.0213 -0.000018
-0.0184 -0.000014
-0.0737 -0.000010
-0.1456 -0.000007
-0.2221 -0.000005
-0.2891 -0.000003
-0.3421 -0.000002
-0.3821 -0.000001
-0.4114 -0.000001
-0.4324 -0.000000
-0.4470 -0.000000
-0.4567 -0.000000
-0.4626 -0.000000
-0.4656 -0.000000
-0.4662 -0.000000
-0.4650 -0.000000
-0.4623 -0.000000
-0.4583 -0.000000
-0.4532 -0.000000
-0.4472 -0.000000
-0.4404 -0.000000
-0.4328 -0.000000
-0.4245 -0.000000
-0.4155 -0.000000
-0.4058 -0.000000
-0.3954 -0.000000
-0.3844 -0.000000
-0.3727 -0.000000
-0.3603 -0.000000
-0.3472 -0.000000
-0.3335 -0.000000
-0.3190 -0.000000
-0.3057 -0.038854
-0.2990 -0.040188
-0.2941 -0.041169
-0.2943 -0.082303
-0.3032 -0.078767
-0.3140 -0.074455
-0.3259 -0.069697
-0.3380 -0.064867
-0.3494 -0.060291
-0.3596 -0.056186
-0.3684 -0.052655
-0.3758 -0.049715
-0.3817 -0.047333
-0.3864 -0.045451
-0.3900 -0.044004
-0.3927 -0.042925
-0.3946 -0.042156
-0.3959 -0.041645
-0.3966 -0.041291
-0.3966 -0.038140
-0.3958 -0.035560
-0.3942 -0.033623
-0.3922 -0.032171
-0.3896 -0.028699
-0.3862 -0.024707
-0.3821 -0.021376
-0.3775 -0.018550
-0.3725 -0.016126
-0.3672 -0.014029
-0.3616 -0.012207
-0.3559 -0.010619
-0.3499 -0.009234
-0.3438 -0.008024
-0.3376 -0.006969
-0.3312 -0.006049
-0.3246 -0.005248
-0.3179 -0.004552
-0.3109 -0.003948
-0.3036 -0.003424
-0.2960 -0.002970
-0.2880 -0.002578
-0.2795 -0.002239
-0.2705 -0.001946
-0.2607 -0.001694
-0.2502 -0.001477
-0.2386 -0.001291
-0.2259 -0.001131
-0.2116 -0.000993
-0.1952 -0.000877
-0.1762 -0.000778
-0.1531 -0.000696
-0.1238 -0.000630
-0.0844 -0.000581
-0.0268 -0.000552
0.0599 -0.000546
0.1607 -0.000538
0.2394 -0.000503
0.2852 -0.000446
0.3039 -0.000382
0.3039 -0.000319
0.2922 -0.000262
0.2742 -0.000214
0.2531 -0.000174
0.2311 -0.000141
0.2092 -0.000114
0.1879 -0.000093
0.1673 -0.000075
0.1472 -0.000061
0.1272 -0.000049
0.1070 -0.000040
0.0858 -0.000032
0.0623 -0.000026
0.0348 -0.000020
-0.0002 -0.000016
-0.0482 -0.000012
-0.1136 -0.000009
-0.1901 -0.000006
-0.2622 -0.000004
-0.3211 -0.000002
-0.3663 -0.000001
-0.3997 -0.000001
-0.4239 -0.000001
-0.4410 -0.000000
-0.4526 -0.000000
-0.4599 -0.000000
-0.4640 -0.000000
-0.4655 -0.000000
-0.4650 -0.000000
-0.4629 -0.000000
-0.4593 -0.000000
-0.4547 -0.000000
-0.4491 -0.000000
-0.4425 -0.000000
-0.4352 -0.000000
-0.4272 -0.000000
-0.4185 -0.000000
-0.4091 -0.000000
-0.3990 -0.000000
-0.3882 -0.000000
-0.3768 -0.000000
-0.3647 -0.000000
-0.3519 -0.000000
-0.3384 -0.000000
-0.3243 -0.000000
-0.3097 -0.000000
-0.3024 -0.039517
-0.2971 -0.040566
-0.2945 -0.041090
-0.3023 -0.079129
-0.3125 -0.075026
-0.3240 -0.070431
-0.3359 -0.065693
-0.3473 -0.061139
-0.3576 -0.057002
-0.3666 -0.053409
-0.3741 -0.050394
-0.3802 -0.047937
-0.3851 -0.045986
-0.3888 -0.044477
-0.3917 -0.043346
-0.3937 -0.042532
-0.3951 -0.041984
-0.3959 -0.041655
-0.3961 -0.039450
-0.3954 -0.036606
-0.3940 -0.034473
-0.3921 -0.032871
-0.3897 -0.030656
-0.3866 -0.026331
-0.3827 -0.022748
-0.3782 -0.019724
-0.3733 -0.017138
-0.3680 -0.014907
-0.3625 -0.012971
-0.3567 -0.011285
-0.3508 -0.009815
-0.3447 -0.008531
-0.3385 -0.007410
-0.3321 -0.006433
-0.3255 -0.005582
-0.3188 -0.004842
-0.3118 -0.004199
-0.3046 -0.003642
-0.2971 -0.003159
-0.2891 -0.002741
-0.2808 -0.002380
-0.2719 -0.002068
-0.2623 -0.001799
-0.2520 -0.001568
-0.2407 -0.001369
-0.2283 -0.001198
-0.2144 -0.001052
-0.1986 -0.000927
-0.1803 -0.000821
-0.1583 -0.000733
-0.1307 -0.000661
-0.0943 -0.000607
-0.0421 -0.000571
0.0369 -0.000560
0.1374 -0.000555
0.2229 -0.000526
0.2761 -0.000472
0.3006 -0.000406
0.3045 -0.000341
0.2953 -0.000282
0.2786 -0.000230
0.2582 -0.000187
0.2364 -0.000152
0.2145 -0.000123
0.1931 -0.000100
0.1724 -0.000081
0.1523 -0.000065
0.1324 -0.000053
0.1124 -0.000043
0.0915 -0.000035
0.0689 -0.000028
0.0427 -0.000022
0.0103 -0.000017
-0.0335 -0.000013
-0.0940 -0.000010
-0.1688 -0.000007
-0.2433 -0.000004
-0.3061 -0.000003
-0.3548 -0.000002
-0.3911 -0.000001
-0.4176 -0.000001
-0.4364 -0.000000
-0.4493 -0.000000
-0.4577 -0.000000
-0.4625 -0.000000
-0.4647 -0.000000
-0.4647 -0.000000
-0.4629 -0.000000
-0.4597 -0.000000
-0.4553 -0.000000
-0.4499 -0.000000
-0.4436 -0.000000
-0.4365 -0.000000
-0.4287 -0.000000
-0.4201 -0.000000
-0.4109 -0.000000
-0.4009 -0.000000
-0.3904 -0.000000
-0.3791 -0.000000
-0.3672 -0.000000
-0.3546 -0.000000
-0.3413 -0.000000
-0.3274 -0.000000
-0.3130 -0.000000
-0.3047 -0.039057
-0.2994 -0.040105
-0.2967 -0.040658
-0.3027 -0.078962
-0.3127 -0.074967
-0.3239 -0.070488
-0.3355 -0.065851
-0.3467 -0.061367
-0.3569 -0.057272
-0.3658 -0.053699
-0.3733 -0.050691
-0.3795 -0.048233
-0.3844 -0.046277
-0.3881 -0.044762
-0.3910 -0.043625
-0.3930 -0.042807
-0.3944 -0.042254
-0.3952 -0.041922
-0.3955 -0.040381
-0.3949 -0.037368
-0.3936 -0.035108
-0.3917 -0.033409
-0.3894 -0.031981
-0.3864 -0.027430
-0.3826 -0.023676
-0.3782 -0.020517
-0.3733 -0.017822
-0.3680 -0.015500
-0.3625 -0.013487
-0.3568 -0.011735
-0.3508 -0.010207
-0.3447 -0.008872
-0.3385 -0.007708
-0.3321 -0.006693
-0.3255 -0.005808
-0.3188 -0.005038
-0.3118 -0.004369
-0.3046 -0.003789
-0.2970 -0.003286
-0.2891 -0.002851
-0.2808 -0.002475
-0.2720 -0.002150
-0.2625 -0.001871
-0.2522 -0.001629
-0.2411 -0.001422
-0.2288 -0.001244
-0.2150 -0.001092
-0.1995 -0.000961
-0.1814 -0.000851
-0.1598 -0.000759
-0.1329 -0.000684
-0.0976 -0.000626
-0.0475 -0.000588
0.0284 -0.000573
0.1277 -0.000568
0.2154 -0.000541
0.2715 -0.000488
0.2984 -0.000422
0.3041 -0.000355
0.2961 -0.000293
0.2801 -0.000240
0.2601 -0.000195
0.2385 -0.000159
0.2167 -0.000128
0.1954 -0.000104
0.1746 -0.000084
0.1545 -0.000068
0.1346 -0.000055
0.1147 -0.000045
0.0941 -0.000036
0.0718 -0.000029
0.0463 -0.000023
0.0149 -0.000018
-0.0270 -0.000014
-0.0851 -0.000010
-0.1586 -0.000007
-0.2339 -0.000005
-0.2984 -0.000003
-0.3488 -0.000002
-0.3866 -0.000001
-0.4142 -0.000001
-0.4338 -0.000000
-0.4474 -0.000000
-0.4562 -0.000000
-0.4615 -0.000000
-0.4639 -0.000000
-0.4641 -0.000000
-0.4625 -0.000000
-0.4595 -0.000000
-0.4552 -0.000000
-0.4499 -0.000000
-0.4437 -0.000000
-0.4367 -0.000000
-0.4289 -0.000000
-0.4204 -0.000000
-0.4113 -0.000000
-0.4014 -0.000000
-0.3910 -0.000000
-0.3798 -0.000000
-0.3680 -0.000000
-0.3554 -0.000000
-0.3422 -0.000000
-0.3284 -0.000000
-0.3142 -0.000000
-0.3060 -0.038787
-0.3011 -0.039779
-0.2986 -0.040283
-0.3042 -0.078342
-0.3142 -0.074361
-0.3252 -0.069947
-0.3366 -0.065406
-0.3475 -0.061028
-0.3575 -0.057035
-0.3662 -0.053554
-0.3735 -0.050625
-0.3795 -0.048235
-0.3842 -0.046336
-0.3879 -0.044869
-0.3906 -0.043771
-0.3926 -0.042986
-0.3939 -0.042460
-0.3946 -0.042150
-0.3949 -0.040844
-0.3943 -0.037778
-0.3930 -0.035477
-0.3911 -0.033746
-0.3888 -0.032450
-0.3858 -0.027993
-0.3820 -0.024154
-0.3776 -0.020928
-0.3727 -0.018177
-0.3674 -0.015809
-0.3618 -0.013756
-0.3561 -0.011969
-0.3501 -0.010410
-0.3440 -0.009050
-0.3377 -0.007862
-0.3312 -0.006827
-0.3246 -0.005924
-0.3178 -0.005139
-0.3108 -0.004457
-0.3036 -0.003865
-0.2960 -0.003352
-0.2881 -0.002908
-0.2797 -0.002524
-0.2709 -0.002193
-0.2614 -0.001907
-0.2511 -0.001662
-0.2399 -0.001450
-0.2275 -0.001268
-0.2138 -0.001113
-0.1981 -0.000980
-0.1799 -0.000868
-0.1582 -0.000774
-0.1310 -0.000698
-0.0953 -0.000639
-0.0446 -0.000600
0.0321 -0.000585
0.1312 -0.000580
0.2174 -0.000551
0.2722 -0.000495
0.2982 -0.000428
0.3034 -0.000360
0.2952 -0.000297
0.2792 -0.000243
0.2592 -0.000198
0.2378 -0.000161
0.2160 -0.000130
0.1948 -0.000106
0.1741 -0.000086
0.1540 -0.000069
0.1343 -0.000056
0.1144 -0.000045
0.0938 -0.000037
0.0715 -0.000029
0.0460 -0.000024
0.0146 -0.000019
-0.0273 -0.000014
-0.0854 -0.000010
-0.1589 -0.000007
-0.2340 -0.000005
-0.2983 -0.000003
-0.3486 -0.000002
-0.3863 -0.000001
-0.4138 -0.000001
-0.4334 -0.000000
-0.4469 -0.000000
-0.4557 -0.000000
-0.4609 -0.000000
-0.4633 -0.000000
-0.4635 -0.000000
-0.4619 -0.000000
-0.4588 -0.000000
-0.4545 -0.000000
-0.4492 -0.000000
-0.4430 -0.000000
-0.4359 -0.000000
-0.4281 -0.000000
-0.4196 -0.000000
-0.4105 -0.000000
-0.4006 -0.000000
-0.3901 -0.000000
-0.3790 -0.000000
-0.3671 -0.000000
-0.3546 -0.000000
-0.3414 -0.000000
-0.3277 -0.000000
-0.3137 -0.000000
-0.3066 -0.038660
-0.3022 -0.039546
-0.3003 -0.039932
-0.3070 -0.077254
-0.3170 -0.073227
-0.3280 -0.068850
-0.3391 -0.064411
-0.3497 -0.060176
-0.3592 -0.056342
-0.3675 -0.053019
-0.3745 -0.050237
-0.3801 -0.047977
-0.3846 -0.046191
-0.3880 -0.044819
-0.3905 -0.043802
-0.3923 -0.043083
-0.3935 -0.042613
-0.3941 -0.042349
-0.3943 -0.040883
-0.3936 -0.037869
-0.3922 -0.035605
-0.3902 -0.033901
-0.3878 -0.032525
-0.3848 -0.028021
-0.3809 -0.024186
-0.3764 -0.020961
-0.3714 -0.018208
-0.3661 -0.015837
-0.3605 -0.013780
-0.3546 -0.011990
-0.3486 -0.010429
-0.3424 -0.009065
-0.3361 -0.007876
-0.3296 -0.006838
-0.3229 -0.005934
-0.3161 -0.005147
-0.3090 -0.004464
-0.3017 -0.003871
-0.2941 -0.003357
-0.2861 -0.002912
-0.2776 -0.002528
-0.2687 -0.002196
-0.2590 -0.001911
-0.2486 -0.001664
-0.2373 -0.001453
-0.2247 -0.001271
-0.2107 -0.001116
-0.1947 -0.000983
-0.1760 -0.000871
-0.1535 -0.000778
-0.1252 -0.000703
-0.0878 -0.000645
-0.0339 -0.000609
0.0471 -0.000597
0.1461 -0.000589
0.2274 -0.000554
0.2771 -0.000495
0.2994 -0.000425
0.3022 -0.000356
0.2927 -0.000294
0.2760 -0.000240
0.2559 -0.000196
0.2344 -0.000159
0.2128 -0.000129
0.1917 -0.000104
0.1712 -0.000084
0.1512 -0.000068
0.1315 -0.000055
0.1116 -0.000045
0.0909 -0.000036
0.0684 -0.000029
0.0423 -0.000023
0.0100 -0.000018
-0.0336 -0.000014
-0.0938 -0.000010
-0.1683 -0.000007
-0.2425 -0.000004
-0.3051 -0.000003
-0.3536 -0.000002
-0.3898 -0.000001
-0.4162 -0.000001
-0.4349 -0.000000
-0.4477 -0.000000
-0.4560 -0.000000
-0.4608 -0.000000
-0.4629 -0.000000
-0.4628 -0.000000
-0.4609 -0.000000
-0.4577 -0.000000
-0.4532 -0.000000
-0.4478 -0.000000
-0.4414 -0.000000
-0.4343 -0.000000
-0.4264 -0.000000
-0.4178 -0.000000
-0.4085 -0.000000
-0.3986 -0.000000
-0.3880 -0.000000
-0.3768 -0.000000
-0.3648 -0.000000
-0.3522 -0.000000
-0.3390 -0.000000
-0.3253 -0.000000
-0.3123 -0.018765
-0.3067 -0.038645
-0.3031 -0.039370
-0.3022 -0.059362
-0.3107 -0.075741
-0.3210 -0.071641
-0.3319 -0.067300
-0.3426 -0.062984
-0.3528 -0.058930
-0.3618 -0.055306
-0.3696 -0.052194
-0.3760 -0.049612
-0.3812 -0.047530
-0.3853 -0.045899
-0.3884 -0.044660
-0.3906 -0.043754
-0.3922 -0.043128
-0.3932 -0.042734
-0.3937 -0.042534
-0.3937 -0.040552
-0.3928 -0.037681
-0.3912 -0.035522
-0.3891 -0.033896
-0.3866 -0.032061
-0.3833 -0.027539
-0.3793 -0.023792
-0.3747 -0.020631
-0.3696 -0.017928
-0.3642 -0.015595
-0.3585 -0.013571
-0.3525 -0.011807
-0.3464 -0.010269
-0.3402 -0.008926
-0.3338 -0.007753
-0.3272 -0.006731
-0.3205 -0.005841
-0.3135 -0.005066
-0.3064 -0.004393
-0.2990 -0.003809
-0.2912 -0.003304
-0.2831 -0.002866
-0.2745 -0.002489
-0.2653 -0.002163
-0.2555 -0.001882
-0.2449 -0.001640
-0.2332 -0.001432
-0.2203 -0.001254
-0.2057 -0.001102
-0.1891 -0.000972
-0.1694 -0.000863
-0.1455 -0.000773
-0.1151 -0.000701
-0.0741 -0.000647
-0.0138 -0.000617
0.0747 -0.000609
0.1716 -0.000594
0.2439 -0.000550
0.2851 -0.000485
0.3012 -0.000414
0.3000 -0.000345
0.2882 -0.000284
0.2704 -0.000232
0.2499 -0.000188
0.2284 -0.000153
0.2069 -0.000124
0.1861 -0.000100
0.1658 -0.000081
0.1460 -0.000066
0.1263 -0.000053
0.1063 -0.000043
0.0853 -0.000035
0.0621 -0.000028
0.0348 -0.000022
0.0002 -0.000017
-0.0470 -0.000013
-0.1116 -0.000009
-0.1874 -0.000006
-0.2593 -0.000004
-0.3182 -0.000003
-0.3634 -0.000002
-0.3969 -0.000001
-0.4211 -0.000001
-0.4381 -0.000000
-0.4497 -0.000000
-0.4570 -0.000000
-0.4610 -0.000000
-0.4625 -0.000000
-0.4619 -0.000000
-0.4596 -0.000000
-0.4560 -0.000000
-0.4513 -0.000000
-0.4456 -0.000000
