0.9611
0.9895
0.9961
0.9982
0.9976
0.9977
0.9978
0.9977
0.9979
0.9976
0.9979
0.9974
0.9978
0.9978
0.9975
0.9976
0.9978
0.9977
0.9975
0.9978
0.9977
0.9977
0.9979
0.9979
0.9979
0.9977
0.9979
0.9976
0.9977
0.9980
0.9977
0.9976
0.9979
0.9978
0.9976
0.9973
0.9978
0.9978
0.9978
0.9977
0.9978
0.9977
0.9977
0.9978
0.9978
0.9976
0.9980
0.9978
0.9976
0.9978
0.9976
0.9977
0.9978
0.9978
0.9978
0.9978
0.9976
0.9977
0.9976
0.9981
0.9977
0.9977
0.9978
0.9977
0.9977
0.9978
0.9978
0.9979
0.9978
0.9977
0.9974
0.9978
0.9979
0.9978
0.9979
0.9976
0.9979
0.9977
0.9978
0.9978
0.9979
0.9978
0.9977
0.9978
0.9977
0.9977
0.9976
0.9979
0.9977
0.9978
0.9981
0.9976
0.9979
0.9978
0.9978
0.9977
0.9977
0.9979
0.9979
0.9979
0.9977
0.9978
0.9978
0.9975
0.9976
0.9974
0.9980
0.9979
0.9977
0.9978
0.9978
0.9979
0.9979
0.9977
0.9975
0.9979
0.9974
0.9977
0.9979
0.9977
0.9976
0.9977
0.9980
0.9977
0.9976
0.9977
0.9979
0.9975
0.9978
0.9978
0.9978
0.9978
0.9979
0.9980
0.9975
0.9975
0.9977
0.9976
0.9977
0.9977
0.9978
0.9978
0.9976
0.9978
0.9976
0.9977
0.9978
0.9977
0.9976
0.9977
0.9977
0.9979
0.9979
0.9978
0.9978
0.9980
0.9974
0.9977
0.9979
0.9979
0.9977
0.9977
0.9976
0.9979
0.9977
0.9978
0.9978
0.9976
0.9979
0.9978
0.9978
0.9978
0.9977
0.9978
0.9977
0.9977
0.9978
0.9977
0.9975
0.9978
0.9978
0.9976
0.9978
0.9979
0.9977
0.9978
0.9979
0.9978
0.9978
0.9978
0.9979
0.9975
0.9977
0.9979
0.9978
0.9977
0.9979
0.9980
0.9979
0.9977
0.9978
0.9978
0.9977
0.9978
0.9975
0.9979
0.9977
0.9978
0.9977
0.9977
0.9977
0.9977
0.9976
0.9977
0.9976
0.9975
0.9979
0.9976
0.9976
0.9977
0.9977
0.9977
0.9981
0.9977
0.9977
0.9978
0.9981
0.9977
0.9977
0.9976
0.9976
0.9977
0.9977
0.9977
0.9976
0.9977
0.9978
0.9978
0.9978
0.9977
0.9977
0.9978
0.9977
0.9978
0.9979
0.9977
0.9977
0.9976
0.9977
