0.1870 -0.185915
0.2591 -0.258716
0.2743 -0.274398
0.2553 -0.255606
0.2220 -0.222370
0.1858 -0.186127
0.1511 -0.151441
0.1187 -0.119062
0.0877 -0.087989
0.0560 -0.056360
0.0212 -0.021545
-0.0205 0.018362
-0.0739 0.055675
-0.1406 0.087793
-0.2114 0.109355
-0.2757 0.118053
-0.3298 0.116807
-0.3741 0.109609
-0.4105 0.099470
-0.4406 0.088284
-0.4656 0.077151
-0.4865 0.066664
-0.5041 0.057109
-0.5187 0.048593
-0.5309 0.041119
-0.5407 0.034632
-0.5486 0.029051
-0.5545 0.024282
-0.5587 0.020228
-0.5611 0.016798
-0.5619 0.013907
-0.5609 0.011479
-0.5582 0.009445
-0.5538 0.007748
-0.5475 0.006334
-0.5393 0.005159
-0.5292 0.004186
-0.5171 0.003381
-0.5028 0.002719
-0.4863 0.002174
-0.4675 0.001728
-0.4463 0.001364
-0.4227 0.001068
-0.3966 0.000829
-0.3679 0.000636
-0.3365 0.000481
-0.3022 0.000357
-0.2643 0.000258
-0.2216 0.000179
-0.1714 0.000115
-0.1064 0.000059
-0.0060 0.003632
0.1322 -0.130889
0.2334 -0.232661
0.2723 -0.272135
0.2662 -0.266377
0.2377 -0.238066
0.2022 -0.202536
0.1667 -0.167079
0.1335 -0.133862
0.1022 -0.102537
0.0713 -0.071614
0.0385 -0.038874
0.0008 -0.001210
-0.0460 0.037891
-0.1065 0.072848
-0.1767 0.100144
-0.2449 0.114967
-0.3040 0.118076
-0.3528 0.113362
-0.3928 0.104391
-0.4257 0.093567
-0.4530 0.082337
-0.4758 0.071508
-0.4949 0.061497
-0.5108 0.052488
-0.5241 0.044526
-0.5350 0.037581
-0.5437 0.031583
-0.5505 0.026440
-0.5555 0.022059
-0.5587 0.018344
-0.5602 0.015208
-0.5600 0.012570
-0.5581 0.010357
-0.5544 0.008508
-0.5490 0.006966
-0.5417 0.005683
-0.5325 0.004619
-0.5212 0.003739
-0.5079 0.003012
-0.4924 0.002415
-0.4747 0.001925
-0.4546 0.001524
-0.4321 0.001198
-0.4072 0.000933
-0.3797 0.000720
-0.3496 0.000548
-0.3167 0.000411
-0.2805 0.000301
-0.2401 0.000213
-0.1937 0.000142
-0.1363 0.000083
-0.0549 0.014008
0.0742 -0.054584
0.1980 -0.197048
0.2620 -0.261703
0.2719 -0.272019
0.2507 -0.250979
0.2171 -0.217416
0.1813 -0.181653
0.1473 -0.147615
0.1155 -0.115786
0.0848 -0.085081
0.0533 -0.053615
0.0184 -0.018631
-0.0236 0.020935
-0.0776 0.057664
-0.1444 0.089025
-0.2147 0.109651
-0.2782 0.117599
-0.3314 0.115911
-0.3751 0.108509
-0.4110 0.098316
-0.4406 0.087163
-0.4652 0.076107
-0.4858 0.065717
-0.5030 0.056266
-0.5174 0.047852
-0.5292 0.040473
-0.5389 0.034074
-0.5465 0.028571
-0.5522 0.023870
-0.5561 0.019877
-0.5583 0.016499
-0.5587 0.013654
-0.5575 0.011265
-0.5546 0.009265
-0.5499 0.007596
-0.5433 0.006206
-0.5349 0.005052
-0.5246 0.004096
-0.5121 0.003307
-0.4976 0.002656
-0.4808 0.002122
-0.4617 0.001685
-0.4402 0.001329
-0.4163 0.001039
-0.3899 0.000805
-0.3610 0.000616
-0.3292 0.000465
-0.2945 0.000344
-0.2559 0.000247
-0.2123 0.000169
-0.1601 0.000106
-0.0907 0.000050
0.0197 -0.009156
0.1561 -0.154903
0.2443 -0.243768
0.2723 -0.272302
0.2605 -0.260735
0.2302 -0.230520
0.1947 -0.195077
0.1600 -0.160377
0.1276 -0.127931
0.0968 -0.097132
0.0661 -0.066393
0.0331 -0.033421
-0.0054 0.004666
-0.0536 0.043026
-0.1155 0.076969
-0.1858 0.102525
-0.2527 0.115482
-0.3101 0.117264
-0.3575 0.111809
-0.3963 0.102509
-0.4282 0.091608
-0.4547 0.080442
-0.4768 0.069750
-0.4953 0.059910
-0.5107 0.051080
-0.5235 0.043293
-0.5340 0.036511
-0.5423 0.030661
-0.5487 0.025652
-0.5533 0.021387
-0.5561 0.017774
-0.5573 0.014725
-0.5567 0.012163
-0.5544 0.010015
-0.5503 0.008220
-0.5445 0.006725
-0.5368 0.005482
-0.5272 0.004451
-0.5155 0.003599
-0.5018 0.002897
-0.4858 0.002319
-0.4676 0.001846
-0.4471 0.001459
-0.4242 0.001145
-0.3987 0.000890
-0.3708 0.000684
-0.3401 0.000519
-0.3065 0.000387
-0.2695 0.000281
-0.2280 0.000197
-0.1794 0.000128
-0.1177 0.000070
-0.0247 0.012974
0.1117 -0.110344
0.2206 -0.219858
0.2677 -0.267511
0.2670 -0.267169
0.2413 -0.241627
0.2069 -0.207211
0.1718 -0.172105
0.1387 -0.139033
0.1076 -0.107949
0.0773 -0.077563
0.0455 -0.045863
0.0097 -0.009849
-0.0342 0.029277
-0.0908 0.064811
-0.1590 0.094092
-0.2282 0.111821
-0.2894 0.117343
-0.3403 0.114152
-0.3820 0.105993
-0.4163 0.095521
-0.4446 0.084369
-0.4682 0.073466
-0.4879 0.063304
-0.5044 0.054108
-0.5180 0.045952
-0.5293 0.038820
-0.5383 0.032647
-0.5454 0.027347
-0.5505 0.022827
-0.5540 0.018991
-0.5556 0.015750
-0.5556 0.013022
-0.5539 0.010734
-0.5504 0.008820
-0.5452 0.007223
-0.5381 0.005895
-0.5292 0.004793
-0.5182 0.003881
-0.5052 0.003129
-0.4900 0.002509
-0.4726 0.002001
-0.4529 0.001586
-0.4308 0.001247
-0.4063 0.000972
-0.3792 0.000751
-0.3495 0.000572
-0.3170 0.000429
-0.2812 0.000315
-0.2413 0.000223
-0.1954 0.000150
-0.1389 0.000088
-0.0591 0.015045
0.0678 -0.049755
0.1928 -0.191814
0.2586 -0.258261
0.2702 -0.270315
0.2503 -0.250608
0.2176 -0.217941
0.1824 -0.182758
0.1488 -0.149133
0.1174 -0.117672
0.0871 -0.087396
0.0562 -0.056533
0.0222 -0.022489
-0.0183 0.016320
-0.0700 0.053229
-0.1350 0.085118
-0.2050 0.107084
-0.2693 0.116436
-0.3236 0.115743
-0.3681 0.108927
-0.4047 0.099030
-0.4348 0.087994
-0.4598 0.076952
-0.4807 0.066520
-0.4982 0.056998
-0.5127 0.048502
-0.5246 0.041040
-0.5343 0.034562
-0.5420 0.028986
-0.5477 0.024221
-0.5517 0.020171
-0.5539 0.016744
-0.5544 0.013857
-0.5532 0.011433
-0.5502 0.009403
-0.5455 0.007708
-0.5390 0.006298
-0.5307 0.005126
-0.5203 0.004156
-0.5080 0.003355
-0.4935 0.002695
-0.4768 0.002153
-0.4578 0.001709
-0.4364 0.001347
-0.4126 0.001053
-0.3864 0.000816
-0.3575 0.000624
-0.3259 0.000470
-0.2912 0.000348
-0.2526 0.000249
-0.2088 0.000171
-0.1561 0.000106
-0.0853 0.000048
0.0283 -0.013490
0.1629 -0.161751
0.2461 -0.245553
0.2705 -0.270520
0.2573 -0.257519
0.2269 -0.227244
0.1920 -0.192323
0.1579 -0.158261
0.1261 -0.126391
0.0958 -0.096068
0.0654 -0.065734
0.0328 -0.033149
-0.0052 0.004481
-0.0528 0.042425
-0.1140 0.076009
-0.1837 0.101442
-0.2504 0.114489
-0.3077 0.116424
-0.3550 0.111112
-0.3937 0.101928
-0.4256 0.091119
-0.4520 0.080025
-0.4740 0.069393
-0.4924 0.059601
-0.5077 0.050813
-0.5203 0.043061
-0.5306 0.036310
-0.5388 0.030486
-0.5450 0.025500
-0.5495 0.021255
-0.5521 0.017659
-0.5531 0.014626
-0.5523 0.012077
-0.5498 0.009941
-0.5456 0.008157
-0.5396 0.006670
-0.5318 0.005435
-0.5220 0.004411
-0.5102 0.003565
-0.4963 0.002867
-0.4802 0.002294
-0.4618 0.001824
-0.4412 0.001441
-0.4181 0.001129
-0.3925 0.000877
-0.3644 0.000673
-0.3336 0.000509
-0.2997 0.000379
-0.2623 0.000274
-0.2201 0.000190
-0.1701 0.000122
-0.1054 0.000063
-0.0045 0.002886
0.1328 -0.131488
0.2311 -0.230427
0.2684 -0.268283
0.2624 -0.262564
0.2349 -0.235210
0.2005 -0.200867
0.1662 -0.166502
0.1339 -0.134226
0.1035 -0.103760
0.0734 -0.073742
0.0418 -0.042139
0.0058 -0.005955
-0.0386 0.032586
-0.0960 0.067343
-0.1642 0.095502
-0.2325 0.111983
-0.2925 0.116590
-0.3424 0.112886
-0.3832 0.104506
-0.4168 0.093992
-0.4445 0.082898
-0.4676 0.072105
-0.4868 0.062075
-0.5028 0.053017
-0.5161 0.044995
-0.5270 0.037987
-0.5357 0.031928
-0.5424 0.026730
-0.5472 0.022299
-0.5503 0.018541
-0.5516 0.015368
-0.5513 0.012699
-0.5492 0.010461
-0.5455 0.008590
-0.5399 0.007030
-0.5325 0.005733
-0.5232 0.004657
-0.5119 0.003768
-0.4985 0.003034
-0.4830 0.002431
-0.4652 0.001936
-0.4451 0.001532
-0.4227 0.001202
-0.3977 0.000936
-0.3703 0.000720
-0.3402 0.000547
-0.3071 0.000409
-0.2706 0.000298
-0.2297 0.000209
-0.1819 0.000137
-0.1216 0.000076
-0.0313 0.016249
0.1035 -0.076595
0.2145 -0.213727
0.2643 -0.264081
0.2658 -0.265984
0.2417 -0.241970
0.2081 -0.208486
0.1736 -0.173953
0.1410 -0.141300
0.1103 -0.110632
0.0805 -0.080785
0.0496 -0.049894
0.0150 -0.015125
-0.0268 0.023427
-0.0806 0.059141
-0.1468 0.089330
-0.2160 0.108869
-0.2783 0.116108
-0.3305 0.114082
-0.3734 0.106590
-0.4085 0.096447
-0.4375 0.085417
-0.4616 0.074518
-0.4816 0.064295
-0.4983 0.055008
-0.5122 0.046749
-0.5236 0.039513
-0.5327 0.033242
-0.5398 0.027854
-0.5451 0.023254
-0.5485 0.019349
-0.5503 0.016049
-0.5503 0.013270
-0.5486 0.010938
-0.5452 0.008988
-0.5400 0.007361
-0.5330 0.006007
-0.5241 0.004884
-0.5133 0.003955
-0.5004 0.003188
-0.4853 0.002557
-0.4681 0.002039
-0.4485 0.001616
-0.4266 0.001271
-0.4023 0.000991
-0.3754 0.000764
-0.3459 0.000582
-0.3135 0.000437
-0.2779 0.000320
-0.2380 0.000227
-0.1919 0.000151
-0.1349 0.000088
-0.0528 0.013494
0.0755 -0.055577
0.1972 -0.196240
0.2587 -0.258426
0.2680 -0.268083
0.2474 -0.247706
0.2150 -0.215309
0.1804 -0.180725
0.1474 -0.147725
0.1165 -0.116820
0.0867 -0.087037
0.0563 -0.056660
0.0229 -0.023125
-0.0168 0.014986
-0.0674 0.051573
-0.1313 0.083267
-0.2007 0.105464
-0.2650 0.115242
-0.3194 0.114924
-0.3641 0.108372
-0.4007 0.098648
-0.4309 0.087723
-0.4559 0.076751
-0.4767 0.066364
-0.4941 0.056872
-0.5085 0.048396
-0.5203 0.040949
-0.5299 0.034481
-0.5374 0.028915
-0.5430 0.024157
-0.5468 0.020113
-0.5488 0.016693
-0.5492 0.013811
-0.5478 0.011391
-0.5447 0.009365
-0.5399 0.007675
-0.5333 0.006268
-0.5248 0.005100
-0.5143 0.004133
-0.5019 0.003335
-0.4873 0.002677
-0.4705 0.002137
-0.4514 0.001696
-0.4300 0.001336
-0.4062 0.001043
-0.3798 0.000807
-0.3509 0.000616
-0.3192 0.000463
-0.2842 0.000341
-0.2453 0.000244
-0.2006 0.000165
-0.1462 0.000100
-0.0707 0.017937
0.0502 -0.036579
0.1794 -0.178332
0.2520 -0.251623
0.2691 -0.269092
0.2523 -0.252598
0.2211 -0.221488
0.1866 -0.186959
0.1533 -0.153644
0.1222 -0.122477
0.0924 -0.092683
0.0624 -0.062675
0.0299 -0.030211
-0.0082 0.007267
-0.0561 0.044521
-0.1174 0.077318
-0.1866 0.101775
-0.2524 0.113968
-0.3088 0.115372
-0.3553 0.109807
-0.3933 0.100551
-0.4247 0.089774
-0.4506 0.078768
-0.4721 0.068249
-0.4901 0.058579
-0.5050 0.049911
-0.5173 0.042273
-0.5272 0.035627
-0.5351 0.029897
-0.5410 0.024994
-0.5451 0.020822
-0.5475 0.017291
-0.5481 0.014313
-0.5470 0.011812
-0.5443 0.009717
-0.5398 0.007968
-0.5335 0.006511
-0.5253 0.005301
-0.5152 0.004299
-0.5031 0.003471
-0.4889 0.002789
-0.4726 0.002229
-0.4540 0.001771
-0.4330 0.001397
-0.4097 0.001092
-0.3838 0.000846
-0.3554 0.000648
-0.3242 0.000489
-0.2899 0.000362
-0.2518 0.000260
-0.2083 0.000178
-0.1560 0.000110
-0.0858 0.000050
0.0273 -0.012947
0.1614 -0.160242
0.2444 -0.243899
0.2692 -0.269222
0.2566 -0.256831
0.2268 -0.227182
0.1925 -0.192799
0.1589 -0.159192
0.1274 -0.127741
0.0976 -0.097874
0.0678 -0.068123
0.0360 -0.036383
-0.0006 0.000197
-0.0463 0.037941
-0.1050 0.071586
-0.1734 0.097958
-0.2404 0.112436
-0.2986 0.115567
-0.3468 0.111027
-0.3863 0.102277
-0.4187 0.091679
-0.4455 0.080663
-0.4677 0.070032
-0.4862 0.060202
-0.5016 0.051355
-0.5143 0.043539
-0.5247 0.036723
-0.5329 0.030838
-0.5391 0.025796
-0.5435 0.021503
-0.5461 0.017866
-0.5470 0.014797
-0.5462 0.012217
-0.5438 0.010055
-0.5395 0.008250
-0.5335 0.006745
-0.5257 0.005495
-0.5160 0.004460
-0.5042 0.003604
-0.4904 0.002898
-0.4745 0.002318
-0.4562 0.001843
-0.4357 0.001456
-0.4128 0.001140
-0.3874 0.000885
-0.3595 0.000679
-0.3288 0.000514
-0.2951 0.000381
-0.2576 0.000275
-0.2152 0.000190
-0.1647 0.000121
-0.0983 0.000060
0.0067 -0.002706
0.1432 -0.141984
0.2359 -0.235296
0.2686 -0.268553
0.2603 -0.260508
0.2322 -0.232504
0.1980 -0.198358
0.1642 -0.164483
0.1324 -0.132731
0.1024 -0.102742
0.0729 -0.073162
0.0417 -0.042006
0.0062 -0.006366
-0.0375 0.031687
-0.0938 0.066002
-0.1611 0.093984
-0.2290 0.110615
-0.2888 0.115483
-0.3387 0.112011
-0.3795 0.103808
-0.4129 0.093424
-0.4406 0.082426
-0.4635 0.071706
-0.4826 0.061734
-0.4984 0.052723
-0.5115 0.044740
-0.5222 0.037766
-0.5307 0.031735
-0.5373 0.026562
-0.5419 0.022153
-0.5448 0.018415
-0.5460 0.015259
-0.5455 0.012604
-0.5432 0.010379
-0.5393 0.008520
-0.5336 0.006970
-0.5260 0.005682
-0.5166 0.004614
-0.5052 0.003731
-0.4918 0.003002
-0.4762 0.002404
-0.4583 0.001913
-0.4382 0.001513
-0.4157 0.001186
-0.3908 0.000922
-0.3633 0.000709
-0.3331 0.000538
-0.2999 0.000400
-0.2631 0.000290
-0.2216 0.000202
-0.1726 0.000130
-0.1095 0.000069
-0.0118 0.006533
0.1248 -0.123553
0.2265 -0.225813
0.2673 -0.267144
0.2635 -0.263727
0.2373 -0.237570
0.2034 -0.203754
0.1693 -0.169630
0.1372 -0.137557
0.1071 -0.107401
0.0776 -0.077921
0.0469 -0.047239
0.0124 -0.012519
-0.0295 0.025576
-0.0834 0.060524
-0.1494 0.089858
-0.2179 0.108521
-0.2793 0.115140
-0.3307 0.112787
-0.3728 0.105177
-0.4073 0.095041
-0.4358 0.084087
-0.4594 0.073298
-0.4790 0.063198
-0.4953 0.054036
-0.5088 0.045897
-0.5199 0.038771
-0.5287 0.032601
-0.5355 0.027303
-0.5404 0.022782
-0.5435 0.018947
-0.5449 0.015707
-0.5447 0.012980
-0.5427 0.010694
-0.5390 0.008782
-0.5336 0.007188
-0.5263 0.005863
-0.5172 0.004763
-0.5061 0.003854
-0.4930 0.003104
-0.4778 0.002487
-0.4603 0.001982
-0.4406 0.001568
-0.4185 0.001232
-0.3939 0.000959
-0.3669 0.000738
-0.3371 0.000561
-0.3045 0.000419
-0.2683 0.000305
-0.2277 0.000214
-0.1800 0.000140
-0.1196 0.000077
-0.0287 0.007482
0.1061 -0.078523
0.2162 -0.215358
0.2652 -0.264968
0.2664 -0.266529
0.2421 -0.242457
0.2087 -0.209076
0.1744 -0.174727
0.1420 -0.142313
0.1117 -0.111948
0.0822 -0.082507
0.0519 -0.052208
0.0182 -0.018360
-0.0221 0.019516
-0.0738 0.055163
-0.1381 0.085662
-0.2069 0.106260
-0.2697 0.114662
-0.3227 0.113488
-0.3661 0.106517
-0.4017 0.096659
-0.4310 0.085764
-0.4553 0.074913
-0.4755 0.064689
-0.4922 0.055376
-0.5061 0.047079
-0.5175 0.039800
-0.5266 0.033488
-0.5337 0.028061
-0.5388 0.023428
-0.5422 0.019493
-0.5439 0.016167
-0.5439 0.013366
-0.5421 0.011017
-0.5387 0.009051
-0.5335 0.007412
-0.5266 0.006049
-0.5177 0.004917
-0.5070 0.003981
-0.4942 0.003209
-0.4793 0.002573
-0.4622 0.002052
-0.4428 0.001626
-0.4211 0.001278
-0.3970 0.000996
-0.3704 0.000769
-0.3411 0.000585
-0.3089 0.000438
-0.2733 0.000321
-0.2334 0.000227
-0.1871 0.000150
-0.1291 0.000086
-0.0442 0.011333
0.0865 -0.063849
0.2047 -0.203760
0.2622 -0.261903
0.2688 -0.268861
0.2469 -0.247169
0.2140 -0.214363
0.1795 -0.179825
0.1467 -0.147057
0.1161 -0.116446
0.0867 -0.086994
0.0567 -0.057005
0.0238 -0.024023
-0.0152 0.013575
-0.0647 0.049785
-0.1273 0.081266
-0.1960 0.103687
-0.2601 0.113907
-0.3146 0.113986
-0.3594 0.107717
-0.3961 0.098179
-0.4263 0.087373
-0.4512 0.076480
-0.4719 0.066145
-0.4892 0.056690
-0.5034 0.048241
-0.5151 0.040814
-0.5245 0.034364
-0.5319 0.028811
-0.5373 0.024066
-0.5409 0.020033
-0.5429 0.016622
-0.5431 0.013749
-0.5416 0.011337
-0.5384 0.009319
-0.5335 0.007635
-0.5268 0.006234
-0.5182 0.005071
-0.5078 0.004108
-0.4953 0.003313
-0.4808 0.002659
-0.4640 0.002122
-0.4450 0.001683
-0.4237 0.001325
-0.4000 0.001034
-0.3738 0.000799
-0.3449 0.000610
-0.3132 0.000458
-0.2782 0.000336
-0.2390 0.000239
-0.1938 0.000160
-0.1380 0.000095
-0.0585 0.014914
0.0669 -0.049157
0.1919 -0.190946
0.2582 -0.257855
0.2706 -0.270678
0.2514 -0.251704
0.2193 -0.219638
0.1846 -0.184962
0.1515 -0.151831
0.1206 -0.120942
0.0911 -0.091430
0.0614 -0.061688
0.0292 -0.029496
-0.0086 0.007667
-0.0560 0.044397
-0.1167 0.076725
-0.1851 0.100863
-0.2504 0.112942
-0.3064 0.114357
-0.3526 0.108855
-0.3904 0.099680
-0.4214 0.088989
-0.4471 0.078066
-0.4684 0.067626
-0.4861 0.058031
-0.5007 0.049430
-0.5127 0.041853
-0.5225 0.035262
-0.5301 0.029582
-0.5358 0.024722
-0.5397 0.020589
-0.5418 0.017091
-0.5422 0.014143
-0.5410 0.011667
-0.5381 0.009595
-0.5334 0.007865
-0.5270 0.006424
-0.5187 0.005229
-0.5086 0.004239
-0.4964 0.003421
-0.4822 0.002748
-0.4658 0.002195
-0.4472 0.001742
-0.4262 0.001373
-0.4029 0.001073
-0.3771 0.000831
-0.3486 0.000635
-0.3174 0.000478
-0.2829 0.000352
-0.2445 0.000252
-0.2003 0.000171
-0.1464 0.000103
-0.0719 0.018236
0.0477 -0.034752
0.1781 -0.177004
0.2532 -0.252771
0.2719 -0.271899
0.2557 -0.255998
0.2245 -0.224860
0.1898 -0.190110
0.1563 -0.156617
0.1251 -0.125423
0.0955 -0.095809
0.0660 -0.066254
0.0343 -0.034643
-0.0023 0.001795
-0.0479 0.038985
-0.1065 0.072023
-0.1743 0.097734
-0.2406 0.111678
-0.2981 0.114502
-0.3457 0.109837
-0.3846 0.101075
-0.4166 0.090531
-0.4429 0.079601
-0.4648 0.069071
-0.4830 0.059345
-0.4980 0.050599
-0.5104 0.042878
-0.5204 0.036149
-0.5283 0.030343
-0.5343 0.025371
-0.5384 0.021140
-0.5407 0.017556
-0.5414 0.014534
-0.5404 0.011995
-0.5377 0.009869
-0.5333 0.008093
-0.5271 0.006614
-0.5192 0.005386
-0.5093 0.004369
-0.4974 0.003528
-0.4835 0.002836
-0.4675 0.002267
-0.4492 0.001801
-0.4287 0.001421
-0.4057 0.001112
-0.3803 0.000862
-0.3523 0.000660
-0.3215 0.000498
-0.2875 0.000369
-0.2497 0.000265
-0.2065 0.000181
-0.1543 0.000112
-0.0840 0.000051
0.0291 -0.013874
0.1632 -0.162070
0.2471 -0.246614
0.2725 -0.272432
0.2597 -0.259964
0.2296 -0.229963
0.1949 -0.195225
0.1611 -0.161387
0.1296 -0.129871
0.0998 -0.100120
0.0704 -0.070702
0.0393 -0.039597
0.0037 -0.003960
-0.0401 0.033602
-0.0966 0.067261
-0.1637 0.094402
-0.2307 0.110206
-0.2897 0.114509
-0.3387 0.110748
-0.3788 0.102444
-0.4117 0.092073
-0.4387 0.081150
-0.4612 0.070537
-0.4798 0.060683
-0.4953 0.051793
-0.5080 0.043925
-0.5183 0.037057
-0.5265 0.031124
-0.5327 0.026037
-0.5371 0.021705
-0.5397 0.018033
-0.5406 0.014936
-0.5398 0.012332
-0.5373 0.010150
-0.5332 0.008327
-0.5273 0.006809
-0.5195 0.005547
-0.5099 0.004502
-0.4984 0.003638
-0.4848 0.002926
-0.4691 0.002341
-0.4512 0.001862
-0.4310 0.001471
-0.4084 0.001152
-0.3833 0.000894
-0.3557 0.000686
-0.3254 0.000519
-0.2919 0.000385
-0.2547 0.000278
-0.2124 0.000192
-0.1618 0.000121
-0.0947 0.000059
0.0114 -0.005051
0.1477 -0.146481
0.2401 -0.239472
0.2723 -0.272243
0.2633 -0.263524
0.2345 -0.234867
0.1999 -0.200236
0.1658 -0.166081
0.1339 -0.134234
0.1040 -0.104319
