0.6698
0.6080
0.5759
0.4885
0.4057
0.3371
0.2920
0.2731
0.2690
0.2716
0.2733
0.2740
0.2747
0.2747
0.2750
0.2750
0.2746
0.2750
0.2746
0.2749
0.2747
0.2748
0.2749
0.2749
0.2749
0.2741
0.2751
0.2746
0.2750
0.2745
0.2745
0.2747
0.2755
0.2749
0.2748
0.2750
0.2750
0.2748
0.2746
0.2752
0.2747
0.2747
0.2746
0.2746
0.2746
0.2747
0.2746
0.2742
0.2747
0.2747
0.2751
0.2758
0.2742
0.2745
0.2747
0.2745
0.2751
0.2751
0.2749
0.2749
0.2751
0.2750
0.2748
0.2742
0.2748
0.2746
0.2749
0.2747
0.2747
0.2747
0.2745
0.2752
0.2741
0.2752
0.2750
0.2744
0.2748
0.2743
0.2752
0.2747
0.2746
0.2747
0.2749
0.2745
0.2747
0.2744
0.2748
0.2746
0.2746
0.2746
0.2744
0.2750
0.2751
0.2746
0.2749
0.2753
0.2746
0.2745
0.2750
0.2747
0.2742
0.2747
0.2745
0.2748
0.2743
0.2747
0.2752
0.2749
0.2745
0.2746
0.2749
0.2745
0.2747
0.2746
0.2746
0.2753
0.2750
0.2742
0.2748
0.2747
0.2754
0.2744
0.2746
0.2751
0.2745
0.2747
0.2749
0.2752
0.2746
0.2749
0.2743
0.2747
0.2748
0.2741
0.2755
0.2747
0.2746
0.2751
0.2752
0.2749
0.2745
0.2749
0.2743
0.2747
0.2748
0.2750
0.2746
0.2753
0.2749
0.2747
