-0.3400 0.200773
-0.3372 0.193855
-0.3330 0.187122
-0.3278 0.180699
-0.3221 0.174678
-0.3161 0.169106
-0.3100 0.163987
-0.3040 0.159297
-0.2982 0.155002
-0.2925 0.151060
-0.2871 0.147436
-0.2819 0.144116
-0.2775 0.131422
-0.2768 0.109470
-0.2796 0.092316
-0.2849 0.078533
-0.2920 0.067201
-0.3003 0.057707
-0.3093 0.049634
-0.3186 0.042690
-0.3043 0.185904
-0.2875 0.170367
-0.2736 0.157954
-0.2616 0.147733
-0.2510 0.139048
-0.2412 0.131470
-0.2139 0.222188
-0.1870 0.193128
-0.1628 0.167320
-0.1399 0.143129
-0.1168 0.119119
-0.0921 0.093778
-0.0641 0.065251
-0.0306 0.031259
0.0104 -0.009999
0.0566 -0.056514
0.0997 -0.099965
0.1222 -0.183723
0.1318 -0.198186
0.1327 -0.199622
0.1281 -0.192572
0.1199 -0.180261
0.1095 -0.164688
0.0981 -0.141855
0.0867 -0.118706
0.0748 -0.097626
0.0617 -0.077388
0.0470 -0.056928
0.0298 -0.035137
0.0091 -0.010666
-0.0166 0.018185
-0.0491 0.049626
-0.0912 0.076346
-0.1426 0.098821
-0.1891 0.202959
-0.2239 0.218145
-0.2542 0.226799
-0.2802 0.230976
-0.3019 0.231906
-0.3186 0.229978
-0.3300 0.225604
-0.3367 0.219464
-0.3394 0.212333
-0.3393 0.204872
-0.3372 0.197544
-0.3338 0.190619
-0.3297 0.184217
-0.3251 0.178365
-0.3203 0.173037
-0.3154 0.168177
-0.3103 0.163714
-0.3053 0.159579
-0.3001 0.155726
-0.2971 0.130467
-0.2978 0.109174
-0.3011 0.092140
-0.3061 0.078194
-0.3122 0.066582
-0.2938 0.198589
-0.2774 0.179458
-0.2649 0.164922
-0.2549 0.153575
-0.2466 0.144403
-0.2393 0.136738
-0.2326 0.130177
-0.2264 0.124482
-0.2207 0.119510
-0.2153 0.115158
-0.1887 0.289118
-0.1509 0.230498
-0.1176 0.179249
-0.0855 0.130132
-0.0519 0.079095
-0.0150 0.023319
0.0247 -0.036642
0.0628 -0.094115
0.0928 -0.139488
0.1116 -0.167850
0.1200 -0.180474
0.1205 -0.181265
0.1157 -0.174024
0.1074 -0.159395
0.0979 -0.137128
0.0875 -0.116538
0.0759 -0.096729
0.0628 -0.073924
0.0483 -0.051240
0.0311 -0.029844
0.0097 -0.007857
-0.0188 0.012036
-0.0588 0.031427
-0.1134 0.050290
-0.1789 0.065702
-0.2448 0.074409
-0.2857 0.214559
-0.3126 0.221204
-0.3347 0.224787
-0.3524 0.226209
-0.3649 0.225309
-0.3716 0.221890
-0.3727 0.216312
-0.3694 0.209313
-0.3633 0.201666
-0.3555 0.193967
-0.3470 0.186594
-0.3384 0.179738
-0.3299 0.173465
-0.3218 0.167766
-0.3141 0.162595
-0.3068 0.157890
-0.2999 0.153597
-0.2935 0.149672
-0.2874 0.144036
-0.2844 0.118984
-0.2851 0.099608
-0.2886 0.084166
-0.2758 0.204675
-0.2593 0.182069
-0.2470 0.165187
-0.2375 0.152203
-0.2296 0.141846
-0.2228 0.133315
-0.2167 0.126148
-0.2112 0.120067
-0.2062 0.114883
-0.2016 0.110459
-0.1976 0.106687
-0.1940 0.103477
-0.1799 0.185121
-0.1601 0.164004
-0.1416 0.144556
-0.1237 0.125828
-0.1053 0.106953
-0.0858 0.087014
-0.0641 0.064922
-0.0388 0.039376
-0.0088 0.009173
0.0258 -0.025601
0.0618 -0.061716
0.0932 -0.093264
0.1155 -0.115663
0.1277 -0.128009
0.1316 -0.131857
0.1291 -0.129402
0.1223 -0.122539
0.1124 -0.111446
0.1012 -0.091781
0.0891 -0.074583
0.0756 -0.057305
0.0611 -0.038294
0.0448 -0.023252
0.0218 -0.020463
-0.0048 0.003824
-0.0374 0.029326
-0.0781 0.057586
-0.1178 0.140890
-0.1541 0.179091
-0.1854 0.210339
-0.2108 0.234273
-0.2304 0.251718
-0.2448 0.263493
-0.2543 0.270433
-0.2602 0.264526
-0.2660 0.246602
-0.2718 0.231880
-0.2771 0.219516
-0.2819 0.209014
-0.2859 0.200051
-0.2893 0.192396
-0.2920 0.185862
-0.2942 0.180295
-0.2959 0.175558
-0.2972 0.171533
-0.2982 0.164950
-0.3019 0.139261
-0.3088 0.118840
-0.3180 0.102085
-0.3287 0.088008
-0.3313 0.239272
-0.3144 0.215513
-0.3024 0.197954
-0.2934 0.184545
-0.2862 0.173920
-0.2800 0.165112
-0.2740 0.157530
-0.2682 0.150862
-0.2625 0.144956
-0.2571 0.139726
-0.2519 0.135111
-0.2471 0.131050
-0.2427 0.127486
-0.2238 0.228785
-0.2012 0.204930
-0.1817 0.184562
-0.1643 0.166455
-0.1480 0.149695
-0.1323 0.133554
-0.1164 0.117373
-0.0997 0.100468
-0.0814 0.082027
-0.0606 0.061028
-0.0358 0.036214
-0.0061 0.006435
0.0284 -0.028108
0.0642 -0.063988
0.0953 -0.095160
0.1171 -0.117066
0.1288 -0.128884
0.1322 -0.128781
0.1309 -0.116774
0.1200 -0.152821
0.1064 -0.121281
0.0941 -0.096838
0.0818 -0.076729
0.0687 -0.059235
0.0538 -0.043106
0.0363 -0.027229
0.0145 -0.010390
-0.0137 0.008954
-0.0515 0.032645
-0.1008 0.061692
-0.1580 0.093734
-0.2140 0.123542
-0.2616 0.147624
-0.2992 0.165549
-0.3125 0.302048
-0.3163 0.280146
-0.3218 0.263495
-0.3278 0.250299
-0.3337 0.239588
-0.3387 0.230405
-0.3419 0.221888
-0.3427 0.213587
-0.3413 0.205430
-0.3381 0.197537
-0.3336 0.190063
-0.3284 0.183121
-0.3227 0.176762
-0.3169 0.170987
-0.3112 0.165757
-0.3055 0.161013
-0.2884 0.294755
-0.2601 0.264893
-0.2376 0.241249
-0.2191 0.221828
-0.2031 0.205255
-0.1889 0.190532
-0.1757 0.176976
-0.1631 0.164168
-0.1511 0.150116
-0.1407 0.128396
-0.1325 0.111867
-0.1136 0.146384
-0.0950 0.118037
-0.0764 0.091869
-0.0564 0.066084
-0.0342 0.039188
-0.0088 0.010133
0.0194 -0.021015
0.0486 -0.052194
0.0741 -0.115945
0.0866 -0.134609
0.0921 -0.142479
0.0921 -0.141737
0.0878 -0.134598
0.0803 -0.122786
0.0704 -0.107429
0.0585 -0.089110
0.0447 -0.067946
0.0287 -0.042703
0.0103 -0.014430
-0.0117 0.013960
-0.0396 0.043054
-0.0756 0.074600
-0.1196 0.108013
-0.1686 0.127714
-0.2183 0.136903
-0.2649 0.137430
-0.3068 0.131626
-0.3438 0.122022
-0.3767 0.110550
-0.4057 0.098469
-0.4126 0.288752
-0.4019 0.267305
-0.3944 0.251018
-0.3883 0.237965
-0.3822 0.226806
-0.3753 0.216609
-0.3670 0.206937
-0.3576 0.197706
-0.3476 0.188982
-0.3373 0.180850
-0.3271 0.173367
-0.3174 0.166549
-0.3081 0.160375
-0.2994 0.154801
-0.2913 0.149769
-0.2838 0.145215
-0.2523 0.254377
-0.2269 0.228476
-0.2057 0.206887
-0.1872 0.188177
-0.1713 0.161727
-0.1587 0.138173
-0.1482 0.119987
-0.1391 0.105518
-0.1309 0.093717
-0.1233 0.083888
-0.1161 0.075546
-0.1092 0.068335
-0.1020 0.112870
-0.0846 0.092197
-0.0658 0.070812
-0.0446 0.047588
-0.0202 0.021485
0.0079 -0.007911
0.0383 -0.039319
0.0674 -0.069163
0.0911 -0.093165
0.1068 -0.108910
0.1145 -0.116475
0.1121 -0.169980
0.0997 -0.150879
0.0863 -0.130586
0.0722 -0.109080
0.0569 -0.086023
0.0402 -0.060805
0.0215 -0.031807
-0.0000 -0.000275
-0.0262 0.030569
-0.0594 0.062812
-0.1010 0.097153
-0.1484 0.131024
-0.1959 0.160047
-0.2393 0.168900
-0.2794 0.163115
-0.3161 0.152638
-0.3497 0.139661
-0.3808 0.125735
-0.3815 0.294810
-0.3808 0.276234
-0.3837 0.263345
-0.3878 0.253646
-0.3903 0.244857
-0.3891 0.235588
-0.3841 0.225541
-0.3759 0.215070
-0.3657 0.204683
-0.3545 0.194787
-0.3432 0.185630
-0.3322 0.177319
-0.3217 0.169861
-0.3120 0.163208
-0.3029 0.157279
-0.2946 0.151987
-0.2870 0.147248
-0.2799 0.142984
-0.2733 0.139137
-0.2678 0.125684
-0.2469 0.220083
-0.2281 0.188550
-0.2144 0.165650
-0.2040 0.148487
-0.1959 0.135173
-0.1890 0.124494
-0.1829 0.115715
-0.1775 0.108403
-0.1726 0.102294
-0.1684 0.097209
-0.1648 0.093018
-0.1618 0.089616
-0.1492 0.156067
-0.1320 0.137078
-0.1150 0.118803
-0.0977 0.100408
-0.0791 0.081026
-0.0584 0.059659
-0.0344 0.035186
-0.0063 0.006685
0.0256 -0.025516
0.0582 -0.058446
0.0866 -0.087031
0.1068 -0.107303
0.1179 -0.118422
0.1213 -0.121781
0.1189 -0.119401
0.1126 -0.113008
0.1034 -0.102231
0.0880 -0.116964
0.0714 -0.084690
0.0550 -0.058774
0.0369 -0.035907
0.0152 -0.013684
-0.0127 0.010133
-0.0499 0.037804
-0.0986 0.070482
-0.1557 0.105553
-0.2120 0.137312
-0.2605 0.162138
-0.2851 0.307884
-0.2961 0.290041
-0.3073 0.275521
-0.3178 0.263070
-0.3264 0.251666
-0.3322 0.240585
-0.3351 0.229644
-0.3353 0.219033
-0.3335 0.209031
-0.3304 0.199839
-0.3264 0.191535
-0.3220 0.184110
-0.3174 0.177502
-0.3126 0.171627
-0.3078 0.166395
-0.3031 0.161719
-0.2985 0.157521
-0.2940 0.153732
-0.2802 0.285371
-0.2540 0.245048
-0.2363 0.209820
-0.2244 0.184801
-0.2161 0.166447
-0.2102 0.152546
-0.2059 0.141738
-0.2027 0.133189
-0.2002 0.126370
-0.1984 0.120928
-0.1972 0.116620
-0.1965 0.113270
-0.1964 0.110737
-0.1969 0.108907
-0.1978 0.107680
-0.1992 0.106971
-0.1964 0.202691
-0.1803 0.185096
-0.1662 0.169943
-0.1536 0.156529
-0.1421 0.144350
-0.1313 0.133027
-0.1209 0.122258
-0.1107 0.111791
-0.1006 0.101415
-0.0903 0.090941
-0.0797 0.080194
-0.0686 0.068986
-0.0568 0.057091
-0.0440 0.044258
-0.0301 0.030278
-0.0149 0.014573
0.0010 -0.000764
0.0175 -0.014222
0.0340 -0.024416
0.0499 -0.029727
0.0649 -0.031986
0.0783 -0.031901
0.0893 -0.030108
0.0975 -0.027195
0.1026 -0.023673
0.0986 -0.068203
0.0888 -0.058474
0.0773 -0.048813
0.0639 -0.038924
0.0459 -0.050183
0.0224 -0.024286
-0.0049 0.004855
-0.0381 0.039604
-0.0789 0.081713
-0.1253 0.129159
-0.1706 0.175037
-0.2081 0.212705
-0.2355 0.239836
-0.2535 0.257407
-0.2641 0.267561
-0.2698 0.263592
-0.2752 0.246064
-0.2807 0.231810
-0.2860 0.220067
-0.2910 0.210302
-0.2954 0.202126
-0.2993 0.195233
-0.3025 0.188540
-0.2977 0.303424
-0.2815 0.262523
-0.2720 0.234022
-0.2665 0.213306
-0.2634 0.197654
-0.2616 0.185365
-0.2603 0.175406
-0.2592 0.167174
-0.2582 0.160324
-0.2574 0.154633
-0.2567 0.149929
-0.2562 0.146054
-0.2559 0.142868
-0.2556 0.140246
-0.2448 0.254936
-0.2242 0.231986
-0.2076 0.213610
-0.1938 0.198486
-0.1821 0.185761
-0.1720 0.174869
-0.1631 0.165428
-0.1554 0.157184
-0.1485 0.149974
-0.1425 0.143686
-0.1372 0.138182
-0.1325 0.133273
-0.1281 0.128767
-0.1240 0.124520
-0.1200 0.120452
-0.1171 0.108201
-0.1163 0.098929
-0.1177 0.090420
-0.1227 0.077944
-0.1322 0.069409
-0.1463 0.063470
-0.1623 0.139274
-0.1676 0.133379
-0.1749 0.130264
-0.1843 0.129416
-0.1955 0.130433
-0.2078 0.132614
-0.2201 0.135156
-0.2312 0.137443
-0.2407 0.139146
-0.2483 0.140170
-0.2540 0.140559
-0.2416 0.252434
-0.2248 0.233159
-0.2106 0.217077
-0.1983 0.203373
-0.1875 0.191521
-0.1780 0.181174
-0.1696 0.172100
-0.1622 0.164147
-0.1557 0.157222
-0.1500 0.151289
-0.1454 0.146354
-0.1416 0.142432
-0.1405 0.121236
-0.1361 0.165577
-0.1306 0.143005
-0.1284 0.127694
-0.1291 0.117528
-0.1319 0.110937
-0.1362 0.106728
-0.1417 0.104183
-0.1480 0.102931
-0.1551 0.102764
-0.1630 0.103536
-0.1717 0.105101
-0.1809 0.107300
-0.1904 0.109968
-0.2002 0.112956
-0.2098 0.116137
-0.2124 0.221926
-0.2023 0.209867
-0.1941 0.200168
-0.1872 0.192052
-0.1810 0.184948
-0.1753 0.178471
-0.1698 0.172366
-0.1644 0.166471
-0.1590 0.160705
-0.1537 0.155049
-0.1353 0.203632
-0.1171 0.176281
-0.0997 0.150007
-0.0823 0.123882
-0.0646 0.097202
-0.0461 0.069528
-0.0269 0.040710
-0.0072 0.010658
0.0124 -0.014521
0.0321 -0.031561
0.0518 -0.042293
0.0704 -0.047755
0.0867 -0.048835
0.0926 -0.089586
0.0932 -0.082775
0.0908 -0.074641
0.0856 -0.065740
0.0780 -0.056365
0.0680 -0.046587
0.0555 -0.036285
0.0399 -0.025124
0.0204 -0.012498
-0.0047 0.002581
-0.0380 0.021531
-0.0820 0.045633
-0.1353 0.074070
-0.1903 0.102716
-0.2387 0.127302
-0.2773 0.138453
-0.3098 0.127951
-0.3380 0.115464
-0.3626 0.102457
-0.3843 0.089802
-0.4035 0.077976
-0.4205 0.067207
-0.4356 0.057578
-0.4261 0.258729
-0.4047 0.238201
-0.3891 0.223067
-0.3776 0.211644
-0.3644 0.382755
-0.3269 0.340443
-0.2986 0.308809
-0.2761 0.283989
-0.2576 0.263682
-0.2417 0.246456
-0.2277 0.231394
-0.2150 0.217911
-0.2033 0.205633
-0.1925 0.194315
-0.1823 0.183780
-0.1727 0.173888
-0.1636 0.164512
-0.1505 0.226735
-0.1282 0.188261
-0.1088 0.151412
-0.0909 0.120724
-0.0733 0.093438
-0.0549 0.067579
-0.0348 0.041622
-0.0123 0.014513
0.0126 -0.013948
0.0385 -0.042487
0.0628 -0.068342
0.0824 -0.088560
0.0893 -0.139657
0.0888 -0.138022
0.0843 -0.130048
0.0776 -0.112406
0.0693 -0.095119
0.0598 -0.074116
0.0491 -0.054606
0.0364 -0.036704
0.0207 -0.019173
0.0006 -0.000734
-0.0259 0.020102
-0.0613 0.044840
-0.1066 0.073790
-0.1581 0.104245
-0.2082 0.131634
-0.2532 0.132885
-0.2934 0.127370
-0.3287 0.118023
-0.3598 0.106830
-0.3873 0.095109
-0.4120 0.083657
-0.4342 0.072917
-0.4216 0.268964
-0.4091 0.251168
-0.4015 0.238566
-0.3972 0.229558
-0.3941 0.222439
-0.3900 0.215758
-0.3837 0.208778
-0.3754 0.201392
-0.3655 0.193815
-0.3549 0.186335
-0.3441 0.179183
-0.3336 0.172502
-0.3235 0.166352
-0.3141 0.160741
-0.3053 0.155643
-0.2972 0.151014
-0.2897 0.146796
-0.2827 0.142931
-0.2762 0.139369
-0.2537 0.254902
-0.2279 0.220428
-0.2089 0.185972
-0.1948 0.160882
-0.1838 0.141913
-0.1748 0.127103
-0.1671 0.115255
-0.1604 0.105622
-0.1545 0.097713
-0.1375 0.152823
-0.1179 0.128941
-0.0977 0.154532
-0.0670 0.105247
-0.0342 0.053660
0.0015 -0.001718
0.0382 -0.058174
0.0710 -0.108249
0.0950 -0.144742
0.1089 -0.165607
0.1140 -0.173091
0.1127 -0.170752
0.1068 -0.161722
0.0980 -0.148232
0.0872 -0.131678
0.0747 -0.112795
0.0608 -0.091819
0.0455 -0.066767
0.0288 -0.039538
0.0098 -0.012119
-0.0135 0.013760
-0.0439 0.037506
-0.0847 0.060041
-0.1365 0.080070
-0.1938 0.094133
-0.2495 0.100250
-0.2993 0.099506
-0.3427 0.094244
-0.3582 0.260321
-0.3640 0.250281
-0.3713 0.243225
-0.3792 0.238197
-0.3859 0.233859
-0.3896 0.228963
-0.3894 0.222959
-0.3856 0.215959
-0.3791 0.208392
-0.3709 0.200716
-0.3619 0.193283
-0.3527 0.186296
-0.3437 0.179836
-0.3349 0.173893
-0.3264 0.168421
-0.3183 0.163368
-0.3106 0.158687
-0.3032 0.154343
-0.2962 0.150305
-0.2895 0.146550
-0.2836 0.133624
-0.2815 0.110746
-0.2828 0.092910
-0.2866 0.078621
-0.2826 0.205936
-0.2645 0.182760
-0.2508 0.165387
-0.2402 0.152059
-0.2317 0.141569
-0.2245 0.133082
-0.2183 0.126062
-0.2080 0.221664
-0.1842 0.194373
-0.1632 0.170781
-0.1384 0.213340
-0.1065 0.163564
-0.0748 0.114695
-0.0411 0.063079
-0.0040 0.006653
0.0350 -0.052494
0.0707 -0.106485
0.0973 -0.146662
0.1128 -0.170000
0.1186 -0.178682
0.1172 -0.176590
0.1110 -0.165356
0.1027 -0.144265
0.0929 -0.124112
0.0817 -0.104381
0.0686 -0.084477
0.0534 -0.063656
0.0354 -0.038165
0.0140 -0.012583
-0.0141 0.010087
-0.0533 0.031955
-0.1073 0.053394
-0.1733 0.071437
-0.2408 0.082166
-0.3016 0.085154
-0.3534 0.082552
-0.3725 0.258095
-0.3805 0.250911
-0.3874 0.244813
-0.3928 0.239242
-0.3954 0.233349
-0.3942 0.226517
-0.3893 0.218720
-0.3817 0.210339
-0.3722 0.201855
-0.3620 0.193663
-0.3516 0.186005
-0.3416 0.178995
-0.3321 0.172653
-0.3233 0.166946
-0.3151 0.161817
-0.3075 0.157197
-0.3004 0.153024
-0.2940 0.149245
-0.2880 0.145821
-0.2825 0.142723
-0.2728 0.254430
-0.2500 0.215231
-0.2339 0.187482
-0.2224 0.167191
-0.2139 0.151917
-0.2074 0.140086
-0.2022 0.130706
-0.1979 0.123163
-0.1944 0.117075
-0.1917 0.112194
-0.1897 0.108344
-0.1884 0.105388
-0.1878 0.103214
-0.1743 0.181716
-0.1583 0.163912
-0.1437 0.147994
-0.1301 0.133338
-0.1170 0.119463
-0.1041 0.105943
-0.0909 0.092351
-0.0772 0.078228
-0.0623 0.063075
-0.0458 0.046345
-0.0271 0.027477
-0.0058 0.006098
0.0177 -0.017491
0.0418 -0.041739
0.0639 -0.063899
0.0814 -0.076929
0.0938 -0.079289
0.1019 -0.071257
0.1061 -0.061364
0.1064 -0.050931
0.1033 -0.040877
0.0971 -0.031798
0.0885 -0.023977
0.0779 -0.017438
0.0650 -0.012041
0.0494 -0.007574
0.0298 -0.003795
0.0040 -0.000450
-0.0319 0.002723
-0.0831 0.005893
-0.1434 0.079847
-0.1984 0.108562
-0.2452 0.132247
-0.2819 0.150157
-0.3096 0.163191
-0.3298 0.172320
-0.3438 0.178307
-0.3527 0.181799
-0.3576 0.183365
-0.3594 0.183498
-0.3589 0.182605
-0.3568 0.181002
-0.3536 0.178928
-0.3496 0.176562
-0.3452 0.174031
-0.3405 0.171424
-0.3357 0.168804
-0.3309 0.162118
-0.3294 0.134748
-0.3118 0.262406
-0.2922 0.229408
-0.2789 0.205825
-0.2697 0.188484
-0.2633 0.175358
-0.2585 0.165071
-0.2546 0.156752
-0.2512 0.149901
-0.2484 0.144229
-0.2459 0.139545
-0.2439 0.135706
-0.2424 0.132595
-0.2316 0.240893
-0.2109 0.218032
-0.1940 0.199413
-0.1796 0.183856
-0.1673 0.170580
-0.1565 0.159047
-0.1468 0.148877
-0.1382 0.139799
-0.1304 0.131639
-0.1233 0.124283
-0.1168 0.117606
-0.1108 0.111446
-0.1051 0.105636
-0.0996 0.100034
-0.0942 0.094540
-0.0889 0.085963
-0.0850 0.075315
-0.0828 0.065989
-0.0833 0.054882
-0.0875 0.047631
-0.0960 0.043204
-0.1098 0.040831
-0.1243 0.100260
-0.1352 0.101839
-0.1488 0.105563
-0.1650 0.111036
-0.1831 0.117729
-0.2019 0.124792
-0.2198 0.131368
-0.2357 0.136884
-0.2489 0.141112
-0.2595 0.144073
-0.2674 0.145927
-0.2731 0.146875
-0.2769 0.147119
-0.2792 0.146839
-0.2804 0.146195
-0.2807 0.145321
-0.2804 0.144324
-0.2798 0.143279
-0.2789 0.142245
-0.2779 0.141271
-0.2770 0.140400
-0.2762 0.139672
-0.2757 0.139121
-0.2754 0.138771
-0.2770 0.120549
-0.2824 0.102648
-0.2655 0.213247
-0.2538 0.191141
-0.2459 0.174911
-0.2403 0.162532
-0.2355 0.152470
-0.2308 0.143823
-0.2260 0.136237
-0.2213 0.129631
-0.2169 0.124001
-0.2131 0.119332
-0.2101 0.115555
-0.2078 0.112563
-0.2061 0.110233
-0.2049 0.108436
-0.2042 0.107051
-0.2037 0.105985
-0.2035 0.105183
-0.2035 0.104617
-0.1857 0.188073
-0.1689 0.170717
-0.1535 0.154931
-0.1324 0.199927
-0.1053 0.158921
-0.0783 0.118212
-0.0497 0.075257
-0.0185 0.028303
0.0148 -0.028523
0.0454 -0.085238
0.0696 -0.126659
0.0857 -0.151653
0.0941 -0.162333
0.0960 -0.162192
0.0933 -0.150793
0.0882 -0.133289
0.0812 -0.115604
0.0728 -0.092216
0.0642 -0.067341
0.0549 -0.047678
0.0438 -0.031525
0.0298 -0.017757
0.0110 -0.005487
-0.0153 0.006103
-0.0532 0.017730
-0.1063 0.029406
-0.1718 0.039383
-0.2386 0.045327
-0.2980 0.046870
-0.3471 0.045206
-0.3867 0.041693
-0.4184 0.037334
-0.4436 0.032762
-0.4638 0.028346
-0.4800 0.024278
-0.4931 0.020640
-0.4748 0.252586
-0.4471 0.235360
-0.4263 0.222443
-0.4107 0.212778
-0.3988 0.205373
-0.3888 0.199203
-0.3792 0.193486
-0.3693 0.187792
-0.3589 0.181988
-0.3481 0.176116
-0.3373 0.170291
-0.3266 0.164631
-0.3163 0.159222
-0.2871 0.288032
-0.2560 0.256720
-0.2307 0.231218
-0.2093 0.209707
