0.6633
0.6070
0.5551
0.4471
0.3626
0.2984
0.2659
0.2547
0.2544
0.2557
0.2571
0.2576
0.2572
0.2570
0.2579
0.2569
0.2576
0.2577
0.2576
0.2572
0.2576
0.2574
0.2576
0.2571
0.2576
0.2574
0.2571
0.2572
0.2578
0.2576
0.2575
0.2571
0.2572
0.2576
0.2571
0.2579
0.2574
0.2579
0.2573
0.2572
0.2580
0.2575
0.2571
0.2573
0.2569
0.2580
0.2571
0.2571
0.2569
0.2579
0.2570
0.2572
0.2569
0.2576
0.2572
0.2577
0.2577
0.2569
0.2581
0.2572
0.2577
0.2576
0.2578
0.2580
0.2577
0.2576
0.2571
0.2571
0.2575
0.2573
0.2571
0.2579
0.2574
0.2574
0.2576
0.2574
0.2574
0.2577
0.2573
0.2570
0.2574
0.2569
0.2574
0.2579
0.2579
0.2572
0.2573
0.2578
0.2574
0.2575
0.2573
0.2577
0.2581
0.2568
0.2574
0.2575
0.2572
0.2575
0.2571
0.2570
0.2573
0.2578
0.2574
0.2572
0.2578
0.2578
0.2582
0.2575
0.2572
0.2572
0.2573
0.2575
0.2574
0.2574
0.2576
0.2573
0.2571
0.2571
0.2575
0.2574
0.2576
0.2575
0.2576
0.2573
0.2567
0.2571
0.2580
0.2576
0.2575
0.2579
0.2576
0.2577
0.2574
0.2573
0.2577
0.2573
0.2583
0.2572
0.2574
0.2574
0.2566
0.2573
0.2574
0.2576
0.2577
0.2574
0.2575
0.2575
0.2575
0.2575
