-0.3091 0.232972
-0.3032 0.228369
-0.2974 0.223871
-0.2924 0.206234
-0.2897 0.187802
-0.2779 0.271092
-0.2615 0.244936
-0.2493 0.225455
-0.2400 0.210563
-0.2325 0.198886
-0.2262 0.189404
-0.2206 0.181386
-0.2154 0.174391
-0.2104 0.168170
-0.2056 0.162588
-0.2010 0.157570
-0.1967 0.153055
-0.1927 0.148975
-0.1889 0.145259
-0.1852 0.141845
-0.1820 0.133660
-0.1807 0.121993
-0.1803 0.180474
-0.1695 0.162631
-0.1607 0.148610
-0.1533 0.137381
-0.1471 0.128263
-0.1418 0.120784
-0.1372 0.114599
-0.1333 0.109451
-0.1299 0.105148
-0.1270 0.101550
-0.1246 0.098566
-0.1226 0.096148
-0.1211 0.094282
-0.1206 0.087455
-0.1223 0.081280
-0.1262 0.077587
-0.1325 0.075940
-0.1411 0.076004
-0.1518 0.077475
-0.1644 0.080055
-0.1786 0.078735
-0.1957 0.071331
-0.2153 0.064897
-0.2366 0.058965
-0.2586 0.053307
-0.2807 0.047857
-0.3025 0.042640
-0.3234 0.037710
-0.3436 0.033124
-0.3627 0.028922
-0.3810 0.025122
-0.3984 0.021724
-0.4150 0.018715
-0.4103 0.168952
-0.4002 0.162225
-0.3932 0.157347
-0.3886 0.153806
-0.3848 0.150895
-0.3798 0.147825
-0.3726 0.144122
-0.3631 0.139723
-0.3519 0.134814
-0.3396 0.129651
-0.3270 0.124459
-0.3145 0.119398
-0.3024 0.114565
-0.2909 0.110014
-0.2800 0.105764
-0.2699 0.101818
-0.2605 0.098169
-0.2518 0.094805
-0.2437 0.091713
-0.2287 0.171872
-0.2063 0.154988
-0.1859 0.139077
-0.1680 0.115327
-0.1520 0.096533
-0.1366 0.080909
-0.1207 0.067214
-0.1033 0.054454
-0.0828 0.041640
-0.0571 0.027569
-0.0226 0.010646
0.0243 -0.010669
0.0783 -0.063121
0.1260 -0.100643
0.1589 -0.125797
0.1716 -0.199131
0.1680 -0.194049
0.1597 -0.183782
0.1488 -0.170632
0.1364 -0.155937
0.1231 -0.140404
0.1092 -0.124338
0.0948 -0.107783
0.0798 -0.090596
0.0638 -0.072460
0.0466 -0.052874
0.0273 -0.031093
0.0051 -0.006063
-0.0212 0.023564
-0.0528 0.056995
-0.0905 0.089868
-0.1335 0.118308
-0.1774 0.141612
-0.2177 0.157916
-0.2521 0.166933
-0.2823 0.154569
-0.3099 0.140331
-0.3352 0.125531
-0.3586 0.111036
-0.3803 0.097363
-0.4005 0.084778
-0.4192 0.073384
-0.4366 0.063189
-0.4246 0.210021
-0.4156 0.196926
-0.4093 0.186939
-0.4044 0.178971
-0.3994 0.172087
-0.3931 0.165613
-0.3853 0.159241
-0.3761 0.152951
-0.3660 0.146852
-0.3556 0.141065
-0.3453 0.135677
-0.3353 0.130724
-0.3259 0.126206
-0.3170 0.122101
-0.3087 0.118374
-0.3010 0.114992
-0.2939 0.111923
-0.2874 0.109140
-0.2813 0.106621
-0.2758 0.104347
-0.2711 0.095674
-0.2694 0.079388
-0.2706 0.066572
-0.2739 0.056262
-0.2770 0.151419
-0.2637 0.136660
-0.2533 0.125306
-0.2452 0.116429
-0.2384 0.109301
-0.2324 0.103347
-0.2267 0.098211
-0.2212 0.093708
-0.2159 0.089744
-0.2109 0.086260
-0.2063 0.083210
-0.2021 0.080560
-0.1983 0.078279
-0.1950 0.076336
-0.1921 0.074696
-0.1850 0.141025
-0.1694 0.128750
-0.1543 0.117075
-0.1394 0.105590
-0.1241 0.093883
-0.1005 0.113853
-0.0732 0.082932
-0.0418 0.047518
-0.0046 0.005592
0.0379 -0.042192
0.0797 -0.089348
0.1128 -0.126734
0.1333 -0.149965
0.1424 -0.157796
0.1440 -0.150758
0.1408 -0.140225
0.1342 -0.127973
0.1252 -0.114948
0.1143 -0.099173
0.1026 -0.080344
0.0900 -0.064142
0.0759 -0.047029
0.0600 -0.030761
0.0408 -0.017329
0.0159 -0.005654
-0.0185 0.005236
-0.0680 0.016110
-0.1352 0.026567
-0.2109 0.034340
-0.2812 0.037895
-0.3395 0.037865
-0.3858 0.035592
-0.4055 0.182998
-0.4086 0.179016
-0.4088 0.174623
-0.4066 0.170015
-0.4029 0.165482
-0.3982 0.161071
-0.3924 0.156734
-0.3857 0.152457
-0.3785 0.148272
-0.3709 0.144229
-0.3632 0.140373
-0.3556 0.136731
-0.3482 0.133313
-0.3411 0.130119
-0.3342 0.127141
-0.3277 0.124370
-0.3216 0.121795
-0.3158 0.119399
-0.3118 0.100732
-0.2991 0.192915
-0.2818 0.169184
-0.2690 0.151494
-0.2593 0.137987
-0.2517 0.127415
-0.2454 0.118939
-0.2401 0.112019
-0.2355 0.106311
-0.2315 0.101577
-0.2280 0.097641
-0.2250 0.094370
-0.2224 0.091659
-0.2202 0.089424
-0.2185 0.087595
-0.2171 0.086114
-0.2077 0.159665
-0.1925 0.147370
-0.1787 0.136339
-0.1658 0.126179
-0.1535 0.116567
-0.1415 0.107223
-0.1293 0.097883
-0.1168 0.088265
-0.1033 0.078035
-0.0884 0.066757
-0.0713 0.053834
-0.0508 0.038433
-0.0256 0.019489
0.0056 -0.003920
0.0422 -0.028751
0.0805 -0.050740
0.1139 -0.066830
0.1376 -0.075776
0.1509 -0.077588
0.1564 -0.066508
0.1564 -0.055036
0.1525 -0.044355
0.1454 -0.034981
0.1359 -0.027048
0.1246 -0.020501
0.1116 -0.015193
0.0972 -0.010936
0.0809 -0.007531
0.0621 -0.004790
0.0396 -0.002533
0.0109 -0.000590
-0.0284 0.001212
-0.0838 0.002986
-0.1508 0.060774
-0.2127 0.084755
-0.2645 0.104366
-0.3041 0.119007
-0.3334 0.129535
-0.3544 0.136881
-0.3688 0.141743
-0.3779 0.144659
-0.3830 0.146078
-0.3849 0.146379
-0.3844 0.145868
-0.3823 0.144786
-0.3791 0.143315
-0.3750 0.141586
-0.3704 0.139694
-0.3655 0.137706
-0.3604 0.135670
-0.3552 0.133623
-0.3517 0.112298
-0.3516 0.093748
-0.3538 0.078766
-0.3575 0.066458
-0.3621 0.056220
-0.3673 0.047629
-0.3729 0.040375
-0.3785 0.034224
-0.3840 0.028996
-0.3892 0.024546
-0.3690 0.157883
-0.3512 0.147196
-0.3363 0.138523
-0.3235 0.131277
-0.3120 0.125016
-0.3013 0.119467
-0.2913 0.114484
-0.2820 0.109986
-0.2733 0.105917
-0.2652 0.102230
-0.2410 0.183026
-0.2188 0.165861
-0.1991 0.150707
-0.1812 0.136911
-0.1642 0.123948
-0.1476 0.111349
-0.1308 0.098640
-0.1131 0.085257
-0.0935 0.070442
-0.0704 0.053093
-0.0417 0.031613
-0.0050 0.004085
0.0405 -0.030030
0.0889 -0.066392
0.1294 -0.096918
0.1559 -0.116872
0.1687 -0.126557
0.1720 -0.118800
0.1696 -0.107921
0.1643 -0.086913
0.1575 -0.068923
0.1494 -0.054058
0.1399 -0.041860
0.1290 -0.031911
0.1165 -0.023831
0.1021 -0.017281
0.0854 -0.011958
0.0654 -0.007581
0.0379 -0.017957
0.0019 -0.001064
-0.0459 0.019969
-0.1094 0.046647
-0.1820 0.076071
-0.2489 0.102270
-0.3019 0.122248
-0.3405 0.136135
-0.3667 0.145093
-0.3835 0.150360
-0.3931 0.152979
-0.3975 0.153750
-0.3983 0.153252
-0.3965 0.151904
-0.3930 0.150002
-0.3883 0.147758
-0.3828 0.145318
-0.3769 0.142787
-0.3708 0.140235
-0.3647 0.133367
-0.3614 0.110349
-0.3611 0.092073
-0.3628 0.077247
-0.3658 0.065036
-0.3696 0.054871
-0.3738 0.046347
-0.3783 0.039163
-0.3828 0.033090
-0.3871 0.027947
-0.3912 0.023587
-0.3951 0.019893
-0.3987 0.016763
-0.4019 0.014113
-0.4048 0.011871
-0.4074 0.009975
-0.4095 0.008374
-0.4112 0.007022
-0.4125 0.005882
-0.4133 0.004922
-0.3863 0.148781
-0.3628 0.139140
-0.3429 0.131021
-0.3256 0.124056
-0.3103 0.117925
-0.2759 0.208268
-0.2469 0.186190
-0.2216 0.167008
-0.1989 0.149778
-0.1777 0.133754
-0.1572 0.118275
-0.1364 0.102658
-0.1144 0.086075
-0.0894 0.067373
-0.0594 0.044820
-0.0208 0.015962
0.0287 -0.021124
0.0846 -0.063097
0.1336 -0.099956
0.1664 -0.124640
0.1828 -0.137098
0.1871 -0.140363
0.1833 -0.137586
0.1747 -0.131131
0.1639 -0.114069
0.1529 -0.094649
0.1427 -0.073028
0.1328 -0.056176
0.1183 -0.085836
0.1001 -0.066590
0.0823 -0.050607
0.0634 -0.036421
0.0420 -0.038574
0.0142 -0.012820
-0.0188 0.015854
-0.0593 0.049583
-0.1074 0.088326
-0.1577 0.127799
-0.2025 0.162078
-0.2376 0.188185
-0.2628 0.206342
-0.2799 0.218094
-0.2908 0.225126
-0.2972 0.228830
-0.3003 0.230243
-0.3013 0.230103
-0.3007 0.228928
-0.2990 0.227083
-0.2978 0.210840
-0.2988 0.195132
-0.3019 0.171811
-0.3086 0.145818
-0.3180 0.124733
-0.3290 0.107120
-0.3408 0.092119
-0.3529 0.079187
-0.3648 0.067961
-0.3762 0.058187
-0.3868 0.049678
-0.3965 0.042285
-0.4053 0.035884
-0.4130 0.030362
-0.4196 0.025617
-0.4252 0.021555
-0.4297 0.018091
-0.4333 0.015148
-0.4359 0.012655
-0.4376 0.010550
-0.4384 0.008779
-0.4385 0.007293
-0.4380 0.006050
-0.4370 0.005013
-0.4355 0.004149
-0.4337 0.003432
-0.4317 0.002837
-0.4156 0.158218
-0.3702 0.279721
-0.3244 0.244809
-0.2877 0.216896
-0.2574 0.193889
-0.2314 0.174241
-0.2084 0.156813
-0.1871 0.140755
-0.1667 0.125376
-0.1463 0.110022
-0.1249 0.093952
-0.1012 0.076180
-0.0733 0.055228
-0.0379 0.043169
0.0095 -0.010085
0.0627 -0.070006
0.1108 -0.124244
0.1440 -0.161707
0.1611 -0.181140
0.1660 -0.184314
0.1640 -0.171941
0.1581 -0.157618
0.1497 -0.142841
0.1396 -0.128323
0.1284 -0.114310
0.1164 -0.100788
0.1038 -0.083602
0.0912 -0.066701
0.0739 -0.077376
0.0549 -0.054662
0.0345 -0.033049
0.0115 -0.010730
-0.0163 0.013212
-0.0511 0.038184
-0.0948 0.064996
-0.1447 0.091805
-0.1942 0.114875
-0.2374 0.131904
-0.2722 0.143061
-0.2991 0.149668
-0.3193 0.153112
-0.3343 0.154481
-0.3453 0.154537
-0.3532 0.153789
-0.3587 0.152571
-0.3624 0.151091
-0.3647 0.149482
-0.3673 0.128977
-0.3727 0.108264
-0.3797 0.091253
-0.3875 0.077045
-0.3955 0.065052
-0.4032 0.054868
-0.4103 0.046202
-0.4168 0.038828
-0.4226 0.032567
-0.4276 0.027265
-0.4319 0.022786
-0.4355 0.019012
-0.4386 0.015839
-0.4410 0.013177
-0.4428 0.010947
-0.4440 0.009083
-0.4447 0.007526
-0.4448 0.006229
-0.4443 0.005148
-0.4433 0.004250
-0.4232 0.162102
-0.3942 0.150476
-0.3565 0.269632
-0.3141 0.237231
-0.2796 0.210970
-0.2508 0.189033
-0.2258 0.170113
-0.2036 0.153252
-0.1830 0.137707
-0.1633 0.122832
-0.1436 0.107998
-0.1229 0.092489
-0.1001 0.075364
-0.0733 0.055239
-0.0396 0.030040
0.0041 -0.002683
0.0576 -0.042796
0.1111 -0.082964
0.1517 -0.113602
0.1755 -0.131543
0.1850 -0.137820
0.1856 -0.126455
0.1812 -0.113851
0.1734 -0.101342
0.1632 -0.089523
0.1522 -0.070660
0.1413 -0.054234
0.1300 -0.041253
0.1124 -0.071775
0.0926 -0.054923
0.0726 -0.040329
0.0474 -0.042830
0.0190 -0.016845
-0.0142 0.011802
-0.0550 0.045504
-0.1039 0.084659
-0.1556 0.125226
-0.2024 0.161006
-0.2394 0.188701
-0.2667 0.208449
-0.2857 0.221819
-0.2986 0.230491
-0.3070 0.235821
-0.3121 0.238795
-0.3149 0.240117
-0.3163 0.232447
-0.3194 0.214788
-0.3239 0.201139
-0.3292 0.190355
-0.3345 0.181673
-0.3396 0.174550
-0.3456 0.151285
-0.3540 0.129086
-0.3638 0.110485
-0.3740 0.094620
-0.3841 0.080950
-0.3937 0.069113
-0.4024 0.058849
-0.4101 0.049964
-0.4167 0.042298
-0.4223 0.035708
-0.4268 0.030066
-0.4303 0.025255
-0.4328 0.021165
-0.4344 0.017697
-0.4350 0.014765
-0.4347 0.012294
-0.4336 0.010218
-0.4312 0.170245
-0.3914 0.300382
-0.3413 0.260960
-0.3017 0.229952
-0.2695 0.204884
-0.2425 0.183981
-0.2192 0.165976
-0.1983 0.149946
-0.1790 0.135185
-0.1605 0.121098
-0.1420 0.107114
-0.1228 0.092603
-0.1018 0.076758
-0.0774 0.058427
-0.0474 0.035901
-0.0089 0.006991
0.0394 -0.029216
0.0912 -0.068143
0.1345 -0.100701
0.1623 -0.121710
0.1758 -0.126803
0.1798 -0.118992
0.1777 -0.108763
0.1713 -0.097846
0.1621 -0.087114
0.1511 -0.073831
0.1400 -0.056552
0.1287 -0.042974
0.1167 -0.032236
0.1039 -0.023734
0.0900 -0.016997
0.0727 -0.038736
0.0497 -0.025170
0.0234 -0.011418
-0.0090 0.004019
-0.0515 0.022866
-0.1063 0.046025
-0.1683 0.071254
-0.2266 0.094101
-0.2743 0.112036
-0.3104 0.125026
-0.3367 0.134018
-0.3554 0.140048
-0.3684 0.143971
-0.3773 0.146435
-0.3834 0.147909
-0.3873 0.148728
-0.3748 0.284050
-0.3569 0.253715
-0.3472 0.226604
-0.3430 0.207331
-0.3422 0.193219
-0.3431 0.182481
-0.3446 0.173898
-0.3456 0.166678
-0.3458 0.160355
-0.3450 0.154677
-0.3432 0.149512
-0.3406 0.144788
-0.3373 0.140460
-0.3335 0.136499
-0.3294 0.132889
-0.3253 0.129617
-0.3211 0.126666
-0.3172 0.120651
-0.3158 0.100260
-0.3173 0.084088
-0.3207 0.070944
-0.3039 0.170150
-0.2813 0.254563
-0.2534 0.222881
-0.2310 0.198270
-0.2123 0.178401
-0.1960 0.161758
-0.1812 0.147311
-0.1673 0.134339
-0.1540 0.122306
-0.1407 0.110770
-0.1271 0.099321
-0.1127 0.087521
-0.0969 0.074841
-0.0787 0.060577
-0.0570 0.043737
-0.0299 0.022987
0.0043 -0.002982
0.0450 -0.033836
0.0868 -0.065391
0.1215 -0.086391
0.1456 -0.095184
0.1592 -0.096445
0.1642 -0.092926
0.1628 -0.086778
0.1569 -0.079406
0.1481 -0.071607
0.1378 -0.056423
0.1272 -0.043058
0.1158 -0.032426
0.0962 -0.058423
0.0764 -0.043363
0.0553 -0.029622
0.0313 -0.015984
0.0020 -0.001104
-0.0363 0.016655
-0.0867 0.038676
-0.1472 0.063934
-0.2079 0.088224
-0.2598 0.108063
-0.3001 0.122760
-0.3301 0.133113
-0.3519 0.140200
-0.3676 0.144960
-0.3787 0.148105
-0.3761 0.287249
-0.3604 0.265669
-0.3520 0.237366
-0.3490 0.217182
-0.3492 0.202350
-0.3512 0.191061
-0.3536 0.182029
-0.3555 0.174390
-0.3562 0.167633
-0.3557 0.161506
-0.3540 0.155909
-0.3515 0.150812
-0.3483 0.146203
-0.3448 0.142061
-0.3411 0.138345
-0.3373 0.135003
-0.3334 0.131984
-0.3294 0.129238
-0.3255 0.126285
-0.3236 0.104805
-0.3248 0.087798
-0.3280 0.074017
-0.3325 0.062645
-0.3198 0.170316
-0.3054 0.154671
-0.2937 0.142383
-0.2704 0.227754
-0.2458 0.203273
-0.2252 0.183425
-0.2075 0.166792
-0.1917 0.152376
-0.1770 0.139453
-0.1631 0.127480
-0.1494 0.116026
-0.1356 0.104699
-0.1211 0.093099
-0.1054 0.080747
-0.0877 0.067008
-0.0668 0.050972
-0.0410 0.031346
-0.0083 0.006597
0.0320 -0.023849
0.0759 -0.056988
0.1153 -0.079245
0.1444 -0.091506
0.1617 -0.095328
0.1691 -0.093473
0.1692 -0.088322
0.1641 -0.081495
0.1554 -0.073956
0.1445 -0.064402
0.1328 -0.048968
0.1173 -0.079869
0.0973 -0.061099
0.0774 -0.045250
0.0561 -0.030841
0.0318 -0.016611
0.0021 -0.001189
-0.0366 0.017085
-0.0875 0.039583
-0.1483 0.065185
-0.2089 0.089599
-0.2606 0.109394
-0.3008 0.123980
-0.3308 0.134227
-0.3527 0.141259
-0.3687 0.146035
-0.3803 0.149276
-0.3893 0.142220
-0.3802 0.257535
-0.3716 0.232188
-0.3683 0.214187
-0.3686 0.201128
-0.3709 0.191415
-0.3738 0.183801
-0.3761 0.177318
-0.3768 0.171355
-0.3756 0.165632
-0.3727 0.160091
-0.3684 0.154784
-0.3633 0.149791
-0.3577 0.145179
-0.3520 0.140979
-0.3463 0.137192
-0.3409 0.133791
-0.3356 0.130717
-0.3308 0.119792
-0.3289 0.099431
-0.3295 0.083166
-0.3318 0.069903
-0.3350 0.058930
-0.3346 0.174727
-0.3163 0.157486
-0.3016 0.144047
-0.2895 0.133357
-0.2789 0.229297
-0.2516 0.203873
-0.2290 0.183324
-0.2098 0.166177
-0.1928 0.151398
-0.1773 0.138210
-0.1626 0.126016
-0.1483 0.114334
-0.1338 0.102723
-0.1186 0.090717
-0.1019 0.077749
-0.0828 0.063045
-0.0598 0.045495
-0.0308 0.023564
0.0061 -0.004302
0.0504 -0.037665
0.0952 -0.069259
0.1323 -0.088305
0.1574 -0.097173
0.1709 -0.098391
0.1752 -0.094830
0.1730 -0.088661
0.1662 -0.081265
0.1476 -0.124690
0.1290 -0.105484
0.1122 -0.083157
0.0962 -0.065237
0.0799 -0.050011
0.0622 -0.036289
0.0421 -0.023068
0.0177 -0.009277
-0.0134 0.006431
-0.0549 0.025668
-0.1087 0.049179
-0.1698 0.074604
-0.2276 0.097546
-0.2756 0.115588
-0.3127 0.128767
-0.3405 0.138064
-0.3611 0.140985
-0.3792 0.122420
-0.3968 0.105901
-0.4100 0.244325
-0.3999 0.222988
-0.3948 0.207649
-0.3930 0.196397
-0.3931 0.187945
-0.3939 0.181314
-0.3943 0.175688
-0.3934 0.170454
-0.3905 0.165274
-0.3858 0.160061
-0.3796 0.154880
-0.3725 0.149851
-0.3649 0.145080
-0.3572 0.140631
-0.3496 0.136513
-0.3422 0.132706
-0.3350 0.129179
-0.3287 0.114898
-0.3257 0.095064
-0.3255 0.079309
-0.3271 0.066546
-0.3300 0.056052
-0.3317 0.171546
-0.3134 0.154718
-0.2884 0.245010
-0.2589 0.215755
-0.2351 0.192679
-0.2151 0.173830
-0.1977 0.157902
-0.1821 0.143979
-0.1676 0.131386
-0.1536 0.119596
-0.1397 0.108159
-0.1254 0.096640
-0.1102 0.084560
-0.0932 0.071314
-0.0734 0.056053
-0.0492 0.037566
-0.0185 0.014300
0.0200 -0.014842
0.0641 -0.048073
0.1054 -0.079291
0.1366 -0.096297
0.1561 -0.101219
0.1653 -0.099440
0.1667 -0.093752
0.1624 -0.086094
0.1542 -0.077633
0.1439 -0.061476
0.1329 -0.046946
0.1208 -0.035283
0.1072 -0.025889
0.0864 -0.049789
0.0628 -0.034042
0.0366 -0.018876
0.0056 -0.002876
-0.0339 0.015658
-0.0850 0.038167
-0.1457 0.063648
-0.2061 0.087891
-0.2572 0.107451
-0.2964 0.121711
-0.3252 0.131532
-0.3456 0.138039
-0.3598 0.142196
-0.3587 0.275133
-0.3446 0.263289
-0.3337 0.254188
-0.3270 0.230057
-0.3252 0.210291
-0.3262 0.195584
-0.3283 0.184042
-0.3303 0.174550
-0.3317 0.166497
-0.3324 0.159549
-0.3324 0.153505
-0.3318 0.148227
-0.3306 0.143599
-0.3290 0.139522
-0.3270 0.135911
-0.3248 0.132689
-0.3223 0.129796
-0.3196 0.127188
-0.3169 0.124839
-0.3141 0.122727
-0.3114 0.118336
-0.3111 0.098661
-0.3135 0.082999
-0.3104 0.185061
-0.2955 0.165387
-0.2845 0.150541
-0.2762 0.139110
-0.2534 0.217396
-0.2329 0.195701
-0.2156 0.177983
-0.2004 0.162963
-0.1867 0.149828
-0.1738 0.138037
-0.1617 0.127206
-0.1499 0.117029
-0.1382 0.107235
-0.1264 0.097556
-0.1141 0.087702
-0.1010 0.077326
-0.0864 0.065985
-0.0696 0.053072
-0.0495 0.037754
-0.0248 0.018977
0.0058 -0.004166
0.0417 -0.031205
0.0783 -0.058821
0.1093 -0.078051
0.1245 -0.128320
0.1308 -0.123459
0.1321 -0.111713
0.1296 -0.099040
0.1240 -0.086421
0.1158 -0.074319
0.1056 -0.062878
0.0933 -0.052034
0.0789 -0.041561
0.0620 -0.031067
0.0415 -0.019951
0.0155 -0.007277
-0.0193 0.008406
-0.0673 0.028914
-0.1297 0.054594
-0.1977 0.078150
-0.2609 0.085375
-0.3147 0.085213
-0.3459 0.207125
-0.3609 0.202114
-0.3724 0.196653
-0.3814 0.191284
-0.3883 0.186260
-0.3929 0.181360
-0.3948 0.176326
-0.3941 0.171108
-0.3911 0.165817
-0.3865 0.160618
-0.3810 0.155649
-0.3749 0.150997
-0.3687 0.146701
-0.3624 0.142767
-0.3562 0.139177
-0.3503 0.135905
-0.3446 0.132921
-0.3392 0.130199
-0.3340 0.127715
-0.3292 0.125453
-0.3247 0.123401
-0.3206 0.121553
-0.3180 0.104893
-0.3190 0.087845
-0.3225 0.074155
-0.3277 0.062919
-0.3338 0.053526
-0.3403 0.045565
-0.3425 0.166825
-0.3253 0.152434
-0.3111 0.140967
-0.2990 0.131640
-0.2881 0.231964
-0.2596 0.206722
-0.2359 0.186065
-0.2155 0.168615
-0.1974 0.153414
-0.1809 0.139773
-0.1653 0.127156
-0.1503 0.115115
-0.1352 0.103220
-0.1101 0.125342
-0.0830 0.094486
-0.0524 0.059720
-0.0161 0.018614
0.0265 -0.029455
0.0708 -0.079442
0.1080 -0.121502
0.1325 -0.149229
0.1444 -0.162747
0.1467 -0.165322
0.1424 -0.158203
