0.9091 12.0697
0.9051 10.6688
0.9006 9.4237
0.8955 8.3211
0.8898 7.3486
0.8834 6.4938
0.8763 5.7446
0.8685 5.0894
0.8599 4.5236
0.8507 4.0505
0.8412 3.6596
0.8316 3.3309
0.8219 3.0466
0.8122 2.8031
0.8027 2.6125
0.7942 2.4763
0.7872 2.3869
0.7820 2.3353
0.7787 2.3136
0.7771 2.3149
0.7769 2.3334
0.7778 2.3635
0.7794 2.3999
0.7814 2.4376
0.7834 2.4714
0.7852 2.4962
0.7866 2.5063
0.7871 2.4961
0.7867 2.4592
0.7850 2.4018
0.7832 2.4296
0.7860 2.6793
0.7955 3.0709
0.8086 3.4842
0.8215 3.8647
0.8324 4.1981
0.8408 4.4672
0.8468 4.6402
0.8503 4.6765
0.8515 4.6441
0.8522 4.8320
0.8579 6.6103
0.8747 11.0099
0.8931 15.3861
0.9066 18.7013
0.9146 20.9312
0.9191 23.8079
0.9220 26.7922
0.9238 28.1933
0.9248 28.4016
0.9251 27.8284
0.9250 28.0596
0.9253 30.6243
0.9263 35.6929
0.9279 41.1598
0.9294 45.1898
0.9305 47.4580
0.9312 46.8046
0.9312 44.0331
0.9308 40.7247
0.9301 37.5312
0.9292 34.5509
0.9282 31.7358
0.9270 29.0622
0.9257 26.5269
0.9243 24.1237
0.9227 21.8537
0.9208 19.7272
0.9187 17.7546
0.9163 15.9410
0.9136 14.2869
0.9105 12.7884
0.9070 11.4380
0.9032 10.2233
0.8988 9.1294
0.8940 8.1427
0.8886 7.2520
0.8826 6.4493
0.8758 5.7281
0.8682 5.0830
0.8597 4.5110
0.8505 4.0250
0.8408 3.6362
0.8312 3.3362
0.8223 3.1090
0.8144 2.9382
0.8078 2.8100
0.8023 2.7137
0.7979 2.6427
0.7945 2.5925
0.7920 2.5600
0.7903 2.5418
0.7893 2.5333
0.7887 2.5287
0.7884 2.5208
0.7880 2.5026
0.7871 2.4669
0.7853 2.4121
0.7832 2.4066
0.7846 2.5944
0.7925 2.9697
0.8055 3.4221
0.8195 3.8602
0.8317 4.2368
0.8412 4.5452
0.8481 4.7879
0.8529 4.9574
0.8559 5.0452
0.8576 5.1231
0.8594 5.3913
0.8636 6.3901
0.8752 9.9879
0.8915 14.6774
0.9050 18.5960
0.9138 21.1976
0.9187 22.9873
0.9214 25.8640
0.9234 28.1678
0.9246 28.5785
0.9251 28.9665
0.9257 31.3519
0.9264 32.9424
0.9272 35.7024
0.9282 39.8990
0.9293 43.3088
0.9302 44.0467
0.9305 42.1292
0.9303 39.3658
0.9297 36.6393
0.9289 34.0736
0.9280 31.6329
0.9270 29.2768
0.9258 26.9752
0.9245 24.7064
0.9231 22.4707
0.9213 20.2935
0.9193 18.2119
0.9169 16.2589
0.9141 14.4575
0.9109 12.8193
0.9071 11.3460
0.9029 10.0315
0.8981 8.8640
0.8928 7.8292
0.8867 6.9131
0.8800 6.1034
0.8724 5.3910
0.8641 4.7687
0.8549 4.2296
0.8451 3.7744
0.8349 3.4172
0.8251 3.1564
0.8165 2.9763
0.8095 2.8584
0.8044 2.7865
0.8010 2.7486
0.7990 2.7350
0.7982 2.7384
0.7982 2.7527
0.7988 2.7814
0.8002 2.8412
0.8026 2.9320
0.8059 3.0396
0.8097 3.1461
0.8134 3.2361
0.8166 3.2969
0.8188 3.3488
0.8215 3.5250
0.8268 3.9100
0.8351 4.4063
0.8444 4.8695
0.8525 5.2153
0.8585 5.4305
0.8622 5.5322
0.8641 5.5357
0.8644 5.4428
0.8634 5.2897
0.8629 5.7697
0.8713 8.9769
0.8872 13.3524
0.9015 17.1339
0.9113 19.9915
0.9170 21.5261
0.9197 22.1957
0.9210 23.5122
0.9219 24.5012
0.9225 25.2074
0.9233 27.9335
0.9247 31.2707
0.9259 32.4967
0.9269 34.7858
0.9279 38.5721
0.9289 41.1185
0.9297 41.4348
0.9299 39.4052
0.9295 36.4476
0.9288 33.6046
0.9278 31.1847
0.9268 29.1056
0.9258 27.2216
0.9247 25.3744
0.9235 23.4636
0.9221 21.4950
0.9204 19.5478
0.9185 17.6989
0.9162 15.9887
0.9136 14.4266
0.9107 13.0042
0.9075 11.7074
0.9040 10.5242
0.9000 9.4477
0.8955 8.4742
0.8905 7.5989
0.8851 6.8156
0.8790 6.1169
0.8724 5.4956
0.8653 4.9449
0.8576 4.4647
0.8495 4.0709
0.8416 3.7668
0.8342 3.5398
0.8279 3.3724
0.8226 3.2483
0.8184 3.1537
0.8150 3.0783
0.8122 3.0145
0.8098 2.9575
0.8076 2.9036
0.8055 2.8497
0.8033 2.7924
0.8009 2.7273
0.7981 2.6498
0.7946 2.5561
0.7902 2.4428
0.7848 2.3409
0.7810 2.3921
0.7841 2.6816
0.7951 3.1372
0.8104 3.6648
0.8259 4.1831
0.8388 4.5955
0.8479 4.8429
0.8533 4.9392
0.8558 4.9335
0.8562 4.8577
0.8553 4.7851
0.8549 5.0112
0.8609 7.0625
0.8775 11.5187
0.8951 15.8523
0.9078 19.2438
0.9154 21.3361
0.9193 22.5019
0.9213 24.6514
0.9228 26.5558
0.9237 27.0751
0.9242 27.1792
0.9246 29.0160
0.9253 30.7612
0.9261 32.6865
0.9272 37.1935
0.9284 41.1057
0.9295 43.1285
0.9302 42.7483
0.9303 40.5379
0.9299 37.6891
0.9292 34.9012
0.9283 32.2745
0.9273 29.8838
0.9262 27.6909
0.9250 25.5662
0.9236 23.4395
0.9221 21.3360
0.9203 19.3108
0.9182 17.4062
0.9158 15.6484
0.9131 14.0491
0.9100 12.6062
0.9065 11.3096
0.9027 10.1467
0.8985 9.1042
0.8939 8.1688
0.8888 7.3280
0.8831 6.5709
0.8768 5.8887
0.8700 5.2748
0.8623 4.7260
0.8541 4.2555
0.8455 3.8750
0.8371 3.5775
0.8292 3.3478
0.8222 3.1702
0.8161 3.0314
0.8110 2.9207
0.8065 2.8307
0.8028 2.7560
0.7995 2.6930
0.7967 2.6384
0.7941 2.5885
0.7917 2.5378
0.7891 2.4802
0.7862 2.4098
0.7825 2.3220
0.7777 2.2189
0.7725 2.1718
0.7716 2.3296
0.7793 2.6897
0.7938 3.1525
0.8103 3.6355
0.8253 4.0812
0.8371 4.4124
0.8450 4.5747
0.8491 4.5896
0.8502 4.5070
0.8493 4.4016
0.8480 4.4518
0.8492 4.8231
0.8553 6.0851
0.8709 10.0506
0.8900 14.8695
0.9049 18.8116
0.9141 21.3364
0.9190 23.2390
0.9218 26.3845
0.9238 29.1755
0.9252 30.1784
0.9258 29.5473
0.9257 28.5074
0.9255 29.3368
0.9258 31.7142
0.9268 36.7825
0.9282 41.1838
0.9295 43.7073
0.9302 43.3852
0.9304 41.1257
0.9301 38.3262
0.9294 35.5990
0.9285 33.0621
0.9276 30.6981
0.9265 28.4537
0.9254 26.2705
0.9241 24.1181
0.9226 22.0000
0.9209 19.9401
0.9189 17.9674
0.9165 16.1082
0.9138 14.3822
0.9107 12.8004
0.9071 11.3653
0.9030 10.0730
0.8983 8.9165
0.8930 7.8869
0.8871 6.9748
0.8805 6.1702
0.8731 5.4628
0.8650 4.8482
0.8563 4.3382
0.8473 3.9342
0.8386 3.6218
0.8305 3.3821
0.8233 3.1977
0.8171 3.0540
0.8118 2.9401
0.8073 2.8480
0.8035 2.7720
0.8002 2.7082
0.7973 2.6532
0.7948 2.6031
0.7924 2.5526
0.7899 2.4959
0.7870 2.4281
0.7835 2.3469
0.7792 2.2525
0.7740 2.1665
0.7702 2.2028
0.7733 2.4680
0.7852 2.9249
0.8025 3.4881
0.8204 4.0668
0.8357 4.5539
0.8468 4.8885
0.8538 5.0865
0.8578 5.1863
0.8597 5.2197
0.8606 5.2934
0.8620 5.6025
0.8656 6.2586
0.8735 8.5951
0.8877 13.2541
0.9018 17.6420
0.9118 20.7355
0.9176 22.4716
0.9207 24.6630
0.9228 27.7501
0.9244 28.9850
0.9251 28.8325
0.9256 30.6272
0.9262 32.5423
0.9269 34.1370
0.9278 38.2799
0.9289 42.2021
0.9298 43.6195
0.9303 41.8900
0.9301 38.9214
0.9295 35.9557
0.9287 33.2814
0.9277 30.9308
0.9267 28.8513
0.9256 26.9364
0.9245 25.0738
0.9233 23.1980
0.9219 21.3007
0.9202 19.4098
0.9183 17.5654
0.9160 15.8049
0.9133 14.1565
0.9102 12.6373
0.9066 11.2537
0.9026 10.0037
0.8980 8.8802
0.8928 7.8738
0.8870 6.9753
0.8805 6.1759
0.8732 5.4706
0.8651 4.8713
0.8567 4.3850
0.8482 4.0005
0.8400 3.6997
0.8324 3.4646
0.8257 3.2798
0.8197 3.1331
0.8146 3.0158
0.8102 2.9212
0.8065 2.8443
0.8033 2.7799
0.8005 2.7224
0.7979 2.6651
0.7952 2.6014
0.7922 2.5256
0.7886 2.4370
0.7843 2.3514
0.7800 2.2929
0.7769 2.2874
0.7773 2.4345
0.7851 2.8149
0.7997 3.3634
0.8172 3.9749
0.8334 4.5485
0.8461 4.9852
0.8547 5.2488
0.8597 5.3751
0.8622 5.4135
0.8630 5.3883
0.8628 5.3256
0.8623 5.3524
0.8638 6.1797
0.8742 9.7442
0.8903 14.3697
0.9041 18.2682
0.9133 21.1114
0.9184 22.5746
0.9208 23.5674
0.9222 25.5153
0.9232 26.4330
0.9240 28.3107
0.9252 32.5611
0.9266 34.9847
0.9276 35.7306
0.9283 38.6454
0.9292 42.1277
0.9300 43.5400
0.9303 41.9772
0.9301 38.8643
0.9295 35.7060
0.9286 32.9371
0.9276 30.5765
0.9265 28.5458
0.9255 26.7458
0.9244 25.0768
0.9233 23.4566
0.9221 21.8310
0.9207 20.1818
0.9191 18.5220
0.9172 16.8806
0.9150 15.2896
0.9123 13.7764
0.9093 12.3612
0.9059 11.0568
0.9019 9.8676
0.8974 8.7920
0.8923 7.8246
0.8866 6.9582
0.8803 6.1854
0.8732 5.4988
0.8654 4.8911
0.8568 4.3552
0.8474 3.8840
0.8373 3.4718
0.8265 3.1266
0.8157 2.8637
0.8057 2.6798
0.7974 2.5606
0.7913 2.4898
0.7872 2.4529
0.7848 2.4385
0.7838 2.4380
0.7836 2.4453
0.7840 2.4567
0.7847 2.4800
0.7862 2.5342
0.7888 2.6203
0.7926 2.7244
0.7970 2.8286
0.8013 2.9163
0.8050 2.9887
0.8088 3.1630
0.8156 3.5673
0.8262 4.1252
0.8382 4.7095
0.8493 5.2203
0.8579 5.6143
0.8641 5.8933
0.8680 6.0562
0.8701 6.0785
0.8707 6.0088
0.8718 6.8743
0.8810 10.8575
0.8951 15.4253
0.9070 19.1484
0.9149 21.9166
0.9193 23.5311
0.9216 24.6998
0.9230 26.4673
0.9238 27.2668
0.9246 29.6761
0.9258 34.0756
0.9272 36.6241
0.9282 37.2185
0.9288 39.7060
0.9295 42.7990
0.9302 44.3716
0.9306 43.3959
0.9305 40.2172
0.9298 36.5158
0.9289 33.2097
0.9277 30.5639
0.9266 28.5097
0.9255 26.8030
0.9244 25.2313
0.9234 23.6954
0.9222 22.1758
0.9210 20.6744
0.9196 19.1931
0.9180 17.7358
0.9161 16.3105
0.9140 14.9276
0.9116 13.5979
0.9089 12.3323
0.9057 11.1406
0.9021 10.0309
0.8980 9.0077
0.8934 8.0730
0.8882 7.2276
0.8824 6.4708
0.8760 5.7996
0.8690 5.2084
0.8615 4.6898
0.8534 4.2359
0.8449 3.8400
0.8361 3.5074
0.8274 3.2526
0.8195 3.0720
0.8130 2.9512
0.8081 2.8743
0.8046 2.8285
0.8024 2.8042
0.8012 2.7943
0.8007 2.7929
0.8006 2.7948
0.8006 2.7945
0.8006 2.7867
0.8003 2.7658
0.7995 2.7264
0.7978 2.6642
0.7951 2.5755
0.7912 2.4737
0.7875 2.4860
0.7894 2.7582
0.7993 3.2355
0.8140 3.7882
0.8290 4.3138
0.8416 4.7676
0.8511 5.1442
0.8579 5.4306
0.8623 5.5918
0.8648 5.6670
0.8665 5.9228
0.8714 7.7736
0.8845 12.4042
0.8992 16.9837
0.9102 20.5818
0.9170 22.9458
0.9207 24.2666
0.9226 26.5334
0.9240 28.2893
0.9248 28.5957
0.9253 30.1721
0.9262 33.6165
0.9271 35.0975
0.9278 36.3085
0.9286 40.0726
0.9295 43.4511
0.9302 44.1182
0.9305 42.0443
0.9302 38.6816
0.9295 35.1340
0.9284 32.0326
0.9272 29.5684
0.9261 27.5820
0.9249 25.8575
0.9238 24.2618
0.9227 22.7333
0.9215 21.2391
0.9201 19.7611
0.9186 18.2923
0.9169 16.8374
0.9148 15.4106
0.9125 14.0297
0.9098 12.7115
0.9067 11.4724
0.9032 10.3249
0.8992 9.2761
0.8947 8.3257
0.8897 7.4695
0.8841 6.7018
0.8780 6.0172
0.8714 5.4151
0.8643 4.9110
0.8571 4.5103
0.8503 4.2006
0.8440 3.9641
0.8386 3.7834
0.8340 3.6449
0.8301 3.5374
0.8270 3.4522
0.8244 3.3814
0.8222 3.3180
0.8202 3.2555
0.8181 3.1872
0.8158 3.1066
0.8131 3.0080
0.8096 2.8884
0.8051 2.7479
0.7993 2.5891
0.7923 2.4278
0.7853 2.3601
0.7830 2.5150
0.7892 2.8764
0.8020 3.3575
0.8170 3.8407
0.8306 4.2384
0.8408 4.5260
0.8477 4.7248
0.8520 4.8567
0.8545 4.9293
0.8559 4.9664
0.8568 5.0937
0.8592 5.5958
0.8672 7.8910
0.8831 12.5099
0.8990 16.9439
0.9103 20.3785
0.9170 22.3992
0.9203 23.2668
0.9219 25.1299
0.9231 26.7944
0.9240 27.3129
0.9245 28.3493
0.9253 31.6332
0.9263 33.4773
0.9271 34.4147
0.9279 37.7274
0.9288 41.3446
0.9297 43.1465
0.9302 41.8761
0.9301 38.7563
0.9294 35.0592
0.9284 31.6325
0.9271 28.8906
0.9258 26.7970
0.9245 25.0922
0.9233 23.5562
0.9221 22.0960
0.9209 20.6835
0.9196 19.3067
0.9181 17.9544
0.9164 16.6168
0.9145 15.2932
0.9123 13.9941
0.9097 12.7350
0.9068 11.5350
0.9034 10.4122
0.8995 9.3809
0.8952 8.4483
0.8904 7.6120
0.8851 6.8636
0.8794 6.1935
0.8732 5.5938
0.8665 5.0681
0.8594 4.6341
0.8525 4.2936
0.8460 4.0345
0.8403 3.8403
0.8355 3.6941
0.8315 3.5809
0.8282 3.4888
0.8255 3.4086
0.8230 3.3340
0.8207 3.2600
0.8183 3.1827
0.8158 3.0974
0.8128 2.9992
0.8093 2.8825
0.8048 2.7400
0.7989 2.5751
0.7918 2.4271
0.7861 2.4491
0.7876 2.7221
0.7971 3.1474
0.8109 3.6273
0.8251 4.0994
0.8374 4.5313
0.8470 4.8949
0.8540 5.1666
0.8586 5.3353
0.8613 5.3948
0.8625 5.3985
0.8632 5.5385
0.8656 6.2557
0.8748 9.4140
0.8899 14.0325
0.9035 18.0244
0.9128 20.9668
0.9181 22.4922
0.9207 23.4589
0.9221 25.4456
0.9232 26.6697
0.9239 26.9956
0.9244 28.3525
0.9252 31.6350
0.9263 33.0574
0.9270 33.8506
0.9277 37.1678
0.9286 40.6184
0.9295 42.4407
0.9300 41.7591
0.9300 38.7301
0.9294 34.8303
0.9283 31.1783
0.9269 28.2722
0.9255 26.1309
0.9241 24.5003
0.9229 23.0782
0.9217 21.7081
0.9205 20.3658
0.9192 19.0593
0.9178 17.7918
0.9162 16.5546
0.9144 15.3363
0.9123 14.1345
0.9100 12.9559
0.9073 11.8154
0.9042 10.7317
0.9006 9.7222
0.8967 8.8002
0.8923 7.9849
0.8876 7.2904
0.8828 6.7083
0.8780 6.2220
0.8733 5.8140
0.8688 5.4693
0.8645 5.1747
0.8604 4.9191
0.8565 4.6933
0.8527 4.4893
0.8490 4.3003
0.8453 4.1193
0.8415 3.9392
0.8374 3.7531
0.8329 3.5560
0.8277 3.3461
0.8216 3.1254
0.8144 2.8976
0.8061 2.6716
0.7970 2.4988
0.7901 2.5002
0.7897 2.7084
0.7967 3.0454
0.8079 3.4143
0.8194 3.7166
0.8285 3.9083
0.8345 3.9966
0.8377 4.0249
0.8390 4.0345
0.8395 4.0470
0.8397 4.0668
0.8399 4.0926
0.8405 4.1644
0.8425 4.4566
0.8494 5.6983
0.8663 9.3372
0.8865 13.7336
0.9023 17.4658
0.9123 20.2681
0.9177 21.7041
0.9201 22.2501
0.9212 23.5587
0.9220 24.8318
0.9227 25.3739
0.9232 26.0590
0.9239 28.8788
0.9251 31.1065
0.9260 31.6477
0.9267 33.7109
0.9276 37.5570
0.9286 40.2378
0.9294 40.8569
0.9297 39.0050
0.9294 35.5201
0.9284 31.7560
0.9271 28.5454
0.9256 26.1101
0.9242 24.3251
0.9229 22.9026
0.9216 21.5807
0.9204 20.2678
0.9191 18.9765
0.9177 17.7270
0.9161 16.5250
0.9143 15.3609
0.9124 14.2198
0.9101 13.0931
0.9076 11.9875
0.9047 10.9221
0.9013 9.9191
0.8975 8.9996
0.8933 8.1915
0.8889 7.5103
0.8844 6.9450
0.8800 6.4739
0.8757 6.0743
0.8716 5.7279
0.8676 5.4213
0.8637 5.1456
0.8599 4.8950
0.8560 4.6647
0.8522 4.4501
0.8483 4.2451
0.8442 4.0429
0.8399 3.8364
0.8351 3.6207
0.8295 3.3942
0.8231 3.1587
0.8156 2.9196
0.8072 2.7159
0.8000 2.6703
0.7981 2.8421
0.8031 3.1603
0.8125 3.5327
0.8233 3.8865
0.8327 4.1428
0.8394 4.2615
0.8430 4.2672
0.8440 4.2268
0.8437 4.1914
0.8431 4.1820
0.8427 4.2011
0.8429 4.2623
0.8444 4.4821
0.8493 5.3154
0.8629 8.3056
0.8825 12.7404
0.8993 16.7553
0.9105 19.9000
0.9169 21.8954
0.9200 22.5059
0.9212 23.0334
0.9218 24.1732
0.9224 25.0113
0.9229 25.3557
0.9232 26.4543
0.9241 29.3755
0.9252 30.8135
0.9260 31.2332
0.9266 33.8623
0.9276 37.5376
0.9286 39.7818
0.9293 40.0536
0.9295 37.9931
0.9291 34.3983
0.9280 30.5380
0.9266 27.3543
0.9250 25.0575
0.9235 23.4244
0.9222 22.1512
0.9210 20.9810
0.9198 19.7706
0.9185 18.5353
0.9171 17.3344
0.9155 16.1995
0.9138 15.1293
0.9119 14.1008
0.9099 13.0855
0.9075 12.0730
0.9048 11.0767
0.9018 10.1205
0.8983 9.2277
0.8944 8.4144
0.8901 7.6991
0.8857 7.0969
0.8812 6.5982
0.8769 6.1812
0.8727 5.8243
0.8687 5.5105
0.8649 5.2284
0.8610 4.9711
0.8572 4.7344
0.8534 4.5152
0.8495 4.3104
0.8456 4.1155
0.8415 3.9244
0.8372 3.7304
0.8324 3.5284
0.8270 3.3160
0.8207 3.0934
0.8134 2.8798
0.8063 2.7806
0.8031 2.9036
0.8063 3.2023
0.8146 3.5794
0.8248 3.9612
0.8346 4.2859
0.8422 4.4857
0.8469 4.5468
0.8490 4.5220
0.8492 4.4747
0.8486 4.4393
0.8479 4.4265
0.8476 4.4661
0.8487 4.7313
0.8545 6.0593
0.8703 9.8556
0.8892 14.3242
0.9040 18.0733
0.9133 20.9008
0.9184 22.3871
0.9207 22.7018
0.9215 23.5042
0.9221 24.6226
0.9227 25.2642
0.9230 25.5097
0.9234 26.7005
0.9242 29.3637
0.9252 30.4282
0.9258 30.9487
0.9265 33.8284
0.9275 37.3467
0.9285 39.2598
0.9291 39.1797
0.9292 36.8242
0.9287 33.2278
0.9276 29.3371
0.9260 26.1517
0.9243 23.9066
0.9227 22.3599
0.9213 21.1561
0.9200 20.0446
0.9188 18.8848
0.9175 17.6789
0.9160 16.4963
0.9143 15.3911
0.9124 14.3751
0.9105 13.4233
0.9083 12.4959
0.9060 11.5713
0.9033 10.6557
0.9002 9.7697
0.8968 8.9362
0.8929 8.1709
0.8886 7.4794
0.8841 6.8591
0.8792 6.3024
0.8741 5.7986
0.8687 5.3375
0.8629 4.9196
0.8569 4.5629
0.8510 4.2720
0.8453 4.0380
0.8402 3.8491
0.8356 3.6939
0.8315 3.5635
