-0.4074 -0.046395
-0.4247 -0.037725
-0.4386 -0.030750
-0.4496 -0.025239
-0.4582 -0.020957
-0.4646 -0.016649
-0.4691 -0.013387
-0.4722 -0.011206
-0.4741 -0.009779
-0.4751 -0.008893
-0.4752 -0.008228
-0.4745 -0.007581
-0.4731 -0.007230
-0.4711 -0.007095
-0.4683 -0.006551
-0.4649 -0.006069
-0.4607 -0.005674
-0.4557 -0.005334
-0.4500 -0.005030
-0.4434 -0.004753
-0.4359 -0.004495
-0.4274 -0.004251
-0.4178 -0.004020
-0.4070 -0.003801
-0.3947 -0.003592
-0.3809 -0.003393
-0.3654 -0.003204
-0.3478 -0.003025
-0.3279 -0.002856
-0.3053 -0.002698
-0.2795 -0.002552
-0.2497 -0.002420
-0.2144 -0.002305
-0.1710 -0.002218
-0.1130 -0.002178
-0.0238 -0.002237
0.1170 -0.002420
0.2560 -0.002479
0.3407 -0.002304
0.3731 -0.001999
0.3691 -0.001663
0.3446 -0.001350
0.3111 -0.001082
0.2753 -0.000864
0.2409 -0.000690
0.2088 -0.000551
0.1793 -0.000441
0.1516 -0.000353
0.1249 -0.000283
0.0980 -0.000226
0.0691 -0.000180
0.0354 -0.000141
-0.0081 -0.000108
-0.0691 -0.000079
-0.1503 -0.000054
-0.2368 -0.000034
-0.3119 -0.000020
-0.3709 -0.000012
-0.4153 -0.000006
-0.4481 -0.000003
-0.4717 -0.000001
-0.4882 -0.000001
-0.4991 -0.000000
-0.5058 0.000000
-0.5089 0.000000
-0.5093 0.000000
-0.5075 0.000000
-0.5039 0.000000
-0.4987 -0.000000
-0.4922 -0.000000
-0.4843 -0.000000
-0.4753 -0.000000
-0.4650 -0.000000
-0.4534 -0.000000
-0.4403 -0.000000
-0.4256 -0.000000
-0.4091 -0.000000
-0.3905 -0.000000
-0.3696 -0.000000
-0.3460 -0.000000
-0.3194 -0.000000
-0.2931 -0.025824
-0.2667 -0.058280
-0.2471 -0.063179
-0.2343 -0.066405
-0.2341 -0.099736
-0.2482 -0.094506
-0.2749 -0.112704
-0.3052 -0.097539
-0.3352 -0.082553
-0.3627 -0.068777
-0.3868 -0.056717
-0.4072 -0.046518
-0.4239 -0.038113
-0.4375 -0.031331
-0.4482 -0.025958
-0.4565 -0.021775
-0.4628 -0.017829
-0.4673 -0.014434
-0.4704 -0.012157
-0.4722 -0.010657
-0.4731 -0.009714
-0.4732 -0.009178
-0.4726 -0.008418
-0.4712 -0.007980
-0.4691 -0.007777
-0.4664 -0.007484
-0.4630 -0.006890
-0.4588 -0.006405
-0.4538 -0.005994
-0.4480 -0.005632
-0.4413 -0.005306
-0.4337 -0.005007
-0.4250 -0.004728
-0.4152 -0.004467
-0.4041 -0.004221
-0.3914 -0.003989
-0.3772 -0.003769
-0.3610 -0.003562
-0.3427 -0.003367
-0.3219 -0.003183
-0.2982 -0.003013
-0.2709 -0.002856
-0.2391 -0.002715
-0.2011 -0.002598
-0.1531 -0.002518
-0.0861 -0.002507
0.0221 -0.002640
0.1733 -0.002845
0.2952 -0.002809
0.3597 -0.002538
0.3769 -0.002163
0.3636 -0.001779
0.3344 -0.001436
0.2992 -0.001149
0.2635 -0.000916
0.2297 -0.000731
0.1986 -0.000585
0.1698 -0.000468
0.1426 -0.000375
0.1160 -0.000300
0.0887 -0.000240
0.0587 -0.000190
0.0225 -0.000148
-0.0257 -0.000113
-0.0935 -0.000081
-0.1785 -0.000053
-0.2624 -0.000033
-0.3321 -0.000019
-0.3860 -0.000011
-0.4263 -0.000006
-0.4557 -0.000003
-0.4767 -0.000001
-0.4911 -0.000000
-0.5005 0.000000
-0.5059 0.000000
-0.5081 0.000000
-0.5078 0.000000
-0.5054 0.000000
-0.5012 0.000000
-0.4954 -0.000000
-0.4883 -0.000000
-0.4798 -0.000000
-0.4700 -0.000000
-0.4587 -0.000000
-0.4459 -0.000000
-0.4314 -0.000000
-0.4150 -0.000000
-0.3966 -0.000000
-0.3758 -0.000000
-0.3523 -0.000000
-0.3259 -0.000000
-0.2966 -0.025395
-0.2686 -0.028887
-0.2447 -0.063762
-0.2257 -0.068537
-0.2195 -0.105194
-0.2280 -0.136105
-0.2528 -0.123765
-0.2831 -0.108584
-0.3151 -0.092626
-0.3454 -0.077437
-0.3725 -0.063886
-0.3956 -0.052309
-0.4147 -0.042716
-0.4302 -0.034946
-0.4426 -0.028769
-0.4522 -0.023942
-0.4596 -0.019853
-0.4650 -0.016122
-0.4687 -0.013330
-0.4710 -0.011480
-0.4723 -0.010294
-0.4727 -0.009395
-0.4723 -0.008539
-0.4711 -0.008031
-0.4693 -0.007771
-0.4667 -0.007280
-0.4635 -0.006673
-0.4595 -0.006180
-0.4548 -0.005764
-0.4493 -0.005399
-0.4429 -0.005073
-0.4357 -0.004775
-0.4274 -0.004499
-0.4180 -0.004243
-0.4074 -0.004003
-0.3954 -0.003778
-0.3817 -0.003566
-0.3663 -0.003367
-0.3488 -0.003180
-0.3289 -0.003005
-0.3063 -0.002842
-0.2803 -0.002691
-0.2502 -0.002556
-0.2145 -0.002439
-0.1703 -0.002352
-0.1111 -0.002316
-0.0194 -0.002389
0.1251 -0.002594
0.2658 -0.002657
0.3510 -0.002468
0.3823 -0.002138
0.3764 -0.001774
0.3497 -0.001437
0.3143 -0.001150
0.2771 -0.000917
0.2417 -0.000731
0.2090 -0.000583
0.1791 -0.000466
0.1512 -0.000374
0.1243 -0.000299
0.0972 -0.000239
0.0681 -0.000190
0.0341 -0.000149
-0.0098 -0.000114
-0.0714 -0.000084
-0.1530 -0.000057
-0.2392 -0.000036
-0.3135 -0.000021
-0.3719 -0.000012
-0.4158 -0.000007
-0.4481 -0.000003
-0.4714 -0.000002
-0.4877 -0.000001
-0.4986 -0.000000
-0.5052 0.000000
-0.5085 0.000000
-0.5091 0.000000
-0.5075 0.000000
-0.5040 0.000000
-0.4989 -0.000000
-0.4924 -0.000000
-0.4845 -0.000000
-0.4751 -0.000000
-0.4644 -0.000000
-0.4520 -0.000000
-0.4380 -0.000000
-0.4222 -0.000000
-0.4043 -0.000000
-0.3842 -0.000000
-0.3614 -0.000000
-0.3358 -0.000000
-0.3068 -0.000000
-0.2760 -0.027964
-0.2458 -0.063478
-0.2207 -0.069776
-0.2039 -0.111014
-0.2012 -0.112065
-0.2183 -0.140983
-0.2458 -0.127243
-0.2790 -0.110674
-0.3131 -0.093625
-0.3449 -0.077715
-0.3727 -0.063758
-0.3962 -0.052001
-0.4154 -0.042371
-0.4308 -0.034646
-0.4430 -0.028558
-0.4524 -0.023840
-0.4595 -0.019652
-0.4646 -0.015935
-0.4680 -0.013340
-0.4701 -0.011641
-0.4711 -0.010364
-0.4712 -0.009234
-0.4704 -0.008534
-0.4688 -0.008138
-0.4666 -0.007543
-0.4636 -0.006862
-0.4599 -0.006315
-0.4554 -0.005859
-0.4502 -0.005465
-0.4442 -0.005114
-0.4373 -0.004797
-0.4295 -0.004505
-0.4207 -0.004235
-0.4107 -0.003983
-0.3994 -0.003747
-0.3866 -0.003526
-0.3722 -0.003320
-0.3559 -0.003126
-0.3374 -0.002945
-0.3165 -0.002777
-0.2926 -0.002621
-0.2650 -0.002479
-0.2328 -0.002354
-0.1941 -0.002251
-0.1446 -0.002183
-0.0741 -0.002184
0.0416 -0.002318
0.1957 -0.002488
0.3142 -0.002434
0.3740 -0.002184
0.3862 -0.001850
0.3686 -0.001515
0.3361 -0.001218
0.2986 -0.000972
0.2615 -0.000774
0.2269 -0.000617
0.1953 -0.000493
0.1662 -0.000394
0.1388 -0.000316
0.1120 -0.000253
0.0842 -0.000201
0.0534 -0.000159
0.0158 -0.000124
-0.0351 -0.000093
-0.1063 -0.000066
-0.1924 -0.000043
-0.2742 -0.000026
-0.3412 -0.000016
-0.3925 -0.000009
-0.4307 -0.000005
-0.4585 -0.000002
-0.4783 -0.000001
-0.4918 -0.000000
-0.5005 0.000000
-0.5054 0.000000
-0.5072 0.000000
-0.5066 0.000000
-0.5039 0.000000
-0.4996 -0.000000
-0.4938 -0.000000
-0.4867 -0.000000
-0.4782 -0.000000
-0.4684 -0.000000
-0.4572 -0.000000
-0.4444 -0.000000
-0.4301 -0.000000
-0.4139 -0.000000
-0.3956 -0.000000
-0.3750 -0.000000
-0.3518 -0.000000
-0.3256 -0.000000
-0.2959 -0.000000
-0.2662 -0.029185
-0.2390 -0.065187
-0.2148 -0.071257
-0.2029 -0.111384
-0.2076 -0.146270
-0.2291 -0.135575
-0.2591 -0.120636
-0.2926 -0.103879
-0.3256 -0.087365
-0.3556 -0.072354
-0.3814 -0.059402
-0.4030 -0.048610
-0.4205 -0.039840
-0.4344 -0.032851
-0.4453 -0.027374
-0.4537 -0.022868
-0.4600 -0.018877
-0.4643 -0.015529
-0.4671 -0.013300
-0.4687 -0.011853
-0.4693 -0.010640
-0.4690 -0.009619
-0.4678 -0.008989
-0.4660 -0.008638
-0.4634 -0.007787
-0.4601 -0.007095
-0.4560 -0.006529
-0.4512 -0.006049
-0.4456 -0.005630
-0.4392 -0.005255
-0.4319 -0.004916
-0.4236 -0.004604
-0.4142 -0.004316
-0.4037 -0.004050
-0.3917 -0.003801
-0.3782 -0.003570
-0.3630 -0.003355
-0.3457 -0.003154
-0.3262 -0.002968
-0.3039 -0.002796
-0.2784 -0.002639
-0.2488 -0.002498
-0.2138 -0.002377
-0.1704 -0.002285
-0.1124 -0.002244
-0.0227 -0.002306
0.1201 -0.002502
0.2637 -0.002576
0.3527 -0.002404
0.3865 -0.002088
0.3815 -0.001735
0.3546 -0.001405
0.3184 -0.001124
0.2805 -0.000895
0.2443 -0.000713
0.2111 -0.000569
0.1809 -0.000455
0.1528 -0.000364
0.1259 -0.000292
0.0989 -0.000233
0.0701 -0.000185
0.0367 -0.000146
-0.0061 -0.000112
-0.0658 -0.000082
-0.1458 -0.000056
-0.2319 -0.000035
-0.3071 -0.000021
-0.3663 -0.000012
-0.4110 -0.000007
-0.4439 -0.000004
-0.4676 -0.000002
-0.4841 -0.000001
-0.4951 -0.000000
-0.5018 0.000000
-0.5050 0.000000
-0.5055 0.000000
-0.5038 0.000000
-0.5002 0.000000
-0.4951 -0.000000
-0.4886 -0.000000
-0.4807 -0.000000
-0.4716 -0.000000
-0.4611 -0.000000
-0.4492 -0.000000
-0.4358 -0.000000
-0.4206 -0.000000
-0.4036 -0.000000
-0.3843 -0.000000
-0.3627 -0.000000
-0.3383 -0.000000
-0.3107 -0.000000
-0.2806 -0.027388
-0.2519 -0.061965
-0.2263 -0.068357
-0.2067 -0.109955
-0.2025 -0.111559
-0.2173 -0.141481
-0.2436 -0.128337
-0.2759 -0.112211
-0.3095 -0.095438
-0.3410 -0.079669
-0.3687 -0.065763
-0.3922 -0.054004
-0.4115 -0.044345
-0.4270 -0.036580
-0.4392 -0.030450
-0.4487 -0.025692
-0.4559 -0.021349
-0.4610 -0.017615
-0.4644 -0.014874
-0.4665 -0.013063
-0.4676 -0.011910
-0.4676 -0.010605
-0.4668 -0.009760
-0.4652 -0.009250
-0.4630 -0.008636
-0.4600 -0.007800
-0.4562 -0.007126
-0.4517 -0.006563
-0.4464 -0.006077
-0.4404 -0.005649
-0.4335 -0.005264
-0.4256 -0.004915
-0.4168 -0.004594
-0.4067 -0.004299
-0.3954 -0.004026
-0.3826 -0.003773
-0.3682 -0.003539
-0.3518 -0.003322
-0.3333 -0.003121
-0.3123 -0.002935
-0.2882 -0.002765
-0.2605 -0.002612
-0.2279 -0.002478
-0.1883 -0.002370
-0.1373 -0.002303
-0.0633 -0.002315
0.0590 -0.002473
0.2130 -0.002636
0.3258 -0.002552
0.3801 -0.002273
0.3882 -0.001917
0.3680 -0.001564
0.3341 -0.001256
0.2961 -0.001001
0.2589 -0.000797
0.2244 -0.000635
0.1930 -0.000507
0.1641 -0.000406
0.1369 -0.000325
0.1102 -0.000260
0.0825 -0.000208
0.0516 -0.000164
0.0137 -0.000128
-0.0377 -0.000096
-0.1093 -0.000068
-0.1951 -0.000044
-0.2761 -0.000027
-0.3421 -0.000016
-0.3926 -0.000009
-0.4301 -0.000005
-0.4573 -0.000003
-0.4766 -0.000001
-0.4897 -0.000000
-0.4981 -0.000000
-0.5027 0.000000
-0.5043 0.000000
-0.5035 0.000000
-0.5007 0.000000
-0.4962 -0.000000
-0.4902 -0.000000
-0.4828 -0.000000
-0.4741 -0.000000
-0.4641 -0.000000
-0.4526 -0.000000
-0.4395 -0.000000
-0.4247 -0.000000
-0.4081 -0.000000
-0.3893 -0.000000
-0.3681 -0.000000
-0.3443 -0.000000
-0.3173 -0.000000
-0.2867 -0.000000
-0.2567 -0.030371
-0.2292 -0.067623
-0.2048 -0.110631
-0.1948 -0.114430
-0.2031 -0.148547
-0.2260 -0.137124
-0.2574 -0.121470
-0.2919 -0.104204
-0.3255 -0.087423
-0.3556 -0.072339
-0.3814 -0.059439
-0.4027 -0.048767
-0.4199 -0.040145
-0.4335 -0.033309
-0.4441 -0.027980
-0.4522 -0.023418
-0.4582 -0.019452
-0.4622 -0.016224
-0.4648 -0.014078
-0.4662 -0.012690
-0.4665 -0.011229
-0.4659 -0.010241
-0.4645 -0.009626
-0.4625 -0.009022
-0.4596 -0.008105
-0.4560 -0.007371
-0.4517 -0.006762
-0.4466 -0.006240
-0.4407 -0.005782
-0.4341 -0.005373
-0.4265 -0.005003
-0.4179 -0.004665
-0.4082 -0.004355
-0.3973 -0.004069
-0.3850 -0.003806
-0.3711 -0.003562
-0.3554 -0.003337
-0.3377 -0.003129
-0.3175 -0.002938
-0.2945 -0.002763
-0.2680 -0.002605
-0.2371 -0.002465
-0.2000 -0.002349
-0.1531 -0.002268
-0.0878 -0.002250
0.0179 -0.002359
0.1707 -0.002552
0.3004 -0.002546
0.3717 -0.002318
0.3916 -0.001981
0.3778 -0.001629
0.3463 -0.001312
0.3084 -0.001047
0.2703 -0.000833
0.2347 -0.000663
0.2022 -0.000529
0.1726 -0.000424
0.1450 -0.000339
0.1182 -0.000272
0.0910 -0.000217
0.0614 -0.000172
0.0263 -0.000135
-0.0200 -0.000103
-0.0849 -0.000074
-0.1680 -0.000050
-0.2520 -0.000031
-0.3228 -0.000018
-0.3776 -0.000011
-0.4187 -0.000006
-0.4486 -0.000003
-0.4700 -0.000002
-0.4848 -0.000001
-0.4943 -0.000000
-0.4999 -0.000000
-0.5022 0.000000
-0.5020 0.000000
-0.4996 -0.000000
-0.4955 -0.000000
-0.4899 -0.000000
-0.4828 -0.000000
-0.4743 -0.000000
-0.4645 -0.000000
-0.4532 -0.000000
-0.4403 -0.000000
-0.4258 -0.000000
-0.4093 -0.000000
-0.3907 -0.000000
-0.3698 -0.000000
-0.3461 -0.000000
-0.3194 -0.000000
-0.2891 -0.000000
-0.2582 -0.030188
-0.2298 -0.067480
-0.2033 -0.111185
-0.1901 -0.116181
-0.1960 -0.152093
-0.2171 -0.141593
-0.2480 -0.126194
-0.2830 -0.108665
-0.3176 -0.091352
-0.3490 -0.075661
-0.3759 -0.062187
-0.3982 -0.051018
-0.4162 -0.041985
-0.4305 -0.034819
-0.4416 -0.029230
-0.4502 -0.024484
-0.4564 -0.020477
-0.4607 -0.017030
-0.4634 -0.014736
-0.4649 -0.013247
-0.4653 -0.011670
-0.4648 -0.010623
-0.4634 -0.009967
-0.4613 -0.009244
-0.4584 -0.008295
-0.4548 -0.007535
-0.4504 -0.006903
-0.4453 -0.006362
-0.4393 -0.005888
-0.4326 -0.005465
-0.4249 -0.005083
-0.4163 -0.004734
-0.4065 -0.004415
-0.3955 -0.004122
-0.3830 -0.003852
-0.3690 -0.003603
-0.3531 -0.003373
-0.3352 -0.003161
-0.3148 -0.002967
-0.2915 -0.002789
-0.2646 -0.002629
-0.2332 -0.002489
-0.1953 -0.002373
-0.1471 -0.002295
-0.0789 -0.002286
0.0326 -0.002413
0.1868 -0.002600
0.3114 -0.002568
0.3772 -0.002320
0.3931 -0.001974
0.3767 -0.001619
0.3439 -0.001301
0.3055 -0.001037
0.2673 -0.000825
0.2318 -0.000657
0.1995 -0.000525
0.1700 -0.000420
0.1425 -0.000336
0.1158 -0.000269
0.0885 -0.000215
0.0586 -0.000170
0.0228 -0.000133
-0.0247 -0.000101
-0.0913 -0.000073
-0.1751 -0.000048
-0.2581 -0.000030
-0.3274 -0.000018
-0.3809 -0.000010
-0.4208 -0.000006
-0.4498 -0.000003
-0.4705 -0.000001
-0.4846 -0.000001
-0.4937 -0.000000
-0.4989 -0.000000
-0.5008 0.000000
-0.5003 0.000000
-0.4977 -0.000000
-0.4934 -0.000000
-0.4876 -0.000000
-0.4804 -0.000000
-0.4719 -0.000000
-0.4621 -0.000000
-0.4508 -0.000000
-0.4381 -0.000000
-0.4237 -0.000000
-0.4075 -0.000000
-0.3893 -0.000000
-0.3687 -0.000000
-0.3456 -0.000000
-0.3195 -0.000000
-0.2898 -0.000000
-0.2599 -0.029977
-0.2321 -0.066896
-0.2054 -0.110411
-0.1928 -0.115156
-0.1984 -0.150856
-0.2192 -0.140527
-0.2494 -0.125465
-0.2837 -0.108309
-0.3177 -0.091320
-0.3485 -0.075882
-0.3751 -0.062593
-0.3971 -0.051555
-0.4149 -0.042615
-0.4291 -0.035515
-0.4402 -0.029972
-0.4486 -0.025304
-0.4548 -0.021275
-0.4591 -0.017772
-0.4618 -0.015432
-0.4632 -0.013906
-0.4637 -0.012404
-0.4631 -0.011275
-0.4617 -0.010554
-0.4596 -0.009828
-0.4567 -0.008793
-0.4531 -0.007960
-0.4487 -0.007267
-0.4436 -0.006673
-0.4378 -0.006152
-0.4311 -0.005688
-0.4236 -0.005269
-0.4151 -0.004888
-0.4056 -0.004541
-0.3948 -0.004223
-0.3828 -0.003930
-0.3692 -0.003662
-0.3540 -0.003416
-0.3367 -0.003190
-0.3171 -0.002983
-0.2949 -0.002794
-0.2693 -0.002624
-0.2395 -0.002475
-0.2039 -0.002349
-0.1593 -0.002257
-0.0982 -0.002222
-0.0011 -0.002303
0.1470 -0.002494
0.2839 -0.002526
0.3648 -0.002329
0.3924 -0.002008
0.3830 -0.001660
0.3535 -0.001340
0.3160 -0.001070
0.2775 -0.000852
0.2412 -0.000678
0.2082 -0.000541
0.1781 -0.000433
0.1502 -0.000346
0.1234 -0.000277
0.0965 -0.000222
0.0677 -0.000176
0.0341 -0.000138
-0.0091 -0.000106
-0.0695 -0.000078
-0.1495 -0.000053
-0.2347 -0.000034
-0.3085 -0.000020
-0.3665 -0.000012
-0.4101 -0.000007
-0.4421 -0.000004
-0.4651 -0.000002
-0.4810 -0.000001
-0.4915 -0.000000
-0.4978 -0.000000
-0.5007 0.000000
-0.5009 0.000000
-0.4989 -0.000000
-0.4951 -0.000000
-0.4898 -0.000000
-0.4831 -0.000000
-0.4752 -0.000000
-0.4660 -0.000000
-0.4555 -0.000000
-0.4436 -0.000000
-0.4302 -0.000000
-0.4151 -0.000000
-0.3981 -0.000000
-0.3791 -0.000000
-0.3576 -0.000000
-0.3333 -0.000000
-0.3058 -0.000000
-0.2757 -0.028001
-0.2468 -0.063230
-0.2199 -0.069961
-0.1996 -0.112613
-0.1939 -0.153081
-0.2082 -0.146009
-0.2339 -0.133216
-0.2663 -0.117022
-0.3005 -0.099941
-0.3327 -0.083787
-0.3612 -0.069516
-0.3853 -0.057451
-0.4051 -0.047553
-0.4209 -0.039608
-0.4334 -0.033347
-0.4431 -0.028498
-0.4504 -0.024050
-0.4556 -0.020217
-0.4590 -0.017263
-0.4611 -0.015301
-0.4620 -0.013940
-0.4619 -0.012455
-0.4609 -0.011478
-0.4591 -0.010860
-0.4566 -0.009893
-0.4533 -0.008889
-0.4492 -0.008069
-0.4444 -0.007377
-0.4388 -0.006779
-0.4325 -0.006252
-0.4252 -0.005781
-0.4170 -0.005357
-0.4078 -0.004971
-0.3974 -0.004620
-0.3857 -0.004299
-0.3725 -0.004005
-0.3575 -0.003736
-0.3407 -0.003489
-0.3215 -0.003264
-0.2997 -0.003059
-0.2747 -0.002874
-0.2456 -0.002710
-0.2109 -0.002571
-0.1680 -0.002466
-0.1101 -0.002417
-0.0205 -0.002482
0.1222 -0.002689
0.2664 -0.002768
0.3569 -0.002587
0.3916 -0.002250
0.3866 -0.001869
0.3591 -0.001513
0.3222 -0.001209
0.2836 -0.000962
0.2469 -0.000766
0.2134 -0.000611
0.1830 -0.000489
0.1550 -0.000391
0.1283 -0.000313
0.1017 -0.000251
0.0736 -0.000200
0.0414 -0.000157
0.0009 -0.000122
-0.0551 -0.000090
-0.1313 -0.000063
-0.2168 -0.000040
-0.2936 -0.000024
-0.3546 -0.000014
-0.4009 -0.000008
-0.4349 -0.000004
-0.4595 -0.000002
-0.4766 -0.000001
-0.4880 -0.000000
-0.4949 -0.000000
-0.4982 -0.000000
-0.4988 -0.000000
-0.4970 -0.000000
-0.4934 -0.000000
-0.4881 -0.000000
-0.4814 -0.000000
-0.4733 -0.000000
-0.4639 -0.000000
-0.4531 -0.000000
-0.4408 -0.000000
-0.4269 -0.000000
-0.4113 -0.000000
-0.3937 -0.000000
-0.3738 -0.000000
-0.3514 -0.000000
-0.3261 -0.000000
-0.2974 -0.000000
-0.2670 -0.029086
-0.2390 -0.065190
-0.2110 -0.072183
-0.1953 -0.114226
-0.1955 -0.152327
-0.2131 -0.143554
-0.2415 -0.129410
-0.2753 -0.112545
-0.3095 -0.095422
-0.3410 -0.079633
-0.3684 -0.065924
-0.3913 -0.054476
-0.4098 -0.045170
-0.4246 -0.037758
-0.4362 -0.031959
-0.4451 -0.027333
-0.4516 -0.023090
-0.4562 -0.019467
-0.4591 -0.016851
-0.4608 -0.015130
-0.4613 -0.013538
-0.4608 -0.012250
-0.4595 -0.011409
-0.4574 -0.010841
-0.4546 -0.009654
-0.4510 -0.008703
-0.4466 -0.007914
-0.4415 -0.007241
-0.4356 -0.006654
-0.4290 -0.006134
-0.4214 -0.005667
-0.4129 -0.005245
-0.4033 -0.004861
-0.3926 -0.004511
-0.3805 -0.004192
-0.3669 -0.003900
-0.3515 -0.003633
-0.3341 -0.003389
-0.3144 -0.003166
-0.2919 -0.002965
-0.2661 -0.002784
-0.2358 -0.002625
-0.1996 -0.002493
-0.1538 -0.002399
-0.0901 -0.002371
0.0124 -0.002473
0.1632 -0.002674
0.2952 -0.002681
0.3700 -0.002451
0.3926 -0.002101
0.3804 -0.001731
0.3496 -0.001396
0.3119 -0.001114
0.2738 -0.000886
0.2380 -0.000706
0.2055 -0.000564
0.1759 -0.000451
0.1484 -0.000361
0.1219 -0.000289
0.0953 -0.000231
0.0666 -0.000184
0.0332 -0.000145
-0.0100 -0.000111
-0.0703 -0.000081
-0.1500 -0.000055
-0.2346 -0.000035
-0.3079 -0.000021
-0.3654 -0.000012
-0.4087 -0.000007
-0.4403 -0.000004
-0.4630 -0.000002
-0.4787 -0.000001
-0.4889 -0.000000
-0.4949 -0.000000
-0.4976 -0.000000
-0.4975 -0.000000
-0.4953 -0.000000
-0.4914 -0.000000
-0.4858 -0.000000
-0.4790 -0.000000
-0.4708 -0.000000
-0.4615 -0.000000
-0.4508 -0.000000
-0.4388 -0.000000
-0.4252 -0.000000
-0.4100 -0.000000
-0.3929 -0.000000
-0.3737 -0.000000
-0.3520 -0.000000
-0.3276 -0.000000
-0.2999 -0.000000
-0.2711 -0.028571
-0.2445 -0.063809
-0.2185 -0.070304
-0.2030 -0.111335
-0.2030 -0.148562
-0.2210 -0.139617
-0.2486 -0.125850
