0.0216 -0.260993
-0.0235 -0.238479
-0.0741 -0.213234
-0.1279 -0.186321
-0.1771 -0.161686
-0.2154 -0.142466
-0.2418 -0.129200
-0.2582 -0.120967
-0.2670 -0.116545
-0.2703 -0.114872
-0.2697 -0.115143
-0.2664 -0.116782
-0.2612 -0.119389
-0.2546 -0.122689
-0.2469 -0.126498
-0.2385 -0.130694
-0.2295 -0.135201
-0.2199 -0.139977
-0.2099 -0.145005
-0.1993 -0.150294
-0.1881 -0.155872
-0.1763 -0.161796
-0.1636 -0.168158
-0.1497 -0.175098
-0.1342 -0.182831
-0.1164 -0.191698
-0.0953 -0.202253
-0.0689 -0.215410
-0.0344 -0.232611
0.0115 -0.255492
0.0675 -0.283450
0.1220 -0.310740
0.1640 -0.312049
0.1936 -0.293813
0.2153 -0.253070
0.2311 -0.216046
0.2418 -0.183082
0.2483 -0.154238
0.2514 -0.129341
0.2517 -0.108077
0.2501 -0.090061
0.2469 -0.074893
0.2425 -0.062183
0.2374 -0.051571
0.2317 -0.042737
0.2257 -0.035398
0.2195 -0.029310
0.2133 -0.024266
0.2071 -0.020089
0.2010 -0.016632
0.1950 -0.013773
0.1893 -0.011407
0.1837 -0.009450
0.1784 -0.007830
0.1734 -0.006491
0.1685 -0.005382
0.1639 -0.004463
0.1596 -0.003703
0.1554 -0.003073
0.1516 -0.002551
0.1359 -0.160229
0.1085 -0.153123
0.0617 -0.281079
0.0173 -0.258852
-0.0296 -0.235456
-0.0822 -0.209152
-0.1374 -0.181589
-0.1863 -0.157063
-0.2235 -0.138412
-0.2486 -0.125800
-0.2638 -0.118133
-0.2718 -0.114149
-0.2744 -0.112796
-0.2734 -0.113292
-0.2698 -0.115083
-0.2644 -0.117787
-0.2576 -0.121142
-0.2500 -0.124973
-0.2416 -0.129165
-0.2326 -0.133645
-0.2232 -0.138372
-0.2132 -0.143331
-0.2028 -0.148525
-0.1919 -0.153981
-0.1804 -0.159747
-0.1681 -0.165902
-0.1547 -0.172567
-0.1400 -0.179923
-0.1233 -0.188256
-0.1037 -0.198021
-0.0798 -0.209969
-0.0490 -0.225320
-0.0080 -0.245761
0.0447 -0.272054
0.1015 -0.300480
0.1491 -0.311846
0.1839 -0.302664
0.2087 -0.263706
0.2271 -0.225950
0.2397 -0.191984
0.2475 -0.162043
