0.8523 4.0058
0.8405 3.5099
0.8279 3.0938
0.8146 2.7438
0.8007 2.4484
0.7864 2.1988
0.7719 1.9887
0.7574 1.8128
0.7433 1.6669
0.7299 1.5470
0.7174 1.4494
0.7062 1.3706
0.6962 1.3073
0.6876 1.2565
0.6804 1.2165
0.6744 1.1864
0.6697 1.1653
0.6664 1.1516
0.6641 1.1431
0.6627 1.1389
0.6623 1.1482
0.6674 1.2869
0.6916 1.7417
0.7316 2.4128
0.7729 3.1568
0.8068 3.9004
0.8315 4.6215
0.8486 5.3141
0.8604 5.9765
0.8689 6.5978
0.8752 7.1604
0.8800 7.6321
0.8836 7.9684
0.8860 8.1360
0.8872 8.1312
0.8874 7.9781
0.8867 7.7162
0.8852 7.4375
0.8836 7.3636
0.8831 7.6120
0.8845 8.2600
0.8878 9.1889
0.8922 10.2319
0.8967 11.2788
0.9007 12.2393
0.9039 13.0278
0.9064 14.1307
0.9101 18.4969
0.9153 23.0843
0.9197 26.6130
0.9230 29.3399
0.9251 31.4000
0.9264 33.0069
0.9272 34.8844
0.9279 36.5532
0.9286 40.0900
0.9295 43.5845
0.9303 45.3074
0.9308 45.4253
0.9309 44.3738
0.9308 42.5288
0.9304 40.0537
0.9298 36.8970
0.9289 32.6740
0.9274 28.0553
0.9253 23.8225
0.9227 20.3673
0.9197 17.7042
0.9165 15.6611
0.9133 14.0673
0.9101 12.7983
0.9071 11.8521
0.9047 11.6477
0.9040 12.5565
0.9056 13.8904
0.9080 14.9353
0.9101 15.3722
0.9113 15.0929
0.9112 14.1431
0.9096 12.7172
0.9066 11.0869
0.9020 9.4864
0.8959 8.0514
0.8885 6.8292
0.8797 5.8157
0.8698 4.9847
0.8588 4.3047
0.8470 3.7463
0.8344 3.2845
0.8211 2.8992
0.8072 2.5748
0.7928 2.2996
0.7780 2.0644
0.7629 1.8625
0.7475 1.6892
0.7322 1.5417
0.7171 1.4180
0.7027 1.3161
0.6894 1.2341
0.6775 1.1698
0.6677 1.1279
0.6615 1.1255
0.6612 1.1693
0.6674 1.2513
0.6786 1.3582
0.6925 1.4794
0.7083 1.6736
0.7321 2.1559
0.7645 2.8739
0.7971 3.6677
0.8240 4.4413
0.8436 5.1482
0.8572 5.7671
0.8662 6.2887
0.8724 6.7076
0.8765 7.0154
0.8792 7.1945
0.8807 7.2313
0.8812 7.1431
0.8807 6.9666
0.8794 6.7434
0.8777 6.5176
0.8757 6.3282
0.8739 6.1866
0.8724 6.0909
0.8713 6.0634
0.8712 6.2744
0.8734 6.9518
0.8784 7.9831
0.8850 9.3116
0.8921 10.9301
0.8988 12.6404
0.9044 14.2875
0.9087 15.8063
0.9120 17.3639
0.9153 21.4782
0.9192 26.2841
0.9226 29.7179
0.9250 32.0380
0.9265 34.3865
0.9277 37.4827
0.9287 39.7258
0.9295 42.9696
0.9303 45.8397
0.9309 46.7711
0.9312 46.0534
0.9311 44.2770
0.9308 41.7796
0.9303 38.3464
0.9293 34.1156
0.9280 29.7103
0.9262 25.7712
0.9240 22.4910
0.9216 19.8094
0.9190 17.6158
0.9162 15.7955
0.9134 14.2330
0.9104 12.8263
0.9071 11.5542
0.9037 10.7629
0.9016 11.2170
0.9023 12.6097
0.9050 14.0058
0.9079 14.8832
0.9100 15.0269
0.9108 14.3927
0.9099 13.1079
0.9074 11.4572
0.9031 9.7575
0.8971 8.2284
0.8896 6.9605
0.8809 5.9542
0.8715 5.1671
0.8615 4.5461
0.8514 4.0441
0.8412 3.6266
0.8307 3.2710
0.8201 2.9636
0.8092 2.6965
0.7981 2.4650
0.7869 2.2762
0.7766 2.1469
0.7684 2.0782
0.7633 2.0587
0.7611 2.0737
0.7616 2.1102
0.7637 2.1576
0.7666 2.2076
0.7698 2.2533
0.7727 2.2875
0.7749 2.3025
0.7759 2.2908
0.7754 2.2489
0.7733 2.1982
0.7728 2.3367
0.7811 2.7605
0.7970 3.3153
0.8151 3.8872
0.8313 4.4204
0.8441 4.8912
0.8535 5.2916
0.8602 5.6180
0.8648 5.8642
0.8680 6.0162
0.8698 6.0525
0.8703 5.9572
0.8695 5.7390
0.8672 5.4343
0.8637 5.0790
0.8590 4.7125
0.8535 4.3852
0.8479 4.1615
0.8435 4.0930
0.8417 4.2201
0.8435 4.5471
0.8486 5.0278
0.8557 5.5974
0.8632 6.2015
0.8703 6.8604
0.8769 7.6414
0.8831 8.5472
0.8889 9.6748
0.8944 10.8694
0.8992 11.9765
0.9031 13.0473
0.9063 14.1403
0.9089 15.1199
0.9110 15.8633
0.9125 16.3366
0.9136 17.4254
0.9159 22.0942
0.9198 29.3347
0.9240 36.1310
0.9272 40.9959
0.9293 44.6774
0.9307 48.8508
0.9315 50.8932
0.9320 50.4340
0.9320 48.3534
0.9317 45.4384
0.9312 42.0884
0.9304 38.3162
0.9293 33.5951
0.9277 28.4187
0.9255 23.6824
0.9226 19.8929
0.9193 17.0509
0.9157 14.9529
0.9121 13.3890
0.9087 12.1920
0.9055 11.4059
0.9035 11.7794
0.9043 13.5247
0.9073 15.4521
0.9106 16.8045
0.9132 17.3683
0.9146 17.0824
0.9146 15.9924
0.9132 14.3006
0.9103 12.3299
0.9058 10.3836
0.8997 8.6458
0.8920 7.1820
0.8827 5.9858
0.8718 5.0211
0.8596 4.2451
0.8460 3.6191
0.8313 3.1133
0.8158 2.7200
0.8008 2.4772
0.7897 2.4207
0.7854 2.5157
0.7877 2.6843
0.7938 2.8505
0.8005 2.9579
0.8053 2.9775
0.8070 2.9084
0.8052 2.7712
0.8003 2.5949
0.7929 2.4055
0.7836 2.2210
0.7730 2.0509
0.7617 1.8983
0.7502 1.7631
0.7387 1.6460
0.7289 1.6188
0.7304 1.8876
0.7487 2.3997
0.7755 3.0035
0.8018 3.6059
0.8231 4.1609
0.8388 4.6484
0.8496 5.0589
0.8570 5.3832
0.8619 5.6060
0.8649 5.7045
0.8663 5.6573
0.8659 5.4665
0.8638 5.1650
0.8600 4.8014
0.8547 4.4213
0.8483 4.0644
0.8412 3.7642
0.8342 3.5402
0.8283 3.4279
0.8249 3.4588
0.8250 3.6223
0.8285 3.8971
0.8347 4.2813
0.8430 4.8539
0.8529 5.6250
0.8631 6.4558
0.8721 7.2071
0.8794 7.9629
0.8854 8.8337
0.8905 9.6728
0.8947 10.3814
0.8979 10.9337
0.9002 11.3493
0.9018 11.6618
0.9029 11.8665
0.9036 11.9519
0.9044 13.1328
0.9078 16.8308
0.9128 20.7702
0.9175 23.6887
0.9209 26.5013
0.9236 31.4957
0.9260 35.5706
0.9277 37.8127
0.9287 38.5161
0.9291 38.1281
0.9292 38.7999
0.9295 41.0275
0.9299 42.1637
0.9301 42.1883
0.9302 41.5020
0.9301 40.2981
0.9298 38.5584
0.9293 36.1265
0.9286 32.8881
0.9274 29.0280
0.9257 25.0111
0.9234 21.2824
0.9205 18.0697
0.9170 15.3921
0.9129 13.3011
0.9089 12.3494
0.9070 13.4137
0.9082 15.5992
0.9112 17.6628
0.9143 19.0159
0.9164 19.4530
0.9174 18.9539
0.9172 17.6560
0.9158 15.8437
0.9132 13.8357
0.9095 11.8738
0.9047 10.0889
0.8986 8.5326
0.8913 7.2110
0.8827 6.1049
0.8729 5.1876
0.8618 4.4319
0.8495 3.8117
0.8361 3.3019
0.8218 2.8802
0.8066 2.5278
0.7907 2.2300
0.7740 1.9758
0.7567 1.7570
0.7386 1.5676
0.7200 1.4031
0.7009 1.2600
0.6815 1.1352
0.6620 1.0265
0.6425 0.9317
0.6232 0.8490
0.6044 0.7772
0.5864 0.7161
0.5697 0.6660
0.5550 0.6278
0.5433 0.6037
0.5358 0.5959
0.5335 0.6045
0.5365 0.6272
0.5438 0.6592
0.5536 0.6950
0.5643 0.7293
0.5741 0.7581
0.5822 0.7802
0.5884 0.7962
0.5928 0.8085
0.5961 0.8195
0.5989 0.8309
0.6016 0.8438
0.6046 0.8581
0.6078 0.8732
0.6111 0.8879
0.6143 0.9010
0.6171 0.9112
0.6192 0.9173
0.6205 0.9185
0.6208 0.9146
0.6199 0.9055
0.6179 0.8917
0.6149 0.8745
0.6111 0.8551
0.6066 0.8349
0.6017 0.8149
0.5968 0.7959
0.5921 0.7795
0.5887 0.7799
0.5909 0.8269
0.6033 0.9360
0.6260 1.1034
0.6552 1.3153
0.6859 1.5558
0.7146 1.8093
0.7393 2.0621
0.7596 2.3182
0.7765 2.5969
0.7911 2.8911
0.8036 3.1803
0.8143 3.4613
0.8233 3.7384
0.8314 4.1256
0.8411 4.8524
0.8534 6.0250
0.8675 7.7601
0.8814 9.8407
0.8931 11.9864
0.9018 14.0408
0.9081 16.7839
0.9141 23.1165
0.9198 28.9309
0.9240 33.2008
0.9266 36.3901
0.9283 38.7602
0.9292 40.9002
0.9300 45.6522
0.9309 49.3411
0.9316 51.3819
0.9321 54.3212
0.9326 56.9358
0.9329 58.3135
0.9331 58.0086
0.9332 56.5023
0.9330 54.6133
0.9328 52.1130
0.9324 48.9102
0.9318 45.0544
0.9311 40.6378
0.9300 35.9094
0.9287 31.2257
0.9269 26.8795
0.9247 23.0195
0.9220 19.6779
0.9188 16.8245
0.9152 14.4039
0.9110 12.3563
0.9061 10.6253
0.9006 9.1613
0.8945 7.9215
0.8875 6.8700
0.8798 5.9766
0.8713 5.2159
0.8619 4.5663
0.8516 4.0100
0.8404 3.5316
0.8283 3.1186
0.8153 2.7605
0.8013 2.4489
0.7864 2.1767
0.7705 1.9382
0.7537 1.7290
0.7360 1.5458
0.7177 1.3870
0.6990 1.2519
0.6806 1.1402
0.6631 1.0509
0.6474 0.9825
0.6342 0.9333
0.6239 0.9021
0.6171 0.8887
0.6141 0.8916
0.6146 0.9076
0.6179 0.9320
0.6230 0.9590
0.6285 0.9835
0.6335 1.0019
0.6373 1.0121
0.6395 1.0139
0.6400 1.0078
0.6390 0.9952
0.6367 0.9795
0.6342 0.9746
0.6341 0.9979
0.6386 1.0531
0.6480 1.1335
0.6609 1.2292
0.6752 1.3310
0.6894 1.4312
0.7023 1.5233
0.7131 1.6012
0.7216 1.6590
0.7275 1.6918
0.7309 1.6980
0.7317 1.6796
0.7301 1.6420
0.7267 1.5915
0.7217 1.5339
0.7157 1.4739
0.7089 1.4146
0.7018 1.3588
0.6947 1.3086
0.6881 1.2688
0.6839 1.2963
0.6934 1.6035
0.7235 2.2067
0.7624 2.9651
0.7985 3.7748
0.8265 4.5758
0.8465 5.3450
0.8602 6.0446
0.8693 6.5567
0.8748 6.8406
0.8779 6.9916
0.8795 7.1009
0.8805 7.2508
0.8817 7.5881
0.8841 8.3014
0.8880 9.3123
0.8929 10.6598
0.8983 12.1645
0.9032 13.6030
0.9072 14.8771
0.9103 16.0800
0.9128 17.9683
0.9163 23.5470
0.9205 28.5738
0.9239 32.5848
0.9265 37.7369
0.9286 45.5016
0.9306 54.3177
0.9322 60.4137
0.9332 63.3801
0.9337 63.7189
0.9339 61.9400
0.9337 58.4146
0.9333 53.5611
0.9327 47.8535
0.9317 41.5247
0.9303 35.5029
0.9286 30.6660
0.9268 27.7356
0.9253 25.8221
0.9239 24.0441
0.9225 21.9967
0.9208 19.6783
0.9185 17.3163
0.9157 15.1286
0.9122 13.1893
0.9082 11.4881
0.9035 9.9957
0.8981 8.6852
0.8919 7.5367
0.8849 6.5361
0.8768 5.6717
0.8678 4.9317
0.8577 4.3030
0.8467 3.7720
0.8349 3.3245
0.8222 2.9473
0.8090 2.6288
0.7954 2.3597
0.7815 2.1330
0.7676 1.9436
0.7540 1.7872
0.7410 1.6605
0.7292 1.5610
0.7189 1.4855
0.7103 1.4304
0.7035 1.3918
0.6985 1.3655
0.6950 1.3475
0.6925 1.3339
0.6907 1.3214
0.6890 1.3072
0.6871 1.2893
0.6847 1.2663
0.6815 1.2376
0.6776 1.2086
0.6758 1.2640
0.6888 1.5831
0.7200 2.1225
0.7574 2.7518
0.7909 3.3859
0.8167 3.9825
0.8351 4.5342
0.8479 5.0464
0.8569 5.5056
0.8634 5.8805
0.8680 6.1313
0.8708 6.2270
0.8720 6.1645
0.8717 5.9725
0.8699 5.6940
0.8670 5.3687
0.8630 5.0285
0.8584 4.7060
0.8533 4.4326
0.8485 4.2341
0.8445 4.1177
0.8417 4.0782
0.8406 4.1249
0.8413 4.2837
0.8443 4.6003
0.8500 5.2120
0.8589 6.2160
0.8699 7.6149
0.8811 9.2930
0.8911 10.9963
0.8988 12.5453
0.9043 13.8180
0.9080 14.7570
0.9104 15.5514
0.9128 18.7626
0.9166 23.6972
0.9205 27.3855
0.9235 30.2392
0.9256 33.9717
0.9273 37.6619
0.9286 39.8644
0.9295 43.1564
0.9304 46.2177
0.9310 47.2197
0.9313 46.5051
0.9312 44.6994
0.9309 42.2062
0.9304 39.1476
0.9296 35.6833
0.9285 32.1317
0.9272 28.7469
0.9256 25.5034
0.9237 22.5791
0.9216 20.5032
0.9198 19.7562
0.9188 19.6418
0.9182 19.3423
0.9177 18.5325
0.9168 17.1713
0.9151 15.4100
0.9124 13.4892
0.9087 11.6288
0.9039 9.9526
0.8980 8.4922
0.8910 7.2407
0.8829 6.1783
0.8736 5.2829
0.8630 4.5322
0.8512 3.9055
0.8383 3.3841
0.8243 2.9512
0.8095 2.5921
0.7939 2.2946
0.7780 2.0487
0.7621 1.8468
0.7465 1.6823
0.7316 1.5490
0.7178 1.4410
0.7052 1.3528
0.6939 1.2800
0.6838 1.2194
0.6749 1.1692
0.6671 1.1282
0.6603 1.0955
0.6548 1.0703
0.6503 1.0515
0.6469 1.0380
0.6445 1.0312
0.6439 1.0451
0.6471 1.0935
0.6553 1.1745
0.6676 1.2790
0.6833 1.4393
0.7074 1.8356
0.7424 2.4903
0.7796 3.2594
0.8111 4.0341
0.8345 4.7540
0.8506 5.3869
0.8613 5.9153
0.8684 6.3259
0.8729 6.6006
0.8756 6.7141
0.8767 6.6449
0.8763 6.3963
0.8742 6.0049
0.8705 5.5265
0.8652 5.0163
0.8584 4.5183
0.8504 4.0700
0.8417 3.7062
0.8332 3.4565
0.8263 3.3522
0.8228 3.4139
0.8238 3.6566
0.8292 4.0662
0.8379 4.5949
0.8478 5.1794
0.8572 5.7615
0.8653 6.3415
0.8726 7.2581
0.8806 8.6735
0.8888 10.3038
0.8963 11.9095
0.9022 13.3696
0.9067 14.6950
0.9101 16.2887
0.9138 20.9914
0.9184 25.9616
0.9222 29.3822
0.9248 31.8754
0.9266 35.4062
0.9280 38.9987
0.9291 40.6678
0.9297 42.6318
0.9304 45.5473
0.9309 46.8836
0.9312 46.5911
0.9312 45.0029
0.9310 42.4610
0.9304 39.1949
0.9296 35.4394
0.9285 31.6421
0.9270 28.1905
0.9254 25.2375
0.9236 22.7375
0.9217 20.5470
0.9196 18.5373
0.9173 16.8028
0.9152 16.1629
0.9142 16.9399
0.9147 18.0789
0.9157 18.8333
0.9166 18.9100
0.9169 18.2563
0.9164 16.9665
0.9148 15.2334
0.9121 13.3099
0.9083 11.4198
0.9032 9.7018
0.8970 8.2204
0.8896 6.9997
0.8812 6.0255
0.8721 5.2621
0.8628 4.6693
0.8535 4.2100
0.8447 3.8534
0.8364 3.5729
0.8288 3.3406
0.8217 3.1291
0.8146 2.9348
0.8076 2.7843
0.8017 2.7019
0.7978 2.6757
0.7959 2.6681
0.7948 2.6435
0.7935 2.5847
0.7910 2.4912
0.7868 2.3722
0.7808 2.2399
0.7734 2.1049
0.7650 1.9747
0.7558 1.8530
0.7464 1.7523
0.7403 1.8225
0.7477 2.2066
0.7682 2.7665
0.7930 3.3699
0.8154 3.9457
0.8329 4.4616
0.8455 4.9046
0.8543 5.2690
0.8602 5.5463
0.8641 5.7077
0.8660 5.6208
0.8651 5.2736
0.8613 4.7985
0.8549 4.3206
0.8469 3.9176
0.8385 3.6152
0.8307 3.4079
0.8243 3.2767
0.8196 3.1992
0.8166 3.1626
0.8151 3.1646
0.8149 3.1929
0.8156 3.2292
0.8167 3.2594
0.8177 3.2788
0.8185 3.2983
0.8194 3.3371
0.8206 3.4030
0.8225 3.4942
0.8250 3.6176
0.8284 3.7895
0.8328 4.0363
0.8385 4.3865
0.8454 4.8382
0.8529 5.3588
0.8605 5.9315
0.8680 6.7268
0.8761 8.0099
0.8851 9.7878
0.8938 11.7396
0.9012 13.5926
0.9068 15.1806
0.9107 16.3765
0.9132 17.2472
0.9153 20.1124
0.9184 25.0798
0.9220 31.0294
0.9253 36.3609
0.9277 40.2913
0.9293 42.6308
0.9301 42.8946
0.9303 40.7673
0.9300 39.1634
0.9297 38.9880
0.9295 38.3361
0.9292 37.3759
0.9290 36.3905
0.9286 35.3676
0.9283 34.1026
0.9278 32.2850
0.9271 29.6756
0.9259 26.0993
0.9240 22.3302
0.9214 18.9806
0.9182 16.6258
0.9154 16.3046
0.9147 17.9852
0.9159 20.0118
0.9177 21.5156
0.9193 22.1809
0.9202 21.8301
0.9202 20.4389
0.9191 18.3158
0.9169 15.9069
0.9135 13.5520
0.9090 11.4060
0.9034 9.6236
0.8969 8.2301
0.8899 7.2363
0.8832 6.5889
0.8774 6.1650
0.8728 5.8433
0.8688 5.5429
0.8650 5.2273
0.8608 4.8889
0.8559 4.5330
0.8500 4.1698
0.8431 3.8104
0.8350 3.4644
0.8258 3.1393
0.8155 2.8400
0.8043 2.5699
0.7922 2.3308
0.7796 2.1236
0.7668 1.9471
0.7541 1.7988
0.7419 1.6749
0.7305 1.5716
0.7199 1.4858
0.7103 1.4150
0.7017 1.3570
0.6943 1.3110
0.6882 1.2797
0.6839 1.2664
0.6820 1.2713
0.6827 1.3005
0.6873 1.3801
0.6979 1.5365
0.7146 1.7565
0.7342 1.9930
0.7526 2.1938
0.7668 2.3240
0.7758 2.3743
0.7799 2.3574
0.7798 2.2977
0.7770 2.2212
0.7727 2.1479
0.7681 2.0950
0.7646 2.0826
0.7634 2.1168
0.7649 2.1862
0.7687 2.2788
0.7741 2.3949
0.7806 2.5288
0.7874 2.6652
0.7939 2.7892
0.7995 2.8908
0.8042 3.0046
0.8100 3.3095
0.8201 3.9396
0.8353 5.0048
0.8528 6.3259
0.8688 7.6967
0.8813 9.0130
0.8904 10.2112
0.8967 11.2304
0.9010 12.2096
0.9054 15.7494
0.9115 20.7018
0.9172 24.6346
0.9213 27.6540
0.9240 30.1811
0.9258 33.7525
0.9274 37.9202
0.9287 40.7216
0.9296 41.6580
0.9300 40.7633
0.9299 39.0064
0.9297 39.4867
0.9297 40.5111
0.9298 40.5565
0.9298 39.9878
0.9297 39.0946
0.9295 37.9050
0.9291 36.3007
0.9286 34.0966
0.9278 31.1577
0.9266 27.3103
0.9247 23.2191
0.9222 19.8505
0.9194 18.3087
0.9178 19.3794
0.9181 21.4265
0.9195 23.1653
0.9209 24.1615
0.9219 24.2228
0.9221 23.2472
0.9216 21.1988
0.9199 18.3659
0.9171 15.5858
0.9132 13.1932
0.9084 11.2823
0.9031 9.8191
0.8976 8.6885
0.8920 7.7641
0.8863 6.9505
0.8801 6.1965
0.8731 5.4878
0.8651 4.8296
0.8558 4.2303
0.8450 3.6949
0.8328 3.2241
0.8190 2.8154
0.8039 2.4641
0.7875 2.1646
0.7700 1.9107
0.7519 1.6974
0.7334 1.5212
0.7153 1.3795
0.6983 1.2702
0.6833 1.1905
0.6711 1.1368
0.6622 1.1048
0.6564 1.0899
0.6535 1.0874
0.6529 1.0933
0.6539 1.1037
0.6557 1.1155
0.6578 1.1263
0.6597 1.1347
0.6613 1.1400
0.6622 1.1416
0.6626 1.1403
0.6625 1.1379
0.6623 1.1370
0.6621 1.1389
0.6624 1.1440
0.6631 1.1517
0.6643 1.1607
0.6657 1.1694
0.6670 1.1767
0.6682 1.1838
0.6695 1.1950
0.6715 1.2172
0.6754 1.2664
0.6827 1.3567
0.6942 1.4854
0.7087 1.6398
0.7246 1.8186
0.7411 2.0417
0.7582 2.3098
0.7748 2.6011
0.7900 2.8909
0.8031 3.2084
