0.0167 -0.037228
-0.0041 0.008604
-0.0254 0.055036
-0.0475 0.097204
-0.0714 0.130492
-0.0987 0.152647
-0.1303 0.166698
-0.1649 0.174445
-0.2001 0.175085
-0.2339 0.169267
-0.2650 0.158661
-0.2932 0.145137
-0.3182 0.130267
-0.3403 0.115186
-0.3595 0.100642
-0.3762 0.087079
-0.3905 0.074733
-0.4025 0.063698
-0.4125 0.053975
-0.4206 0.045509
-0.4271 0.038211
-0.4322 0.031968
-0.4359 0.026661
-0.4385 0.022173
-0.4398 0.018390
-0.4400 0.015213
-0.4392 0.012553
-0.4372 0.010333
-0.4343 0.008486
-0.4304 0.006955
-0.4258 0.005689
-0.4205 0.004645
-0.4147 0.003788
-0.4085 0.003085
-0.4019 0.002509
-0.3949 0.002039
-0.3876 0.001654
-0.3800 0.001341
-0.3720 0.001086
-0.3638 0.000878
-0.3552 0.000709
-0.3463 0.000571
-0.3370 0.000460
-0.3274 0.000369
-0.3176 0.000296
-0.3074 0.000237
-0.2971 0.000189
-0.2865 0.000151
-0.2760 0.000120
-0.2655 0.000096
-0.2553 0.000076
-0.2454 0.000060
-0.2360 0.000048
-0.2270 0.000038
-0.2184 0.000030
-0.2101 0.000024
-0.2021 0.000019
-0.1940 0.000015
-0.1858 0.000012
-0.1771 0.000010
-0.1677 0.000007
-0.1571 0.000006
-0.1448 0.000004
-0.1298 0.000003
-0.1107 0.000002
-0.0732 0.040481
-0.0216 0.012210
0.0481 -0.026055
0.1226 -0.067042
0.1687 -0.185341
0.1819 -0.200025
0.1784 -0.196323
0.1655 -0.182265
0.1482 -0.163240
0.1291 -0.142222
0.1094 -0.120524
0.0883 -0.143664
0.0596 -0.124605
0.0297 -0.060163
0.0019 -0.004153
-0.0262 0.048983
-0.0551 0.101451
-0.0844 0.152733
-0.1132 0.191543
-0.1409 0.224002
-0.1658 0.249558
-0.1868 0.268191
-0.2038 0.280697
-0.2168 0.288214
-0.2263 0.291873
-0.2328 0.292650
-0.2371 0.283226
-0.2448 0.241725
-0.2568 0.209644
-0.2713 0.183075
-0.2869 0.160065
-0.3027 0.139639
-0.3180 0.121316
-0.3324 0.104858
-0.3456 0.090136
-0.3574 0.077074
-0.3680 0.065624
-0.3779 0.055717
-0.3875 0.047229
-0.3968 0.039991
-0.4059 0.033820
-0.4145 0.028557
-0.4224 0.024066
-0.4296 0.020235
-0.4358 0.016973
-0.4410 0.014201
-0.4451 0.011851
-0.4481 0.009865
-0.4500 0.008191
-0.4508 0.006785
-0.4505 0.005606
-0.4492 0.004622
-0.4468 0.003801
-0.4435 0.003120
-0.4394 0.002555
-0.4343 0.002089
-0.4285 0.001704
-0.4219 0.001387
-0.4147 0.001127
-0.4069 0.000914
-0.3985 0.000741
-0.3896 0.000599
-0.3801 0.000483
-0.3702 0.000389
-0.3597 0.000312
-0.3489 0.000251
-0.3376 0.000200
-0.3260 0.000160
-0.3141 0.000127
-0.3019 0.000101
-0.2896 0.000080
-0.2770 0.000064
-0.2642 0.000050
-0.2510 0.000039
-0.2374 0.000031
-0.2233 0.000024
-0.2084 0.000018
-0.1924 0.000014
-0.1748 0.000011
-0.1550 0.000008
-0.1217 0.067149
-0.0747 0.041385
-0.0130 0.007561
0.0663 -0.035990
0.1375 -0.150656
0.1750 -0.192213
0.1879 -0.206667
0.1848 -0.203391
0.1597 -0.263912
0.1345 -0.222319
0.1118 -0.184864
0.0908 -0.150155
0.0708 -0.114352
0.0518 -0.079191
0.0326 -0.047593
0.0119 -0.016864
-0.0116 0.015176
-0.0391 0.050290
-0.0712 0.085368
-0.1082 0.117656
-0.1474 0.146623
-0.1845 0.169454
-0.2165 0.185080
-0.2436 0.176500
-0.2683 0.160781
-0.2905 0.143962
-0.3101 0.127085
-0.3272 0.110872
-0.3418 0.095773
-0.3541 0.082033
-0.3641 0.069748
-0.3720 0.058919
-0.3778 0.049484
-0.3818 0.041343
-0.3839 0.034378
-0.3845 0.028464
-0.3835 0.023475
-0.3812 0.019293
-0.3778 0.015810
-0.3736 0.012926
-0.3690 0.010558
-0.3647 0.008627
-0.3612 0.007065
-0.3590 0.005804
-0.3580 0.004786
-0.3582 0.003960
-0.3595 0.003285
-0.3614 0.002731
-0.3637 0.002272
-0.3660 0.001891
-0.3681 0.001572
-0.3698 0.001306
-0.3708 0.001083
-0.3711 0.000896
-0.3707 0.000740
-0.3697 0.000610
-0.3681 0.000502
-0.3660 0.000413
-0.3635 0.000339
-0.3606 0.000278
-0.3573 0.000228
-0.3536 0.000186
-0.3494 0.000152
-0.3447 0.000124
-0.3394 0.000101
-0.3335 0.000082
-0.3271 0.000067
-0.3200 0.000054
-0.3124 0.000044
-0.3043 0.000035
-0.2955 0.000028
-0.2863 0.000023
-0.2764 0.000018
-0.2660 0.000014
-0.2550 0.000011
-0.2432 0.000009
-0.2307 0.000007
-0.2172 0.000005
-0.2025 0.000004
-0.1863 0.000003
-0.1513 0.083456
-0.1091 0.060234
-0.0576 0.031985
0.0098 -0.004982
0.0906 -0.049366
0.1492 -0.163616
0.1755 -0.289582
0.1640 -0.361423
0.1391 -0.306618
0.1169 -0.257705
0.0967 -0.213088
0.0777 -0.171379
0.0601 -0.126858
0.0432 -0.087975
0.0262 -0.051783
0.0084 -0.016281
-0.0109 0.020004
-0.0320 0.057680
-0.0555 0.093331
-0.0815 0.128989
-0.1106 0.147824
-0.1437 0.158926
-0.1790 0.163682
-0.2138 0.161763
-0.2465 0.154241
-0.2761 0.142873
-0.3024 0.129378
-0.3253 0.115104
-0.3451 0.100980
-0.3620 0.087592
-0.3762 0.075270
-0.3879 0.064172
-0.3973 0.054341
-0.4045 0.045748
-0.4098 0.038320
-0.4133 0.031958
-0.4153 0.026550
-0.4159 0.021983
-0.4152 0.018147
-0.4133 0.014937
-0.4104 0.012263
-0.4065 0.010043
-0.4017 0.008207
-0.3963 0.006694
-0.3904 0.005452
-0.3841 0.004435
-0.3776 0.003605
-0.3710 0.002929
-0.3645 0.002379
-0.3581 0.001932
-0.3518 0.001570
-0.3458 0.001276
-0.3400 0.001037
-0.3345 0.000844
-0.3292 0.000686
-0.3239 0.000558
-0.3188 0.000454
-0.3135 0.000370
-0.3082 0.000300
-0.3027 0.000244
-0.2969 0.000198
-0.2908 0.000160
-0.2843 0.000129
-0.2774 0.000104
-0.2701 0.000084
-0.2622 0.000068
-0.2539 0.000054
-0.2449 0.000043
-0.2354 0.000034
-0.2250 0.000027
-0.2138 0.000021
-0.2016 0.000017
-0.1880 0.000013
-0.1608 0.088634
-0.1227 0.067691
-0.0774 0.042842
-0.0202 0.011476
0.0504 -0.027332
0.1209 -0.066152
0.1711 -0.093891
0.1939 -0.213328
0.1743 -0.288131
0.1483 -0.245039
0.1250 -0.206632
0.0992 -0.215080
0.0733 -0.152534
0.0515 -0.103458
0.0312 -0.060895
0.0108 -0.020888
-0.0106 0.019152
-0.0338 0.060912
-0.0590 0.104908
-0.0854 0.149944
-0.1111 0.193106
-0.1344 0.224305
-0.1557 0.242437
-0.1761 0.243468
-0.1959 0.236161
-0.2172 0.216404
-0.2393 0.197212
-0.2615 0.178173
-0.2829 0.159409
-0.3032 0.141235
-0.3218 0.123983
-0.3388 0.107917
-0.3539 0.093214
-0.3671 0.079961
-0.3786 0.068172
-0.3882 0.057807
-0.3962 0.048785
-0.4028 0.041001
-0.4079 0.034335
-0.4119 0.028665
-0.4148 0.023867
-0.4167 0.019825
-0.4177 0.016431
-0.4178 0.013589
-0.4170 0.011215
-0.4154 0.009238
-0.4131 0.007595
-0.4101 0.006235
-0.4068 0.005113
-0.4032 0.004190
-0.3995 0.003433
-0.3960 0.002813
-0.3925 0.002305
-0.3891 0.001890
-0.3856 0.001549
-0.3821 0.001269
-0.3785 0.001039
-0.3746 0.000850
-0.3703 0.000695
-0.3657 0.000567
-0.3607 0.000463
-0.3552 0.000377
-0.3492 0.000306
-0.3428 0.000249
-0.3359 0.000201
-0.3287 0.000163
-0.3210 0.000132
-0.3130 0.000106
-0.3046 0.000085
-0.2959 0.000069
-0.2869 0.000055
-0.2775 0.000044
-0.2678 0.000035
-0.2576 0.000028
-0.2469 0.000022
-0.2356 0.000017
-0.2235 0.000014
-0.2106 0.000011
-0.1965 0.000008
-0.1807 0.000006
-0.1628 0.000005
-0.1415 0.000003
-0.1091 0.060236
-0.0586 0.032549
0.0092 -0.004615
0.0888 -0.096854
0.1491 -0.163552
0.1808 -0.198713
0.1892 -0.208133
0.1710 -0.282567
0.1413 -0.311736
0.1095 -0.241465
0.0837 -0.184656
0.0611 -0.134983
0.0403 -0.087055
0.0203 -0.042389
0.0001 -0.000575
-0.0214 0.040840
-0.0447 0.079543
-0.0706 0.117413
-0.0985 0.154202
-0.1268 0.183270
-0.1553 0.200422
-0.1825 0.212177
-0.2070 0.218769
-0.2292 0.206414
-0.2514 0.187219
-0.2730 0.168105
-0.2934 0.149402
-0.3124 0.131501
-0.3296 0.114734
-0.3451 0.099323
-0.3587 0.085384
-0.3706 0.072942
-0.3808 0.061961
-0.3892 0.052362
-0.3959 0.044040
-0.4009 0.036881
-0.4045 0.030764
-0.4066 0.025571
-0.4075 0.021187
-0.4072 0.017506
-0.4059 0.014429
-0.4037 0.011866
-0.4007 0.009739
-0.3970 0.007978
-0.3927 0.006524
-0.3876 0.005325
-0.3820 0.004339
-0.3759 0.003530
-0.3693 0.002868
-0.3623 0.002326
-0.3549 0.001884
-0.3474 0.001525
-0.3397 0.001233
-0.3320 0.000996
-0.3244 0.000805
-0.3170 0.000650
-0.3096 0.000525
-0.3023 0.000424
-0.2950 0.000342
-0.2877 0.000276
-0.2804 0.000222
-0.2730 0.000179
-0.2654 0.000144
-0.2575 0.000115
-0.2494 0.000092
-0.2409 0.000074
-0.2319 0.000059
-0.2224 0.000047
-0.2122 0.000037
-0.2012 0.000029
-0.1890 0.000022
-0.1754 0.000017
-0.1597 0.000013
-0.1411 0.000009
-0.1181 0.000007
-0.0878 0.000004
-0.0443 0.000002
0.0220 -0.000001
0.1100 -0.060042
0.1676 -0.183982
0.1912 -0.210211
0.1816 -0.300062
0.1595 -0.263623
0.1363 -0.225341
0.1135 -0.187699
0.0915 -0.151322
0.0700 -0.115772
0.0483 -0.080108
0.0249 -0.055328
-0.0005 0.000510
-0.0254 0.054918
-0.0505 0.104970
-0.0763 0.145823
-0.1029 0.182161
-0.1295 0.204881
-0.1564 0.219460
-0.1820 0.228634
-0.2054 0.232934
-0.2259 0.233375
-0.2434 0.231086
-0.2579 0.227059
-0.2698 0.222058
-0.2792 0.216613
-0.2865 0.211065
-0.2922 0.195508
-0.3003 0.166084
-0.3104 0.141919
-0.3214 0.121497
-0.3325 0.103951
-0.3434 0.088753
-0.3536 0.075563
-0.3630 0.064145
-0.3717 0.054305
-0.3797 0.045866
-0.3870 0.038656
-0.3937 0.032511
-0.3995 0.027282
-0.4044 0.022835
-0.4082 0.019058
-0.4108 0.015858
-0.4121 0.013154
-0.4122 0.010878
-0.4112 0.008972
-0.4092 0.007382
-0.4064 0.006061
-0.4029 0.004969
-0.3990 0.004069
-0.3948 0.003329
-0.3904 0.002722
-0.3859 0.002224
-0.3812 0.001817
-0.3764 0.001483
-0.3713 0.001209
-0.3658 0.000985
-0.3600 0.000802
-0.3538 0.000652
-0.3471 0.000528
-0.3399 0.000428
-0.3321 0.000346
-0.3237 0.000279
-0.3147 0.000224
-0.3052 0.000180
-0.2950 0.000144
-0.2843 0.000114
-0.2730 0.000091
-0.2610 0.000072
-0.2484 0.000056
-0.2351 0.000044
-0.2209 0.000034
-0.2057 0.000026
-0.1890 0.000020
-0.1704 0.000015
-0.1487 0.000011
-0.1221 0.000007
-0.0870 0.000004
-0.0279 0.015753
0.0538 -0.029088
0.1322 -0.144742
0.1824 -0.200286
0.2017 -0.221814
0.1937 -0.320091
0.1655 -0.273610
0.1391 -0.229898
0.1146 -0.189543
0.0919 -0.151999
0.0702 -0.116164
0.0475 -0.105174
0.0221 -0.046950
-0.0025 0.004497
-0.0278 0.051383
-0.0553 0.095339
-0.0851 0.137661
-0.1159 0.177046
-0.1450 0.210952
-0.1704 0.237530
-0.1923 0.242427
-0.2121 0.241374
-0.2296 0.237947
-0.2447 0.232931
-0.2572 0.226972
-0.2674 0.220544
-0.2753 0.213971
-0.2811 0.207467
-0.2852 0.198231
-0.2907 0.167069
-0.2987 0.141918
-0.3080 0.120983
-0.3178 0.103229
-0.3279 0.088040
-0.3378 0.075009
-0.3477 0.063822
-0.3571 0.054209
-0.3660 0.045937
-0.3741 0.038819
-0.3811 0.032702
-0.3871 0.027460
-0.3919 0.022989
-0.3957 0.019190
-0.3984 0.015975
-0.4001 0.013265
-0.4008 0.010987
-0.4005 0.009078
-0.3992 0.007483
-0.3970 0.006153
-0.3939 0.005047
-0.3899 0.004131
-0.3850 0.003373
-0.3794 0.002748
-0.3730 0.002234
-0.3659 0.001812
-0.3582 0.001466
-0.3500 0.001185
-0.3418 0.000957
-0.3339 0.000773
-0.3267 0.000625
-0.3207 0.000507
-0.3158 0.000413
-0.3122 0.000338
-0.3098 0.000277
-0.3082 0.000228
-0.3073 0.000188
-0.3068 0.000155
-0.3065 0.000128
-0.3061 0.000106
-0.3054 0.000087
-0.3044 0.000072
-0.3027 0.000059
-0.3005 0.000049
-0.2976 0.000040
-0.2939 0.000032
-0.2895 0.000026
-0.2845 0.000021
-0.2797 0.000017
-0.2765 0.000014
-0.2560 0.140939
-0.2323 0.127866
-0.2137 0.117613
-0.1989 0.109490
-0.1871 0.102959
-0.1775 0.097658
-0.1696 0.093347
-0.1633 0.089842
-0.1581 0.086979
-0.1511 0.166391
-0.1305 0.143752
-0.1096 0.120791
-0.0870 0.095915
-0.0609 0.067323
-0.0299 0.031382
0.0070 -0.006328
0.0490 -0.042883
0.0900 -0.074022
0.1228 -0.095314
0.1439 -0.106152
0.1542 -0.108779
0.1423 -0.175058
0.1288 -0.155606
0.1146 -0.136313
0.1001 -0.112519
0.0863 -0.088473
0.0725 -0.068368
0.0577 -0.050529
0.0410 -0.033641
0.0210 -0.016403
-0.0051 0.006180
-0.0359 0.044463
-0.0722 0.088002
-0.1126 0.134975
-0.1523 0.180101
-0.1866 0.215218
-0.2155 0.226110
-0.2398 0.230943
-0.2598 0.231625
-0.2759 0.229705
-0.2888 0.226265
-0.2987 0.221992
-0.3062 0.217306
-0.3115 0.212455
-0.3149 0.207598
-0.3183 0.181680
-0.3250 0.153359
-0.3337 0.130190
-0.3434 0.110766
-0.3533 0.094228
-0.3629 0.080023
-0.3717 0.067773
-0.3794 0.057205
-0.3859 0.048112
-0.3912 0.040322
-0.3952 0.033683
-0.3981 0.028054
-0.3999 0.023302
-0.4008 0.019307
-0.4006 0.015958
-0.3996 0.013160
-0.3977 0.010829
-0.3949 0.008892
-0.3913 0.007285
-0.3870 0.005957
-0.3819 0.004861
-0.3762 0.003958
-0.3698 0.003217
-0.3628 0.002610
-0.3554 0.002114
-0.3475 0.001709
-0.3392 0.001379
-0.3305 0.001111
-0.3215 0.000894
-0.3122 0.000718
-0.3026 0.000575
-0.2927 0.000460
-0.2825 0.000367
-0.2720 0.000292
-0.2611 0.000232
-0.2498 0.000183
-0.2381 0.000145
-0.2267 0.000114
-0.1987 0.109536
-0.1570 0.173291
-0.1155 0.127524
-0.0760 0.084033
-0.0342 0.038099
0.0124 -0.013105
0.0610 -0.066554
0.1025 -0.112426
0.1303 -0.143084
0.1440 -0.158291
0.1469 -0.161664
0.1427 -0.157083
0.1340 -0.145975
0.1238 -0.123326
0.1140 -0.094824
0.1051 -0.072225
0.0895 -0.100261
0.0713 -0.072879
0.0530 -0.049887
0.0330 -0.028920
0.0084 -0.011869
-0.0202 0.026207
-0.0530 0.067528
-0.0901 0.112184
-0.1286 0.156940
-0.1639 0.196727
-0.1928 0.228088
-0.2142 0.250478
-0.2291 0.265167
-0.2387 0.273945
-0.2443 0.278406
-0.2470 0.279724
-0.2485 0.262746
-0.2517 0.244003
-0.2557 0.229353
-0.2601 0.217607
-0.2654 0.191895
-0.2744 0.164009
-0.2857 0.141224
-0.2984 0.121937
-0.3115 0.105234
-0.3243 0.090588
-0.3363 0.077684
-0.3473 0.066325
-0.3570 0.056370
-0.3653 0.047698
-0.3723 0.040195
-0.3780 0.033745
-0.3825 0.028232
-0.3858 0.023543
-0.3879 0.019572
-0.3888 0.016223
-0.3887 0.013409
-0.3875 0.011052
-0.3853 0.009086
-0.3821 0.007451
-0.3781 0.006096
-0.3732 0.004976
-0.3677 0.004053
-0.3614 0.003294
-0.3545 0.002671
-0.3470 0.002162
-0.3390 0.001746
-0.3305 0.001408
-0.3214 0.001132
-0.3120 0.000909
-0.3021 0.000727
-0.2919 0.000581
-0.2812 0.000463
-0.2702 0.000368
-0.2588 0.000291
-0.2469 0.000230
-0.2348 0.000181
-0.2233 0.000142
-0.2134 0.000112
-0.1981 0.109192
-0.1582 0.174521
-0.1198 0.132214
-0.0834 0.092188
-0.0451 0.050064
-0.0020 0.002703
0.0448 -0.048818
0.0881 -0.096452
0.1194 -0.131130
0.1368 -0.150355
0.1426 -0.156802
0.1402 -0.154317
0.1327 -0.146057
0.1219 -0.130792
0.1083 -0.161167
0.0888 -0.117694
0.0719 -0.085697
0.0556 -0.060139
0.0384 -0.038103
0.0190 -0.017528
-0.0043 0.003395
-0.0335 0.026476
-0.0709 0.053195
-0.1163 0.083267
-0.1638 0.202725
-0.1905 0.231212
-0.2104 0.251377
-0.2243 0.264330
-0.2331 0.271578
-0.2379 0.274532
-0.2397 0.274366
-0.2407 0.254909
-0.2433 0.236256
-0.2468 0.221658
-0.2506 0.209933
-0.2543 0.200343
-0.2577 0.192401
-0.2607 0.185761
-0.2632 0.180147
-0.2652 0.175321
-0.2677 0.153740
-0.2737 0.129919
-0.2819 0.110630
-0.2914 0.094559
-0.3016 0.080908
-0.3118 0.069170
-0.3217 0.059007
-0.3309 0.050188
-0.3393 0.042544
-0.3467 0.035943
-0.3531 0.030268
-0.3585 0.025413
-0.3630 0.021276
-0.3666 0.017765
-0.3692 0.014795
-0.3709 0.012289
-0.3717 0.010182
-0.3715 0.008415
-0.3705 0.006938
-0.3685 0.005706
-0.3656 0.004681
-0.3620 0.003832
-0.3575 0.003129
-0.3522 0.002549
-0.3464 0.002073
-0.3399 0.001682
-0.3330 0.001362
-0.3256 0.001101
-0.3179 0.000889
-0.3099 0.000717
-0.3015 0.000576
-0.2929 0.000463
-0.2840 0.000371
-0.2748 0.000297
-0.2652 0.000237
-0.2553 0.000189
-0.2449 0.000150
-0.2343 0.000118
-0.2242 0.000094
-0.2045 0.112717
-0.1777 0.097912
-0.1406 0.155129
-0.1046 0.115444
-0.0694 0.076697
-0.0318 0.035472
0.0098 -0.010276
0.0534 -0.058307
0.0921 -0.100947
0.1195 -0.131174
0.1343 -0.147643
0.1389 -0.152834
0.1365 -0.144836
0.1309 -0.127349
0.1233 -0.110904
0.1082 -0.150566
0.0889 -0.113823
0.0719 -0.082987
0.0555 -0.058289
0.0383 -0.036997
0.0190 -0.017132
-0.0040 0.003073
-0.0327 0.025374
-0.0693 0.051183
-0.1137 0.080256
-0.1611 0.109501
-0.2051 0.134811
-0.2410 0.154050
-0.2682 0.167295
-0.2873 0.175600
-0.2999 0.180146
-0.3099 0.155235
-0.3201 0.132587
-0.3300 0.113003
-0.3390 0.096005
-0.3471 0.081263
-0.3539 0.068518
-0.3595 0.057546
-0.3638 0.048145
-0.3667 0.040132
-0.3684 0.033335
-0.3689 0.027599
-0.3683 0.022784
-0.3668 0.018762
-0.3647 0.015421
-0.3622 0.012664
-0.3598 0.010402
-0.3580 0.008556
-0.3568 0.007052
-0.3565 0.005824
-0.3569 0.004821
-0.3582 0.004001
-0.3607 0.003331
-0.3643 0.002781
-0.3690 0.002329
-0.3745 0.001954
-0.3804 0.001642
-0.3864 0.001379
-0.3555 0.196719
-0.3290 0.181881
-0.3073 0.169746
-0.2891 0.159563
-0.2733 0.150787
-0.2594 0.143018
-0.2467 0.135959
-0.2348 0.129385
-0.2235 0.123122
-0.2125 0.117025
-0.2015 0.110958
-0.1903 0.104785
-0.1786 0.098349
-0.1661 0.091463
-0.1523 0.083878
-0.1366 0.075243
-0.1180 0.065028
-0.0949 0.052363
-0.0649 0.032027
-0.0240 0.023430
0.0337 -0.029242
0.0980 -0.080550
0.1522 -0.118306
0.1861 -0.137489
0.1993 -0.140825
0.1964 -0.133566
0.1835 -0.120711
0.1568 -0.186828
0.1255 -0.147546
0.0976 -0.113622
0.0714 -0.082387
0.0450 -0.051639
0.0168 -0.018156
-0.0155 0.014727
-0.0547 0.048921
-0.1020 0.085331
-0.1534 0.120793
-0.2012 0.150294
-0.2404 0.171452
-0.2699 0.184914
-0.2908 0.192440
-0.3046 0.195734
-0.3130 0.196097
-0.3173 0.184940
-0.3224 0.155347
-0.3285 0.130872
-0.3347 0.110246
-0.3403 0.092701
-0.3451 0.077730
-0.3489 0.064963
-0.3514 0.054108
-0.3528 0.044915
-0.3531 0.037164
-0.3522 0.030657
-0.3504 0.025217
-0.3477 0.020686
-0.3440 0.016925
-0.3396 0.013813
-0.3343 0.011245
-0.3284 0.009133
-0.3218 0.007400
-0.3147 0.005984
-0.3074 0.004831
-0.3000 0.003899
-0.2929 0.003148
-0.2865 0.002546
-0.2811 0.002065
-0.2716 0.151213
-0.2423 0.134622
-0.2191 0.121538
-0.2012 0.111445
-0.1696 0.187318
-0.1430 0.157930
-0.1211 0.133663
-0.1020 0.112559
-0.0843 0.093055
-0.0669 0.073828
-0.0486 0.053683
-0.0285 0.031560
-0.0059 0.006743
0.0190 -0.020597
0.0445 -0.048242
0.0687 -0.068171
0.0893 -0.081888
0.1057 -0.080811
0.1183 -0.074779
0.1268 -0.066343
0.1316 -0.056929
0.1328 -0.047502
0.1301 -0.110185
0.1129 -0.089823
0.0963 -0.072528
