0.1489
0.1412
0.1339
0.1270
0.1205
0.1143
0.1085
0.1029
0.0976
0.0925
0.0877
0.0831
0.0788
0.0746
0.0707
0.0669
0.0634
0.0600
0.0568
0.0538
0.0509
0.0480
0.0453
0.0427
0.0401
0.0374
0.0347
0.0319
0.0289
0.0256
0.0218
0.0176
0.0127
0.0068
-0.0001
-0.0086
-0.0194
-0.0336
-0.0523
-0.0769
-0.1079
-0.1438
-0.1813
-0.2166
-0.2475
-0.2733
-0.2941
-0.3107
-0.3238
-0.3340
-0.3419
-0.3478
-0.3523
-0.3554
-0.3576
-0.3588
-0.3593
-0.3592
-0.3586
-0.3574
-0.3558
-0.3539
-0.3516
-0.3490
-0.3461
-0.3430
-0.3397
-0.3362
-0.3326
-0.3287
-0.3248
-0.3207
-0.3165
-0.3122
-0.3079
-0.3035
-0.2990
-0.2945
-0.2899
-0.2853
-0.2807
-0.2761
-0.2714
-0.2668
-0.2621
-0.2574
-0.2527
-0.2480
-0.2432
-0.2385
-0.2337
-0.2289
-0.2241
-0.2192
-0.2142
-0.2092
-0.2041
-0.1988
-0.1934
-0.1878
-0.1819
