-0.3738
-0.3731
-0.3817
-0.3857
-0.3965
-0.4025
-0.4049
-0.4054
-0.4050
-0.4041
-0.4031
-0.4020
-0.4009
-0.3997
-0.3987
-0.3977
-0.3967
-0.3958
-0.3949
-0.3941
-0.3933
-0.3915
-0.3887
-0.3856
-0.3819
-0.3768
-0.3709
-0.3649
-0.3589
-0.3531
-0.3477
-0.3426
-0.3379
-0.3336
-0.3295
-0.3235
-0.3158
-0.3053
-0.2912
-0.2743
-0.2551
-0.2335
-0.2093
-0.1816
-0.1487
-0.1066
-0.0466
0.0463
0.1629
0.2586
0.3195
0.3516
0.3628
0.3602
0.3489
0.3327
0.3141
0.2949
0.2759
0.2577
0.2405
0.2243
0.2093
0.1952
0.1819
0.1695
0.1577
0.1464
0.1356
0.1251
0.1149
0.1049
0.0949
0.0848
0.0745
0.0638
0.0523
0.0398
0.0257
0.0091
-0.0112
-0.0371
-0.0703
-0.1113
-0.1567
-0.2005
-0.2378
-0.2670
-0.2883
-0.3031
-0.3124
-0.3326
-0.3492
-0.3615
-0.3792
-0.3885
-0.3926
-0.3936
-0.3927
-0.3906
-0.3879
