0.9625
0.9697
0.8308
0.7227
0.7001
0.6933
0.6921
0.6937
0.6929
0.6952
0.6952
0.6967
0.6951
0.6960
0.6952
0.6944
0.6951
0.6945
0.6944
0.6949
0.6943
0.6949
0.6955
0.6954
0.6951
0.6958
0.6959
0.6960
0.6950
0.6946
0.6953
0.6947
0.6955
0.6953
0.6950
0.6960
0.6948
0.6949
0.6962
0.6954
0.6953
0.6948
0.6953
0.6956
0.6952
0.6948
0.6957
0.6948
0.6951
0.6955
0.6954
0.6959
0.6955
0.6955
0.6960
0.6950
0.6949
0.6955
0.6942
0.6946
0.6959
0.6954
0.6946
0.6961
0.6959
0.6954
0.6945
0.6954
0.6958
0.6949
0.6948
0.6946
0.6958
0.6958
0.6956
0.6951
0.6958
0.6963
0.6954
0.6949
0.6952
0.6950
0.6949
0.6949
0.6956
0.6951
0.6945
0.6951
0.6950
0.6948
0.6955
0.6953
0.6957
0.6958
0.6953
0.6947
0.6962
0.6957
0.6960
0.6954
0.6956
0.6954
0.6953
0.6956
0.6955
0.6952
0.6946
0.6953
0.6952
0.6949
0.6943
0.6944
0.6943
0.6957
0.6956
0.6963
0.6962
0.6967
0.6952
0.6949
0.6951
0.6951
0.6960
0.6957
0.6953
0.6957
0.6961
0.6953
0.6954
0.6946
0.6946
0.6946
0.6946
0.6953
0.6951
0.6962
0.6953
0.6954
0.6949
0.6956
0.6959
0.6953
0.6955
0.6948
0.6947
0.6942
0.6959
0.6958
0.6957
0.6951
