0.9891
0.9519
0.8568
0.8554
0.8528
0.8481
0.8440
0.8447
0.8439
0.8452
0.8440
0.8465
0.8435
0.8450
0.8444
0.8461
0.8455
0.8461
0.8468
0.8442
0.8426
0.8452
0.8458
0.8453
0.8467
0.8451
0.8447
0.8465
0.8470
0.8433
0.8462
0.8448
0.8451
0.8448
0.8450
0.8431
0.8467
0.8441
0.8451
0.8452
0.8441
0.8452
0.8441
0.8441
0.8454
0.8464
0.8455
0.8442
0.8475
0.8454
0.8439
0.8440
0.8464
0.8462
0.8442
0.8434
0.8449
0.8459
0.8440
0.8458
0.8443
0.8466
0.8437
0.8458
0.8449
0.8450
0.8452
0.8461
0.8460
0.8441
0.8430
0.8452
0.8454
0.8444
0.8458
0.8428
0.8457
0.8459
0.8451
0.8456
0.8459
0.8441
0.8459
0.8428
0.8444
0.8450
0.8455
0.8446
0.8476
0.8437
0.8449
0.8446
0.8449
0.8468
0.8472
0.8462
0.8445
0.8446
0.8454
0.8444
0.8447
0.8429
0.8466
0.8439
0.8454
0.8450
0.8447
0.8439
0.8448
0.8449
0.8460
0.8439
0.8442
0.8450
0.8466
0.8447
0.8469
0.8435
0.8457
0.8479
0.8457
0.8449
0.8445
0.8460
0.8457
0.8449
0.8432
0.8464
0.8454
0.8452
0.8431
0.8462
0.8451
0.8451
0.8459
0.8447
0.8451
0.8422
0.8450
0.8469
0.8453
0.8445
0.8461
0.8436
0.8469
0.8461
0.8449
0.8439
0.8457
0.8458
