-0.3753 0.000335
-0.3735 0.000276
-0.3716 0.000227
-0.3696 0.000187
-0.3675 0.000153
-0.3653 0.000126
-0.3629 0.000104
-0.3605 0.000085
-0.3582 0.000070
-0.3559 0.000057
-0.3540 0.000047
-0.3523 0.000039
-0.3511 0.000032
-0.3505 0.000026
-0.3505 0.000022
-0.3513 0.000018
-0.3528 0.000015
-0.3552 0.000013
-0.3582 0.000010
-0.3617 0.000009
-0.3653 0.000007
-0.3681 0.000006
-0.3692 0.000005
-0.3682 0.000004
-0.3650 0.000003
-0.3602 0.000003
-0.3542 0.000002
-0.3476 0.000002
-0.3409 0.000001
-0.3343 0.000001
-0.3280 0.000001
-0.3222 0.000001
-0.3169 0.000001
-0.3122 0.000001
-0.3083 0.000000
-0.3051 0.000000
-0.3026 0.000000
-0.3009 0.000000
-0.2998 0.000000
-0.2942 0.036788
-0.2866 0.035840
-0.2793 0.034926
-0.2720 0.034009
-0.2643 0.033050
-0.2562 0.032040
-0.2478 0.030991
-0.2393 0.029924
-0.2308 0.028858
-0.2223 0.027803
-0.2140 0.026762
-0.2058 0.025734
-0.1977 0.024717
-0.1895 0.023701
-0.1813 0.022676
-0.1729 0.021626
-0.1642 0.020532
-0.1548 0.019368
-0.1447 0.018099
-0.1333 0.016676
-0.1200 0.015019
-0.1039 0.013004
-0.0831 0.009712
-0.0550 0.005333
-0.0143 0.001178
0.0448 -0.002906
0.1161 -0.020714
0.1773 -0.030055
0.2181 -0.035338
0.2395 -0.037294
0.2463 -0.037057
0.2432 -0.035530
0.2315 -0.061958
0.2147 -0.056795
0.1973 -0.051719
0.1800 -0.046809
0.1628 -0.042079
0.1459 -0.037504
0.1291 -0.033029
0.1121 -0.028577
0.0945 -0.024038
0.0759 -0.019258
0.0552 -0.014011
0.0312 -0.007937
0.0014 -0.000445
-0.0377 0.009363
-0.0896 0.022104
-0.1522 0.034401
-0.2153 0.044947
-0.2696 0.052406
-0.3123 0.056972
-0.3443 0.059407
-0.3679 0.056289
-0.3860 0.048838
-0.4000 0.041845
-0.4107 0.035527
-0.4188 0.029956
-0.4249 0.025127
-0.4292 0.020990
-0.4323 0.017479
-0.4342 0.014517
-0.4353 0.012032
-0.4356 0.009956
-0.4353 0.008226
-0.4346 0.006790
-0.4334 0.005599
-0.4320 0.004614
-0.4303 0.003800
-0.4285 0.003129
-0.4265 0.002575
-0.4244 0.002118
-0.4221 0.001742
-0.4196 0.001432
-0.4169 0.001176
-0.4140 0.000966
-0.4108 0.000792
-0.4073 0.000649
-0.4035 0.000532
-0.3995 0.000436
-0.3954 0.000356
-0.3912 0.000292
-0.3870 0.000238
-0.3828 0.000195
-0.3787 0.000160
-0.3663 0.045924
-0.3547 0.044459
-0.3445 0.043160
-0.3358 0.042045
-0.3284 0.041113
-0.3220 0.040307
-0.3160 0.039547
-0.3099 0.038775
-0.3035 0.037964
-0.2967 0.037114
-0.2897 0.036239
-0.2827 0.035357
-0.2757 0.034483
-0.2689 0.033630
-0.2623 0.032807
-0.2561 0.032025
-0.2502 0.031289
-0.2448 0.030608
-0.2398 0.029986
-0.2318 0.057986
-0.2222 0.055577
-0.2132 0.053326
-0.2048 0.048594
-0.1971 0.043130
-0.1898 0.038599
-0.1826 0.034772
-0.1753 0.031493
-0.1679 0.028645
-0.1602 0.026131
-0.1521 0.023868
-0.1436 0.021774
-0.1343 0.019773
-0.1238 0.017779
-0.1115 0.015687
-0.0966 0.013347
-0.0773 0.010524
-0.0507 0.006831
-0.0121 0.001660
0.0432 -0.005589
0.1099 -0.014233
0.1699 -0.021915
0.2113 -0.023946
0.2345 -0.021994
0.2433 -0.018888
0.2383 -0.045107
0.2269 -0.040428
0.2128 -0.035966
0.1973 -0.031849
0.1811 -0.028104
0.1647 -0.024698
0.1481 -0.021576
0.1284 -0.034346
0.1091 -0.028850
0.0894 -0.023454
0.0687 -0.017895
0.0456 -0.011835
0.0183 -0.004775
-0.0163 0.004066
-0.0622 0.015703
-0.1208 0.030488
-0.1847 0.046582
-0.2425 0.061111
-0.2885 0.072642
-0.3227 0.081168
-0.3471 0.085045
-0.3648 0.081817
-0.3778 0.078244
-0.3872 0.074688
-0.3938 0.071334
-0.3982 0.068262
-0.4008 0.065493
-0.4024 0.057394
-0.4042 0.047661
-0.4059 0.039577
-0.4075 0.032848
-0.4087 0.027241
-0.4095 0.022570
-0.4099 0.018680
-0.4099 0.015444
-0.4095 0.012756
-0.4087 0.010527
-0.4076 0.008680
-0.4062 0.007152
-0.4045 0.005889
-0.4026 0.004846
-0.4005 0.003986
-0.3983 0.003278
-0.3959 0.002694
-0.3935 0.002213
-0.3909 0.001818
-0.3882 0.001493
-0.3855 0.001226
-0.3829 0.001007
-0.3802 0.000826
-0.3777 0.000679
-0.3754 0.000558
-0.3733 0.000459
-0.3714 0.000377
-0.3700 0.000311
-0.3689 0.000256
-0.3683 0.000211
-0.3681 0.000175
-0.3686 0.000145
-0.3674 0.046053
-0.3605 0.045168
-0.3549 0.044448
-0.3502 0.043842
-0.3459 0.043297
-0.3415 0.042736
-0.3363 0.042083
-0.3301 0.041302
-0.3230 0.040403
-0.3151 0.039418
-0.3069 0.038388
-0.2986 0.037347
-0.2904 0.036322
-0.2825 0.035331
-0.2750 0.034389
-0.2679 0.033505
-0.2614 0.032689
-0.2555 0.031950
-0.2503 0.031297
-0.2459 0.030741
-0.2423 0.030294
-0.2397 0.029968
-0.2382 0.029564
-0.2384 0.024713
-0.2409 0.020848
-0.2454 0.017737
-0.2519 0.015200
-0.2599 0.013098
-0.2690 0.011324
-0.2788 0.009799
-0.2886 0.008472
-0.2980 0.007306
-0.3066 0.006279
-0.3143 0.005374
-0.3208 0.004582
-0.3262 0.003891
-0.3306 0.003293
-0.3341 0.002780
-0.3368 0.002340
-0.3389 0.001966
-0.3402 0.001649
-0.3409 0.001380
-0.3407 0.001152
-0.3398 0.000959
-0.3381 0.000797
-0.3359 0.000661
-0.3332 0.000548
-0.3302 0.000453
-0.3269 0.000375
-0.3234 0.000310
-0.3198 0.000256
-0.3162 0.000211
-0.3126 0.000174
-0.3091 0.000144
-0.3058 0.000119
-0.3025 0.037921
-0.2925 0.036650
-0.2833 0.035493
-0.2750 0.034439
-0.2674 0.033472
-0.2602 0.032573
-0.2535 0.031721
-0.2469 0.030895
-0.2404 0.030079
-0.2339 0.029263
-0.2274 0.028446
-0.2209 0.027626
-0.2143 0.026803
-0.2077 0.025976
-0.1987 0.049721
-0.1869 0.046756
-0.1747 0.043715
-0.1620 0.040530
-0.1482 0.037094
-0.1291 0.048488
-0.1066 0.040061
-0.0784 0.029521
-0.0405 0.014548
0.0131 -0.004206
0.0832 -0.026548
0.1528 -0.047105
0.2038 -0.060869
0.2332 -0.067725
0.2452 -0.069537
0.2452 -0.068131
0.2374 -0.064851
0.2251 -0.060589
0.2102 -0.055896
0.1941 -0.051087
0.1775 -0.046323
0.1608 -0.041516
0.1444 -0.033968
0.1284 -0.027755
0.1124 -0.020891
0.0962 -0.014789
0.0791 -0.010060
0.0602 -0.006334
0.0380 -0.003316
0.0103 -0.000758
-0.0269 0.001568
-0.0784 0.003813
-0.1446 0.005835
-0.2153 0.007193
-0.2782 0.007694
-0.3289 0.007526
-0.3680 0.006965
-0.3975 0.006223
-0.4197 0.005432
-0.4362 0.004669
-0.4486 0.003971
-0.4579 0.003351
-0.4651 0.002814
-0.4707 0.002355
-0.4753 0.001966
-0.4794 0.001640
-0.4832 0.001366
-0.4870 0.001139
-0.4911 0.000949
-0.4955 0.000792
-0.5005 0.000661
-0.5060 0.000553
-0.5121 0.000463
-0.5186 0.000387
-0.5251 0.000324
-0.5314 0.000271
-0.5369 0.000227
-0.5412 0.000189
-0.5443 0.000157
-0.5457 0.000130
-0.5456 0.000108
-0.5440 0.000089
-0.5410 0.000073
-0.5370 0.000060
-0.5321 0.000049
-0.5266 0.000040
-0.5209 0.000033
-0.5151 0.000027
-0.5095 0.000022
-0.5043 0.000018
-0.4996 0.000015
-0.4956 0.000012
-0.4926 0.000010
-0.4906 0.000008
-0.4899 0.000007
-0.4902 0.000006
-0.4915 0.000005
-0.4933 0.000004
-0.4954 0.000003
-0.4974 0.000003
-0.4990 0.000002
-0.5000 0.000002
-0.5004 0.000002
-0.5001 0.000001
-0.4991 0.000001
-0.4977 0.000001
-0.4958 0.000001
-0.4938 0.000001
-0.4914 0.000000
-0.4888 0.000000
-0.4854 0.000000
-0.4811 0.000000
-0.4756 0.000000
-0.4689 0.000000
-0.4609 0.000000
-0.4519 0.000000
-0.4422 0.000000
-0.4318 0.000000
-0.4210 0.000000
-0.4098 0.000000
-0.3983 0.000000
-0.3864 0.000000
-0.3745 0.000000
-0.3625 0.000000
-0.3506 0.000000
-0.3391 0.000000
-0.3280 0.000000
-0.3135 0.039212
-0.2961 0.037038
-0.2799 0.035011
-0.2647 0.033107
-0.2503 0.031302
-0.2364 0.029572
-0.2230 0.027890
-0.2097 0.026228
-0.1963 0.024551
-0.1824 0.022813
-0.1675 0.020956
-0.1470 0.036811
-0.1230 0.030825
-0.0933 0.023404
-0.0529 0.013346
0.0062 -0.001362
0.0872 -0.021571
0.1670 -0.062376
0.2221 -0.083125
0.2520 -0.094422
0.2628 -0.098524
0.2608 -0.096200
0.2517 -0.087685
0.2387 -0.079089
0.2235 -0.070924
0.2073 -0.063392
0.1909 -0.056526
0.1744 -0.050272
0.1581 -0.044538
0.1419 -0.039212
0.1257 -0.034177
0.1093 -0.029302
0.0922 -0.024443
0.0739 -0.019419
0.0536 -0.013224
0.0300 -0.006806
0.0006 -0.000198
-0.0384 0.007336
-0.0911 0.014685
-0.1557 0.020805
-0.2216 0.024526
-0.2791 0.025564
-0.3252 0.024639
-0.3606 0.022602
-0.3874 0.020080
-0.4073 0.017459
-0.4219 0.014954
-0.4324 0.012673
-0.4397 0.010656
-0.4446 0.008909
-0.4476 0.007416
-0.4492 0.006154
-0.4498 0.005095
-0.4497 0.004211
-0.4490 0.003477
-0.4480 0.002868
-0.4469 0.002366
-0.4458 0.001951
-0.4448 0.001609
-0.4439 0.001328
-0.4354 0.055517
-0.4261 0.054147
-0.4185 0.053029
-0.4123 0.052121
-0.4071 0.051363
-0.4022 0.050660
-0.3968 0.049917
-0.3905 0.049074
-0.3832 0.048119
-0.3751 0.047070
-0.3665 0.045961
-0.3577 0.044828
-0.3488 0.043699
-0.3401 0.042599
-0.3318 0.041545
-0.3240 0.040551
-0.3167 0.039630
-0.3100 0.038790
-0.3041 0.038041
-0.2989 0.037388
-0.2946 0.036840
-0.2911 0.036402
-0.2890 0.030621
-0.2888 0.025555
-0.2902 0.021443
-0.2928 0.018068
-0.2963 0.015266
-0.3001 0.012914
-0.3040 0.010923
-0.3075 0.009229
-0.3106 0.007784
-0.3130 0.006552
-0.3146 0.005501
-0.3155 0.004607
-0.3156 0.003849
-0.3150 0.003208
-0.3138 0.002669
-0.3121 0.002217
-0.3099 0.001839
-0.3076 0.001524
-0.3050 0.001262
-0.3023 0.001044
-0.2980 0.038123
-0.2883 0.036739
-0.2792 0.035467
-0.2706 0.034294
-0.2626 0.033206
-0.2550 0.032187
-0.2477 0.031215
-0.2406 0.030275
-0.2335 0.029352
-0.2264 0.028438
-0.2193 0.027528
-0.2122 0.026619
-0.2051 0.025710
-0.1930 0.048335
-0.1805 0.045196
-0.1675 0.041941
-0.1499 0.056305
-0.1300 0.048837
-0.1067 0.040124
-0.0776 0.029216
-0.0381 0.014453
0.0179 -0.006421
0.0896 -0.031248
0.1586 -0.052791
0.2079 -0.066312
0.2356 -0.072400
0.2465 -0.073335
0.2458 -0.071128
0.2377 -0.067186
0.2252 -0.062407
0.2104 -0.057324
0.1944 -0.052229
0.1780 -0.047260
0.1616 -0.042462
0.1451 -0.037823
0.1287 -0.031450
0.1125 -0.023923
0.0963 -0.016930
0.0792 -0.011523
0.0603 -0.007263
0.0382 -0.003811
0.0104 -0.000878
-0.0269 0.001795
-0.0787 0.004380
-0.1454 0.006710
-0.2165 0.008274
-0.2797 0.008849
-0.3307 0.008657
-0.3701 0.008013
-0.4000 0.007162
-0.4224 0.006254
-0.4391 0.005377
-0.4516 0.004572
-0.4608 0.003858
-0.4677 0.003237
-0.4727 0.002705
-0.4764 0.002255
-0.4792 0.001875
-0.4815 0.001558
-0.4834 0.001293
-0.4852 0.001073
-0.4870 0.000891
-0.4890 0.000739
-0.4909 0.000614
-0.4926 0.000509
-0.4939 0.000422
-0.4947 0.000350
-0.4949 0.000289
-0.4945 0.000239
-0.4933 0.000197
-0.4917 0.000162
-0.4895 0.000134
-0.4870 0.000110
-0.4842 0.000090
-0.4813 0.000074
-0.4783 0.000061
-0.4754 0.000050
-0.4726 0.000041
-0.4701 0.000034
-0.4679 0.000028
-0.4658 0.000023
-0.4636 0.000019
-0.4611 0.000016
-0.4580 0.000013
-0.4542 0.000010
-0.4497 0.000009
-0.4443 0.000007
-0.4384 0.000006
-0.4318 0.000005
-0.4246 0.000004
-0.4171 0.000003
-0.4091 0.000002
-0.4007 0.000002
-0.3919 0.000002
-0.3826 0.000001
-0.3730 0.000001
-0.3632 0.000001
-0.3533 0.000001
-0.3436 0.000001
-0.3340 0.000000
-0.3248 0.000000
-0.3159 0.000000
-0.3018 0.037745
-0.2869 0.035883
-0.2731 0.034149
-0.2601 0.032523
-0.2477 0.030981
-0.2359 0.029501
-0.2244 0.028061
-0.2116 0.052931
-0.1948 0.048751
-0.1777 0.044479
-0.1596 0.039951
-0.1395 0.034919
-0.1157 0.028989
-0.0856 0.021479
-0.0440 0.011122
0.0169 -0.004051
0.0976 -0.024192
0.1750 -0.043577
0.2289 -0.057126
0.2583 -0.064524
0.2648 -0.099293
0.2591 -0.092838
0.2479 -0.084199
0.2336 -0.075736
0.2178 -0.067815
0.2013 -0.060556
0.1847 -0.053952
0.1683 -0.047929
0.1520 -0.042384
0.1358 -0.037204
0.1196 -0.031156
0.1034 -0.024513
0.0866 -0.018863
0.0685 -0.013833
0.0480 -0.009072
0.0234 -0.004196
-0.0081 0.001300
-0.0506 0.008059
-0.1074 0.016494
-0.1735 0.025818
-0.2369 0.034308
-0.2902 0.035404
-0.3325 0.033562
-0.3653 0.030497
-0.3905 0.026958
-0.4097 0.023391
-0.4244 0.020037
-0.4357 0.017007
-0.4443 0.014341
-0.4509 0.012033
-0.4559 0.010061
-0.4597 0.008388
-0.4626 0.006979
-0.4647 0.005797
-0.4663 0.004809
-0.4673 0.003985
-0.4680 0.003300
-0.4686 0.002732
-0.4692 0.002261
-0.4698 0.001872
-0.4704 0.001550
-0.4710 0.001283
-0.4712 0.001061
-0.4710 0.000877
-0.4702 0.000724
-0.4687 0.000597
-0.4568 0.057594
-0.4437 0.055868
-0.4306 0.054151
-0.4173 0.052423
-0.4038 0.050697
-0.3905 0.048991
-0.3774 0.047318
-0.3645 0.045684
-0.3520 0.044095
-0.3398 0.042560
-0.3282 0.041087
-0.3170 0.039683
-0.3065 0.038353
-0.2965 0.037100
-0.2871 0.035924
-0.2784 0.034827
-0.2703 0.033808
-0.2628 0.031088
-0.2567 0.025360
-0.2520 0.020788
-0.2484 0.017108
-0.2455 0.014125
-0.2433 0.011690
-0.2416 0.009693
-0.2403 0.008051
-0.2393 0.006695
-0.2385 0.005574
-0.2369 0.034246
-0.2306 0.032591
-0.2244 0.031117
-0.2184 0.029786
-0.2082 0.054053
-0.1969 0.050822
-0.1856 0.047660
-0.1740 0.044495
-0.1618 0.041239
-0.1487 0.037784
-0.1340 0.033983
-0.1170 0.029611
-0.0961 0.024302
-0.0688 0.017412
-0.0306 0.007820
0.0243 -0.005942
0.0943 -0.023503
0.1609 -0.040224
0.2080 -0.052067
0.2313 -0.086840
0.2371 -0.089027
0.2331 -0.085876
0.2238 -0.077872
0.2115 -0.070015
0.1975 -0.062633
0.1827 -0.055832
0.1678 -0.046868
0.1531 -0.038690
0.1386 -0.031954
0.1239 -0.026302
0.1087 -0.021445
0.0927 -0.017142
0.0754 -0.013167
0.0558 -0.009289
0.0327 -0.005225
0.0035 -0.000579
-0.0357 0.005219
-0.0890 0.012735
-0.1547 0.021672
-0.2216 0.026551
-0.2801 0.027779
-0.3272 0.026847
-0.3639 0.024691
-0.3920 0.021997
-0.4135 0.019187
-0.4299 0.016497
-0.4425 0.014041
-0.4522 0.011865
-0.4597 0.009973
-0.4654 0.008349
-0.4698 0.006968
-0.4731 0.005802
-0.4755 0.004821
-0.4771 0.004000
-0.4780 0.003313
-0.4782 0.002741
-0.4778 0.002264
-0.4768 0.001868
-0.4751 0.001539
-0.4728 0.001267
-0.4699 0.001041
-0.4665 0.000854
-0.4625 0.000700
-0.4581 0.000573
-0.4529 0.000469
-0.4467 0.000382
-0.4394 0.000311
-0.4311 0.000252
-0.4221 0.000204
-0.4129 0.000165
-0.4036 0.000133
-0.3947 0.000108
-0.3862 0.000087
-0.3784 0.000071
-0.3712 0.000057
-0.3647 0.000047
-0.3589 0.000038
-0.3539 0.000031
-0.3497 0.000025
-0.3461 0.000021
-0.3434 0.000017
-0.3414 0.000014
-0.3401 0.000011
-0.3394 0.000009
-0.3392 0.000008
-0.3395 0.000006
-0.3401 0.000005
-0.3411 0.000004
-0.3424 0.000004
-0.3441 0.000003
-0.3461 0.000003
-0.3486 0.000002
-0.3517 0.000002
-0.3555 0.000001
-0.3599 0.000001
-0.3651 0.000001
-0.3712 0.000001
-0.3782 0.000001
-0.3861 0.000001
-0.3948 0.000001
-0.4039 0.000000
-0.4128 0.000000
-0.4209 0.000000
-0.4273 0.000000
-0.4316 0.000000
-0.4335 0.000000
-0.4329 0.000000
-0.4299 0.000000
-0.4246 0.000000
-0.4176 0.000000
-0.4092 0.000000
-0.4000 0.000000
-0.3903 0.000000
-0.3807 0.000000
-0.3713 0.000000
-0.3626 0.000000
-0.3546 0.000000
-0.3475 0.000000
-0.3415 0.000000
-0.3367 0.000000
-0.3331 0.000000
-0.3308 0.000000
-0.3299 0.000000
-0.3301 0.000000
-0.3311 0.000000
-0.3321 0.000000
-0.3322 0.000000
-0.3310 0.000000
-0.3282 0.000000
-0.3239 0.000000
-0.3184 0.000000
-0.3120 0.000000
-0.3052 0.000000
-0.2983 0.000000
-0.2916 0.000000
-0.2854 0.000000
-0.2798 0.000000
-0.2751 0.000000
-0.2710 0.000000
-0.2672 0.000000
-0.2637 0.000000
-0.2601 0.000000
-0.2564 0.000000
-0.2524 0.000000
-0.2477 0.000000
-0.2371 0.029648
-0.2255 0.028201
-0.2137 0.026724
-0.2016 0.025215
-0.1891 0.023659
-0.1761 0.022035
-0.1623 0.020307
-0.1471 0.018414
-0.1298 0.016253
-0.1090 0.013649
-0.0820 0.010289
-0.0442 0.005588
0.0118 -0.001389
0.0884 -0.010949
0.1660 -0.020667
0.2230 -0.027818
0.2558 -0.031946
0.2690 -0.067247
0.2637 -0.065946
0.2506 -0.094031
0.2307 -0.086603
0.2112 -0.079269
0.1923 -0.072178
0.1743 -0.062858
0.1575 -0.053789
0.1414 -0.046064
0.1256 -0.039291
0.1098 -0.033165
0.0936 -0.027423
0.0763 -0.021813
0.0573 -0.016052
0.0354 -0.009769
0.0087 -0.002424
-0.0259 0.006786
-0.0718 0.018783
-0.1292 0.033596
-0.1902 0.049179
-0.2446 0.062917
-0.2878 0.071694
-0.3207 0.073024
-0.3453 0.072496
-0.3638 0.064834
-0.3784 0.055759
-0.3898 0.047505
-0.3988 0.040184
-0.4057 0.033801
-0.4109 0.028305
-0.4146 0.023616
-0.4171 0.019645
-0.4186 0.016300
-0.4192 0.013496
-0.4190 0.011155
-0.4182 0.009206
-0.4169 0.007587
-0.4152 0.006247
-0.4131 0.005139
-0.4107 0.004224
-0.4081 0.003471
-0.4053 0.002850
-0.4025 0.002340
-0.3995 0.001921
-0.3966 0.001576
-0.3936 0.001293
-0.3905 0.001061
-0.3874 0.000870
-0.3842 0.000714
-0.3810 0.000585
-0.3777 0.000480
-0.3743 0.000393
-0.3710 0.000322
-0.3678 0.000264
-0.3646 0.000216
-0.3617 0.000177
-0.3591 0.000146
-0.3567 0.000120
-0.3523 0.044151
-0.3429 0.042948
-0.3349 0.041930
-0.3282 0.041078
-0.3225 0.040367
-0.3175 0.039727
-0.3123 0.039075
-0.3066 0.038356
-0.3002 0.037553
-0.2932 0.036679
-0.2859 0.035758
-0.2784 0.034816
-0.2709 0.033875
-0.2635 0.032952
-0.2564 0.032058
-0.2495 0.031202
-0.2431 0.030393
-0.2370 0.029635
-0.2314 0.028933
-0.2263 0.028290
-0.2216 0.027712
-0.2176 0.027200
-0.2140 0.026761
-0.2115 0.022847
-0.2104 0.018983
-0.2108 0.015886
-0.2128 0.013389
-0.2163 0.011365
-0.2214 0.009713
-0.2280 0.008353
-0.2361 0.007224
-0.2457 0.006277
-0.2565 0.005473
-0.2682 0.004779
-0.2798 0.004165
-0.2904 0.003609
-0.2990 0.003104
-0.3054 0.002648
-0.3097 0.002243
-0.3122 0.001888
-0.3134 0.001583
-0.3135 0.001322
-0.3128 0.001102
-0.3117 0.000917
-0.3102 0.000762
-0.3087 0.000633
-0.3072 0.000527
-0.3059 0.000438
-0.3050 0.000365
-0.3043 0.000304
-0.2996 0.037714
-0.2927 0.036799
-0.2866 0.036003
-0.2812 0.035296
-0.2760 0.034615
-0.2703 0.033891
-0.2641 0.033094
-0.2573 0.032228
-0.2500 0.031312
-0.2426 0.030369
-0.2350 0.029420
-0.2275 0.028476
-0.2201 0.027544
-0.2128 0.026628
-0.2056 0.025727
-0.1986 0.024841
-0.1916 0.023967
-0.1847 0.023104
-0.1779 0.022248
-0.1710 0.021393
-0.1632 0.040836
-0.1518 0.037987
-0.1396 0.034870
-0.1264 0.028855
-0.1118 0.023534
-0.0946 0.018528
-0.0728 0.013381
-0.0428 0.007474
0.0006 -0.000012
0.0609 -0.009511
0.1284 -0.019451
0.1844 -0.027134
