-0.3712 -0.000060
-0.3626 -0.000054
-0.3548 -0.000048
-0.3481 -0.000042
-0.3423 -0.000036
-0.3374 -0.000031
-0.3330 -0.000027
-0.3290 -0.000023
-0.3251 -0.000019
-0.3211 -0.000017
-0.3167 -0.000014
-0.3118 -0.000012
-0.3061 -0.000010
-0.2994 -0.000009
-0.2916 -0.000008
-0.2824 -0.000007
-0.2715 -0.000006
-0.2588 -0.000005
-0.2439 -0.000005
-0.2264 -0.000004
-0.2060 -0.000004
-0.1818 -0.000003
-0.1525 -0.000003
-0.1154 -0.000003
-0.0639 -0.000003
0.0149 -0.000003
0.1239 -0.000003
0.2241 -0.000003
0.2887 -0.000002
0.3184 -0.000002
0.3222 -0.000002
0.3099 -0.000001
0.2891 -0.000001
0.2648 -0.000001
0.2399 -0.000001
0.2157 -0.000001
0.1928 -0.000000
0.1712 -0.000000
0.1507 -0.000000
0.1309 -0.000000
0.1114 -0.000000
0.0916 -0.000000
0.0708 -0.000000
0.0476 -0.000000
0.0202 -0.000000
-0.0147 -0.000000
-0.0620 -0.000000
-0.1238 -0.000000
-0.1927 -0.000000
-0.2558 -0.000000
-0.3068 -0.000000
-0.3453 -0.000000
-0.3733 -0.000000
-0.3930 -0.000000
-0.4064 -0.000000
-0.4149 -0.000000
-0.4199 -0.000000
-0.4220 -0.000000
-0.4222 -0.000000
-0.4210 -0.000000
-0.4189 -0.000000
-0.4163 -0.000000
-0.4135 -0.000000
-0.4105 -0.000000
-0.4073 -0.000000
-0.4039 -0.000000
-0.4003 -0.000000
-0.3965 -0.000000
-0.3925 -0.000000
-0.3882 -0.000000
-0.3839 -0.000000
-0.3793 -0.000000
-0.3747 -0.000000
-0.3699 -0.000000
-0.3650 -0.000000
-0.3599 -0.000000
-0.3546 -0.000000
-0.3492 -0.000000
-0.3434 -0.000000
-0.3374 -0.000000
-0.3312 -0.000000
-0.3247 -0.000000
-0.3181 -0.000000
-0.3113 -0.000000
-0.3044 -0.000000
-0.2975 -0.000000
-0.2906 -0.000000
-0.2838 -0.000000
-0.2769 -0.000000
-0.2701 -0.000000
-0.2632 -0.000000
-0.2614 -0.029823
-0.2605 -0.029935
-0.2598 -0.030024
-0.2594 -0.030079
-0.2593 -0.030083
-0.2598 -0.030021
-0.2610 -0.029881
-0.2627 -0.029668
-0.2649 -0.029394
-0.2674 -0.029079
-0.2701 -0.028744
-0.2727 -0.028414
-0.2751 -0.028110
-0.2772 -0.027849
-0.2789 -0.027642
-0.2800 -0.027496
-0.2807 -0.027414
-0.2808 -0.027398
-0.2804 -0.027449
-0.2794 -0.026029
-0.2772 -0.021956
-0.2737 -0.018623
-0.2690 -0.015871
-0.2634 -0.013579
-0.2567 -0.011658
-0.2491 -0.010039
-0.2406 -0.008669
-0.2311 -0.007505
-0.2206 -0.006512
-0.2092 -0.005660
-0.1968 -0.004928
-0.1833 -0.004299
-0.1684 -0.003759
-0.1515 -0.003299
-0.1316 -0.002912
-0.1068 -0.002596
-0.0731 -0.002353
-0.0231 -0.002195
0.0527 -0.002123
0.1448 -0.002069
0.2221 -0.001936
0.2713 -0.001728
0.2947 -0.001487
0.2986 -0.001248
0.2896 -0.001031
0.2732 -0.000843
0.2531 -0.000686
0.2317 -0.000557
0.2103 -0.000451
0.1894 -0.000366
0.1692 -0.000297
0.1497 -0.000240
0.1307 -0.000195
0.1116 -0.000158
0.0921 -0.000128
0.0712 -0.000103
0.0478 -0.000082
0.0196 -0.000065
-0.0170 -0.000051
-0.0669 -0.000038
-0.1320 -0.000027
-0.2030 -0.000018
-0.2668 -0.000012
-0.3175 -0.000008
-0.3553 -0.000005
-0.3824 -0.000003
-0.4011 -0.000002
-0.4134 -0.000002
-0.4208 -0.000001
-0.4245 -0.000001
-0.4253 -0.000001
-0.4240 -0.000001
-0.4209 -0.000001
-0.4164 -0.000001
-0.4107 -0.000001
-0.4042 -0.000000
-0.3971 -0.000000
-0.3897 -0.000000
-0.3823 -0.000000
-0.3751 -0.000000
-0.3681 -0.000000
-0.3616 -0.000000
-0.3554 -0.000000
-0.3496 -0.000000
-0.3440 -0.000000
-0.3400 -0.019993
-0.3386 -0.020173
-0.3370 -0.020378
-0.3352 -0.020601
-0.3336 -0.020804
-0.3324 -0.020946
-0.3319 -0.021016
-0.3318 -0.021022
-0.3357 -0.041093
-0.3395 -0.040129
-0.3429 -0.039288
-0.3457 -0.038571
-0.3482 -0.037958
-0.3503 -0.037431
-0.3520 -0.036994
-0.3534 -0.036657
-0.3543 -0.036432
-0.3547 -0.036323
-0.3547 -0.036329
-0.3542 -0.036443
-0.3534 -0.036659
-0.3520 -0.035426
-0.3498 -0.033118
-0.3468 -0.031372
-0.3430 -0.030082
-0.3385 -0.029177
-0.3332 -0.028603
-0.3270 -0.028324
-0.3200 -0.026835
-0.3114 -0.023475
-0.3013 -0.020662
-0.2897 -0.018263
-0.2770 -0.016173
-0.2636 -0.014314
-0.2500 -0.012641
-0.2365 -0.011129
-0.2232 -0.009766
-0.2099 -0.008545
-0.1967 -0.007462
-0.1832 -0.006510
-0.1689 -0.005682
-0.1530 -0.004972
-0.1346 -0.004372
-0.1118 -0.003879
-0.0814 -0.003493
-0.0373 -0.003223
0.0300 -0.003082
0.1185 -0.003004
0.2000 -0.002841
0.2553 -0.002561
0.2845 -0.002222
0.2936 -0.001878
0.2890 -0.001559
0.2759 -0.001281
0.2582 -0.001045
0.2384 -0.000850
0.2179 -0.000690
0.1966 -0.087682
0.1626 -0.083305
0.1329 -0.079502
0.1053 -0.075979
0.0778 -0.072482
0.0480 -0.068714
0.0125 -0.064247
-0.0341 -0.058411
-0.0973 -0.050509
-0.1732 -0.040998
-0.2465 -0.031801
-0.3068 -0.024238
-0.3526 -0.018490
-0.3861 -0.014287
-0.4099 -0.011297
-0.4263 -0.009232
-0.4372 -0.007867
-0.4438 -0.007027
-0.4474 -0.006583
-0.4485 -0.006435
-0.4479 -0.006139
-0.4457 -0.005284
-0.4424 -0.004640
-0.4381 -0.004124
-0.4330 -0.003690
-0.4272 -0.003311
-0.4210 -0.002972
-0.4143 -0.002665
-0.4073 -0.002384
-0.4000 -0.002127
-0.3924 -0.001893
-0.3846 -0.001679
-0.3765 -0.001485
-0.3682 -0.001310
-0.3597 -0.001153
-0.3509 -0.001013
-0.3418 -0.000889
-0.3325 -0.000778
-0.3230 -0.000680
-0.3133 -0.000593
-0.3036 -0.000516
-0.2955 -0.026004
-0.2938 -0.051916
-0.2936 -0.051913
-0.2930 -0.051999
-0.2929 -0.051981
-0.2941 -0.051656
-0.2968 -0.050956
-0.3008 -0.049935
-0.3056 -0.048707
-0.3108 -0.047389
-0.3160 -0.046079
-0.3209 -0.044846
-0.3253 -0.043734
-0.3291 -0.042772
-0.3322 -0.041975
-0.3347 -0.041349
-0.3365 -0.040895
-0.3376 -0.040605
-0.3382 -0.040471
-0.3381 -0.040475
-0.3404 -0.057012
-0.3419 -0.051879
-0.3417 -0.046636
-0.3402 -0.042594
-0.3380 -0.039397
-0.3355 -0.036804
-0.3329 -0.034667
-0.3303 -0.032893
-0.3278 -0.031424
-0.3254 -0.030214
-0.3230 -0.029226
-0.3206 -0.028430
-0.3183 -0.027800
-0.3159 -0.027311
-0.3136 -0.026942
-0.3112 -0.026677
-0.3088 -0.026504
-0.3063 -0.026412
-0.3037 -0.026394
-0.3011 -0.026440
-0.2983 -0.026542
-0.2952 -0.023453
-0.2912 -0.019967
-0.2865 -0.017054
-0.2810 -0.014605
-0.2749 -0.012538
-0.2681 -0.010787
-0.2606 -0.009301
-0.2522 -0.008039
-0.2428 -0.006967
-0.2323 -0.006056
-0.2203 -0.005284
-0.2065 -0.004631
-0.1902 -0.004082
-0.1705 -0.003625
-0.1458 -0.003254
-0.1132 -0.002967
-0.0663 -0.002777
0.0073 -0.002712
0.1142 -0.002742
0.2186 -0.002681
0.2893 -0.002461
0.3247 -0.002148
0.3328 -0.001812
0.3232 -0.001496
0.3038 -0.001220
0.2798 -0.000989
0.2547 -0.000799
0.2301 -0.000645
0.2066 -0.000522
0.1845 -0.000422
0.1636 -0.000342
0.1436 -0.000277
0.1241 -0.000224
0.1047 -0.000181
0.0846 -0.000146
0.0630 -0.000118
0.0383 -0.000094
0.0081 -0.000074
-0.0317 -0.000057
-0.0859 -0.000042
-0.1532 -0.000030
-0.2221 -0.000020
-0.2812 -0.000013
-0.3272 -0.000009
-0.3611 -0.000006
-0.3851 -0.000004
-0.4014 -0.000003
-0.4116 -0.000002
-0.4172 -0.000002
-0.4193 -0.000001
-0.4188 -0.000001
-0.4163 -0.000001
-0.4125 -0.000001
-0.4077 -0.000001
-0.4023 -0.000001
-0.3964 -0.000001
-0.3901 -0.000001
-0.3835 -0.000000
-0.3765 -0.000000
-0.3691 -0.000000
-0.3614 -0.000000
-0.3532 -0.000000
-0.3446 -0.000000
-0.3361 -0.020484
-0.3310 -0.021123
-0.3256 -0.021787
-0.3205 -0.022435
-0.3162 -0.022970
-0.3136 -0.023296
-0.3129 -0.023394
-0.3136 -0.023302
-0.3153 -0.023085
-0.3187 -0.045345
-0.3252 -0.043726
-0.3309 -0.042299
-0.3387 -0.060506
-0.3460 -0.057772
-0.3520 -0.055507
-0.3570 -0.053626
-0.3612 -0.052077
-0.3645 -0.050821
-0.3671 -0.049829
-0.3691 -0.049075
-0.3705 -0.047192
-0.3710 -0.044587
-0.3707 -0.042652
-0.3698 -0.041233
-0.3684 -0.040223
-0.3666 -0.039546
-0.3644 -0.039148
-0.3618 -0.036741
-0.3583 -0.033737
-0.3540 -0.029041
-0.3488 -0.025109
-0.3431 -0.021757
-0.3371 -0.018865
-0.3309 -0.016352
-0.3247 -0.014161
-0.3184 -0.012249
-0.3122 -0.010581
-0.3060 -0.009128
-0.2999 -0.007865
-0.2937 -0.006770
-0.2876 -0.005822
-0.2814 -0.005005
-0.2751 -0.004300
-0.2686 -0.003694
-0.2620 -0.003173
-0.2552 -0.002725
-0.2483 -0.002341
-0.2411 -0.002011
-0.2337 -0.001727
-0.2262 -0.001483
-0.2184 -0.001274
-0.2103 -0.001094
-0.2020 -0.000940
-0.1932 -0.000808
-0.1838 -0.000696
-0.1735 -0.000600
-0.1619 -0.000519
-0.1485 -0.000450
-0.1324 -0.000393
-0.1123 -0.000346
-0.0854 -0.000309
-0.0468 -0.000282
0.0123 -0.000266
0.0950 -0.000258
0.1790 -0.000246
0.2404 -0.000224
0.2755 -0.000196
0.2893 -0.000167
0.2878 -0.000139
0.2767 -0.000115
0.2601 -0.000094
0.2407 -0.000076
0.2205 -0.000062
0.2002 -0.000050
0.1803 -0.000041
0.1610 -0.000033
0.1421 -0.000027
0.1234 -0.000022
0.1045 -0.000018
0.0847 -0.000014
0.0631 -0.000011
0.0364 -0.067105
-0.0100 -0.061323
-0.0717 -0.053629
-0.1497 -0.043889
-0.2293 -0.033932
-0.2961 -0.025568
-0.3469 -0.019197
-0.3839 -0.014549
-0.4103 -0.011243
-0.4286 -0.008947
-0.4409 -0.007406
-0.4486 -0.006431
-0.4530 -0.005883
-0.4547 -0.005664
-0.4544 -0.005704
-0.4523 -0.005953
-0.4489 -0.006377
-0.4444 -0.006949
-0.4387 -0.007650
-0.4322 -0.008462
-0.4250 -0.009370
-0.4170 -0.008854
-0.4083 -0.008085
-0.3993 -0.007341
-0.3902 -0.006617
-0.3813 -0.005917
-0.3726 -0.005252
-0.3641 -0.004631
-0.3559 -0.004062
-0.3478 -0.003546
-0.3398 -0.003086
-0.3318 -0.002679
-0.3238 -0.002321
-0.3193 -0.024548
-0.3148 -0.024818
-0.3104 -0.048823
-0.3096 -0.048778
-0.3091 -0.048707
-0.3094 -0.048454
-0.3110 -0.047921
-0.3138 -0.047082
-0.3178 -0.046006
-0.3222 -0.044809
-0.3268 -0.043600
-0.3311 -0.042462
-0.3350 -0.041447
-0.3383 -0.040585
-0.3410 -0.039887
-0.3430 -0.039359
-0.3443 -0.038999
-0.3450 -0.038805
-0.3451 -0.038773
-0.3446 -0.038898
-0.3434 -0.038448
-0.3413 -0.035812
-0.3382 -0.033827
-0.3342 -0.030678
-0.3291 -0.026415
-0.3229 -0.022848
-0.3161 -0.019813
-0.3089 -0.017199
-0.3014 -0.014925
-0.2939 -0.012939
-0.2863 -0.011202
-0.2788 -0.009682
-0.2714 -0.008357
-0.2641 -0.007202
-0.2569 -0.006199
-0.2499 -0.005327
-0.2463 -0.036223
-0.2459 -0.035532
-0.2458 -0.034934
-0.2458 -0.034409
-0.2462 -0.033926
-0.2471 -0.033445
-0.2486 -0.032943
-0.2507 -0.032416
-0.2533 -0.031875
-0.2562 -0.031334
-0.2592 -0.030808
-0.2622 -0.030309
-0.2651 -0.029847
-0.2677 -0.029433
-0.2700 -0.029077
-0.2719 -0.028788
-0.2732 -0.028578
-0.2739 -0.028455
-0.2739 -0.028425
-0.2731 -0.028491
-0.2717 -0.028650
-0.2694 -0.026665
-0.2658 -0.022616
-0.2609 -0.019282
-0.2550 -0.016503
-0.2482 -0.014162
-0.2408 -0.012174
-0.2329 -0.010477
-0.2246 -0.009024
-0.2157 -0.007778
-0.2063 -0.006711
-0.1961 -0.005799
-0.1849 -0.005021
-0.1724 -0.004360
-0.1579 -0.003802
-0.1404 -0.003337
-0.1184 -0.002958
-0.0887 -0.002661
-0.0456 -0.002455
0.0209 -0.002349
0.1115 -0.002303
0.1979 -0.002196
0.2575 -0.001992
0.2890 -0.001733
0.2985 -0.001465
0.2931 -0.001216
0.2787 -0.000997
0.2596 -0.000812
0.2386 -0.000659
0.2172 -0.000535
0.1962 -0.000434
0.1760 -0.000352
0.1565 -0.000285
0.1375 -0.000231
0.1188 -0.000187
0.1000 -0.000152
0.0805 -0.000123
0.0593 -0.000099
0.0352 -0.000079
0.0056 -0.000062
-0.0335 -0.000048
-0.0863 -0.000036
-0.1520 -0.000025
-0.2198 -0.000017
-0.2789 -0.000011
-0.3260 -0.000007
-0.3617 -0.000005
-0.3883 -0.000003
-0.4075 -0.000002
-0.4211 -0.000002
-0.4304 -0.000001
-0.4364 -0.000001
-0.4399 -0.000001
-0.4414 -0.000001
-0.4415 -0.000000
-0.4403 -0.000000
-0.4381 -0.000000
-0.4350 -0.000000
-0.4313 -0.000000
-0.4270 -0.000000
-0.4221 -0.000000
-0.4167 -0.000000
-0.4109 -0.000000
-0.4048 -0.000000
-0.3984 -0.000000
-0.3918 -0.000000
-0.3849 -0.000000
-0.3779 -0.000000
-0.3708 -0.000000
-0.3637 -0.000000
-0.3566 -0.000000
-0.3512 -0.018598
-0.3476 -0.019042
-0.3439 -0.019511
-0.3399 -0.020001
-0.3359 -0.020504
-0.3320 -0.020997
-0.3284 -0.021446
-0.3253 -0.021830
-0.3229 -0.022140
-0.3209 -0.022383
-0.3205 -0.044881
-0.3234 -0.044165
-0.3259 -0.043537
-0.3280 -0.043014
-0.3297 -0.042586
-0.3311 -0.042224
-0.3324 -0.041903
-0.3335 -0.041621
-0.3345 -0.041385
-0.3352 -0.041087
-0.3353 -0.037513
-0.3346 -0.034726
-0.3333 -0.032550
-0.3314 -0.030857
-0.3292 -0.029554
-0.3265 -0.028571
-0.3235 -0.027856
-0.3217 -0.049407
-0.3220 -0.048489
-0.3215 -0.047925
-0.3204 -0.047659
-0.3187 -0.046503
-0.3164 -0.043101
-0.3136 -0.040357
-0.3108 -0.038101
-0.3081 -0.036223
-0.3055 -0.034647
-0.3032 -0.033322
-0.3012 -0.032212
-0.2993 -0.031288
-0.2975 -0.030530
-0.2958 -0.029920
-0.2940 -0.029441
-0.2922 -0.029079
-0.2903 -0.028824
-0.2881 -0.025808
-0.2849 -0.021879
-0.2807 -0.018626
-0.2756 -0.015916
-0.2696 -0.013647
-0.2626 -0.011741
-0.2546 -0.010132
-0.2473 -0.040305
-0.2436 -0.039427
-0.2390 -0.038889
-0.2337 -0.038623
-0.2283 -0.038511
-0.2237 -0.038404
-0.2205 -0.038199
-0.2191 -0.037859
-0.2192 -0.037386
-0.2208 -0.036801
-0.2236 -0.036129
-0.2273 -0.035393
-0.2316 -0.034618
-0.2364 -0.033823
-0.2415 -0.033032
-0.2466 -0.032265
-0.2516 -0.031541
-0.2562 -0.030874
-0.2604 -0.030276
-0.2641 -0.029757
-0.2672 -0.029320
-0.2698 -0.028964
-0.2714 -0.024802
-0.2717 -0.020685
-0.2709 -0.017337
-0.2691 -0.014590
-0.2666 -0.012317
-0.2635 -0.010421
-0.2602 -0.008826
-0.2567 -0.007477
-0.2532 -0.006334
-0.2498 -0.005363
-0.2466 -0.004537
-0.2435 -0.003835
-0.2406 -0.003239
-0.2379 -0.002733
-0.2354 -0.002304
-0.2330 -0.001942
-0.2308 -0.001635
-0.2306 -0.035051
-0.2354 -0.034201
-0.2403 -0.033389
-0.2451 -0.032618
-0.2499 -0.031892
-0.2545 -0.031205
-0.2590 -0.030552
-0.2634 -0.029926
-0.2676 -0.029329
-0.2718 -0.028762
-0.2757 -0.028233
-0.2793 -0.027748
-0.2861 -0.053621
-0.2936 -0.051716
-0.3000 -0.050104
-0.3052 -0.048785
-0.3093 -0.047727
-0.3128 -0.046863
-0.3156 -0.046135
-0.3181 -0.045511
-0.3202 -0.044977
-0.3218 -0.042312
-0.3225 -0.038692
-0.3224 -0.035864
-0.3215 -0.033656
-0.3201 -0.031942
-0.3181 -0.030632
-0.3157 -0.029659
-0.3127 -0.028975
-0.3091 -0.028540
-0.3050 -0.028325
-0.3003 -0.028304
-0.2951 -0.028456
-0.2891 -0.026635
-0.2819 -0.022984
-0.2734 -0.019923
-0.2638 -0.017328
-0.2531 -0.015113
-0.2413 -0.013212
-0.2284 -0.011575
-0.2141 -0.010166
-0.1982 -0.008955
-0.1801 -0.007918
-0.1594 -0.007034
-0.1351 -0.006288
-0.1085 -0.054543
-0.0822 -0.057196
-0.0467 -0.061146
0.0046 -0.067213
0.0750 -0.075791
0.1494 -0.084870
0.2063 -0.091659
0.2274 -0.184776
0.2298 -0.184922
0.2222 -0.182610
0.2084 -0.178808
0.1912 -0.174196
0.1722 -0.169194
0.1523 -0.164021
0.1319 -0.158753
0.1109 -0.153358
0.0894 -0.138903
0.0680 -0.123498
0.0450 -0.110201
0.0181 -0.098198
-0.0158 -0.086643
-0.0612 -0.074652
-0.1202 -0.061830
-0.1860 -0.049195
-0.2465 -0.038398
-0.2954 -0.030111
-0.3319 -0.024126
-0.3578 -0.019807
-0.3751 -0.014524
-0.3856 -0.011104
-0.3911 -0.008825
-0.3928 -0.007252
-0.3917 -0.006119
-0.3884 -0.005266
-0.3833 -0.004598
-0.3767 -0.004056
-0.3688 -0.003606
-0.3596 -0.003222
-0.3493 -0.002887
-0.3388 -0.002580
-0.3288 -0.002289
-0.3202 -0.002007
-0.3135 -0.001739
-0.3088 -0.001489
-0.3059 -0.001263
-0.3044 -0.001063
-0.3038 -0.000890
-0.3038 -0.000743
-0.3040 -0.000620
-0.3041 -0.000518
-0.3039 -0.000433
-0.3032 -0.000363
-0.3019 -0.000305
-0.2999 -0.000257
-0.2971 -0.000218
-0.2936 -0.000185
-0.2893 -0.000158
-0.2841 -0.000135
-0.2780 -0.000116
-0.2709 -0.000100
-0.2629 -0.000086
-0.2538 -0.000075
-0.2438 -0.000065
-0.2329 -0.000057
-0.2211 -0.000049
-0.2085 -0.000043
-0.1953 -0.000038
-0.1812 -0.000033
-0.1660 -0.000029
-0.1490 -0.000025
-0.1291 -0.000022
-0.1217 -0.094594
-0.1176 -0.095604
-0.1135 -0.096626
-0.1101 -0.097467
-0.1093 -0.097681
-0.1126 -0.096874
-0.1210 -0.094784
-0.1350 -0.091287
-0.1545 -0.086442
-0.1781 -0.080534
-0.2041 -0.074034
-0.2304 -0.067465
-0.2552 -0.061258
-0.2775 -0.055689
-0.2966 -0.050891
-0.3125 -0.046899
-0.3254 -0.043689
-0.3352 -0.039417
-0.3418 -0.033273
-0.3454 -0.027154
-0.3466 -0.022502
-0.3460 -0.018866
-0.3440 -0.015950
-0.3412 -0.013559
-0.3379 -0.011564
-0.3342 -0.009879
-0.3302 -0.008445
-0.3262 -0.007219
-0.3221 -0.006171
-0.3180 -0.005275
-0.3137 -0.004509
-0.3093 -0.003855
-0.3047 -0.003297
-0.2998 -0.002821
-0.2947 -0.002416
-0.2893 -0.002071
-0.2882 -0.028208
-0.2871 -0.028077
-0.2853 -0.028061
-0.2832 -0.028133
-0.2810 -0.028243
-0.2792 -0.028331
-0.2781 -0.028359
-0.2776 -0.028316
-0.2778 -0.028209
-0.2785 -0.028051
-0.2795 -0.027858
-0.2808 -0.027646
-0.2822 -0.027432
-0.2835 -0.027229
-0.2847 -0.027053
-0.2856 -0.026915
-0.2862 -0.026824
-0.2863 -0.026789
-0.2860 -0.026816
-0.2852 -0.026909
-0.2838 -0.026119
-0.2812 -0.022074
-0.2772 -0.018768
-0.2720 -0.016041
-0.2655 -0.013774
-0.2579 -0.011875
-0.2492 -0.010273
-0.2396 -0.008910
-0.2291 -0.007741
-0.2178 -0.006733
-0.2059 -0.005860
-0.1935 -0.005101
-0.1806 -0.004439
-0.1672 -0.003862
-0.1530 -0.003363
-0.1374 -0.002935
-0.1193 -0.002574
-0.0968 -0.002276
-0.0663 -0.002044
-0.0216 -0.001882
0.0454 -0.001792
0.1286 -0.001725
0.2017 -0.001609
0.2505 -0.001437
0.2759 -0.001241
0.2834 -0.001047
0.2786 -0.000869
0.2660 -0.000714
0.2491 -0.000583
0.2302 -0.000475
0.2105 -0.000386
0.1909 -0.000313
0.1716 -0.000254
0.1528 -0.000207
0.1343 -0.000168
0.1158 -0.000136
0.0968 -0.000110
0.0767 -0.000089
0.0544 -0.000071
0.0280 -0.000057
-0.0057 -0.000044
-0.0515 -0.000034
-0.1130 -0.000024
-0.1843 -0.000017
-0.2516 -0.031145
-0.3116 -0.023619
-0.3563 -0.018015
-0.3882 -0.014010
-0.4103 -0.011240
-0.4250 -0.009387
-0.4345 -0.008195
-0.4403 -0.007472
-0.4433 -0.007085
-0.4445 -0.006943
-0.4441 -0.006986
-0.4426 -0.007174
-0.4401 -0.007480
-0.4369 -0.007881
-0.4331 -0.008361
-0.4287 -0.008908
-0.4239 -0.009510
-0.4187 -0.010159
-0.4131 -0.010850
-0.4073 -0.011580
-0.4011 -0.011491
-0.3943 -0.010158
-0.3867 -0.008999
-0.3785 -0.007983
-0.3695 -0.007087
-0.3598 -0.006293
-0.3494 -0.005590
-0.3383 -0.004964
-0.3263 -0.004408
-0.3135 -0.003914
-0.2997 -0.003474
-0.2850 -0.003084
-0.2691 -0.002739
-0.2519 -0.002433
-0.2332 -0.002163
-0.2130 -0.037783
-0.1977 -0.039443
-0.1806 -0.041365
-0.1617 -0.043544
-0.1419 -0.045855
-0.1221 -0.048187
-0.1021 -0.050566
-0.0804 -0.053167
-0.0544 -0.056319
-0.0200 -0.060537
0.0275 -0.066395
0.0742 -0.143909
0.1177 -0.154753
0.1516 -0.163188
0.1725 -0.168394
0.1815 -0.170639
0.1814 -0.169047
0.1760 -0.154009
0.1678 -0.140830
0.1575 -0.129354
0.1457 -0.119393
0.1327 -0.110737
0.1186 -0.103177
0.1035 -0.096505
0.0871 -0.090514
0.0689 -0.084983
0.0480 -0.079656
0.0224 -0.074201
-0.0108 -0.068130
-0.0563 -0.060784
-0.1167 -0.047105
-0.1845 -0.032390
-0.2476 -0.021645
-0.2992 -0.014383
-0.3386 -0.009655
-0.3675 -0.006616
-0.3880 -0.004668
-0.4020 -0.003411
-0.4108 -0.002590
-0.4157 -0.002044
