0.6562
0.5962
0.5233
0.4211
0.3354
0.2817
0.2566
0.2511
0.2519
0.2537
0.2542
0.2550
0.2546
0.2547
0.2545
0.2547
0.2547
0.2549
0.2546
0.2547
0.2550
0.2549
0.2546
0.2546
0.2543
0.2546
0.2545
0.2545
0.2543
0.2552
0.2545
0.2546
0.2548
0.2546
0.2548
0.2546
0.2545
0.2551
0.2548
0.2548
0.2546
0.2550
0.2550
0.2544
0.2544
0.2547
0.2547
0.2546
0.2547
0.2553
0.2545
0.2544
0.2550
0.2552
0.2546
0.2541
0.2550
0.2544
0.2546
0.2544
0.2550
0.2548
0.2551
0.2550
0.2545
0.2551
0.2547
0.2553
0.2544
0.2544
0.2547
0.2547
0.2543
0.2547
0.2547
0.2552
0.2546
0.2546
0.2550
0.2549
0.2548
0.2544
0.2545
0.2546
0.2551
0.2548
0.2545
0.2549
0.2548
0.2548
0.2545
0.2552
0.2550
0.2543
0.2548
0.2545
0.2546
0.2552
0.2547
0.2549
0.2550
0.2548
0.2552
0.2544
0.2552
0.2547
0.2545
0.2543
0.2545
0.2543
0.2550
0.2548
0.2546
0.2549
0.2552
0.2547
0.2549
0.2550
0.2544
0.2548
0.2546
0.2549
0.2550
0.2547
0.2553
0.2543
0.2546
0.2547
0.2549
0.2551
0.2546
0.2543
0.2551
0.2548
0.2542
0.2552
0.2550
0.2548
0.2553
0.2547
0.2546
0.2550
0.2542
0.2549
0.2550
0.2549
0.2543
0.2549
0.2540
0.2548
