0.4619 0.3904
0.4480 0.3637
0.4350 0.3400
0.4231 0.3190
0.4123 0.3007
0.4033 0.2915
0.4045 0.3253
0.4334 0.4714
0.5102 0.9046
0.6150 1.6126
0.7054 2.3051
0.7675 3.0052
0.8079 3.7885
0.8325 4.2927
0.8443 4.3304
0.8462 4.0390
0.8413 3.6562
0.8328 3.3357
0.8236 3.1089
0.8148 2.8821
0.8055 2.6481
0.7959 2.4729
0.7880 2.4039
0.7836 2.4059
0.7822 2.4207
0.7821 2.4149
0.7817 2.3783
0.7801 2.3124
0.7769 2.2224
0.7719 2.1148
0.7652 1.9954
0.7570 1.8694
0.7474 1.7411
0.7365 1.6137
0.7243 1.4897
0.7109 1.3708
0.6964 1.2583
0.6810 1.1529
0.6647 1.0549
0.6477 0.9645
0.6301 0.8815
0.6120 0.8057
0.5937 0.7368
0.5753 0.6744
0.5570 0.6181
0.5390 0.5673
0.5214 0.5218
0.5044 0.4810
0.4881 0.4445
0.4726 0.4119
0.4581 0.3829
0.4445 0.3571
0.4318 0.3343
0.4207 0.3180
0.4167 0.3357
0.4345 0.4320
0.4867 0.6928
0.5726 1.2076
0.6620 1.8235
0.7300 2.3139
0.7716 2.5976
0.7925 2.7238
0.8007 2.7539
0.8020 2.7097
0.7992 2.5992
0.7935 2.4394
0.7852 2.2513
0.7746 2.0528
0.7618 1.8569
0.7470 1.6714
0.7305 1.5004
0.7128 1.3531
0.6960 1.2678
0.6860 1.2910
0.6885 1.4341
0.7026 1.6377
0.7213 1.8248
0.7382 1.9556
0.7502 2.0226
0.7569 2.0325
0.7588 1.9966
0.7569 1.9268
0.7520 1.8340
0.7446 1.7270
0.7353 1.6128
0.7242 1.4963
0.7117 1.3813
0.6978 1.2701
0.6828 1.1644
0.6667 1.0653
0.6496 0.9733
0.6319 0.8884
0.6136 0.8108
0.5950 0.7402
0.5763 0.6762
0.5576 0.6185
0.5391 0.5667
0.5211 0.5202
0.5037 0.4786
0.4871 0.4416
0.4713 0.4086
0.4566 0.3807
0.4453 0.3710
0.4473 0.4184
0.4738 0.5452
0.5205 0.7333
0.5751 0.9668
0.6279 1.2203
0.6714 1.4398
0.7022 1.5880
0.7207 1.6613
0.7294 1.6729
0.7311 1.6395
0.7278 1.5758
0.7211 1.4931
0.7118 1.3999
0.7005 1.3023
0.6875 1.2044
0.6731 1.1093
0.6575 1.0187
0.6410 0.9341
0.6241 0.8635
0.6111 0.8552
0.6143 0.9991
0.6424 1.3331
0.6858 1.7702
0.7284 2.1700
0.7607 2.4488
0.7810 2.5943
0.7912 2.6288
0.7943 2.5823
0.7926 2.4811
0.7876 2.3459
0.7802 2.1918
0.7709 2.0295
0.7600 1.8666
0.7475 1.7078
0.7337 1.5565
0.7185 1.4145
0.7021 1.2829
0.6847 1.1621
0.6663 1.0519
0.6472 0.9521
0.6275 0.8621
0.6075 0.7813
0.5873 0.7089
0.5673 0.6444
0.5475 0.5870
0.5283 0.5360
0.5097 0.4909
0.4922 0.4529
0.4772 0.4278
0.4692 0.4341
0.4762 0.4940
0.5011 0.6035
0.5369 0.7352
0.5739 0.8600
0.6054 0.9623
0.6291 1.0386
0.6452 1.0886
0.6549 1.1126
0.6591 1.1134
0.6593 1.0967
0.6563 1.0707
0.6519 1.0466
0.6476 1.0344
0.6452 1.0366
0.6446 1.0400
0.6445 1.0393
0.6452 1.0523
0.6475 1.0734
0.6504 1.0848
0.6532 1.1132
0.6628 1.2884
0.6899 1.7156
0.7284 2.2468
0.7639 2.6740
0.7891 2.9223
0.8036 3.0255
0.8100 3.0308
0.8111 2.9632
0.8088 2.8379
0.8037 2.6721
0.7966 2.4826
0.7874 2.2836
0.7765 2.0853
0.7640 1.8942
0.7499 1.7143
0.7344 1.5477
0.7177 1.3950
0.6998 1.2563
0.6809 1.1312
0.6613 1.0188
0.6410 0.9182
0.6203 0.8286
0.5994 0.7489
0.5786 0.6781
0.5580 0.6155
0.5380 0.5602
0.5187 0.5126
0.5013 0.4762
0.4878 0.4573
0.4818 0.4662
0.4874 0.5099
0.5045 0.5807
0.5285 0.6612
0.5534 0.7358
0.5751 0.7952
0.5915 0.8365
0.6025 0.8602
0.6086 0.8682
0.6106 0.8629
0.6093 0.8465
0.6052 0.8214
0.5989 0.7900
0.5908 0.7546
0.5812 0.7171
0.5706 0.6793
0.5595 0.6433
0.5485 0.6138
0.5404 0.6099
0.5469 0.7306
0.5922 1.1989
0.6684 2.0307
0.7415 2.9250
0.7933 3.5768
0.8231 3.9598
0.8382 4.2677
0.8462 4.5830
0.8509 4.7428
0.8527 4.6333
0.8509 4.3188
0.8457 3.9064
0.8375 3.4768
0.8266 3.0732
0.8138 2.7117
0.7994 2.3945
0.7837 2.1178
0.7668 1.8762
0.7489 1.6650
0.7300 1.4798
0.7103 1.3174
0.6897 1.1748
0.6685 1.0495
0.6468 0.9395
0.6249 0.8430
0.6029 0.7582
0.5811 0.6838
0.5598 0.6198
0.5398 0.5688
0.5230 0.5350
0.5113 0.5206
0.5064 0.5259
0.5086 0.5485
0.5167 0.5817
0.5279 0.6168
0.5395 0.6471
0.5494 0.6686
0.5564 0.6799
0.5601 0.6813
0.5608 0.6743
0.5587 0.6604
0.5544 0.6414
0.5483 0.6186
0.5407 0.5935
0.5321 0.5677
0.5235 0.5500
0.5245 0.6271
0.5615 0.9478
0.6272 1.4428
0.6926 1.9498
0.7454 2.5953
0.7894 3.6237
0.8241 4.6430
0.8468 5.2195
0.8587 5.4390
0.8637 5.4872
0.8648 5.3898
0.8634 5.1515
0.8600 4.8160
0.8550 4.4348
0.8485 4.0456
0.8407 3.6708
0.8317 3.3195
0.8216 2.9947
0.8104 2.6967
0.7982 2.4256
0.7849 2.1809
0.7705 1.9612
0.7553 1.7643
0.7390 1.5874
0.7219 1.4282
0.7039 1.2847
0.6850 1.1555
0.6653 1.0394
0.6449 0.9354
0.6240 0.8432
0.6031 0.7629
0.5827 0.6956
0.5639 0.6420
0.5475 0.6013
0.5340 0.5712
0.5234 0.5486
0.5151 0.5307
0.5084 0.5154
0.5026 0.5012
0.4971 0.4874
0.4917 0.4736
0.4861 0.4595
0.4803 0.4449
0.4740 0.4298
0.4674 0.4142
0.4603 0.3984
0.4530 0.3825
0.4454 0.3670
0.4379 0.3531
0.4321 0.3487
0.4345 0.3849
0.4697 0.6056
0.5556 1.2190
0.6747 2.9630
0.7810 5.7651
0.8526 10.4558
0.8925 14.8506
0.9105 16.8008
0.9160 15.9524
0.9151 13.8633
0.9110 11.7590
0.9052 9.9764
0.8987 8.5238
0.8915 7.3428
0.8837 6.3732
0.8754 5.5658
0.8665 4.8836
0.8569 4.3001
0.8465 3.7962
0.8352 3.3578
0.8231 2.9745
0.8099 2.6380
0.7957 2.3420
0.7804 2.0810
0.7641 1.8509
0.7467 1.6478
0.7283 1.4688
0.7089 1.3112
0.6888 1.1727
0.6682 1.0511
0.6471 0.9446
0.6260 0.8514
0.6050 0.7698
0.5843 0.6984
0.5642 0.6359
0.5447 0.5811
0.5262 0.5329
0.5085 0.4905
0.4919 0.4531
0.4763 0.4201
0.4618 0.3910
0.4483 0.3652
0.4359 0.3425
0.4245 0.3224
0.4141 0.3046
0.4047 0.2892
0.3966 0.2782
0.3935 0.2877
0.4035 0.3347
0.4309 0.4290
0.4803 0.6328
0.5648 1.3290
0.6926 3.6987
0.8012 7.5977
0.8687 12.7974
0.9022 16.4152
0.9151 17.1935
0.9178 16.3193
0.9161 14.9285
0.9129 13.4381
0.9092 11.9982
0.9051 10.6629
0.9006 9.4478
0.8956 8.3536
0.8899 7.3755
0.8836 6.5060
0.8764 5.7361
0.8684 5.0566
0.8594 4.4580
0.8495 3.9316
0.8385 3.4691
0.8264 3.0631
0.8133 2.7067
0.7989 2.3940
0.7834 2.1198
0.7668 1.8793
0.7491 1.6684
0.7303 1.4835
0.7107 1.3214
0.6903 1.1792
0.6692 1.0546
0.6478 0.9454
0.6261 0.8495
0.6045 0.7655
0.5831 0.6918
0.5621 0.6272
0.5418 0.5704
0.5223 0.5206
0.5038 0.4769
0.4862 0.4386
0.4699 0.4048
0.4546 0.3752
0.4406 0.3492
0.4277 0.3264
0.4160 0.3063
0.4053 0.2888
0.3959 0.2740
0.3880 0.2632
0.3833 0.2635
0.3904 0.3166
0.4449 0.6571
0.5975 2.9587
0.7589 8.1527
0.8579 14.1693
0.9044 19.5137
0.9213 21.5317
0.9245 20.5310
0.9226 18.4174
0.9190 16.2817
0.9150 14.3490
0.9110 12.6380
0.9068 11.1323
0.9023 9.8087
0.8972 8.6451
0.8916 7.6220
0.8853 6.7223
0.8784 5.9312
0.8706 5.2355
0.8620 4.6238
0.8525 4.0860
0.8420 3.6131
0.8305 3.1973
0.8179 2.8317
0.8043 2.5101
0.7895 2.2274
0.7737 1.9786
0.7568 1.7599
0.7389 1.5675
0.7200 1.3982
0.7003 1.2494
0.6800 1.1184
0.6591 1.0032
0.6380 0.9019
0.6167 0.8128
0.5954 0.7343
0.5745 0.6654
0.5541 0.6047
0.5343 0.5513
0.5154 0.5043
0.4974 0.4629
0.4804 0.4266
0.4645 0.3945
0.4498 0.3664
0.4363 0.3416
0.4238 0.3197
0.4125 0.3005
0.4022 0.2837
0.3930 0.2692
0.3853 0.2590
0.3819 0.2670
0.4027 0.3987
0.5089 1.4602
0.6881 5.6522
0.8201 11.6855
0.8889 18.0027
0.9170 21.8553
0.9250 22.0059
0.9247 20.0770
0.9215 17.7645
0.9176 15.6266
0.9136 13.7346
0.9096 12.0768
0.9052 10.6265
0.9005 9.3569
0.8952 8.2441
0.8893 7.2679
0.8828 6.4109
0.8755 5.6580
0.8674 4.9963
0.8585 4.4146
0.8486 3.9032
0.8378 3.4534
0.8259 3.0579
0.8130 2.7100
0.7990 2.4041
0.7839 2.1350
0.7678 1.8984
0.7506 1.6903
0.7324 1.5072
0.7134 1.3461
0.6936 1.2044
0.6732 1.0797
0.6523 0.9700
0.6313 0.8733
0.6101 0.7883
0.5891 0.7134
0.5685 0.6474
0.5484 0.5893
0.5290 0.5381
0.5105 0.4930
0.4929 0.4533
0.4763 0.4183
0.4609 0.3875
0.4465 0.3603
0.4333 0.3364
0.4212 0.3153
0.4102 0.2967
0.4002 0.2803
0.3912 0.2661
0.3835 0.2558
0.3812 0.2733
0.4178 0.5205
0.5681 2.6681
0.7426 8.0470
0.8523 14.8129
0.9041 20.9401
0.9229 23.4357
0.9267 22.4743
0.9247 20.1268
0.9211 17.7145
0.9173 15.5444
0.9133 13.6382
0.9093 11.9725
0.9049 10.5173
0.9001 9.2450
0.8947 8.1316
0.8887 7.1566
0.8820 6.3024
0.8745 5.5539
0.8662 4.8976
0.8570 4.3221
0.8469 3.8174
0.8358 3.3746
0.8236 2.9861
0.8104 2.6451
0.7961 2.3457
0.7807 2.0828
0.7642 1.8518
0.7468 1.6488
0.7284 1.4704
0.7091 1.3136
0.6892 1.1757
0.6686 1.0544
0.6477 0.9476
0.6266 0.8537
0.6055 0.7710
0.5846 0.6981
0.5640 0.6340
0.5441 0.5776
0.5249 0.5278
0.5065 0.4840
0.4892 0.4454
0.4729 0.4114
0.4577 0.3814
0.4436 0.3550
0.4306 0.3317
0.4188 0.3112
0.4080 0.2931
0.3982 0.2772
0.3894 0.2632
0.3817 0.2523
0.3798 0.2760
0.4326 0.7090
0.6133 3.9990
0.7788 10.5222
0.8730 18.2774
0.9140 24.0358
0.9270 25.3300
0.9282 23.5224
0.9254 20.8298
0.9216 18.2513
0.9178 15.9635
0.9140 13.9651
0.9100 12.2250
0.9056 10.7095
0.9008 9.3886
0.8954 8.2365
0.8893 7.2309
0.8826 6.3528
0.8750 5.5857
0.8666 4.9154
0.8573 4.3294
0.8470 3.8169
0.8358 3.3685
0.8234 2.9761
0.8100 2.6325
0.7955 2.3315
0.7799 2.0678
0.7632 1.8365
0.7455 1.6337
0.7269 1.4557
0.7074 1.2995
0.6872 1.1623
0.6665 1.0418
0.6454 0.9359
0.6241 0.8428
0.6029 0.7610
0.5819 0.6890
0.5613 0.6256
0.5413 0.5699
0.5221 0.5208
0.5038 0.4776
0.4866 0.4396
0.4703 0.4061
0.4553 0.3767
0.4413 0.3507
0.4285 0.3278
0.4168 0.3077
0.4061 0.2900
0.3965 0.2744
0.3878 0.2606
0.3800 0.2489
0.3758 0.2598
0.4314 0.8250
0.6293 4.9819
0.7943 13.0030
0.8837 22.4596
0.9203 28.3010
0.9306 28.7526
0.9305 26.2049
0.9273 23.0422
0.9235 20.1052
0.9199 17.5192
0.9163 15.2697
0.9125 13.3174
0.9084 11.6227
0.9039 10.1508
0.8987 8.8715
0.8929 7.7591
0.8864 6.7914
0.8790 5.9493
0.8709 5.2162
0.8618 4.5777
0.8517 4.0215
0.8406 3.5368
0.8284 3.1141
0.8151 2.7454
0.8007 2.4237
0.7851 2.1428
0.7684 1.8974
0.7506 1.6829
0.7318 1.4954
0.7121 1.3313
0.6916 1.1877
0.6706 1.0620
0.6491 0.9518
0.6275 0.8552
0.6059 0.7706
0.5845 0.6963
0.5635 0.6312
0.5431 0.5740
0.5236 0.5238
0.5050 0.4797
0.4874 0.4409
0.4709 0.4069
0.4556 0.3770
0.4414 0.3507
0.4284 0.3276
0.4166 0.3073
0.4059 0.2894
0.3961 0.2737
0.3874 0.2599
0.3796 0.2478
0.3730 0.2410
0.3992 0.5480
0.5920 4.3223
0.7751 13.5048
0.8780 25.3660
0.9208 32.8052
0.9331 33.5228
0.9334 30.5441
0.9301 26.8233
0.9264 23.3618
0.9230 20.3136
0.9197 17.6624
0.9163 15.3628
0.9127 13.3688
0.9086 11.6397
0.9039 10.1399
0.8987 8.8387
0.8927 7.7097
0.8860 6.7297
0.8785 5.8789
0.8701 5.1401
0.8607 4.4983
0.8503 3.9406
0.8388 3.4558
0.8262 3.0342
0.8123 2.6675
0.7972 2.3483
0.7810 2.0703
0.7635 1.8283
0.7449 1.6173
0.7253 1.4334
0.7048 1.2730
0.6835 1.1331
0.6617 1.0109
0.6395 0.9043
0.6172 0.8111
0.5950 0.7298
0.5732 0.6586
0.5519 0.5964
0.5314 0.5421
0.5119 0.4945
0.4934 0.4529
0.4760 0.4164
0.4599 0.3846
0.4450 0.3567
0.4314 0.3322
0.4190 0.3108
0.4077 0.2921
0.3976 0.2757
0.3885 0.2613
0.3803 0.2487
0.3731 0.2379
0.3715 0.2771
0.5006 2.2175
0.7128 10.5413
0.8497 24.2802
0.9122 35.1535
0.9328 38.0890
0.9358 35.4687
0.9331 31.3105
0.9294 27.2873
0.9260 23.7143
0.9229 20.5985
0.9198 17.8930
0.9166 15.5461
0.9130 13.5109
0.9089 11.7462
0.9043 10.2159
0.8990 8.8891
0.8930 7.7386
0.8863 6.7409
0.8786 5.8757
0.8701 5.1253
0.8605 4.4744
0.8499 3.9097
0.8381 3.4197
0.8251 2.9945
0.8109 2.6253
0.7953 2.3048
0.7785 2.0264
0.7605 1.7845
0.7412 1.5744
0.7209 1.3917
0.6997 1.2328
0.6776 1.0947
0.6551 0.9745
0.6322 0.8699
0.6093 0.7788
0.5866 0.6995
0.5644 0.6305
0.5429 0.5703
0.5222 0.5179
0.5026 0.4722
0.4842 0.4324
0.4670 0.3977
0.4512 0.3674
0.4367 0.3410
0.4234 0.3180
0.4115 0.2979
0.4007 0.2804
0.3910 0.2651
0.3824 0.2517
0.3748 0.2401
0.3684 0.2339
0.4085 0.7199
0.6197 6.1101
0.7989 19.3858
0.8924 33.4847
0.9281 40.2014
0.9367 39.2183
0.9354 35.0757
0.9318 30.6486
0.9282 26.6406
0.9251 23.1301
0.9222 20.0784
0.9192 17.4306
0.9159 15.1346
0.9123 13.1439
0.9081 11.4182
0.9033 9.9224
0.8978 8.6260
0.8916 7.5023
0.8846 6.5284
0.8768 5.6844
0.8679 4.9528
0.8580 4.3187
0.8470 3.7690
0.8347 3.2924
0.8212 2.8792
0.8064 2.5209
0.7903 2.2101
0.7728 1.9406
0.7541 1.7067
0.7342 1.5038
0.7132 1.3277
0.6913 1.1748
0.6686 1.0421
0.6455 0.9268
0.6222 0.8267
0.5989 0.7398
0.5760 0.6642
0.5536 0.5986
0.5321 0.5415
0.5116 0.4919
0.4922 0.4488
0.4742 0.4113
0.4575 0.3787
0.4421 0.3504
0.4281 0.3257
0.4155 0.3042
0.4041 0.2856
0.3939 0.2693
0.3848 0.2552
0.3768 0.2429
0.3698 0.2333
0.3750 0.3333
0.5364 3.2287
0.7439 14.2454
0.8674 29.5617
0.9199 39.4379
0.9356 40.7127
0.9366 37.1131
0.9334 32.5585
0.9296 28.3114
0.9264 24.5700
0.9234 21.3149
0.9205 18.4916
0.9174 16.0446
0.9138 13.9243
0.9098 12.0873
0.9053 10.4958
0.9001 9.1171
0.8942 7.9227
0.8875 6.8881
0.8799 5.9918
0.8714 5.2153
0.8618 4.5426
0.8512 3.9598
0.8393 3.4549
0.8262 3.0173
0.8117 2.6381
0.7960 2.3095
0.7788 2.0247
0.7604 1.7778
0.7407 1.5638
0.7198 1.3782
0.6980 1.2173
0.6753 1.0777
0.6521 0.9566
0.6286 0.8516
0.6050 0.7605
0.5817 0.6815
0.5590 0.6129
0.5370 0.5533
0.5160 0.5017
0.4961 0.4568
0.4776 0.4179
0.4604 0.3840
0.4446 0.3547
0.4302 0.3292
0.4172 0.3070
0.4055 0.2878
0.3951 0.2710
0.3858 0.2565
0.3775 0.2441
0.3706 0.2354
0.3747 0.3105
0.5170 2.6155
0.7276 12.3587
0.8585 27.1771
0.9162 37.5013
0.9343 39.5209
0.9363 36.3348
0.9333 31.9335
0.9295 27.7694
0.9261 24.0921
0.9231 20.8928
0.9201 18.1194
0.9169 15.7171
0.9133 13.6368
0.9092 11.8353
0.9045 10.2752
0.8992 8.9241
0.8932 7.7541
0.8864 6.7407
0.8787 5.8631
0.8700 5.1029
0.8602 4.4444
0.8494 3.8739
0.8373 3.3797
0.8239 2.9516
0.8093 2.5806
0.7932 2.2591
0.7758 1.9805
0.7571 1.7390
0.7372 1.5297
0.7161 1.3482
0.6940 1.1909
0.6712 1.0545
0.6479 0.9362
0.6242 0.8336
0.6006 0.7446
0.5773 0.6674
0.5546 0.6005
0.5327 0.5424
0.5119 0.4920
0.4922 0.4482
0.4739 0.4103
0.4569 0.3773
0.4414 0.3487
0.4273 0.3239
0.4145 0.3024
0.4030 0.2837
0.3928 0.2675
0.3838 0.2536
0.3760 0.2427
0.3717 0.2481
0.4071 0.5703
0.5967 4.6945
0.7801 15.3857
0.8818 28.4863
0.9231 35.6427
0.9345 35.7332
0.9343 32.2673
0.9309 28.2473
0.9272 24.5534
0.9238 21.3102
0.9207 18.4921
0.9174 16.0495
0.9138 13.9332
0.9099 12.0999
0.9053 10.5115
0.9001 9.1352
0.8943 7.9426
0.8876 6.9090
0.8801 6.0133
0.8716 5.2368
0.8621 4.5638
0.8516 3.9803
0.8398 3.4744
0.8268 3.0358
0.8124 2.6555
0.7968 2.3256
0.7798 2.0395
0.7614 1.7913
0.7418 1.5760
0.7211 1.3892
0.6994 1.2272
0.6768 1.0866
0.6537 0.9645
0.6302 0.8586
0.6067 0.7667
0.5834 0.6869
0.5606 0.6176
0.5386 0.5575
0.5175 0.5053
0.4976 0.4599
0.4789 0.4206
0.4616 0.3864
0.4457 0.3567
0.4313 0.3309
0.4181 0.3085
0.4063 0.2891
0.3958 0.2723
0.3865 0.2582
0.3789 0.2485
0.3761 0.2599
0.4088 0.4997
0.5720 3.3925
0.7576 11.6033
0.8678 22.8796
0.9161 30.4735
0.9312 31.8136
0.9326 29.2576
0.9296 25.7676
0.9259 22.4628
0.9223 19.5375
0.9189 16.9873
0.9154 14.7724
0.9116 12.8500
0.9073 11.1817
0.9025 9.7337
0.8970 8.4767
0.8908 7.3855
0.8838 6.4379
0.8759 5.6151
0.8670 4.9005
0.8572 4.2799
0.8462 3.7408
0.8340 3.2724
0.8205 2.8656
