0.9831
0.9847
0.9090
0.7591
0.7355
0.7331
0.7435
0.7583
0.7738
0.7817
0.7830
0.7845
0.7841
0.7837
0.7832
0.7835
0.7828
0.7842
0.7844
0.7837
0.7842
0.7830
0.7831
0.7833
0.7829
0.7828
0.7836
0.7834
0.7835
0.7837
0.7836
0.7837
0.7843
0.7835
0.7833
0.7841
0.7836
0.7835
0.7825
0.7842
0.7839
0.7831
0.7836
0.7836
0.7839
0.7842
0.7851
0.7823
0.7835
0.7840
0.7836
0.7833
0.7828
0.7833
0.7833
0.7828
0.7839
0.7841
0.7833
0.7838
0.7838
0.7831
0.7835
0.7841
0.7843
0.7831
0.7832
0.7839
0.7823
0.7835
0.7834
0.7834
0.7839
0.7839
0.7844
0.7834
0.7836
0.7839
0.7833
0.7836
0.7831
0.7832
0.7839
0.7830
0.7836
0.7839
0.7836
0.7831
0.7848
0.7836
0.7835
0.7839
0.7832
0.7842
0.7827
0.7837
0.7837
0.7838
0.7848
0.7834
0.7837
0.7841
0.7834
0.7840
0.7837
0.7829
0.7838
0.7839
0.7829
0.7830
0.7838
0.7827
0.7833
0.7841
0.7836
0.7847
0.7836
0.7833
0.7838
0.7834
0.7833
0.7835
0.7848
0.7839
