0.6633
0.6175
0.5689
0.4553
0.3617
0.2898
0.2524
0.2390
0.2377
0.2401
0.2403
0.2405
0.2400
0.2407
0.2402
0.2408
0.2396
0.2410
0.2401
0.2395
0.2408
0.2403
0.2404
0.2405
0.2400
0.2401
0.2405
0.2395
0.2401
0.2402
0.2410
0.2395
0.2409
0.2400
0.2405
0.2403
0.2399
0.2402
0.2409
0.2407
0.2400
0.2405
0.2404
0.2403
0.2406
0.2400
0.2406
0.2406
0.2408
0.2400
0.2406
0.2395
0.2407
0.2407
0.2402
0.2404
0.2402
0.2406
0.2405
0.2399
0.2400
0.2410
0.2401
0.2401
0.2399
0.2405
0.2401
0.2408
0.2399
0.2412
0.2399
0.2408
0.2405
0.2398
0.2401
0.2404
0.2399
0.2410
0.2396
0.2405
0.2407
0.2394
0.2403
0.2411
0.2408
0.2403
0.2403
0.2401
0.2403
0.2401
0.2396
0.2402
0.2403
0.2410
0.2401
0.2404
0.2400
0.2402
0.2412
0.2402
0.2408
0.2401
0.2402
0.2401
0.2396
0.2405
0.2412
0.2395
0.2411
0.2401
0.2405
0.2404
0.2405
0.2404
0.2396
0.2406
0.2409
0.2401
0.2402
0.2396
0.2400
0.2399
0.2403
0.2399
0.2403
0.2400
0.2403
0.2410
0.2397
0.2417
0.2408
0.2400
0.2412
0.2402
0.2406
0.2404
0.2404
0.2402
0.2402
0.2401
0.2400
0.2405
0.2401
0.2413
0.2400
0.2406
0.2400
0.2406
0.2405
0.2400
