-0.4249 0.115093
-0.4068 0.108718
-0.3913 0.103431
-0.3782 0.099010
-0.3669 0.095305
-0.3571 0.092166
-0.3485 0.089451
-0.3407 0.087052
-0.3335 0.084898
-0.3268 0.082948
-0.3206 0.081171
-0.3149 0.079548
-0.3096 0.078064
-0.3046 0.076705
-0.2945 0.147780
-0.2774 0.139092
-0.2625 0.131575
-0.2495 0.125017
-0.2381 0.119272
-0.2285 0.108178
-0.2215 0.096694
-0.2166 0.087890
-0.2133 0.081089
-0.2114 0.075821
-0.2106 0.071747
-0.2107 0.068622
-0.2115 0.066258
-0.2130 0.064511
-0.2151 0.063267
-0.2177 0.062433
-0.2206 0.061929
-0.2238 0.061687
-0.2276 0.055039
-0.2300 0.103952
-0.2260 0.094615
-0.2236 0.087396
-0.2225 0.081798
-0.2225 0.077466
-0.2233 0.074138
-0.2249 0.071619
-0.2271 0.069753
-0.2205 0.120832
-0.2133 0.115181
-0.2070 0.110411
-0.2014 0.106354
-0.1966 0.102890
-0.1924 0.099939
-0.1887 0.097439
-0.1856 0.095335
-0.1830 0.093577
-0.1808 0.092121
-0.1790 0.090934
-0.1776 0.089991
-0.1766 0.089191
-0.1768 0.081460
-0.1787 0.075828
-0.1822 0.071821
-0.1871 0.069085
-0.1932 0.067340
-0.2002 0.066363
-0.2079 0.064514
-0.2172 0.055716
-0.2282 0.048411
-0.2405 0.042189
-0.2536 0.036782
-0.2670 0.032023
-0.2792 0.097474
-0.2790 0.092608
-0.2795 0.088826
-0.2810 0.085991
-0.2833 0.083960
-0.2862 0.082516
-0.2891 0.081427
-0.2915 0.080517
-0.2933 0.079687
-0.2945 0.078894
-0.2950 0.078123
-0.2950 0.077373
-0.2946 0.076645
-0.2939 0.075942
-0.2929 0.075264
-0.2918 0.074612
-0.2904 0.073986
-0.2890 0.073386
-0.2875 0.072813
-0.2861 0.068173
-0.2865 0.056999
-0.2887 0.047955
-0.2922 0.040532
-0.2967 0.034364
-0.3018 0.029187
-0.3072 0.024810
-0.3127 0.021090
-0.3182 0.017918
-0.3234 0.015210
-0.3284 0.012896
-0.3330 0.010920
-0.3372 0.009234
-0.3410 0.007798
-0.3445 0.006578
-0.3475 0.005542
-0.3502 0.004664
-0.3526 0.003920
-0.3389 0.087899
-0.3261 0.084087
-0.3149 0.080788
-0.3050 0.077915
-0.2961 0.075395
-0.2762 0.139254
-0.2574 0.129604
-0.2409 0.121137
-0.2260 0.113590
-0.2126 0.106765
-0.1931 0.145263
-0.1723 0.129567
-0.1522 0.114453
-0.1319 0.099179
-0.1102 0.082874
-0.0855 0.064355
-0.0555 0.041872
-0.0170 0.012430
0.0323 -0.021527
0.0884 -0.056917
0.1382 -0.085905
0.1725 -0.103883
0.1909 -0.111797
0.1971 -0.107168
0.1960 -0.096739
0.1900 -0.085857
0.1806 -0.075413
0.1691 -0.065779
0.1562 -0.055451
0.1430 -0.042018
0.1296 -0.031516
0.1156 -0.023263
0.1006 -0.016750
0.0840 -0.011582
0.0651 -0.007433
0.0425 -0.004024
0.0137 -0.001094
-0.0255 0.001613
-0.0808 0.004279
-0.1526 0.006711
-0.2285 0.008331
-0.2953 0.008921
-0.3488 0.008727
-0.3900 0.008079
-0.4212 0.007222
-0.4444 0.006308
-0.4616 0.005423
-0.4741 0.004610
-0.4831 0.003888
-0.4894 0.003260
-0.4938 0.002722
-0.4965 0.002266
-0.4979 0.001880
-0.4980 0.001557
-0.4970 0.001286
-0.4951 0.001060
-0.4923 0.000873
-0.4888 0.000717
-0.4850 0.000589
-0.4621 0.116011
-0.4395 0.110241
-0.4201 0.105325
-0.4037 0.101156
-0.3897 0.097612
-0.3776 0.094547
-0.3668 0.091838
-0.3520 0.176189
-0.3282 0.164255
-0.3081 0.154192
-0.2910 0.145595
-0.2761 0.138163
-0.2632 0.131671
-0.2517 0.125943
-0.2415 0.120834
-0.2323 0.116227
-0.2244 0.105610
-0.2188 0.094981
-0.2149 0.086760
-0.2124 0.080359
-0.2110 0.075372
-0.2106 0.071511
-0.2111 0.068564
-0.2124 0.066367
-0.2144 0.064787
-0.2115 0.115022
-0.1999 0.157313
-0.1845 0.139681
-0.1718 0.122750
-0.1609 0.109321
-0.1515 0.098441
-0.1431 0.089465
-0.1355 0.081926
-0.1285 0.075466
-0.1218 0.069803
-0.1154 0.064715
-0.1089 0.060019
-0.1024 0.055559
-0.0955 0.051187
-0.0882 0.046752
-0.0801 0.042078
-0.0709 0.036950
-0.0600 0.031077
-0.0466 0.024067
-0.0299 0.014564
-0.0088 0.003999
0.0181 -0.006705
0.0507 -0.015706
0.0862 -0.022124
0.1188 -0.025263
0.1440 -0.025339
0.1600 -0.023306
0.1676 -0.020201
0.1684 -0.016789
0.1640 -0.013525
0.1558 -0.010628
0.1448 -0.008172
0.1317 -0.006149
0.1168 -0.004512
0.1002 -0.003201
0.0814 -0.002152
0.0595 -0.001304
0.0328 -0.000598
-0.0021 0.000025
-0.0509 0.000621
-0.1184 0.001200
-0.1971 0.001658
-0.2711 0.001888
-0.3319 0.001913
-0.3788 0.001807
-0.4142 0.001634
-0.4403 0.001437
-0.4593 0.001240
-0.4727 0.001056
-0.4817 0.000890
-0.4873 0.000745
-0.4905 0.000620
-0.4919 0.000514
-0.4923 0.000426
-0.4919 0.000352
-0.4911 0.000290
-0.4897 0.000240
-0.4795 0.120126
-0.4566 0.114344
-0.4371 0.109427
-0.4204 0.105223
-0.4061 0.101637
-0.3939 0.098560
-0.3832 0.095880
-0.3737 0.093499
-0.3652 0.091348
-0.3573 0.089378
-0.3501 0.087555
-0.3433 0.085855
-0.3369 0.084260
-0.3309 0.082753
-0.3252 0.079728
-0.3213 0.065777
-0.3196 0.054634
-0.3194 0.045605
-0.3117 0.115154
-0.3000 0.104905
-0.2906 0.096832
-0.2830 0.090410
-0.2768 0.085264
-0.2718 0.081122
-0.2678 0.077785
-0.2646 0.075099
-0.2622 0.072943
-0.2514 0.131716
-0.2388 0.124177
-0.2278 0.117684
-0.2180 0.112014
-0.2091 0.107006
-0.2011 0.102538
-0.1938 0.098505
-0.1871 0.094823
-0.1808 0.091430
-0.1749 0.088281
-0.1697 0.080253
-0.1663 0.072215
-0.1645 0.066179
-0.1642 0.061725
-0.1654 0.058555
-0.1679 0.056442
-0.1719 0.055212
-0.1772 0.054721
-0.1837 0.054842
-0.1911 0.055458
-0.1997 0.051087
-0.2105 0.044509
-0.2231 0.039016
-0.2373 0.034313
-0.2526 0.030196
-0.2684 0.026525
-0.2840 0.023212
-0.2991 0.020212
-0.3132 0.017500
-0.3261 0.015067
-0.3377 0.012901
-0.3479 0.010992
-0.3569 0.009324
-0.3647 0.007878
-0.3714 0.006634
-0.3772 0.005570
-0.3820 0.004665
-0.3858 0.003895
-0.3837 0.099182
-0.3681 0.094609
-0.3540 0.090558
-0.3412 0.086951
-0.3298 0.083760
-0.3196 0.080965
-0.3107 0.078526
-0.3028 0.076392
-0.2958 0.074514
-0.2896 0.072845
-0.2839 0.071350
-0.2788 0.069999
-0.2741 0.068767
-0.2627 0.131613
-0.2469 0.123676
-0.2328 0.116590
-0.2201 0.110209
-0.2094 0.096666
-0.2012 0.085855
-0.1950 0.077505
-0.1903 0.071014
-0.1869 0.065955
-0.1846 0.062019
-0.1828 0.104590
-0.1731 0.096975
-0.1639 0.090187
-0.1549 0.083986
-0.1462 0.075293
-0.1386 0.065290
-0.1319 0.057321
-0.1260 0.050927
-0.1208 0.045774
-0.1164 0.041617
-0.1126 0.038273
-0.1096 0.035612
-0.1073 0.033549
-0.1060 0.032031
-0.0998 0.054275
-0.0934 0.050116
-0.0865 0.045933
-0.0790 0.041572
-0.0706 0.036846
-0.0608 0.031513
-0.0490 0.024214
-0.0348 0.015763
-0.0171 0.007186
0.0054 -0.002009
0.0332 -0.011981
0.0647 -0.022168
0.0956 -0.031265
0.1211 -0.038009
0.1384 -0.041936
0.1474 -0.043329
0.1493 -0.042777
0.1458 -0.040862
0.1382 -0.038040
0.1281 -0.030646
0.1165 -0.023048
0.1034 -0.016924
0.0886 -0.011998
0.0716 -0.008021
0.0513 -0.004765
0.0261 -0.002014
-0.0076 0.000452
-0.0549 0.002837
-0.1199 0.005148
-0.1957 0.006963
-0.2673 0.007876
-0.3268 0.007967
-0.3733 0.007530
-0.4088 0.006821
-0.4355 0.006010
-0.4553 0.005196
-0.4697 0.004433
-0.4799 0.003745
-0.4867 0.003141
-0.4909 0.002619
-0.4930 0.002175
-0.4922 0.124900
-0.4702 0.119019
-0.4521 0.114183
-0.4369 0.110153
-0.4238 0.106704
-0.4122 0.103655
-0.4016 0.100896
-0.3919 0.098371
-0.3713 0.186057
-0.3485 0.174565
-0.3295 0.165001
-0.3135 0.156959
-0.3000 0.150148
-0.2884 0.144319
-0.2783 0.139258
-0.2694 0.134793
-0.2614 0.130796
-0.2542 0.127170
-0.2476 0.123065
-0.2425 0.110684
-0.2395 0.101158
-0.2381 0.093769
-0.2378 0.088013
-0.2384 0.083518
-0.2397 0.078311
-0.2408 0.125929
-0.2344 0.112054
-0.2304 0.101474
-0.2282 0.093334
-0.2261 0.143120
-0.2158 0.131843
-0.2072 0.122829
-0.2001 0.115546
-0.1941 0.109619
-0.1891 0.104789
-0.1850 0.100874
-0.1818 0.097735
-0.1792 0.095255
-0.1774 0.093336
-0.1761 0.091900
-0.1754 0.090885
-0.1751 0.090241
-0.1754 0.089933
-0.1761 0.089929
-0.1773 0.090204
-0.1788 0.090228
-0.1817 0.083657
-0.1863 0.078999
-0.1925 0.075805
-0.1998 0.073725
-0.2089 0.063988
-0.2204 0.055800
-0.2336 0.048918
-0.2483 0.042984
-0.2636 0.037742
-0.2790 0.033028
-0.2937 0.028756
-0.3074 0.024890
-0.3199 0.021418
-0.3311 0.018328
-0.3409 0.015608
-0.3496 0.013234
-0.3571 0.011180
-0.3637 0.009416
-0.3695 0.007909
-0.3653 0.097817
-0.3537 0.093619
-0.3437 0.090105
-0.3352 0.087157
-0.3279 0.084689
-0.3216 0.082601
-0.3160 0.080787
-0.3108 0.079164
-0.3059 0.077679
-0.3013 0.076301
-0.2969 0.075017
-0.2927 0.073819
-0.2887 0.072704
-0.2849 0.071668
-0.2814 0.070710
-0.2781 0.069822
-0.2750 0.068996
-0.2721 0.068222
-0.2695 0.062410
-0.2689 0.051990
-0.2700 0.043600
-0.2726 0.036752
-0.2762 0.031098
-0.2786 0.095886
-0.2703 0.088814
-0.2633 0.083112
-0.2575 0.078486
-0.2526 0.074729
-0.2487 0.071681
-0.2455 0.069218
-0.2430 0.067239
-0.2412 0.065659
-0.2398 0.064407
-0.2389 0.063427
-0.2379 0.122072
-0.2244 0.170868
-0.2036 0.154715
-0.1849 0.140222
-0.1674 0.126754
-0.1505 0.113775
-0.1334 0.100783
-0.1160 0.083141
-0.0978 0.066654
-0.0774 0.050464
-0.0526 0.033094
-0.0208 0.012807
0.0207 -0.011862
0.0701 -0.039857
0.1179 -0.065894
0.1541 -0.084725
0.1756 -0.095189
0.1845 -0.098814
0.1843 -0.097665
0.1781 -0.091500
0.1688 -0.079075
0.1583 -0.061993
0.1475 -0.047760
0.1359 -0.036409
0.1234 -0.027355
0.1098 -0.020137
0.0947 -0.014379
0.0777 -0.009766
0.0579 -0.006026
0.0337 -0.002909
0.0021 -0.000173
-0.0418 0.002422
-0.1030 0.004967
-0.1778 0.007111
-0.2515 0.008333
-0.3138 0.008608
-0.3628 0.008238
-0.4004 0.007523
-0.4290 0.006669
-0.4506 0.005796
-0.4669 0.004969
-0.4788 0.004216
-0.4873 0.003550
-0.4931 0.002971
-0.4965 0.002475
-0.4982 0.002055
-0.4985 0.001701
-0.4977 0.001405
-0.4960 0.001158
-0.4937 0.000954
-0.4907 0.000784
-0.4872 0.000644
-0.4834 0.000529
-0.4792 0.000434
-0.4748 0.000355
-0.4703 0.000291
-0.4659 0.000239
-0.4615 0.000196
-0.4572 0.000160
-0.4530 0.000131
-0.4487 0.000108
-0.4443 0.000088
-0.4400 0.000072
-0.4357 0.000059
-0.4315 0.000049
-0.4273 0.000040
-0.4232 0.000033
-0.4192 0.000027
-0.4151 0.000022
-0.4112 0.000018
-0.4073 0.000015
-0.4016 0.100460
-0.3796 0.094957
-0.3605 0.090170
-0.3351 0.167726
-0.3064 0.153338
-0.2820 0.141111
-0.2609 0.130540
-0.2422 0.121208
-0.2254 0.112777
-0.2099 0.105001
-0.1953 0.097707
-0.1814 0.090755
-0.1679 0.084011
-0.1545 0.077321
-0.1408 0.070487
-0.1264 0.063253
-0.1103 0.055252
-0.0917 0.045936
-0.0686 0.034434
-0.0384 0.019361
0.0026 -0.001001
0.0561 -0.021533
0.1149 -0.036851
0.1651 -0.044103
0.1992 -0.044311
0.2179 -0.040330
0.2245 -0.034560
0.2224 -0.028476
0.2144 -0.022838
0.2027 -0.017956
0.1887 -0.013898
0.1732 -0.010610
0.1567 -0.007987
0.1387 -0.040627
0.1151 -0.032884
0.0918 -0.025692
0.0673 -0.018538
0.0398 -0.010833
0.0061 -0.001739
-0.0383 0.009963
-0.0977 0.025388
-0.1681 0.043473
-0.2358 0.060701
-0.2914 0.074687
-0.3334 0.085127
-0.3638 0.092582
-0.3852 0.097732
-0.3996 0.101150
-0.4088 0.103269
-0.4140 0.104410
-0.4162 0.104807
-0.4160 0.103075
-0.4161 0.085249
-0.4176 0.070736
-0.4200 0.058818
-0.4229 0.048975
-0.4262 0.040805
-0.4295 0.034000
-0.4326 0.028316
-0.4354 0.023564
-0.4377 0.019589
-0.4396 0.016266
-0.4409 0.013492
-0.4418 0.011178
-0.4422 0.009250
-0.4421 0.007648
-0.4417 0.006317
-0.4409 0.005214
-0.4397 0.004300
-0.4383 0.003544
-0.4367 0.002920
-0.4349 0.002404
-0.4330 0.001979
-0.4310 0.001629
-0.4288 0.001340
-0.4267 0.001102
-0.4244 0.000907
-0.4220 0.000745
-0.4192 0.000612
-0.4162 0.000503
-0.4128 0.000412
-0.4052 0.101682
-0.3836 0.096200
-0.3649 0.091472
-0.3489 0.087416
-0.3353 0.083994
-0.3133 0.156881
-0.2906 0.145456
-0.2711 0.135716
-0.2542 0.127204
-0.2390 0.119602
-0.2252 0.112686
-0.2124 0.106293
-0.2004 0.100297
-0.1891 0.094595
-0.1781 0.089091
-0.1673 0.083694
-0.1565 0.078303
-0.1457 0.069462
-0.1355 0.059541
-0.1256 0.051262
-0.1159 0.039867
-0.1066 0.030619
-0.0970 0.023283
-0.0866 0.017353
-0.0743 0.012442
-0.0588 0.008230
-0.0378 0.004438
-0.0081 0.000822
0.0339 -0.002714
0.0865 -0.005841
0.1392 -0.007866
0.1802 -0.008520
0.2058 -0.008135
0.2175 -0.007184
0.2185 -0.006031
0.2121 -0.004890
0.2009 -0.003868
0.1866 -0.003001
0.1705 -0.002291
0.1534 -0.001721
0.1354 -0.001269
0.1142 -0.029509
0.0893 -0.022984
0.0633 -0.016237
0.0338 -0.008688
-0.0026 0.000548
-0.0509 0.012751
-0.1112 0.055588
-0.1755 0.087829
-0.2328 0.116574
-0.2773 0.138877
-0.3092 0.154867
-0.3310 0.165752
-0.3451 0.172799
-0.3536 0.177044
-0.3581 0.179269
-0.3597 0.180045
-0.3592 0.179784
-0.3573 0.178783
-0.3543 0.177258
-0.3505 0.175364
-0.3462 0.172074
-0.3432 0.155890
-0.3420 0.143230
-0.3321 0.212439
-0.3197 0.196795
-0.3117 0.172100
-0.3076 0.153736
-0.3061 0.139750
-0.3064 0.128892
-0.3076 0.120317
-0.3094 0.113440
-0.3113 0.107851
-0.3131 0.103256
-0.3147 0.099442
-0.3161 0.096250
-0.3171 0.093558
-0.3177 0.091269
-0.3180 0.089307
-0.3180 0.087607
-0.3177 0.086121
-0.3173 0.080001
-0.3185 0.067025
-0.3214 0.056433
-0.3253 0.047666
-0.3298 0.040336
-0.3347 0.034167
-0.3399 0.028954
-0.3451 0.024537
-0.3503 0.020786
-0.3553 0.017596
-0.3600 0.014882
-0.3644 0.012571
-0.3683 0.010605
-0.3718 0.008934
-0.3748 0.007516
-0.3772 0.006315
-0.3792 0.005299
-0.3808 0.004441
-0.3819 0.003718
-0.3826 0.003109
-0.3829 0.002597
-0.3829 0.002167
-0.3826 0.001807
-0.3821 0.001507
-0.3816 0.001256
-0.3809 0.001046
-0.3802 0.000872
-0.3794 0.000726
-0.3786 0.000605
-0.3777 0.000504
-0.3768 0.000419
-0.3681 0.092422
-0.3509 0.088043
-0.3360 0.084249
-0.3229 0.080935
-0.3113 0.077998
-0.3008 0.075338
-0.2911 0.072885
-0.2821 0.070609
-0.2737 0.068509
-0.2661 0.066585
-0.2591 0.064839
-0.2529 0.063266
-0.2449 0.122585
-0.2200 0.165225
-0.1952 0.146580
-0.1722 0.129364
-0.1501 0.112715
-0.1257 0.126033
-0.0948 0.095129
-0.0595 0.059858
-0.0162 0.016073
0.0370 -0.033712
0.0939 -0.083790
0.1411 -0.122794
0.1712 -0.145778
0.1857 -0.155127
0.1888 -0.155129
0.1844 -0.149384
0.1754 -0.140366
0.1636 -0.129615
0.1505 -0.112326
0.1382 -0.089710
0.1269 -0.068380
0.1161 -0.051879
0.1049 -0.038891
0.0928 -0.028557
0.0793 -0.020262
0.0638 -0.013532
0.0452 -0.007969
0.0218 -0.003211
-0.0095 0.001103
-0.0534 0.005301
-0.1137 0.009410
-0.1852 0.012746
-0.2544 0.014549
-0.3128 0.014857
-0.3589 0.014158
-0.3944 0.012917
-0.4213 0.011455
-0.4415 0.009965
-0.4566 0.008553
-0.4676 0.007271
-0.4755 0.006138
-0.4810 0.005153
-0.4846 0.004310
-0.4867 0.003594
-0.4877 0.002989
-0.4878 0.002482
-0.4872 0.002058
-0.4859 0.001704
-0.4840 0.001409
-0.4816 0.001164
-0.4785 0.000960
-0.4748 0.000791
-0.4706 0.000651
-0.4661 0.000535
-0.4615 0.000440
-0.4568 0.000362
-0.4522 0.000297
-0.4477 0.000244
-0.4433 0.000201
-0.4391 0.000165
-0.4351 0.000136
-0.4313 0.000112
-0.4277 0.000092
-0.4242 0.000076
-0.4208 0.000063
-0.4176 0.000052
-0.4144 0.000043
-0.4112 0.000035
-0.4080 0.000029
-0.4049 0.000024
-0.3911 0.097838
-0.3708 0.092762
-0.3530 0.088304
-0.3374 0.084400
-0.3240 0.081025
-0.3123 0.078111
-0.3022 0.075565
-0.2931 0.073291
-0.2847 0.071208
-0.2770 0.069273
-0.2698 0.067476
-0.2632 0.065821
-0.2572 0.064310
-0.2517 0.062946
-0.2468 0.061723
-0.2425 0.060637
-0.2297 0.114938
-0.2156 0.107870
-0.2026 0.101367
-0.1911 0.088795
-0.1815 0.077936
-0.1736 0.069382
-0.1668 0.062573
-0.1611 0.057114
-0.1563 0.052718
-0.1523 0.049176
-0.1491 0.046337
-0.1466 0.044095
-0.1449 0.042383
-0.1442 0.041168
-0.1447 0.040442
-0.1464 0.040206
-0.1495 0.040457
-0.1542 0.041190
-0.1551 0.079787
-0.1540 0.076283
-0.1544 0.069964
-0.1567 0.065492
-0.1607 0.062483
-0.1662 0.060640
-0.1731 0.059724
-0.1812 0.059537
-0.1902 0.059912
-0.1999 0.060696
-0.2097 0.061745
-0.2195 0.062934
-0.2289 0.064165
-0.2376 0.065376
-0.2457 0.066526
-0.2530 0.067594
-0.2595 0.068569
-0.2653 0.069442
-0.2703 0.070212
-0.2751 0.063458
-0.2812 0.053634
-0.2884 0.045470
-0.2961 0.038601
-0.3041 0.032775
-0.3120 0.027807
-0.3197 0.023560
-0.3270 0.019928
-0.3340 0.016826
-0.3405 0.014184
-0.3466 0.011939
-0.3524 0.010037
-0.3579 0.008428
-0.3631 0.007069
-0.3680 0.005925
-0.3732 0.004968
-0.3788 0.004169
-0.3846 0.003500
-0.3903 0.002937
-0.3954 0.002460
-0.3861 0.098540
-0.3728 0.094813
-0.3608 0.091494
-0.3498 0.088499
-0.3397 0.085775
-0.3304 0.083285
-0.3218 0.080999
-0.3035 0.152257
-0.2832 0.142020
-0.2654 0.133052
-0.2497 0.125106
-0.2356 0.118002
-0.2228 0.111563
-0.2109 0.105620
-0.1998 0.100030
-0.1891 0.094671
-0.1787 0.089442
-0.1683 0.084250
-0.1578 0.079003
-0.1471 0.073604
-0.1357 0.067936
-0.1235 0.061834
-0.1099 0.055050
-0.0942 0.047193
-0.0751 0.037469
-0.0508 0.023353
-0.0187 0.007639
0.0249 -0.008164
0.0790 -0.021952
0.1333 -0.031048
0.1742 -0.077417
0.1868 -0.123830
0.1887 -0.120062
0.1841 -0.113035
0.1753 -0.104378
0.1639 -0.095034
0.1509 -0.085496
0.1367 -0.075984
0.1217 -0.066539
0.1058 -0.057084
0.0890 -0.047446
0.0707 -0.037339
0.0502 -0.026325
0.0262 -0.013703
-0.0035 0.001632
-0.0418 0.021240
-0.0912 0.046320
-0.1485 0.075314
-0.2043 0.103439
-0.2508 0.126783
-0.2864 0.135069
-0.3154 0.123051
-0.3400 0.109683
-0.3607 0.096249
-0.3784 0.083488
-0.3934 0.071778
-0.4061 0.061279
-0.4169 0.052018
-0.4259 0.043948
-0.4334 0.036981
-0.4395 0.031012
-0.4443 0.025929
-0.4481 0.021623
-0.4509 0.017991
-0.4528 0.014940
-0.4539 0.012385
-0.4543 0.010251
-0.4542 0.008474
-0.4536 0.006998
-0.4527 0.005776
-0.4516 0.004765
-0.4505 0.003930
-0.4494 0.003242
-0.4484 0.002675
-0.4474 0.002207
-0.4462 0.001820
-0.4448 0.001501
-0.4277 0.108159
-0.4079 0.102944
-0.3906 0.098434
-0.3755 0.094495
-0.3621 0.091020
-0.3501 0.087920
-0.3392 0.085125
-0.3293 0.082587
-0.3202 0.080274
-0.3119 0.078161
-0.3043 0.076231
-0.2974 0.074466
-0.2910 0.072852
-0.2852 0.071372
-0.2798 0.070013
-0.2748 0.068760
-0.2702 0.067602
-0.2660 0.066528
-0.2622 0.060589
