-0.0018 0.005638
-0.0070 0.021684
-0.0125 0.036988
-0.0182 0.051862
-0.0241 0.066384
-0.0301 0.079438
-0.0377 0.082232
-0.0483 0.087152
-0.0626 0.093461
-0.0815 0.100554
-0.1054 0.107538
-0.1340 0.113076
-0.1658 0.115710
-0.1985 0.114568
-0.2299 0.109773
-0.2588 0.102190
-0.2846 0.092913
-0.3071 0.082911
-0.3265 0.072903
-0.3432 0.063358
-0.3573 0.054549
-0.3692 0.046608
-0.3791 0.039573
-0.3873 0.033425
-0.3939 0.028107
-0.3991 0.023547
-0.4030 0.019662
-0.4059 0.016374
-0.4078 0.013602
-0.4089 0.011276
-0.4092 0.009330
-0.4089 0.007708
-0.4080 0.006360
-0.4066 0.005240
-0.4048 0.004314
-0.4026 0.003547
-0.4002 0.002915
-0.3975 0.002394
-0.3945 0.001965
-0.3914 0.001612
-0.3882 0.001321
-0.3848 0.001083
-0.3814 0.000888
-0.3779 0.000727
-0.3745 0.000596
-0.3710 0.000488
-0.3675 0.000400
-0.3641 0.000327
-0.3608 0.000268
-0.3575 0.000220
-0.3544 0.000180
-0.3515 0.000148
-0.3488 0.000121
-0.3464 0.000100
-0.3443 0.000082
-0.3428 0.000067
-0.2450 0.566100
-0.1556 0.359668
-0.0879 0.203586
-0.0263 0.061821
0.0326 -0.073651
0.0805 -0.184156
0.1100 -0.252467
0.1228 -0.282245
0.1242 -0.285815
0.1004 -0.463753
0.0671 -0.309763
0.0476 -0.219576
0.0344 -0.158644
0.0245 -0.113280
0.0171 -0.073148
0.0114 -0.044737
0.0062 -0.022628
0.0011 -0.003934
-0.0040 0.012799
-0.0094 0.028461
-0.0149 0.043558
-0.0207 0.058281
-0.0267 0.072647
-0.0331 0.080284
-0.0419 0.084160
-0.0541 0.089780
-0.0704 0.096530
-0.0915 0.103719
-0.1176 0.110253
-0.1479 0.114669
-0.1803 0.115680
-0.2127 0.112848
-0.2431 0.106684
-0.2707 0.098217
-0.2950 0.088512
-0.3161 0.078435
-0.3343 0.068587
-0.3498 0.059345
-0.3629 0.050911
-0.3739 0.043372
-0.3830 0.036736
-0.3904 0.030965
-0.3964 0.025993
-0.4010 0.021743
-0.4045 0.018133
-0.4069 0.015083
-0.4084 0.012518
-0.4091 0.010368
-0.4092 0.008573
-0.4086 0.007078
-0.4075 0.005837
-0.4059 0.004807
-0.4039 0.003955
-0.4016 0.003252
-0.3990 0.002671
-0.3962 0.002193
-0.3932 0.001799
-0.3900 0.001476
-0.3867 0.001210
-0.3833 0.000992
-0.3799 0.000812
-0.3764 0.000666
-0.3729 0.000545
-0.3694 0.000447
-0.3660 0.000366
-0.3626 0.000300
-0.3593 0.000246
-0.3561 0.000201
-0.3531 0.000165
-0.3503 0.000135
-0.3477 0.000111
-0.3454 0.000091
-0.3436 0.000075
-0.3152 0.728307
-0.2015 0.465520
-0.1243 0.287553
-0.0605 0.140600
0.0003 0.000770
0.0557 -0.126868
0.0958 -0.219635
0.1174 -0.269645
0.1245 -0.286369
0.1225 -0.281935
0.0833 -0.384731
0.0575 -0.265346
0.0412 -0.190347
0.0298 -0.137312
0.0210 -0.094178
0.0145 -0.059565
0.0090 -0.034428
0.0039 -0.014044
-0.0012 0.003660
-0.0064 0.019842
-0.0118 0.035219
-0.0175 0.050144
-0.0234 0.064717
-0.0294 0.078913
-0.0366 0.081870
-0.0468 0.086567
-0.0607 0.092731
-0.0790 0.099761
-0.1022 0.106817
-0.1303 0.112608
-0.1618 0.115656
-0.1945 0.114981
-0.2262 0.110589
-0.2555 0.103282
-0.2816 0.094149
-0.3045 0.084187
-0.3243 0.074145
-0.3413 0.064520
-0.3557 0.055608
-0.3679 0.047553
-0.3780 0.040405
-0.3864 0.034148
-0.3932 0.028729
-0.3985 0.024078
-0.4026 0.020114
-0.4056 0.016755
-0.4077 0.013923
-0.4088 0.011545
-0.4092 0.009555
-0.4090 0.007895
-0.4081 0.006515
-0.4068 0.005369
-0.4051 0.004420
-0.4029 0.003635
-0.4005 0.002988
-0.3978 0.002454
-0.3949 0.002014
-0.3918 0.001652
-0.3886 0.001355
-0.3853 0.001110
-0.3818 0.000910
-0.3784 0.000746
-0.3749 0.000611
-0.3714 0.000500
-0.3680 0.000410
-0.3645 0.000336
-0.3612 0.000275
-0.3579 0.000225
-0.3548 0.000185
-0.3519 0.000151
-0.3491 0.000124
-0.3467 0.000102
-0.3446 0.000084
-0.3430 0.000069
-0.2585 0.597225
-0.1648 0.380820
-0.0955 0.221142
-0.0336 0.078661
0.0259 -0.058179
0.0756 -0.172998
0.1074 -0.246554
0.1220 -0.280343
0.1245 -0.286435
0.1065 -0.492252
0.0703 -0.324690
0.0496 -0.228878
0.0358 -0.165132
0.0256 -0.118214
0.0179 -0.077259
0.0120 -0.047676
0.0068 -0.024975
0.0017 -0.005948
-0.0034 0.010971
-0.0087 0.026728
-0.0143 0.041873
-0.0201 0.056632
-0.0260 0.071037
-0.0322 0.080270
-0.0407 0.083785
-0.0524 0.089168
-0.0680 0.095770
-0.0884 0.102927
-0.1138 0.109607
-0.1436 0.114373
-0.1760 0.115871
-0.2084 0.113527
-0.2392 0.107744
-0.2671 0.099512
-0.2918 0.089910
-0.3134 0.079836
-0.3319 0.069925
-0.3478 0.060581
-0.3612 0.052027
-0.3725 0.044361
-0.3818 0.037601
-0.3895 0.031714
-0.3956 0.026636
-0.4004 0.022291
-0.4040 0.018597
-0.4066 0.015475
-0.4082 0.012846
-0.4091 0.010643
-0.4092 0.008803
-0.4087 0.007269
-0.4076 0.005995
-0.4061 0.004938
-0.4042 0.004064
-0.4019 0.003341
-0.3994 0.002745
-0.3966 0.002254
-0.3936 0.001849
-0.3904 0.001517
-0.3872 0.001244
-0.3838 0.001019
-0.3804 0.000835
-0.3769 0.000684
-0.3734 0.000561
-0.3699 0.000459
-0.3665 0.000376
-0.3631 0.000308
-0.3598 0.000252
-0.3566 0.000207
-0.3535 0.000170
-0.3507 0.000139
-0.3481 0.000114
-0.3458 0.000094
-0.3439 0.000077
-0.3316 0.766358
-0.2117 0.489102
-0.1319 0.305060
-0.0674 0.156345
-0.0064 0.016045
0.0501 -0.114032
0.0923 -0.211504
0.1158 -0.265969
0.1243 -0.285752
0.1231 -0.283166
0.0873 -0.403267
0.0598 -0.276014
0.0428 -0.197433
0.0309 -0.142501
0.0218 -0.099038
0.0151 -0.062777
0.0096 -0.036881
0.0045 -0.016093
-0.0006 0.001840
-0.0058 0.018144
-0.0112 0.033579
-0.0169 0.048536
-0.0227 0.063136
-0.0287 0.077364
-0.0356 0.081539
-0.0455 0.085993
-0.0588 0.091995
-0.0765 0.098945
-0.0992 0.106045
-0.1268 0.112056
-0.1580 0.115489
-0.1907 0.115271
-0.2225 0.111286
-0.2521 0.104268
-0.2786 0.095296
-0.3019 0.085388
-0.3221 0.075325
-0.3394 0.065632
-0.3541 0.056625
-0.3665 0.048465
-0.3769 0.041208
-0.3855 0.034847
-0.3924 0.029333
-0.3979 0.024595
-0.4022 0.020553
-0.4053 0.017126
-0.4075 0.014235
-0.4087 0.011807
-0.4092 0.009774
-0.4090 0.008078
-0.4083 0.006667
-0.4070 0.005495
-0.4053 0.004524
-0.4032 0.003722
-0.4008 0.003059
-0.3982 0.002512
-0.3953 0.002062
-0.3922 0.001692
-0.3890 0.001387
-0.3857 0.001137
-0.3823 0.000932
-0.3788 0.000764
-0.3753 0.000626
-0.3719 0.000512
-0.3684 0.000420
-0.3650 0.000344
-0.3616 0.000282
-0.3584 0.000231
-0.3552 0.000189
-0.3523 0.000155
-0.3495 0.000127
-0.3470 0.000104
-0.3449 0.000086
-0.3432 0.000071
-0.2692 0.621964
-0.1719 0.397334
-0.1014 0.234598
-0.0392 0.091499
0.0206 -0.046145
0.0717 -0.163994
0.1053 -0.241555
0.1212 -0.278526
0.1246 -0.286657
0.1116 -0.516060
0.0729 -0.336819
0.0512 -0.236298
0.0369 -0.170241
0.0264 -0.122058
0.0185 -0.080462
0.0125 -0.049995
0.0072 -0.026840
0.0021 -0.007546
-0.0030 0.009535
-0.0083 0.025384
-0.0138 0.040586
-0.0196 0.055393
-0.0255 0.069848
-0.0316 0.080181
-0.0398 0.083482
-0.0512 0.088727
-0.0665 0.095244
-0.0865 0.102385
-0.1115 0.109156
-0.1410 0.114143
-0.1731 0.115954
-0.2057 0.113932
-0.2366 0.108407
-0.2648 0.100336
-0.2898 0.090808
-0.3116 0.080741
-0.3304 0.070793
-0.3465 0.061385
-0.3601 0.052754
-0.3716 0.045007
-0.3811 0.038167
-0.3889 0.032203
-0.3951 0.027056
-0.4001 0.022649
-0.4038 0.018901
-0.4064 0.015731
-0.4082 0.013062
-0.4091 0.010824
-0.4092 0.008953
-0.4088 0.007394
-0.4078 0.006099
-0.4063 0.005024
-0.4044 0.004135
-0.4022 0.003400
-0.3996 0.002793
-0.3969 0.002294
-0.3939 0.001882
-0.3908 0.001544
-0.3875 0.001266
-0.3841 0.001037
-0.3807 0.000850
-0.3772 0.000697
-0.3737 0.000571
-0.3703 0.000467
-0.3668 0.000383
-0.3634 0.000314
-0.3601 0.000257
-0.3569 0.000211
-0.3538 0.000173
-0.3510 0.000142
-0.3483 0.000116
-0.3460 0.000095
-0.3441 0.000078
-0.3427 0.000065
-0.2194 0.506933
-0.1376 0.318053
-0.0724 0.167862
-0.0112 0.027253
0.0459 -0.104380
0.0896 -0.205191
0.1145 -0.262980
0.1240 -0.285098
0.1234 -0.283938
0.0906 -0.418573
0.0616 -0.284556
0.0440 -0.202965
0.0317 -0.146462
0.0224 -0.102666
0.0156 -0.065186
0.0100 -0.038715
0.0049 -0.017599
-0.0002 0.000539
-0.0054 0.016969
-0.0108 0.032480
-0.0165 0.047492
-0.0223 0.062142
-0.0283 0.076423
-0.0351 0.081446
-0.0447 0.085740
-0.0577 0.091635
-0.0751 0.098528
-0.0974 0.105646
-0.1246 0.111781
-0.1556 0.115444
-0.1882 0.115507
-0.2202 0.111778
-0.2500 0.104943
-0.2767 0.096072
-0.3002 0.086196
-0.3206 0.076118
-0.3381 0.066378
-0.3530 0.057307
-0.3656 0.049076
-0.3762 0.041747
-0.3849 0.035317
-0.3919 0.029738
-0.3976 0.024941
-0.4019 0.020848
-0.4051 0.017375
-0.4073 0.014445
-0.4087 0.011982
-0.4092 0.009921
-0.4091 0.008200
-0.4084 0.006768
-0.4071 0.005579
-0.4055 0.004594
-0.4034 0.003779
-0.4010 0.003106
-0.3984 0.002551
-0.3955 0.002094
-0.3925 0.001718
-0.3893 0.001409
-0.3860 0.001155
-0.3826 0.000947
-0.3791 0.000776
-0.3756 0.000635
-0.3722 0.000521
-0.3687 0.000426
-0.3653 0.000349
-0.3619 0.000286
-0.3586 0.000234
-0.3555 0.000192
-0.3525 0.000158
-0.3497 0.000129
-0.3472 0.000106
-0.3451 0.000087
-0.3434 0.000072
-0.2790 0.644735
-0.1784 0.412285
-0.1065 0.246545
-0.0441 0.102768
0.0160 -0.035506
0.0682 -0.155878
0.1033 -0.236965
0.1204 -0.276808
0.1247 -0.286792
0.1161 -0.536829
0.0752 -0.347334
0.0526 -0.242772
0.0379 -0.174756
0.0272 -0.125500
0.0190 -0.083465
0.0129 -0.052112
0.0076 -0.028517
0.0025 -0.008971
-0.0026 0.008258
-0.0079 0.024188
-0.0134 0.039435
-0.0191 0.054273
-0.0250 0.068758
-0.0311 0.080083
-0.0391 0.083181
-0.0502 0.088295
-0.0651 0.094729
-0.0847 0.101847
-0.1093 0.108692
-0.1385 0.113874
-0.1705 0.115972
-0.2031 0.114253
-0.2343 0.108974
-0.2627 0.101063
-0.2880 0.091613
-0.3100 0.081559
-0.3290 0.071582
-0.3453 0.062119
-0.3591 0.053419
-0.3707 0.045599
-0.3804 0.038686
-0.3883 0.032654
-0.3947 0.027443
-0.3997 0.022980
-0.4035 0.019181
-0.4063 0.015967
-0.4081 0.013260
-0.4090 0.010990
-0.4092 0.009092
-0.4088 0.007510
-0.4079 0.006195
-0.4064 0.005104
-0.4046 0.004201
-0.4024 0.003454
-0.3999 0.002838
-0.3971 0.002331
-0.3942 0.001913
-0.3910 0.001569
-0.3878 0.001286
-0.3844 0.001054
-0.3810 0.000864
-0.3775 0.000708
-0.3740 0.000580
-0.3706 0.000475
-0.3671 0.000389
-0.3637 0.000319
-0.3604 0.000261
-0.3572 0.000214
-0.3541 0.000175
-0.3512 0.000144
-0.3485 0.000118
-0.3462 0.000097
-0.3442 0.000080
-0.3427 0.000066
-0.2294 0.529888
-0.1447 0.334452
-0.0786 0.182140
-0.0173 0.041106
0.0406 -0.092248
0.0860 -0.197074
0.1128 -0.259040
0.1236 -0.284141
0.1238 -0.284810
0.0946 -0.437103
0.0639 -0.294897
0.0454 -0.209729
0.0328 -0.151374
0.0233 -0.107469
0.0162 -0.068296
0.0106 -0.041064
0.0054 -0.019546
0.0003 -0.001174
-0.0049 0.015387
-0.0103 0.030968
-0.0159 0.046022
-0.0217 0.060711
-0.0277 0.075035
-0.0343 0.081159
-0.0436 0.085255
-0.0563 0.091019
-0.0732 0.097843
-0.0949 0.104986
-0.1217 0.111284
-0.1524 0.115254
-0.1850 0.115698
-0.2171 0.112323
-0.2472 0.105748
-0.2742 0.097028
-0.2981 0.087211
-0.3187 0.077122
-0.3365 0.067330
-0.3517 0.058181
-0.3645 0.049860
-0.3752 0.042441
-0.3841 0.035922
-0.3913 0.030260
-0.3971 0.025389
-0.4015 0.021228
-0.4049 0.017697
-0.4072 0.014716
-0.4086 0.012210
-0.4092 0.010111
-0.4091 0.008359
-0.4085 0.006900
-0.4073 0.005689
-0.4057 0.004685
-0.4036 0.003854
-0.4013 0.003168
-0.3987 0.002602
-0.3958 0.002136
-0.3928 0.001753
-0.3896 0.001437
-0.3863 0.001178
-0.3829 0.000966
-0.3795 0.000791
-0.3760 0.000648
-0.3725 0.000531
-0.3690 0.000435
-0.3656 0.000356
-0.3623 0.000292
-0.3590 0.000239
-0.3558 0.000196
-0.3528 0.000161
-0.3500 0.000132
-0.3475 0.000108
-0.3453 0.000089
-0.3435 0.000073
-0.2932 0.677537
-0.1876 0.433479
-0.1138 0.263169
-0.0508 0.118296
0.0096 -0.020674
0.0632 -0.144233
0.1003 -0.230150
0.1193 -0.274076
0.1247 -0.286740
0.1216 -0.279887
0.0785 -0.362567
0.0546 -0.252009
0.0393 -0.181138
0.0282 -0.130339
0.0198 -0.087733
0.0136 -0.055152
0.0082 -0.030961
0.0031 -0.011079
-0.0020 0.006346
-0.0072 0.022385
-0.0127 0.037693
-0.0185 0.052577
-0.0244 0.067109
-0.0304 0.079970
-0.0380 0.082744
-0.0487 0.087652
-0.0632 0.093953
-0.0822 0.101025
-0.1062 0.107963
-0.1349 0.113414
-0.1667 0.115929
-0.1993 0.114660
-0.2307 0.109757
-0.2595 0.102097
-0.2851 0.092774
-0.3076 0.082750
-0.3269 0.072737
-0.3435 0.063197
-0.3576 0.054399
-0.3695 0.046472
-0.3793 0.039453
-0.3875 0.033320
-0.3940 0.028017
-0.3992 0.023469
-0.4031 0.019597
-0.4060 0.016318
-0.4079 0.013556
-0.4089 0.011237
-0.4093 0.009298
-0.4089 0.007682
-0.4080 0.006337
-0.4066 0.005222
-0.4048 0.004298
-0.4027 0.003535
-0.4002 0.002905
-0.3975 0.002385
-0.3945 0.001958
-0.3914 0.001606
-0.3882 0.001317
-0.3848 0.001079
-0.3814 0.000885
-0.3780 0.000725
-0.3745 0.000594
-0.3710 0.000486
-0.3675 0.000398
-0.3641 0.000326
-0.3608 0.000267
-0.3576 0.000219
-0.3545 0.000180
-0.3516 0.000147
-0.3489 0.000121
-0.3465 0.000099
-0.3445 0.000082
-0.3429 0.000067
-0.2398 0.554072
-0.1520 0.351413
-0.0849 0.196671
-0.0234 0.055199
0.0352 -0.079614
0.0823 -0.188327
0.1109 -0.254596
0.1230 -0.282860
0.1241 -0.285493
0.0989 -0.456948
0.0662 -0.305775
0.0470 -0.216780
0.0339 -0.156474
0.0241 -0.111485
0.0168 -0.071599
0.0111 -0.043560
0.0059 -0.021623
0.0008 -0.003011
-0.0043 0.013688
-0.0097 0.029341
-0.0153 0.044441
-0.0211 0.059171
-0.0271 0.073543
-0.0335 0.080809
-0.0425 0.084710
-0.0548 0.090347
-0.0712 0.097102
-0.0925 0.104264
-0.1188 0.110719
-0.1492 0.114993
-0.1817 0.115826
-0.2140 0.112821
-0.2443 0.106524
-0.2717 0.097969
-0.2958 0.088220
-0.3168 0.078129
-0.3349 0.068288
-0.3503 0.059064
-0.3633 0.050656
-0.3743 0.043144
-0.3833 0.036536
-0.3907 0.030792
-0.3966 0.025844
-0.4012 0.021616
-0.4046 0.018026
-0.4070 0.014993
-0.4085 0.012442
-0.4092 0.010305
-0.4092 0.008521
-0.4086 0.007035
-0.4075 0.005800
-0.4059 0.004777
-0.4039 0.003930
-0.4016 0.003231
-0.3990 0.002654
-0.3962 0.002179
-0.3931 0.001788
-0.3900 0.001466
-0.3867 0.001202
-0.3833 0.000985
-0.3799 0.000807
-0.3764 0.000661
-0.3729 0.000542
-0.3694 0.000444
-0.3660 0.000364
-0.3626 0.000298
-0.3593 0.000244
-0.3562 0.000200
-0.3531 0.000164
-0.3503 0.000134
-0.3478 0.000110
-0.3455 0.000091
-0.3437 0.000075
-0.3069 0.709097
-0.1963 0.453520
-0.1204 0.278545
-0.0570 0.132449
0.0037 -0.007066
0.0584 -0.133277
0.0975 -0.223563
0.1181 -0.271330
0.1246 -0.286549
0.1222 -0.281220
0.0820 -0.378554
0.0566 -0.261342
0.0406 -0.187355
0.0292 -0.134882
0.0205 -0.091773
0.0141 -0.057861
0.0087 -0.033035
0.0036 -0.012802
-0.0015 0.004828
-0.0068 0.020978
-0.0122 0.036344
-0.0179 0.051266
-0.0238 0.065837
-0.0298 0.080025
-0.0372 0.082505
-0.0476 0.087232
-0.0616 0.093414
-0.0801 0.100438
-0.1037 0.107436
-0.1320 0.113092
-0.1636 0.115935
-0.1962 0.115035
-0.2278 0.110446
-0.2568 0.102998
-0.2828 0.093784
-0.3055 0.083786
-0.3252 0.073741
-0.3420 0.064135
-0.3563 0.055253
-0.3684 0.047234
-0.3785 0.040122
-0.3867 0.033901
-0.3934 0.028517
-0.3987 0.023897
-0.4028 0.019960
-0.4058 0.016625
-0.4078 0.013813
-0.4089 0.011453
-0.4093 0.009478
-0.4090 0.007832
-0.4082 0.006462
-0.4068 0.005325
-0.4050 0.004384
-0.4029 0.003606
-0.4005 0.002963
-0.3978 0.002433
-0.3948 0.001997
-0.3918 0.001638
-0.3885 0.001343
-0.3852 0.001101
-0.3818 0.000902
-0.3783 0.000739
-0.3748 0.000606
-0.3714 0.000496
-0.3679 0.000406
-0.3645 0.000333
-0.3612 0.000273
-0.3579 0.000223
-0.3548 0.000183
-0.3519 0.000150
-0.3492 0.000123
-0.3468 0.000101
-0.3447 0.000083
-0.3431 0.000068
-0.2491 0.575556
-0.1585 0.366213
-0.0903 0.209131
-0.0286 0.067221
0.0304 -0.068666
0.0789 -0.180559
0.1091 -0.250547
0.1225 -0.281607
0.1243 -0.285988
0.1032 -0.476929
0.0685 -0.316303
0.0484 -0.223347
0.0349 -0.161047
0.0249 -0.114956
0.0174 -0.074435
0.0116 -0.045610
0.0063 -0.023273
0.0012 -0.004436
-0.0039 0.012388
-0.0092 0.028104
-0.0148 0.043237
-0.0206 0.057993
-0.0266 0.072393
-0.0329 0.080841
-0.0415 0.084467
-0.0535 0.089924
-0.0695 0.096568
-0.0902 0.103711
-0.1160 0.110278
-0.1461 0.114815
-0.1785 0.116007
-0.2109 0.113357
-0.2414 0.107333
-0.2691 0.098944
-0.2935 0.089264
-0.3148 0.079170
-0.3332 0.069279
-0.3488 0.059978
-0.3621 0.051480
-0.3732 0.043874
-0.3824 0.037174
-0.3900 0.031343
-0.3960 0.026318
-0.4007 0.022020
-0.4043 0.018367
-0.4068 0.015281
-0.4084 0.012684
-0.4091 0.010507
-0.4092 0.008689
-0.4087 0.007175
-0.4076 0.005917
-0.4061 0.004873
-0.4041 0.004010
-0.4018 0.003297
-0.3993 0.002709
-0.3965 0.002224
-0.3935 0.001825
-0.3903 0.001497
-0.3870 0.001227
-0.3837 0.001006
-0.3802 0.000824
-0.3768 0.000675
-0.3733 0.000553
-0.3698 0.000453
-0.3664 0.000371
-0.3630 0.000304
-0.3597 0.000249
-0.3565 0.000204
-0.3535 0.000167
-0.3507 0.000137
-0.3481 0.000113
-0.3458 0.000093
-0.3440 0.000076
-0.3127 0.722583
-0.2000 0.462011
-0.1232 0.284990
-0.0595 0.138349
0.0012 -0.001340
0.0564 -0.128554
0.0962 -0.220630
0.1175 -0.270027
0.1245 -0.286346
0.1224 -0.281677
0.0836 -0.385981
0.0575 -0.265538
0.0412 -0.190067
0.0296 -0.136815
0.0208 -0.093448
0.0144 -0.059006
0.0089 -0.033925
0.0038 -0.013545
-0.0013 0.004175
-0.0065 0.020379
-0.0120 0.035778
-0.0177 0.050726
-0.0236 0.065324
-0.0296 0.079543
-0.0369 0.082514
-0.0471 0.087138
-0.0610 0.093253
-0.0793 0.100244
-0.1026 0.107258
-0.1306 0.112995
-0.1621 0.115979
-0.1948 0.115239
-0.2264 0.110791
-0.2556 0.103438
-0.2817 0.094272
-0.3045 0.084285
-0.3243 0.074224
-0.3413 0.064586
-0.3557 0.055662
-0.3679 0.047599
-0.3780 0.040443
-0.3864 0.034180
-0.3932 0.028757
-0.3985 0.024102
-0.4026 0.020134
-0.4056 0.016772
-0.4077 0.013937
-0.4089 0.011556
-0.4093 0.009565
-0.4090 0.007904
-0.4082 0.006522
-0.4069 0.005375
-0.4051 0.004425
-0.4030 0.003640
-0.4006 0.002991
-0.3979 0.002457
-0.3950 0.002016
-0.3919 0.001654
-0.3887 0.001356
-0.3854 0.001112
-0.3820 0.000911
-0.3785 0.000747
-0.3750 0.000612
