0.3566 -0.040867
0.3497 -0.033856
0.3361 -0.027824
0.3189 -0.022761
0.3003 -0.018575
0.2813 -0.015145
0.2628 -0.012350
0.2453 -0.010076
0.2287 -0.008227
0.2132 -0.006724
0.1986 -0.005501
0.1850 -0.004505
0.1721 -0.003691
0.1600 -0.003027
0.1484 -0.002484
0.1373 -0.002039
0.1266 -0.001674
0.1161 -0.001375
0.1058 -0.001129
0.0955 -0.000927
0.0852 -0.000760
0.0746 -0.000624
0.0635 -0.000511
0.0516 -0.000418
0.0385 -0.000340
0.0236 -0.000276
0.0058 -0.000223
-0.0163 -0.000178
-0.0446 -0.000140
-0.0811 -0.000108
-0.1251 -0.000080
-0.1720 -0.000059
-0.2154 -0.000043
-0.2513 -0.000031
-0.2788 -0.000023
-0.2986 -0.000018
-0.3121 -0.000014
-0.3206 -0.000011
-0.3252 -0.000009
-0.3267 -0.000007
-0.3260 -0.000006
-0.3422 -0.158001
-0.3617 -0.138423
-0.3732 -0.126880
-0.3877 -0.225107
-0.4040 -0.192217
-0.4113 -0.177563
-0.4136 -0.172729
-0.4135 -0.173059
-0.4120 -0.175974
-0.4099 -0.180071
-0.4077 -0.184614
-0.4054 -0.189235
-0.4031 -0.193763
-0.4009 -0.198124
-0.3988 -0.202293
-0.3968 -0.206265
-0.3950 -0.210045
-0.3932 -0.213641
-0.3915 -0.217060
-0.3898 -0.220310
-0.3883 -0.223399
-0.3868 -0.226332
-0.3854 -0.229116
-0.3841 -0.231755
-0.3829 -0.234256
-0.3817 -0.236624
-0.3806 -0.238864
-0.3795 -0.240980
-0.3785 -0.242977
-0.3776 -0.244858
-0.3767 -0.246627
-0.3758 -0.248286
-0.3742 -0.237229
-0.3698 -0.226334
-0.3641 -0.219782
-0.3570 -0.204154
-0.3464 -0.183196
-0.3329 -0.166377
-0.3175 -0.151797
-0.3004 -0.138619
-0.2819 -0.126480
-0.2621 -0.115243
-0.2407 -0.104880
-0.2175 -0.095421
-0.1918 -0.086935
-0.1623 -0.079549
-0.1264 -0.073496
-0.0784 -0.069253
-0.0063 -0.067695
0.0996 -0.068648
0.2078 -0.067712
0.2851 -0.062762
0.3305 -0.055468
0.3516 -0.047513
0.3558 -0.039882
0.3490 -0.033045
0.3355 -0.027159
0.3184 -0.022217
0.2997 -0.018131
0.2807 -0.014783
