0.4621 0.3869
0.4460 0.3569
0.4313 0.3309
0.4185 0.3120
0.4283 0.5186
0.6055 6.1569
0.7904 24.9334
0.8905 47.9091
0.9300 68.1824
0.9409 85.6253
0.9415 99.9522
0.9398 109.2174
0.9384 109.9320
0.9374 102.1666
0.9367 90.6902
0.9361 79.1893
0.9354 68.8257
0.9346 59.7481
0.9336 51.8563
0.9325 45.0078
0.9312 39.0667
0.9297 33.9128
0.9280 29.4419
0.9261 25.5633
0.9238 22.1986
0.9213 19.2797
0.9183 16.7474
0.9150 14.5507
0.9112 12.6449
0.9068 10.9915
0.9019 9.5571
0.8962 8.3127
0.8899 7.2331
0.8826 6.2965
0.8745 5.4839
0.8654 4.7789
0.8552 4.1673
0.8439 3.6367
0.8313 3.1763
0.8174 2.7769
0.8022 2.4304
0.7856 2.1298
0.7676 1.8690
0.7484 1.6427
0.7280 1.4464
0.7065 1.2761
0.6841 1.1283
0.6610 1.0001
0.6374 0.8889
0.6137 0.7924
0.5902 0.7086
0.5671 0.6360
0.5446 0.5730
0.5231 0.5183
0.5027 0.4709
0.4835 0.4297
0.4657 0.3940
0.4493 0.3630
0.4344 0.3362
0.4210 0.3149
0.4209 0.4132
0.5703 4.3673
0.7662 21.0840
0.8792 44.1652
0.9261 64.9231
0.9401 82.8363
0.9416 97.7540
0.9401 108.1092
0.9386 110.4600
0.9375 103.9063
0.9368 92.7474
0.9362 81.1292
0.9355 70.5484
0.9347 61.2536
0.9338 53.1664
0.9327 46.1469
0.9315 40.0569
0.9300 34.7736
0.9284 30.1902
0.9264 26.2138
0.9243 22.7641
0.9218 19.7713
0.9189 17.1748
0.9156 14.9222
0.9119 12.9679
0.9076 11.2723
0.9028 9.8012
0.8973 8.5249
0.8911 7.4176
0.8840 6.4569
0.8761 5.6234
0.8672 4.9002
0.8572 4.2727
0.8460 3.7283
0.8337 3.2560
0.8200 2.8462
0.8051 2.4907
0.7887 2.1822
0.7711 1.9145
0.7521 1.6823
0.7319 1.4808
0.7105 1.3060
0.6883 1.1543
0.6653 1.0227
0.6418 0.9085
0.6182 0.8094
0.5946 0.7235
0.5714 0.6489
0.5488 0.5842
0.5271 0.5281
0.5065 0.4794
0.4871 0.4371
0.4690 0.4004
0.4524 0.3686
0.4371 0.3410
0.4234 0.3183
0.4182 0.3665
0.5408 3.1776
0.7440 17.9992
0.8683 40.9053
0.9222 62.0763
0.9391 80.3884
0.9417 95.7766
0.9403 106.9681
0.9387 110.6756
0.9376 105.2730
0.9369 94.4956
0.9363 82.8138
0.9356 72.0539
0.9349 62.5720
0.9340 54.3147
0.9329 47.1458
0.9317 40.9256
0.9302 35.5291
0.9286 30.8471
0.9268 26.7851
0.9246 23.2610
0.9222 20.2034
0.9194 17.5506
0.9162 15.2490
0.9125 13.2520
0.9083 11.5194
0.9036 10.0161
0.8982 8.7118
0.8921 7.5802
0.8852 6.5983
0.8774 5.7463
0.8686 5.0071
0.8588 4.3657
0.8479 3.8092
0.8357 3.3263
0.8223 2.9074
0.8075 2.5438
0.7914 2.2284
0.7740 1.9547
0.7552 1.7173
0.7352 1.5112
0.7140 1.3324
0.6919 1.1773
0.6690 1.0427
0.6457 0.9259
0.6220 0.8246
0.5984 0.7367
0.5751 0.6604
0.5524 0.5942
0.5306 0.5367
0.5098 0.4869
0.4902 0.4436
0.4719 0.4061
0.4550 0.3736
0.4395 0.3453
0.4256 0.3216
0.4177 0.3448
0.5176 2.3857
0.7245 15.5938
0.8584 38.1501
0.9184 59.6626
0.9382 78.3059
0.9417 94.0666
0.9405 105.8921
0.9389 110.6857
0.9377 106.3115
0.9370 95.9382
0.9364 84.2359
0.9357 73.3331
0.9350 63.6945
0.9341 55.2932
0.9330 47.9973
0.9318 41.6665
0.9304 36.1736
0.9288 31.4079
0.9270 27.2730
0.9249 23.6855
0.9225 20.5727
0.9197 17.8719
0.9166 15.5285
0.9130 13.4953
0.9089 11.7311
0.9042 10.2003
0.8989 8.8721
0.8929 7.7196
0.8861 6.7195
0.8785 5.8518
0.8698 5.0989
0.8602 4.4456
0.8494 3.8787
0.8374 3.3868
0.8241 2.9600
0.8096 2.5896
0.7937 2.2683
0.7764 1.9894
0.7578 1.7474
0.7379 1.5375
0.7170 1.3553
0.6950 1.1972
0.6722 1.0600
0.6489 0.9410
0.6253 0.8377
0.6016 0.7481
0.5783 0.6703
0.5555 0.6028
0.5335 0.5442
0.5126 0.4934
0.4928 0.4493
0.4744 0.4111
0.4573 0.3779
0.4416 0.3491
0.4275 0.3247
0.4180 0.3346
0.5003 1.8727
0.7084 13.7693
0.8498 35.9073
0.9150 57.6887
0.9372 76.5975
0.9416 92.6467
0.9406 104.9433
0.9390 110.5743
0.9378 107.0672
0.9371 97.0836
0.9364 85.3924
0.9358 74.3810
0.9351 64.6165
0.9342 56.0979
0.9332 48.6982
0.9320 42.2768
0.9306 36.7050
0.9290 31.8706
0.9272 27.6759
0.9251 24.0362
0.9228 20.8781
0.9200 18.1379
0.9169 15.7601
0.9134 13.6969
0.9094 11.9066
0.9048 10.3532
0.8995 9.0052
0.8936 7.8355
0.8869 6.8205
0.8793 5.9397
0.8708 5.1755
0.8613 4.5123
0.8506 3.9368
0.8388 3.4374
0.8257 3.0040
0.8112 2.6280
0.7955 2.3017
0.7784 2.0185
0.7599 1.7728
0.7402 1.5595
0.7194 1.3745
0.6975 1.2139
0.6748 1.0746
0.6515 0.9537
0.6280 0.8487
0.6043 0.7577
0.5809 0.6787
0.5581 0.6101
0.5360 0.5506
0.5149 0.4989
0.4950 0.4541
0.4764 0.4153
0.4592 0.3815
0.4434 0.3522
0.4291 0.3273
0.4188 0.3302
0.4887 1.5586
0.6963 12.4489
0.8431 34.1774
0.9123 56.1565
0.9364 75.2667
0.9415 91.5298
0.9407 104.1626
0.9391 110.4070
0.9379 107.5850
0.9371 97.9450
0.9365 86.2847
0.9359 75.1962
0.9351 65.3362
0.9343 56.7272
0.9332 49.2472
0.9321 42.7554
0.9307 37.1223
0.9291 32.2344
0.9274 27.9930
0.9253 24.3127
0.9230 21.1192
0.9203 18.3480
0.9172 15.9433
0.9137 13.8566
0.9097 12.0458
0.9052 10.4745
0.9000 9.1110
0.8941 7.9277
0.8875 6.9009
0.8800 6.0098
0.8716 5.2366
0.8621 4.5655
0.8516 3.9832
0.8398 3.4779
0.8268 3.0393
0.8125 2.6587
0.7969 2.3285
0.7799 2.0419
0.7616 1.7931
0.7420 1.5773
0.7213 1.3900
0.6995 1.2274
0.6769 1.0863
0.6537 0.9639
0.6301 0.8577
0.6065 0.7655
0.5831 0.6855
0.5602 0.6160
0.5380 0.5557
0.5169 0.5035
0.4968 0.4581
0.4781 0.4187
0.4608 0.3845
0.4448 0.3548
0.4304 0.3295
0.4196 0.3287
0.4818 1.3803
0.6881 11.5774
0.8384 32.9625
0.9104 55.0714
0.9358 74.3202
0.9414 90.7279
0.9408 103.5818
0.9391 110.2387
0.9379 107.9090
0.9371 98.5402
0.9365 86.9180
0.9359 75.7802
0.9352 65.8538
0.9343 57.1811
0.9333 49.6440
0.9321 43.1020
0.9308 37.4251
0.9292 32.4989
0.9275 28.2240
0.9254 24.5145
0.9231 21.2954
0.9205 18.5019
0.9174 16.0777
0.9139 13.9740
0.9100 12.1484
0.9055 10.5641
0.9003 9.1892
0.8945 7.9960
0.8879 6.9605
0.8805 6.0619
0.8721 5.2820
0.8628 4.6052
0.8523 4.0179
0.8406 3.5081
0.8277 3.0658
0.8135 2.6818
0.7980 2.3486
0.7811 2.0595
0.7628 1.8085
0.7433 1.5907
0.7227 1.4017
0.7010 1.2376
0.6784 1.0953
0.6552 0.9717
0.6317 0.8645
0.6081 0.7714
0.5847 0.6906
0.5617 0.6205
0.5395 0.5597
0.5183 0.5069
0.4982 0.4611
0.4794 0.4213
0.4620 0.3868
0.4459 0.3568
0.4314 0.3313
0.4204 0.3290
0.4790 1.3001
0.6841 11.1020
0.8359 32.2433
0.9093 54.4206
0.9355 73.7482
0.9414 90.2367
0.9408 103.2102
0.9392 110.0980
0.9379 108.0681
0.9371 98.8833
0.9365 87.2975
0.9359 76.1352
0.9352 66.1708
0.9343 57.4604
0.9333 49.8892
0.9322 43.3171
0.9308 37.6137
0.9293 32.6643
0.9275 28.3691
0.9255 24.6417
0.9232 21.4069
0.9206 18.5996
0.9175 16.1634
0.9141 14.0491
0.9101 12.2142
0.9056 10.6217
0.9005 9.2397
0.8948 8.0403
0.8882 6.9993
0.8808 6.0959
0.8725 5.3118
0.8632 4.6313
0.8527 4.0407
0.8411 3.5282
0.8283 3.0833
0.8141 2.6972
0.7987 2.3621
0.7818 2.0712
0.7637 1.8188
0.7442 1.5997
0.7236 1.4096
0.7019 1.2446
0.6794 1.1013
0.6563 0.9770
0.6328 0.8691
0.6092 0.7755
0.5858 0.6942
0.5628 0.6237
0.5406 0.5624
0.5193 0.5093
0.4992 0.4632
0.4803 0.4231
0.4628 0.3884
0.4467 0.3582
0.4321 0.3325
0.4211 0.3307
0.4798 1.2995
0.6842 10.9940
0.8357 32.0206
0.9091 54.2092
0.9354 73.5556
0.9413 90.0622
0.9408 103.0598
0.9392 110.0076
0.9379 108.0845
0.9371 98.9850
0.9365 87.4269
0.9359 76.2626
0.9352 66.2879
0.9343 57.5657
0.9334 49.9833
0.9322 43.4010
0.9309 37.6884
0.9293 32.7308
0.9276 28.4283
0.9256 24.6942
0.9232 21.4536
0.9206 18.6411
0.9176 16.2002
0.9141 14.0818
0.9102 12.2432
0.9057 10.6475
0.9006 9.2625
0.8949 8.0605
0.8883 7.0172
0.8810 6.1117
0.8727 5.3258
0.8633 4.6437
0.8529 4.0517
0.8414 3.5379
0.8286 3.0919
0.8144 2.7048
0.7990 2.3688
0.7822 2.0771
0.7641 1.8240
0.7447 1.6043
0.7241 1.4137
0.7025 1.2481
0.6800 1.1045
0.6569 0.9798
0.6334 0.8716
0.6098 0.7776
0.5863 0.6961
0.5634 0.6253
0.5411 0.5639
0.5198 0.5106
0.4997 0.4643
0.4808 0.4241
0.4632 0.3893
0.4471 0.3590
0.4325 0.3333
0.4217 0.3338
0.4842 1.3774
0.6883 11.2485
0.8379 32.2922
0.9099 54.4371
0.9355 73.7421
0.9413 90.2039
0.9407 103.1316
0.9391 109.9725
0.9379 107.9654
0.9371 98.8502
0.9365 87.3083
0.9359 76.1635
0.9352 66.2056
0.9343 57.4974
0.9333 49.9265
0.9322 43.3539
0.9308 37.6495
0.9293 32.6987
0.9276 28.4018
0.9255 24.6725
0.9232 21.4359
0.9206 18.6267
0.9176 16.1885
0.9141 14.0723
0.9102 12.2356
0.9057 10.6415
0.9006 9.2578
0.8948 8.0568
0.8883 7.0144
0.8809 6.1096
0.8726 5.3243
0.8633 4.6426
0.8529 4.0509
0.8414 3.5374
0.8285 3.0916
0.8144 2.7047
0.7990 2.3688
0.7822 2.0773
0.7641 1.8243
0.7447 1.6046
0.7241 1.4140
0.7025 1.2485
0.6800 1.1048
0.6569 0.9802
0.6334 0.8719
0.6098 0.7780
0.5864 0.6964
0.5635 0.6256
0.5412 0.5642
0.5199 0.5109
0.4998 0.4646
0.4809 0.4244
0.4633 0.3895
0.4472 0.3592
0.4326 0.3336
0.4223 0.3389
0.4923 1.5436
0.6963 11.8588
0.8421 33.0346
0.9115 55.0826
0.9359 74.2884
0.9413 90.6442
0.9406 103.4088
0.9390 109.9805
0.9379 107.7100
0.9371 98.4854
0.9365 86.9500
0.9359 75.8460
0.9352 65.9313
0.9343 57.2620
0.9333 49.7248
0.9321 43.1812
0.9308 37.5017
0.9293 32.5721
0.9275 28.2935
0.9255 24.5799
0.9232 21.3566
0.9205 18.5589
0.9175 16.1306
0.9140 14.0228
0.9101 12.1933
0.9056 10.6053
0.9005 9.2269
0.8947 8.0304
0.8881 6.9919
0.8807 6.0904
0.8724 5.3079
0.8631 4.6286
0.8527 4.0390
0.8411 3.5272
0.8283 3.0830
0.8141 2.6973
0.7987 2.3626
0.7818 2.0720
0.7637 1.8197
0.7443 1.6008
0.7237 1.4107
0.7021 1.2457
0.6796 1.1025
0.6565 0.9782
0.6330 0.8702
0.6094 0.7766
0.5860 0.6952
0.5631 0.6246
0.5409 0.5633
0.5196 0.5101
0.4995 0.4640
0.4806 0.4239
0.4631 0.3891
0.4470 0.3589
0.4324 0.3335
0.4231 0.3474
0.5044 1.8211
0.7077 12.8283
0.8481 34.2212
0.9138 56.1196
0.9365 75.1717
0.9413 91.3617
0.9405 103.8684
0.9389 110.0116
0.9378 107.3130
0.9371 97.8993
0.9365 86.3651
0.9359 75.3223
0.9351 65.4759
0.9343 56.8690
0.9333 49.3863
0.9321 42.8897
0.9307 37.2506
0.9292 32.3560
0.9274 28.1074
0.9254 24.4197
0.9230 21.2187
0.9204 18.4402
0.9173 16.0284
0.9138 13.9349
0.9099 12.1176
0.9054 10.5402
0.9002 9.1709
0.8944 7.9822
0.8878 6.9504
0.8804 6.0548
0.8721 5.2772
0.8627 4.6023
0.8522 4.0164
0.8406 3.5078
0.8277 3.0662
0.8135 2.6829
0.7980 2.3502
0.7812 2.0614
0.7630 1.8106
0.7435 1.5929
0.7229 1.4040
0.7012 1.2399
0.6787 1.0975
0.6556 0.9739
0.6322 0.8666
0.6086 0.7734
0.5852 0.6925
0.5623 0.6223
0.5401 0.5614
0.5189 0.5084
0.4988 0.4625
0.4800 0.4226
0.4626 0.3880
0.4465 0.3580
0.4320 0.3330
0.4244 0.3617
0.5208 2.2409
0.7221 14.1743
0.8555 35.8341
0.9166 57.5285
0.9373 76.3744
0.9413 92.3379
0.9404 104.4855
0.9388 110.0379
0.9377 106.7608
0.9370 97.0950
0.9364 85.5627
0.9358 74.6024
0.9351 64.8482
0.9342 56.3259
0.9332 48.9173
0.9320 42.4850
0.9306 36.9014
0.9291 32.0546
0.9273 27.8474
0.9252 24.1953
0.9229 21.0251
0.9202 18.2732
0.9171 15.8843
0.9136 13.8106
0.9096 12.0104
0.9051 10.4477
0.8999 9.0911
0.8940 7.9135
0.8874 6.8911
0.8799 6.0036
0.8715 5.2332
0.8621 4.5643
0.8515 3.9836
0.8398 3.4795
0.8269 3.0419
0.8126 2.6620
0.7970 2.3321
0.7801 2.0458
0.7619 1.7972
0.7424 1.5814
0.7217 1.3940
0.7000 1.2314
0.6775 1.0901
0.6543 0.9675
0.6308 0.8611
0.6073 0.7687
0.5839 0.6885
0.5611 0.6188
0.5390 0.5583
0.5178 0.5059
0.4978 0.4603
0.4791 0.4207
0.4617 0.3863
0.4457 0.3566
0.4314 0.3324
0.4265 0.3864
0.5415 2.8434
0.7391 15.9062
0.8641 37.8496
0.9198 59.2844
0.9380 77.8726
0.9413 93.5466
0.9402 105.2248
0.9387 110.0222
0.9376 106.0369
0.9370 96.0774
0.9364 84.5556
0.9357 73.6999
0.9350 64.0610
0.9341 55.6442
0.9331 48.3281
0.9319 41.9759
0.9305 36.4615
0.9289 31.6746
0.9271 27.5191
0.9250 23.9117
0.9227 20.7801
0.9199 18.0615
0.9168 15.7015
0.9133 13.6526
0.9093 11.8740
0.9047 10.3299
0.8994 8.9893
0.8935 7.8255
0.8868 6.8152
0.8793 5.9380
0.8708 5.1765
0.8613 4.5153
0.8507 3.9413
0.8389 3.4430
0.8258 3.0104
0.8115 2.6347
0.7958 2.3086
0.7788 2.0255
0.7604 1.7797
0.7408 1.5662
0.7201 1.3809
0.6983 1.2201
0.6757 1.0804
0.6526 0.9591
0.6291 0.8538
0.6056 0.7624
0.5822 0.6831
0.5594 0.6141
0.5374 0.5543
0.5163 0.5024
0.4964 0.4573
0.4778 0.4181
0.4605 0.3841
0.4447 0.3547
0.4305 0.3319
0.4303 0.4302
0.5664 3.6698
0.7579 18.0352
0.8734 40.2467
0.9231 61.3688
0.9388 79.6496
0.9412 94.9664
0.9400 106.0505
0.9385 109.9244
0.9376 105.1224
0.9369 94.8486
0.9363 83.3531
0.9357 72.6243
0.9349 63.1224
0.9340 54.8306
0.9330 47.6242
0.9318 41.3670
0.9304 35.9348
0.9288 31.2190
0.9269 27.1250
0.9248 23.5709
0.9224 20.4853
0.9197 17.8065
0.9165 15.4809
0.9129 13.4619
0.9088 11.7090
0.9042 10.1872
0.8989 8.8659
0.8929 7.7188
0.8861 6.7229
0.8785 5.8582
0.8699 5.1075
0.8603 4.4556
0.8496 3.8897
0.8377 3.3984
0.8245 2.9718
0.8100 2.6014
0.7942 2.2798
0.7771 2.0005
0.7586 1.7581
0.7389 1.5476
0.7181 1.3648
0.6962 1.2061
0.6736 1.0683
0.6504 0.9487
0.6269 0.8448
0.6034 0.7546
0.5801 0.6763
0.5574 0.6083
0.5354 0.5493
0.5145 0.4980
0.4947 0.4535
0.4762 0.4149
0.4590 0.3813
0.4433 0.3523
0.4295 0.3320
0.4372 0.5098
0.5951 4.7696
0.7782 20.5937
0.8829 43.0151
0.9265 63.7702
0.9395 81.6912
0.9411 96.5727
0.9398 106.9173
0.9384 109.6941
0.9374 103.9907
0.9368 93.4044
0.9362 81.9591
0.9356 71.3814
0.9348 62.0382
0.9339 53.8906
0.9328 46.8104
0.9316 40.6626
0.9302 35.3253
0.9285 30.6915
0.9267 26.6685
0.9245 23.1758
0.9221 20.1434
0.9193 17.5107
0.9161 15.2249
0.9125 13.2403
0.9083 11.5173
0.9036 10.0213
0.8982 8.7224
0.8921 7.5946
0.8853 6.6154
0.8775 5.7652
0.8688 5.0270
0.8591 4.3860
0.8482 3.8295
0.8362 3.3462
0.8229 2.9267
0.8083 2.5623
0.7923 2.2460
0.7750 1.9713
0.7564 1.7328
0.7366 1.5257
0.7156 1.3459
0.6937 1.1898
0.6710 1.0542
0.6478 0.9365
0.6243 0.8342
0.6008 0.7455
0.5776 0.6684
0.5549 0.6015
0.5331 0.5434
0.5123 0.4929
0.4926 0.4491
0.4743 0.4110
0.4573 0.3780
0.4417 0.3495
0.4286 0.3337
0.4494 0.6586
0.6270 6.2307
0.7991 23.5909
0.8925 46.1041
0.9297 66.4453
0.9401 83.9558
0.9409 98.3144
0.9395 107.7558
0.9382 109.2731
0.9373 102.6254
0.9367 91.7556
0.9362 80.3914
0.9355 69.9888
0.9347 60.8244
0.9338 52.8381
0.9327 45.8989
0.9314 39.8736
0.9300 34.6421
0.9283 30.1000
0.9264 26.1565
0.9242 22.7325
0.9217 19.7596
0.9189 17.1784
0.9156 14.9372
0.9119 12.9913
0.9077 11.3017
0.9029 9.8346
0.8974 8.5607
0.8913 7.4547
0.8843 6.4942
0.8764 5.6603
0.8676 4.9362
0.8577 4.3074
0.8467 3.7614
0.8345 3.2873
0.8210 2.8756
0.8062 2.5182
0.7901 2.2078
0.7727 1.9382
0.7539 1.7042
0.7339 1.5009
0.7128 1.3244
0.6908 1.1712
0.6681 1.0381
0.6448 0.9225
0.6213 0.8222
0.5978 0.7350
0.5747 0.6594
0.5521 0.5936
0.5304 0.5366
0.5097 0.4870
0.4902 0.4440
0.4720 0.4066
0.4553 0.3742
0.4399 0.3465
0.4279 0.3395
0.4691 0.9482
0.6610 8.2082
0.8200 27.0757
0.9016 49.5015
0.9326 69.3825
0.9406 86.4274
0.9407 100.1575
0.9392 108.5093
0.9380 108.6186
0.9372 101.0190
0.9366 89.9122
0.9361 78.6630
0.9354 68.4586
0.9346 59.4913
0.9336 51.6819
0.9325 44.8971
0.9312 39.0057
0.9297 33.8903
0.9280 29.4488
0.9261 25.5923
0.9239 22.2437
0.9213 19.3362
0.9184 16.8116
0.9151 14.6195
0.9113 12.7160
0.9070 11.0632
0.9021 9.6280
0.8965 8.3818
0.8902 7.2996
0.8831 6.3600
0.8751 5.5440
0.8662 4.8354
0.8561 4.2201
0.8450 3.6858
0.8326 3.2218
0.8189 2.8189
0.8039 2.4690
0.7876 2.1652
0.7699 1.9013
0.7510 1.6722
0.7309 1.4732
0.7096 1.3004
0.6875 1.1504
0.6647 1.0201
0.6413 0.9069
