0.1304 -0.062903
0.2421 -0.074124
0.3011 -0.080079
0.3150 -0.081507
0.3010 -0.080122
0.2732 -0.077350
0.2405 -0.074085
0.2074 -0.070775
0.1756 -0.067588
0.1449 -0.064525
0.1147 -0.061497
0.0830 -0.058335
0.0471 -0.054751
0.0019 -0.047489
-0.0605 -0.037277
-0.1446 -0.025201
-0.2357 -0.015661
-0.3155 -0.009134
-0.3789 -0.005011
-0.4275 -0.002509
-0.4643 -0.001036
-0.4919 -0.000200
-0.5126 0.000248
-0.5278 0.000463
-0.5389 0.000542
-0.5467 0.000544
-0.5519 0.000505
-0.5550 0.000448
-0.5564 0.000383
-0.5563 0.000320
-0.5550 0.000261
-0.5526 0.000208
-0.5491 0.000162
-0.5446 0.000123
-0.5392 0.000091
-0.5329 0.000063
-0.5256 0.000041
-0.5172 0.000023
-0.5078 0.000009
-0.4972 -0.000002
-0.4855 -0.000011
-0.4724 -0.000018
-0.4579 -0.000023
-0.4419 -0.000026
-0.4243 -0.000029
-0.4050 -0.000030
-0.3839 -0.000031
-0.3609 -0.000031
-0.3358 -0.000030
-0.3084 -0.000030
-0.2783 -0.000029
-0.2449 -0.000027
-0.2068 -0.000026
-0.1613 -0.000025
-0.1014 -0.000025
-0.0133 -0.024293
0.1158 -0.061447
0.2322 -0.073127
0.2970 -0.079659
0.3150 -0.081503
0.3033 -0.080354
0.2766 -0.077690
0.2443 -0.074459
0.2112 -0.071150
0.1792 -0.067953
0.1486 -0.064887
0.1184 -0.061870
0.0871 -0.058745
0.0521 -0.055245
0.0085 -0.048649
-0.0510 -0.038979
-0.1325 -0.026670
-0.2238 -0.016750
-0.3056 -0.009853
-0.3710 -0.005463
-0.4213 -0.002786
-0.4594 -0.001203
-0.4881 -0.000299
-0.5095 0.000191
-0.5253 0.000431
-0.5368 0.000526
-0.5450 0.000537
-0.5505 0.000503
-0.5538 0.000448
-0.5553 0.000385
-0.5554 0.000322
-0.5542 0.000263
-0.5519 0.000210
-0.5485 0.000164
-0.5441 0.000125
-0.5388 0.000092
-0.5326 0.000064
-0.5253 0.000042
-0.5171 0.000024
-0.5078 0.000009
-0.4973 -0.000002
-0.4857 -0.000011
-0.4728 -0.000018
-0.4584 -0.000023
-0.4426 -0.000027
-0.4252 -0.000029
-0.4061 -0.000030
-0.3852 -0.000031
-0.3624 -0.000031
-0.3376 -0.000031
-0.3105 -0.000030
-0.2807 -0.000029
-0.2476 -0.000028
-0.2101 -0.000027
-0.1653 -0.000026
-0.1072 -0.000025
-0.0222 -0.023853
0.1047 -0.060333
0.2242 -0.072325
0.2934 -0.079298
0.3147 -0.081472
0.3050 -0.080516
0.2791 -0.077943
0.2471 -0.074743
0.2140 -0.071438
0.1820 -0.068236
0.1514 -0.065167
0.1213 -0.062159
0.0903 -0.059061
0.0559 -0.055624
0.0136 -0.049533
-0.0438 -0.040308
-0.1230 -0.027870
-0.2142 -0.017658
-0.2974 -0.010459
-0.3645 -0.005847
-0.4162 -0.003024
-0.4553 -0.001348
-0.4848 -0.000386
-0.5068 0.000139
-0.5231 0.000402
-0.5350 0.000509
-0.5434 0.000528
-0.5491 0.000499
-0.5526 0.000447
-0.5543 0.000385
-0.5545 0.000323
-0.5534 0.000264
-0.5511 0.000211
-0.5478 0.000165
-0.5435 0.000125
-0.5383 0.000092
-0.5321 0.000065
-0.5249 0.000042
-0.5167 0.000024
-0.5075 0.000009
-0.4972 -0.000003
-0.4856 -0.000012
-0.4728 -0.000018
-0.4586 -0.000023
-0.4429 -0.000027
-0.4256 -0.000029
-0.4067 -0.000031
-0.3860 -0.000032
-0.3634 -0.000032
-0.3387 -0.000031
-0.3117 -0.000030
-0.2822 -0.000029
-0.2494 -0.000028
-0.2122 -0.000027
-0.1680 -0.000026
-0.1110 -0.000025
-0.0281 -0.023559
0.0968 -0.044668
0.2184 -0.071741
0.2907 -0.079022
0.3144 -0.081432
0.3060 -0.080618
0.2809 -0.078115
0.2491 -0.074942
0.2161 -0.071642
0.1841 -0.068439
0.1534 -0.065370
0.1234 -0.062368
0.0926 -0.059292
0.0586 -0.055899
0.0172 -0.050211
-0.0385 -0.041158
-0.1160 -0.028791
-0.2069 -0.018367
-0.2911 -0.010939
-0.3594 -0.006154
-0.4121 -0.003216
-0.4521 -0.001467
-0.4822 -0.000459
-0.5047 0.000095
-0.5213 0.000375
-0.5335 0.000493
-0.5421 0.000519
-0.5479 0.000494
-0.5515 0.000443
-0.5533 0.000383
-0.5536 0.000322
-0.5525 0.000263
-0.5503 0.000211
-0.5470 0.000165
-0.5428 0.000125
-0.5376 0.000092
-0.5314 0.000064
-0.5243 0.000041
-0.5162 0.000023
-0.5070 0.000008
-0.4967 -0.000003
-0.4853 -0.000012
-0.4725 -0.000019
-0.4584 -0.000024
-0.4428 -0.000028
-0.4256 -0.000030
-0.4068 -0.000031
-0.3862 -0.000032
-0.3637 -0.000032
-0.3391 -0.000031
-0.3123 -0.000031
-0.2829 -0.000030
-0.2503 -0.000028
-0.2133 -0.000027
-0.1695 -0.000026
-0.1130 -0.000026
-0.0313 -0.023398
0.0924 -0.044332
0.2150 -0.071399
0.2890 -0.078850
0.3140 -0.081397
0.3065 -0.080668
0.2818 -0.078210
0.2502 -0.075056
0.2173 -0.071762
0.1853 -0.068561
0.1546 -0.065495
0.1247 -0.062500
0.0941 -0.059439
0.0604 -0.056077
0.0196 -0.050662
-0.0351 -0.041713
-0.1112 -0.029436
-0.2018 -0.018870
-0.2866 -0.011283
-0.3557 -0.006376
-0.4091 -0.003356
-0.4497 -0.001555
-0.4802 -0.000515
-0.5030 0.000060
-0.5199 0.000353
-0.5322 0.000479
-0.5409 0.000509
-0.5469 0.000487
-0.5505 0.000439
-0.5524 0.000380
-0.5527 0.000319
-0.5516 0.000262
-0.5494 0.000209
-0.5462 0.000163
-0.5420 0.000124
-0.5368 0.000091
-0.5306 0.000063
-0.5235 0.000041
-0.5155 0.000022
-0.5063 0.000008
-0.4961 -0.000004
-0.4846 -0.000013
-0.4719 -0.000020
-0.4578 -0.000025
-0.4423 -0.000028
-0.4252 -0.000030
-0.4064 -0.000032
-0.3859 -0.000032
-0.3634 -0.000032
-0.3389 -0.000032
-0.3122 -0.000031
-0.2829 -0.000030
-0.2504 -0.000029
-0.2134 -0.000028
-0.1697 -0.000026
-0.1134 -0.000026
-0.0320 -0.023364
0.0913 -0.044254
0.2141 -0.071310
0.2884 -0.078796
0.3138 -0.081376
0.3065 -0.080672
0.2820 -0.078230
0.2505 -0.075087
0.2177 -0.071801
0.1857 -0.068605
0.1551 -0.065544
0.1253 -0.062556
0.0947 -0.059505
0.0613 -0.056162
0.0208 -0.050889
-0.0333 -0.041953
-0.1088 -0.029758
-0.1991 -0.019130
-0.2842 -0.011467
-0.3536 -0.006498
-0.4074 -0.003437
-0.4482 -0.001609
-0.4789 -0.000551
-0.5018 0.000035
-0.5188 0.000335
-0.5312 0.000466
-0.5400 0.000500
-0.5459 0.000480
-0.5496 0.000433
-0.5515 0.000375
-0.5518 0.000315
-0.5507 0.000258
-0.5485 0.000206
-0.5453 0.000161
-0.5410 0.000122
-0.5359 0.000089
-0.5297 0.000062
-0.5226 0.000039
-0.5145 0.000021
-0.5054 0.000007
-0.4951 -0.000005
-0.4837 -0.000014
-0.4710 -0.000020
-0.4569 -0.000025
-0.4414 -0.000029
-0.4243 -0.000031
-0.4055 -0.000032
-0.3850 -0.000033
-0.3626 -0.000033
-0.3382 -0.000032
-0.3114 -0.000031
-0.2821 -0.000030
-0.2496 -0.000029
-0.2126 -0.000028
-0.1688 -0.000027
-0.1122 -0.000026
-0.0303 -0.023451
0.0936 -0.044424
0.2157 -0.071469
0.2891 -0.078858
0.3138 -0.081370
0.3061 -0.080632
0.2815 -0.078180
0.2501 -0.075039
0.2173 -0.071760
0.1854 -0.068572
0.1549 -0.065520
0.1251 -0.062539
0.0946 -0.059495
0.0612 -0.056158
0.0208 -0.050871
-0.0332 -0.041953
-0.1084 -0.029789
-0.1986 -0.019165
-0.2836 -0.011499
-0.3530 -0.006526
-0.4067 -0.003461
-0.4475 -0.001629
-0.4782 -0.000568
-0.5011 0.000020
-0.5181 0.000322
-0.5304 0.000455
-0.5392 0.000490
-0.5451 0.000472
-0.5488 0.000426
-0.5506 0.000369
-0.5509 0.000310
-0.5498 0.000254
-0.5476 0.000202
-0.5443 0.000157
-0.5400 0.000119
-0.5348 0.000086
-0.5286 0.000059
-0.5215 0.000037
-0.5134 0.000019
-0.5042 0.000005
-0.4940 -0.000006
-0.4825 -0.000015
-0.4698 -0.000021
-0.4557 -0.000026
-0.4401 -0.000029
-0.4230 -0.000031
-0.4042 -0.000033
-0.3837 -0.000033
-0.3613 -0.000033
-0.3368 -0.000032
-0.3100 -0.000031
-0.2806 -0.000030
-0.2480 -0.000029
-0.2109 -0.000028
-0.1667 -0.000027
-0.1095 -0.000026
-0.0262 -0.023655
0.0990 -0.044831
0.2196 -0.071857
0.2907 -0.079024
0.3138 -0.081374
0.3053 -0.080548
0.2803 -0.078061
0.2488 -0.074914
0.2161 -0.071643
0.1844 -0.068467
0.1540 -0.065425
0.1242 -0.062452
0.0938 -0.059410
0.0603 -0.056069
0.0198 -0.050681
-0.0345 -0.041766
-0.1101 -0.029556
-0.2002 -0.018992
-0.2848 -0.011390
-0.3539 -0.006465
-0.4072 -0.003430
-0.4477 -0.001617
-0.4782 -0.000566
-0.5009 0.000016
-0.5177 0.000315
-0.5300 0.000446
-0.5386 0.000481
-0.5445 0.000463
-0.5480 0.000418
-0.5498 0.000362
-0.5500 0.000303
-0.5489 0.000248
-0.5466 0.000197
-0.5433 0.000153
-0.5389 0.000115
-0.5337 0.000083
-0.5275 0.000057
-0.5203 0.000035
-0.5121 0.000018
-0.5029 0.000004
-0.4926 -0.000007
-0.4811 -0.000016
-0.4683 -0.000022
-0.4541 -0.000027
-0.4385 -0.000030
-0.4213 -0.000032
-0.4025 -0.000033
-0.3819 -0.000033
-0.3594 -0.000033
-0.3348 -0.000033
-0.3080 -0.000032
-0.2784 -0.000031
-0.2456 -0.000029
-0.2082 -0.000028
-0.1635 -0.000027
-0.1051 -0.000026
-0.0196 -0.023982
0.1074 -0.060609
0.2255 -0.072452
0.2932 -0.079278
0.3138 -0.081381
0.3040 -0.080418
0.2784 -0.077874
0.2468 -0.074716
0.2142 -0.071453
0.1826 -0.068293
0.1523 -0.065263
0.1227 -0.062298
0.0922 -0.059254
0.0586 -0.055898
0.0177 -0.050235
-0.0373 -0.041272
-0.1137 -0.029038
-0.2039 -0.018605
-0.2878 -0.011138
-0.3561 -0.006314
-0.4088 -0.003345
-0.4487 -0.001573
-0.4788 -0.000547
-0.5012 0.000020
-0.5177 0.000312
-0.5297 0.000439
-0.5382 0.000472
-0.5439 0.000453
-0.5474 0.000409
-0.5490 0.000353
-0.5491 0.000296
-0.5479 0.000241
-0.5455 0.000191
-0.5421 0.000148
-0.5377 0.000111
-0.5324 0.000079
-0.5261 0.000053
-0.5189 0.000032
-0.5106 0.000015
-0.5013 0.000002
-0.4909 -0.000009
-0.4794 -0.000017
-0.4665 -0.000023
-0.4523 -0.000028
-0.4366 -0.000031
-0.4193 -0.000033
-0.4003 -0.000034
-0.3796 -0.000034
-0.3570 -0.000034
-0.3323 -0.000033
-0.3053 -0.000032
-0.2756 -0.000031
-0.2424 -0.000029
-0.2046 -0.000028
-0.1590 -0.000027
-0.0990 -0.000027
-0.0104 -0.024442
0.1187 -0.061736
0.2332 -0.073230
0.2964 -0.079601
0.3138 -0.081378
0.3022 -0.080237
0.2759 -0.077619
0.2441 -0.074445
0.2116 -0.071193
0.1802 -0.068050
0.1501 -0.065036
0.1205 -0.062076
0.0899 -0.059027
0.0561 -0.055642
0.0145 -0.049645
-0.0417 -0.040552
-0.1193 -0.028296
-0.2096 -0.018043
-0.2926 -0.010769
-0.3596 -0.006089
-0.4113 -0.003215
-0.4505 -0.001501
-0.4799 -0.000512
-0.5018 0.000035
-0.5180 0.000313
-0.5297 0.000434
-0.5380 0.000464
-0.5435 0.000444
-0.5468 0.000399
-0.5482 0.000344
-0.5482 0.000287
-0.5469 0.000233
-0.5445 0.000185
-0.5409 0.000142
-0.5365 0.000106
-0.5310 0.000075
-0.5247 0.000050
-0.5173 0.000029
-0.5090 0.000013
-0.4996 -0.000000
-0.4891 -0.000011
-0.4774 -0.000018
-0.4644 -0.000024
-0.4501 -0.000028
-0.4342 -0.000031
-0.4168 -0.000033
-0.3978 -0.000034
-0.3769 -0.000034
-0.3541 -0.000034
-0.3292 -0.000033
-0.3020 -0.000032
-0.2720 -0.000031
-0.2385 -0.000030
-0.2000 -0.000028
-0.1534 -0.000027
-0.0911 -0.000027
0.0017 -0.025043
0.1326 -0.063131
0.2423 -0.074150
0.3000 -0.079962
0.3135 -0.081351
0.2998 -0.080000
0.2727 -0.077296
0.2407 -0.074105
0.2083 -0.070865
0.1771 -0.067743
0.1472 -0.064745
0.1176 -0.061791
0.0870 -0.058729
0.0527 -0.055303
0.0102 -0.048830
-0.0476 -0.039551
-0.1270 -0.027290
-0.2172 -0.017292
-0.2988 -0.010279
-0.3644 -0.005790
-0.4148 -0.003040
-0.4530 -0.001405
-0.4816 -0.000462
-0.5029 0.000056
-0.5186 0.000318
-0.5299 0.000430
-0.5379 0.000455
-0.5431 0.000433
-0.5462 0.000388
-0.5475 0.000333
-0.5473 0.000277
-0.5459 0.000225
-0.5433 0.000177
-0.5397 0.000136
-0.5351 0.000100
-0.5295 0.000070
-0.5230 0.000046
-0.5156 0.000026
-0.5071 0.000010
-0.4976 -0.000003
-0.4870 -0.000012
-0.4752 -0.000020
-0.4621 -0.000025
-0.4475 -0.000029
-0.4316 -0.000032
-0.4140 -0.000034
-0.3947 -0.000034
-0.3737 -0.000035
-0.3507 -0.000034
-0.3256 -0.000033
-0.2980 -0.000032
-0.2677 -0.000031
-0.2337 -0.000030
-0.1945 -0.000028
-0.1465 -0.000027
-0.0811 -0.000027
0.0169 -0.025798
0.1489 -0.064763
0.2525 -0.075169
0.3036 -0.080331
0.3128 -0.081282
0.2968 -0.079700
0.2687 -0.076904
0.2366 -0.073697
0.2044 -0.070474
0.1734 -0.067375
0.1436 -0.064394
0.1141 -0.061444
0.0833 -0.058362
0.0484 -0.054878
0.0047 -0.047837
-0.0552 -0.038153
-0.1365 -0.026061
-0.2265 -0.016389
-0.3064 -0.009693
-0.3702 -0.005432
-0.4191 -0.002831
-0.4560 -0.001288
-0.4837 -0.000402
-0.5043 0.000083
-0.5194 0.000326
-0.5303 0.000427
-0.5379 0.000446
-0.5428 0.000422
-0.5457 0.000376
-0.5468 0.000322
-0.5464 0.000267
-0.5448 0.000215
-0.5421 0.000169
-0.5383 0.000128
-0.5336 0.000094
-0.5279 0.000065
-0.5213 0.000042
-0.5137 0.000022
-0.5051 0.000007
-0.4955 -0.000005
-0.4847 -0.000014
-0.4727 -0.000022
-0.4594 -0.000027
-0.4447 -0.000030
-0.4286 -0.000033
-0.4108 -0.000034
-0.3913 -0.000035
-0.3700 -0.000035
-0.3468 -0.000034
-0.3213 -0.000033
-0.2935 -0.000032
-0.2627 -0.000031
-0.2281 -0.000030
-0.1879 -0.000028
-0.1382 -0.000027
-0.0691 -0.010773
0.0354 -0.026722
0.1671 -0.066586
0.2631 -0.076238
0.3070 -0.080676
0.3115 -0.081156
0.2931 -0.079332
0.2641 -0.076444
0.2319 -0.073225
0.1999 -0.070022
0.1692 -0.066949
0.1396 -0.063986
0.1100 -0.061035
0.0789 -0.057924
0.0432 -0.054364
-0.0020 -0.046687
-0.0646 -0.036488
-0.1480 -0.024653
-0.2374 -0.015370
-0.3153 -0.009035
-0.3769 -0.005032
-0.4240 -0.002596
-0.4596 -0.001156
-0.4862 -0.000333
-0.5059 0.000114
-0.5204 0.000335
-0.5308 0.000424
-0.5380 0.000437
-0.5426 0.000410
-0.5452 0.000363
-0.5460 0.000309
-0.5455 0.000255
-0.5437 0.000205
-0.5408 0.000160
-0.5369 0.000121
-0.5320 0.000087
-0.5262 0.000060
-0.5194 0.000037
-0.5117 0.000019
-0.5029 0.000004
-0.4931 -0.000008
-0.4821 -0.000016
-0.4700 -0.000023
-0.4565 -0.000028
-0.4416 -0.000031
-0.4252 -0.000034
-0.4072 -0.000035
-0.3875 -0.000035
-0.3659 -0.000035
-0.3423 -0.000034
-0.3166 -0.000033
-0.2883 -0.000032
-0.2570 -0.000031
-0.2217 -0.000030
-0.1803 -0.000028
-0.1283 -0.000028
-0.0548 -0.022232
0.0574 -0.027818
0.1865 -0.068539
0.2736 -0.077304
0.3098 -0.080964
0.3094 -0.080957
0.2886 -0.078891
0.2589 -0.075918
0.2266 -0.072692
0.1948 -0.069514
0.1644 -0.066469
0.1349 -0.063522
0.1054 -0.060566
0.0738 -0.057416
0.0371 -0.053731
-0.0100 -0.045345
-0.0758 -0.034609
-0.1614 -0.023091
-0.2498 -0.014261
-0.3252 -0.008326
-0.3844 -0.004601
-0.4296 -0.002344
-0.4636 -0.001014
-0.4890 -0.000259
-0.5078 0.000148
-0.5216 0.000346
-0.5314 0.000421
-0.5381 0.000428
-0.5424 0.000397
-0.5447 0.000350
-0.5453 0.000296
-0.5445 0.000243
-0.5425 0.000194
-0.5394 0.000150
-0.5354 0.000113
-0.5303 0.000081
-0.5243 0.000054
-0.5174 0.000032
-0.5095 0.000015
-0.5005 0.000001
-0.4905 -0.000010
-0.4794 -0.000018
-0.4670 -0.000025
-0.4533 -0.000029
-0.4381 -0.000032
-0.4215 -0.000034
-0.4032 -0.000035
-0.3832 -0.000036
-0.3613 -0.000035
-0.3374 -0.000035
-0.3113 -0.000034
-0.2825 -0.000032
-0.2506 -0.000031
-0.2144 -0.000030
-0.1715 -0.000028
-0.1166 -0.000028
-0.0376 -0.023088
0.0826 -0.043605
0.2067 -0.070561
0.2837 -0.078321
0.3118 -0.081169
0.3066 -0.080674
0.2835 -0.078376
0.2529 -0.075327
0.2207 -0.072102
0.1892 -0.068953
0.1591 -0.065937
0.1298 -0.063004
0.1001 -0.060036
0.0680 -0.056832
0.0300 -0.052598
-0.0196 -0.043829
-0.0890 -0.032527
-0.1765 -0.021400
-0.2633 -0.013084
-0.3359 -0.007580
-0.3925 -0.004149
-0.4356 -0.002080
-0.4679 -0.000867
-0.4921 -0.000182
-0.5099 0.000183
-0.5229 0.000356
-0.5321 0.000418
-0.5384 0.000417
-0.5422 0.000384
-0.5442 0.000335
-0.5445 0.000282
-0.5435 0.000230
-0.5413 0.000183
-0.5380 0.000140
-0.5337 0.000104
-0.5285 0.000074
-0.5223 0.000048
-0.5152 0.000027
-0.5071 0.000011
-0.4980 -0.000002
-0.4877 -0.000013
-0.4763 -0.000021
-0.4637 -0.000026
-0.4497 -0.000031
-0.4343 -0.000033
-0.4174 -0.000035
-0.3988 -0.000036
-0.3785 -0.000036
-0.3562 -0.000036
-0.3319 -0.000035
-0.3054 -0.000034
-0.2761 -0.000032
-0.2435 -0.000031
-0.2062 -0.000030
-0.1615 -0.000028
-0.1028 -0.000028
-0.0168 -0.024122
0.1103 -0.045680
0.2267 -0.072573
0.2928 -0.079238
0.3127 -0.081265
0.3028 -0.080297
0.2776 -0.077786
0.2464 -0.074674
0.2143 -0.071459
0.1831 -0.068342
0.1533 -0.065355
0.1240 -0.062434
0.0941 -0.059445
0.0613 -0.056169
0.0218 -0.050940
-0.0309 -0.042136
-0.1044 -0.030270
-0.1932 -0.019617
-0.2779 -0.011870
-0.3473 -0.006817
-0.4011 -0.003690
-0.4419 -0.001813
-0.4725 -0.000718
-0.4953 -0.000105
-0.5121 0.000217
-0.5243 0.000365
-0.5329 0.000414
-0.5386 0.000406
-0.5421 0.000369
-0.5436 0.000320
-0.5437 0.000268
-0.5424 0.000217
-0.5400 0.000171
-0.5365 0.000130
-0.5320 0.000095
-0.5265 0.000066
-0.5202 0.000042
-0.5128 0.000022
-0.5045 0.000007
-0.4952 -0.000006
-0.4847 -0.000015
-0.4731 -0.000023
-0.4602 -0.000028
-0.4459 -0.000032
-0.4302 -0.000034
-0.4130 -0.000036
-0.3940 -0.000036
-0.3733 -0.000036
-0.3507 -0.000036
-0.3260 -0.000035
-0.2989 -0.000034
-0.2690 -0.000032
-0.2355 -0.000031
-0.1969 -0.000029
-0.1499 -0.000028
-0.0865 -0.000028
0.0081 -0.025363
0.1392 -0.063788
0.2458 -0.074494
0.3004 -0.080011
0.3123 -0.081231
0.2980 -0.079821
0.2709 -0.077121
0.2393 -0.073964
0.2074 -0.070768
0.1766 -0.067687
0.1470 -0.064728
0.1178 -0.061812
0.0876 -0.058791
0.0538 -0.055420
0.0122 -0.049131
-0.0441 -0.039994
-0.1218 -0.027908
-0.2113 -0.017805
-0.2931 -0.010660
-0.3592 -0.006063
-0.4100 -0.003238
-0.4485 -0.001551
-0.4773 -0.000573
-0.4987 -0.000031
-0.5144 0.000249
-0.5258 0.000373
-0.5337 0.000408
-0.5389 0.000394
-0.5419 0.000355
-0.5431 0.000305
-0.5428 0.000253
-0.5412 0.000204
-0.5385 0.000159
-0.5348 0.000120
-0.5301 0.000087
-0.5245 0.000059
-0.5179 0.000036
-0.5103 0.000017
-0.5018 0.000003
-0.4922 -0.000009
-0.4815 -0.000018
-0.4696 -0.000025
-0.4564 -0.000030
-0.4418 -0.000033
-0.4258 -0.000035
-0.4082 -0.000036
-0.3889 -0.000037
-0.3677 -0.000036
-0.3447 -0.000036
-0.3194 -0.000035
-0.2918 -0.000033
-0.2611 -0.000032
-0.2267 -0.000031
-0.1865 -0.000029
-0.1367 -0.000028
-0.0674 -0.010818
0.0377 -0.026837
0.1687 -0.066752
0.2633 -0.076264
0.3063 -0.080608
0.3105 -0.081057
0.2922 -0.079243
0.2635 -0.076385
0.2317 -0.073200
0.2000 -0.070031
0.1696 -0.066988
0.1403 -0.064055
0.1111 -0.061136
0.0804 -0.058068
0.0453 -0.054573
0.0012 -0.047168
-0.0595 -0.037365
-0.1413 -0.025436
-0.2304 -0.015974
-0.3090 -0.009459
-0.3714 -0.005322
-0.4192 -0.002796
-0.4552 -0.001296
-0.4822 -0.000434
-0.5021 0.000039
-0.5168 0.000278
-0.5272 0.000379
-0.5344 0.000401
-0.5391 0.000380
-0.5416 0.000339
-0.5425 0.000289
-0.5418 0.000238
-0.5400 0.000190
-0.5370 0.000147
-0.5331 0.000109
-0.5281 0.000078
-0.5222 0.000051
-0.5154 0.000030
-0.5076 0.000012
-0.4988 -0.000001
-0.4890 -0.000012
-0.4780 -0.000021
-0.4658 -0.000027
-0.4523 -0.000031
-0.4374 -0.000034
-0.4210 -0.000036
-0.4030 -0.000037
-0.3832 -0.000037
-0.3617 -0.000037
-0.3381 -0.000036
-0.3123 -0.000035
-0.2840 -0.000033
