0.8943 24.2582
0.9237 33.0970
0.9325 40.4848
0.9339 46.3623
0.9335 50.3155
0.9329 51.6462
0.9325 50.0285
0.9320 46.0363
0.9312 40.8741
0.9301 35.6498
0.9286 30.9203
0.9268 26.8168
0.9247 23.2939
0.9222 20.2653
0.9194 17.6504
0.9163 15.3838
0.9127 13.4136
0.9087 11.6982
0.9041 10.2034
0.8989 8.9008
0.8931 7.7655
0.8864 6.7764
0.8789 5.9149
0.8705 5.1647
0.8611 4.5117
0.8506 3.9433
0.8389 3.4487
0.8260 3.0185
0.8118 2.6442
0.7962 2.3187
0.7793 2.0357
0.7611 1.7896
0.7417 1.5757
0.7211 1.3897
0.6994 1.2281
0.6770 1.0876
0.6539 0.9656
0.6304 0.8595
0.6069 0.7674
0.5836 0.6873
0.5607 0.6178
0.5386 0.5574
0.5175 0.5050
0.4974 0.4594
0.4787 0.4199
0.4613 0.3855
0.4453 0.3557
0.4308 0.3298
0.4176 0.3077
0.4068 0.2957
0.4364 0.7409
0.6260 4.8314
0.7874 10.3016
0.8755 17.3150
0.9144 26.4930
0.9284 35.4540
0.9323 43.2832
0.9329 49.2715
0.9329 52.5203
0.9327 52.4583
0.9324 49.5864
0.9319 45.1351
0.9311 40.1779
0.9300 35.3272
0.9285 30.8580
0.9267 26.8628
0.9247 23.3467
0.9222 20.2772
0.9194 17.6085
0.9162 15.2925
0.9126 13.2843
0.9084 11.5434
0.9037 10.0344
0.8983 8.7262
0.8922 7.5919
0.8853 6.6084
0.8775 5.7554
0.8687 5.0155
0.8589 4.3736
0.8480 3.8168
0.8359 3.3336
0.8225 2.9143
0.8078 2.5504
0.7917 2.2346
0.7743 1.9605
0.7556 1.7226
0.7357 1.5162
0.7146 1.3370
0.6925 1.1814
0.6697 1.0464
0.6463 0.9292
0.6227 0.8275
0.5991 0.7392
0.5758 0.6626
0.5531 0.5961
0.5312 0.5384
0.5104 0.4883
0.4907 0.4448
0.4724 0.4071
0.4554 0.3743
0.4399 0.3459
0.4258 0.3213
0.4132 0.3005
0.4040 0.3010
0.4614 1.0531
0.6555 5.7724
0.8070 13.1446
0.8878 22.9952
0.9214 32.0092
0.9320 39.5796
0.9339 45.6703
0.9336 49.9206
0.9330 51.6403
0.9325 50.4059
0.9321 46.6709
0.9314 41.5949
0.9303 36.3383
0.9288 31.5318
0.9271 27.3468
0.9250 23.7515
0.9226 20.6612
0.9198 17.9941
0.9168 15.6830
0.9133 13.6744
0.9093 11.9258
0.9048 10.4021
0.8997 9.0741
0.8939 7.9167
0.8874 6.9083
0.8800 6.0299
0.8718 5.2650
0.8625 4.5990
0.8521 4.0194
0.8406 3.5150
0.8279 3.0762
0.8139 2.6945
0.7985 2.3625
0.7818 2.0738
0.7638 1.8228
0.7445 1.6046
0.7241 1.4149
0.7026 1.2500
0.6802 1.1067
0.6572 0.9822
0.6338 0.8740
0.6103 0.7799
0.5869 0.6983
0.5640 0.6273
0.5418 0.5657
0.5205 0.5122
0.5003 0.4657
0.4814 0.4253
0.4638 0.3903
0.4476 0.3598
0.4328 0.3334
0.4194 0.3107
0.4081 0.2961
0.4271 0.6047
0.6084 4.3542
0.7762 9.8096
0.8701 16.6063
0.9123 25.7309
0.9278 34.7642
0.9322 42.7162
0.9330 48.8957
0.9329 52.4139
0.9327 52.6310
0.9325 49.9476
0.9320 45.5723
0.9312 40.6185
0.9301 35.7379
0.9286 31.2271
0.9269 27.1887
0.9248 23.6321
0.9225 20.5262
0.9197 17.8253
0.9165 15.4812
0.9129 13.4485
0.9088 11.6864
0.9041 10.1587
0.8988 8.8344
0.8927 7.6861
0.8859 6.6903
0.8782 5.8267
0.8696 5.0776
0.8599 4.4276
0.8490 3.8638
0.8370 3.3745
0.8238 2.9499
0.8092 2.5814
0.7933 2.2616
0.7760 1.9840
0.7574 1.7431
0.7375 1.5339
0.7166 1.3524
0.6946 1.1949
0.6718 1.0581
0.6485 0.9394
0.6249 0.8364
0.6013 0.7469
0.5780 0.6693
0.5552 0.6019
0.5332 0.5434
0.5123 0.4927
0.4925 0.4486
0.4741 0.4104
0.4570 0.3772
0.4413 0.3485
0.4271 0.3235
0.4143 0.3023
0.4047 0.3000
0.4573 0.9896
0.6503 5.6025
0.8038 12.9020
0.8863 22.7322
0.9208 31.7708
0.9318 39.3732
0.9339 45.5075
0.9336 49.8234
0.9330 51.6318
0.9326 50.4866
0.9321 46.8138
0.9314 41.7626
0.9303 36.5034
0.9289 31.6824
0.9271 27.4804
0.9250 23.8689
0.9227 20.7643
0.9199 18.0846
0.9169 15.7624
0.9134 13.7441
0.9094 11.9869
0.9050 10.4556
0.8999 9.1210
0.8942 7.9578
0.8877 6.9442
0.8803 6.0613
0.8721 5.2924
0.8629 4.6230
0.8526 4.0404
0.8411 3.5333
0.8284 3.0922
0.8144 2.7085
0.7991 2.3747
0.7825 2.0845
0.7646 1.8321
0.7453 1.6127
0.7249 1.4220
0.7035 1.2562
0.6812 1.1121
0.6582 0.9869
0.6348 0.8781
0.6113 0.7835
0.5879 0.7014
0.5649 0.6301
0.5427 0.5681
0.5213 0.5143
0.5011 0.4675
0.4821 0.4269
0.4645 0.3916
0.4482 0.3610
0.4334 0.3345
0.4200 0.3116
0.4086 0.2970
0.4287 0.6229
0.6113 4.4283
0.7780 9.8962
0.8710 16.7636
0.9126 25.9224
0.9279 34.9494
0.9322 42.8790
0.9330 49.0224
0.9329 52.4902
0.9327 52.6511
0.9325 49.9213
0.9320 45.5174
0.9312 40.5509
0.9301 35.6680
0.9286 31.1610
0.9269 27.1290
0.9248 23.5797
0.9224 20.4809
0.9197 17.7865
0.9165 15.4482
0.9129 13.4205
0.9087 11.6625
0.9040 10.1385
0.8987 8.8172
0.8926 7.6715
0.8858 6.6780
0.8781 5.8162
0.8694 5.0686
0.8597 4.4201
0.8489 3.8573
0.8369 3.3690
0.8236 2.9452
0.8090 2.5774
0.7931 2.2582
0.7758 1.9811
0.7572 1.7406
0.7373 1.5319
0.7163 1.3507
0.6944 1.1934
0.6716 1.0568
0.6483 0.9383
0.6247 0.8354
0.6011 0.7461
0.5778 0.6686
0.5550 0.6013
0.5330 0.5430
0.5121 0.4923
0.4923 0.4483
0.4739 0.4101
0.4568 0.3770
0.4412 0.3482
0.4270 0.3233
0.4142 0.3022
0.4052 0.3049
0.4692 1.1715
0.6643 6.0577
0.8122 13.5856
0.8902 23.4362
0.9222 32.3586
0.9321 39.8514
0.9339 45.8709
0.9335 50.0355
0.9330 51.6448
0.9325 50.2997
0.9321 46.4913
0.9313 41.3965
0.9302 36.1582
0.9288 31.3814
0.9270 27.2244
0.9249 23.6515
0.9225 20.5788
0.9198 17.9253
0.9167 15.6249
0.9132 13.6250
0.9092 11.8835
0.9047 10.3658
0.8996 9.0428
0.8938 7.8898
0.8872 6.8851
0.8798 6.0100
0.8716 5.2478
0.8623 4.5843
0.8519 4.0067
0.8403 3.5042
0.8276 3.0669
0.8135 2.6865
0.7981 2.3557
0.7814 2.0680
0.7634 1.8178
0.7441 1.6003
0.7236 1.4112
0.7021 1.2469
0.6798 1.1040
0.6568 0.9799
0.6334 0.8720
0.6099 0.7783
0.5865 0.6969
0.5636 0.6261
0.5414 0.5647
0.5201 0.5113
0.4999 0.4649
0.4810 0.4247
0.4635 0.3897
0.4473 0.3594
0.4326 0.3330
0.4193 0.3104
0.4082 0.2985
0.4422 0.8127
0.6337 5.0354
0.7920 10.5473
0.8777 17.7594
0.9153 27.0155
0.9288 35.9560
0.9324 43.7210
0.9330 49.6066
0.9329 52.7145
0.9327 52.4997
0.9324 49.5051
0.9319 44.9793
0.9311 39.9893
0.9299 35.1339
0.9284 30.6757
0.9267 26.6985
0.9246 23.2027
0.9221 20.1530
0.9193 17.5023
0.9161 15.2022
0.9124 13.2077
0.9082 11.4786
0.9035 9.9795
0.8980 8.6797
0.8919 7.5526
0.8850 6.5750
0.8772 5.7271
0.8684 4.9916
0.8586 4.3533
0.8476 3.7996
0.8355 3.3190
0.8220 2.9019
0.8073 2.5399
0.7912 2.2257
0.7738 1.9530
0.7550 1.7163
0.7351 1.5108
0.7140 1.3324
0.6919 1.1775
0.6691 1.0431
0.6457 0.9264
0.6221 0.8251
0.5985 0.7372
0.5753 0.6609
0.5526 0.5947
0.5307 0.5372
0.5099 0.4873
0.4903 0.4439
0.4720 0.4064
0.4551 0.3737
0.4396 0.3454
0.4256 0.3209
0.4130 0.3005
0.4063 0.3239
0.4998 1.7098
0.6949 7.1290
0.8300 15.2131
0.8981 25.0377
0.9249 33.7076
0.9328 40.9562
0.9339 46.7022
0.9334 50.4925
0.9329 51.6180
0.9325 49.8058
0.9320 45.6966
0.9312 40.5157
0.9300 35.3323
0.9285 30.6587
0.9267 26.6053
0.9245 23.1223
0.9221 20.1243
0.9193 17.5331
0.9161 15.2850
0.9126 13.3298
0.9085 11.6267
0.9039 10.1422
0.8987 8.8483
0.8928 7.7205
0.8861 6.7378
0.8786 5.8818
0.8701 5.1363
0.8607 4.4873
0.8501 3.9225
0.8384 3.4309
0.8254 3.0033
0.8112 2.6313
0.7956 2.3077
0.7787 2.0263
0.7605 1.7816
0.7410 1.5689
0.7203 1.3840
0.6987 1.2232
0.6762 1.0835
0.6531 0.9621
0.6297 0.8566
0.6062 0.7649
0.5829 0.6852
0.5601 0.6160
0.5380 0.5559
0.5169 0.5037
0.4969 0.4584
0.4782 0.4190
0.4609 0.3848
0.4450 0.3551
0.4304 0.3293
0.4174 0.3075
0.4076 0.3058
0.4748 1.3409
0.6725 6.1614
0.8150 11.8036
0.8885 19.6586
0.9195 28.9918
0.9300 37.7400
0.9327 45.1762
0.9330 50.5566
0.9329 52.9843
0.9327 52.1015
0.9324 48.6698
0.9318 43.9644
0.9309 38.9594
0.9296 34.1688
0.9281 29.8060
0.9262 25.9306
0.9241 22.5317
0.9216 19.5699
0.9187 16.9969
0.9154 14.7647
0.9116 12.8291
0.9073 11.1509
0.9024 9.6959
0.8968 8.4343
0.8906 7.3401
0.8835 6.3911
0.8755 5.5678
0.8665 4.8536
0.8564 4.2338
0.8452 3.6960
0.8328 3.2293
0.8192 2.8242
0.8041 2.4726
0.7878 2.1673
0.7701 1.9024
0.7511 1.6724
0.7309 1.4728
0.7096 1.2994
0.6874 1.1490
0.6644 1.0184
0.6410 0.9050
0.6174 0.8065
0.5939 0.7211
0.5707 0.6469
0.5482 0.5825
0.5265 0.5267
0.5059 0.4782
0.4866 0.4361
0.4685 0.3995
0.4519 0.3678
0.4367 0.3403
0.4230 0.3165
0.4108 0.2979
0.4122 0.3993
0.5515 2.8336
0.7373 8.8777
0.8532 17.7953
0.9079 27.4171
0.9281 35.7043
0.9334 42.5792
0.9338 47.8817
0.9333 51.0545
0.9328 51.4189
0.9323 48.9236
0.9318 44.4184
0.9309 39.1607
0.9297 34.0847
0.9281 29.5726
0.9262 25.6747
0.9239 22.3249
0.9214 19.4379
0.9185 16.9396
0.9153 14.7701
0.9116 12.8821
0.9074 11.2370
0.9027 9.8029
0.8973 8.5528
0.8912 7.4632
0.8843 6.5139
0.8766 5.6869
0.8679 4.9669
0.8582 4.3400
0.8473 3.7944
0.8353 3.3196
0.8220 2.9065
0.8075 2.5471
0.7916 2.2346
0.7743 1.9628
0.7558 1.7265
0.7360 1.5210
0.7151 1.3424
0.6932 1.1871
0.6706 1.0522
0.6474 0.9349
0.6239 0.8329
0.6005 0.7444
0.5773 0.6674
0.5546 0.6006
0.5328 0.5425
0.5119 0.4921
0.4923 0.4483
0.4739 0.4102
0.4569 0.3772
0.4413 0.3485
0.4271 0.3236
0.4145 0.3033
0.4095 0.3476
0.5318 2.4717
0.7222 7.7639
0.8426 13.7970
0.9008 22.4313
0.9240 31.7146
0.9313 40.1419
0.9329 47.0602
0.9330 51.6580
0.9328 53.0961
0.9326 51.3326
0.9322 47.3853
0.9315 42.5025
0.9305 37.5170
0.9292 32.8356
0.9276 28.6131
0.9256 24.8810
0.9234 21.6161
0.9208 18.7747
0.9177 16.3076
0.9143 14.1676
0.9104 12.3121
0.9059 10.7033
0.9008 9.3084
0.8951 8.0986
0.8886 7.0494
0.8812 6.1392
0.8729 5.3496
0.8637 4.6644
0.8533 4.0699
0.8418 3.5539
0.8290 3.1061
0.8149 2.7173
0.7996 2.3799
0.7828 2.0870
0.7647 1.8328
0.7454 1.6120
0.7249 1.4204
0.7033 1.2540
0.6808 1.1096
0.6577 0.9842
0.6342 0.8754
0.6106 0.7809
0.5872 0.6988
0.5642 0.6276
0.5419 0.5658
0.5205 0.5121
0.5003 0.4656
0.4813 0.4251
0.4637 0.3901
0.4475 0.3596
0.4327 0.3332
0.4193 0.3104
0.4081 0.2981
0.4376 0.7069
0.6208 4.6890
0.7852 11.5515
0.8774 21.2113
0.9175 30.4081
0.9309 38.2019
0.9338 44.5740
0.9336 49.2342
0.9331 51.5156
0.9326 50.8668
0.9322 47.5576
0.9315 42.6614
0.9305 37.3945
0.9292 32.4936
0.9275 28.1960
0.9254 24.4949
0.9231 21.3117
0.9205 18.5638
0.9175 16.1823
0.9141 14.1122
0.9102 12.3095
0.9059 10.7383
0.9009 9.3685
0.8953 8.1744
0.8890 7.1337
0.8819 6.2270
0.8738 5.4373
0.8648 4.7496
0.8547 4.1510
0.8435 3.6300
0.8311 3.1767
0.8174 2.7823
0.8024 2.4392
0.7860 2.1408
0.7683 1.8813
0.7494 1.6557
0.7292 1.4595
0.7080 1.2890
0.6859 1.1407
0.6630 1.0119
0.6397 0.8999
0.6162 0.8026
0.5928 0.7180
0.5698 0.6446
0.5474 0.5807
0.5259 0.5253
0.5054 0.4771
0.4861 0.4353
0.4682 0.3990
0.4517 0.3674
0.4366 0.3400
0.4228 0.3164
0.4110 0.3001
0.4282 0.5985
0.6079 4.3249
0.7756 9.8234
0.8699 16.7656
0.9123 25.9894
0.9279 35.0468
0.9323 42.9895
0.9330 49.1490
0.9330 52.6416
0.9328 52.8178
0.9325 50.0737
0.9320 45.6340
0.9312 40.6311
0.9301 35.7223
0.9286 31.1998
0.9269 27.1599
0.9248 23.6069
0.9224 20.5066
0.9197 17.8116
0.9165 15.4728
0.9129 13.4444
0.9088 11.6857
0.9041 10.1607
0.8988 8.8383
0.8928 7.6913
0.8859 6.6964
0.8783 5.8332
0.8696 5.0843
0.8600 4.4345
0.8492 3.8705
0.8372 3.3810
0.8240 2.9561
0.8094 2.5873
0.7935 2.2671
0.7763 1.9892
0.7578 1.7479
0.7380 1.5384
0.7170 1.3565
0.6951 1.1986
0.6724 1.0615
0.6492 0.9425
0.6256 0.8392
0.6020 0.7495
0.5787 0.6716
0.5559 0.6040
0.5339 0.5453
0.5130 0.4944
0.4932 0.4501
0.4747 0.4118
0.4576 0.3785
0.4419 0.3495
0.4277 0.3245
0.4148 0.3034
0.4078 0.3268
0.5038 1.7896
0.6984 7.2550
0.8319 15.4557
0.8989 25.2360
0.9252 33.8368
0.9328 41.0395
0.9339 46.7558
0.9334 50.5194
0.9329 51.6115
0.9324 49.7646
0.9319 45.6359
0.9312 40.4597
0.9300 35.2939
0.9285 30.6384
0.9267 26.5987
0.9245 23.1245
0.9221 20.1318
0.9193 17.5433
0.9161 15.2965
0.9126 13.3416
0.9085 11.6382
0.9039 10.1533
0.8987 8.8587
0.8928 7.7302
0.8862 6.7468
0.8787 5.8901
0.8702 5.1440
0.8608 4.4944
0.8503 3.9290
0.8386 3.4369
0.8256 3.0087
0.8114 2.6362
0.7958 2.3122
0.7790 2.0304
0.7608 1.7854
0.7413 1.5723
0.7207 1.3871
0.6991 1.2260
0.6766 1.0860
0.6536 0.9644
0.6302 0.8586
0.6067 0.7667
0.5834 0.6869
0.5606 0.6175
0.5385 0.5573
0.5174 0.5049
0.4974 0.4594
0.4787 0.4200
0.4613 0.3857
0.4454 0.3559
0.4308 0.3300
0.4177 0.3081
0.4087 0.3157
0.4954 1.7085
0.6917 6.7547
0.8259 12.5795
0.8935 20.8674
0.9214 30.2365
0.9307 38.8687
0.9329 46.1010
0.9331 51.1720
0.9329 53.1951
0.9327 51.9230
0.9323 48.2326
0.9317 43.4112
0.9307 38.3854
0.9295 33.6241
0.9279 29.3125
0.9260 25.4945
0.9238 22.1516
0.9212 19.2411
0.9183 16.7136
0.9149 14.5210
0.9111 12.6197
0.9067 10.9710
0.9018 9.5414
0.8962 8.3015
0.8898 7.2260
0.8826 6.2929
0.8745 5.4834
0.8654 4.7809
0.8553 4.1713
0.8439 3.6422
0.8314 3.1829
0.8176 2.7843
0.8025 2.4382
0.7860 2.1378
0.7682 1.8769
0.7491 1.6505
0.7287 1.4539
0.7074 1.2832
0.6851 1.1350
0.6621 1.0063
0.6386 0.8946
0.6150 0.7976
0.5916 0.7134
0.5685 0.6403
0.5460 0.5768
0.5245 0.5217
0.5040 0.4739
0.4848 0.4324
0.4669 0.3964
0.4505 0.3651
0.4354 0.3380
0.4218 0.3145
0.4100 0.2988
0.4290 0.5927
0.6038 4.1970
0.7740 10.8582
0.8720 20.4101
0.9154 29.6852
0.9303 37.5776
0.9337 44.0712
0.9337 48.9070
0.9331 51.4345
0.9327 51.0507
0.9322 47.9399
0.9316 43.1328
0.9306 37.8672
0.9293 32.9261
0.9276 28.5782
0.9256 24.8291
0.9234 21.6033
0.9207 18.8185
0.9178 16.4049
0.9145 14.3068
0.9107 12.4797
0.9064 10.8870
0.9015 9.4984
0.8959 8.2879
0.8897 7.2328
0.8826 6.3135
0.8747 5.5128
0.8658 4.8155
0.8558 4.2085
0.8447 3.6802
0.8324 3.2205
0.8188 2.8205
0.8040 2.4725
0.7878 2.1699
0.7702 1.9067
0.7514 1.6778
0.7314 1.4788
0.7103 1.3058
0.6882 1.1554
0.6655 1.0247
0.6422 0.9110
0.6187 0.8123
0.5953 0.7265
0.5722 0.6520
0.5498 0.5872
0.5281 0.5309
0.5076 0.4820
0.4882 0.4396
0.4701 0.4027
0.4534 0.3707
0.4382 0.3429
0.4243 0.3188
0.4122 0.3014
0.4261 0.5626
0.6020 4.1623
0.7717 9.6760
0.8680 16.6410
0.9116 25.9001
0.9277 34.9898
0.9323 42.9628
0.9331 49.1651
0.9330 52.7177
0.9328 52.9486
0.9325 50.2251
0.9320 45.7748
0.9312 40.7499
0.9301 35.8199
0.9287 31.2807
0.9269 27.2283
0.9249 23.6659
0.9225 20.5582
0.9197 17.8571
0.9166 15.5133
0.9130 13.4805
0.9089 11.7179
0.9042 10.1894
0.8989 8.8638
0.8929 7.7140
0.8861 6.7165
0.8784 5.8511
0.8698 5.1002
0.8602 4.4485
0.8494 3.8829
0.8375 3.3919
0.8243 2.9658
0.8098 2.5958
0.7939 2.2747
0.7768 1.9958
0.7583 1.7537
0.7385 1.5436
0.7176 1.3611
0.6957 1.2026
0.6730 1.0651
0.6498 0.9456
0.6262 0.8419
0.6027 0.7519
0.5794 0.6737
0.5566 0.6059
0.5346 0.5469
0.5136 0.4958
0.4938 0.4514
0.4753 0.4129
0.4581 0.3794
0.4424 0.3504
0.4281 0.3252
0.4152 0.3042
0.4093 0.3402
0.5176 2.0704
0.7102 7.7139
0.8385 16.1943
0.9018 25.9060
0.9261 34.3803
0.9330 41.4733
0.9339 47.0752
0.9333 50.6865
0.9328 51.5846
0.9324 49.5537
0.9319 45.3135
0.9311 40.1159
0.9299 34.9823
0.9284 30.3733
0.9265 26.3767
0.9244 22.9379
0.9219 19.9734
0.9191 17.4076
0.9159 15.1795
0.9124 13.2402
0.9083 11.5502
0.9037 10.0768
0.8984 8.7921
0.8925 7.6723
0.8858 6.6964
0.8782 5.8463
0.8697 5.1060
0.8602 4.4614
0.8497 3.9004
0.8379 3.4121
0.8249 2.9872
0.8106 2.6176
0.7950 2.2961
0.7780 2.0165
0.7597 1.7733
0.7402 1.5619
0.7196 1.3780
0.6979 1.2182
0.6754 1.0793
0.6524 0.9585
0.6290 0.8536
0.6055 0.7624
0.5822 0.6831
0.9224 37.2236
0.9291 44.5030
0.9317 49.3311
0.9324 51.1236
0.9324 48.9911
0.9319 43.8014
0.9309 37.8037
0.9294 32.3320
0.9275 27.7190
0.9252 23.9083
0.9227 20.7466
0.9200 18.0836
0.9169 15.8055
0.9135 13.8350
0.9096 12.1199
0.9053 10.6231
0.9005 9.3153
0.8951 8.1722
0.8890 7.1728
0.8821 6.2988
0.8745 5.5344
0.8660 4.8656
0.8565 4.2803
0.8461 3.7681
0.8346 3.3197
0.8219 2.9272
0.8082 2.5835
0.7932 2.2826
0.7771 2.0192
0.7598 1.7886
0.7415 1.5866
0.7221 1.4097
0.7018 1.2549
0.6809 1.1192
0.6593 1.0004
0.6374 0.8963
0.6154 0.8052
0.5935 0.7253
0.5719 0.6554
0.5509 0.5942
0.5307 0.5410
0.5116 0.4954
0.4941 0.4578
0.4791 0.4323
0.4726 0.4530
0.4887 0.5674
0.5319 0.7972
0.6106 2.0062
0.7506 10.0562
0.8547 20.6341
0.9066 29.5589
0.9268 36.6117
0.9326 41.8159
0.9332 44.8019
0.9325 44.4351
0.9315 41.4158
0.9304 37.7274
0.9293 34.3867
0.9281 31.4673
0.9269 28.7144
0.9255 25.9760
0.9239 23.2858
0.9220 20.7328
0.9198 18.3810
0.9172 16.2568
0.9141 14.3594
0.9107 12.6737
0.9068 11.1797
0.9024 9.8571
0.8974 8.6872
0.8919 7.6535
0.8856 6.7408
0.8785 5.9361
0.8707 5.2271
0.8619 4.6032
0.8521 4.0547
0.8413 3.5727
0.8294 3.1496
0.8163 2.7783
0.8021 2.4527
0.7866 2.1672
0.7700 1.9170
0.7521 1.6979
0.7332 1.5059
0.7133 1.3378
0.6925 1.1906
0.6711 1.0617
0.6491 0.9489
0.6269 0.8503
0.6047 0.7639
0.5827 0.6884
0.5611 0.6224
0.5403 0.5650
0.5204 0.5154
0.5021 0.4755
0.4869 0.4502
0.4776 0.4449
0.4777 0.4805
0.5177 0.8750
0.6228 2.0094
0.7312 3.6474
0.8098 5.5993
0.8607 10.7955
0.8963 22.3926
0.9168 33.1742
0.9266 41.5045
0.9306 47.4208
0.9321 50.7224
0.9325 50.4941
0.9322 46.5040
0.9314 40.6644
0.9301 34.8831
0.9284 29.8748
0.9264 25.7086
0.9240 22.2562
0.9214 19.3635
0.9185 16.9053
0.9152 14.7930
0.9116 12.9648
0.9076 11.3753
0.9031 9.9893
0.8980 8.7784
0.8924 7.7186
0.8860 6.7899
0.8790 5.9752
0.8711 5.2602
0.8623 4.6323
0.8526 4.0810
0.8419 3.5969
0.8301 3.1719
0.8171 2.7989
0.8029 2.4716
0.7876 2.1846
0.7711 1.9329
0.7534 1.7123
0.7346 1.5189
0.7148 1.3496
0.6941 1.2012
0.6727 1.0713
0.6509 0.9575
0.6287 0.8579
0.6065 0.7708
0.5845 0.6945
0.5629 0.6279
0.5421 0.5699
0.5222 0.5202
0.5038 0.4788
0.4877 0.4482
0.4780 0.4539
0.4877 0.5452
0.5245 0.7442
0.5844 1.2123
0.7037 6.2456
0.8245 16.9253
0.8925 26.5538
0.9216 34.2727
0.9312 40.1489
0.9331 44.1438
0.9328 45.1021
0.9319 42.8398
0.9309 39.2221
0.9298 35.7124
0.9286 32.6490
0.9274 29.8334
0.9261 27.0624
0.9246 24.3276
0.9228 21.7097
0.9207 19.2782
0.9182 17.0673
0.9154 15.0826
0.9121 13.3134
0.9084 11.7427
0.9042 10.3515
0.8994 9.1214
0.8941 8.0354
0.8881 7.0777
0.8813 6.2339
0.8738 5.4912
0.8654 4.8379
0.8561 4.2635
0.8457 3.7587
0.8343 3.3153
0.8218 2.9259
0.8081 2.5840
0.7932 2.2840
0.7772 2.0207
0.7599 1.7898
0.7416 1.5872
0.7222 1.4097
0.7018 1.2540
0.6807 1.1176
0.6590 0.9981
0.6370 0.8934
0.6148 0.8018
0.5926 0.7215
0.5709 0.6514
0.5497 0.5903
0.5294 0.5375
0.5105 0.4945
0.4946 0.4661
0.4841 0.4573
0.4823 0.4811
0.5109 0.7721
0.6065 1.7848
0.7161 3.3554
0.7993 5.2081
0.8524 8.7595
0.8899 19.5076
0.9131 30.7883
0.9248 39.6862
0.9298 46.1590
0.9318 50.1596
0.9324 50.9305
0.9323 47.8061
0.9317 42.2353
0.9305 36.3471
0.9289 31.1278
0.9269 26.7568
0.9247 23.1353
0.9221 20.1093
0.9193 17.5459
0.9162 15.3486
0.9127 13.4495
0.9088 11.7997
0.9044 10.3616
0.8995 9.1051
0.8940 8.0053
0.8879 7.0414
0.8811 6.1960
0.8734 5.4541
0.8649 4.8028
0.8555 4.2311
0.8451 3.7293
0.8336 3.2888
0.8209 2.9023
0.8072 2.5633
0.7922 2.2659
0.7761 2.0051
0.7588 1.7764
0.7404 1.5759
0.7210 1.4002
0.7006 1.2462
0.6796 1.1113
0.6580 0.9931
0.6360 0.8895
0.6139 0.7988
0.5919 0.7193
0.5702 0.6498
0.5492 0.5893
0.5291 0.5375
0.5104 0.4942
0.4940 0.4621
0.4839 0.4660
0.4923 0.5535
0.5272 0.7475
0.5842 1.1579
0.6954 5.4738
0.8176 16.0345
0.8887 25.8191
0.9200 33.6864
0.9307 39.6573
0.9330 43.7142
0.9328 44.9243
0.9319 42.9037
0.9309 39.3694
0.9298 35.8675
0.9287 32.8237
0.9275 30.0710
0.9262 27.3732
0.9248 24.6856
0.9231 22.0829
0.9210 19.6432
0.9186 17.4109
0.9159 15.3990
0.9127 13.6015
0.9091 12.0032
0.9050 10.5863
0.9003 9.3325
0.8951 8.2249
0.8892 7.2475
0.8826 6.3859
0.8753 5.6271
0.8671 4.9592
0.8580 4.3717
0.8478 3.8552
0.8367 3.4013
0.8244 3.0025
0.8110 2.6523
0.7965 2.3449
0.7807 2.0750
0.7638 1.8383
0.7457 1.6305
0.7266 1.4484
0.7066 1.2886
0.6857 1.1486
0.6643 1.0258
0.6424 0.9183
0.6203 0.8240
0.5983 0.7415
0.5765 0.6693
0.5553 0.6063
0.5349 0.5521
0.5160 0.5085
0.5003 0.4802
0.4901 0.4722
0.4887 0.4997
0.5189 0.8087
0.6133 1.8307
0.7203 3.4035
0.8013 5.2407
0.8527 8.3876
0.8888 18.6809
0.9120 30.0487
0.9241 39.0747
0.9295 45.6698
0.9316 49.8117
0.9323 50.8122
0.9323 47.9473
0.9317 42.4962
0.9306 36.6050
0.9290 31.3394
0.9270 26.9219
0.9248 23.2700
0.9222 20.2306
0.9194 17.6642
0.9163 15.4676
0.9129 13.5693
0.9090 11.9188
0.9047 10.4782
0.8999 9.2177
0.8946 8.1129
0.8886 7.1434
0.8819 6.2918
0.8744 5.5436
0.8661 4.8860
0.8568 4.3080
0.8466 3.8000
0.8353 3.3537
0.8230 2.9617
0.8095 2.6174
0.7948 2.3151
0.7790 2.0498
0.7620 1.8169
0.7439 1.6126
0.7248 1.4334
0.7047 1.2762
0.6839 1.1384
0.6626 1.0175
0.6408 0.9115
0.6188 0.8186
0.5969 0.7372
0.5753 0.6660
0.5543 0.6042
0.5342 0.5512
0.5156 0.5074
0.4995 0.4771
0.4910 0.4901
0.5024 0.5908
0.5392 0.7973
0.5965 1.2440
0.7054 5.6628
0.8222 16.1415
0.8901 25.8834
0.9201 33.7024
0.9305 39.5709
0.9328 43.3779
0.9326 44.3790
0.9318 42.3025
0.9308 38.8095
0.9297 35.3785
0.9285 32.4199
0.9273 29.7745
0.9261 27.1897
0.9247 24.5936
0.9230 22.0526
0.9210 19.6501
0.9186 17.4390
0.9159 15.4396
0.9128 13.6502
0.9092 12.0578
0.9051 10.6451
0.9005 9.3942
0.8954 8.2881
0.8896 7.3112
0.8831 6.4490
0.8759 5.6888
0.8678 5.0190
0.8588 4.4290
0.8489 3.9097
0.8380 3.4528
0.8260 3.0509
0.8128 2.6976
0.7985 2.3869
0.7830 2.1140
0.7664 1.8742
0.7487 1.6636
0.7299 1.4787
0.7101 1.3164
0.6896 1.1739
0.6684 1.0489
0.6467 0.9392
0.6248 0.8430
0.6029 0.7587
0.5813 0.6850
0.5601 0.6207
0.5398 0.5660
0.5213 0.5234
0.5063 0.4977
0.4974 0.4935
0.4982 0.5366
0.5357 0.9193
0.6315 2.0074
0.7335 3.6087
0.8090 5.4409
0.8562 8.3139
0.8893 18.0071
0.9114 29.3329
0.9234 38.3943
0.9290 45.0339
0.9313 49.2353
0.9321 50.3585
0.9322 47.6861
0.9316 42.3708
0.9305 36.5272
0.9290 31.2662
0.9270 26.8436
0.9247 23.1934
0.9222 20.1666
0.9194 17.6199
0.9163 15.4446
0.9128 13.5655
0.9090 11.9305
0.9048 10.5018
0.9000 9.2500
0.8947 8.1512
0.8888 7.1857
0.8822 6.3365
0.8748 5.5893
0.8666 4.9317
0.8575 4.3529
0.8475 3.8436
0.8364 3.3956
0.8242 3.0015
0.8110 2.6549
0.7966 2.3503
0.7810 2.0827
0.7643 1.8475
0.7465 1.6409
0.7276 1.4595
0.7079 1.3002
0.6873 1.1603
0.6662 1.0376
0.6446 0.9299
0.6228 0.8354
0.6011 0.7525
0.5796 0.6801
0.5586 0.6173
0.5387 0.5640
0.5204 0.5206
0.5052 0.4963
0.5002 0.5266
0.5168 0.6501
0.5568 0.8781
0.6153 1.4125
0.7227 6.2248
0.8311 16.6181
0.8934 26.2209
0.9209 33.8994
0.9303 39.5729
0.9325 43.0189
0.9323 43.6423
0.9315 41.4046
0.9305 37.9446
0.9294 34.6171
0.9282 31.7767
0.9271 29.2593
0.9258 26.8032
0.9244 24.3170
0.9228 21.8587
0.9208 19.5147
0.9185 17.3442
0.9158 15.3739
0.9126 13.6064
0.9091 12.0313
0.9050 10.6325
0.9005 9.3927
0.8954 8.2953
0.8896 7.3250
0.8832 6.4677
0.8760 5.7110
0.8681 5.0434
0.8592 4.4549
0.8494 3.9362
0.8386 3.4793
0.8267 3.0770
0.8137 2.7229
0.7996 2.4113
0.7843 2.1372
0.7679 1.8962
0.7504 1.6843
0.7319 1.4980
0.7124 1.3344
0.6920 1.1906
0.6710 1.0643
0.6496 0.9534
0.6278 0.8561
0.6061 0.7708
0.5845 0.6961
0.5635 0.6313
0.5435 0.5774
0.5256 0.5377
0.5121 0.5168
0.5051 0.5191
0.5102 0.5952
0.5586 1.0936
0.6558 2.2782
0.7512 3.9190
0.8195 5.7490
0.8615 8.6472
0.8914 18.1827
0.9119 29.3192
0.9233 38.2319
0.9288 44.7509
0.9311 48.8345
0.9320 49.8361
0.9321 47.1115
0.9315 41.8373
0.9304 36.0662
0.9288 30.8722
0.9268 26.5055
0.9245 22.9048
0.9219 19.9249
0.9191 17.4227
0.9160 15.2878
0.9125 13.4435
0.9087 11.8373
0.9045 10.4319
0.8998 9.1986
0.8945 8.1146
0.8886 7.1606
0.8820 6.3205
0.8746 5.5803
0.8665 4.9282
0.8575 4.3536
0.8475 3.8474
0.8365 3.4016
0.8244 3.0092
0.8112 2.6637
0.7969 2.3598
0.7815 2.0924
0.7649 1.8573
0.7473 1.6507
0.7286 1.4690
0.7090 1.3094
0.6886 1.1691
0.6676 1.0459
0.6462 0.9377
0.6245 0.8427
0.6029 0.7595
0.5815 0.6869
0.5608 0.6244
0.5412 0.5719
0.5234 0.5313
0.5104 0.5194
0.5109 0.5755
0.5340 0.7290
0.5778 0.9865
0.6401 1.7741
0.7491 7.6615
0.8461 18.0354
0.8998 27.3232
0.9228 34.6738
0.9306 39.9535
0.9323 42.8499
0.9320 42.8701
0.9312 40.3315
0.9302 36.8925
0.9291 33.7043
0.9279 31.0062
0.9267 28.6048
0.9255 26.2445
0.9241 23.8419
0.9224 21.4571
0.9204 19.1757
0.9181 17.0578
0.9153 15.1315
0.9122 13.4012
0.9086 11.8580
0.9045 10.4866
0.8999 9.2704
0.8948 8.1934
0.8890 7.2404
0.8826 6.3978
0.8754 5.6535
0.8674 4.9963
0.8585 4.4165
0.8487 3.9051
0.8378 3.4542
0.8260 3.0569
0.8130 2.7069
0.7989 2.3988
0.7837 2.1275
0.7673 1.8887
0.7498 1.6787
0.7313 1.4939
0.7119 1.3315
0.6916 1.1887
0.6707 1.0632
0.6494 0.9529
0.6277 0.8561
0.6061 0.7713
0.5847 0.6973
0.5639 0.6339
0.5445 0.5833
0.5281 0.5493
0.5168 0.5360
0.5129 0.5505
0.5267 0.7060
0.5912 1.3964
0.6890 2.7246
0.7751 4.4218
0.8337 6.2650
0.8697 9.8713
0.8964 20.0738
0.9144 30.7874
0.9243 39.2158
0.9291 45.2876
0.9312 48.8688
0.9320 49.2305
0.9319 45.9721
0.9313 40.5528
0.9301 34.8904
0.9284 29.8714
0.9264 25.6711
0.9240 22.2110
0.9214 19.3465
0.9185 16.9389
0.9153 14.8819
0.9118 13.1023
0.9079 11.5500
0.9036 10.1894
0.8988 8.9935
0.8934 7.9408
0.8875 7.0132
0.8808 6.1953
0.8734 5.4741
0.8651 4.8380
0.8560 4.2770
0.8459 3.7825
0.8349 3.3466
0.8227 2.9626
0.8095 2.6243
0.7951 2.3265
0.7796 2.0644
0.7630 1.8337
0.7453 1.6308
0.7266 1.4524
0.7070 1.2954
0.6867 1.1575
0.6657 1.0362
0.6443 0.9297
0.6228 0.8362
0.6013 0.7544
0.5801 0.6835
0.5598 0.6231
0.5408 0.5735
0.5246 0.5415
0.5162 0.5545
0.5255 0.6501
0.5570 0.8449
0.6051 1.1610
0.6785 2.8168
0.7876 10.6090
0.8679 20.8227
0.9091 29.5184
0.9259 36.2402
0.9312 40.7685
0.9321 42.7211
0.9316 41.7981
0.9308 38.8422
0.9297 35.4635
0.9286 32.4836
0.9274 29.9683
0.9262 27.6790
0.9250 25.3881
0.9235 23.0505
0.9218 20.7380
0.9197 18.5326
0.9173 16.4891
0.9145 14.6319
0.9112 12.9643
0.9075 11.4770
0.9033 10.1551
0.8986 8.9826
0.8934 7.9439
0.8875 7.0244
0.8809 6.2111
0.8735 5.4922
0.8654 4.8571
0.8563 4.2964
0.8463 3.8015
0.8353 3.3650
0.8233 2.9801
0.8101 2.6408
0.7959 2.3419
0.7805 2.0786
0.7640 1.8467
0.7464 1.6426
0.7278 1.4630
0.7083 1.3049
0.6880 1.1659
0.6671 1.0437
0.6458 0.9363
0.6242 0.8421
0.6027 0.7597
0.5816 0.6883
0.5614 0.6293
0.5434 0.5856
0.5294 0.5613
0.5216 0.5599
0.5233 0.6090
0.5557 0.9492
0.6378 1.9188
0.7312 3.4197
0.8041 5.1720
0.8507 7.1242
0.8806 12.6691
0.9036 23.5988
0.9183 33.5360
0.9261 41.1357
0.9298 46.4023
0.9314 49.0080
0.9319 48.1642
0.9317 44.0266
0.9309 38.4274
0.9295 32.9730
0.9277 28.2526
0.9255 24.3309
0.9231 21.1019
0.9203 18.4210
0.9173 16.1588
0.9141 14.2188
0.9104 12.5351
0.9065 11.0628
0.9020 9.7697
0.8971 8.6313
0.8915 7.6275
0.8854 6.7420
0.8785 5.9604
0.8709 5.2704
0.8624 4.6614
0.8531 4.1240
0.8428 3.6498
0.8314 3.2317
0.8190 2.8630
0.8055 2.5381
0.7909 2.2519
0.7752 1.9998
0.7583 1.7778
0.7405 1.5825
0.7216 1.4105
0.7019 1.2593
0.6815 1.1262
0.6605 1.0092
0.6391 0.9065
0.6177 0.8164
0.5964 0.7381
0.5757 0.6709
0.5561 0.6147
0.5384 0.5726
0.5259 0.5624
0.5264 0.6191
0.5477 0.7693
0.5880 1.0175
0.6423 1.5732
0.7345 5.5379
0.8317 15.1157
0.8909 24.7376
0.9185 32.5403
0.9288 38.2844
0.9316 41.6202
0.9318 42.1935
0.9311 40.1637
0.9302 36.8956
0.9291 33.7027
0.9279 31.0020
0.9267 28.6848
0.9255 26.4856
0.9242 24.2397
0.9227 21.9582
0.9209 19.7239
0.9187 17.6109
0.9161 15.6637
0.9131 13.8999
0.9097 12.3188
0.9058 10.9096
0.9015 9.6575
0.8966 8.5469
0.8911 7.5627
0.8849 6.6912
0.8781 5.9201
0.8704 5.2382
0.8620 4.6355
0.8526 4.1031
0.8423 3.6330
0.8310 3.2181
0.8186 2.8521
0.8051 2.5293
0.7905 2.2448
0.7747 1.9940
0.7579 1.7731
0.7400 1.5785
0.7212 1.4072
0.7015 1.2564
0.6810 1.1238
0.6601 1.0071
0.6387 0.9047
0.6173 0.8150
0.5961 0.7370
0.5755 0.6715
0.5566 0.6208
0.5411 0.5887
0.5310 0.5784
0.5284 0.5989
0.5438 0.7722
0.6051 1.4504
0.6961 2.7395
0.7774 4.3960
0.8336 6.1823
0.8681 9.0124
0.8933 17.7867
0.9118 28.5393
0.9226 37.2860
0.9281 43.7161
0.9307 47.7395
0.9317 48.7427
0.9318 46.1837
0.9313 41.1343
0.9302 35.5262
0.9286 30.4347
0.9266 26.1334
0.9243 22.5834
0.9217 19.6551
0.9188 17.2085
0.9157 15.1292
0.9123 13.3355
0.9085 11.7720
0.9043 10.4005
0.8996 9.1932
0.8944 8.1285
0.8886 7.1885
0.8822 6.3583
0.8750 5.6250
0.8670 4.9771
0.8582 4.4049
0.8484 3.8997
0.8377 3.4538
0.8259 3.0603
0.8131 2.7133
0.7992 2.4073
0.7841 2.1377
0.7679 1.9001
0.7507 1.6908
0.7325 1.5065
0.7133 1.3443
0.6933 1.2015
0.6727 1.0759
0.6517 0.9655
0.6304 0.8687
0.6091 0.7843
0.5882 0.7116
0.5682 0.6505
0.5499 0.6026
0.5355 0.5805
0.5314 0.6147
0.5459 0.7358
0.5800 0.9523
0.6277 1.3119
0.7011 3.3166
0.8014 11.0793
0.8736 21.0545
0.9106 29.5726
0.9259 36.1124
0.9308 40.3802
0.9317 41.9710
0.9313 40.8213
0.9305 37.8645
0.9294 34.5866
0.9283 31.7298
0.9271 29.3378
0.9259 27.1775
0.9247 25.0165
0.9232 22.7920
0.9216 20.5671
0.9196 18.4250
0.9172 16.4249
0.9144 14.5973
0.9111 12.9502
0.9075 11.4778
0.9033 10.1673
0.8987 9.0035
0.8935 7.9714
0.8876 7.0568
0.8811 6.2468
0.8739 5.5299
0.8658 4.8957
0.8569 4.3351
0.8471 3.8397
0.8363 3.4021
0.8244 3.0158
0.8115 2.6749
0.7974 2.3741
0.7823 2.1089
0.7660 1.8751
0.7487 1.6690
0.7304 1.4875
0.7111 1.3276
0.6911 1.1868
0.6704 1.0630
0.6493 0.9542
0.6280 0.8589
0.6068 0.7760
0.5861 0.7059
0.5669 0.6507
0.5506 0.6138
0.5393 0.5983
0.5349 0.6095
0.5435 0.7200
0.5907 1.2343
0.6756 2.3663
0.7597 3.9359
0.8215 5.6819
0.8601 7.7762
0.8862 14.2360
0.9066 24.9974
0.9196 34.4459
0.9266 41.6091
0.9299 46.4527
0.9314 48.5500
0.9318 47.1858
0.9315 42.8019
0.9306 37.2500
0.9292 31.9564
0.9273 27.4038
0.9251 23.6263
0.9225 20.5161
0.9197 17.9337
0.9167 15.7539
0.9134 13.8834
0.9097 12.2578
0.9057 10.8339
0.9012 9.5808
0.8962 8.4753
0.8907 7.4989
0.8845 6.6360
0.8776 5.8732
0.8699 5.1988
0.8614 4.6028
0.8520 4.0762
0.8417 3.6111
0.8304 3.2004
0.8180 2.8379
0.8045 2.5182
0.7899 2.2362
0.7742 1.9876
0.7574 1.7684
0.7396 1.5754
0.7208 1.4054
0.7012 1.2556
0.6809 1.1239
0.6601 1.0080
0.6389 0.9064
0.6177 0.8178
0.5968 0.7415
0.5768 0.6772
0.5582 0.6263
0.5432 0.5995
0.5374 0.6245
0.5486 0.7323
0.5793 0.9341
0.6239 1.2510
0.6881 2.6211
0.7855 9.1103
0.8632 19.0359
0.9055 27.8904
0.9238 34.8227
0.9301 39.5553
0.9315 41.6641
0.9313 41.0190
0.9306 38.3253
0.9296 35.0495
0.9284 32.1137
0.9273 29.6685
0.9261 27.5175
0.9249 25.4082
0.9235 23.2305
0.9219 21.0259
0.9200 18.8789
0.9177 16.8567
0.9150 14.9975
0.9119 13.3153
