-0.2984 -0.000000
-0.2966 -0.061012
-0.2951 -0.061477
-0.2941 -0.061783
-0.2962 -0.061151
-0.3018 -0.059467
-0.3097 -0.057107
-0.3184 -0.054494
-0.3270 -0.051933
-0.3348 -0.049595
-0.3415 -0.047557
-0.3473 -0.045838
-0.3520 -0.044426
-0.3557 -0.043294
-0.3587 -0.042410
-0.3609 -0.041742
-0.3625 -0.041260
-0.3636 -0.040935
-0.3642 -0.040744
-0.3644 -0.040666
-0.3644 -0.040682
-0.3635 -0.034857
-0.3614 -0.029570
-0.3582 -0.025254
-0.3544 -0.021665
-0.3499 -0.018641
-0.3451 -0.016067
-0.3400 -0.013860
-0.3347 -0.011961
-0.3292 -0.010320
-0.3236 -0.008902
-0.3179 -0.007675
-0.3121 -0.006613
-0.3063 -0.005695
-0.3003 -0.004902
-0.2943 -0.004217
-0.2881 -0.003627
-0.2819 -0.003119
-0.2754 -0.002682
-0.2687 -0.002307
-0.2617 -0.001985
-0.2543 -0.001709
-0.2466 -0.001472
-0.2383 -0.001270
-0.2294 -0.001096
-0.2197 -0.000948
-0.2090 -0.000822
-0.1972 -0.000715
-0.1837 -0.000623
-0.1681 -0.000546
-0.1495 -0.000482
-0.1263 -0.000429
-0.0953 -0.000388
-0.0503 -0.000360
0.0198 -0.000347
0.1170 -0.000344
0.2090 -0.000330
0.2703 -0.000300
0.3002 -0.000260
0.3071 -0.000219
0.2992 -0.000181
0.2830 -0.000148
0.2628 -0.000121
0.2411 -0.000098
0.2193 -0.000079
0.1981 -0.000064
0.1777 -0.000052
0.1579 -0.000042
0.1385 -0.000034
0.1193 -0.000028
0.0995 -0.000022
0.0785 -0.000018
0.0551 -0.000015
0.0271 -0.000012
-0.0091 -0.000009
-0.0588 -0.000007
-0.1253 -0.000005
-0.2001 -0.000003
-0.2686 -0.000002
-0.3239 -0.000001
-0.3659 -0.000001
-0.3969 -0.000001
-0.4191 -0.000000
-0.4347 -0.000000
-0.4451 -0.000000
-0.4517 -0.000000
-0.4551 -0.000000
-0.4563 -0.000000
-0.4555 -0.000000
-0.4533 -0.000000
-0.4499 -0.000000
-0.4455 -0.000000
-0.4402 -0.000000
-0.4343 -0.000000
-0.4277 -0.000000
-0.4205 -0.000000
-0.4128 -0.000000
-0.4047 -0.000000
-0.3960 -0.000000
-0.3870 -0.000000
-0.3775 -0.000000
-0.3677 -0.000000
-0.3574 -0.000000
-0.3468 -0.000000
-0.3358 -0.000000
-0.3245 -0.000000
-0.3128 -0.000000
-0.3008 -0.000000
-0.2972 -0.060840
-0.2957 -0.061274
-0.2944 -0.061673
-0.2959 -0.061229
-0.3010 -0.059710
-0.3086 -0.057444
-0.3172 -0.054864
-0.3258 -0.052297
-0.3336 -0.049931
-0.3405 -0.047856
-0.3464 -0.046099
-0.3512 -0.044650
-0.3551 -0.043485
-0.3581 -0.042571
-0.3604 -0.041878
-0.3621 -0.041374
-0.3632 -0.041031
-0.3639 -0.040825
-0.3642 -0.040734
-0.3642 -0.040739
-0.3636 -0.035954
-0.3616 -0.030460
-0.3586 -0.025989
-0.3548 -0.022283
-0.3504 -0.019165
-0.3457 -0.016515
-0.3406 -0.014246
-0.3353 -0.012294
-0.3298 -0.010608
-0.3242 -0.009151
-0.3185 -0.007891
-0.3127 -0.006800
-0.3069 -0.005856
-0.3009 -0.005041
-0.2949 -0.004338
-0.2888 -0.003731
-0.2825 -0.003208
-0.2760 -0.002759
-0.2693 -0.002373
-0.2624 -0.002041
-0.2551 -0.001757
-0.2474 -0.001514
-0.2391 -0.001305
-0.2303 -0.001127
-0.2207 -0.000975
-0.2102 -0.000845
-0.1985 -0.000734
-0.1852 -0.000640
-0.1700 -0.000560
-0.1517 -0.000494
-0.1291 -0.000439
-0.0992 -0.000396
-0.0563 -0.000366
0.0104 -0.000352
0.1056 -0.000348
0.2000 -0.000336
0.2651 -0.000307
0.2982 -0.000268
0.3072 -0.000226
0.3006 -0.000187
0.2851 -0.000154
0.2652 -0.000125
0.2436 -0.000101
0.2218 -0.000082
0.2005 -0.000067
0.1800 -0.000054
0.1602 -0.000044
0.1408 -0.000035
0.1215 -0.000029
0.1019 -0.000023
0.0811 -0.000019
0.0581 -0.000015
0.0308 -0.000012
-0.0041 -0.000009
-0.0519 -0.000007
-0.1165 -0.000005
-0.1911 -0.000003
-0.2608 -0.000002
-0.3178 -0.000001
-0.3613 -0.000001
-0.3935 -0.000001
-0.4167 -0.000000
-0.4329 -0.000000
-0.4439 -0.000000
-0.4509 -0.000000
-0.4547 -0.000000
-0.4560 -0.000000
-0.4555 -0.000000
-0.4534 -0.000000
-0.4501 -0.000000
-0.4458 -0.000000
-0.4407 -0.000000
-0.4348 -0.000000
-0.4283 -0.000000
-0.4212 -0.000000
-0.4135 -0.000000
-0.4054 -0.000000
-0.3968 -0.000000
-0.3878 -0.000000
-0.3784 -0.000000
-0.3686 -0.000000
-0.3584 -0.000000
-0.3478 -0.000000
-0.3368 -0.000000
-0.3255 -0.000000
-0.3139 -0.000000
-0.3019 -0.000000
-0.2976 -0.060713
-0.2962 -0.061136
-0.2948 -0.061565
-0.2960 -0.061197
-0.3009 -0.059749
-0.3083 -0.057530
-0.3168 -0.054974
-0.3254 -0.052414
-0.3333 -0.050047
-0.3402 -0.047967
-0.3460 -0.046202
-0.3509 -0.044745
-0.3548 -0.043572
-0.3579 -0.042653
-0.3602 -0.041954
-0.3619 -0.041445
-0.3630 -0.041098
-0.3637 -0.040889
-0.3640 -0.040795
-0.3640 -0.040799
-0.3634 -0.036446
-0.3615 -0.030860
-0.3586 -0.026321
-0.3548 -0.022562
-0.3505 -0.019403
-0.3457 -0.016719
-0.3407 -0.014422
-0.3354 -0.012445
-0.3299 -0.010739
-0.3243 -0.009265
-0.3186 -0.007989
-0.3128 -0.006885
-0.3069 -0.005930
-0.3010 -0.005105
-0.2949 -0.004392
-0.2888 -0.003778
-0.2825 -0.003249
-0.2760 -0.002794
-0.2693 -0.002403
-0.2624 -0.002067
-0.2551 -0.001780
-0.2474 -0.001533
-0.2392 -0.001322
-0.2303 -0.001141
-0.2208 -0.000987
-0.2103 -0.000855
-0.1986 -0.000743
-0.1854 -0.000648
-0.1701 -0.000567
-0.1520 -0.000500
-0.1294 -0.000444
-0.0997 -0.000401
-0.0570 -0.000370
0.0094 -0.000355
0.1043 -0.000352
0.1990 -0.000340
0.2644 -0.000311
0.2979 -0.000271
0.3072 -0.000229
0.3008 -0.000190
0.2854 -0.000156
0.2655 -0.000127
0.2440 -0.000103
0.2222 -0.000083
0.2009 -0.000068
0.1803 -0.000055
0.1605 -0.000044
0.1411 -0.000036
0.1219 -0.000029
0.1023 -0.000024
0.0816 -0.000019
0.0586 -0.000015
0.0314 -0.000012
-0.0032 -0.000009
-0.0506 -0.000007
-0.1148 -0.000005
-0.1893 -0.000003
-0.2593 -0.000002
-0.3165 -0.000001
-0.3603 -0.000001
-0.3927 -0.000001
-0.4161 -0.000000
-0.4325 -0.000000
-0.4436 -0.000000
-0.4506 -0.000000
-0.4544 -0.000000
-0.4559 -0.000000
-0.4553 -0.000000
-0.4533 -0.000000
-0.4500 -0.000000
-0.4457 -0.000000
-0.4406 -0.000000
-0.4347 -0.000000
-0.4282 -0.000000
-0.4211 -0.000000
-0.4135 -0.000000
-0.4053 -0.000000
-0.3968 -0.000000
-0.3878 -0.000000
-0.3783 -0.000000
-0.3685 -0.000000
-0.3583 -0.000000
-0.3477 -0.000000
-0.3368 -0.000000
-0.3255 -0.000000
-0.3139 -0.000000
-0.3019 -0.000000
-0.2979 -0.060616
-0.2965 -0.061052
-0.2951 -0.061472
-0.2965 -0.061072
-0.3014 -0.059599
-0.3088 -0.057375
-0.3173 -0.054829
-0.3258 -0.052288
-0.3336 -0.049944
-0.3404 -0.047888
-0.3462 -0.046146
-0.3510 -0.044710
-0.3548 -0.043557
-0.3578 -0.042653
-0.3601 -0.041969
-0.3618 -0.041472
-0.3629 -0.041136
-0.3636 -0.040936
-0.3638 -0.040850
-0.3638 -0.040860
-0.3632 -0.036332
-0.3612 -0.030773
-0.3582 -0.026253
-0.3545 -0.022507
-0.3501 -0.019357
-0.3453 -0.016681
-0.3402 -0.014389
-0.3349 -0.012418
-0.3294 -0.010716
-0.3238 -0.009244
-0.3181 -0.007971
-0.3122 -0.006870
-0.3064 -0.005917
-0.3004 -0.005093
-0.2944 -0.004383
-0.2882 -0.003770
-0.2819 -0.003242
-0.2754 -0.002788
-0.2687 -0.002398
-0.2617 -0.002063
-0.2544 -0.001776
-0.2466 -0.001530
-0.2384 -0.001319
-0.2295 -0.001139
-0.2199 -0.000985
-0.2093 -0.000854
-0.1975 -0.000742
-0.1841 -0.000647
-0.1687 -0.000567
-0.1502 -0.000500
-0.1272 -0.000445
-0.0967 -0.000402
-0.0525 -0.000372
0.0163 -0.000358
0.1128 -0.000355
0.2057 -0.000342
0.2683 -0.000311
0.2995 -0.000270
0.3071 -0.000228
0.2998 -0.000189
0.2839 -0.000154
0.2638 -0.000126
0.2422 -0.000102
0.2204 -0.000083
0.1992 -0.000067
0.1787 -0.000054
0.1590 -0.000044
0.1396 -0.000036
0.1204 -0.000029
0.1008 -0.000023
0.0799 -0.000019
0.0567 -0.000015
0.0291 -0.000012
-0.0062 -0.000009
-0.0548 -0.000007
-0.1201 -0.000005
-0.1947 -0.000003
-0.2639 -0.000002
-0.3201 -0.000001
-0.3630 -0.000001
-0.3946 -0.000001
-0.4174 -0.000000
-0.4333 -0.000000
-0.4441 -0.000000
-0.4508 -0.000000
-0.4544 -0.000000
-0.4557 -0.000000
-0.4550 -0.000000
-0.4529 -0.000000
-0.4495 -0.000000
-0.4452 -0.000000
-0.4399 -0.000000
-0.4340 -0.000000
-0.4274 -0.000000
-0.4203 -0.000000
-0.4126 -0.000000
-0.4045 -0.000000
-0.3959 -0.000000
-0.3868 -0.000000
-0.3774 -0.000000
-0.3675 -0.000000
-0.3573 -0.000000
-0.3466 -0.000000
-0.3357 -0.000000
-0.3243 -0.000000
-0.3127 -0.000000
-0.3007 -0.000000
-0.2982 -0.060544
-0.2966 -0.061017
-0.2954 -0.061379
-0.2972 -0.060844
-0.3025 -0.059261
-0.3101 -0.056985
-0.3186 -0.054439
-0.3270 -0.051931
-0.3346 -0.049635
-0.3413 -0.047632
-0.3469 -0.045943
-0.3515 -0.044556
-0.3552 -0.043445
-0.3581 -0.042580
-0.3603 -0.041929
-0.3618 -0.041461
-0.3628 -0.041149
-0.3634 -0.040969
-0.3637 -0.040900
-0.3636 -0.040925
-0.3628 -0.035637
-0.3607 -0.030217
-0.3576 -0.025799
-0.3537 -0.022129
-0.3493 -0.019039
-0.3445 -0.016409
-0.3393 -0.014157
-0.3340 -0.012217
-0.3284 -0.010543
-0.3228 -0.009095
-0.3170 -0.007842
-0.3112 -0.006758
-0.3053 -0.005820
-0.2993 -0.005010
-0.2932 -0.004311
-0.2870 -0.003708
-0.2807 -0.003189
-0.2742 -0.002742
-0.2674 -0.002359
-0.2604 -0.002029
-0.2530 -0.001747
-0.2451 -0.001505
-0.2368 -0.001298
-0.2278 -0.001121
-0.2180 -0.000970
-0.2072 -0.000841
-0.1952 -0.000731
-0.1815 -0.000638
-0.1657 -0.000559
-0.1466 -0.000494
-0.1225 -0.000440
-0.0901 -0.000399
-0.0425 -0.000372
0.0317 -0.000361
0.1305 -0.000358
0.2191 -0.000341
0.2759 -0.000307
0.3023 -0.000265
0.3067 -0.000223
0.2975 -0.000184
0.2806 -0.000150
0.2601 -0.000122
0.2384 -0.000099
0.2167 -0.000080
0.1956 -0.000065
0.1753 -0.000053
0.1556 -0.000043
0.1364 -0.000035
0.1171 -0.000028
0.0973 -0.000023
0.0762 -0.000018
0.0524 -0.000015
0.0239 -0.000012
-0.0133 -0.000009
-0.0645 -0.000007
-0.1323 -0.000005
-0.2069 -0.000003
-0.2742 -0.000002
-0.3281 -0.000001
-0.3688 -0.000001
-0.3988 -0.000001
-0.4203 -0.000000
-0.4353 -0.000000
-0.4453 -0.000000
-0.4514 -0.000000
-0.4546 -0.000000
-0.4555 -0.000000
-0.4546 -0.000000
-0.4522 -0.000000
-0.4487 -0.000000
-0.4441 -0.000000
-0.4388 -0.000000
-0.4327 -0.000000
-0.4261 -0.000000
-0.4188 -0.000000
-0.4111 -0.000000
-0.4028 -0.000000
-0.3941 -0.000000
-0.3850 -0.000000
-0.3755 -0.000000
-0.3656 -0.000000
-0.3552 -0.000000
-0.3445 -0.000000
-0.3335 -0.000000
-0.3221 -0.000000
-0.3104 -0.000000
-0.2992 -0.030110
-0.2982 -0.060523
-0.2965 -0.061038
-0.2958 -0.061261
-0.2984 -0.060489
-0.3043 -0.058726
-0.3122 -0.056370
-0.3207 -0.053826
-0.3289 -0.051367
-0.3363 -0.049146
-0.3426 -0.047224
-0.3480 -0.045614
-0.3524 -0.044300
-0.3558 -0.043255
-0.3585 -0.042447
-0.3605 -0.041845
-0.3619 -0.041419
-0.3629 -0.041143
-0.3634 -0.040993
-0.3635 -0.040950
-0.3633 -0.040595
-0.3622 -0.034436
-0.3599 -0.029250
-0.3566 -0.025002
-0.3526 -0.021463
-0.3480 -0.018475
-0.3431 -0.015928
-0.3379 -0.013744
-0.3325 -0.011861
-0.3269 -0.010235
-0.3212 -0.008829
-0.3155 -0.007612
-0.3096 -0.006559
-0.3037 -0.005648
-0.2977 -0.004861
-0.2915 -0.004183
-0.2853 -0.003598
-0.2789 -0.003094
-0.2723 -0.002661
-0.2655 -0.002289
-0.2584 -0.001970
-0.2509 -0.001696
-0.2429 -0.001462
-0.2344 -0.001261
-0.2252 -0.001090
-0.2152 -0.000943
-0.2041 -0.000818
-0.1917 -0.000712
-0.1775 -0.000622
-0.1609 -0.000546
-0.1407 -0.000483
-0.1149 -0.000432
-0.0794 -0.000394
-0.0259 -0.000371
0.0566 -0.000364
0.1565 -0.000358
0.2375 -0.000336
0.2855 -0.000299
0.3052 -0.000256
0.3053 -0.000214
0.2935 -0.000176
0.2754 -0.000144
0.2545 -0.000117
0.2327 -0.000095
0.2111 -0.000077
0.1902 -0.000062
0.1701 -0.000050
0.1506 -0.000041
0.1314 -0.000033
0.1121 -0.000027
0.0920 -0.000022
0.0704 -0.000017
0.0457 -0.000014
0.0153 -0.000011
-0.0249 -0.000008
-0.0805 -0.000006
-0.1514 -0.000004
-0.2252 -0.000003
-0.2893 -0.000002
-0.3396 -0.000001
-0.3774 -0.000001
-0.4049 -0.000000
-0.4246 -0.000000
-0.4381 -0.000000
-0.4470 -0.000000
-0.4524 -0.000000
-0.4549 -0.000000
-0.4553 -0.000000
-0.4539 -0.000000
-0.4512 -0.000000
-0.4474 -0.000000
-0.4427 -0.000000
-0.4371 -0.000000
-0.4309 -0.000000
-0.4240 -0.000000
-0.4167 -0.000000
-0.4088 -0.000000
-0.4004 -0.000000
-0.3916 -0.000000
-0.3824 -0.000000
-0.3727 -0.000000
-0.3627 -0.000000
-0.3523 -0.000000
-0.3415 -0.000000
-0.3303 -0.000000
-0.3189 -0.000000
-0.3070 -0.000000
-0.2993 -0.060219
-0.2981 -0.060572
-0.2963 -0.061093
-0.2965 -0.061058
-0.3002 -0.059958
-0.3068 -0.057976
-0.3150 -0.055537
-0.3234 -0.053009
-0.3313 -0.050626
-0.3384 -0.048504
-0.3444 -0.046690
-0.3494 -0.045184
-0.3535 -0.043965
-0.3567 -0.043004
-0.3591 -0.042270
-0.3609 -0.041730
-0.3621 -0.041358
-0.3629 -0.041128
-0.3633 -0.041017
-0.3633 -0.041006
-0.3630 -0.038859
-0.3615 -0.032810
-0.3588 -0.027930
-0.3552 -0.023911
-0.3510 -0.020546
-0.3464 -0.017697
-0.3413 -0.015262
-0.3360 -0.013171
-0.3306 -0.011367
-0.3249 -0.009808
-0.3192 -0.008459
-0.3134 -0.007292
-0.3075 -0.006282
-0.3015 -0.005409
-0.2955 -0.004655
-0.2893 -0.004005
-0.2830 -0.003445
-0.2766 -0.002962
-0.2699 -0.002548
-0.2630 -0.002192
-0.2557 -0.001886
-0.2481 -0.001625
-0.2399 -0.001401
-0.2312 -0.001209
-0.2217 -0.001045
-0.2114 -0.000905
-0.1999 -0.000786
-0.1869 -0.000685
-0.1720 -0.000599
-0.1543 -0.000527
-0.1324 -0.000468
-0.1038 -0.000421
-0.0633 -0.000388
-0.0006 -0.000370
0.0916 -0.000366
0.1884 -0.000356
0.2580 -0.000328
0.2952 -0.000287
0.3070 -0.000243
0.3022 -0.000202
0.2877 -0.000166
0.2683 -0.000135
0.2469 -0.000110
0.2251 -0.000089
0.2038 -0.000072
0.1832 -0.000058
0.1633 -0.000047
0.1439 -0.000038
0.1247 -0.000031
0.1053 -0.000025
0.0848 -0.000020
0.0623 -0.000016
0.0361 -0.000013
0.0030 -0.000010
-0.0419 -0.000008
-0.1034 -0.000006
-0.1771 -0.000004
-0.2485 -0.000002
-0.3079 -0.000002
-0.3537 -0.000001
-0.3877 -0.000001
-0.4123 -0.000000
-0.4297 -0.000000
-0.4415 -0.000000
-0.4491 -0.000000
-0.4534 -0.000000
-0.4551 -0.000000
-0.4548 -0.000000
-0.4530 -0.000000
-0.4499 -0.000000
-0.4457 -0.000000
-0.4407 -0.000000
-0.4349 -0.000000
-0.4284 -0.000000
-0.4214 -0.000000
-0.4138 -0.000000
-0.4058 -0.000000
-0.3972 -0.000000
-0.3883 -0.000000
-0.3789 -0.000000
-0.3691 -0.000000
-0.3589 -0.000000
-0.3484 -0.000000
-0.3374 -0.000000
-0.3262 -0.000000
-0.3146 -0.000000
-0.3026 -0.000000
-0.2993 -0.060216
-0.2977 -0.060685
-0.2963 -0.061098
-0.2978 -0.060667
-0.3028 -0.059186
-0.3101 -0.056986
-0.3185 -0.054489
-0.3267 -0.052011
-0.3343 -0.049734
-0.3409 -0.047743
-0.3465 -0.046062
-0.3511 -0.044681
-0.3548 -0.043575
-0.3576 -0.042714
-0.3598 -0.042066
-0.3613 -0.041601
-0.3624 -0.041292
-0.3630 -0.041115
-0.3632 -0.041049
-0.3631 -0.041076
-0.3624 -0.036414
-0.3604 -0.030855
-0.3573 -0.026332
-0.3535 -0.022580
-0.3491 -0.019424
-0.3442 -0.016740
-0.3391 -0.014442
-0.3337 -0.012464
-0.3282 -0.010757
-0.3225 -0.009280
-0.3167 -0.008002
-0.3108 -0.006897
-0.3049 -0.005940
-0.2989 -0.005114
-0.2928 -0.004401
-0.2866 -0.003786
-0.2802 -0.003256
-0.2736 -0.002800
-0.2669 -0.002408
-0.2598 -0.002072
-0.2524 -0.001784
-0.2445 -0.001537
-0.2362 -0.001326
-0.2271 -0.001145
-0.2173 -0.000991
-0.2065 -0.000859
-0.1944 -0.000747
-0.1807 -0.000652
-0.1647 -0.000572
-0.1454 -0.000505
-0.1211 -0.000450
-0.0882 -0.000409
-0.0396 -0.000381
0.0361 -0.000371
0.1353 -0.000367
0.2226 -0.000349
0.2777 -0.000314
0.3028 -0.000271
0.3065 -0.000227
0.2968 -0.000187
0.2798 -0.000153
0.2592 -0.000124
0.2375 -0.000101
0.2159 -0.000082
0.1948 -0.000066
0.1746 -0.000054
0.1549 -0.000044
0.1357 -0.000035
0.1165 -0.000029
0.0967 -0.000023
0.0756 -0.000019
0.0517 -0.000015
0.0231 -0.000012
-0.0143 -0.000009
-0.0659 -0.000007
-0.1339 -0.000005
-0.2084 -0.000003
-0.2753 -0.000002
-0.3288 -0.000001
-0.3693 -0.000001
-0.3991 -0.000001
-0.4204 -0.000000
-0.4352 -0.000000
-0.4451 -0.000000
-0.4511 -0.000000
-0.4542 -0.000000
-0.4550 -0.000000
-0.4541 -0.000000
-0.4516 -0.000000
-0.4480 -0.000000
-0.4435 -0.000000
-0.4381 -0.000000
-0.4320 -0.000000
-0.4253 -0.000000
-0.4180 -0.000000
-0.4102 -0.000000
-0.4020 -0.000000
-0.3933 -0.000000
-0.3841 -0.000000
-0.3746 -0.000000
-0.3646 -0.000000
-0.3542 -0.000000
-0.3435 -0.000000
-0.3325 -0.000000
-0.3210 -0.000000
-0.3093 -0.000000
-0.3000 -0.060006
-0.2989 -0.060323
-0.2971 -0.060859
-0.2968 -0.060955
-0.3000 -0.060015
-0.3062 -0.058148
-0.3142 -0.055772
-0.3225 -0.053265
-0.3305 -0.050878
-0.3376 -0.048742
-0.3437 -0.046906
-0.3488 -0.045378
-0.3529 -0.044139
-0.3562 -0.043160
-0.3587 -0.042409
-0.3605 -0.041857
-0.3618 -0.041473
-0.3626 -0.041233
-0.3630 -0.041114
-0.3630 -0.041097
-0.3627 -0.039960
-0.3614 -0.033695
-0.3588 -0.028657
-0.3554 -0.024518
-0.3513 -0.021060
-0.3466 -0.018135
-0.3416 -0.015639
-0.3363 -0.013496
-0.3309 -0.011648
-0.3252 -0.010051
-0.3195 -0.008670
-0.3137 -0.007474
-0.3078 -0.006440
-0.3018 -0.005545
-0.2957 -0.004773
-0.2896 -0.004106
-0.2833 -0.003532
-0.2768 -0.003038
-0.2701 -0.002613
-0.2632 -0.002248
-0.2560 -0.001934
-0.2484 -0.001666
-0.2402 -0.001436
-0.2316 -0.001239
-0.2222 -0.001071
-0.2119 -0.000928
-0.2005 -0.000806
-0.1876 -0.000702
-0.1728 -0.000614
-0.1553 -0.000540
-0.1338 -0.000479
-0.1057 -0.000431
-0.0660 -0.000396
-0.0050 -0.000377
0.0857 -0.000372
0.1833 -0.000363
0.2549 -0.000335
0.2938 -0.000294
0.3068 -0.000250
0.3028 -0.000208
0.2888 -0.000170
0.2696 -0.000139
0.2482 -0.000113
0.2265 -0.000091
0.2051 -0.000074
0.1845 -0.000060
0.1646 -0.000049
0.1452 -0.000039
0.1260 -0.000032
0.1066 -0.000026
0.0863 -0.000021
0.0640 -0.000017
0.0381 -0.000013
0.0057 -0.000011
-0.0381 -0.000008
-0.0983 -0.000006
-0.1715 -0.000004
-0.2435 -0.000003
-0.3039 -0.000002
-0.3506 -0.000001
-0.3854 -0.000001
-0.4106 -0.000000
-0.4284 -0.000000
-0.4406 -0.000000
-0.4484 -0.000000
-0.4529 -0.000000
-0.4547 -0.000000
-0.4546 -0.000000
-0.4529 -0.000000
-0.4498 -0.000000
-0.4457 -0.000000
-0.4407 -0.000000
-0.4349 -0.000000
-0.4285 -0.000000
-0.4215 -0.000000
-0.4140 -0.000000
-0.4060 -0.000000
-0.3975 -0.000000
-0.3885 -0.000000
-0.3791 -0.000000
-0.3694 -0.000000
-0.3592 -0.000000
-0.3487 -0.000000
-0.3378 -0.000000
-0.3265 -0.000000
-0.3149 -0.000000
-0.3030 -0.000000
-0.2998 -0.060048
-0.2982 -0.060529
-0.2969 -0.060938
-0.2984 -0.060494
-0.3034 -0.059010
-0.3107 -0.056822
-0.3189 -0.054347
-0.3271 -0.051896
-0.3346 -0.049648
-0.3411 -0.047685
-0.3466 -0.046029
-0.3511 -0.044671
-0.3547 -0.043586
-0.3575 -0.042743
-0.3596 -0.042110
-0.3611 -0.041659
-0.3621 -0.041361
-0.3627 -0.041194
-0.3629 -0.041137
-0.3628 -0.041171
-0.3620 -0.036475
-0.3600 -0.030911
-0.3569 -0.026383
-0.3530 -0.022626
-0.3486 -0.019465
-0.3438 -0.016776
-0.3386 -0.014474
-0.3332 -0.012492
-0.3276 -0.010781
-0.3219 -0.009301
-0.3161 -0.008021
-0.3102 -0.006913
-0.3043 -0.005954
-0.2982 -0.005126
-0.2921 -0.004411
-0.2859 -0.003795
-0.2795 -0.003264
-0.2729 -0.002807
-0.2661 -0.002415
-0.2445 -0.076755
-0.2774 -0.066867
-0.3096 -0.057221
-0.3388 -0.048429
-0.3644 -0.040745
-0.3862 -0.034209
-0.4043 -0.028750
-0.4193 -0.024254
-0.4315 -0.020594
-0.4413 -0.017650
-0.4490 -0.015196
-0.4550 -0.012802
-0.4595 -0.010222
-0.4625 -0.008015
-0.4644 -0.006355
-0.4654 -0.005163
-0.4656 -0.004286
-0.4651 -0.003626
-0.4641 -0.003116
-0.4626 -0.002712
-0.4606 -0.002385
-0.4581 -0.002115
-0.4553 -0.001887
-0.4520 -0.001693
-0.4482 -0.001524
-0.4439 -0.001377
-0.4392 -0.001248
-0.4339 -0.001133
-0.4280 -0.001031
-0.4214 -0.000940
-0.4141 -0.000858
-0.4060 -0.000784
-0.3970 -0.000717
-0.3870 -0.000657
-0.3759 -0.000602
-0.3637 -0.000553
-0.3501 -0.000507
-0.3352 -0.000466
-0.3186 -0.000428
-0.3003 -0.000394
-0.2799 -0.000363
-0.2571 -0.000334
-0.2313 -0.000309
-0.2015 -0.000286
-0.1655 -0.000268
-0.1191 -0.000255
-0.0517 -0.000250
0.0553 -0.000259
0.1846 -0.000267
0.2792 -0.000254
0.3266 -0.000225
0.3378 -0.000190
0.3263 -0.000157
0.3030 -0.000127
0.2747 -0.000103
0.2453 -0.000082
0.2167 -0.000066
0.1896 -0.000053
0.1637 -0.000043
0.1387 -0.000034
0.1138 -0.000028
0.0877 -0.000022
0.0587 -0.000018
0.0235 -0.000014
-0.0235 -0.000010
-0.0901 -0.000007
-0.1746 -0.000005
-0.2591 -0.000003
-0.3302 -0.000002
-0.3855 -0.000001
-0.4272 -0.000001
-0.4583 -0.000000
-0.4810 -0.000000
-0.4974 -0.000000
-0.5088 0.000000
-0.5163 0.000000
-0.5207 0.000000
-0.5228 0.000000
-0.5228 0.000000
-0.5211 0.000000
-0.5179 0.000000
-0.5134 0.000000
-0.5077 0.000000
-0.5008 0.000000
-0.4929 -0.000000
-0.4838 -0.000000
-0.4736 -0.000000
-0.4623 -0.000000
-0.4498 -0.000000
-0.4360 -0.000000
-0.4210 -0.000000
-0.4046 -0.000000
-0.3869 -0.000000
-0.3677 -0.000000
-0.3469 -0.000000
-0.3246 -0.000000
-0.3004 -0.000000
-0.2742 -0.000000
-0.2463 -0.019010
-0.2195 -0.042043
-0.1989 -0.067718
-0.1861 -0.094163
-0.1853 -0.094417
-0.1971 -0.090915
-0.2199 -0.084121
-0.2494 -0.075270
-0.2813 -0.065694
-0.3123 -0.056390
-0.3405 -0.047921
-0.3651 -0.040524
-0.3861 -0.034230
-0.4036 -0.028974
-0.4180 -0.024643
-0.4297 -0.021119
-0.4391 -0.018284
-0.4466 -0.015933
-0.4524 -0.013570
-0.4566 -0.011070
-0.4595 -0.008885
-0.4613 -0.007098
-0.4621 -0.005801
-0.4622 -0.004836
-0.4616 -0.004100
-0.4605 -0.003524
-0.4588 -0.003064
-0.4567 -0.002688
-0.4542 -0.002375
-0.4513 -0.002110
-0.4480 -0.001883
-0.4442 -0.001687
-0.4399 -0.001516
-0.4352 -0.001365
-0.4300 -0.001232
-0.4242 -0.001115
-0.4177 -0.001010
-0.4106 -0.000917
-0.4027 -0.000833
-0.3939 -0.000758
-0.3842 -0.000691
-0.3735 -0.000631
-0.3616 -0.000576
-0.3485 -0.000527
-0.3340 -0.000482
-0.3179 -0.000442
-0.3001 -0.000405
-0.2803 -0.000372
-0.2581 -0.000342
-0.2330 -0.000315
-0.2040 -0.000292
-0.1692 -0.000272
-0.1247 -0.000258
-0.0611 -0.000252
0.0395 -0.000258
0.1677 -0.000267
0.2669 -0.000256
0.3194 -0.000229
0.3348 -0.000195
0.3264 -0.000161
0.3050 -0.000131
0.2779 -0.000106
0.2491 -0.000085
0.2209 -0.000068
0.1939 -0.000055
0.1683 -0.000044
0.1435 -0.000036
0.1189 -0.000029
0.0934 -0.000023
0.0656 -0.000018
0.0325 -0.000014
-0.0107 -0.000011
-0.0717 -0.000008
-0.1526 -0.000005
-0.2385 -0.000003
-0.3130 -0.000002
-0.3718 -0.000001
-0.4165 -0.000001
-0.4498 -0.000000
-0.4742 -0.000000
-0.4918 -0.000000
-0.5042 0.000000
-0.5125 0.000000
-0.5175 0.000000
-0.5200 0.000000
-0.5203 0.000000
-0.5189 0.000000
-0.5160 0.000000
-0.5117 0.000000
-0.5062 0.000000
-0.4995 -0.000000
-0.4917 -0.000000
-0.4828 -0.000000
-0.4728 -0.000000
-0.4617 -0.000000
-0.4494 -0.000000
-0.4358 -0.000000
-0.4210 -0.000000
-0.4049 -0.000000
-0.3873 -0.000000
-0.3684 -0.000000
-0.3479 -0.000000
-0.3258 -0.000000
-0.3019 -0.000000
-0.2759 -0.000000
-0.2487 -0.018831
-0.2228 -0.041541
-0.2032 -0.066752
-0.1917 -0.092474
-0.1924 -0.092292
-0.2051 -0.088515
-0.2280 -0.081687
-0.2569 -0.073031
-0.2876 -0.063798
-0.3173 -0.054894
-0.3442 -0.046823
-0.3676 -0.039788
-0.3875 -0.033810
-0.4041 -0.028821
-0.4177 -0.024715
-0.4288 -0.021375
-0.4378 -0.018692
-0.4448 -0.016485
-0.4503 -0.014202
-0.4542 -0.011778
-0.4569 -0.009609
-0.4584 -0.007736
-0.4591 -0.006363
-0.4589 -0.005329
-0.4582 -0.004532
-0.4569 -0.003901
-0.4551 -0.003392
-0.4529 -0.002973
-0.4502 -0.002622
-0.4472 -0.002324
-0.4437 -0.002068
-0.4398 -0.001846
-0.4355 -0.001653
-0.4307 -0.001483
-0.4254 -0.001334
-0.4195 -0.001202
-0.4130 -0.001085
-0.4058 -0.000981
-0.3979 -0.000888
-0.3891 -0.000805
-0.3794 -0.000732
-0.3686 -0.000665
-0.3567 -0.000606
-0.3436 -0.000552
-0.3290 -0.000504
-0.3129 -0.000461
-0.2950 -0.000422
-0.2751 -0.000386
-0.2528 -0.000355
-0.2274 -0.000327
-0.1979 -0.000302
-0.1621 -0.000282
-0.1156 -0.000268
-0.0478 -0.000263
0.0589 -0.000272
0.1850 -0.000278
0.2762 -0.000264
0.3221 -0.000233
0.3333 -0.000197
0.3228 -0.000163
0.3007 -0.000132
0.2735 -0.000107
0.2451 -0.000086
0.2174 -0.000069
0.1908 -0.000056
0.1655 -0.000045
0.1410 -0.000036
0.1166 -0.000029
0.0913 -0.000023
0.0633 -0.000018
0.0300 -0.000014
-0.0138 -0.000011
-0.0757 -0.000008
-0.1570 -0.000005
-0.2422 -0.000003
-0.3156 -0.000002
-0.3734 -0.000001
-0.4171 -0.000001
-0.4497 -0.000000
-0.4736 -0.000000
-0.4907 -0.000000
-0.5027 0.000000
-0.5107 0.000000
-0.5154 0.000000
-0.5177 0.000000
-0.5178 0.000000
-0.5162 0.000000
-0.5131 0.000000
-0.5087 0.000000
-0.5030 0.000000
-0.4962 -0.000000
-0.4883 -0.000000
-0.4792 -0.000000
-0.4691 -0.000000
-0.4579 -0.000000
-0.4454 -0.000000
-0.4318 -0.000000
-0.4168 -0.000000
-0.4006 -0.000000
-0.3829 -0.000000
-0.3639 -0.000000
-0.3432 -0.000000
-0.3210 -0.000000
-0.2969 -0.000000
-0.2707 -0.000000
-0.2444 -0.019149
-0.2204 -0.041907
-0.2034 -0.066711
-0.1961 -0.091154
-0.2009 -0.089763
-0.2169 -0.084993
-0.2414 -0.077655
-0.2703 -0.068988
-0.3000 -0.060098
-0.3279 -0.051721
-0.3528 -0.044234
-0.3743 -0.037763
-0.3925 -0.032297
-0.4076 -0.027755
-0.4200 -0.024031
-0.4300 -0.021014
-0.4381 -0.018601
-0.4444 -0.016462
-0.4492 -0.014244
-0.4526 -0.011931
-0.4547 -0.009812
-0.4558 -0.007990
-0.4561 -0.006633
-0.4557 -0.005596
-0.4546 -0.004783
-0.4530 -0.004132
-0.4510 -0.003599
-0.4486 -0.003156
-0.4457 -0.002783
-0.4424 -0.002463
-0.4388 -0.002188
-0.4347 -0.001949
-0.4302 -0.001740
-0.4252 -0.001557
-0.4197 -0.001396
-0.4136 -0.001254
-0.4069 -0.001129
-0.3995 -0.001017
-0.3913 -0.000919
-0.3823 -0.000831
-0.3723 -0.000753
-0.3613 -0.000683
-0.3492 -0.000620
-0.3357 -0.000564
-0.3208 -0.000514
-0.3043 -0.000469
-0.2859 -0.000428
-0.2654 -0.000392
-0.2422 -0.000360
-0.2157 -0.000331
-0.1844 -0.000307
-0.1456 -0.000288
-0.0930 -0.000276
-0.0130 -0.000276
0.1063 -0.000287
0.2228 -0.000286
0.2962 -0.000263
0.3279 -0.000228
0.3301 -0.000191
0.3148 -0.000157
0.2907 -0.000127
0.2632 -0.000102
0.2353 -0.000082
0.2082 -0.000066
0.1823 -0.000053
0.1576 -0.000043
0.1334 -0.000035
0.1091 -0.000028
0.0834 -0.000022
0.0544 -0.000018
0.0190 -0.000014
-0.0288 -0.000010
-0.0962 -0.000007
-0.1803 -0.000005
-0.2629 -0.000003
-0.3318 -0.000002
-0.3853 -0.000001
-0.4255 -0.000001
-0.4554 -0.000000
-0.4771 -0.000000
-0.4926 -0.000000
-0.5032 0.000000
-0.5101 0.000000
-0.5141 0.000000
-0.5156 0.000000
-0.5151 0.000000
-0.5130 0.000000
-0.5094 0.000000
-0.5045 0.000000
-0.4985 -0.000000
-0.4913 -0.000000
-0.4830 -0.000000
-0.4736 -0.000000
-0.4631 -0.000000
-0.4515 -0.000000
-0.4387 -0.000000
-0.4246 -0.000000
-0.4093 -0.000000
-0.3927 -0.000000
-0.3746 -0.000000
-0.3551 -0.000000
-0.3340 -0.000000
-0.3112 -0.000000
-0.2865 -0.000000
-0.2602 -0.017967
-0.2354 -0.039652
-0.2156 -0.063958
-0.2029 -0.089103
-0.2029 -0.089155
-0.2137 -0.085948
-0.2341 -0.079846
-0.2606 -0.071919
-0.2892 -0.063329
-0.3171 -0.054949
-0.3426 -0.047290
-0.3650 -0.040573
-0.3840 -0.034840
-0.4000 -0.030040
-0.4132 -0.026079
-0.4239 -0.022851
-0.4326 -0.020255
-0.4394 -0.018195
-0.4447 -0.016070
-0.4486 -0.013901
-0.4512 -0.011686
-0.4527 -0.009605
-0.4533 -0.007928
-0.4530 -0.006654
-0.4521 -0.005661
-0.4507 -0.004869
-0.4488 -0.004224
-0.4464 -0.003689
-0.4437 -0.003239
-0.4405 -0.002856
-0.4370 -0.002527
-0.4330 -0.002243
-0.4287 -0.001995
-0.4239 -0.001778
-0.4186 -0.001588
-0.4128 -0.001420
-0.4064 -0.001273
-0.3994 -0.001143
-0.3917 -0.001028
-0.3831 -0.000926
-0.3737 -0.000836
-0.3633 -0.000756
-0.3518 -0.000684
-0.3391 -0.000620
-0.3250 -0.000563
-0.3094 -0.000512
-0.2921 -0.000467
-0.2728 -0.000426
-0.2512 -0.000390
-0.2265 -0.000358
-0.1977 -0.000330
-0.1628 -0.000307
-0.1176 -0.000291
-0.0524 -0.000284
0.0499 -0.000292
0.1743 -0.000299
0.2675 -0.000284
0.3162 -0.000253
0.3302 -0.000215
0.3219 -0.000178
0.3015 -0.000145
0.2755 -0.000117
0.2479 -0.000094
0.2206 -0.000076
0.1945 -0.000061
0.1695 -0.000049
0.1454 -0.000040
0.1214 -0.000032
0.0968 -0.000025
0.0700 -0.000020
0.0388 -0.000016
-0.0013 -0.000012
-0.0571 -0.000009
-0.1334 -0.000006
-0.2188 -0.000004
-0.2956 -0.000002
-0.3570 -0.000001
-0.4039 -0.000001
-0.4389 -0.000000
-0.4646 -0.000000
-0.4831 -0.000000
-0.4961 -0.000000
-0.5048 0.000000
-0.5102 0.000000
-0.5128 0.000000
-0.5133 0.000000
-0.5119 0.000000
-0.5090 0.000000
-0.5047 0.000000
-0.4992 -0.000000
-0.4925 -0.000000
-0.4848 -0.000000
-0.4759 -0.000000
-0.4659 -0.000000
-0.4548 -0.000000
-0.4426 -0.000000
-0.4291 -0.000000
-0.4145 -0.000000
-0.3985 -0.000000
-0.3811 -0.000000
-0.3623 -0.000000
-0.3420 -0.000000
-0.3201 -0.000000
-0.2963 -0.000000
-0.2706 -0.000000
-0.2461 -0.019026
-0.2246 -0.041277
-0.2109 -0.065034
-0.2073 -0.087821
-0.2153 -0.085456
-0.2330 -0.080155
-0.2575 -0.072825
-0.2850 -0.064598
-0.3123 -0.056395
-0.3376 -0.048788
-0.3600 -0.042053
-0.3793 -0.036266
-0.3955 -0.031397
-0.4089 -0.027364
-0.4199 -0.024068
-0.4287 -0.021408
-0.4358 -0.019291
-0.4413 -0.017325
-0.4453 -0.015243
-0.4482 -0.013038
-0.4498 -0.011001
-0.4505 -0.009060
-0.4504 -0.007588
-0.4496 -0.006442
-0.4482 -0.005529
-0.4463 -0.004785
-0.4439 -0.004170
-0.4412 -0.003653
-0.4381 -0.003213
-0.4345 -0.002835
-0.4306 -0.002508
-0.4263 -0.002225
-0.4216 -0.001977
-0.4164 -0.001760
-0.4108 -0.001570
-0.4045 -0.001402
-0.3977 -0.001255
-0.3902 -0.001125
-0.3819 -0.001011
-0.3728 -0.000909
-0.3627 -0.000819
-0.3516 -0.000740
-0.3393 -0.000669
-0.3257 -0.000606
-0.3107 -0.000550
-0.2940 -0.000499
-0.2753 -0.000455
-0.2544 -0.000415
-0.2306 -0.000380
-0.2031 -0.000350
-0.1700 -0.000325
-0.1277 -0.000306
-0.0683 -0.000296
0.0241 -0.000300
0.1473 -0.000310
0.2491 -0.000300
0.3067 -0.000270
0.3275 -0.000231
0.3237 -0.000192
0.3059 -0.000157
0.2812 -0.000127
0.2542 -0.000102
0.2271 -0.000083
0.2009 -0.000066
0.1759 -0.000053
0.1518 -0.000043
0.1281 -0.000035
0.1040 -0.000028
0.0782 -0.000022
0.0489 -0.000018
0.0124 -0.000014
-0.0375 -0.000010
-0.1073 -0.000007
-0.1916 -0.000005
-0.2721 -0.000003
-0.3383 -0.000002
-0.3893 -0.000001
-0.4276 -0.000001
-0.4558 -0.000000
-0.4762 -0.000000
-0.4907 -0.000000
-0.5006 0.000000
-0.5068 0.000000
-0.5101 0.000000
-0.5111 0.000000
-0.5102 0.000000
-0.5077 0.000000
-0.5038 0.000000
-0.4985 -0.000000
-0.4922 -0.000000
-0.4846 -0.000000
-0.4760 -0.000000
-0.4664 -0.000000
-0.4556 -0.000000
-0.4436 -0.000000
-0.4305 -0.000000
-0.4162 -0.000000
-0.4006 -0.000000
-0.3836 -0.000000
-0.3652 -0.000000
-0.3454 -0.000000
-0.3239 -0.000000
-0.3007 -0.000000
-0.2756 -0.000000
-0.2517 -0.018608
-0.2305 -0.040392
-0.2169 -0.063666
-0.2126 -0.086232
-0.2201 -0.084001
-0.2370 -0.078958
-0.2605 -0.071940
-0.2869 -0.064023
-0.3133 -0.056095
-0.3378 -0.048721
-0.3596 -0.042174
-0.3784 -0.036540
-0.3942 -0.031792
-0.4073 -0.027857
-0.4180 -0.024638
-0.4266 -0.022039
-0.4335 -0.019971
-0.4389 -0.018128
-0.4429 -0.016166
-0.4456 -0.013995
-0.4473 -0.011985
-0.4479 -0.009930
-0.4477 -0.008323
-0.4469 -0.007068
-0.4454 -0.006065
-0.4434 -0.005247
-0.4410 -0.004567
-0.4382 -0.003996
-0.4350 -0.003509
-0.4315 -0.003091
-0.4275 -0.002730
-0.4232 -0.002415
-0.4185 -0.002142
-0.4133 -0.001902
-0.4076 -0.001692
-0.4014 -0.001508
-0.3947 -0.001346
-0.3872 -0.001204
-0.3790 -0.001078
-0.3700 -0.000967
-0.3601 -0.000870
-0.3491 -0.000783
-0.3370 -0.000706
-0.3237 -0.000638
-0.3089 -0.000578
-0.2924 -0.000524
-0.2741 -0.000476
-0.2534 -0.000434
-0.2300 -0.000397
-0.2028 -0.000365
-0.1701 -0.000338
-0.1285 -0.000318
-0.0702 -0.000307
0.0200 -0.000310
0.1414 -0.000320
0.2437 -0.000310
0.3028 -0.000279
0.3251 -0.000240
0.3226 -0.000200
0.3058 -0.000163
0.2819 -0.000133
0.2554 -0.000107
0.2286 -0.000086
0.2027 -0.000069
0.1778 -0.000056
0.1539 -0.000045
0.1304 -0.000036
0.1066 -0.000029
0.0813 -0.000023
0.0527 -0.000019
0.0176 -0.000014
-0.0298 -0.000011
-0.0965 -0.000008
-0.1795 -0.000005
-0.2611 -0.000003
-0.3292 -0.000002
-0.3819 -0.000001
-0.4216 -0.000001
-0.4509 -0.000000
-0.4722 -0.000000
-0.4873 -0.000000
-0.4976 -0.000000
-0.5042 0.000000
-0.5078 0.000000
-0.5090 0.000000
-0.5082 0.000000
-0.5058 0.000000
-0.5020 0.000000
-0.4969 -0.000000
-0.4906 -0.000000
-0.4831 -0.000000
-0.4746 -0.000000
-0.4650 -0.000000
-0.4543 -0.000000
-0.4425 -0.000000
-0.4295 -0.000000
-0.4153 -0.000000
-0.3998 -0.000000
-0.3830 -0.000000
-0.3648 -0.000000
-0.3451 -0.000000
-0.3238 -0.000000
-0.3009 -0.000000
-0.2760 -0.000000
-0.2530 -0.018506
-0.2332 -0.040000
-0.2212 -0.062702
-0.2184 -0.084482
-0.2272 -0.081881
-0.2446 -0.076687
-0.2678 -0.069748
-0.2933 -0.062076
-0.3186 -0.054480
-0.3420 -0.047459
-0.3627 -0.041250
-0.3804 -0.035919
-0.3953 -0.031436
-0.4077 -0.027725
-0.4178 -0.024695
-0.4259 -0.022254
-0.4323 -0.020317
-0.4373 -0.018545
-0.4411 -0.016678
-0.4436 -0.014563
-0.4450 -0.012533
-0.4455 -0.010506
-0.4451 -0.008832
-0.4441 -0.007516
-0.4424 -0.006458
-0.4403 -0.005590
-0.4378 -0.004867
-0.4349 -0.004256
-0.4316 -0.003735
-0.4279 -0.003286
-0.4238 -0.002898
-0.4194 -0.002561
-0.4146 -0.002266
-0.4093 -0.002009
-0.4036 -0.001784
-0.3973 -0.001587
-0.3905 -0.001414
-0.3830 -0.001262
-0.3747 -0.001128
-0.3657 -0.001010
-0.3557 -0.000906
-0.3447 -0.000814
-0.3326 -0.000733
-0.3192 -0.000661
-0.3043 -0.000598
-0.2878 -0.000541
-0.2693 -0.000491
-0.2485 -0.000447
-0.2247 -0.000409
-0.1970 -0.000376
-0.1634 -0.000349
-0.1201 -0.000329
-0.0586 -0.000319
0.0367 -0.000323
0.1574 -0.000331
0.2530 -0.000317
0.3058 -0.000283
0.3241 -0.000242
0.3195 -0.000201
0.3019 -0.000164
0.2779 -0.000133
0.2517 -0.000107
0.2253 -0.000087
0.1997 -0.000070
0.1752 -0.000056
0.1516 -0.000045
0.1283 -0.000036
0.1046 -0.000029
0.0793 -0.000023
0.0506 -0.000019
0.0152 -0.000015
-0.0329 -0.000011
-0.1005 -0.000008
-0.1836 -0.000005
-0.2644 -0.000003
-0.3313 -0.000002
-0.3832 -0.000001
-0.4221 -0.000001
-0.4508 -0.000000
-0.4716 -0.000000
-0.4863 -0.000000
-0.4963 -0.000000
-0.5026 0.000000
-0.5059 0.000000
-0.5069 0.000000
-0.5060 0.000000
-0.5034 0.000000
-0.4994 -0.000000
-0.4942 -0.000000
-0.4877 -0.000000
-0.4801 -0.000000
-0.4715 -0.000000
-0.4618 -0.000000
-0.4509 -0.000000
-0.4390 -0.000000
-0.4258 -0.000000
-0.4115 -0.000000
-0.3959 -0.000000
-0.3789 -0.000000
-0.3606 -0.000000
-0.3407 -0.000000
-0.3193 -0.000000
-0.2961 -0.000000
-0.2723 -0.017064
-0.2499 -0.018743
-0.2330 -0.060051
-0.2240 -0.062097
-0.2250 -0.082511
-0.2365 -0.079085
-0.2556 -0.073399
-0.2790 -0.066362
-0.3039 -0.058900
-0.3279 -0.051695
-0.3497 -0.045138
-0.3689 -0.039398
-0.3851 -0.034503
-0.3988 -0.030408
-0.4100 -0.027034
-0.4191 -0.024291
-0.4264 -0.022093
-0.4322 -0.020359
-0.4366 -0.018570
-0.4398 -0.016736
-0.4419 -0.014637
-0.4429 -0.012711
-0.4430 -0.010655
-0.4424 -0.009002
-0.4410 -0.007689
-0.4392 -0.006624
-0.4368 -0.005744
-0.4341 -0.005006
-0.4310 -0.004379
-0.4275 -0.003842
-0.4236 -0.003379
-0.4194 -0.002978
-0.4148 -0.002629
-0.4098 -0.002324
-0.4043 -0.002058
-0.3984 -0.001825
-0.3920 -0.001621
-0.3849 -0.001442
-0.3772 -0.001285
-0.3687 -0.001147
-0.3594 -0.001026
-0.3492 -0.000919
-0.3379 -0.000825
-0.3254 -0.000742
-0.3116 -0.000669
-0.2963 -0.000604
-0.2792 -0.000547
-0.2600 -0.000496
-0.2383 -0.000452
-0.2134 -0.000413
-0.1839 -0.000381
-0.1473 -0.000355
-0.0986 -0.000337
-0.0264 -0.000332
0.0823 -0.000341
0.1977 -0.000341
0.2764 -0.000317
0.3147 -0.000278
0.3233 -0.000235
0.3132 -0.000194
0.2930 -0.000158
0.2681 -0.000128
0.2419 -0.000103
0.2160 -0.000083
0.1910 -0.000067
0.1670 -0.000054
0.1437 -0.000043
0.1206 -0.000035
0.0967 -0.000028
0.0707 -0.000022
0.0406 -0.000018
0.0022 -0.000014
-0.0510 -0.000010
-0.1241 -0.000007
-0.2082 -0.000005
-0.2852 -0.000003
-0.3473 -0.000002
-0.3949 -0.000001
-0.4303 -0.000001
-0.4563 -0.000000
-0.4750 -0.000000
-0.4881 -0.000000
-0.4968 -0.000000
-0.5020 0.000000
-0.5045 0.000000
-0.5048 0.000000
-0.5033 0.000000
-0.5002 0.000000
-0.4957 -0.000000
-0.4899 -0.000000
-0.4831 -0.000000
-0.4751 -0.000000
-0.4660 -0.000000
-0.4558 -0.000000
-0.4446 -0.000000
-0.4322 -0.000000
-0.4186 -0.000000
-0.4037 -0.000000
-0.3876 -0.000000
-0.3701 -0.000000
-0.3512 -0.000000
-0.3307 -0.000000
-0.3086 -0.000000
-0.2848 -0.000000
-0.2626 -0.017789
-0.2430 -0.038518
-0.2310 -0.060517
-0.2267 -0.081991
-0.2344 -0.079727
-0.2501 -0.075035
-0.2714 -0.068638
-0.2954 -0.061467
-0.3192 -0.054297
-0.3415 -0.047622
-0.3612 -0.041691
-0.3782 -0.036580
-0.3926 -0.032273
-0.4044 -0.028701
-0.4141 -0.025783
-0.4220 -0.023431
-0.4282 -0.021565
-0.4330 -0.020066
-0.4366 -0.018212
-0.4390 -0.016319
-0.4404 -0.014150
-0.4409 -0.012197
-0.4404 -0.010257
-0.4393 -0.008729
-0.4376 -0.007497
-0.4353 -0.006484
-0.4327 -0.005638
-0.4296 -0.004922
-0.4262 -0.004310
-0.4224 -0.003784
-0.4183 -0.003328
-0.4138 -0.002933
-0.4089 -0.002588
-0.4036 -0.002287
-0.3978 -0.002024
-0.3916 -0.001794
-0.3847 -0.001593
-0.3773 -0.001416
-0.3691 -0.001261
-0.3601 -0.001126
-0.3503 -0.001006
-0.3394 -0.000901
-0.3274 -0.000809
-0.3142 -0.000727
-0.2995 -0.000655
-0.2831 -0.000592
-0.2648 -0.000536
-0.2441 -0.000487
-0.2204 -0.000444
-0.1926 -0.000408
-0.1587 -0.000378
-0.1147 -0.000357
-0.0516 -0.000346
0.0455 -0.000352
0.1646 -0.000358
0.2561 -0.000341
0.3059 -0.000303
0.3226 -0.000259
0.3175 -0.000215
0.2999 -0.000175
0.2762 -0.000142
0.2504 -0.000115
0.2244 -0.000093
0.1992 -0.000075
0.1751 -0.000060
0.1517 -0.000049
0.1287 -0.000039
0.1054 -0.000031
0.0805 -0.000025
