-0.3190 -0.000133
-0.3132 -0.000114
-0.3068 -0.000099
-0.3000 -0.000085
-0.2926 -0.000074
-0.2849 -0.000064
-0.2771 -0.000055
-0.2693 -0.000048
-0.2619 -0.000041
-0.2548 -0.000035
-0.2481 -0.000030
-0.2418 -0.000026
-0.2359 -0.000022
-0.2302 -0.000019
-0.2246 -0.000016
-0.2190 -0.000014
-0.2132 -0.000012
-0.2071 -0.000010
-0.2005 -0.000009
-0.1932 -0.000007
-0.1851 -0.000006
-0.1758 -0.000005
-0.1650 -0.000005
-0.1523 -0.000004
-0.1370 -0.000004
-0.1177 -0.000003
-0.0920 -0.000003
-0.0553 -0.000003
0.0008 -0.000002
0.0820 -0.000002
0.1692 -0.000002
0.2354 -0.000002
0.2743 -0.000002
0.2901 -0.000002
0.2892 -0.000001
0.2779 -0.000001
0.2606 -0.000001
0.2405 -0.000001
0.2196 -0.000001
0.1989 -0.000000
0.1788 -0.000000
0.1593 -0.000000
0.1404 -0.000000
0.1218 -0.000000
0.1030 -0.000000
0.0834 -0.000000
0.0622 -0.000000
0.0377 -0.000000
0.0074 -0.000000
-0.0328 -0.000000
-0.0877 -0.000000
-0.1559 -0.000000
-0.2254 -0.000000
-0.2848 -0.000000
-0.3311 -0.000000
-0.3653 -0.000000
-0.3896 -0.000000
-0.4062 -0.000000
-0.4169 -0.000000
-0.4231 -0.000000
-0.4257 -0.000000
-0.4257 -0.000000
-0.4236 -0.000000
-0.4199 -0.000000
-0.4150 -0.000000
-0.4093 -0.000000
-0.4030 -0.000000
-0.3963 -0.000000
-0.3895 -0.000000
-0.3829 -0.000000
-0.3764 -0.000000
-0.3702 -0.000000
-0.3643 -0.000000
-0.3587 -0.000000
-0.3532 -0.000000
-0.3478 -0.000000
-0.3424 -0.000000
-0.3369 -0.000000
-0.3312 -0.000000
-0.3255 -0.000000
-0.3198 -0.000000
-0.3143 -0.000000
-0.3091 -0.000000
-0.3042 -0.000000
-0.2996 -0.000000
-0.2952 -0.000000
-0.2912 -0.026100
-0.2921 -0.025991
-0.2925 -0.025939
-0.2923 -0.025956
-0.2918 -0.026030
-0.2911 -0.026110
-0.2908 -0.026156
-0.2908 -0.026154
-0.2911 -0.026111
-0.2917 -0.026039
-0.2924 -0.025951
-0.2931 -0.025860
-0.2938 -0.025776
-0.2943 -0.025709
-0.2946 -0.025671
-0.2946 -0.025678
-0.2940 -0.025744
-0.2929 -0.025886
-0.2910 -0.026120
-0.2883 -0.026462
-0.2846 -0.026926
-0.2797 -0.027526
-0.2737 -0.026127
-0.2657 -0.022589
-0.2558 -0.019655
-0.2445 -0.017175
-0.2320 -0.015045
-0.2186 -0.013194
-0.2045 -0.011572
-0.1897 -0.010147
-0.1744 -0.008892
-0.1583 -0.007793
-0.1408 -0.006841
-0.1231 -0.053089
-0.1159 -0.101112
-0.1146 -0.100625
-0.1151 -0.099807
-0.1180 -0.098475
-0.1243 -0.096381
-0.1347 -0.093321
-0.1496 -0.089211
-0.1686 -0.084140
-0.1906 -0.078377
-0.2140 -0.072307
-0.2373 -0.066320
-0.2591 -0.060720
-0.2788 -0.055697
-0.2958 -0.051339
-0.3103 -0.047661
-0.3222 -0.044632
-0.3318 -0.042195
-0.3393 -0.039065
-0.3445 -0.034767
-0.3485 -0.050365
-0.3536 -0.046684
-0.3568 -0.042521
-0.3581 -0.038107
-0.3579 -0.034799
-0.3565 -0.032294
-0.3543 -0.030376
-0.3517 -0.028891
-0.3487 -0.027730
-0.3455 -0.026821
-0.3423 -0.026114
-0.3391 -0.025576
-0.3357 -0.025184
-0.3323 -0.024922
-0.3288 -0.024777
-0.3251 -0.024741
-0.3212 -0.024808
-0.3170 -0.024976
-0.3125 -0.025241
-0.3075 -0.025604
-0.3021 -0.026064
-0.2957 -0.022656
-0.2880 -0.019449
-0.2790 -0.016774
-0.2686 -0.014522
-0.2571 -0.012613
-0.2443 -0.010982
-0.2304 -0.009581
-0.2152 -0.008372
-0.1986 -0.007328
-0.1803 -0.006431
-0.1595 -0.005666
-0.1349 -0.005026
-0.1037 -0.004512
-0.0604 -0.004140
0.0057 -0.003938
0.1004 -0.003867
0.1960 -0.003710
0.2642 -0.003372
0.3017 -0.002928
0.3148 -0.002463
0.3108 -0.002028
0.2964 -0.001648
0.2765 -0.001329
0.2543 -0.001068
0.2317 -0.000857
0.2096 -0.000688
0.1885 -0.000552
0.1684 -0.000444
0.1491 -0.000356
0.1304 -0.000286
0.1120 -0.000230
0.0935 -0.000185
0.0742 -0.000148
0.0533 -0.000118
0.0292 -0.000093
-0.0004 -0.000073
-0.0393 -0.000056
-0.0915 -0.000041
-0.1549 -0.000029
-0.2190 -0.000019
-0.2741 -0.000013
-0.3174 -0.000009
-0.3495 -0.000006
-0.3726 -0.000004
-0.3885 -0.000003
-0.3989 -0.000002
-0.4050 -0.000002
-0.4076 -0.000001
-0.4076 -0.000001
-0.4053 -0.000001
-0.4015 -0.000001
-0.3963 -0.000001
-0.3903 -0.000001
-0.3835 -0.000001
-0.3766 -0.000000
-0.3702 -0.000000
-0.3647 -0.000000
-0.3604 -0.000000
-0.3572 -0.000000
-0.3550 -0.000000
-0.3534 -0.000000
-0.3523 -0.000000
-0.3519 -0.018513
-0.3541 -0.018236
-0.3556 -0.018046
-0.3564 -0.017944
-0.3566 -0.017923
-0.3564 -0.017955
-0.3558 -0.018020
-0.3551 -0.018107
-0.3543 -0.018215
-0.3532 -0.018344
-0.3520 -0.018493
-0.3507 -0.018659
-0.3493 -0.018838
-0.3477 -0.019030
-0.3461 -0.019237
-0.3443 -0.019464
-0.3423 -0.019715
-0.3400 -0.019992
-0.3376 -0.020298
-0.3349 -0.020634
-0.3319 -0.019340
-0.3280 -0.016522
-0.3233 -0.014173
-0.3179 -0.012198
-0.3119 -0.010522
-0.3054 -0.009091
-0.2986 -0.007860
-0.2914 -0.006797
-0.2841 -0.005876
-0.2766 -0.005077
-0.2691 -0.004383
-0.2614 -0.003782
-0.2538 -0.003260
-0.2461 -0.002808
-0.2383 -0.002416
-0.2306 -0.002078
-0.2227 -0.001786
-0.2147 -0.001534
-0.2065 -0.001318
-0.1979 -0.001133
-0.1888 -0.000975
-0.1789 -0.000840
-0.1680 -0.000725
-0.1557 -0.000628
-0.1413 -0.000547
-0.1238 -0.000479
-0.1011 -0.000424
-0.0698 -0.000382
-0.0319 -0.058810
0.0197 -0.065204
0.0887 -0.073799
0.1581 -0.082470
0.2093 -0.088874
0.2383 -0.092486
0.2486 -0.093765
0.2457 -0.093385
0.2344 -0.091952
0.2184 -0.089922
0.1999 -0.087598
0.1805 -0.085157
0.1609 -0.082689
0.1412 -0.080225
0.1216 -0.077756
0.1015 -0.075240
0.0804 -0.072599
0.0572 -0.069706
0.0303 -0.066344
-0.0030 -0.056824
-0.0456 -0.043403
-0.1009 -0.031853
-0.1654 -0.022308
-0.2281 -0.015144
-0.2805 -0.010212
-0.3206 -0.006969
-0.3497 -0.004875
-0.3698 -0.003526
-0.3827 -0.002650
-0.3901 -0.002073
-0.3932 -0.001683
-0.3930 -0.001407
-0.3904 -0.001203
-0.3862 -0.001043
-0.3809 -0.000912
-0.3748 -0.000800
-0.3684 -0.000703
-0.3617 -0.000617
-0.3550 -0.000540
-0.3483 -0.000472
-0.3416 -0.000411
-0.3350 -0.000358
-0.3286 -0.000311
-0.3245 -0.022197
-0.3230 -0.044486
-0.3249 -0.043965
-0.3264 -0.043565
-0.3281 -0.043112
-0.3306 -0.042457
-0.3342 -0.041554
-0.3385 -0.040455
-0.3432 -0.039263
-0.3479 -0.038085
-0.3522 -0.037001
-0.3559 -0.036064
-0.3589 -0.035301
-0.3612 -0.034724
-0.3627 -0.034333
-0.3636 -0.034124
-0.3636 -0.032448
-0.3626 -0.030135
-0.3605 -0.026764
-0.3574 -0.022858
-0.3533 -0.019637
-0.3485 -0.016935
-0.3431 -0.014640
-0.3374 -0.012674
-0.3313 -0.010980
-0.3250 -0.009515
-0.3184 -0.008246
-0.3115 -0.007146
-0.3045 -0.006191
-0.2972 -0.005362
-0.2898 -0.004641
-0.2824 -0.004014
-0.2749 -0.003467
-0.2675 -0.002991
-0.2602 -0.002576
-0.2530 -0.002216
-0.2459 -0.001904
-0.2389 -0.001634
-0.2320 -0.001401
-0.2251 -0.001200
-0.2181 -0.001028
-0.2109 -0.000880
-0.2034 -0.000754
-0.1954 -0.000647
-0.1866 -0.000556
-0.1768 -0.000478
-0.1656 -0.000413
-0.1525 -0.000359
-0.1365 -0.000313
-0.1165 -0.000276
-0.0899 -0.000247
-0.0520 -0.000225
0.0057 -0.000212
0.0880 -0.000206
0.1739 -0.000197
0.2379 -0.000180
0.2749 -0.000158
0.2899 -0.000135
0.2891 -0.000112
0.2782 -0.000093
0.2616 -0.000076
0.2422 -0.000062
0.2217 -0.000050
0.2014 -0.000041
0.1815 -0.000033
0.1622 -0.000027
0.1436 -0.000022
0.1253 -0.000018
0.1071 -0.000014
0.0886 -0.000012
0.0692 -0.000009
0.0479 -0.000008
0.0233 -0.000006
-0.0071 -0.000005
-0.0469 -0.000004
-0.0988 -0.000003
-0.1596 -0.000002
-0.2186 -0.000001
-0.2674 -0.000001
-0.3036 -0.000001
-0.3281 -0.000000
-0.3431 -0.000000
-0.3508 -0.000000
-0.3534 -0.000000
-0.3529 -0.000000
-0.3505 -0.000000
-0.3473 -0.000000
-0.3440 -0.000000
-0.3409 -0.000000
-0.3395 -0.020065
-0.3410 -0.019872
-0.3426 -0.019677
-0.3444 -0.019454
-0.3469 -0.019135
-0.3509 -0.037306
-0.3582 -0.035461
-0.3650 -0.033756
-0.3710 -0.032259
-0.3761 -0.030990
-0.3815 -0.044480
-0.3874 -0.042262
-0.3920 -0.040527
-0.3954 -0.039224
-0.3979 -0.038296
-0.3995 -0.037679
-0.4005 -0.037326
-0.4008 -0.037203
-0.4006 -0.037287
-0.3998 -0.037315
-0.3984 -0.035791
-0.3963 -0.034782
-0.3937 -0.034159
-0.3907 -0.033828
-0.3873 -0.031815
-0.3833 -0.029909
-0.3789 -0.028418
-0.3742 -0.027260
-0.3691 -0.026371
-0.3639 -0.024275
-0.3581 -0.021133
-0.3519 -0.018418
-0.3455 -0.016051
-0.3389 -0.013977
-0.3322 -0.012155
-0.3256 -0.010553
-0.3190 -0.009147
-0.3124 -0.007915
-0.3059 -0.006839
-0.2995 -0.005899
-0.2932 -0.005083
-0.2869 -0.004374
-0.2807 -0.003760
-0.2744 -0.003230
-0.2680 -0.002773
-0.2616 -0.002380
-0.2551 -0.002043
-0.2484 -0.001752
-0.2417 -0.001502
-0.2349 -0.001288
-0.2280 -0.001103
-0.2211 -0.000945
-0.2142 -0.000809
-0.2071 -0.000692
-0.1999 -0.000592
-0.1923 -0.000507
-0.1843 -0.000434
-0.1757 -0.000373
-0.1662 -0.000320
-0.1554 -0.000276
-0.1428 -0.000239
-0.1276 -0.000208
-0.1082 -0.000183
-0.0821 -0.000163
-0.0440 -0.000148
0.0145 -0.000140
0.0961 -0.000135
0.1787 -0.000129
0.2392 -0.000117
0.2740 -0.000102
0.2876 -0.000087
0.2860 -0.000073
0.2747 -0.000060
0.2578 -0.000049
0.2384 -0.000040
0.2180 -0.000032
0.1977 -0.000026
0.1779 -0.000021
0.1544 -0.081864
0.1223 -0.077844
0.0925 -0.074112
0.0624 -0.070343
0.0288 -0.066153
-0.0128 -0.060969
-0.0685 -0.054023
-0.1400 -0.045104
-0.2154 -0.035663
-0.2810 -0.027450
-0.3321 -0.021040
-0.3701 -0.016283
-0.3974 -0.012857
-0.4165 -0.010458
-0.4293 -0.008845
-0.4374 -0.007837
-0.4416 -0.007303
-0.4429 -0.007144
-0.4417 -0.007289
-0.4385 -0.007686
-0.4336 -0.008294
-0.4273 -0.007625
-0.4198 -0.006952
-0.4117 -0.006330
-0.4033 -0.005729
-0.3950 -0.005145
-0.3869 -0.004581
-0.3792 -0.004048
-0.3718 -0.003552
-0.3647 -0.003100
-0.3578 -0.002694
-0.3509 -0.002335
-0.3439 -0.002021
-0.3401 -0.021690
-0.3360 -0.021942
-0.3315 -0.022290
-0.3272 -0.022643
-0.3238 -0.022898
-0.3218 -0.023012
-0.3209 -0.022997
-0.3209 -0.022893
-0.3214 -0.022740
-0.3222 -0.022572
-0.3230 -0.022413
-0.3236 -0.022283
-0.3240 -0.022194
-0.3240 -0.022157
-0.3236 -0.022179
-0.3227 -0.022267
-0.3213 -0.022427
-0.3193 -0.022662
-0.3167 -0.022974
-0.3135 -0.023362
-0.3097 -0.023570
-0.3049 -0.020176
-0.2990 -0.017364
-0.2920 -0.015006
-0.2841 -0.013007
-0.2753 -0.011302
-0.2658 -0.009838
-0.2555 -0.008578
-0.2443 -0.007492
-0.2321 -0.006555
-0.2187 -0.005748
-0.2037 -0.005055
-0.1869 -0.004462
-0.1676 -0.003955
-0.1450 -0.003527
-0.1174 -0.003175
-0.0809 -0.002904
-0.0374 -0.118228
0.0075 -0.129194
0.0672 -0.143937
0.1303 -0.159559
0.1794 -0.171656
0.2079 -0.178595
0.2184 -0.181013
0.2160 -0.180182
0.2051 -0.177287
0.1895 -0.173207
0.1713 -0.168511
0.1518 -0.163516
0.1315 -0.158354
0.1105 -0.153022
0.0883 -0.147406
0.0639 -0.141256
0.0357 -0.129505
0.0022 -0.111764
-0.0410 -0.094810
-0.0982 -0.074663
-0.1649 -0.052027
-0.2294 -0.035094
-0.2832 -0.023474
-0.3248 -0.015844
-0.3556 -0.010905
-0.3778 -0.007701
-0.3936 -0.005598
-0.4046 -0.004193
-0.4119 -0.003233
-0.4164 -0.002561
-0.4188 -0.002077
-0.4196 -0.001718
-0.4191 -0.001443
-0.4176 -0.001227
-0.4153 -0.001053
-0.4124 -0.000910
-0.4089 -0.000790
-0.4050 -0.000688
-0.4006 -0.000601
-0.3958 -0.000526
-0.3905 -0.000462
-0.3849 -0.000405
-0.3788 -0.000356
-0.3725 -0.000313
-0.3660 -0.000275
-0.3595 -0.000241
-0.3532 -0.000210
-0.3471 -0.000183
-0.3412 -0.000158
-0.3355 -0.000137
-0.3300 -0.000118
-0.3245 -0.000102
-0.3197 -0.022627
-0.3184 -0.022773
-0.3166 -0.022985
-0.3142 -0.023272
-0.3112 -0.023636
-0.3077 -0.024067
-0.3040 -0.024529
-0.3004 -0.024976
-0.2972 -0.025372
-0.2946 -0.025697
-0.2925 -0.025954
-0.2908 -0.026157
-0.2894 -0.026330
-0.2881 -0.026500
-0.2865 -0.026693
-0.2846 -0.026935
-0.2821 -0.027243
-0.2790 -0.027630
-0.2752 -0.028102
-0.2707 -0.028655
-0.2654 -0.025137
-0.2587 -0.021379
-0.2508 -0.018249
-0.2422 -0.015611
-0.2330 -0.013369
-0.2233 -0.011453
-0.2133 -0.009813
-0.2028 -0.008411
-0.1917 -0.007214
-0.1797 -0.006196
-0.1663 -0.005337
-0.1508 -0.004617
-0.1320 -0.004022
-0.1133 -0.051815
-0.0942 -0.053729
-0.0677 -0.056665
-0.0290 -0.061216
0.0276 -0.068092
0.0995 -0.076939
0.1666 -0.085180
0.1986 -0.176261
0.2123 -0.179471
0.2099 -0.267463
0.1878 -0.258948
0.1647 -0.250099
0.1412 -0.241117
0.1171 -0.231984
0.0920 -0.222477
0.0646 -0.212117
0.0325 -0.200032
-0.0084 -0.184685
-0.0638 -0.158807
-0.1340 -0.126438
-0.2083 -0.096233
-0.2729 -0.071965
-0.3230 -0.054159
-0.3597 -0.041646
-0.3856 -0.033080
-0.4031 -0.027385
-0.4142 -0.023246
-0.4203 -0.019679
-0.4226 -0.016953
-0.4222 -0.014222
-0.4201 -0.012195
-0.4170 -0.010577
-0.4134 -0.009219
-0.4095 -0.008048
-0.4054 -0.007027
-0.4011 -0.006133
-0.3967 -0.005350
-0.3922 -0.004664
-0.3875 -0.004064
-0.3826 -0.003541
-0.3776 -0.003083
-0.3724 -0.002684
-0.3670 -0.002336
-0.3615 -0.002033
-0.3557 -0.001768
-0.3498 -0.001537
-0.3438 -0.001336
-0.3375 -0.001160
-0.3311 -0.001007
-0.3246 -0.000873
-0.3180 -0.000757
-0.3115 -0.000655
-0.3049 -0.000566
-0.2985 -0.000488
-0.2923 -0.000420
-0.2861 -0.000361
-0.2800 -0.000310
-0.2741 -0.000266
-0.2683 -0.000228
-0.2628 -0.000195
-0.2576 -0.000166
-0.2527 -0.000142
-0.2480 -0.000121
-0.2437 -0.000102
-0.2395 -0.000087
-0.2354 -0.000074
-0.2313 -0.000063
-0.2271 -0.000053
-0.2226 -0.000045
-0.2178 -0.000038
-0.2126 -0.000033
-0.2068 -0.000028
-0.2004 -0.000024
-0.1934 -0.000020
-0.1857 -0.000017
-0.1795 -0.040071
-0.1794 -0.040086
-0.1800 -0.040008
-0.1816 -0.039805
-0.1845 -0.039452
-0.1887 -0.038926
-0.1944 -0.038216
-0.2015 -0.037329
-0.2098 -0.036287
-0.2191 -0.035132
-0.2288 -0.033910
-0.2387 -0.032675
-0.2483 -0.031474
-0.2573 -0.030350
-0.2654 -0.029340
-0.2723 -0.028470
-0.2780 -0.027761
-0.2823 -0.027223
-0.2851 -0.026865
-0.2865 -0.026683
-0.2867 -0.025237
-0.2850 -0.021023
-0.2820 -0.017630
-0.2779 -0.014848
-0.2732 -0.012533
-0.2683 -0.010589
-0.2633 -0.008944
-0.2584 -0.007547
-0.2539 -0.006356
-0.2498 -0.005343
-0.2462 -0.004483
-0.2428 -0.003755
-0.2398 -0.003142
-0.2368 -0.002627
-0.2339 -0.002196
-0.2309 -0.001836
-0.2275 -0.001537
-0.2237 -0.001289
-0.2194 -0.001082
-0.2143 -0.000911
-0.2082 -0.000769
-0.2011 -0.000652
-0.1926 -0.000554
-0.1840 -0.039968
-0.1804 -0.040338
-0.1755 -0.040883
-0.1693 -0.041612
-0.1622 -0.042452
-0.1553 -0.043276
-0.1494 -0.043983
-0.1450 -0.044510
-0.1423 -0.044822
-0.1416 -0.044899
-0.1429 -0.044725
-0.1463 -0.044289
-0.1518 -0.043586
-0.1594 -0.042626
-0.1689 -0.041440
-0.1797 -0.040084
-0.1912 -0.038637
-0.2028 -0.037185
-0.2137 -0.035814
-0.2234 -0.034597
-0.2314 -0.033591
-0.2374 -0.030888
-0.2405 -0.025492
-0.2405 -0.021281
-0.2378 -0.017955
-0.2326 -0.015295
-0.2249 -0.013139
-0.2148 -0.011373
-0.2025 -0.009909
-0.1877 -0.008686
-0.1702 -0.007659
-0.1495 -0.006798
-0.1245 -0.006081
-0.0931 -0.005502
-0.0503 -0.005077
0.0126 -0.004832
0.0983 -0.004709
0.1821 -0.004486
0.2413 -0.004073
0.2732 -0.003550
0.2835 -0.003005
0.2790 -0.002495
0.2654 -0.002048
0.2471 -0.001669
0.2269 -0.001356
0.1928 -0.087718
0.1618 -0.083621
0.1341 -0.079985
0.1081 -0.076592
0.0821 -0.073239
0.0544 -0.069684
0.0220 -0.065575
-0.0194 -0.060351
-0.0756 -0.053290
-0.1469 -0.044337
-0.2209 -0.035050
-0.2843 -0.027082
-0.3332 -0.020931
-0.3690 -0.016435
-0.3941 -0.013274
-0.4111 -0.011142
-0.4218 -0.009791
-0.4278 -0.008107
-0.4301 -0.006551
-0.4297 -0.005502
-0.4273 -0.004749
-0.4236 -0.004169
-0.4191 -0.003689
-0.4140 -0.003272
-0.4088 -0.002898
-0.4036 -0.002561
-0.3983 -0.002255
-0.3931 -0.001980
-0.3878 -0.001735
-0.3825 -0.001517
-0.3771 -0.001326
-0.3715 -0.001157
-0.3657 -0.001010
-0.3597 -0.000881
-0.3535 -0.000769
-0.3469 -0.000671
-0.3401 -0.000585
-0.3329 -0.000511
-0.3254 -0.000446
-0.3176 -0.000389
-0.3096 -0.000339
-0.3013 -0.000295
-0.2930 -0.000257
-0.2847 -0.000223
-0.2767 -0.000193
-0.2689 -0.000167
-0.2615 -0.000144
-0.2544 -0.000124
-0.2476 -0.000106
-0.2410 -0.000091
-0.2346 -0.000078
-0.2282 -0.000067
-0.2216 -0.000057
-0.2149 -0.000049
-0.2110 -0.036172
-0.2120 -0.036042
-0.2136 -0.035826
-0.2162 -0.035497
-0.2202 -0.035005
-0.2256 -0.034319
-0.2325 -0.033456
-0.2405 -0.032461
-0.2490 -0.031396
-0.2576 -0.030314
-0.2660 -0.029263
-0.2739 -0.028276
-0.2811 -0.027380
-0.2873 -0.026592
-0.2927 -0.025924
-0.2970 -0.025387
-0.3001 -0.024989
-0.3021 -0.024738
-0.3029 -0.024639
-0.3024 -0.024700
-0.3006 -0.024926
-0.2972 -0.022910
-0.2917 -0.019652
-0.2840 -0.017017
-0.2741 -0.014862
-0.2619 -0.013082
-0.2472 -0.011598
-0.2297 -0.010355
-0.2088 -0.009316
-0.1835 -0.008455
-0.1519 -0.007766
-0.1097 -0.007269
-0.0474 -0.007037
0.0524 -0.007169
0.1779 -0.007351
0.2783 -0.007053
0.3357 -0.006329
0.3555 -0.005413
0.3492 -0.004488
0.3282 -0.003656
0.3006 -0.002952
0.2714 -0.002375
0.2431 -0.001911
0.2167 -0.001539
0.1924 -0.001242
0.1698 -0.001003
0.1487 -0.000811
0.1286 -0.000657
0.1090 -0.000531
0.0893 -0.000429
0.0689 -0.000346
0.0467 -0.000278
0.0210 -0.000221
-0.0109 -0.000173
-0.0526 -0.000132
-0.1068 -0.000097
-0.1688 -0.000068
-0.2276 -0.000047
-0.2756 -0.000032
-0.3111 -0.000023
-0.3353 -0.000017
-0.3503 -0.000013
-0.3579 -0.000010
-0.3598 -0.000008
-0.3573 -0.000007
-0.3517 -0.000006
-0.3439 -0.000005
-0.3345 -0.000005
-0.3241 -0.000004
-0.3132 -0.000004
-0.3022 -0.000003
-0.2915 -0.000003
-0.2813 -0.000003
-0.2743 -0.056442
-0.2791 -0.082850
-0.2862 -0.080193
-0.2933 -0.077553
-0.3025 -0.074094
-0.3150 -0.069439
-0.3296 -0.063963
-0.3447 -0.058310
-0.3588 -0.053016
-0.3710 -0.048399
-0.3812 -0.044582
-0.3892 -0.041565
-0.3953 -0.039283
-0.3996 -0.037645
-0.4025 -0.036557
-0.4042 -0.035930
-0.4048 -0.035143
-0.4044 -0.032938
-0.4027 -0.028389
-0.3997 -0.024425
-0.3959 -0.021176
-0.3914 -0.018439
-0.3866 -0.016091
-0.3814 -0.014051
-0.3760 -0.012269
-0.3704 -0.010706
-0.3647 -0.009334
-0.3590 -0.008129
-0.3531 -0.007072
-0.3471 -0.006146
-0.3410 -0.005336
-0.3349 -0.004629
-0.3287 -0.004010
-0.3225 -0.003471
-0.3163 -0.003000
-0.3101 -0.002590
-0.3039 -0.002233
-0.2978 -0.001923
-0.2943 -0.027340
-0.2932 -0.027226
-0.2917 -0.027185
-0.2900 -0.027215
-0.2881 -0.027309
-0.2859 -0.027450
-0.2838 -0.027611
-0.2818 -0.027768
-0.2801 -0.027903
-0.2787 -0.028009
-0.2776 -0.028089
-0.2768 -0.028149
-0.2760 -0.028201
-0.2753 -0.028260
-0.2744 -0.028339
-0.2733 -0.028452
-0.2719 -0.028615
-0.2700 -0.028838
-0.2675 -0.029132
-0.2644 -0.029506
-0.2601 -0.024933
-0.2541 -0.021128
-0.2466 -0.018007
-0.2373 -0.015430
-0.2264 -0.013289
-0.2135 -0.011506
-0.1982 -0.010019
-0.1799 -0.008785
-0.1574 -0.007774
-0.1285 -0.006969
-0.0885 -0.006381
-0.0274 -0.006056
0.0683 -0.006020
0.1803 -0.005961
0.2667 -0.005558
0.3160 -0.004893
0.3338 -0.004136
0.3297 -0.003403
