-0.4040 0.000095
-0.3996 0.000078
-0.3935 0.049269
-0.3804 0.047615
-0.3686 0.046131
-0.3580 0.044791
-0.3483 0.043573
-0.3394 0.042460
-0.3313 0.041436
-0.3237 0.040485
-0.3166 0.039594
-0.3099 0.038752
-0.3028 0.075745
-0.2897 0.072466
-0.2746 0.103048
-0.2575 0.096614
-0.2419 0.090765
-0.2275 0.085378
-0.2141 0.080338
-0.2013 0.075532
-0.1888 0.070848
-0.1764 0.066192
-0.1640 0.059112
-0.1517 0.051798
-0.1392 0.045319
-0.1257 0.039298
-0.1105 0.033359
-0.0922 0.027049
-0.0689 0.019733
-0.0370 0.010441
0.0083 -0.002123
0.0687 -0.017005
0.1328 -0.030315
0.1840 -0.038912
0.2166 -0.038388
0.2332 -0.034312
0.2378 -0.029044
0.2341 -0.023735
0.2251 -0.018935
0.2126 -0.014845
0.1982 -0.011484
0.1827 -0.008783
0.1665 -0.006645
0.1500 -0.004967
0.1331 -0.003658
0.1156 -0.002639
0.0973 -0.001844
0.0774 -0.001218
0.0549 -0.000718
0.0277 -0.000303
-0.0075 0.000064
-0.0563 0.000415
-0.1222 0.000751
-0.1974 0.001009
-0.2671 0.001135
-0.3240 0.001143
-0.3676 0.001077
-0.4001 0.000974
-0.4240 0.000857
-0.4411 0.000740
-0.4531 0.000631
-0.4611 0.000533
-0.4661 0.000448
-0.4687 0.000374
-0.4694 0.000311
-0.4685 0.000257
-0.4664 0.000213
-0.4633 0.000176
-0.4596 0.000145
-0.4555 0.000119
-0.4443 0.055648
-0.4305 0.053904
-0.4181 0.052334
-0.4067 0.050906
-0.3964 0.049600
-0.3869 0.048401
-0.3781 0.047300
-0.3700 0.046285
-0.3625 0.045345
-0.3556 0.044472
-0.3491 0.043654
-0.3429 0.042880
-0.3370 0.042140
-0.3313 0.041428
-0.3259 0.040743
-0.3206 0.040084
-0.3155 0.039451
-0.3107 0.038844
-0.3060 0.038261
-0.3016 0.037704
-0.2973 0.037170
-0.2933 0.035685
-0.2902 0.029486
-0.2850 0.059831
-0.2774 0.054342
-0.2710 0.049920
-0.2656 0.046331
-0.2610 0.043399
-0.2570 0.040987
-0.2535 0.038988
-0.2504 0.037318
-0.2475 0.035916
-0.2450 0.034733
-0.2426 0.033732
-0.2406 0.032886
-0.2387 0.032171
-0.2371 0.031568
-0.2357 0.031063
-0.2345 0.030646
-0.2336 0.030305
-0.2283 0.057999
-0.2222 0.056306
-0.2165 0.054730
-0.2114 0.049532
-0.2076 0.044717
-0.2050 0.040949
-0.2034 0.038004
-0.2027 0.035705
-0.2028 0.033918
-0.2035 0.032541
-0.2047 0.031495
-0.2063 0.030719
-0.2084 0.030168
-0.2109 0.029801
-0.2136 0.029589
-0.2167 0.029505
-0.2200 0.029526
-0.2234 0.029635
-0.2270 0.029812
-0.2307 0.030044
-0.2345 0.030316
-0.2383 0.028019
-0.2429 0.023845
-0.2482 0.020341
-0.2539 0.017375
-0.2599 0.014845
-0.2657 0.012673
-0.2713 0.010806
-0.2767 0.009201
-0.2819 0.007825
-0.2868 0.006648
-0.2916 0.005643
-0.2962 0.004785
-0.3005 0.004053
-0.3045 0.003429
-0.3081 0.002897
-0.3112 0.002444
-0.3140 0.002058
-0.3163 0.001731
-0.3181 0.001454
-0.3196 0.001219
-0.3136 0.040211
-0.3075 0.039258
-0.3017 0.038384
-0.2962 0.037583
-0.2911 0.036849
-0.2863 0.036166
-0.2817 0.035525
-0.2773 0.034917
-0.2730 0.034341
-0.2690 0.033796
-0.2651 0.033283
-0.2615 0.032805
-0.2581 0.032360
-0.2550 0.031952
-0.2521 0.031578
-0.2495 0.031240
-0.2471 0.030936
-0.2450 0.030666
-0.2431 0.030426
-0.2415 0.030214
-0.2400 0.030025
-0.2388 0.027250
-0.2386 0.022733
-0.2392 0.019035
-0.2406 0.015988
-0.2426 0.013466
-0.2453 0.011368
-0.2484 0.009616
-0.2520 0.008145
-0.2558 0.006906
-0.2599 0.005859
-0.2640 0.004971
-0.2681 0.004215
-0.2718 0.003570
-0.2752 0.003018
-0.2781 0.002547
-0.2806 0.002146
-0.2829 0.001807
-0.2850 0.001520
-0.2869 0.001278
-0.2887 0.001074
-0.2904 0.000902
-0.2919 0.000758
-0.2933 0.000636
-0.2893 0.036694
-0.2839 0.035917
-0.2788 0.035208
-0.2741 0.034559
-0.2698 0.033966
-0.2602 0.065262
-0.2506 0.062819
-0.2417 0.060566
-0.2334 0.058472
-0.2257 0.056524
-0.2185 0.054709
-0.2118 0.053007
-0.2054 0.051398
-0.1993 0.049862
-0.1934 0.048383
-0.1876 0.046945
-0.1820 0.045536
-0.1765 0.044146
-0.1710 0.042769
-0.1655 0.041405
-0.1602 0.039422
-0.1553 0.034971
-0.1512 0.031418
-0.1477 0.028574
-0.1448 0.026297
-0.1425 0.023722
-0.1413 0.019448
-0.1415 0.016098
-0.1432 0.013467
-0.1465 0.011394
-0.1518 0.009755
-0.1590 0.008449
-0.1683 0.007394
-0.1796 0.006523
-0.1925 0.005782
-0.2068 0.005134
-0.2217 0.004552
-0.2368 0.004020
-0.2516 0.003531
-0.2655 0.003082
-0.2785 0.002672
-0.2840 0.037749
-0.2880 0.037884
-0.2912 0.037972
-0.2937 0.038025
-0.2958 0.038068
-0.2976 0.038116
-0.2993 0.038165
-0.3005 0.038191
-0.3012 0.038174
-0.3014 0.038103
-0.3010 0.037978
-0.3001 0.037804
-0.2988 0.037591
-0.2972 0.037346
-0.2953 0.037077
-0.2932 0.036790
-0.2910 0.036491
-0.2887 0.036182
-0.2863 0.035867
-0.2839 0.035547
-0.2814 0.035224
-0.2788 0.034900
-0.2764 0.032708
-0.2748 0.027160
-0.2742 0.022632
-0.2745 0.018915
-0.2753 0.015846
-0.2767 0.013302
-0.2786 0.011184
-0.2809 0.009415
-0.2834 0.007933
-0.2860 0.006686
-0.2886 0.005634
-0.2910 0.004745
-0.2931 0.003992
-0.2950 0.003355
-0.2965 0.002816
-0.2978 0.002362
-0.2987 0.001979
-0.2994 0.001656
-0.2998 0.001385
-0.3000 0.001157
-0.2999 0.000966
-0.2996 0.000806
-0.2990 0.000672
-0.2981 0.000559
-0.2970 0.000465
-0.2957 0.000387
-0.2945 0.000322
-0.2933 0.000268
-0.2923 0.000223
-0.2914 0.000186
-0.2907 0.000155
-0.2901 0.000129
-0.2895 0.000107
-0.2851 0.035734
-0.2777 0.034796
-0.2708 0.033915
-0.2643 0.033089
-0.2582 0.032316
-0.2524 0.031595
-0.2471 0.030925
-0.2369 0.059284
-0.2267 0.056719
-0.2170 0.054297
-0.2078 0.051994
-0.1991 0.049793
-0.1906 0.047679
-0.1824 0.045627
-0.1743 0.043608
-0.1662 0.041583
-0.1580 0.039513
-0.1493 0.037349
-0.1400 0.035032
-0.1298 0.032479
-0.1182 0.029572
-0.1044 0.025160
-0.0877 0.019394
-0.0662 0.013553
-0.0364 0.006994
0.0064 -0.001063
0.0646 -0.010861
0.1282 -0.019698
0.1808 -0.023010
0.2151 -0.022672
0.2328 -0.020298
0.2378 -0.017151
0.2341 -0.013963
0.2247 -0.011087
0.2119 -0.008646
0.1972 -0.006651
0.1813 -0.005057
0.1648 -0.003802
0.1480 -0.002823
0.1308 -0.002063
0.1130 -0.001474
0.0942 -0.001017
0.0737 -0.000658
0.0502 -0.000372
0.0216 -0.000133
-0.0162 0.000080
-0.0688 0.000284
-0.1381 0.000473
-0.2136 0.000606
-0.2812 0.000660
-0.3355 0.000651
-0.3771 0.000606
-0.4082 0.000542
-0.4311 0.000474
-0.4476 0.000407
-0.4591 0.000345
-0.4667 0.000290
-0.4713 0.000242
-0.4736 0.000201
-0.4740 0.000166
-0.4730 0.000137
-0.4709 0.000113
-0.4680 0.000093
-0.4643 0.000076
-0.4601 0.000062
-0.4554 0.000051
-0.4503 0.000042
-0.4450 0.000034
-0.4394 0.000028
-0.4338 0.000023
-0.4282 0.000019
-0.4226 0.000015
-0.4170 0.000012
-0.4116 0.000010
-0.4062 0.000008
-0.4008 0.000007
-0.3955 0.000005
-0.3902 0.000004
-0.3849 0.000004
-0.3795 0.000003
-0.3719 0.046508
-0.3583 0.044803
-0.3459 0.043258
-0.3347 0.041847
-0.3204 0.080153
-0.3041 0.076067
-0.2896 0.072445
-0.2767 0.069205
-0.2650 0.066283
-0.2544 0.063628
-0.2447 0.061192
-0.2356 0.058927
-0.2271 0.056793
-0.2189 0.054748
-0.2110 0.052761
-0.2032 0.050809
-0.1954 0.048877
-0.1877 0.046951
-0.1800 0.045020
-0.1722 0.043065
-0.1645 0.038213
-0.1571 0.033731
-0.1500 0.029297
-0.1427 0.041125
-0.1326 0.034654
-0.1220 0.029148
-0.1103 0.024283
-0.0965 0.019754
-0.0795 0.015230
-0.0568 0.010283
-0.0244 0.007336
0.0217 -0.006117
0.0800 -0.022410
0.1377 -0.037987
0.1811 -0.049253
0.2068 -0.055526
0.2176 -0.057789
0.2177 -0.057295
0.2109 -0.055067
0.1999 -0.051824
0.1863 -0.048032
0.1714 -0.043968
0.1556 -0.039779
0.1395 -0.035463
0.1232 -0.028570
0.1066 -0.022768
0.0893 -0.017711
0.0705 -0.013100
0.0491 -0.008630
0.0234 -0.003937
-0.0097 0.001454
-0.0547 0.006997
-0.1151 0.012209
-0.1849 0.016254
-0.2513 0.018292
-0.3066 0.018472
-0.3499 0.017440
-0.3828 0.015783
-0.4074 0.013892
-0.4255 0.011999
-0.4386 0.010228
-0.4477 0.008634
-0.4538 0.007237
-0.4576 0.006034
-0.4594 0.005009
-0.4598 0.004146
-0.4591 0.003423
-0.4576 0.002821
-0.4557 0.002323
-0.4536 0.001912
-0.4512 0.001573
-0.4486 0.001293
-0.4458 0.001063
-0.4386 0.055701
-0.4257 0.053921
-0.4141 0.052330
-0.4034 0.050887
-0.3935 0.049560
-0.3842 0.048328
-0.3754 0.047173
-0.3670 0.046079
-0.3590 0.045038
-0.3513 0.044043
-0.3439 0.043091
-0.3367 0.042179
-0.3299 0.041306
-0.3233 0.040469
-0.3169 0.039669
-0.3109 0.038906
-0.3052 0.038181
-0.2997 0.037490
-0.2945 0.036832
-0.2894 0.036202
-0.2839 0.071016
-0.2725 0.068163
-0.2618 0.064968
-0.2524 0.057498
-0.2443 0.051507
-0.2372 0.046667
-0.2312 0.042739
-0.2259 0.039534
-0.2213 0.036906
-0.2173 0.034747
-0.2139 0.032973
-0.2110 0.031515
-0.2086 0.030320
-0.2067 0.029343
-0.2052 0.028551
-0.2040 0.027914
-0.2032 0.027413
-0.2029 0.027030
-0.2029 0.026754
-0.1998 0.047789
-0.1964 0.043274
-0.1939 0.039675
-0.1922 0.036812
-0.1914 0.034548
-0.1913 0.032778
-0.1919 0.031418
-0.1932 0.030401
-0.1952 0.029670
-0.1978 0.029178
-0.2009 0.028886
-0.2003 0.053234
-0.1990 0.052375
-0.1980 0.051671
-0.1972 0.051107
-0.1967 0.050678
-0.1965 0.050387
-0.1967 0.050227
-0.1972 0.050180
-0.1980 0.050227
-0.1989 0.050351
-0.2003 0.047469
-0.2026 0.044082
-0.2057 0.041456
-0.2094 0.039432
-0.2136 0.037888
-0.2182 0.036727
-0.2231 0.035869
-0.2280 0.035252
-0.2331 0.034837
-0.2382 0.034599
-0.2437 0.031457
-0.2499 0.026679
-0.2567 0.022660
-0.2637 0.019245
-0.2705 0.016326
-0.2771 0.013824
-0.2832 0.011682
-0.2888 0.009851
-0.2939 0.008290
-0.2985 0.006962
-0.3027 0.005837
-0.3064 0.004885
-0.3096 0.004082
-0.3125 0.003407
-0.3150 0.002840
-0.3173 0.002365
-0.3193 0.001968
-0.3211 0.001636
-0.3227 0.001360
-0.3241 0.001129
-0.3251 0.000937
-0.3259 0.000776
-0.3264 0.000643
-0.3265 0.000532
-0.3263 0.000439
-0.3258 0.000363
-0.3250 0.000299
-0.3241 0.000247
-0.3172 0.039860
-0.3094 0.038844
-0.3024 0.037936
-0.2959 0.037107
-0.2899 0.036331
-0.2841 0.035590
-0.2785 0.034872
-0.2730 0.034172
-0.2676 0.033492
-0.2624 0.032833
-0.2573 0.032199
-0.2525 0.031591
-0.2479 0.031012
-0.2436 0.030463
-0.2394 0.029947
-0.2356 0.029467
-0.2321 0.029027
-0.2289 0.028622
-0.2259 0.028243
-0.2230 0.027880
-0.2202 0.027532
-0.2177 0.024962
-0.2161 0.020698
-0.2156 0.017242
-0.2160 0.014426
-0.2173 0.012118
-0.2187 0.037523
-0.2159 0.035383
-0.2136 0.033639
-0.2117 0.032213
-0.2102 0.031045
-0.2032 0.080083
-0.1920 0.075090
-0.1812 0.070384
-0.1705 0.065862
-0.1597 0.061417
-0.1486 0.056926
-0.1369 0.052249
-0.1240 0.047201
-0.1093 0.041519
-0.0917 0.034796
-0.0695 0.026372
-0.0398 0.015172
0.0013 -0.000302
0.0556 -0.020724
0.1145 -0.042905
0.1631 -0.058215
0.1948 -0.066154
0.2109 -0.068529
0.2151 -0.067288
0.2114 -0.063950
0.2026 -0.058223
0.1915 -0.045698
0.1795 -0.035470
0.1667 -0.027287
0.1534 -0.020788
0.1394 -0.015654
0.1249 -0.011614
0.1096 -0.008441
0.0932 -0.005946
0.0752 -0.003975
0.0546 -0.002393
0.0298 -0.001087
-0.0021 0.000053
-0.0459 0.001126
-0.1058 0.002161
-0.1775 0.003009
-0.2472 0.003477
-0.3057 0.003564
-0.3512 0.003393
-0.3854 0.003086
-0.4106 0.002724
-0.4289 0.002356
-0.4417 0.002011
-0.4505 0.001699
-0.4562 0.001425
-0.4596 0.001189
-0.4611 0.000988
-0.4612 0.000819
-0.4600 0.000677
-0.4578 0.000558
-0.4549 0.000459
-0.4515 0.000378
-0.4478 0.000310
-0.4436 0.000255
-0.4389 0.000209
-0.4337 0.000171
-0.4281 0.000140
-0.4223 0.000114
-0.4163 0.000093
-0.4104 0.000076
-0.4046 0.000062
-0.3989 0.000051
-0.3934 0.000042
-0.3879 0.000034
-0.3826 0.000028
-0.3774 0.000023
-0.3724 0.000019
-0.3676 0.000015
-0.3629 0.000012
-0.3584 0.000010
-0.3539 0.000008
-0.3497 0.000007
-0.3457 0.000006
-0.3420 0.000005
-0.3386 0.000004
-0.3354 0.000003
-0.3325 0.000003
-0.3297 0.000002
-0.3271 0.000002
-0.3246 0.000001
-0.3193 0.039926
-0.3096 0.038711
-0.3007 0.037594
-0.2924 0.036564
-0.2848 0.035614
-0.2779 0.034744
-0.2715 0.033949
-0.2657 0.033217
-0.2601 0.032524
-0.2547 0.031849
-0.2494 0.031181
-0.2441 0.030517
-0.2388 0.029863
-0.2338 0.029226
-0.2289 0.028615
-0.2243 0.028039
-0.2200 0.027507
-0.2162 0.027029
-0.2128 0.026607
-0.2080 0.052020
-0.2003 0.048250
-0.1935 0.042738
-0.1877 0.038332
-0.1825 0.034779
-0.1780 0.031887
-0.1738 0.029516
-0.1701 0.027564
-0.1668 0.025957
-0.1639 0.024640
-0.1615 0.023571
-0.1596 0.022717
-0.1583 0.022052
-0.1576 0.021557
-0.1575 0.021222
-0.1581 0.021040
-0.1595 0.021007
-0.1618 0.021122
-0.1653 0.018894
-0.1703 0.016253
-0.1770 0.014098
-0.1851 0.012312
-0.1946 0.010804
-0.2052 0.009509
-0.2165 0.008377
-0.2283 0.007372
-0.2400 0.006470
-0.2513 0.005656
-0.2619 0.004923
-0.2718 0.004265
-0.2808 0.003678
-0.2889 0.003159
-0.2961 0.002703
-0.3024 0.002305
-0.3080 0.001960
-0.3128 0.001662
-0.3169 0.001406
-0.3204 0.001187
-0.3234 0.001000
-0.3260 0.000841
-0.3281 0.000707
-0.3299 0.000594
-0.3267 0.041334
-0.3203 0.040453
-0.3144 0.039639
-0.3087 0.038866
-0.3030 0.038100
-0.2971 0.037326
-0.2912 0.036558
-0.2855 0.035811
-0.2800 0.035102
-0.2748 0.034437
-0.2700 0.033818
-0.2655 0.033244
-0.2613 0.032711
-0.2574 0.032216
-0.2538 0.031757
-0.2504 0.031331
-0.2473 0.030938
-0.2444 0.030575
-0.2374 0.059382
-0.2293 0.057354
-0.2217 0.055446
-0.2148 0.049907
-0.2090 0.044863
-0.2041 0.040786
-0.1998 0.037466
-0.1961 0.034750
-0.1929 0.032527
-0.1903 0.030713
-0.1881 0.029240
-0.1865 0.028055
-0.1855 0.027116
-0.1849 0.026387
-0.1848 0.025837
-0.1852 0.025439
-0.1860 0.025173
-0.1873 0.025024
-0.1890 0.024981
-0.1911 0.025034
-0.1939 0.022144
-0.1979 0.018695
-0.2031 0.015867
-0.2093 0.013525
-0.2163 0.011564
-0.2240 0.009906
-0.2322 0.008493
-0.2406 0.007279
-0.2490 0.006233
-0.2573 0.005327
-0.2653 0.004543
-0.2727 0.003864
-0.2796 0.003278
-0.2859 0.002772
-0.2917 0.002339
-0.2941 0.038711
-0.2921 0.038121
-0.2904 0.037620
-0.2888 0.037193
-0.2875 0.036828
-0.2862 0.036508
-0.2848 0.036209
-0.2833 0.035909
-0.2815 0.035598
-0.2795 0.035274
-0.2773 0.034943
-0.2750 0.034610
-0.2727 0.034281
-0.2704 0.033960
-0.2682 0.033649
-0.2660 0.033349
-0.2638 0.033058
-0.2618 0.029922
-0.2608 0.024892
-0.2607 0.020781
-0.2614 0.017399
-0.2627 0.014602
-0.2645 0.012277
-0.2666 0.010336
-0.2690 0.008710
-0.2717 0.007345
-0.2744 0.006196
-0.2773 0.005228
-0.2802 0.004411
-0.2830 0.003722
-0.2858 0.003138
-0.2884 0.002645
-0.2908 0.002227
-0.2930 0.001874
-0.2950 0.001576
-0.2967 0.001324
-0.2983 0.001111
-0.2996 0.000932
-0.3008 0.000782
-0.3018 0.000655
-0.3025 0.000548
-0.3030 0.000459
-0.3033 0.000383
-0.3032 0.000320
-0.3027 0.000267
-0.3018 0.000222
-0.3006 0.000185
-0.2992 0.000154
-0.2978 0.000128
-0.2965 0.000106
-0.2954 0.000088
-0.2945 0.000074
-0.2939 0.000061
-0.2936 0.000051
-0.2936 0.000043
-0.2937 0.000036
-0.2938 0.000030
-0.2940 0.000025
-0.2940 0.000021
-0.2912 0.036422
-0.2817 0.070480
-0.2689 0.067257
-0.2571 0.064320
-0.2463 0.061618
-0.2362 0.059079
-0.2264 0.056637
-0.2169 0.054254
-0.2075 0.051913
-0.1983 0.049602
-0.1884 0.070688
-0.1744 0.065439
-0.1600 0.060052
-0.1448 0.054345
-0.1280 0.048057
-0.1085 0.040782
-0.0847 0.031850
-0.0532 0.020104
-0.0094 0.003723
0.0505 -0.018221
0.1182 -0.040725
0.1751 -0.054607
0.2127 -0.059652
0.2324 -0.059090
0.2387 -0.055478
0.2357 -0.050520
0.2269 -0.045202
0.2145 -0.040035
0.2000 -0.035248
0.1844 -0.030909
0.1683 -0.027002
0.1522 -0.020425
0.1363 -0.015141
0.1203 -0.011056
0.1036 -0.007887
0.0859 -0.005414
0.0663 -0.003464
0.0436 -0.001890
0.0155 -0.000565
-0.0219 0.000633
-0.0740 0.001792
-0.1419 0.002854
-0.2151 0.003588
-0.2804 0.003876
-0.3328 0.003810
-0.3728 0.003535
-0.4026 0.003161
-0.4244 0.002759
-0.4399 0.002367
-0.4507 0.002008
-0.4577 0.001688
-0.4618 0.001410
-0.4637 0.001172
-0.4640 0.000971
-0.4630 0.000802
-0.4611 0.000661
-0.4583 0.000544
-0.4550 0.000447
-0.4513 0.000367
-0.4471 0.000301
-0.4427 0.000247
-0.4380 0.000202
-0.4332 0.000166
-0.4283 0.000135
-0.4233 0.000111
-0.4183 0.000091
-0.4134 0.000074
-0.4085 0.000061
-0.4036 0.000050
-0.3988 0.000041
-0.3940 0.000033
-0.3894 0.000027
-0.3847 0.000022
-0.3802 0.000018
-0.3757 0.000015
-0.3713 0.000012
-0.3670 0.000010
-0.3629 0.000008
-0.3591 0.000007
-0.3557 0.000005
-0.3527 0.000005
-0.3501 0.000004
-0.3477 0.000003
-0.3453 0.000003
-0.3429 0.000002
-0.3404 0.000002
-0.3377 0.000001
-0.3315 0.041453
-0.3210 0.040143
-0.3113 0.038924
-0.3023 0.037801
-0.2944 0.036813
-0.2877 0.035970
-0.2818 0.035235
-0.2764 0.034557
-0.2711 0.033900
-0.2659 0.033249
-0.2608 0.032601
-0.2556 0.031960
-0.2506 0.031333
-0.2457 0.030724
-0.2411 0.030139
-0.2366 0.029585
-0.2325 0.029067
-0.2287 0.028591
-0.2253 0.028163
-0.2223 0.027786
-0.2197 0.027461
-0.2175 0.027189
-0.2158 0.025693
-0.2151 0.021388
-0.2155 0.017898
-0.2169 0.015042
-0.2191 0.012686
-0.2218 0.010729
-0.2251 0.009091
-0.2287 0.007713
-0.2325 0.006548
-0.2365 0.005564
-0.2408 0.004731
-0.2453 0.004025
-0.2501 0.003427
-0.2550 0.002918
-0.2599 0.002484
-0.2647 0.002112
-0.2692 0.001794
-0.2717 0.035484
-0.2692 0.034902
-0.2666 0.034364
-0.2640 0.033858
-0.2613 0.033372
-0.2585 0.032897
-0.2556 0.032436
-0.2527 0.031995
-0.2500 0.031582
-0.2474 0.031201
-0.2450 0.030854
-0.2428 0.030538
-0.2408 0.030252
-0.2389 0.029993
-0.2372 0.029759
-0.2357 0.029548
-0.2343 0.029357
-0.2330 0.029186
-0.2318 0.029029
-0.2273 0.056880
-0.2205 0.055179
-0.2138 0.053250
-0.2078 0.047275
-0.2026 0.042503
-0.1983 0.038679
-0.1946 0.035610
-0.1917 0.033148
-0.1894 0.031181
-0.1878 0.029621
-0.1867 0.028399
-0.1863 0.027461
-0.1865 0.026764
-0.1873 0.026274
-0.1886 0.025963
-0.1905 0.025807
-0.1930 0.025785
-0.1958 0.025877
-0.1992 0.026067
-0.2028 0.026336
-0.2067 0.026670
-0.2109 0.025131
-0.2159 0.021275
-0.2218 0.018069
-0.2283 0.015378
-0.2353 0.013100
-0.2424 0.011161
-0.2496 0.009501
-0.2567 0.008078
-0.2635 0.006857
