-0.2972 0.000330
-0.2492 0.000229
-0.1936 0.000147
-0.1235 0.000078
-0.0178 0.009587
0.1345 -0.132993
0.2479 -0.247136
0.2902 -0.290040
0.2809 -0.281141
0.2465 -0.246875
0.2047 -0.205108
0.1637 -0.164082
0.1255 -0.125869
0.0891 -0.089479
0.0520 -0.052412
0.0105 -0.010630
-0.0407 0.034873
-0.1070 0.076290
-0.1838 0.108686
-0.2576 0.126140
-0.3207 0.129951
-0.3726 0.124913
-0.4153 0.115145
-0.4507 0.103335
-0.4803 0.091069
-0.5053 0.079230
-0.5266 0.068270
-0.5447 0.058388
-0.5600 0.049638
-0.5729 0.041988
-0.5836 0.035364
-0.5922 0.029673
-0.5989 0.024810
-0.6036 0.020677
-0.6065 0.017179
-0.6075 0.014228
-0.6066 0.011747
-0.6038 0.009667
-0.5989 0.007928
-0.5918 0.006478
-0.5825 0.005272
-0.5708 0.004272
-0.5566 0.003444
-0.5398 0.002762
-0.5201 0.002200
-0.4976 0.001741
-0.4720 0.001365
-0.4434 0.001060
-0.4114 0.000814
-0.3761 0.000615
-0.3372 0.000456
-0.2942 0.000329
-0.2460 0.000228
-0.1900 0.000146
-0.1188 0.000076
-0.0101 0.005735
0.1423 -0.140909
0.2515 -0.250803
0.2900 -0.289934
0.2788 -0.279059
0.2438 -0.244228
0.2022 -0.202607
0.1616 -0.161949
0.1237 -0.124087
0.0876 -0.087950
0.0506 -0.051016
0.0091 -0.009256
-0.0422 0.035940
-0.1085 0.076955
-0.1852 0.108849
-0.2586 0.125857
-0.3212 0.129393
-0.3728 0.124228
-0.4152 0.114426
-0.4503 0.102634
-0.4797 0.090415
-0.5046 0.078634
-0.5256 0.067736
-0.5435 0.057917
-0.5587 0.049224
-0.5714 0.041628
-0.5819 0.035053
-0.5904 0.029404
-0.5969 0.024580
-0.6015 0.020480
-0.6042 0.017010
-0.6051 0.014084
-0.6040 0.011625
-0.6009 0.009563
-0.5958 0.007840
-0.5886 0.006404
-0.5791 0.005209
-0.5672 0.004219
-0.5527 0.003400
-0.5357 0.002724
-0.5158 0.002169
-0.4930 0.001714
-0.4672 0.001343
-0.4383 0.001042
-0.4061 0.000798
-0.3705 0.000602
-0.3312 0.000445
-0.2878 0.000320
-0.2389 0.000220
-0.1815 0.000138
-0.1075 0.000068
0.0086 -0.003592
0.1603 -0.158973
0.2600 -0.259357
0.2904 -0.290364
0.2748 -0.275121
0.2384 -0.238822
0.1968 -0.197220
0.1567 -0.157064
0.1193 -0.119680
0.0834 -0.083784
0.0464 -0.046742
0.0043 -0.004533
-0.0482 0.040281
-0.1158 0.080485
-0.1924 0.110893
-0.2647 0.126320
-0.3261 0.128762
-0.3765 0.122996
-0.4180 0.112929
-0.4524 0.101073
-0.4812 0.088903
-0.5055 0.077229
-0.5262 0.066465
-0.5437 0.056786
-0.5585 0.048232
-0.5709 0.040765
-0.5810 0.034308
-0.5892 0.028764
-0.5954 0.024033
-0.5997 0.020014
-0.6021 0.016615
-0.6026 0.013750
-0.6012 0.011342
-0.5978 0.009325
-0.5923 0.007640
-0.5847 0.006236
-0.5748 0.005069
-0.5625 0.004101
-0.5476 0.003302
-0.5301 0.002643
-0.5097 0.002101
-0.4865 0.001658
-0.4602 0.001297
-0.4307 0.001004
-0.3980 0.000767
-0.3618 0.000577
-0.3219 0.000424
-0.2775 0.000303
-0.2273 0.000205
-0.1676 0.000125
-0.0878 0.000055
0.0407 -0.019589
0.1871 -0.185898
0.2710 -0.270509
0.2893 -0.289353
0.2676 -0.267976
0.2294 -0.229827
0.1880 -0.188436
0.1487 -0.149078
0.1120 -0.112359
0.0763 -0.076687
0.0388 -0.039234
-0.0045 0.003801
-0.0593 0.047950
-0.1291 0.086730
-0.2056 0.114470
-0.2760 0.127190
-0.3351 0.127800
-0.3837 0.121034
-0.4237 0.110525
-0.4569 0.098561
-0.4847 0.086467
-0.5082 0.074967
-0.5281 0.064419
-0.5450 0.054969
-0.5592 0.046639
-0.5711 0.039382
-0.5808 0.033115
-0.5885 0.027743
-0.5942 0.023162
-0.5980 0.019274
-0.6000 0.015989
-0.6000 0.013221
-0.5982 0.010898
-0.5943 0.008952
-0.5883 0.007327
-0.5801 0.005974
-0.5697 0.004851
-0.5567 0.003920
-0.5413 0.003151
-0.5231 0.002518
-0.5020 0.001998
-0.4781 0.001573
-0.4510 0.001227
-0.4208 0.000947
-0.3873 0.000721
-0.3502 0.000539
-0.3093 0.000394
-0.2637 0.000278
-0.2114 0.000184
-0.1477 0.000107
-0.0579 0.014789
0.0856 -0.063048
0.2180 -0.216950
0.2812 -0.280881
0.2854 -0.285558
0.2573 -0.257650
0.2175 -0.217870
0.1766 -0.177003
0.1383 -0.138651
0.1023 -0.102638
0.0667 -0.067016
0.0283 -0.028685
-0.0172 0.015369
-0.0756 0.058265
-0.1481 0.094761
-0.2238 0.118645
-0.2913 0.127836
-0.3475 0.126173
-0.3936 0.118208
-0.4316 0.107198
-0.4632 0.095143
-0.4898 0.083186
-0.5123 0.071938
-0.5313 0.061692
-0.5474 0.052555
-0.5609 0.044528
-0.5721 0.037553
-0.5811 0.031543
-0.5882 0.026398
-0.5933 0.022017
-0.5966 0.018304
-0.5979 0.015168
-0.5974 0.012530
-0.5949 0.010317
-0.5903 0.008465
-0.5837 0.006921
-0.5748 0.005635
-0.5635 0.004568
-0.5498 0.003685
-0.5335 0.002957
-0.5145 0.002358
-0.4925 0.001866
-0.4676 0.001465
-0.4396 0.001139
-0.4084 0.000875
-0.3738 0.000662
-0.3356 0.000492
-0.2932 0.000355
-0.2457 0.000246
-0.1903 0.000158
-0.1201 0.000083
-0.0128 0.007066
0.1387 -0.137321
0.2480 -0.247239
0.2872 -0.287062
0.2770 -0.277273
0.2432 -0.243557
0.2025 -0.202887
0.1626 -0.163005
0.1255 -0.125840
0.0901 -0.090463
0.0542 -0.054546
0.0142 -0.014285
-0.0346 0.030083
-0.0978 0.070881
-0.1727 0.103794
-0.2464 0.122638
-0.3101 0.127748
-0.3627 0.123611
-0.4059 0.114405
-0.4415 0.102928
-0.4713 0.090853
-0.4963 0.079119
-0.5175 0.068213
-0.5354 0.058357
-0.5506 0.049616
-0.5632 0.041966
-0.5736 0.035340
-0.5819 0.029643
-0.5882 0.024777
-0.5926 0.020640
-0.5951 0.017138
-0.5958 0.014186
-0.5945 0.011704
-0.5912 0.009624
-0.5859 0.007886
-0.5784 0.006437
-0.5687 0.005233
-0.5565 0.004234
-0.5419 0.003409
-0.5246 0.002729
-0.5045 0.002170
-0.4815 0.001713
-0.4555 0.001340
-0.4264 0.001037
-0.3940 0.000792
-0.3581 0.000595
-0.3184 0.000438
-0.2743 0.000312
-0.2242 0.000211
-0.1643 0.000128
-0.0837 0.000054
0.0469 -0.022692
0.1910 -0.189852
0.2711 -0.270675
0.2872 -0.287246
0.2649 -0.265247
0.2270 -0.227423
0.1863 -0.186688
0.1476 -0.148008
0.1116 -0.111902
0.0765 -0.076812
0.0396 -0.040008
-0.0029 0.002246
-0.0564 0.045825
-0.1247 0.084283
-0.2006 0.112287
-0.2709 0.125560
-0.3302 0.126658
-0.3790 0.120236
-0.4190 0.109954
-0.4523 0.098137
-0.4801 0.086140
-0.5035 0.074705
-0.5233 0.064202
-0.5400 0.054785
-0.5541 0.046480
-0.5658 0.039242
-0.5753 0.032992
-0.5828 0.027633
-0.5883 0.023064
-0.5919 0.019187
-0.5936 0.015911
-0.5934 0.013152
-0.5913 0.010836
-0.5872 0.008897
-0.5810 0.007279
-0.5726 0.005931
-0.5619 0.004812
-0.5487 0.003886
-0.5330 0.003121
-0.5146 0.002492
-0.4933 0.001975
-0.4691 0.001553
-0.4419 0.001210
-0.4114 0.000931
-0.3776 0.000707
-0.3402 0.000527
-0.2988 0.000383
-0.2525 0.000267
-0.1988 0.000174
-0.1318 0.000096
-0.0325 0.016920
0.1168 -0.115280
0.2357 -0.234885
0.2845 -0.284318
0.2801 -0.280364
0.2488 -0.249181
0.2088 -0.209164
0.1688 -0.169209
0.1315 -0.131907
0.0963 -0.096669
0.0610 -0.061402
0.0225 -0.022786
-0.0237 0.021025
-0.0832 0.062611
-0.1561 0.097430
-0.2307 0.119255
-0.2965 0.126859
-0.3511 0.124286
-0.3958 0.115912
-0.4327 0.104799
-0.4635 0.092814
-0.4892 0.081017
-0.5110 0.069970
-0.5294 0.059938
-0.5449 0.051011
-0.5578 0.043181
-0.5685 0.036387
-0.5770 0.030538
-0.5836 0.025537
-0.5882 0.021282
-0.5909 0.017678
-0.5917 0.014638
-0.5907 0.012081
-0.5876 0.009937
-0.5825 0.008146
-0.5753 0.006652
-0.5659 0.005410
-0.5541 0.004379
-0.5397 0.003528
-0.5228 0.002825
-0.5031 0.002248
-0.4806 0.001776
-0.4550 0.001390
-0.4263 0.001077
-0.3943 0.000824
-0.3590 0.000620
-0.3198 0.000457
-0.2763 0.000326
-0.2268 0.000222
-0.1679 0.000136
-0.0893 0.000060
0.0376 -0.018015
0.1835 -0.182320
0.2678 -0.267333
0.2871 -0.287172
0.2667 -0.266986
0.2295 -0.229919
0.1890 -0.189410
0.1504 -0.150796
0.1145 -0.114809
0.0797 -0.080025
0.0435 -0.043857
0.0022 -0.002494
-0.0494 0.040986
-0.1157 0.079827
-0.1909 0.109158
-0.2620 0.124025
-0.3225 0.126301
-0.3722 0.120582
-0.4130 0.110663
-0.4467 0.098998
-0.4749 0.087033
-0.4987 0.075562
-0.5187 0.064990
-0.5356 0.055489
-0.5498 0.047097
-0.5616 0.039776
-0.5711 0.033449
-0.5786 0.028021
-0.5842 0.023390
-0.5878 0.019461
-0.5896 0.016139
-0.5894 0.013341
-0.5873 0.010991
-0.5832 0.009025
-0.5771 0.007383
-0.5687 0.006016
-0.5580 0.004881
-0.5450 0.003942
-0.5293 0.003166
-0.5110 0.002527
-0.4899 0.002003
-0.4658 0.001575
-0.4386 0.001226
-0.4083 0.000944
-0.3746 0.000716
-0.3373 0.000533
-0.2959 0.000387
-0.2495 0.000270
-0.1956 0.000175
-0.1279 0.000095
-0.0265 0.013913
0.1233 -0.121856
0.2389 -0.238101
0.2846 -0.284422
0.2786 -0.278836
0.2468 -0.247206
0.2069 -0.207354
0.1674 -0.167769
0.1305 -0.130845
0.0956 -0.095939
0.0606 -0.060967
0.0224 -0.022636
-0.0234 0.020786
-0.0824 0.062025
-0.1547 0.096608
-0.2290 0.118405
-0.2946 0.126093
-0.3491 0.123622
-0.3938 0.115339
-0.4306 0.104304
-0.4612 0.092384
-0.4869 0.080642
-0.5085 0.069642
-0.5267 0.059651
-0.5421 0.050760
-0.5549 0.042962
-0.5654 0.036195
-0.5737 0.030371
-0.5801 0.025391
-0.5846 0.021155
-0.5871 0.017568
-0.5878 0.014542
-0.5865 0.011998
-0.5833 0.009866
-0.5780 0.008084
-0.5706 0.006599
-0.5610 0.005364
-0.5489 0.004340
-0.5344 0.003494
-0.5173 0.002796
-0.4974 0.002223
-0.4746 0.001754
-0.4488 0.001372
-0.4199 0.001061
-0.3877 0.000810
-0.3520 0.000608
-0.3125 0.000447
-0.2685 0.000317
-0.2181 0.000213
-0.1573 0.000127
-0.0741 0.000050
0.0613 -0.029892
0.2007 -0.199559
0.2738 -0.273398
0.2854 -0.285459
0.2613 -0.261677
0.2233 -0.223745
0.1832 -0.183600
0.1453 -0.145657
0.1099 -0.110232
0.0754 -0.075738
0.0391 -0.039507
-0.0027 0.002083
-0.0552 0.044955
-0.1225 0.082818
-0.1974 0.110611
-0.2673 0.123992
-0.3264 0.125291
-0.3750 0.119061
-0.4149 0.108941
-0.4479 0.097259
-0.4754 0.085376
-0.4986 0.074037
-0.5181 0.063619
-0.5346 0.054275
-0.5484 0.046034
-0.5598 0.038853
-0.5689 0.032653
-0.5761 0.027338
-0.5813 0.022807
-0.5846 0.018964
-0.5859 0.015718
-0.5854 0.012985
-0.5830 0.010691
-0.5785 0.008772
-0.5720 0.007171
-0.5632 0.005839
-0.5521 0.004733
-0.5386 0.003818
-0.5226 0.003062
-0.5038 0.002441
-0.4822 0.001932
-0.4576 0.001516
-0.4300 0.001178
-0.3991 0.000904
-0.3649 0.000684
-0.3269 0.000507
-0.2848 0.000365
-0.2371 0.000251
-0.1810 0.000159
-0.1083 0.000079
0.0057 -0.002155
0.1560 -0.154631
0.2554 -0.254718
0.2867 -0.286650
0.2728 -0.273034
0.2381 -0.238450
0.1980 -0.198351
0.1591 -0.159482
0.1230 -0.123330
0.0885 -0.088859
0.0534 -0.053799
0.0144 -0.014498
-0.0331 0.028788
-0.0945 0.068659
-0.1678 0.101105
-0.2407 0.120097
-0.3041 0.125577
-0.3565 0.121797
-0.3994 0.112879
-0.4348 0.101630
-0.4643 0.089738
-0.4890 0.078153
-0.5098 0.067372
-0.5273 0.057623
-0.5420 0.048974
-0.5543 0.041406
-0.5642 0.034850
-0.5720 0.029216
-0.5779 0.024404
-0.5818 0.020316
-0.5839 0.016857
-0.5840 0.013941
-0.5822 0.011492
-0.5784 0.009440
-0.5726 0.007727
-0.5646 0.006300
-0.5544 0.005114
-0.5417 0.004132
-0.5266 0.003321
-0.5088 0.002653
-0.4882 0.002105
-0.4646 0.001657
-0.4381 0.001292
-0.4083 0.000996
-0.3753 0.000757
-0.3387 0.000565
-0.2980 0.000411
-0.2524 0.000288
-0.1995 0.000188
-0.1335 0.000105
-0.0364 0.018823
0.1115 -0.110026
0.2321 -0.231247
0.2831 -0.282911
0.2805 -0.280679
0.2502 -0.250572
0.2108 -0.211177
0.1712 -0.171633
0.1344 -0.134720
0.0997 -0.100004
0.0652 -0.065556
0.0280 -0.028445
-0.0159 0.014142
-0.0720 0.055669
-0.1422 0.091209
-0.2165 0.115035
-0.2834 0.124658
-0.3393 0.123489
-0.3852 0.115944
-0.4229 0.105271
-0.4541 0.093488
-0.4803 0.081754
-0.5022 0.070692
-0.5207 0.060606
-0.5362 0.051608
-0.5492 0.043701
-0.5598 0.036832
-0.5682 0.030914
-0.5747 0.025851
-0.5792 0.021542
-0.5818 0.017891
-0.5825 0.014811
-0.5813 0.012221
-0.5781 0.010050
-0.5729 0.008235
-0.5656 0.006722
-0.5560 0.005464
-0.5441 0.004421
-0.5297 0.003559
-0.5127 0.002848
-0.4930 0.002265
-0.4704 0.001787
-0.4448 0.001397
-0.4161 0.001081
-0.3841 0.000825
-0.3486 0.000619
-0.3092 0.000454
-0.2652 0.000322
-0.2147 0.000216
-0.1534 0.000128
-0.0686 0.017461
0.0690 -0.033721
0.2057 -0.204604
0.2757 -0.275347
0.2853 -0.285388
0.2604 -0.260727
0.2222 -0.222639
0.1823 -0.182671
0.1447 -0.145013
0.1095 -0.109892
0.0754 -0.075716
0.0395 -0.039860
-0.0018 0.001266
-0.0536 0.043704
-0.1199 0.081270
-0.1943 0.109116
-0.2640 0.122774
-0.3232 0.124351
-0.3718 0.118332
-0.4116 0.108363
-0.4446 0.096787
-0.4721 0.084982
-0.4951 0.073703
-0.5145 0.063331
-0.5308 0.054025
-0.5444 0.045816
-0.5556 0.038663
-0.5646 0.032486
-0.5716 0.027192
-0.5766 0.022680
-0.5797 0.018853
-0.5809 0.015621
-0.5802 0.012900
-0.5775 0.010618
-0.5729 0.008708
-0.5661 0.007115
-0.5572 0.005790
-0.5459 0.004691
-0.5322 0.003782
-0.5159 0.003031
-0.4970 0.002414
-0.4752 0.001909
-0.4504 0.001496
-0.4225 0.001161
-0.3914 0.000889
-0.3569 0.000670
-0.3186 0.000495
-0.2759 0.000354
-0.2274 0.000242
-0.1694 0.000149
-0.0925 0.000068
0.0314 -0.014952
0.1780 -0.176788
0.2654 -0.264922
0.2874 -0.287453
0.2686 -0.268902
0.2323 -0.232650
0.1921 -0.192536
0.1538 -0.154212
0.1183 -0.118616
0.0842 -0.084493
0.0491 -0.049473
0.0098 -0.009862
-0.0386 0.032945
-0.1009 0.071847
-0.1743 0.102836
-0.2461 0.120227
-0.3081 0.124566
-0.3592 0.120160
-0.4011 0.110979
-0.4357 0.099685
-0.4644 0.087870
-0.4885 0.076425
-0.5087 0.065812
-0.5257 0.056237
-0.5399 0.047757
-0.5517 0.040347
-0.5612 0.033935
-0.5686 0.028430
-0.5740 0.023732
-0.5776 0.019742
-0.5792 0.016370
-0.5789 0.013529
-0.5767 0.011144
-0.5725 0.009147
-0.5663 0.007481
-0.5578 0.006093
-0.5471 0.004942
-0.5340 0.003988
-0.5184 0.003201
-0.5001 0.002553
-0.4790 0.002022
-0.4549 0.001588
-0.4278 0.001235
-0.3975 0.000949
-0.3638 0.000718
-0.3264 0.000533
-0.2848 0.000385
-0.2377 0.000266
-0.1823 0.000169
-0.1107 0.000085
0.0010 0.000215
0.1511 -0.149695
0.2535 -0.252812
0.2875 -0.287432
0.2750 -0.275290
0.2409 -0.241246
0.2008 -0.201232
0.1620 -0.162343
0.1259 -0.126255
0.0917 -0.092046
0.0572 -0.057564
0.0193 -0.019484
-0.0264 0.023307
-0.0852 0.063251
-0.1568 0.096575
-0.2298 0.117256
-0.2943 0.124255
-0.3477 0.121478
-0.3915 0.113133
-0.4275 0.102172
-0.4574 0.090398
-0.4824 0.078834
-0.5034 0.068022
-0.5210 0.058216
-0.5358 0.049500
-0.5480 0.041863
-0.5580 0.035242
-0.5658 0.029548
-0.5716 0.024682
-0.5755 0.020547
-0.5775 0.017048
-0.5776 0.014099
-0.5758 0.011621
-0.5720 0.009546
-0.5662 0.007812
-0.5582 0.006368
-0.5480 0.005169
-0.5354 0.004176
-0.5203 0.003356
-0.5025 0.002680
-0.4820 0.002126
-0.4586 0.001672
-0.4322 0.001303
-0.4025 0.001004
-0.3696 0.000762
-0.3330 0.000568
-0.2923 0.000412
-0.2464 0.000287
-0.1929 0.000186
-0.1253 0.000100
-0.0234 0.012372
0.1258 -0.124334
0.2407 -0.239898
0.2861 -0.285935
0.2800 -0.280270
0.2483 -0.248674
0.2085 -0.208950
0.1692 -0.169588
0.1327 -0.133009
0.0983 -0.098627
0.0641 -0.064479
0.0273 -0.027656
-0.0163 0.014593
-0.0720 0.055446
-0.1415 0.090453
-0.2152 0.113943
-0.2817 0.123445
-0.3373 0.122279
-0.3828 0.114797
-0.4202 0.104214
-0.4511 0.092529
-0.4770 0.080894
-0.4986 0.069929
-0.5168 0.059933
-0.5321 0.051017
-0.5447 0.043186
-0.5550 0.036384
-0.5632 0.030527
-0.5693 0.025516
-0.5735 0.021254
-0.5759 0.017644
-0.5763 0.014600
-0.5748 0.012041
-0.5714 0.009896
-0.5659 0.008104
-0.5583 0.006611
-0.5485 0.005370
-0.5363 0.004342
-0.5217 0.003492
-0.5044 0.002792
-0.4844 0.002217
-0.4615 0.001747
-0.4356 0.001363
-0.4066 0.001052
-0.3743 0.000801
-0.3383 0.000599
-0.2984 0.000437
-0.2535 0.000307
-0.2015 0.000202
-0.1368 0.000114
-0.0428 0.022026
0.1030 -0.101531
0.2279 -0.226939
0.2837 -0.283428
0.2839 -0.284067
0.2547 -0.255030
0.2153 -0.215734
0.1756 -0.175987
0.1386 -0.138939
0.1040 -0.104334
0.0700 -0.070380
0.0340 -0.034337
-0.0080 0.007082
-0.0611 0.048579
-0.1285 0.084812
-0.2023 0.110651
-0.2704 0.122448
-0.3278 0.122825
-0.3749 0.116194
-0.4135 0.105997
-0.4454 0.094421
-0.4720 0.082739
-0.4942 0.071646
-0.5130 0.061484
-0.5286 0.052392
-0.5416 0.044387
-0.5523 0.037423
-0.5608 0.031418
-0.5672 0.026276
-0.5717 0.021898
-0.5743 0.018189
-0.5750 0.015058
-0.5738 0.012425
-0.5707 0.010217
-0.5656 0.008372
-0.5583 0.006834
-0.5489 0.005555
-0.5371 0.004495
-0.5229 0.003618
-0.5061 0.002896
-0.4866 0.002302
-0.4643 0.001816
-0.4389 0.001420
-0.4104 0.001098
-0.3787 0.000838
-0.3434 0.000628
-0.3042 0.000460
-0.2602 0.000326
-0.2096 0.000217
-0.1474 0.000126
-0.0600 0.015317
0.0804 -0.078866
0.2138 -0.212765
0.2803 -0.280015
0.2874 -0.287510
0.2610 -0.261383
0.2222 -0.222641
0.1821 -0.182497
0.1445 -0.144909
0.1096 -0.109986
0.0758 -0.076107
0.0403 -0.040688
-0.0003 -0.000148
-0.0510 0.041773
-0.1160 0.078994
-0.1896 0.106975
-0.2591 0.121077
-0.3184 0.123082
-0.3670 0.117378
-0.4069 0.107624
-0.4398 0.096196
-0.4671 0.084494
-0.4900 0.073292
-0.5092 0.062979
-0.5253 0.053721
-0.5387 0.045552
-0.5497 0.038432
-0.5585 0.032285
-0.5652 0.027017
-0.5700 0.022527
-0.5729 0.018721
-0.5739 0.015506
-0.5730 0.012801
-0.5702 0.010532
-0.5654 0.008635
-0.5585 0.007053
-0.5494 0.005737
-0.5381 0.004646
-0.5243 0.003743
-0.5079 0.002998
-0.4889 0.002386
-0.4671 0.001885
-0.4423 0.001476
-0.4143 0.001143
-0.3832 0.000874
-0.3485 0.000658
-0.3100 0.000484
-0.2669 0.000345
-0.2175 0.000232
-0.1577 0.000140
-0.0759 0.000056
0.0568 -0.027615
0.1978 -0.196617
0.2756 -0.275196
0.2903 -0.290406
0.2674 -0.267755
0.2294 -0.229799
0.1889 -0.189290
0.1507 -0.151106
0.1154 -0.115782
0.0815 -0.081884
0.0466 -0.046972
0.0072 -0.007432
-0.0412 0.034833
-0.1037 0.072917
-0.1766 0.102909
-0.2475 0.119407
-0.3085 0.123189
-0.3589 0.118525
-0.4000 0.109280
-0.4339 0.098035
-0.4621 0.086328
-0.4856 0.075021
-0.5054 0.064554
-0.5219 0.055125
-0.5357 0.046783
-0.5470 0.039500
-0.5561 0.033204
-0.5631 0.027801
-0.5682 0.023194
-0.5714 0.019284
-0.5726 0.015981
-0.5720 0.013200
-0.5695 0.010866
-0.5650 0.008913
-0.5585 0.007285
-0.5498 0.005929
-0.5388 0.004805
-0.5254 0.003874
