0.3678
0.3260
0.2874
0.2558
0.2327
0.2233
0.2179
0.2164
0.2164
0.2164
0.2169
0.2166
0.2171
0.2167
0.2167
0.2172
0.2168
0.2168
0.2166
0.2165
0.2167
0.2173
0.2167
0.2169
0.2167
0.2171
0.2169
0.2163
0.2170
0.2165
0.2167
0.2166
0.2169
0.2168
0.2167
0.2166
0.2166
0.2167
0.2166
0.2170
0.2168
0.2167
0.2172
0.2168
0.2172
0.2165
0.2168
0.2166
0.2168
0.2173
0.2167
0.2168
0.2167
0.2166
0.2171
0.2166
0.2171
0.2171
0.2172
0.2163
0.2169
0.2169
0.2166
0.2168
0.2168
0.2169
0.2170
0.2170
0.2159
0.2171
0.2163
0.2169
0.2165
0.2165
0.2167
0.2174
0.2172
0.2167
0.2168
0.2168
0.2168
0.2166
0.2174
0.2169
0.2169
0.2168
0.2167
0.2164
0.2169
0.2171
0.2165
0.2170
0.2171
0.2165
0.2169
0.2168
0.2169
0.2173
0.2165
0.2166
0.2172
0.2169
0.2167
0.2159
0.2173
0.2166
0.2167
0.2170
0.2169
0.2168
0.2166
0.2168
0.2169
0.2171
0.2172
0.2167
0.2163
0.2171
0.2170
0.2169
0.2170
0.2167
0.2164
0.2169
0.2166
0.2168
0.2168
0.2173
0.2171
0.2168
0.2166
0.2171
0.2168
0.2168
0.2172
0.2168
0.2166
0.2169
0.2166
0.2168
0.2170
0.2168
0.2168
0.2170
0.2167
0.2172
0.2163
0.2173
0.2167
0.2172
