-0.2831 -0.017146
-0.2738 -0.014936
-0.2642 -0.012998
-0.2545 -0.011301
-0.2446 -0.009817
-0.2345 -0.008523
-0.2241 -0.007397
-0.2131 -0.006422
-0.2015 -0.005580
-0.1889 -0.004856
-0.1750 -0.004237
-0.1590 -0.003711
-0.1402 -0.003271
-0.1166 -0.002910
-0.0849 -0.002630
-0.0386 -0.002441
0.0332 -0.002354
0.1277 -0.002315
0.2133 -0.002198
0.2708 -0.001984
0.3010 -0.001722
0.3100 -0.001455
0.3046 -0.001207
0.2904 -0.000990
0.2714 -0.000807
0.2504 -0.000656
0.2290 -0.000532
0.2080 -0.000431
0.1878 -0.000350
0.1684 -0.000284
0.1498 -0.000231
0.1318 -0.000187
0.1140 -0.000152
0.0961 -0.000123
0.0776 -0.000100
0.0577 -0.000080
0.0349 -0.000064
0.0072 -0.000051
-0.0289 -0.000040
-0.0779 -0.000030
-0.1454 -0.088878
-0.2270 -0.068459
-0.2941 -0.051630
-0.3440 -0.039107
-0.3795 -0.030190
-0.4043 -0.023972
-0.4214 -0.019687
-0.4330 -0.016785
-0.4405 -0.014891
-0.4450 -0.013754
-0.4472 -0.013202
-0.4475 -0.013115
-0.4464 -0.013403
-0.4439 -0.014006
-0.4405 -0.014875
-0.4361 -0.015974
-0.4309 -0.017268
-0.4250 -0.018725
-0.4187 -0.020313
-0.4119 -0.022005
-0.4057 -0.043220
-0.4015 -0.041579
-0.3963 -0.040712
-0.3903 -0.040336
-0.3843 -0.040197
-0.3786 -0.040112
-0.3737 -0.039994
-0.3694 -0.039830
-0.3658 -0.039642
-0.3628 -0.039460
-0.3602 -0.039310
-0.3578 -0.039214
-0.3555 -0.039190
-0.3532 -0.039266
-0.3506 -0.035460
-0.3466 -0.030380
-0.3486 -0.062877
-0.3489 -0.058633
-0.3479 -0.055554
-0.3461 -0.053272
-0.3440 -0.051510
-0.3419 -0.050101
-0.3399 -0.048962
-0.3380 -0.048051
-0.3361 -0.047346
-0.3342 -0.046833
-0.3322 -0.046497
-0.3369 -0.085265
-0.3412 -0.082422
-0.3443 -0.080341
-0.3464 -0.078852
-0.3473 -0.072530
-0.3469 -0.067035
-0.3456 -0.062816
-0.3438 -0.059521
-0.3416 -0.056922
-0.3393 -0.054861
-0.3369 -0.053231
-0.3344 -0.051954
-0.3319 -0.050971
-0.3294 -0.050238
-0.3268 -0.049725
-0.3242 -0.049407
-0.3214 -0.049271
-0.3184 -0.049307
-0.3153 -0.049509
-0.3118 -0.049875
-0.3080 -0.050405
-0.3038 -0.051101
-0.2990 -0.048426
-0.2924 -0.041775
-0.2838 -0.036319
-0.2736 -0.031768
-0.2617 -0.027914
-0.2486 -0.024601
-0.2342 -0.021717
-0.2188 -0.019188
-0.2023 -0.016968
-0.1842 -0.015029
-0.1639 -0.013358
-0.1399 -0.011951
-0.1095 -0.010821
-0.0672 -0.010015
-0.0018 -0.009622
0.0950 -0.009596
0.1967 -0.009388
0.2711 -0.008682
0.3131 -0.007649
0.3284 -0.006510
0.3250 -0.005416
0.3102 -0.004442
0.2893 -0.003614
0.2661 -0.002929
0.2425 -0.002371
0.2196 -0.001919
0.1978 -0.001554
0.1772 -0.001260
0.1576 -0.001022
0.1388 -0.000829
0.1203 -0.000672
0.1018 -0.000545
0.0826 -0.000440
0.0618 -0.000355
0.0379 -0.000284
0.0086 -0.000224
-0.0300 -0.000173
-0.0825 -0.000128
-0.1484 -0.000090
-0.2166 -0.000061
-0.2758 -0.000040
-0.3221 -0.000027
-0.3564 -0.000018
-0.3808 -0.000012
-0.3974 -0.000009
-0.4080 -0.000007
-0.4142 -0.000005
-0.4170 -0.000004
-0.4172 -0.000004
-0.4156 -0.000003
-0.4125 -0.000003
-0.4085 -0.000002
-0.4039 -0.000002
-0.3989 -0.000002
-0.3935 -0.000002
-0.3922 -0.026959
-0.3909 -0.027281
-0.3889 -0.027770
-0.3864 -0.028382
-0.3837 -0.029059
-0.3811 -0.029726
-0.3787 -0.030325
-0.3766 -0.030843
-0.3748 -0.031302
-0.3730 -0.031738
-0.3713 -0.032179
-0.3694 -0.032643
-0.3674 -0.032089
-0.3645 -0.027381
-0.3606 -0.023526
-0.3558 -0.020315
-0.3504 -0.017603
-0.3444 -0.015290
-0.3379 -0.013303
-0.3310 -0.011586
-0.3236 -0.010095
-0.3160 -0.008798
-0.3080 -0.007666
-0.2998 -0.006675
-0.2915 -0.005805
-0.2833 -0.005039
-0.2752 -0.004365
-0.2673 -0.003774
-0.2595 -0.003258
-0.2517 -0.002809
-0.2438 -0.002421
-0.2451 -0.065739
-0.2492 -0.064356
-0.2525 -0.063239
-0.2549 -0.062401
-0.2565 -0.061815
-0.2576 -0.061382
-0.2586 -0.060987
-0.2599 -0.060555
-0.2616 -0.060054
-0.2635 -0.059491
-0.2656 -0.058909
-0.2675 -0.058379
-0.2689 -0.057976
-0.2697 -0.057754
-0.2697 -0.057730
-0.2682 -0.049579
-0.2644 -0.042071
-0.2589 -0.035958
-0.2519 -0.030898
-0.2437 -0.026658
-0.2343 -0.023077
-0.2237 -0.020039
-0.2118 -0.017459
-0.1981 -0.015269
-0.1824 -0.013418
-0.1637 -0.011865
-0.1486 -0.098200
-0.1413 -0.098492
-0.1321 -0.099509
-0.1211 -0.101188
-0.1093 -0.103249
-0.1021 -0.203757
-0.1148 -0.196521
-0.1342 -0.186037
-0.1597 -0.172678
-0.1890 -0.157453
-0.2196 -0.141713
-0.2489 -0.126701
-0.2753 -0.113232
-0.2980 -0.101674
-0.3169 -0.092076
-0.3322 -0.084310
-0.3443 -0.078170
-0.3536 -0.073429
-0.3606 -0.069872
-0.3654 -0.063657
-0.3677 -0.057698
-0.3681 -0.053493
-0.3669 -0.050549
-0.3646 -0.048533
-0.3613 -0.047211
-0.3574 -0.046417
-0.3527 -0.042098
-0.3466 -0.036604
-0.3395 -0.031989
-0.3317 -0.028023
-0.3234 -0.024558
-0.3149 -0.021496
-0.3064 -0.018774
-0.2981 -0.016348
-0.2902 -0.014192
-0.2825 -0.012284
-0.2752 -0.010606
-0.2680 -0.009138
-0.2611 -0.007861
-0.2542 -0.006755
-0.2473 -0.005800
-0.2403 -0.004978
-0.2331 -0.004271
-0.2258 -0.003666
-0.2181 -0.003147
-0.2100 -0.002704
-0.2014 -0.002325
-0.1922 -0.002001
-0.1823 -0.001725
-0.1714 -0.001490
-0.1592 -0.001290
-0.1450 -0.001122
-0.1279 -0.000982
-0.1061 -0.000868
-0.0763 -0.000780
-0.0320 -0.000719
0.0361 -0.000688
0.1246 -0.000669
0.2050 -0.000631
0.2596 -0.000568
0.2886 -0.000493
0.2976 -0.000416
0.2926 -0.000346
0.2791 -0.000284
0.2610 -0.000231
0.2364 -0.184429
0.1874 -0.172097
0.1480 -0.162204
0.1137 -0.153599
0.0810 -0.145409
0.0465 -0.136781
0.0057 -0.126591
-0.0478 -0.113245
-0.1184 -0.095626
-0.1971 -0.075937
-0.2675 -0.058294
-0.3226 -0.044487
-0.3630 -0.034348
-0.3916 -0.027166
-0.4112 -0.022243
-0.4240 -0.019018
-0.4318 -0.017064
-0.4358 -0.016067
-0.4368 -0.015799
-0.4356 -0.016093
-0.4327 -0.016827
-0.4281 -0.015539
-0.4219 -0.013951
-0.4144 -0.012647
-0.4058 -0.011512
-0.3963 -0.010480
-0.3860 -0.009518
-0.3753 -0.008610
-0.3643 -0.007747
-0.3534 -0.006924
-0.3468 -0.044290
-0.3433 -0.044232
-0.3398 -0.044320
-0.3367 -0.044427
-0.3345 -0.044396
-0.3334 -0.044165
-0.3382 -0.082936
-0.3453 -0.078996
-0.3513 -0.075654
-0.3564 -0.072858
-0.3607 -0.070501
-0.3643 -0.068509
-0.3674 -0.066853
-0.3698 -0.065530
-0.3716 -0.064538
-0.3728 -0.063868
-0.3735 -0.063503
-0.3735 -0.063424
-0.3731 -0.063612
-0.3722 -0.064047
-0.3708 -0.064703
-0.3691 -0.065553
-0.3667 -0.062595
-0.3632 -0.057139
-0.3581 -0.049512
-0.3515 -0.043249
-0.3440 -0.037953
-0.3357 -0.033385
-0.3267 -0.029394
-0.3173 -0.025879
-0.3144 -0.068351
-0.3127 -0.065334
-0.3103 -0.063092
-0.3075 -0.061402
-0.3048 -0.060046
-0.3025 -0.058868
-0.3008 -0.057785
-0.2998 -0.056770
-0.2992 -0.055824
-0.2990 -0.054957
-0.2990 -0.054179
-0.2991 -0.053495
-0.2993 -0.052910
-0.2994 -0.052425
-0.2994 -0.052043
-0.2993 -0.051768
-0.2989 -0.051606
-0.3040 -0.099133
-0.3114 -0.095187
-0.3172 -0.092110
-0.3214 -0.085905
-0.3232 -0.078305
-0.3232 -0.072669
-0.3221 -0.068393
-0.3204 -0.065073
-0.3183 -0.062450
-0.3161 -0.060360
-0.3139 -0.058698
-0.3115 -0.057401
-0.3091 -0.056429
-0.3064 -0.055759
-0.3035 -0.055380
-0.3001 -0.055288
-0.2961 -0.055485
-0.2915 -0.055975
-0.2861 -0.056762
-0.2799 -0.057850
-0.2723 -0.051985
-0.2622 -0.044911
-0.2499 -0.039059
-0.2360 -0.034111
-0.2207 -0.029856
-0.2043 -0.026144
-0.1871 -0.022884
-0.1689 -0.020029
-0.1491 -0.017560
-0.1263 -0.015471
-0.0978 -0.013771
-0.0587 -0.012495
0.0000 -0.011709
0.0850 -0.011330
0.1753 -0.010825
0.2432 -0.009860
0.2834 -0.008601
0.3008 -0.007275
0.3019 -0.006028
0.2924 -0.004928
0.2766 -0.003996
0.2577 -0.003225
0.2375 -0.002597
0.2172 -0.002090
0.1974 -0.001681
0.1782 -0.001352
0.1597 -0.001088
0.1418 -0.000876
0.1243 -0.000705
0.1068 -0.000567
0.0888 -0.000455
0.0699 -0.000364
0.0488 -0.000290
0.0240 -0.000229
-0.0074 -0.000178
-0.0496 -0.000135
-0.1060 -0.000098
-0.1723 -0.000067
-0.2364 -0.000045
-0.2900 -0.000030
-0.3313 -0.000020
-0.3616 -0.000013
-0.3831 -0.000009
-0.3976 -0.000007
-0.4068 -0.000005
-0.4120 -0.000004
-0.4142 -0.000003
-0.4142 -0.000003
-0.4125 -0.000002
-0.4095 -0.000002
-0.4055 -0.000002
-0.4035 -0.024134
-0.4020 -0.024500
-0.3993 -0.025158
-0.3960 -0.025996
-0.3926 -0.026847
-0.3896 -0.027604
-0.3870 -0.028249
-0.3848 -0.028807
-0.3827 -0.029311
-0.3809 -0.029776
-0.3792 -0.030194
-0.3804 -0.059835
-0.3840 -0.057994
-0.3868 -0.056609
-0.3887 -0.055647
-0.3898 -0.055087
-0.3902 -0.054900
-0.3912 -0.077673
-0.3938 -0.072041
-0.3946 -0.068394
-0.3940 -0.064507
-0.3918 -0.059435
-0.3884 -0.055803
-0.3842 -0.053147
-0.3794 -0.051173
-0.3744 -0.049697
-0.3692 -0.048608
-0.3639 -0.047840
-0.3585 -0.047354
-0.3531 -0.047124
-0.3475 -0.047137
-0.3417 -0.047384
-0.3356 -0.047858
-0.3293 -0.048555
-0.3225 -0.049468
-0.3153 -0.050587
-0.3078 -0.051895
-0.2997 -0.049834
-0.2899 -0.043245
-0.2784 -0.037738
-0.2655 -0.033036
-0.2519 -0.028926
-0.2380 -0.025276
-0.2241 -0.022019
-0.2104 -0.019123
-0.1967 -0.016571
-0.1827 -0.014345
-0.1678 -0.012425
-0.1514 -0.010791
-0.1320 -0.009424
-0.1076 -0.008313
-0.0742 -0.007462
-0.0242 -0.006897
0.0523 -0.006623
0.1462 -0.006413
0.2251 -0.005958
0.2757 -0.005276
0.3005 -0.004507
0.3058 -0.003755
0.2983 -0.003079
0.2831 -0.002499
0.2639 -0.002017
0.2430 -0.001624
0.2220 -0.001306
0.2015 -0.001050
0.1817 -0.000844
0.1628 -0.000679
0.1445 -0.000547
0.1266 -0.000440
0.1088 -0.000354
0.0907 -0.000284
0.0716 -0.000227
0.0505 -0.000181
0.0258 -0.000143
-0.0052 -0.000112
-0.0466 -0.000085
-0.1019 -0.000062
-0.1674 -0.000043
-0.2314 -0.000028
-0.2852 -0.000019
-0.3266 -0.000013
-0.3570 -0.000009
-0.3784 -0.000006
-0.3930 -0.000004
-0.4022 -0.000003
-0.4073 -0.000003
-0.4092 -0.000002
-0.4086 -0.000002
-0.4061 -0.000001
-0.4020 -0.000001
-0.3968 -0.000001
-0.3910 -0.027254
-0.3897 -0.027568
-0.3876 -0.028084
-0.3852 -0.028699
-0.3829 -0.029278
-0.3811 -0.029713
-0.3840 -0.058034
-0.3878 -0.056133
-0.3952 -0.078688
-0.4011 -0.074232
-0.4054 -0.071006
-0.4084 -0.068714
-0.4105 -0.067108
-0.4120 -0.066044
-0.4127 -0.065458
-0.4126 -0.062130
-0.4115 -0.059850
-0.4096 -0.058480
-0.4071 -0.055785
-0.4038 -0.052249
-0.3997 -0.049614
-0.3951 -0.047628
-0.3903 -0.046141
-0.3852 -0.045057
-0.3799 -0.044316
-0.3744 -0.043878
-0.3687 -0.043711
-0.3628 -0.043788
-0.3568 -0.044089
-0.3505 -0.044592
-0.3440 -0.045279
-0.3371 -0.041711
-0.3288 -0.036600
-0.3194 -0.032238
-0.3092 -0.028447
-0.2983 -0.025110
-0.2870 -0.022151
-0.2752 -0.019519
-0.2632 -0.017177
-0.2508 -0.015095
-0.2381 -0.013248
-0.2251 -0.011614
-0.2115 -0.010177
-0.1972 -0.008922
-0.1817 -0.007833
-0.1644 -0.006896
-0.1445 -0.006101
-0.1203 -0.005440
-0.0890 -0.004918
-0.0442 -0.004553
0.0244 -0.004373
0.1169 -0.004296
0.2037 -0.004095
0.2633 -0.003711
0.2956 -0.003231
0.3064 -0.002736
0.3026 -0.002274
0.2895 -0.001869
0.2714 -0.001525
0.2511 -0.001240
0.2301 -0.001007
0.2094 -0.000817
0.1894 -0.000663
0.1701 -0.000538
0.1517 -0.000437
0.1338 -0.000355
0.1162 -0.000288
0.0985 -0.000234
0.0803 -0.000189
0.0607 -0.000153
0.0385 -0.000123
0.0116 -0.000097
-0.0232 -0.000076
-0.0704 -0.000057
-0.1311 -0.000041
-0.1974 -0.000028
-0.2575 -0.000019
-0.3061 -0.000013
-0.3430 -0.000008
-0.3698 -0.000006
-0.3888 -0.000004
-0.4017 -0.000003
-0.4097 -0.000002
-0.4142 -0.000002
-0.4157 -0.000002
-0.4151 -0.000001
-0.4126 -0.000001
-0.4088 -0.000001
-0.4038 -0.000001
-0.4001 -0.024975
-0.3975 -0.025608
-0.3937 -0.026553
-0.3935 -0.053245
-0.3932 -0.053402
-0.3930 -0.053495
-0.3933 -0.053338
-0.3942 -0.052901
-0.3955 -0.052275
-0.3968 -0.051603
-0.3980 -0.051015
-0.3988 -0.050608
-0.3991 -0.050439
-0.3989 -0.050540
-0.3982 -0.050913
-0.3969 -0.051542
-0.3952 -0.052397
-0.3928 -0.050146
-0.3893 -0.046055
-0.3844 -0.040192
-0.3780 -0.035402
-0.3706 -0.031367
-0.3622 -0.027891
-0.3530 -0.024843
-0.3432 -0.022135
-0.3329 -0.019705
-0.3222 -0.017510
-0.3113 -0.015517
-0.3004 -0.013706
-0.2897 -0.012063
-0.2791 -0.010582
-0.2687 -0.009255
-0.2583 -0.008074
-0.2480 -0.007031
-0.2377 -0.006112
-0.2273 -0.005306
-0.2168 -0.004602
-0.2061 -0.003990
-0.1949 -0.003459
-0.1830 -0.003001
-0.1701 -0.002608
-0.1556 -0.002274
-0.1386 -0.001992
-0.1178 -0.001759
-0.0905 -0.001574
-0.0515 -0.001439
0.0081 -0.001361
0.0930 -0.001327
0.1804 -0.001272
0.2449 -0.001163
0.2823 -0.001021
0.2973 -0.000869
0.2964 -0.000725
0.2853 -0.000597
0.2685 -0.000488
0.2488 -0.000397
0.2282 -0.000323
0.2077 -0.000262
0.1878 -0.000212
0.1687 -0.000173
0.1502 -0.000140
0.1323 -0.000114
0.1146 -0.000092
0.0969 -0.000075
0.0786 -0.000061
0.0590 -0.000049
0.0369 -0.000039
0.0102 -0.000031
-0.0244 -0.000024
-0.0710 -0.000018
-0.1307 -0.000013
-0.1954 -0.000009
-0.2540 -0.000006
-0.3011 -0.000004
-0.3366 -0.000003
-0.3623 -0.000002
-0.3802 -0.000001
-0.3921 -0.000001
-0.3994 -0.000001
-0.4032 -0.000001
-0.4043 -0.000001
-0.4032 -0.000000
-0.4006 -0.000000
-0.3967 -0.000000
-0.3920 -0.000000
-0.3865 -0.000000
-0.3806 -0.000000
-0.3776 -0.061244
-0.3822 -0.058942
-0.3851 -0.057457
-0.3871 -0.056441
-0.3890 -0.055516
-0.3911 -0.054471
-0.3934 -0.053314
-0.3957 -0.052170
-0.3992 -0.075649
-0.4047 -0.071478
-0.4087 -0.068532
-0.4112 -0.066590
-0.4128 -0.065443
-0.4134 -0.064085
-0.4130 -0.060935
-0.4117 -0.058958
-0.4097 -0.057804
-0.4071 -0.055927
-0.4038 -0.052357
-0.3997 -0.049712
-0.3951 -0.047747
-0.3901 -0.046310
-0.3847 -0.045296
-0.3792 -0.044628
-0.3735 -0.044242
-0.3676 -0.041545
-0.3608 -0.036464
-0.3533 -0.032096
-0.3453 -0.028281
-0.3368 -0.024916
-0.3279 -0.021936
-0.3244 -0.062589
-0.3229 -0.060033
-0.3205 -0.058214
-0.3174 -0.056977
-0.3138 -0.056187
-0.3100 -0.055697
-0.3064 -0.055375
-0.3032 -0.055130
-0.3004 -0.054916
-0.2981 -0.054716
-0.2962 -0.054531
-0.2946 -0.054371
-0.2931 -0.054250
-0.2918 -0.054184
-0.2904 -0.054184
-0.2890 -0.054259
-0.2874 -0.054415
-0.2856 -0.054656
-0.2836 -0.054985
-0.2813 -0.052490
-0.2773 -0.044195
-0.2715 -0.037501
-0.2641 -0.032015
-0.2552 -0.027464
-0.2451 -0.023653
-0.2336 -0.020439
-0.2208 -0.017716
-0.2064 -0.015405
-0.1901 -0.013445
-0.1713 -0.011792
-0.1489 -0.010415
-0.1207 -0.009303
-0.0823 -0.008469
-0.0247 -0.007966
0.0642 -0.007817
0.1691 -0.007669
0.2524 -0.007136
0.2838 -0.202099
0.2791 -0.199847
0.2635 -0.195027
0.2421 -0.188882
0.2183 -0.182271
0.1941 -0.175677
0.1703 -0.169305
0.1471 -0.163181
0.1244 -0.157219
0.1014 -0.151252
0.0771 -0.145024
0.0501 -0.138138
0.0177 -0.129929
-0.0246 -0.119291
-0.0821 -0.104874
-0.1537 -0.086923
-0.2256 -0.061279
-0.2847 -0.040141
-0.3294 -0.026554
-0.3620 -0.017943
-0.3850 -0.012476
-0.4010 -0.008971
-0.4116 -0.006689
-0.4181 -0.005174
-0.4214 -0.004143
-0.4223 -0.003420
-0.4212 -0.002896
-0.4185 -0.002502
-0.4143 -0.002194
-0.4090 -0.001947
-0.4025 -0.001741
-0.3951 -0.001565
-0.3868 -0.001411
-0.3779 -0.001271
-0.3685 -0.001142
-0.3590 -0.001023
-0.3494 -0.000913
-0.3399 -0.000811
-0.3304 -0.000717
-0.3212 -0.000631
-0.3122 -0.000554
-0.3035 -0.000484
-0.2950 -0.000422
-0.2870 -0.000366
-0.2796 -0.000316
-0.2730 -0.000272
-0.2672 -0.000233
-0.2619 -0.000199
-0.2572 -0.000169
-0.2529 -0.000144
-0.2487 -0.000122
-0.2446 -0.000104
-0.2405 -0.000088
-0.2363 -0.000075
-0.2319 -0.000063
-0.2272 -0.000054
-0.2221 -0.000046
-0.2240 -0.069047
-0.2321 -0.067029
-0.2395 -0.065177
-0.2461 -0.063509
-0.2521 -0.062017
-0.2575 -0.060660
-0.2626 -0.059369
-0.2677 -0.058095
-0.2728 -0.056823
-0.2778 -0.055574
-0.2901 -0.105038
-0.3031 -0.098500
-0.3139 -0.093093
-0.3227 -0.088674
-0.3300 -0.085016
-0.3362 -0.081947
-0.3413 -0.079371
-0.3498 -0.112695
-0.3591 -0.105728
-0.3659 -0.096482
-0.3701 -0.088495
-0.3726 -0.082823
-0.3738 -0.078724
-0.3743 -0.075735
-0.3742 -0.073568
-0.3736 -0.072038
-0.3727 -0.071018
-0.3715 -0.070412
-0.3700 -0.070144
-0.3683 -0.070153
-0.3664 -0.070393
-0.3644 -0.070832
-0.3622 -0.071448
-0.3596 -0.068472
-0.3559 -0.064609
-0.3513 -0.061775
-0.3455 -0.053752
-0.3382 -0.046991
-0.3298 -0.041275
-0.3205 -0.036340
-0.3106 -0.032020
-0.3002 -0.028203
-0.2895 -0.024812
-0.2786 -0.021789
-0.2676 -0.019093
-0.2567 -0.016690
-0.2459 -0.014555
-0.2352 -0.012667
-0.2244 -0.011007
-0.2134 -0.009557
-0.2111 -0.080287
-0.2147 -0.077971
-0.2186 -0.075828
-0.2228 -0.073819
-0.2273 -0.071871
-0.2324 -0.069930
-0.2380 -0.067987
-0.2439 -0.066060
-0.2499 -0.064180
-0.2559 -0.062381
-0.2616 -0.060697
-0.2670 -0.059157
-0.2718 -0.057787
-0.2760 -0.056602
-0.2795 -0.055019
-0.2814 -0.045567
-0.2810 -0.038111
-0.2790 -0.032122
-0.2756 -0.027231
-0.2713 -0.023179
-0.2662 -0.019786
-0.2606 -0.016923
-0.2545 -0.014494
-0.2479 -0.012426
-0.2410 -0.010663
-0.2336 -0.009159
-0.2257 -0.007875
-0.2173 -0.006780
-0.2080 -0.005847
-0.2001 -0.080015
-0.2046 -0.077985
-0.2091 -0.076131
-0.2135 -0.074424
-0.2179 -0.072835
-0.2223 -0.071324
-0.2269 -0.069839
-0.2318 -0.068329
-0.2372 -0.066765
-0.2428 -0.065153
-0.2487 -0.063530
-0.2545 -0.061945
-0.2601 -0.060455
-0.2651 -0.059110
-0.2708 -0.114962
-0.2941 -0.154821
-0.3130 -0.140563
-0.3273 -0.129753
-0.3383 -0.121479
-0.3469 -0.110655
-0.3532 -0.100414
-0.3580 -0.092627
-0.3616 -0.086632
-0.3642 -0.082013
-0.3661 -0.078479
-0.3673 -0.075808
-0.3679 -0.073829
-0.3680 -0.072409
-0.3677 -0.071449
-0.3671 -0.070879
-0.3660 -0.070651
-0.3647 -0.070732
-0.3629 -0.071101
-0.3606 -0.068496
-0.3566 -0.059597
-0.3505 -0.051874
-0.3427 -0.045548
-0.3337 -0.040203
-0.3238 -0.035574
-0.3131 -0.031496
-0.3020 -0.027864
-0.2905 -0.024610
-0.2789 -0.021687
-0.2672 -0.019064
-0.2555 -0.016714
-0.2439 -0.014617
-0.2323 -0.012756
-0.2207 -0.011113
-0.2089 -0.009672
-0.1966 -0.008415
-0.1925 -0.083996
-0.1957 -0.081974
-0.1993 -0.080035
-0.2034 -0.078150
-0.2082 -0.076248
-0.2138 -0.074263
-0.2201 -0.072177
-0.2272 -0.070013
-0.2346 -0.067815
-0.2423 -0.065633
-0.2498 -0.063513
-0.2572 -0.061492
-0.2642 -0.059599
-0.2707 -0.057860
-0.2765 -0.056296
-0.2817 -0.054933
-0.2860 -0.053790
-0.2894 -0.051845
-0.2910 -0.042971
-0.2904 -0.035979
-0.2882 -0.030364
-0.2847 -0.025780
-0.2801 -0.021987
-0.2747 -0.018814
-0.2686 -0.016138
-0.2625 -0.073220
-0.2666 -0.069700
-0.2695 -0.066984
-0.2712 -0.064956
-0.2718 -0.063513
-0.2716 -0.062516
-0.2709 -0.061793
-0.2704 -0.061194
-0.2702 -0.060621
-0.2705 -0.060031
-0.2712 -0.059414
-0.2722 -0.058787
-0.2734 -0.058177
-0.2826 -0.109991
-0.2931 -0.104480
-0.3019 -0.099845
-0.3094 -0.095973
-0.3157 -0.092679
-0.3243 -0.132295
-0.3364 -0.123094
-0.3460 -0.113086
