0.4384 0.5928
0.6235 5.9725
0.7949 17.1982
0.8870 27.9873
0.9240 37.2285
0.9349 45.1641
0.9362 51.9739
0.9353 57.6703
0.9344 61.8412
0.9340 63.3256
0.9338 61.0339
0.9335 55.6985
0.9329 49.2409
0.9320 42.9652
0.9307 37.3292
0.9292 32.4007
0.9274 28.1259
0.9254 24.4251
0.9231 21.2207
0.9204 18.4440
0.9173 16.0362
0.9139 13.9469
0.9099 12.1335
0.9054 10.5589
0.9003 9.1915
0.8945 8.0039
0.8880 6.9723
0.8806 6.0763
0.8723 5.2980
0.8630 4.6218
0.8526 4.0346
0.8410 3.5244
0.8282 3.0814
0.8141 2.6965
0.7986 2.3623
0.7818 2.0720
0.7637 1.8200
0.7443 1.6011
0.7237 1.4110
0.7021 1.2460
0.6796 1.1027
0.6565 0.9783
0.6330 0.8702
0.6094 0.7765
0.5860 0.6951
0.5631 0.6244
0.5408 0.5630
0.5195 0.5098
0.4994 0.4636
0.4805 0.4235
0.4629 0.3886
0.4468 0.3584
0.4323 0.3340
0.4404 0.6071
0.6297 7.4138
0.8018 18.7591
0.8910 28.9698
0.9258 38.2023
0.9356 46.4380
0.9365 53.6519
0.9355 59.6756
0.9346 63.8556
0.9342 64.8440
0.9340 61.7972
0.9336 56.0366
0.9330 49.5437
0.9320 43.3454
0.9308 37.7641
0.9293 32.8490
0.9276 28.5589
0.9256 24.8270
0.9233 21.5845
0.9207 18.7679
0.9177 16.3212
0.9143 14.1957
0.9104 12.3493
0.9060 10.7453
0.9010 9.3520
0.8953 8.1416
0.8888 7.0904
0.8815 6.1772
0.8733 5.3842
0.8641 4.6955
0.8538 4.0974
0.8424 3.5780
0.8297 3.1271
0.8157 2.7355
0.8004 2.3956
0.7837 2.1004
0.7657 1.8442
0.7464 1.6217
0.7259 1.4287
0.7043 1.2611
0.6819 1.1156
0.6588 0.9893
0.6353 0.8797
0.6116 0.7846
0.5882 0.7020
0.5651 0.6303
0.5428 0.5681
0.5214 0.5142
0.5011 0.4673
0.4820 0.4267
0.4644 0.3914
0.4481 0.3609
0.4336 0.3382
0.4667 1.0693
0.6651 7.3800
0.8182 18.6060
0.8965 29.2013
0.9267 38.2625
0.9351 46.0354
0.9358 52.6906
0.9349 58.1975
0.9343 62.0489
0.9340 63.0573
0.9338 60.3818
0.9335 54.9197
0.9328 48.4960
0.9318 42.3081
0.9306 36.7677
0.9290 31.9269
0.9272 27.7280
0.9252 24.0912
0.9228 20.9404
0.9201 18.2085
0.9170 15.8382
0.9135 13.7804
0.9095 11.9934
0.9050 10.4411
0.8999 9.0925
0.8940 7.9208
0.8874 6.9026
0.8800 6.0178
0.8717 5.2489
0.8623 4.5808
0.8518 4.0003
0.8402 3.4959
0.8274 3.0576
0.8132 2.6768
0.7977 2.3459
0.7809 2.0585
0.7628 1.8088
0.7433 1.5919
0.7228 1.4034
0.7012 1.2398
0.6787 1.0976
0.6556 0.9742
0.6322 0.8669
0.6087 0.7738
0.5853 0.6930
0.5624 0.6227
0.5403 0.5617
0.5191 0.5088
0.4990 0.4628
0.4801 0.4229
0.4627 0.3882
0.4466 0.3583
0.4330 0.3425
0.4789 1.2895
0.6830 10.1320
0.8315 21.2781
0.9032 31.2270
0.9295 40.2154
0.9360 48.2080
0.9362 55.1481
0.9351 60.7752
0.9345 64.2814
0.9341 64.3257
0.9339 60.5192
0.9335 54.5071
0.9328 48.0783
0.9318 42.0423
0.9305 36.6335
0.9290 31.8760
0.9272 27.7238
0.9252 24.1112
0.9228 20.9711
0.9201 18.2425
0.9171 15.8712
0.9136 13.8105
0.9096 12.0196
0.9051 10.4632
0.8999 9.1107
0.8941 7.9353
0.8875 6.9139
0.8801 6.0265
0.8717 5.2554
0.8624 4.5854
0.8519 4.0034
0.8403 3.4978
0.8274 3.0586
0.8132 2.6771
0.7977 2.3457
0.7809 2.0579
0.7627 1.8079
0.7433 1.5909
0.7227 1.4024
0.7010 1.2387
0.6786 1.0965
0.6554 0.9731
0.6320 0.8659
0.6084 0.7728
0.5850 0.6920
0.5621 0.6219
0.5400 0.5610
0.5188 0.5081
0.4987 0.4622
0.4799 0.4223
0.4624 0.3877
0.4464 0.3582
0.4351 0.3713
0.5462 3.0080
0.7362 10.7812
0.8561 22.1553
0.9115 32.2478
0.9309 40.8633
0.9354 48.2474
0.9353 54.5243
0.9345 59.5369
0.9340 62.5459
0.9339 62.3750
0.9337 58.7344
0.9333 52.8872
0.9325 46.5054
0.9315 40.5229
0.9301 35.2169
0.9285 30.5941
0.9266 26.5858
0.9245 23.1126
0.9220 20.1012
0.9192 17.4883
0.9161 15.2196
0.9124 13.2488
0.9083 11.5364
0.9036 10.0482
0.8983 8.7546
0.8923 7.6301
0.8855 6.6525
0.8779 5.8027
0.8693 5.0640
0.8596 4.4218
0.8489 3.8636
0.8370 3.3783
0.8239 2.9565
0.8094 2.5899
0.7936 2.2713
0.7765 1.9943
0.7581 1.7537
0.7385 1.5446
0.7177 1.3628
0.6959 1.2049
0.6734 1.0677
0.6503 0.9485
0.6269 0.8449
0.6034 0.7549
0.5802 0.6767
0.5575 0.6088
0.5356 0.5498
0.5147 0.4986
0.4949 0.4541
0.4764 0.4154
0.4593 0.3819
0.4438 0.3550
0.4390 0.4252
0.5727 3.9969
0.7608 15.0751
0.8709 25.6664
0.9182 35.1707
0.9335 43.7226
0.9363 51.2627
0.9356 57.6601
0.9347 62.4569
0.9343 64.6013
0.9340 62.9541
0.9338 58.0173
0.9332 51.7339
0.9324 45.4684
0.9313 39.7187
0.9299 34.6055
0.9283 30.1196
0.9264 26.2071
0.9243 22.8028
0.9218 19.8429
0.9190 17.2696
0.9158 15.0325
0.9121 13.0875
0.9079 11.3964
0.9032 9.9261
0.8978 8.6478
0.8917 7.5364
0.8849 6.5702
0.8771 5.7303
0.8684 5.0002
0.8587 4.3657
0.8478 3.8141
0.8358 3.3348
0.8225 2.9182
0.8079 2.5562
0.7920 2.2417
0.7748 1.9683
0.7562 1.7308
0.7364 1.5245
0.7155 1.3453
0.6936 1.1895
0.6710 1.0542
0.6478 0.9367
0.6243 0.8346
0.6009 0.7459
0.5777 0.6689
0.5551 0.6020
0.5333 0.5438
0.5124 0.4934
0.4928 0.4495
0.4744 0.4114
0.4575 0.3786
0.4427 0.3571
0.4751 1.0610
0.6665 6.7775
0.8151 16.5299
0.8933 27.4050
0.9247 36.7319
0.9340 44.6896
0.9353 51.4879
0.9347 57.1320
0.9341 61.1931
0.9339 62.6530
0.9338 60.7139
0.9335 55.8752
0.9329 49.6755
0.9320 43.4638
0.9308 37.8237
0.9294 32.8751
0.9276 28.5763
0.9256 24.8497
0.9234 21.6182
0.9208 18.8139
0.9178 16.3784
0.9144 14.2621
0.9106 12.4225
0.9062 10.8231
0.9013 9.4322
0.8956 8.2227
0.8893 7.1707
0.8822 6.2558
0.8741 5.4602
0.8651 4.7681
0.8550 4.1663
0.8438 3.6430
0.8314 3.1878
0.8177 2.7921
0.8028 2.4479
0.7865 2.1487
0.7689 1.8886
0.7500 1.6624
0.7299 1.4658
0.7088 1.2949
0.6867 1.1463
0.6640 1.0171
0.6408 0.9048
0.6174 0.8073
0.5940 0.7225
0.5711 0.6487
0.5488 0.5847
0.5273 0.5290
0.5068 0.4806
0.4876 0.4386
0.4697 0.4021
0.4533 0.3717
0.4421 0.3784
0.5059 1.5703
0.7001 10.4385
0.8387 21.6827
0.9052 31.5249
0.9296 40.4252
0.9357 48.3528
0.9359 55.1980
0.9350 60.6534
0.9344 63.9427
0.9341 63.8689
0.9339 60.1041
0.9335 54.2035
0.9327 47.8960
0.9317 41.9596
0.9305 36.6175
0.9290 31.9009
0.9272 27.7739
0.9252 24.1774
0.9229 21.0479
0.9202 18.3260
0.9172 15.9585
0.9137 13.8992
0.9098 12.1080
0.9053 10.5499
0.9003 9.1945
0.8945 8.0155
0.8880 6.9901
0.8807 6.0982
0.8725 5.3225
0.8633 4.6479
0.8530 4.0613
0.8416 3.5512
0.8289 3.1077
0.8150 2.7221
0.7997 2.3868
0.7832 2.0954
0.7653 1.8420
0.7462 1.6218
0.7259 1.4304
0.7045 1.2640
0.6823 1.1194
0.6594 0.9937
0.6361 0.8844
0.6127 0.7895
0.5895 0.7070
0.5666 0.6353
0.5444 0.5730
0.5231 0.5188
0.5029 0.4718
0.4839 0.4309
0.4663 0.3956
0.4506 0.3693
0.4561 0.5983
0.6232 5.1440
0.7862 12.8590
0.8787 23.9727
0.9189 33.8195
0.9322 42.1954
0.9349 49.3368
0.9347 55.3357
0.9341 59.9226
0.9338 62.2591
0.9337 61.4396
0.9336 57.5374
0.9331 51.7220
0.9324 45.4695
0.9313 39.6340
0.9299 34.4695
0.9282 29.9735
0.9263 26.0740
0.9242 22.6918
0.9217 19.7559
0.9189 17.2054
0.9157 14.9882
0.9120 13.0600
0.9078 11.3828
0.9031 9.9236
0.8978 8.6540
0.8918 7.5493
0.8849 6.5880
0.8773 5.7516
0.8687 5.0238
0.8590 4.3906
0.8483 3.8397
0.8364 3.3603
0.8233 2.9433
0.8089 2.5806
0.7932 2.2650
0.7762 1.9905
0.7578 1.7517
0.7383 1.5440
0.7176 1.3634
0.6960 1.2063
0.6736 1.0697
0.6506 0.9509
0.6274 0.8476
0.6041 0.7578
0.5810 0.6797
0.5584 0.6118
0.5366 0.5528
0.5158 0.5014
0.4961 0.4568
0.4776 0.4181
0.4607 0.3857
0.4483 0.3842
0.4861 0.9423
0.6649 7.7154
0.8168 19.2869
0.8954 29.3813
0.9261 38.4354
0.9348 46.5613
0.9358 53.6342
0.9351 59.3908
0.9344 63.2024
0.9341 63.9813
0.9339 61.0476
0.9336 55.5329
0.9329 49.2843
0.9320 43.2859
0.9308 37.8371
0.9294 32.9983
0.9277 28.7498
0.9257 25.0405
0.9235 21.8098
0.9209 18.9981
0.9180 16.5515
0.9147 14.4223
0.9109 12.5694
0.9066 10.9568
0.9017 9.5533
0.8962 8.3319
0.8899 7.2689
0.8829 6.3438
0.8750 5.5389
0.8661 4.8385
0.8562 4.2291
0.8451 3.6989
0.8329 3.2376
0.8194 2.8364
0.8046 2.4874
0.7885 2.1838
0.7711 1.9198
0.7524 1.6901
0.7326 1.4904
0.7116 1.3167
0.6897 1.1657
0.6672 1.0344
0.6441 0.9202
0.6208 0.8209
0.5975 0.7345
0.5745 0.6595
0.5522 0.5942
0.5306 0.5375
0.5101 0.4881
0.4907 0.4453
0.4727 0.4084
0.4566 0.3816
0.4579 0.5413
0.6110 4.6262
0.7765 11.4079
0.8727 22.1066
0.9160 32.2370
0.9310 40.8525
0.9345 48.1701
0.9345 54.3237
0.9340 59.1097
0.9338 61.7861
0.9337 61.4852
0.9336 58.1571
0.9332 52.6935
0.9325 46.5050
0.9315 40.5951
0.9301 35.3256
0.9286 30.7305
0.9267 26.7438
0.9246 23.2853
0.9222 20.2822
0.9194 17.6721
0.9163 15.4020
0.9128 13.4268
0.9087 11.7077
0.9041 10.2113
0.8990 8.9086
0.8931 7.7746
0.8865 6.7873
0.8790 5.9278
0.8707 5.1796
0.8613 4.5282
0.8509 3.9612
0.8393 3.4676
0.8265 3.0380
0.8125 2.6641
0.7971 2.3387
0.7805 2.0555
0.7625 1.8091
0.7433 1.5946
0.7230 1.4080
0.7017 1.2456
0.6796 1.1043
0.6568 0.9814
0.6337 0.8745
0.6104 0.7814
0.5873 0.7005
0.5647 0.6301
0.5427 0.5689
0.5216 0.5156
0.5017 0.4693
0.4829 0.4291
0.4657 0.3965
0.4543 0.4030
0.4927 0.8930
0.6597 6.8662
0.8116 18.5098
0.8923 28.7233
0.9247 37.7702
0.9343 45.9211
0.9357 53.0326
0.9350 58.8305
0.9344 62.7408
0.9341 63.7666
0.9339 61.1563
0.9336 55.8429
0.9330 49.6706
0.9321 43.6991
0.9309 38.2507
0.9295 33.3928
0.9278 29.1151
0.9259 25.3736
0.9237 22.1116
0.9212 19.2708
0.9183 16.7976
0.9151 14.6442
0.9113 12.7693
0.9071 11.1367
0.9023 9.7151
0.8969 8.4771
0.8908 7.3992
0.8839 6.4606
0.8761 5.6434
0.8674 4.9319
0.8576 4.3126
0.8468 3.7734
0.8348 3.3041
0.8215 2.8957
0.8070 2.5402
0.7912 2.2308
0.7741 1.9616
0.7557 1.7273
0.7361 1.5234
0.7154 1.3461
0.6937 1.1917
0.6713 1.0575
0.6484 0.9406
0.6252 0.8390
0.6020 0.7506
0.5790 0.6737
0.5566 0.6068
0.5349 0.5486
0.5142 0.4980
0.4947 0.4540
0.4765 0.4166
0.4609 0.3939
0.4688 0.6326
0.6284 5.0688
0.7864 11.5695
0.8764 21.8446
0.9167 32.0216
0.9308 40.6780
0.9342 48.0014
0.9343 54.1293
0.9339 58.8555
0.9337 61.4545
0.9337 61.1621
0.9335 57.9926
0.9332 52.7048
0.9325 46.5988
0.9315 40.7075
0.9302 35.4377
0.9286 30.8406
0.9268 26.8527
0.9247 23.3926
0.9223 20.3867
0.9195 17.7727
0.9164 15.4979
0.9129 13.5175
0.9089 11.7928
0.9044 10.2906
0.8993 8.9822
0.8935 7.8426
0.8869 6.8499
0.8795 5.9852
0.8713 5.2321
0.8620 4.5761
0.8517 4.0048
0.8403 3.5073
0.8276 3.0740
0.8138 2.6967
0.7986 2.3681
0.7821 2.0820
0.7644 1.8330
0.7454 1.6161
0.7252 1.4273
0.7041 1.2630
0.6821 1.1199
0.6595 0.9954
0.6365 0.8870
0.6133 0.7926
0.5903 0.7105
0.5676 0.6390
0.5456 0.5768
0.5245 0.5227
0.5044 0.4756
0.4856 0.4352
0.4687 0.4049
0.4616 0.4458
0.5170 1.1163
0.6821 7.6304
0.8231 19.3554
0.8966 29.4765
0.9258 38.3760
0.9343 46.3949
0.9354 53.3625
0.9348 58.9640
0.9343 62.6242
0.9340 63.3891
0.9338 60.5947
0.9335 55.2377
0.9329 49.1240
0.9320 43.2484
0.9308 37.8917
0.9294 33.1074
0.9277 28.8862
0.9258 25.1892
0.9236 21.9631
0.9211 19.1518
0.9182 16.7030
0.9149 14.5698
0.9112 12.7115
0.9070 11.0925
0.9022 9.6818
0.8968 8.4528
0.8906 7.3820
0.8837 6.4491
0.8760 5.6364
0.8673 4.9284
0.8576 4.3118
0.8468 3.7747
0.8348 3.3069
0.8216 2.8996
0.8072 2.5448
0.7914 2.2360
0.7744 1.9670
0.7561 1.7329
0.7366 1.5290
0.7160 1.3515
0.6944 1.1970
0.6721 1.0625
0.6493 0.9455
0.6262 0.8436
0.6031 0.7549
0.5802 0.6777
0.5578 0.6105
0.5362 0.5520
0.5155 0.5012
0.4960 0.4571
0.4780 0.4210
0.4645 0.4124
0.4959 1.0371
0.6710 6.4102
0.8118 12.8736
0.8876 23.1226
0.9204 33.1296
0.9314 41.6237
0.9339 48.7774
0.9340 54.6956
0.9337 59.1017
0.9336 61.2406
0.9336 60.5378
0.9335 57.1694
0.9331 51.8551
0.9324 45.8120
0.9313 40.0135
0.9300 34.8404
0.9284 30.3340
0.9265 26.4263
0.9244 23.0350
0.9220 20.0872
0.9192 17.5220
0.9161 15.2882
0.9126 13.3420
0.9085 11.6462
0.9040 10.1683
0.8988 8.8803
0.8929 7.7577
0.8864 6.7794
0.8789 5.9268
0.8706 5.1838
0.8613 4.5363
0.8510 3.9720
0.8395 3.4804
0.8269 3.0520
0.8130 2.6788
0.7978 2.3537
0.7813 2.0704
0.7635 1.8237
0.7446 1.6087
0.7245 1.4215
0.7034 1.2585
0.6815 1.1165
0.6589 0.9928
0.6360 0.8851
0.6129 0.7913
0.5899 0.7096
0.5674 0.6385
0.5455 0.5766
0.5244 0.5227
0.5044 0.4759
0.4858 0.4367
0.4704 0.4163
0.4765 0.5597
0.5623 1.7985
0.7261 10.0742
0.8467 21.7240
0.9060 31.5131
0.9285 40.1328
0.9346 47.8714
0.9351 54.5036
0.9346 59.6595
0.9341 62.7271
0.9339 62.7621
0.9338 59.3533
0.9334 53.7723
0.9327 47.7253
0.9317 42.0138
0.9305 36.8286
0.9290 32.1979
0.9273 28.1092
0.9254 24.5255
0.9231 21.3965
0.9205 18.6685
0.9176 16.2908
0.9143 14.2186
0.9105 12.4124
0.9062 10.8379
0.9013 9.4653
0.8958 8.2686
0.8896 7.2255
0.8826 6.3162
0.8747 5.5236
0.8659 4.8328
0.8561 4.2307
0.8451 3.7060
0.8330 3.2488
0.8197 2.8504
0.8052 2.5032
0.7893 2.2008
0.7722 1.9374
0.7538 1.7079
0.7342 1.5079
0.7136 1.3338
0.6921 1.1821
0.6698 1.0500
0.6470 0.9350
0.6240 0.8348
0.6009 0.7475
0.5782 0.6716
0.5559 0.6054
0.5345 0.5478
0.5140 0.4978
0.4947 0.4550
0.4777 0.4260
0.4710 0.4645
0.5572 2.4665
0.7310 8.5747
0.8451 15.3450
0.9020 25.8222
0.9251 35.4517
0.9323 43.5860
0.9337 50.3889
0.9337 55.8860
0.9336 59.6573
0.9336 60.9519
0.9335 59.5147
0.9334 55.6818
0.9329 50.1922
0.9321 44.2111
0.9310 38.5812
0.9296 33.5972
0.9279 29.2666
0.9260 25.5131
0.9238 22.2538
0.9213 19.4187
0.9185 16.9495
0.9153 14.7976
0.9116 12.9215
0.9075 11.2857
0.9028 9.8593
0.8975 8.6155
0.8915 7.5308
0.8848 6.5849
0.8772 5.7602
0.8687 5.0411
0.8593 4.4141
0.8487 3.8674
0.8371 3.3909
0.8242 2.9754
0.8101 2.6133
0.7947 2.2977
0.7781 2.0226
0.7601 1.7828
0.7410 1.5738
0.7208 1.3917
0.6996 1.2330
0.6777 1.0948
0.6551 0.9743
0.6322 0.8693
0.6092 0.7779
0.5864 0.6982
0.5640 0.6288
0.5423 0.5683
0.5215 0.5157
0.5018 0.4708
0.4841 0.4368
0.4742 0.4581
0.5116 0.8402
0.6326 3.6956
0.7824 14.3091
0.8752 25.4202
0.9169 34.6722
0.9314 42.8915
0.9348 50.1890
0.9348 56.2626
0.9343 60.6858
0.9340 62.7694
0.9338 61.6114
0.9336 57.3081
0.9331 51.4759
0.9323 45.5639
0.9313 40.0915
0.9300 35.1482
0.9285 30.7394
0.9267 26.8481
0.9246 23.4375
0.9223 20.4588
0.9196 17.8607
0.9166 15.5953
0.9131 13.6198
0.9092 11.8970
0.9047 10.3943
0.8997 9.0835
0.8940 7.9402
0.8875 6.9429
0.8803 6.0731
0.8722 5.3145
0.8631 4.6530
0.8531 4.0761
0.8419 3.5731
0.8295 3.1346
0.8159 2.7522
0.8010 2.4189
0.7849 2.1284
0.7675 1.8752
0.7489 1.6545
0.7291 1.4621
0.7083 1.2945
0.6866 1.1484
0.6643 1.0211
0.6415 0.9101
0.6185 0.8135
0.5956 0.7293
0.5730 0.6559
0.5510 0.5920
0.5299 0.5364
0.5097 0.4884
0.4912 0.4506
0.4784 0.4464
0.4964 0.7798
0.6503 5.3839
0.7964 11.4698
0.8781 19.3660
0.9153 29.7736
0.9291 38.8179
0.9329 46.4031
0.9335 52.6577
0.9335 57.4504
0.9335 60.1788
0.9335 60.2855
0.9334 57.9030
0.9332 53.4413
0.9326 47.7326
0.9317 41.8717
0.9305 36.5012
0.9289 31.7940
0.9272 27.7146
0.9252 24.1781
0.9229 21.1046
0.9203 18.4283
0.9173 16.0953
0.9139 14.0605
0.9101 12.2854
0.9058 10.7365
0.9009 9.3852
0.8954 8.2061
0.8892 7.1774
0.8822 6.2799
0.8743 5.4969
0.8655 4.8138
0.8557 4.2179
0.8449 3.6982
0.8328 3.2448
0.8196 2.8495
0.8051 2.5046
0.7894 2.2039
0.7724 1.9417
0.7541 1.7131
0.7347 1.5137
0.7142 1.3399
0.6929 1.1884
0.6708 1.0563
0.6482 0.9411
0.6253 0.8408
0.6024 0.7533
0.5797 0.6770
0.5576 0.6105
0.5362 0.5527
0.5158 0.5028
0.4970 0.4629
0.4826 0.4500
0.4954 0.6484
0.5776 1.5721
0.7206 8.1076
