-0.3351 -0.000000
-0.3283 -0.000000
-0.3211 -0.000000
-0.3135 -0.000000
-0.3056 -0.000000
-0.2973 -0.000000
-0.2885 -0.000000
-0.2794 -0.000000
-0.2697 -0.000000
-0.2595 -0.000000
-0.2487 -0.000000
-0.2373 -0.000000
-0.2252 -0.000000
-0.2127 -0.000000
-0.1998 -0.000000
-0.1865 -0.000000
-0.1726 -0.000000
-0.1579 -0.000000
-0.1416 -0.000000
-0.1434 -0.178422
-0.1652 -0.167523
-0.1893 -0.155464
-0.2141 -0.143086
-0.2382 -0.130995
-0.2610 -0.119627
-0.2816 -0.109321
-0.2996 -0.100291
-0.3149 -0.092617
-0.3276 -0.086265
-0.3378 -0.081130
-0.3459 -0.077070
-0.3522 -0.073937
-0.3569 -0.071589
-0.3602 -0.069907
-0.3624 -0.068791
-0.3637 -0.068160
-0.3641 -0.067952
-0.3638 -0.068115
-0.3628 -0.068610
-0.3612 -0.069406
-0.3590 -0.070482
-0.3559 -0.066862
-0.3511 -0.060010
-0.3441 -0.052458
-0.3353 -0.046288
-0.3249 -0.041097
-0.3131 -0.036635
-0.3009 -0.082352
-0.2961 -0.078850
-0.2895 -0.076636
-0.2816 -0.075394
-0.2733 -0.074695
-0.2658 -0.074108
-0.2599 -0.073354
-0.2560 -0.072311
-0.2542 -0.070985
-0.2540 -0.069459
-0.2552 -0.067831
-0.2572 -0.066189
-0.2597 -0.064600
-0.2626 -0.063107
-0.2654 -0.061738
-0.2682 -0.060509
-0.2707 -0.059433
-0.2729 -0.058514
-0.2748 -0.057752
-0.2762 -0.057142
-0.2773 -0.056675
-0.2780 -0.056339
-0.2783 -0.056120
-0.2781 -0.052189
-0.2762 -0.043952
-0.2727 -0.037284
-0.2678 -0.031799
-0.2619 -0.027231
-0.2552 -0.023388
-0.2477 -0.020131
-0.2395 -0.017355
-0.2308 -0.014978
-0.2216 -0.012934
-0.2121 -0.011171
-0.2023 -0.009647
-0.1922 -0.008330
-0.1817 -0.007195
-0.1705 -0.006220
-0.1583 -0.005386
-0.1445 -0.004680
-0.1281 -0.004088
-0.1076 -0.003603
-0.0799 -0.003220
-0.0396 -0.002946
0.0221 -0.002789
0.1059 -0.002703
0.1871 -0.002561
0.2448 -0.002320
0.2773 -0.002022
0.2899 -0.001717
0.2885 -0.001431
0.2782 -0.001180
0.2627 -0.000966
0.2446 -0.000787
0.2256 -0.000641
0.2064 -0.000521
0.1876 -0.000424
0.1694 -0.000344
0.1518 -0.000280
0.1346 -0.000228
0.1176 -0.000185
0.1005 -0.000150
0.0829 -0.000122
0.0641 -0.000098
0.0432 -0.000079
0.0184 -0.000063
-0.0128 -0.000050
-0.0544 -0.000038
-0.1091 -0.000028
-0.1724 -0.000019
-0.2331 -0.000013
-0.2839 -0.000009
-0.3231 -0.000006
-0.3521 -0.000004
-0.3729 -0.000003
-0.3872 -0.000002
-0.3965 -0.000002
-0.4020 -0.000001
-0.4045 -0.000001
-0.4047 -0.000001
-0.4029 -0.000001
-0.3996 -0.000001
-0.3950 -0.000001
-0.3894 -0.000001
-0.3900 -0.055027
-0.3920 -0.053981
-0.3968 -0.077446
-0.3999 -0.075119
-0.4025 -0.073182
-0.4051 -0.071164
-0.4079 -0.069105
-0.4104 -0.067231
-0.4124 -0.065738
-0.4137 -0.064728
-0.4144 -0.064215
-0.4145 -0.064156
-0.4140 -0.064485
-0.4131 -0.065135
-0.4119 -0.066051
-0.4104 -0.067195
-0.4086 -0.068172
-0.4060 -0.064087
-0.4022 -0.059757
-0.3973 -0.056619
-0.3917 -0.054313
-0.3856 -0.052615
-0.3792 -0.051377
-0.3725 -0.048420
-0.3650 -0.042832
-0.3566 -0.037983
-0.3477 -0.033697
-0.3384 -0.029871
-0.3287 -0.026440
-0.3187 -0.023362
-0.3086 -0.020604
-0.2982 -0.018139
-0.2877 -0.015941
-0.2769 -0.013987
-0.2659 -0.012256
-0.2547 -0.010725
-0.2432 -0.009377
-0.2313 -0.008194
-0.2189 -0.007160
-0.2058 -0.006259
-0.1916 -0.005479
-0.1759 -0.004808
-0.1583 -0.004233
-0.1376 -0.003749
-0.1122 -0.003350
-0.0783 -0.003042
-0.0289 -0.002837
0.0459 -0.002745
0.1389 -0.002683
0.2185 -0.002521
0.2701 -0.002258
0.2961 -0.001950
0.3032 -0.001643
0.2976 -0.001363
0.2841 -0.001119
0.2664 -0.000913
0.2467 -0.000743
0.2266 -0.000604
0.2067 -0.000491
0.1875 -0.000399
0.1690 -0.000324
0.1511 -0.000263
0.1337 -0.000214
0.1166 -0.000174
0.0993 -0.000141
0.0815 -0.000114
0.0624 -0.000092
0.0409 -0.000074
0.0152 -0.000059
-0.0178 -0.000046
-0.0621 -0.000035
-0.1229 -0.094494
-0.2048 -0.074009
-0.2749 -0.056436
-0.3278 -0.043164
-0.3656 -0.033695
-0.3917 -0.027123
-0.4096 -0.022634
-0.4216 -0.019620
-0.4294 -0.017662
-0.4341 -0.016476
-0.4365 -0.015873
-0.4371 -0.015722
-0.4362 -0.015935
-0.4342 -0.016447
-0.4311 -0.017212
-0.4272 -0.018196
-0.4225 -0.019372
-0.4171 -0.020703
-0.4116 -0.044191
-0.4097 -0.045121
-0.4100 -0.064463
-0.4096 -0.061362
-0.4079 -0.059649
-0.4055 -0.058768
-0.4030 -0.058284
-0.4006 -0.057973
-0.3984 -0.057772
-0.3964 -0.057691
-0.3944 -0.057755
-0.3924 -0.057982
-0.3903 -0.058376
-0.3881 -0.058931
-0.3857 -0.059639
-0.3832 -0.060503
-0.3801 -0.057326
-0.3761 -0.054596
-0.3711 -0.050474
-0.3647 -0.044220
-0.3571 -0.038989
-0.3486 -0.034492
-0.3394 -0.030552
-0.3296 -0.027061
-0.3194 -0.023951
-0.3088 -0.021174
-0.2978 -0.018694
-0.2865 -0.016481
-0.2749 -0.014509
-0.2630 -0.012755
-0.2508 -0.011198
-0.2382 -0.009822
-0.2251 -0.008609
-0.2115 -0.007546
-0.1969 -0.006618
-0.1811 -0.005814
-0.1694 -0.087691
-0.1681 -0.087204
-0.1670 -0.086775
-0.1665 -0.086338
-0.1671 -0.085705
-0.1695 -0.084677
-0.1742 -0.083157
-0.1810 -0.081140
-0.1898 -0.078686
-0.2001 -0.075896
-0.2114 -0.072893
-0.2232 -0.069809
-0.2349 -0.066764
-0.2461 -0.063861
-0.2566 -0.061181
-0.2659 -0.058782
-0.2740 -0.056702
-0.2809 -0.054958
-0.2863 -0.053551
-0.2906 -0.052470
-0.2936 -0.051692
-0.2955 -0.051188
-0.2965 -0.050925
-0.2959 -0.042812
-0.2932 -0.036228
-0.2888 -0.030893
-0.2832 -0.026488
-0.2766 -0.022790
-0.2694 -0.019642
-0.2620 -0.016933
-0.2545 -0.014590
-0.2470 -0.012555
-0.2397 -0.010787
-0.2374 -0.074752
-0.2444 -0.135282
-0.2623 -0.124662
-0.2781 -0.115519
-0.2916 -0.107798
-0.3030 -0.101324
-0.3127 -0.095875
-0.3210 -0.091273
-0.3344 -0.125685
-0.3464 -0.116352
-0.3557 -0.109122
-0.3628 -0.103610
-0.3681 -0.099484
-0.3720 -0.096462
-0.3747 -0.094317
-0.3766 -0.092861
-0.3777 -0.091946
-0.3783 -0.091452
-0.3783 -0.087769
-0.3771 -0.084131
-0.3751 -0.081313
-0.3720 -0.074592
-0.3677 -0.069615
-0.3625 -0.065885
-0.3564 -0.058906
-0.3489 -0.051634
-0.3402 -0.045471
-0.3306 -0.040137
-0.3203 -0.035455
-0.3095 -0.031313
-0.2982 -0.027629
-0.2865 -0.024341
-0.2746 -0.021400
-0.2626 -0.018775
-0.2505 -0.016440
-0.2381 -0.014373
-0.2254 -0.012554
-0.2121 -0.010964
-0.1978 -0.009584
-0.1822 -0.008397
-0.1644 -0.007386
-0.1432 -0.006542
-0.1163 -0.005859
-0.0795 -0.005349
-0.0238 -0.005044
0.0623 -0.004960
0.1646 -0.004886
0.2467 -0.004576
0.2970 -0.004072
0.3198 -0.003490
0.3224 -0.002918
0.3122 -0.002401
0.2946 -0.001958
0.2735 -0.001588
0.2513 -0.001285
0.2292 -0.001039
0.2080 -0.000841
0.1879 -0.000681
0.1687 -0.000551
0.1503 -0.000447
0.1325 -0.000362
0.1150 -0.000294
0.0974 -0.000238
0.0790 -0.000192
0.0591 -0.000154
0.0361 -0.000123
0.0078 -0.000097
-0.0296 -0.000075
-0.0805 -0.000056
-0.1447 -0.000040
-0.2120 -0.000027
-0.2711 -0.000018
-0.3179 -0.000012
-0.3529 -0.000008
-0.3782 -0.000005
-0.3957 -0.000004
-0.4072 -0.000003
-0.4140 -0.000002
-0.4171 -0.000002
-0.4173 -0.000001
-0.4151 -0.000001
-0.4110 -0.000001
-0.4055 -0.000001
-0.3987 -0.000001
-0.3909 -0.000001
-0.3824 -0.000001
-0.3735 -0.000001
-0.3644 -0.000001
-0.3586 -0.035335
-0.3559 -0.036025
-0.3527 -0.036817
-0.3496 -0.037594
-0.3472 -0.038207
-0.3456 -0.038587
-0.3510 -0.074506
-0.3567 -0.071657
-0.3616 -0.069211
-0.3657 -0.067152
-0.3691 -0.065447
-0.3719 -0.064074
-0.3740 -0.063020
-0.3754 -0.062282
-0.3763 -0.061857
-0.3765 -0.061740
-0.3762 -0.061149
-0.3747 -0.056847
-0.3720 -0.052745
-0.3677 -0.045494
-0.3621 -0.039605
-0.3555 -0.034665
-0.3481 -0.030425
-0.3402 -0.026731
-0.3319 -0.023485
-0.3233 -0.020620
-0.3144 -0.018086
-0.3053 -0.015846
-0.2960 -0.013868
-0.2864 -0.012123
-0.2766 -0.010589
-0.2665 -0.009242
-0.2561 -0.008064
-0.2452 -0.007035
-0.2337 -0.006140
-0.2216 -0.005361
-0.2087 -0.004685
-0.1948 -0.004100
-0.1795 -0.003595
-0.1624 -0.003162
-0.1428 -0.002794
-0.1193 -0.002487
-0.0891 -0.002241
-0.0466 -0.002064
0.0175 -0.001967
0.1054 -0.001922
0.1729 -0.169887
0.2078 -0.178445
0.2246 -0.182479
0.2278 -0.183083
0.2216 -0.181352
0.2094 -0.178157
0.1938 -0.174114
0.1763 -0.169624
0.1578 -0.164913
0.1388 -0.160086
0.1193 -0.155149
0.0990 -0.150030
0.0773 -0.144567
0.0531 -0.138471
0.0242 -0.131235
-0.0128 -0.121991
-0.0628 -0.109514
-0.1276 -0.093321
-0.1982 -0.075663
-0.2611 -0.057212
-0.3097 -0.037680
-0.3448 -0.025390
-0.3696 -0.017642
-0.3864 -0.012694
-0.3974 -0.009476
-0.4040 -0.007331
-0.4072 -0.005860
-0.4077 -0.004815
-0.4063 -0.004043
-0.4034 -0.003443
-0.3997 -0.002957
-0.3953 -0.002551
-0.3906 -0.002206
-0.3855 -0.001909
-0.3801 -0.001652
-0.3746 -0.001429
-0.3688 -0.001235
-0.3630 -0.001067
-0.3568 -0.000922
-0.3505 -0.000796
-0.3437 -0.000688
-0.3366 -0.000595
-0.3292 -0.000514
-0.3213 -0.000445
-0.3129 -0.000385
-0.3041 -0.000333
-0.2948 -0.000289
-0.2849 -0.000250
-0.2743 -0.000217
-0.2630 -0.000188
-0.2509 -0.000164
-0.2453 -0.063801
-0.2444 -0.064024
-0.2430 -0.064330
-0.2423 -0.064499
-0.2431 -0.064288
-0.2458 -0.063610
-0.2501 -0.062523
-0.2556 -0.061147
-0.2617 -0.059615
-0.2696 -0.115307
-0.2861 -0.107041
-0.3003 -0.099944
-0.3121 -0.094003
-0.3219 -0.089117
-0.3298 -0.085140
-0.3362 -0.081936
-0.3413 -0.079394
-0.3452 -0.077427
-0.3481 -0.075958
-0.3502 -0.074916
-0.3515 -0.074234
-0.3517 -0.068041
-0.3504 -0.063489
-0.3479 -0.060152
-0.3446 -0.057739
-0.3406 -0.056040
-0.3358 -0.051681
-0.3297 -0.044774
-0.3223 -0.039014
-0.3140 -0.034110
-0.3049 -0.029875
-0.2952 -0.026189
-0.2849 -0.022966
-0.2741 -0.020147
-0.2626 -0.017680
-0.2505 -0.015521
-0.2376 -0.013631
-0.2330 -0.078350
-0.2323 -0.076630
-0.2314 -0.075276
-0.2307 -0.074137
-0.2306 -0.073027
-0.2317 -0.071806
-0.2340 -0.070425
-0.2374 -0.068899
-0.2416 -0.067276
-0.2463 -0.065612
-0.2513 -0.063958
-0.2565 -0.062357
-0.2615 -0.060840
-0.2662 -0.059432
-0.2706 -0.058154
-0.2746 -0.057020
-0.2780 -0.056045
-0.2809 -0.055238
-0.2831 -0.054603
-0.2847 -0.054142
-0.2856 -0.051135
-0.2846 -0.042886
-0.2819 -0.036267
-0.2779 -0.030848
-0.2729 -0.026336
-0.2673 -0.022532
-0.2614 -0.019298
-0.2552 -0.016534
-0.2489 -0.014167
-0.2424 -0.012137
-0.2357 -0.010398
-0.2289 -0.008909
-0.2218 -0.007634
-0.2145 -0.006543
-0.2096 -0.078174
-0.2165 -0.075417
-0.2235 -0.072845
-0.2303 -0.070461
-0.2368 -0.068266
-0.2431 -0.066246
-0.2491 -0.064381
-0.2548 -0.062650
-0.2602 -0.061042
-0.2654 -0.059556
-0.2711 -0.115262
-0.2859 -0.107687
-0.2984 -0.101295
-0.3087 -0.096032
-0.3171 -0.091776
-0.3238 -0.088355
-0.3292 -0.085616
-0.3334 -0.083443
-0.3368 -0.081746
-0.3393 -0.080449
-0.3410 -0.075568
-0.3411 -0.069305
-0.3401 -0.064599
-0.3382 -0.061031
-0.3358 -0.058327
-0.3329 -0.056306
-0.3297 -0.054833
-0.3260 -0.050891
-0.3210 -0.043631
-0.3147 -0.037636
-0.3075 -0.032599
-0.2994 -0.028312
-0.2906 -0.024632
-0.2811 -0.021456
-0.2711 -0.018704
-0.2605 -0.016314
-0.2493 -0.014234
-0.2376 -0.012419
-0.2254 -0.010832
-0.2128 -0.009445
-0.1995 -0.008237
-0.1853 -0.007190
-0.1698 -0.006289
-0.1522 -0.005522
-0.1313 -0.004881
-0.1178 -0.099740
-0.1101 -0.101045
-0.1009 -0.102802
-0.0896 -0.105181
-0.0752 -0.108428
-0.0561 -0.112903
-0.0300 -0.119164
0.0060 -0.127968
0.0533 -0.139612
0.1053 -0.152493
0.1499 -0.163548
0.1800 -0.170967
0.1956 -0.174741
0.2007 -0.157374
0.2015 -0.131589
0.1991 -0.109518
0.1940 -0.090802
0.1869 -0.075060
0.1783 -0.061904
0.1687 -0.050965
0.1584 -0.041905
0.1475 -0.034420
0.1363 -0.028248
0.1248 -0.023163
0.1129 -0.018975
0.1003 -0.015522
0.0868 -0.012672
0.0720 -0.010315
0.0551 -0.008361
0.0350 -0.006730
0.0099 -0.005357
-0.0234 -0.004183
-0.0690 -0.003160
-0.1296 -0.095070
-0.2114 -0.073820
-0.2807 -0.055902
-0.3329 -0.042489
-0.3699 -0.032981
-0.3954 -0.026451
-0.4125 -0.022082
-0.4236 -0.019249
-0.4304 -0.017505
-0.4342 -0.016539
-0.4357 -0.016140
-0.4356 -0.016163
-0.4341 -0.016510
-0.4317 -0.017113
-0.4284 -0.017921
-0.4245 -0.018890
-0.4201 -0.019979
-0.4154 -0.021155
-0.4133 -0.043340
-0.4116 -0.044197
-0.4089 -0.041874
-0.4053 -0.040094
-0.4013 -0.038843
-0.3971 -0.037921
-0.3930 -0.037238
-0.3890 -0.036761
-0.3849 -0.036471
-0.3809 -0.036356
-0.3769 -0.036399
-0.3729 -0.036580
-0.3689 -0.036880
-0.3648 -0.037283
-0.3608 -0.037776
-0.3567 -0.038352
-0.3525 -0.037211
-0.3473 -0.032148
-0.3411 -0.027932
-0.3339 -0.024355
-0.3262 -0.021276
-0.3180 -0.018593
-0.3096 -0.016239
-0.3010 -0.014165
-0.2924 -0.012336
-0.2838 -0.010724
-0.2752 -0.009307
-0.2666 -0.008066
-0.2579 -0.006983
-0.2491 -0.006041
-0.2401 -0.005224
-0.2329 -0.071260
-0.2365 -0.069586
-0.2395 -0.068177
-0.2421 -0.066997
-0.2445 -0.065956
-0.2471 -0.064954
-0.2500 -0.063930
-0.2532 -0.062870
-0.2567 -0.061784
-0.2604 -0.060697
-0.2641 -0.059634
-0.2677 -0.058618
-0.2711 -0.057669
-0.2743 -0.056803
-0.2771 -0.056037
-0.2794 -0.055389
-0.2813 -0.054878
-0.2826 -0.054521
-0.2832 -0.054335
-0.2831 -0.054329
-0.2824 -0.054507
-0.2886 -0.105810
-0.2956 -0.102300
-0.3006 -0.095410
-0.3031 -0.086787
-0.3041 -0.080166
-0.3045 -0.074883
-0.3046 -0.070565
-0.3046 -0.066986
-0.3046 -0.063999
-0.3046 -0.061502
-0.3046 -0.059419
-0.3045 -0.057694
-0.3044 -0.056279
-0.3041 -0.055136
-0.3037 -0.054235
-0.3031 -0.053550
-0.3022 -0.053061
-0.3012 -0.052750
-0.2997 -0.049737
-0.2968 -0.042145
-0.2923 -0.035970
-0.2866 -0.030861
-0.2799 -0.026576
-0.2726 -0.022939
-0.2647 -0.019822
-0.2565 -0.017129
-0.2483 -0.014788
-0.2516 -0.074305
-0.2557 -0.071094
-0.2597 -0.068323
-0.2634 -0.065931
-0.2735 -0.118705
-0.2865 -0.111063
-0.2975 -0.104697
-0.3065 -0.099468
-0.3139 -0.095223
-0.3200 -0.091794
-0.3248 -0.089024
-0.3288 -0.086785
-0.3320 -0.084982
-0.3345 -0.083554
-0.3364 -0.082464
-0.3373 -0.076851
-0.3367 -0.071154
-0.3348 -0.066907
-0.3321 -0.063739
-0.3286 -0.061386
-0.3247 -0.059658
-0.3205 -0.058413
-0.3161 -0.057552
-0.3110 -0.049764
-0.3043 -0.042667
-0.2966 -0.036751
-0.2878 -0.031754
-0.2783 -0.027495
-0.2679 -0.023846
-0.2567 -0.020708
-0.2447 -0.018007
-0.2317 -0.015680
-0.2175 -0.013677
-0.2020 -0.011955
-0.1847 -0.010480
-0.1651 -0.009225
-0.1419 -0.008173
-0.1128 -0.007321
-0.0733 -0.006685
-0.0138 -0.006309
0.0755 -0.006187
0.1754 -0.006020
0.2520 -0.005558
0.2685 -0.196823
0.2658 -0.195372
0.2535 -0.191594
0.2357 -0.186542
0.2153 -0.180935
0.1939 -0.175194
0.1725 -0.169524
0.1514 -0.163985
0.1305 -0.158548
0.1095 -0.153118
0.0877 -0.147532
0.0641 -0.141535
0.0372 -0.134713
0.0040 -0.126368
-0.0397 -0.115403
-0.0980 -0.100810
-0.1668 -0.083574
-0.2329 -0.066991
-0.2870 -0.053406
-0.3275 -0.042236
-0.3555 -0.029543
-0.3735 -0.021589
-0.3841 -0.016508
-0.3893 -0.013168
-0.3903 -0.010888
-0.3884 -0.009254
-0.3841 -0.008018
-0.3784 -0.007031
-0.3715 -0.006202
-0.3641 -0.005477
-0.3567 -0.004825
-0.3496 -0.004229
-0.3484 -0.041453
-0.3490 -0.040718
-0.3500 -0.077504
-0.3570 -0.073467
-0.3630 -0.070102
-0.3681 -0.067232
-0.3725 -0.064785
-0.3762 -0.062733
-0.3792 -0.061078
-0.3815 -0.059820
-0.3830 -0.058948
-0.3839 -0.058437
-0.3841 -0.058253
-0.3838 -0.057591
-0.3824 -0.053511
-0.3800 -0.050557
-0.3768 -0.048412
-0.3731 -0.046868
-0.3691 -0.045782
-0.3646 -0.042186
-0.3592 -0.036648
-0.3529 -0.031977
-0.3459 -0.027966
-0.3385 -0.024478
-0.3308 -0.021424
-0.3228 -0.018736
-0.3147 -0.016366
-0.3064 -0.014275
-0.2981 -0.012433
-0.2898 -0.010812
-0.2814 -0.009390
-0.2792 -0.063130
-0.2811 -0.061281
-0.2824 -0.059847
-0.2831 -0.058769
-0.2832 -0.057988
-0.2829 -0.057432
-0.2825 -0.057031
-0.2819 -0.056729
-0.2815 -0.056491
-0.2810 -0.056297
-0.2806 -0.056137
-0.2803 -0.056012
-0.2799 -0.055927
-0.2795 -0.055895
-0.2788 -0.055929
-0.2780 -0.056044
-0.2768 -0.056251
-0.2753 -0.056560
-0.2734 -0.056973
-0.2712 -0.057471
-0.2683 -0.050922
-0.2637 -0.042942
-0.2577 -0.036404
-0.2507 -0.030969
-0.2429 -0.026404
-0.2345 -0.022545
-0.2255 -0.019273
-0.2159 -0.016496
-0.2054 -0.014141
-0.1940 -0.012148
-0.1811 -0.010467
-0.1662 -0.009057
-0.1486 -0.007885
-0.1265 -0.006928
-0.0972 -0.006176
-0.0551 -0.005640
0.0104 -0.005347
0.0852 -0.151190
0.1508 -0.167221
0.1998 -0.179008
0.2280 -0.185524
0.2381 -0.187510
0.2348 -0.186190
0.2229 -0.182766
0.2061 -0.178182
0.1869 -0.173066
0.1667 -0.167774
0.1463 -0.162468
0.1258 -0.157172
0.1049 -0.151819
0.0831 -0.146257
0.0593 -0.140224
0.0317 -0.133278
-0.0025 -0.124671
-0.0477 -0.105484
-0.1042 -0.077116
-0.1675 -0.054125
-0.2272 -0.037092
-0.2764 -0.025387
-0.3140 -0.017632
-0.3415 -0.012546
-0.3608 -0.009195
-0.3739 -0.006956
-0.3821 -0.005431
-0.3866 -0.004361
-0.3884 -0.003584
-0.3881 -0.002999
-0.3865 -0.002541
-0.3839 -0.002170
-0.3808 -0.001861
-0.3774 -0.001599
-0.3738 -0.001374
-0.3711 -0.033402
-0.3732 -0.032672
-0.3742 -0.032247
-0.3744 -0.032077
-0.3739 -0.032092
-0.3730 -0.032223
-0.3718 -0.032432
-0.3705 -0.032707
-0.3689 -0.033049
-0.3671 -0.033456
-0.3651 -0.033926
-0.3628 -0.034456
-0.3604 -0.035044
-0.3577 -0.035688
-0.3549 -0.036382
-0.3518 -0.037121
-0.3487 -0.037903
-0.3453 -0.036378
-0.3457 -0.068872
-0.3467 -0.063461
-0.3461 -0.059547
-0.3443 -0.056729
-0.3416 -0.054719
-0.3383 -0.053300
-0.3348 -0.052300
-0.3311 -0.051599
-0.3275 -0.051120
-0.3240 -0.050815
-0.3206 -0.050656
-0.3172 -0.050630
-0.3139 -0.050731
-0.3104 -0.050958
-0.3069 -0.051314
-0.3031 -0.051803
-0.3031 -0.100626
-0.3075 -0.098042
-0.3103 -0.096306
-0.3119 -0.095256
-0.3124 -0.088511
-0.3114 -0.081714
-0.3098 -0.076366
-0.3080 -0.072052
-0.3062 -0.068532
-0.3044 -0.065656
-0.3027 -0.063325
-0.3008 -0.061471
-0.3049 -0.107036
-0.3111 -0.102076
-0.3157 -0.098284
-0.3191 -0.095430
-0.3216 -0.093256
-0.3230 -0.085527
-0.3230 -0.078722
-0.3219 -0.073466
-0.3201 -0.069366
-0.3178 -0.066154
-0.3152 -0.063639
-0.3124 -0.061679
-0.3094 -0.060168
-0.3064 -0.059024
-0.3032 -0.058187
-0.3001 -0.057614
-0.2968 -0.057275
-0.2934 -0.057147
-0.2898 -0.057217
-0.2859 -0.057472
-0.2818 -0.057904
-0.2774 -0.058502
-0.2724 -0.053599
-0.2655 -0.046114
-0.2570 -0.039914
-0.2470 -0.034698
-0.2358 -0.030260
-0.2234 -0.026456
-0.2097 -0.023184
-0.1946 -0.020368
-0.1776 -0.017954
-0.1581 -0.015903
-0.1532 -0.100157
-0.1482 -0.099354
-0.1426 -0.099032
-0.1364 -0.099102
-0.1303 -0.099397
-0.1247 -0.099747
-0.1199 -0.100020
-0.1164 -0.100112
-0.1144 -0.099937
-0.1142 -0.099408
-0.1162 -0.098431
-0.1206 -0.096906
-0.1278 -0.094738
-0.1380 -0.091869
-0.1512 -0.087998
-0.1654 -0.070512
-0.1786 -0.056552
-0.1909 -0.045433
-0.2019 -0.036587
-0.2117 -0.029545
-0.2204 -0.023934
-0.2279 -0.019453
-0.2342 -0.015867
-0.2395 -0.012987
-0.2437 -0.010668
