0.2858
0.2410
0.2255
0.2146
0.2100
0.2082
0.2078
0.2078
0.2081
0.2087
0.2081
0.2085
0.2084
0.2086
0.2084
0.2082
0.2088
0.2079
0.2081
0.2082
0.2085
0.2085
0.2083
0.2083
0.2080
0.2083
0.2083
0.2086
0.2082
0.2083
0.2083
0.2084
0.2084
0.2083
0.2084
0.2086
0.2087
0.2081
0.2086
0.2091
0.2077
0.2082
0.2084
0.2083
0.2083
0.2084
0.2084
0.2084
0.2086
0.2080
0.2082
0.2085
0.2083
0.2084
0.2077
0.2084
0.2079
0.2083
0.2079
0.2084
0.2086
0.2082
0.2083
0.2085
0.2080
0.2083
0.2085
0.2085
0.2088
0.2087
0.2084
0.2080
0.2085
0.2081
0.2082
0.2084
0.2086
0.2083
0.2086
0.2082
0.2082
0.2083
0.2081
0.2085
0.2085
0.2084
0.2080
0.2082
0.2086
0.2087
0.2081
0.2081
0.2081
0.2086
0.2082
0.2086
0.2088
0.2085
0.2082
0.2084
0.2084
0.2080
0.2086
0.2087
0.2085
0.2087
0.2082
0.2082
0.2084
0.2080
0.2087
0.2084
0.2081
0.2083
0.2086
0.2085
0.2084
0.2086
0.2086
0.2081
0.2080
0.2081
0.2084
0.2082
0.2081
