-0.3227 0.000019
-0.3187 0.000016
-0.3155 0.000013
-0.3133 0.000011
-0.3120 0.000009
-0.3116 0.000007
-0.3121 0.000006
-0.3135 0.000005
-0.3156 0.000004
-0.3185 0.000003
-0.3219 0.000003
-0.3259 0.000002
-0.3302 0.000002
-0.3349 0.000002
-0.3395 0.000001
-0.3439 0.000001
-0.3478 0.000001
-0.3509 0.000001
-0.3532 0.000001
-0.3546 0.000001
-0.3551 0.000000
-0.3549 0.000000
-0.3540 0.000000
-0.3524 0.000000
-0.3503 0.000000
-0.3479 0.000000
-0.3452 0.000000
-0.3421 0.000000
-0.3385 0.000000
-0.3341 0.000000
-0.3289 0.000000
-0.3229 0.000000
-0.3162 0.000000
-0.3090 0.000000
-0.3015 0.000000
-0.2939 0.000000
-0.2865 0.000000
-0.2791 0.069827
-0.2591 0.064829
-0.2408 0.060237
-0.2237 0.055972
-0.2075 0.051916
-0.1914 0.047885
-0.1745 0.043662
-0.1559 0.039013
-0.1343 0.033636
-0.1079 0.027050
-0.0731 0.018368
-0.0231 0.005934
0.0496 -0.012186
0.1353 -0.033618
0.2058 -0.051302
0.2497 -0.062352
0.2674 -0.133711
0.2627 -0.131403
0.2515 -0.125824
0.2369 -0.118513
0.2166 -0.156852
0.1947 -0.133451
0.1764 -0.115268
0.1603 -0.100473
0.1454 -0.087958
0.1312 -0.077011
0.1174 -0.067133
0.1035 -0.057949
0.0894 -0.049142
0.0746 -0.040416
0.0588 -0.031443
0.0412 -0.021822
0.0201 -0.015698
-0.0051 0.003720
-0.0352 0.026701
-0.0713 0.054115
-0.1123 0.085089
-0.1536 0.116249
-0.1900 0.143606
-0.2190 0.158535
-0.2415 0.165543
-0.2584 0.168849
-0.2707 0.166564
-0.2809 0.155043
-0.2897 0.144747
-0.2971 0.135641
-0.3034 0.127658
-0.3086 0.120707
-0.3127 0.114688
-0.3160 0.109497
-0.3185 0.105032
-0.3204 0.097226
-0.3236 0.081195
-0.3282 0.068089
-0.3337 0.057234
-0.3397 0.048165
-0.3459 0.040549
-0.3521 0.034135
-0.3584 0.028724
-0.3645 0.024157
-0.3705 0.020301
-0.3762 0.017044
-0.3816 0.014294
-0.3867 0.011975
-0.3914 0.010021
-0.3958 0.008379
-0.3999 0.007001
-0.4040 0.005847
-0.4080 0.004882
-0.4120 0.004077
-0.4162 0.003405
-0.4206 0.002845
-0.4253 0.002378
-0.4301 0.001989
-0.4352 0.001664
-0.4404 0.001392
-0.4457 0.001165
-0.4510 0.000974
-0.4562 0.000815
-0.4612 0.000681
-0.4660 0.000569
-0.4703 0.000475
-0.4742 0.000396
-0.4775 0.000330
-0.4801 0.000274
-0.4818 0.000227
-0.4827 0.000188
-0.4827 0.000156
-0.4819 0.000129
-0.4803 0.000106
-0.4779 0.000087
-0.4750 0.000072
-0.4714 0.000059
-0.4673 0.000048
-0.4628 0.000039
-0.4579 0.000032
-0.4526 0.000026
-0.4472 0.000022
-0.4416 0.000018
-0.4360 0.000014
-0.4305 0.000012
-0.4250 0.000010
-0.4196 0.000008
-0.4142 0.000006
-0.4085 0.000005
-0.4026 0.000004
-0.3963 0.000003
-0.3896 0.000003
-0.3823 0.000002
-0.3744 0.000002
-0.3655 0.000001
-0.3556 0.000001
-0.3448 0.000001
-0.3333 0.000001
-0.3213 0.000001
-0.3089 0.000000
-0.2964 0.000000
-0.2837 0.000000
-0.2708 0.067768
-0.2454 0.061414
-0.2210 0.055312
-0.1968 0.049270
-0.1719 0.043029
-0.1445 0.036207
-0.1123 0.028165
-0.0697 0.035135
-0.0062 0.003464
0.0797 -0.039378
0.1623 -0.121211
0.2153 -0.161147
0.2419 -0.181304
0.2417 -0.241720
0.2321 -0.232263
0.2190 -0.219181
0.2044 -0.204523
0.1893 -0.189412
0.1743 -0.174415
0.1596 -0.159777
0.1454 -0.145564
0.1316 -0.131738
0.1181 -0.118207
0.1049 -0.101788
0.0924 -0.086146
0.0800 -0.072065
0.0672 -0.058824
0.0536 -0.045830
0.0388 -0.032516
0.0221 -0.017619
0.0028 -0.002128
-0.0208 0.012935
-0.0509 0.028478
-0.0890 0.045059
-0.1340 0.057846
-0.1819 0.064975
-0.2270 0.067098
-0.2660 0.065059
-0.2983 0.060343
-0.3245 0.054274
-0.3454 0.047778
-0.3621 0.041421
-0.3755 0.035513
-0.3861 0.030198
-0.3946 0.025521
-0.4015 0.021468
-0.4070 0.017995
-0.4115 0.015044
-0.4153 0.012552
-0.4185 0.010458
-0.4213 0.008704
-0.4238 0.007240
-0.4262 0.006020
-0.4285 0.005004
-0.4308 0.004160
-0.4331 0.003458
-0.4354 0.002874
-0.4378 0.002390
-0.4403 0.001987
-0.4428 0.001652
-0.4453 0.001374
-0.4479 0.001142
-0.4505 0.000950
-0.4533 0.000790
-0.4561 0.000658
-0.4591 0.000547
-0.4623 0.000456
-0.4656 0.000379
-0.4691 0.000316
-0.4726 0.000263
-0.4756 0.000219
-0.4770 0.000182
-0.4762 0.000150
-0.4726 0.000123
-0.4665 0.000100
-0.4582 0.000082
-0.4482 0.000066
-0.4370 0.000053
-0.4250 0.000043
-0.4127 0.000034
-0.4003 0.000028
-0.3882 0.000022
-0.3764 0.000018
-0.3654 0.000014
-0.3550 0.000011
-0.3456 0.000009
-0.3371 0.000007
-0.3297 0.000006
-0.3233 0.000005
-0.3180 0.000004
-0.3138 0.000003
-0.3108 0.000003
-0.3088 0.000002
-0.3078 0.000002
-0.3076 0.000001
-0.3079 0.000001
-0.3087 0.000001
-0.3097 0.000001
-0.3108 0.000001
-0.3120 0.000001
-0.3133 0.000000
-0.3145 0.000000
-0.3157 0.000000
-0.3169 0.000000
-0.3180 0.000000
-0.3191 0.000000
-0.3201 0.000000
-0.3209 0.000000
-0.3215 0.000000
-0.3217 0.000000
-0.3213 0.000000
-0.3201 0.000000
-0.3177 0.000000
-0.3141 0.000000
-0.3095 0.000000
-0.3038 0.000000
-0.2973 0.000000
-0.2901 0.000000
-0.2763 0.069120
-0.2552 0.063851
-0.2316 0.115962
-0.2006 0.100433
-0.1697 0.085030
-0.1370 0.068678
-0.0990 0.049715
-0.0498 0.025210
0.0192 -0.009212
0.1063 -0.052696
0.1836 -0.091490
0.2335 -0.116569
0.2582 -0.129020
0.2650 -0.132511
0.2524 -0.189453
0.2347 -0.176166
0.2168 -0.162730
0.1993 -0.149613
0.1825 -0.137006
0.1664 -0.124946
0.1468 -0.147052
0.1279 -0.122755
0.1118 -0.103215
0.0970 -0.086691
0.0828 -0.071949
0.0687 -0.055769
0.0545 -0.041295
0.0392 -0.028000
0.0219 -0.014938
0.0016 -0.001165
-0.0235 0.014361
-0.0549 0.032666
-0.0934 0.054110
-0.1366 0.077314
-0.1791 0.099330
-0.2157 0.117665
-0.2454 0.122282
-0.2691 0.122561
-0.2876 0.120782
-0.3018 0.117874
-0.3125 0.112552
-0.3221 0.095893
-0.3312 0.081544
-0.3398 0.069172
-0.3477 0.058519
-0.3548 0.049372
-0.3611 0.041546
-0.3666 0.034876
-0.3713 0.029211
-0.3754 0.024419
-0.3789 0.020376
-0.3818 0.016976
-0.3841 0.014123
-0.3860 0.011734
-0.3874 0.009738
-0.3885 0.008073
-0.3892 0.006687
-0.3896 0.005534
-0.3897 0.004578
-0.3897 0.003785
-0.3896 0.003128
-0.3893 0.002584
-0.3890 0.002135
-0.3886 0.001764
-0.3883 0.001457
-0.3881 0.001204
-0.3880 0.000995
-0.3880 0.000823
-0.3882 0.000681
-0.3884 0.000563
-0.3888 0.000466
-0.3893 0.000386
-0.3898 0.000319
-0.3904 0.000265
-0.3910 0.000219
-0.3917 0.000181
-0.3925 0.000150
-0.3932 0.000125
-0.3936 0.000103
-0.3932 0.000085
-0.3916 0.000070
-0.3885 0.000057
-0.3840 0.000047
-0.3782 0.000038
-0.3713 0.000031
-0.3637 0.000025
-0.3555 0.000020
-0.3471 0.000016
-0.3386 0.000013
-0.3302 0.000011
-0.3221 0.000009
-0.3144 0.000007
-0.3072 0.000006
-0.3007 0.000005
-0.2949 0.000004
-0.2898 0.000003
-0.2854 0.000002
-0.2817 0.000002
-0.2786 0.000002
-0.2761 0.000001
-0.2742 0.000001
-0.2727 0.000001
-0.2716 0.000001
-0.2708 0.000001
-0.2703 0.000001
-0.2698 0.000000
-0.2690 0.000000
-0.2678 0.000000
-0.2660 0.000000
-0.2522 0.063076
-0.2368 0.059226
-0.2212 0.055340
-0.2052 0.051352
-0.1885 0.047160
-0.1703 0.042628
-0.1500 0.037558
-0.1262 0.031625
-0.0966 0.024238
-0.0557 0.028122
0.0049 -0.002117
0.0842 -0.041688
0.1608 -0.080064
0.2139 -0.106730
0.2342 -0.175573
0.2376 -0.178202
0.2318 -0.173937
0.2209 -0.165802
0.2075 -0.155699
0.1928 -0.144748
0.1779 -0.133562
0.1631 -0.121681
0.1493 -0.105003
0.1363 -0.091112
0.1238 -0.079141
0.1113 -0.068495
0.0986 -0.058734
0.0852 -0.070757
0.0676 -0.055242
0.0496 -0.040040
0.0304 -0.024272
0.0087 -0.006746
-0.0169 0.011822
-0.0482 0.032327
-0.0864 0.053825
-0.1304 0.072892
-0.1755 0.088785
-0.2164 0.099933
-0.2503 0.106435
-0.2768 0.109357
-0.2970 0.109878
-0.3119 0.108930
-0.3227 0.107161
-0.3303 0.104983
-0.3353 0.102648
-0.3384 0.100301
-0.3399 0.098023
-0.3402 0.095853
-0.3409 0.080205
-0.3429 0.066720
-0.3459 0.055636
-0.3492 0.046447
-0.3528 0.038789
-0.3562 0.032388
-0.3596 0.027030
-0.3627 0.022542
-0.3655 0.018784
-0.3681 0.015639
-0.3703 0.013011
-0.3723 0.010815
-0.3741 0.008984
-0.3756 0.007459
-0.3770 0.006189
-0.3782 0.005134
-0.3793 0.004257
-0.3804 0.003530
-0.3814 0.002927
-0.3825 0.002426
-0.3835 0.002012
-0.3846 0.001668
-0.3857 0.001383
-0.3868 0.001147
-0.3879 0.000951
-0.3891 0.000789
-0.3904 0.000654
-0.3919 0.000543
-0.3934 0.000451
-0.3951 0.000374
-0.3969 0.000311
-0.3988 0.000258
-0.4004 0.000214
-0.4010 0.000177
-0.3999 0.000146
-0.3966 0.000120
-0.3913 0.000098
-0.3842 0.000079
-0.3757 0.000064
-0.3663 0.000052
-0.3564 0.000042
-0.3463 0.000033
-0.3362 0.000027
-0.3261 0.000022
-0.3163 0.000017
-0.3066 0.000014
-0.2971 0.000011
-0.2877 0.000009
-0.2786 0.000007
-0.2696 0.000006
-0.2490 0.062301
-0.2284 0.057156
-0.2084 0.052157
-0.1884 0.047143
-0.1674 0.041898
-0.1442 0.036123
-0.1171 0.029341
-0.0824 0.020702
-0.0338 0.008607
0.0374 -0.009150
0.1255 -0.031161
0.2012 -0.050143
0.2347 -0.175887
0.2441 -0.183041
0.2416 -0.181244
0.2322 -0.174264
0.2193 -0.164545
0.2046 -0.153565
0.1894 -0.142160
0.1742 -0.130763
0.1593 -0.119566
0.1447 -0.108011
0.1310 -0.092235
0.1182 -0.079026
0.1056 -0.067533
0.0890 -0.077137
0.0724 -0.061344
0.0557 -0.046300
0.0380 -0.031135
0.0184 -0.014974
-0.0042 0.003179
-0.0314 0.024441
-0.0640 0.049686
-0.1020 0.074469
-0.1434 0.092853
-0.1841 0.106596
-0.2202 0.115015
-0.2501 0.118866
-0.2737 0.119467
-0.2920 0.118035
-0.3059 0.115471
-0.3161 0.112373
-0.3236 0.109109
-0.3287 0.105894
-0.3322 0.100366
-0.3360 0.083927
-0.3406 0.070350
-0.3457 0.059026
-0.3508 0.049526
-0.3558 0.041534
-0.3606 0.034803
-0.3651 0.029135
-0.3693 0.024366
-0.3731 0.020357
-0.3767 0.016991
-0.3799 0.014169
-0.3828 0.011806
-0.3855 0.009829
-0.3880 0.008179
-0.3902 0.006801
-0.3923 0.005653
-0.3942 0.004697
-0.3960 0.003901
-0.3977 0.003240
-0.3993 0.002690
-0.4009 0.002232
-0.4024 0.001853
-0.4038 0.001537
-0.4052 0.001275
-0.4066 0.001058
-0.4080 0.000878
-0.4093 0.000728
-0.4106 0.000604
-0.4119 0.000501
-0.4131 0.000415
-0.4143 0.000344
-0.4153 0.000286
-0.4163 0.000237
-0.4171 0.000196
-0.4177 0.000162
-0.4182 0.000134
-0.4184 0.000111
-0.4180 0.000092
-0.4164 0.000076
-0.4132 0.000062
-0.4082 0.000051
-0.4016 0.000041
-0.3937 0.000033
-0.3848 0.000027
-0.3752 0.000022
-0.3651 0.000018
-0.3547 0.000014
-0.3442 0.000011
-0.3337 0.000009
-0.3233 0.000007
-0.3132 0.000006
-0.3033 0.000005
-0.2938 0.000004
-0.2847 0.000003
-0.2760 0.000002
-0.2676 0.000002
-0.2594 0.000002
-0.2513 0.000001
-0.2431 0.000001
-0.2327 0.058219
-0.2128 0.053244
-0.1928 0.048253
-0.1721 0.043069
-0.1495 0.037433
-0.1234 0.030922
-0.0908 0.022788
-0.0459 0.011622
0.0200 -0.004806
0.1067 -0.026459
0.1852 -0.092314
0.2315 -0.115579
0.2447 -0.183459
0.2440 -0.183072
0.2357 -0.176882
0.2233 -0.167557
0.2088 -0.156729
0.1936 -0.145339
0.1784 -0.133888
0.1633 -0.122611
0.1486 -0.111585
0.1307 -0.130899
0.1122 -0.112231
0.0958 -0.091660
0.0806 -0.074239
0.0656 -0.058563
0.0502 -0.043637
0.0337 -0.028625
0.0151 -0.012687
-0.0065 0.005126
-0.0324 0.025867
-0.0637 0.049999
-0.1003 0.073851
-0.1400 0.094896
-0.1792 0.108289
-0.2146 0.116535
-0.2443 0.120280
-0.2681 0.120769
-0.2866 0.119200
-0.3008 0.116477
-0.3115 0.113213
-0.3202 0.098911
-0.3287 0.083965
-0.3369 0.071154
-0.3446 0.060167
-0.3516 0.050760
-0.3579 0.042725
-0.3635 0.035883
-0.3685 0.030076
-0.3729 0.025162
-0.3767 0.021017
-0.3800 0.017530
-0.3829 0.014604
-0.3854 0.012154
-0.3876 0.010107
-0.3896 0.008400
-0.3915 0.006979
-0.3933 0.005797
-0.3952 0.004815
-0.3970 0.004000
-0.3990 0.003324
-0.4011 0.002763
-0.4034 0.002297
-0.4059 0.001911
-0.4086 0.001591
-0.4115 0.001324
-0.4146 0.001103
-0.4178 0.000919
-0.4211 0.000766
-0.4245 0.000638
-0.4278 0.000532
-0.4310 0.000443
-0.4340 0.000369
-0.4368 0.000307
-0.4394 0.000255
-0.4416 0.000212
-0.4433 0.000176
-0.4441 0.000146
-0.4432 0.000120
-0.4403 0.000099
-0.4350 0.000081
-0.4277 0.000066
-0.4186 0.000053
-0.4081 0.000043
-0.3967 0.000034
-0.3848 0.000028
-0.3728 0.000022
-0.3609 0.000018
-0.3494 0.000014
-0.3384 0.000011
-0.3279 0.000009
-0.3181 0.000007
-0.3090 0.000006
-0.3005 0.000005
-0.2927 0.000004
-0.2855 0.000003
-0.2790 0.000002
-0.2731 0.000002
-0.2677 0.000002
-0.2630 0.000001
-0.2588 0.000001
-0.2553 0.000001
-0.2523 0.000001
-0.2500 0.000001
-0.2482 0.000000
-0.2469 0.000000
-0.2461 0.000000
-0.2454 0.000000
-0.2445 0.000000
-0.2431 0.000000
-0.2410 0.000000
-0.2381 0.000000
-0.2272 0.056836
-0.2115 0.052906
-0.1952 0.048836
-0.1780 0.044536
-0.1593 0.039864
-0.1381 0.034578
-0.1128 0.028259
-0.0756 0.038007
-0.0242 0.012397
0.0468 -0.023017
0.1272 -0.063200
0.1913 -0.095410
0.2300 -0.114870
0.2475 -0.123683
0.2503 -0.125177
0.2441 -0.122098
0.2237 -0.167953
0.2043 -0.153336
0.1862 -0.139792
0.1666 -0.166805
0.1452 -0.145352
0.1268 -0.125924
0.1109 -0.105466
0.0964 -0.088393
0.0826 -0.073342
0.0687 -0.059403
0.0542 -0.045873
0.0387 -0.032110
0.0212 -0.017427
0.0010 -0.000976
-0.0232 0.016693
-0.0533 0.036394
-0.0898 0.058582
-0.1310 0.082043
-0.1721 0.104042
-0.2083 0.122197
-0.2374 0.135726
-0.2593 0.145059
-0.2762 0.136502
-0.2916 0.119163
-0.3060 0.103395
-0.3193 0.089198
-0.3314 0.076545
-0.3423 0.065374
-0.3520 0.055598
-0.3607 0.047107
-0.3685 0.039783
-0.3753 0.033504
-0.3813 0.028147
-0.3867 0.023599
-0.3914 0.019752
-0.3957 0.016509
-0.3995 0.013782
-0.4030 0.011495
-0.4062 0.009579
-0.4090 0.007976
-0.4115 0.006634
-0.4135 0.005512
-0.4150 0.004574
-0.4159 0.003790
-0.4163 0.003136
-0.4158 0.002591
-0.4145 0.002135
-0.4121 0.001755
-0.4086 0.001439
-0.4041 0.001177
-0.3987 0.000960
-0.3925 0.000781
-0.3860 0.000635
-0.3792 0.000516
-0.3723 0.000419
-0.3657 0.000340
-0.3593 0.000276
-0.3533 0.000225
-0.3477 0.000183
-0.3425 0.000149
-0.3378 0.000121
-0.3337 0.000099
-0.3300 0.000081
-0.3269 0.000066
-0.3245 0.000054
-0.3227 0.000045
-0.3217 0.000037
-0.3215 0.000031
-0.3221 0.000025
-0.3236 0.000021
-0.3260 0.000017
-0.3292 0.000015
-0.3334 0.000012
-0.3383 0.000010
-0.3439 0.000009
-0.3500 0.000007
-0.3564 0.000006
-0.3630 0.000005
-0.3693 0.000004
-0.3751 0.000004
-0.3801 0.000003
-0.3841 0.000003
-0.3870 0.000002
-0.3886 0.000002
-0.3890 0.000001
-0.3882 0.000001
-0.3862 0.000001
-0.3830 0.000001
-0.3786 0.000001
-0.3730 0.000001
-0.3664 0.000000
-0.3589 0.000000
-0.3507 0.000000
-0.3421 0.000000
-0.3331 0.000000
-0.3240 0.000000
-0.3147 0.000000
-0.3053 0.000000
-0.2957 0.000000
-0.2860 0.000000
-0.2646 0.066208
-0.2422 0.060606
-0.2204 0.055160
-0.1933 0.096830
-0.1610 0.080650
-0.1259 0.063148
-0.0840 0.042229
-0.0277 0.014196
0.0509 -0.025019
0.1394 -0.069305
0.2081 -0.103793
0.2483 -0.124031
0.2657 -0.132823
0.2577 -0.193387
0.2441 -0.183192
0.2282 -0.171307
0.2116 -0.158852
0.1951 -0.146428
0.1789 -0.134315
0.1633 -0.122608
0.1482 -0.111295
0.1336 -0.100303
0.1193 -0.087155
0.1059 -0.073113
0.0916 -0.083251
0.0747 -0.062769
0.0584 -0.045638
0.0414 -0.030395
0.0226 -0.015780
0.0008 -0.000655
-0.0259 0.016156
-0.0591 0.035718
-0.0992 0.058213
-0.1431 0.081889
-0.1851 0.103653
-0.2211 0.114119
-0.2507 0.117851
-0.2739 0.118370
-0.2918 0.116891
-0.3051 0.114300
-0.3149 0.111184
-0.3219 0.107899
-0.3266 0.104651
-0.3294 0.101550
-0.3311 0.092224
-0.3337 0.076852
-0.3371 0.064189
-0.3408 0.053660
-0.3446 0.044857
-0.3482 0.037476
-0.3515 0.031281
-0.3545 0.026079
-0.3570 0.021715
-0.3590 0.018057
-0.3606 0.014996
-0.3617 0.012439
-0.3625 0.010307
-0.3630 0.008534
-0.3633 0.007061
-0.3635 0.005840
-0.3635 0.004830
-0.3637 0.003995
-0.3639 0.003305
-0.3643 0.002736
-0.3649 0.002266
-0.3658 0.001878
-0.3670 0.001558
-0.3685 0.001293
-0.3702 0.001074
-0.3718 0.000892
-0.3732 0.000740
-0.3741 0.000614
-0.3743 0.000508
-0.3739 0.000419
-0.3726 0.000345
-0.3707 0.000284
-0.3681 0.000233
-0.3651 0.000191
-0.3618 0.000157
-0.3584 0.000128
-0.3551 0.000105
-0.3521 0.000086
-0.3495 0.000071
-0.3474 0.000058
-0.3457 0.000048
-0.3441 0.000039
-0.3419 0.000032
-0.3388 0.000027
-0.3346 0.000022
-0.3293 0.000018
-0.3230 0.000014
-0.3160 0.000012
-0.3085 0.000009
-0.3008 0.000008
-0.2912 0.072858
-0.2699 0.067533
-0.2502 0.062601
-0.2317 0.057968
-0.2139 0.053512
-0.1961 0.049076
-0.1777 0.044477
-0.1554 0.077855
-0.1244 0.062379
-0.0873 0.043868
-0.0382 0.019389
0.0306 -0.014901
0.1137 -0.056451
0.1847 -0.092056
0.2295 -0.114600
0.2512 -0.125535
0.2566 -0.128307
0.2498 -0.187489
0.2300 -0.172669
0.2112 -0.158525
0.1934 -0.145148
0.1693 -0.169155
0.1500 -0.143362
0.1338 -0.123144
0.1194 -0.106344
0.1058 -0.091693
0.0925 -0.078377
0.0793 -0.064840
0.0660 -0.050364
0.0522 -0.037472
0.0371 -0.025278
0.0198 -0.012978
-0.0007 0.000291
-0.0261 0.015518
-0.0580 0.033667
-0.0970 0.054977
-0.1403 0.077921
-0.1823 0.099528
-0.2181 0.117420
-0.2461 0.129262
-0.2678 0.127926
-0.2857 0.114548
-0.3015 0.099971
-0.3155 0.086483
-0.3276 0.074262
-0.3381 0.063369
-0.3471 0.053785
-0.3546 0.045443
-0.3610 0.038246
-0.3662 0.032082
-0.3705 0.026836
-0.3739 0.022395
-0.3766 0.018652
-0.3788 0.015508
-0.3804 0.012877
-0.3816 0.010681
-0.3824 0.008851
-0.3831 0.007330
-0.3835 0.006068
-0.3839 0.005022
-0.3843 0.004156
-0.3846 0.003439
-0.3849 0.002846
-0.3851 0.002354
-0.3850 0.001946
-0.3846 0.001607
-0.3837 0.001326
-0.3825 0.001093
-0.3808 0.000900
-0.3788 0.000740
-0.3766 0.000608
-0.3743 0.000500
-0.3719 0.000411
-0.3697 0.000337
-0.3677 0.000277
-0.3661 0.000228
-0.3649 0.000188
-0.3643 0.000155
-0.3644 0.000128
-0.3650 0.000106
-0.3659 0.000088
-0.3666 0.000073
-0.3662 0.000060
-0.3644 0.000050
-0.3608 0.000041
-0.3557 0.000033
-0.3493 0.000027
-0.3418 0.000022
-0.3337 0.000018
-0.3252 0.000014
-0.3166 0.000011
-0.3080 0.000009
-0.2983 0.074633
-0.2762 0.069112
-0.2559 0.064032
