0.8913
0.9425
0.9702
0.9852
0.9865
0.9857
0.9857
0.9860
0.9857
0.9858
0.9856
0.9855
0.9856
0.9857
0.9856
0.9856
0.9856
0.9855
0.9859
0.9859
0.9858
0.9856
0.9859
0.9857
0.9856
0.9856
0.9858
0.9859
0.9856
0.9858
0.9857
0.9858
0.9859
0.9854
0.9856
0.9856
0.9858
0.9857
0.9858
0.9856
0.9857
0.9858
0.9859
0.9858
0.9856
0.9859
0.9858
0.9855
0.9857
0.9859
0.9861
0.9856
0.9858
0.9859
0.9859
0.9856
0.9857
0.9858
0.9858
0.9858
0.9856
0.9857
0.9856
0.9857
0.9858
0.9857
0.9857
0.9857
0.9860
0.9859
0.9857
0.9857
0.9857
0.9858
0.9857
0.9859
0.9856
0.9858
0.9858
0.9858
0.9860
0.9858
0.9859
0.9859
0.9858
0.9858
0.9858
0.9857
0.9858
0.9859
0.9858
0.9855
0.9859
0.9859
0.9858
0.9858
0.9859
0.9858
0.9859
0.9858
0.9860
0.9856
0.9857
0.9857
0.9857
0.9856
0.9859
0.9858
0.9855
0.9861
0.9856
0.9859
0.9860
0.9858
0.9859
0.9855
0.9857
0.9858
0.9855
0.9857
