-0.1374 -0.044482
-0.2085 -0.029581
-0.2703 -0.019267
-0.3188 -0.012567
-0.3548 -0.008324
-0.3807 -0.005653
-0.3989 -0.003961
-0.4113 -0.002873
-0.4193 -0.002159
-0.4242 -0.001677
-0.4266 -0.001342
-0.4272 -0.001100
-0.4264 -0.000920
-0.4244 -0.000781
-0.4216 -0.000670
-0.4179 -0.000580
-0.4136 -0.000504
-0.4087 -0.000441
-0.4033 -0.000386
-0.3973 -0.000339
-0.3909 -0.000298
-0.3841 -0.000261
-0.3768 -0.000230
-0.3691 -0.000202
-0.3611 -0.000177
-0.3527 -0.000155
-0.3441 -0.000136
-0.3353 -0.000119
-0.3265 -0.000103
-0.3178 -0.000090
-0.3093 -0.000078
-0.3015 -0.000067
-0.2945 -0.000057
-0.2885 -0.000049
-0.2835 -0.000041
-0.2793 -0.000035
-0.2759 -0.000029
-0.2731 -0.000024
-0.2707 -0.000020
-0.2687 -0.000017
-0.2668 -0.000014
-0.2650 -0.000012
-0.2632 -0.000010
-0.2614 -0.000008
-0.2595 -0.000007
-0.2575 -0.000006
-0.2554 -0.000005
-0.2531 -0.000004
-0.2507 -0.000003
-0.2482 -0.000003
-0.2456 -0.000002
-0.2429 -0.000002
-0.2400 -0.000002
-0.2370 -0.000001
-0.2338 -0.000001
-0.2305 -0.000001
-0.2270 -0.000001
-0.2235 -0.000001
-0.2199 -0.000001
-0.2225 -0.034692
-0.2261 -0.034241
-0.2298 -0.033779
-0.2335 -0.033315
-0.2372 -0.032857
-0.2408 -0.032408
-0.2443 -0.031967
-0.2478 -0.031525
-0.2514 -0.031077
-0.2551 -0.030620
-0.2588 -0.030157
-0.2624 -0.029699
-0.2660 -0.029256
-0.2693 -0.028842
-0.2723 -0.028463
-0.2750 -0.027972
-0.2769 -0.023162
-0.2778 -0.019271
-0.2777 -0.016097
-0.2769 -0.013490
-0.2756 -0.011335
-0.2737 -0.009545
-0.2713 -0.008054
-0.2685 -0.006808
-0.2653 -0.005765
-0.2617 -0.004889
-0.2577 -0.004152
-0.2532 -0.003531
-0.2484 -0.003007
-0.2432 -0.002563
-0.2376 -0.002187
-0.2317 -0.001867
-0.2254 -0.001596
-0.2189 -0.001364
-0.2120 -0.001167
-0.2048 -0.000999
-0.1971 -0.000856
-0.1889 -0.000734
-0.1800 -0.000631
-0.1702 -0.000543
-0.1592 -0.000469
-0.1463 -0.000406
-0.1309 -0.000354
-0.1116 -0.000311
-0.0860 -0.000277
-0.0495 -0.000251
0.0058 -0.000236
0.0844 -0.000227
0.1673 -0.000217
0.2299 -0.000198
0.2666 -0.000174
0.2818 -0.000148
0.2818 -0.000124
0.2719 -0.000102
0.2565 -0.000084
0.2382 -0.000068
0.2189 -0.000055
0.1995 -0.000045
0.1805 -0.000037
0.1619 -0.000030
0.1437 -0.000024
0.1258 -0.000020
0.1077 -0.000016
0.0890 -0.000013
0.0689 -0.000010
0.0463 -0.000008
0.0194 -0.000007
-0.0153 -0.000005
-0.0623 -0.000004
-0.1237 -0.000003
-0.1921 -0.000002
-0.2549 -0.000001
-0.3059 -0.000001
-0.3447 -0.000001
-0.3734 -0.000000
-0.3942 -0.000000
-0.4090 -0.000000
-0.4191 -0.000000
-0.4257 -0.000000
-0.4295 -0.000000
-0.4312 -0.000000
-0.4311 -0.000000
-0.4296 -0.000000
-0.4270 -0.000000
-0.4235 -0.000000
-0.4191 -0.000000
-0.4140 -0.000000
-0.4084 -0.000000
-0.4022 -0.000000
-0.3955 -0.000000
-0.3883 -0.000000
-0.3806 -0.000000
-0.3726 -0.000000
-0.3642 -0.000000
-0.3560 -0.000000
-0.3485 -0.000000
-0.3418 -0.000000
-0.3363 -0.000000
-0.3316 -0.000000
-0.3301 -0.021243
-0.3305 -0.021194
-0.3308 -0.021151
-0.3310 -0.021125
-0.3311 -0.021118
-0.3310 -0.021131
-0.3307 -0.021164
-0.3302 -0.021221
-0.3296 -0.021304
-0.3287 -0.021416
-0.3276 -0.021554
-0.3263 -0.021716
-0.3248 -0.021899
-0.3232 -0.022102
-0.3214 -0.022321
-0.3195 -0.022554
-0.3176 -0.022802
-0.3155 -0.023063
-0.3132 -0.021223
-0.3102 -0.018010
-0.3065 -0.015327
-0.3025 -0.013067
-0.3025 -0.035608
-0.3024 -0.033814
-0.3020 -0.032378
-0.3013 -0.031226
-0.3005 -0.030305
-0.2995 -0.029568
-0.2984 -0.028982
-0.2972 -0.028518
-0.2961 -0.028155
-0.2949 -0.027876
-0.2937 -0.027668
-0.2925 -0.027520
-0.2912 -0.027425
-0.2899 -0.027376
-0.2885 -0.027368
-0.2871 -0.027399
-0.2856 -0.027464
-0.2840 -0.027561
-0.2822 -0.027689
-0.2804 -0.027844
-0.2781 -0.024106
-0.2749 -0.020224
-0.2708 -0.017024
-0.2661 -0.014368
-0.2608 -0.012152
-0.2549 -0.010295
-0.2485 -0.008735
-0.2416 -0.007422
-0.2342 -0.006314
-0.2262 -0.005379
-0.2175 -0.004588
-0.2082 -0.003918
-0.1982 -0.003352
-0.1872 -0.002873
-0.1750 -0.002468
-0.1625 -0.044293
-0.1561 -0.044759
-0.1491 -0.045358
-0.1413 -0.046102
-0.1327 -0.046983
-0.1235 -0.047966
-0.1138 -0.049034
-0.1035 -0.050207
-0.0920 -0.051548
-0.0783 -0.053174
-0.0609 -0.055279
-0.0452 -0.114013
-0.0305 -0.117623
-0.0115 -0.122333
0.0134 -0.128507
0.0444 -0.136218
0.0787 -0.144775
0.1116 -0.142352
0.1389 -0.137380
0.1579 -0.131717
0.1684 -0.125538
0.1716 -0.119192
0.1692 -0.112979
0.1626 -0.107092
0.1532 -0.101625
0.1416 -0.096601
0.1286 -0.091991
0.1142 -0.087736
0.0986 -0.083751
0.0815 -0.077739
0.0638 -0.062948
0.0451 -0.050828
0.0237 -0.040787
-0.0027 -0.032349
-0.0376 -0.025126
-0.0848 -0.018850
-0.1438 -0.013513
-0.2060 -0.009318
-0.2615 -0.006312
-0.3062 -0.004284
-0.3400 -0.002952
-0.3646 -0.002086
-0.3818 -0.001520
-0.3931 -0.001148
-0.3999 -0.000897
-0.4032 -0.000724
-0.4038 -0.000601
-0.4025 -0.000509
-0.3996 -0.000437
-0.3957 -0.000380
-0.3910 -0.000331
-0.3858 -0.000290
-0.3802 -0.000254
-0.3744 -0.000222
-0.3685 -0.000194
-0.3624 -0.000170
-0.3563 -0.000148
-0.3503 -0.000129
-0.3441 -0.000112
-0.3380 -0.000097
-0.3324 -0.021036
-0.3301 -0.021310
-0.3274 -0.021628
-0.3247 -0.021959
-0.3224 -0.022240
-0.3209 -0.022422
-0.3203 -0.022493
-0.3205 -0.022469
-0.3212 -0.022376
-0.3222 -0.022244
-0.3233 -0.022105
-0.3243 -0.021978
-0.3251 -0.021878
-0.3256 -0.021814
-0.3258 -0.021787
-0.3256 -0.021801
-0.3252 -0.021852
-0.3245 -0.021940
-0.3235 -0.022062
-0.3223 -0.022216
-0.3205 -0.019282
-0.3180 -0.016335
-0.3147 -0.013885
-0.3110 -0.011830
-0.3069 -0.010093
-0.3026 -0.008616
-0.2982 -0.007356
-0.2937 -0.006279
-0.2893 -0.005357
-0.2849 -0.004568
-0.2805 -0.003892
-0.2761 -0.003315
-0.2718 -0.002821
-0.2676 -0.002400
-0.2633 -0.002041
-0.2590 -0.001736
-0.2547 -0.001476
-0.2503 -0.001254
-0.2459 -0.001066
-0.2415 -0.000906
-0.2371 -0.000769
-0.2328 -0.000653
-0.2287 -0.000554
-0.2248 -0.000469
-0.2210 -0.000397
-0.2175 -0.000336
-0.2141 -0.000284
-0.2155 -0.035802
-0.2199 -0.035215
-0.2245 -0.034601
-0.2293 -0.033974
-0.2342 -0.033341
-0.2391 -0.032707
-0.2440 -0.032075
-0.2489 -0.031450
-0.2537 -0.030837
-0.2584 -0.030246
-0.2628 -0.029684
-0.2670 -0.029159
-0.2708 -0.028677
-0.2742 -0.028244
-0.2772 -0.027866
-0.2798 -0.027546
-0.2818 -0.027287
-0.2834 -0.027091
-0.2844 -0.026959
-0.2849 -0.026891
-0.2849 -0.025021
-0.2836 -0.020810
-0.2811 -0.017404
-0.2775 -0.014624
-0.2730 -0.012336
-0.2709 -0.038926
-0.2702 -0.037265
-0.2684 -0.036055
-0.2659 -0.035199
-0.2632 -0.034563
-0.2610 -0.034027
-0.2595 -0.033519
-0.2588 -0.033010
-0.2590 -0.032494
-0.2598 -0.031979
-0.2610 -0.031474
-0.2626 -0.030991
-0.2644 -0.030537
-0.2662 -0.030119
-0.2679 -0.029743
-0.2695 -0.029414
-0.2737 -0.057073
-0.2800 -0.055404
-0.2854 -0.053974
-0.2899 -0.052779
-0.2937 -0.051794
-0.2967 -0.049053
-0.3004 -0.069292
-0.3060 -0.064238
-0.3104 -0.060247
-0.3138 -0.057076
-0.3166 -0.054531
-0.3188 -0.052464
-0.3206 -0.050772
-0.3220 -0.049391
-0.3232 -0.048277
-0.3239 -0.047394
-0.3244 -0.046711
-0.3246 -0.046201
-0.3245 -0.045838
-0.3241 -0.045602
-0.3236 -0.045476
-0.3227 -0.043279
-0.3210 -0.040179
-0.3186 -0.037743
-0.3156 -0.035836
-0.3122 -0.034354
-0.3084 -0.033217
-0.3041 -0.029763
-0.2990 -0.025511
-0.2930 -0.021934
-0.2865 -0.018898
-0.2794 -0.016304
-0.2719 -0.014078
-0.2640 -0.012163
-0.2558 -0.010513
-0.2472 -0.009087
-0.2385 -0.007852
-0.2297 -0.006778
-0.2210 -0.005843
-0.2124 -0.005030
-0.2040 -0.004324
-0.1956 -0.003713
-0.1873 -0.003186
-0.1787 -0.002734
-0.1697 -0.002347
-0.1600 -0.002018
-0.1491 -0.001739
-0.1364 -0.001505
-0.1209 -0.001310
-0.1010 -0.001151
-0.0736 -0.001027
-0.0329 -0.000939
0.0294 -0.000889
0.1121 -0.000859
0.1902 -0.000809
0.2446 -0.000729
0.2743 -0.000633
0.2847 -0.000536
0.2800 -0.097975
0.2534 -0.094570
0.2278 -0.091298
0.2036 -0.088211
0.1807 -0.085306
0.1590 -0.082553
0.1380 -0.079899
0.1172 -0.077280
0.0960 -0.074607
0.0733 -0.071762
0.0478 -0.068557
0.0167 -0.064678
-0.0240 -0.059595
-0.0797 -0.052638
-0.1501 -0.043840
-0.2227 -0.034756
-0.2849 -0.026958
-0.3332 -0.020905
-0.3688 -0.016438
-0.3942 -0.013250
-0.4118 -0.011050
-0.4232 -0.008103
-0.4299 -0.006112
-0.4332 -0.004816
-0.4340 -0.003932
-0.4330 -0.003297
-0.4308 -0.002815
-0.4278 -0.002430
-0.4241 -0.002111
-0.4199 -0.001842
-0.4154 -0.001609
-0.4105 -0.001407
-0.4053 -0.001231
-0.3998 -0.001076
-0.3942 -0.000940
-0.3884 -0.000820
-0.3824 -0.000714
-0.3763 -0.000621
-0.3702 -0.000539
-0.3639 -0.000467
-0.3576 -0.000404
-0.3511 -0.000349
-0.3446 -0.000302
-0.3395 -0.020314
-0.3363 -0.020676
-0.3326 -0.021104
-0.3285 -0.021586
-0.3244 -0.022082
-0.3205 -0.022545
-0.3172 -0.022943
-0.3144 -0.023270
-0.3123 -0.023529
-0.3106 -0.023733
-0.3092 -0.023896
-0.3114 -0.047190
-0.3145 -0.046407
-0.3172 -0.045732
-0.3194 -0.045169
-0.3212 -0.044708
-0.3227 -0.044339
-0.3239 -0.044048
-0.3247 -0.043830
-0.3253 -0.043678
-0.3257 -0.043589
-0.3258 -0.043361
-0.3253 -0.039907
-0.3241 -0.037185
-0.3223 -0.035036
-0.3200 -0.033345
-0.3173 -0.032025
-0.3143 -0.031013
-0.3110 -0.030256
-0.3070 -0.025796
-0.3022 -0.022081
-0.2967 -0.018952
-0.2907 -0.016292
-0.2845 -0.014012
-0.2782 -0.012046
-0.2719 -0.010343
-0.2659 -0.008868
-0.2600 -0.007592
-0.2543 -0.006490
-0.2489 -0.005540
-0.2435 -0.004725
-0.2383 -0.004027
-0.2331 -0.003430
-0.2279 -0.002920
-0.2226 -0.002486
-0.2171 -0.002117
-0.2115 -0.001804
-0.2055 -0.001538
-0.1990 -0.001312
-0.1921 -0.001121
-0.1845 -0.000959
-0.1761 -0.000822
-0.1666 -0.000707
-0.1559 -0.000609
-0.1433 -0.000527
-0.1281 -0.000459
-0.1090 -0.000403
-0.0835 -0.000359
-0.0471 -0.000326
0.0078 -0.000305
0.0850 -0.000293
0.1658 -0.000279
0.2267 -0.000254
0.2626 -0.000223
0.2781 -0.000190
0.2790 -0.000159
0.2704 -0.000131
0.2561 -0.000108
0.2389 -0.000088
0.2204 -0.000071
0.2016 -0.000058
0.1829 -0.000047
0.1646 -0.000038
0.1467 -0.000031
0.1289 -0.000025
0.1110 -0.000021
0.0925 -0.000017
0.0727 -0.000013
0.0505 -0.000011
0.0241 -0.000009
-0.0096 -0.000007
-0.0555 -0.000005
-0.1165 -0.000004
-0.1863 -0.000003
-0.2518 -0.000002
-0.3055 -0.000001
-0.3466 -0.000001
-0.3769 -0.000000
-0.3987 -0.000000
-0.4139 -0.000000
-0.4240 -0.000000
-0.4302 -0.000000
-0.4335 -0.000000
-0.4344 -0.000000
-0.4336 -0.000000
-0.4314 -0.000000
-0.4280 -0.000000
-0.4239 -0.000000
-0.4191 -0.000000
-0.4140 -0.000000
-0.4087 -0.000000
-0.4032 -0.000000
-0.3977 -0.000000
-0.3923 -0.000000
-0.3868 -0.000000
-0.3814 -0.000000
-0.3759 -0.000000
-0.3705 -0.000000
-0.3650 -0.000000
-0.3596 -0.000000
-0.3573 -0.017840
-0.3547 -0.018156
-0.3519 -0.018510
-0.3489 -0.018890
-0.3458 -0.019271
-0.3429 -0.019638
-0.3401 -0.019983
-0.3375 -0.020308
-0.3385 -0.040387
-0.3405 -0.059817
-0.3447 -0.058252
-0.3480 -0.057023
-0.3505 -0.056069
-0.3525 -0.055333
-0.3539 -0.054776
-0.3550 -0.054372
-0.3557 -0.054104
-0.3561 -0.053957
-0.3561 -0.052252
-0.3554 -0.049803
-0.3542 -0.047964
-0.3525 -0.046597
-0.3505 -0.045601
-0.3483 -0.044900
-0.3459 -0.044436
-0.3434 -0.043540
-0.3404 -0.040340
-0.3369 -0.037788
-0.3331 -0.035745
-0.3287 -0.031024
-0.3236 -0.026682
-0.3179 -0.022993
-0.3120 -0.019833
-0.3058 -0.017110
-0.2994 -0.014756
-0.2930 -0.012717
-0.2866 -0.010950
-0.2802 -0.009419
-0.2738 -0.008094
-0.2675 -0.006948
-0.2612 -0.005960
-0.2550 -0.005108
-0.2487 -0.004375
-0.2423 -0.003746
-0.2359 -0.003206
-0.2293 -0.002744
-0.2225 -0.002349
-0.2155 -0.002012
-0.2081 -0.001724
-0.2003 -0.001478
-0.1920 -0.001269
-0.1830 -0.001090
-0.1732 -0.000939
-0.1622 -0.000810
-0.1496 -0.000702
-0.1346 -0.000611
-0.1160 -0.000537
-0.0915 -0.000476
-0.0573 -0.000431
-0.0059 -0.000402
0.0690 -0.000386
0.1533 -0.000371
0.2204 -0.000341
0.2617 -0.000302
0.2810 -0.000258
0.2844 -0.000217
0.2772 -0.000179
0.2635 -0.000147
0.2464 -0.000120
0.2278 -0.000098
0.2087 -0.000080
0.1898 -0.000065
0.1712 -0.000053
0.1531 -0.000043
0.1352 -0.000035
0.1174 -0.000028
0.0992 -0.000023
0.0800 -0.000018
0.0589 -0.000015
0.0345 -0.000012
0.0040 -0.000009
-0.0367 -0.000007
-0.0923 -0.000005
-0.1605 -0.000004
-0.2293 -0.000002
-0.2879 -0.000002
-0.3337 -0.000001
-0.3679 -0.000001
-0.3927 -0.000000
-0.4101 -0.000000
-0.4219 -0.000000
-0.4294 -0.000000
-0.4336 -0.000000
-0.4354 -0.000000
-0.4353 -0.000000
-0.4338 -0.000000
-0.4313 -0.000000
-0.4280 -0.000000
-0.4241 -0.000000
-0.4199 -0.000000
-0.4154 -0.000000
-0.4108 -0.000000
-0.4059 -0.000000
-0.4009 -0.000000
-0.3957 -0.000000
-0.3904 -0.000000
-0.3850 -0.000000
-0.3794 -0.000000
-0.3736 -0.000000
-0.3678 -0.000000
-0.3619 -0.000000
-0.3559 -0.000000
-0.3523 -0.018457
-0.3496 -0.018802
-0.3465 -0.019180
-0.3433 -0.019581
-0.3401 -0.019982
-0.3371 -0.020363
-0.3342 -0.020716
-0.3316 -0.021041
-0.3292 -0.021345
-0.3269 -0.021634
-0.3247 -0.021913
-0.3225 -0.022186
-0.3203 -0.022458
-0.3181 -0.022732
-0.3159 -0.023012
-0.3136 -0.023302
-0.3111 -0.023605
-0.3086 -0.023926
-0.3059 -0.024263
-0.3031 -0.024611
-0.3003 -0.024961
-0.2974 -0.023344
-0.2940 -0.019825
-0.2901 -0.016872
-0.2858 -0.014376
-0.2813 -0.012258
-0.2767 -0.010454
-0.2720 -0.008915
-0.2672 -0.007601
-0.2624 -0.006479
-0.2576 -0.005521
-0.2527 -0.004703
-0.2479 -0.004004
-0.2432 -0.003407
-0.2385 -0.002897
-0.2338 -0.002463
-0.2291 -0.002093
-0.2244 -0.001778
-0.2197 -0.001510
-0.2151 -0.001282
-0.2104 -0.001088
-0.2057 -0.000924
-0.2010 -0.000784
-0.1963 -0.000665
-0.1914 -0.000564
-0.1865 -0.000479
-0.1813 -0.000406
-0.1759 -0.000345
-0.1701 -0.000293
-0.1638 -0.000250
-0.1568 -0.000213
-0.1489 -0.000182
-0.1398 -0.000156
-0.1290 -0.000134
-0.1158 -0.000116
-0.0990 -0.000101
-0.0763 -0.000089
-0.0435 -0.000080
0.0058 -0.000074
0.0756 -0.000070
0.1514 -0.000067
0.2111 -0.000061
0.2480 -0.000053
0.2651 -0.000046
0.2676 -0.000038
0.2605 -0.000032
0.2475 -0.000026
0.2312 -0.000021
0.2135 -0.000017
0.1952 -0.000014
0.1770 -0.000011
0.1591 -0.000009
0.1413 -0.000008
0.1236 -0.000006
0.1057 -0.000005
0.0869 -0.000004
0.0666 -0.000003
0.0434 -0.000003
0.0151 -0.000002
-0.0219 -0.000002
-0.0727 -0.000001
-0.1383 -0.000001
-0.2088 -0.000001
-0.2717 -0.000000
-0.3219 -0.000000
-0.3598 -0.000000
-0.3877 -0.000000
-0.4076 -0.000000
-0.4214 -0.000000
-0.4305 -0.000000
-0.4360 -0.000000
-0.4387 -0.000000
-0.4405 -0.007442
-0.4403 -0.007465
-0.4385 -0.007687
-0.4355 -0.008064
-0.4316 -0.008549
-0.4272 -0.009095
-0.4226 -0.009666
-0.4181 -0.010237
-0.4136 -0.010796
-0.4092 -0.011340
-0.4050 -0.011867
-0.4009 -0.012383
-0.3968 -0.012893
-0.3927 -0.013403
-0.3886 -0.013919
-0.3844 -0.014444
-0.3801 -0.014981
-0.3757 -0.015532
-0.3712 -0.016092
-0.3667 -0.015767
-0.3617 -0.013520
-0.3563 -0.011612
-0.3507 -0.009978
-0.3449 -0.008571
-0.3390 -0.007358
-0.3330 -0.006309
-0.3270 -0.005404
-0.3210 -0.004624
-0.3149 -0.003952
-0.3089 -0.003374
-0.3028 -0.002878
-0.2967 -0.002454
-0.2904 -0.002091
-0.2841 -0.001781
-0.2777 -0.001517
-0.2711 -0.001291
-0.2644 -0.001099
-0.2576 -0.000935
-0.2507 -0.000795
-0.2439 -0.000675
-0.2372 -0.000573
-0.2306 -0.000486
-0.2242 -0.000411
-0.2180 -0.000347
-0.2121 -0.000293
-0.2063 -0.000247
-0.2006 -0.000208
-0.1950 -0.000176
-0.1892 -0.000148
-0.1833 -0.000125
-0.1771 -0.000105
-0.1704 -0.000089
-0.1631 -0.000075
-0.1549 -0.000063
-0.1455 -0.000054
-0.1344 -0.000046
-0.1211 -0.000039
-0.1041 -0.000034
-0.0816 -0.000030
-0.0496 -0.000026
-0.0014 -0.000024
0.0680 -0.000023
0.1459 -0.000021
0.2088 -0.000019
0.2484 -0.000017
0.2673 -0.000014
0.2709 -0.000012
0.2642 -0.000010
0.2513 -0.000008
0.2350 -0.000006
0.2171 -0.000005
0.1986 -0.000004
0.1802 -0.000003
0.1620 -0.000003
0.1441 -0.000002
0.1263 -0.000002
0.1083 -0.000001
0.0895 -0.000001
0.0692 -0.000001
0.0461 -0.000001
0.0182 -0.000001
-0.0184 -0.000000
-0.0686 -0.000000
-0.1341 -0.000000
-0.2055 -0.000000
-0.2696 -0.000000
-0.3208 -0.000000
-0.3596 -0.000000
-0.3880 -0.000000
-0.4082 -0.000000
-0.4221 -0.000000
-0.4313 -0.000000
-0.4370 -0.000000
-0.4399 -0.000000
-0.4408 -0.000000
-0.4401 -0.000000
-0.4382 -0.000000
-0.4353 -0.000000
-0.4317 -0.000000
-0.4275 -0.000000
-0.4228 -0.000000
-0.4177 -0.000000
-0.4124 -0.000000
-0.4068 -0.000000
-0.4010 -0.000000
-0.3950 -0.000000
-0.3890 -0.000000
-0.3828 -0.000000
-0.3765 -0.000000
-0.3702 -0.000000
-0.3639 -0.000000
-0.3579 -0.000000
-0.3521 -0.000000
-0.3466 -0.000000
-0.3414 -0.000000
-0.3392 -0.020100
-0.3380 -0.020243
-0.3367 -0.020405
-0.3353 -0.020587
-0.3351 -0.041234
-0.3371 -0.040721
-0.3387 -0.040338
-0.3397 -0.040071
-0.3404 -0.039906
-0.3407 -0.039829
-0.3407 -0.039822
-0.3405 -0.039869
-0.3402 -0.039961
-0.3396 -0.040092
-0.3389 -0.040263
-0.3381 -0.040473
-0.3371 -0.040724
-0.3359 -0.041019
-0.3345 -0.041360
-0.3330 -0.041748
-0.3312 -0.042186
-0.3292 -0.040753
-0.3264 -0.038171
-0.3229 -0.036165
-0.3189 -0.033527
-0.3139 -0.028583
-0.3080 -0.024468
-0.3014 -0.021002
-0.2943 -0.018055
-0.2867 -0.015534
-0.2788 -0.013371
-0.2705 -0.011509
-0.2621 -0.009905
-0.2533 -0.008523
-0.2443 -0.007332
-0.2350 -0.006307
-0.2254 -0.005424
-0.2155 -0.004665
-0.2051 -0.004013
-0.1942 -0.003454
-0.1826 -0.002976
-0.1700 -0.002568
-0.1561 -0.002222
-0.1403 -0.001929
-0.1213 -0.001686
-0.0972 -0.001489
-0.0639 -0.001338
-0.0142 -0.001237
0.0559 -0.070569
0.1277 -0.079479
0.1882 -0.086971
0.2274 -0.091770
0.2465 -0.094054
0.2505 -0.094439
0.2441 -0.093545
0.2314 -0.091868
0.2152 -0.089760
0.1972 -0.087446
0.1785 -0.085054
0.1595 -0.082646
0.1405 -0.080237
0.1213 -0.077807
0.1015 -0.075311
0.0805 -0.072663
0.0571 -0.069728
0.0295 -0.066269
-0.0057 -0.061877
-0.0525 -0.047740
-0.1131 -0.034482
-0.1820 -0.023679
-0.2466 -0.015764
-0.2994 -0.010420
-0.3398 -0.006950
-0.3695 -0.004727
-0.3907 -0.003304
-0.4054 -0.002387
-0.4152 -0.001788
-0.4211 -0.001388
-0.4241 -0.001115
-0.4248 -0.000922
-0.4237 -0.000781
-0.4213 -0.000673
-0.4180 -0.000586
-0.4140 -0.000513
-0.4096 -0.000450
-0.4050 -0.000395
-0.4004 -0.000346
-0.3956 -0.000303
-0.3909 -0.000264
-0.3861 -0.000230
-0.3813 -0.000200
-0.3765 -0.000174
-0.3716 -0.000151
-0.3667 -0.000131
-0.3616 -0.000114
-0.3565 -0.000098
-0.3512 -0.000085
-0.3458 -0.000074
-0.3403 -0.000064
-0.3346 -0.000055
-0.3286 -0.000048
-0.3225 -0.000041
-0.3160 -0.000036
-0.3093 -0.000031
-0.3022 -0.000027
-0.2949 -0.000023
-0.2873 -0.000020
-0.2794 -0.000017
