-0.3718 0.002151
-0.3669 0.001755
-0.3619 0.001431
-0.3567 0.001166
-0.3515 0.000950
-0.3462 0.000774
-0.3409 0.000630
-0.3355 0.000513
-0.3302 0.000417
-0.3249 0.000339
-0.3197 0.000276
-0.3146 0.000225
-0.3096 0.000183
-0.3047 0.000149
-0.3000 0.000121
-0.2954 0.000099
-0.2909 0.000080
-0.2867 0.000065
-0.2827 0.000053
-0.2790 0.000044
-0.2755 0.000036
-0.2725 0.000029
-0.2698 0.000024
-0.2675 0.000019
-0.2658 0.000016
-0.2646 0.000013
-0.2642 0.000011
-0.2645 0.000009
-0.2657 0.000007
-0.2677 0.000006
-0.2706 0.000005
-0.2598 0.182069
-0.2127 0.298588
-0.1640 0.230190
-0.1216 0.170871
-0.0803 0.113047
-0.0356 0.050567
0.0147 -0.019793
0.0662 -0.092066
0.1084 -0.151295
0.1347 -0.188391
0.1465 -0.205028
0.1478 -0.206890
0.1422 -0.199173
0.1269 -0.267073
0.0996 -0.273825
0.0726 -0.186514
0.0535 -0.126611
0.0378 -0.083294
0.0234 -0.048402
0.0089 -0.017514
-0.0067 0.012115
-0.0240 0.042245
-0.0435 0.073813
-0.0648 0.106868
-0.0875 0.140435
-0.1100 0.172651
-0.1307 0.201413
-0.1487 0.218175
-0.1661 0.217483
-0.1854 0.200676
-0.2067 0.184965
-0.2287 0.169254
-0.2505 0.153308
-0.2714 0.137342
-0.2909 0.121735
-0.3089 0.106857
-0.3250 0.092988
-0.3395 0.080304
-0.3522 0.068883
-0.3632 0.058734
-0.3725 0.049815
-0.3803 0.042049
-0.3866 0.035345
-0.3915 0.029597
-0.3952 0.024700
-0.3977 0.020551
-0.3991 0.017053
-0.3996 0.014117
-0.3991 0.011660
-0.3980 0.009612
-0.3961 0.007910
-0.3936 0.006499
-0.3905 0.005332
-0.3870 0.004369
-0.3831 0.003576
-0.3789 0.002924
-0.3743 0.002389
-0.3696 0.001950
-0.3646 0.001590
-0.3595 0.001297
-0.3543 0.001056
-0.3490 0.000860
-0.3437 0.000701
-0.3383 0.000570
-0.3330 0.000464
-0.3277 0.000378
-0.3225 0.000307
-0.3173 0.000250
-0.3122 0.000203
-0.3072 0.000165
-0.3024 0.000135
-0.2977 0.000110
-0.2932 0.000089
-0.2888 0.000073
-0.2847 0.000059
-0.2808 0.000048
-0.2772 0.000039
-0.2739 0.000032
-0.2710 0.000026
-0.2685 0.000022
-0.2665 0.000018
-0.2650 0.000015
-0.2642 0.000012
-0.2641 0.000010
-0.2648 0.000008
-0.2664 0.000007
-0.2688 0.000006
-0.2723 0.000005
-0.2421 0.339852
-0.1875 0.263135
-0.1426 0.200266
-0.1014 0.142505
-0.0589 0.083027
-0.0114 0.016624
0.0407 -0.056265
0.0890 -0.123970
0.1235 -0.172590
0.1422 -0.198922
0.1482 -0.207498
0.1457 -0.204045
0.1378 -0.193039
0.1146 -0.241172
0.0851 -0.228953
0.0626 -0.154471
0.0455 -0.103988
0.0307 -0.065442
0.0163 -0.032889
0.0014 -0.002862
-0.0150 0.026865
-0.0334 0.057650
-0.0538 0.090015
-0.0759 0.123512
-0.0987 0.156679
-0.1205 0.187429
-0.1399 0.213856
-0.1573 0.220182
-0.1752 0.209315
-0.1955 0.193173
-0.2173 0.177490
-0.2393 0.161632
-0.2607 0.145618
-0.2810 0.129767
-0.2997 0.114465
-0.3168 0.100044
-0.3322 0.086730
-0.3458 0.074649
-0.3576 0.063844
-0.3678 0.054295
-0.3764 0.045942
-0.3835 0.038701
-0.3891 0.032470
-0.3934 0.027144
-0.3965 0.022620
-0.3985 0.018796
-0.3995 0.015579
-0.3995 0.012882
-0.3987 0.010630
-0.3972 0.008756
-0.3950 0.007200
-0.3922 0.005911
-0.3890 0.004847
-0.3853 0.003969
-0.3812 0.003247
-0.3768 0.002654
-0.3721 0.002167
-0.3673 0.001768
-0.3622 0.001442
-0.3571 0.001175
-0.3518 0.000957
-0.3465 0.000780
-0.3411 0.000635
-0.3358 0.000517
-0.3305 0.000420
-0.3252 0.000342
-0.3200 0.000278
-0.3148 0.000226
-0.3098 0.000184
-0.3049 0.000150
-0.3001 0.000122
-0.2954 0.000099
-0.2910 0.000081
-0.2867 0.000066
-0.2827 0.000054
-0.2790 0.000044
-0.2755 0.000036
-0.2724 0.000029
-0.2696 0.000024
-0.2673 0.000020
-0.2656 0.000016
-0.2644 0.000013
-0.2639 0.000011
-0.2642 0.000009
-0.2653 0.000008
-0.2673 0.000006
-0.2702 0.000005
-0.2601 0.182286
-0.2126 0.298469
-0.1639 0.230040
-0.1215 0.170679
-0.0801 0.112791
-0.0354 0.050214
0.0150 -0.020255
0.0666 -0.092564
0.1087 -0.151713
0.1350 -0.188679
0.1466 -0.205197
0.1478 -0.206970
0.1422 -0.199192
0.1271 -0.267388
0.0998 -0.274570
0.0727 -0.186832
0.0535 -0.126730
0.0378 -0.083313
0.0234 -0.048367
0.0088 -0.017450
-0.0068 0.012190
-0.0241 0.042320
-0.0435 0.073880
-0.0649 0.106919
-0.0875 0.140463
-0.1099 0.172652
-0.1307 0.201387
-0.1487 0.218293
-0.1660 0.217949
-0.1852 0.201010
-0.2064 0.185231
-0.2284 0.169488
-0.2502 0.153527
-0.2711 0.137551
-0.2906 0.121935
-0.3085 0.107047
-0.3247 0.093167
-0.3392 0.080468
-0.3519 0.069033
-0.3630 0.058870
-0.3723 0.049936
-0.3802 0.042156
-0.3865 0.035438
-0.3915 0.029678
-0.3952 0.024770
-0.3977 0.020612
-0.3992 0.017105
-0.3996 0.014160
-0.3993 0.011697
-0.3981 0.009643
-0.3962 0.007936
-0.3938 0.006521
-0.3907 0.005350
-0.3873 0.004384
-0.3833 0.003588
-0.3791 0.002934
-0.3746 0.002397
-0.3698 0.001956
-0.3648 0.001596
-0.3597 0.001301
-0.3545 0.001060
-0.3492 0.000863
-0.3439 0.000703
-0.3385 0.000572
-0.3331 0.000466
-0.3278 0.000379
-0.3226 0.000308
-0.3174 0.000251
-0.3123 0.000204
-0.3073 0.000166
-0.3024 0.000135
-0.2977 0.000110
-0.2931 0.000089
-0.2888 0.000073
-0.2846 0.000059
-0.2807 0.000048
-0.2771 0.000040
-0.2738 0.000032
-0.2708 0.000026
-0.2683 0.000022
-0.2662 0.000018
-0.2647 0.000015
-0.2639 0.000012
-0.2638 0.000010
-0.2644 0.000008
-0.2660 0.000007
-0.2684 0.000006
-0.2718 0.000005
-0.2414 0.338826
-0.1869 0.262286
-0.1421 0.199481
-0.1008 0.141687
-0.0582 0.082086
-0.0106 0.015497
0.0416 -0.057490
0.0897 -0.125024
0.1240 -0.173295
0.1425 -0.199292
0.1483 -0.207619
0.1457 -0.204001
0.1377 -0.192893
0.1143 -0.240621
0.0847 -0.227760
0.0623 -0.153640
0.0453 -0.103344
0.0304 -0.064906
0.0161 -0.032419
0.0011 -0.002431
-0.0152 0.027272
-0.0336 0.058038
-0.0540 0.090374
-0.0761 0.123824
-0.0988 0.156925
-0.1206 0.187595
-0.1399 0.213940
-0.1573 0.220055
-0.1752 0.209178
-0.1956 0.193031
-0.2173 0.177349
-0.2393 0.161497
-0.2607 0.145492
-0.2810 0.129653
-0.2997 0.114365
-0.3168 0.099957
-0.3321 0.086655
-0.3457 0.074587
-0.3576 0.063792
-0.3678 0.054252
-0.3764 0.045908
-0.3835 0.038672
-0.3892 0.032447
-0.3935 0.027126
-0.3966 0.022606
-0.3986 0.018785
-0.3995 0.015570
-0.3996 0.012875
-0.3988 0.010625
-0.3973 0.008752
-0.3951 0.007196
-0.3924 0.005909
-0.3891 0.004845
-0.3854 0.003968
-0.3813 0.003246
-0.3769 0.002653
-0.3723 0.002166
-0.3674 0.001768
-0.3623 0.001441
-0.3572 0.001175
-0.3519 0.000957
-0.3466 0.000779
-0.3412 0.000634
-0.3358 0.000516
-0.3305 0.000420
-0.3252 0.000342
-0.3199 0.000278
-0.3148 0.000226
-0.3097 0.000184
-0.3048 0.000150
-0.3000 0.000122
-0.2953 0.000099
-0.2909 0.000081
-0.2866 0.000066
-0.2826 0.000054
-0.2788 0.000044
-0.2753 0.000036
-0.2721 0.000029
-0.2694 0.000024
-0.2671 0.000020
-0.2653 0.000016
-0.2641 0.000013
-0.2636 0.000011
-0.2639 0.000009
-0.2650 0.000008
-0.2670 0.000006
-0.2699 0.000005
-0.2591 0.181574
-0.2112 0.296488
-0.1627 0.228375
-0.1204 0.169106
-0.0790 0.111126
-0.0340 0.048302
0.0165 -0.022412
0.0681 -0.094605
0.1098 -0.153200
0.1355 -0.189513
0.1468 -0.205510
0.1478 -0.206929
0.1420 -0.198928
0.1263 -0.265797
0.0990 -0.272154
0.0721 -0.185141
0.0530 -0.125490
0.0374 -0.082310
0.0230 -0.047493
0.0084 -0.016639
-0.0072 0.012981
-0.0245 0.043113
-0.0440 0.074678
-0.0654 0.107703
-0.0879 0.141192
-0.1104 0.173280
-0.1310 0.201879
-0.1490 0.218138
-0.1663 0.217797
-0.1855 0.200823
-0.2066 0.185012
-0.2286 0.169248
-0.2504 0.153276
-0.2712 0.137302
-0.2907 0.121697
-0.3086 0.106826
-0.3248 0.092967
-0.3393 0.080291
-0.3520 0.068877
-0.3630 0.058735
-0.3724 0.049820
-0.3802 0.042058
-0.3866 0.035355
-0.3915 0.029608
-0.3952 0.024712
-0.3977 0.020563
-0.3992 0.017065
-0.3997 0.014127
-0.3993 0.011670
-0.3982 0.009621
-0.3963 0.007918
-0.3938 0.006506
-0.3908 0.005338
-0.3873 0.004374
-0.3834 0.003580
-0.3791 0.002927
-0.3746 0.002391
-0.3698 0.001952
-0.3649 0.001592
-0.3597 0.001298
-0.3545 0.001057
-0.3492 0.000861
-0.3438 0.000701
-0.3385 0.000571
-0.3331 0.000464
-0.3278 0.000378
-0.3225 0.000307
-0.3173 0.000250
-0.3122 0.000203
-0.3072 0.000165
-0.3023 0.000135
-0.2976 0.000110
-0.2930 0.000089
-0.2886 0.000073
-0.2844 0.000059
-0.2805 0.000048
-0.2769 0.000039
-0.2736 0.000032
-0.2706 0.000026
-0.2681 0.000022
-0.2660 0.000018
-0.2645 0.000015
-0.2637 0.000012
-0.2636 0.000010
-0.2643 0.000008
-0.2659 0.000007
-0.2683 0.000006
-0.2718 0.000005
-0.2378 0.333738
-0.1840 0.258270
-0.1395 0.195943
-0.0983 0.138181
-0.0554 0.078232
-0.0074 0.011083
0.0449 -0.062071
0.0924 -0.128770
0.1257 -0.175639
0.1432 -0.200364
0.1484 -0.207779
0.1453 -0.203572
0.1371 -0.192103
0.1131 -0.237924
0.0833 -0.222839
0.0613 -0.150425
0.0444 -0.100953
0.0296 -0.062935
0.0152 -0.030647
0.0002 -0.000716
-0.0163 0.029019
-0.0347 0.059862
-0.0552 0.092272
-0.0774 0.125735
-0.1001 0.158736
-0.1218 0.189187
-0.1409 0.215229
-0.1582 0.220273
-0.1762 0.208524
-0.1966 0.192365
-0.2183 0.176646
-0.2402 0.160765
-0.2616 0.144752
-0.2818 0.128927
-0.3004 0.113674
-0.3175 0.099315
-0.3327 0.086072
-0.3463 0.074064
-0.3581 0.063330
-0.3682 0.053849
-0.3768 0.045558
-0.3838 0.038372
-0.3894 0.032191
-0.3937 0.026909
-0.3967 0.022423
-0.3987 0.018631
-0.3996 0.015442
-0.3997 0.012768
-0.3989 0.010536
-0.3973 0.008678
-0.3951 0.007135
-0.3924 0.005858
-0.3891 0.004803
-0.3854 0.003933
-0.3813 0.003218
-0.3769 0.002630
-0.3722 0.002147
-0.3673 0.001752
-0.3622 0.001429
-0.3570 0.001164
-0.3517 0.000948
-0.3464 0.000772
-0.3410 0.000629
-0.3356 0.000512
-0.3303 0.000416
-0.3250 0.000339
-0.3197 0.000275
-0.3146 0.000224
-0.3095 0.000182
-0.3045 0.000148
-0.2997 0.000121
-0.2951 0.000098
-0.2906 0.000080
-0.2863 0.000065
-0.2823 0.000053
-0.2785 0.000043
-0.2750 0.000035
-0.2719 0.000029
-0.2692 0.000024
-0.2669 0.000019
-0.2651 0.000016
-0.2640 0.000013
-0.2636 0.000011
-0.2640 0.000009
-0.2652 0.000007
-0.2672 0.000006
-0.2703 0.000005
-0.2553 0.178913
-0.2042 0.286638
-0.1568 0.220162
-0.1149 0.161416
-0.0732 0.103059
-0.0275 0.039161
0.0237 -0.032480
0.0746 -0.103793
0.1143 -0.159615
0.1379 -0.192896
0.1476 -0.206556
0.1474 -0.206413
0.1409 -0.197438
0.1230 -0.258918
0.0950 -0.259879
0.0694 -0.176298
0.0509 -0.119337
0.0355 -0.077509
0.0211 -0.043365
0.0065 -0.012778
-0.0093 0.016839
-0.0269 0.047126
-0.0466 0.078896
-0.0682 0.112051
-0.0909 0.145464
-0.1131 0.177198
-0.1334 0.205203
-0.1512 0.218888
-0.1685 0.215811
-0.1879 0.199002
-0.2092 0.183194
-0.2312 0.167386
-0.2528 0.151390
-0.2735 0.135437
-0.2929 0.119902
-0.3106 0.105140
-0.3266 0.091416
-0.3408 0.078889
-0.3534 0.067629
-0.3642 0.057635
-0.3734 0.048861
-0.3811 0.041229
-0.3873 0.034644
-0.3921 0.029002
-0.3957 0.024198
-0.3981 0.020130
-0.3994 0.016701
-0.3998 0.013823
-0.3994 0.011416
-0.3982 0.009410
-0.3962 0.007743
-0.3937 0.006361
-0.3906 0.005218
-0.3871 0.004275
-0.3831 0.003499
-0.3788 0.002861
-0.3743 0.002337
-0.3694 0.001907
-0.3644 0.001556
-0.3593 0.001268
-0.3540 0.001033
-0.3487 0.000841
-0.3433 0.000685
-0.3379 0.000557
-0.3326 0.000453
-0.3272 0.000369
-0.3219 0.000300
-0.3167 0.000244
-0.3116 0.000199
-0.3066 0.000162
-0.3017 0.000131
-0.2970 0.000107
-0.2924 0.000087
-0.2881 0.000071
-0.2839 0.000058
-0.2800 0.000047
-0.2764 0.000038
-0.2731 0.000031
-0.2702 0.000026
-0.2677 0.000021
-0.2657 0.000017
-0.2643 0.000014
-0.2635 0.000012
-0.2636 0.000010
-0.2644 0.000008
-0.2661 0.000007
-0.2687 0.000006
-0.2686 0.188239
-0.2266 0.318022
-0.1751 0.245784
-0.1316 0.184858
-0.0904 0.127118
-0.0467 0.066041
0.0025 -0.002734
0.0548 -0.075963
0.1001 -0.139652
0.1303 -0.182126
0.1451 -0.203061
0.1484 -0.207824
0.1442 -0.201921
0.1341 -0.282165
0.1086 -0.226137
0.0785 -0.206665
0.0578 -0.139882
0.0415 -0.093168
0.0269 -0.056568
0.0125 -0.024947
-0.0027 0.004789
-0.0195 0.034630
-0.0383 0.065726
-0.0592 0.098366
-0.0816 0.131847
-0.1041 0.164507
-0.1254 0.194239
-0.1440 0.217084
-0.1613 0.220637
-0.1796 0.205531
-0.2003 0.189519
-0.2222 0.173785
-0.2441 0.157865
-0.2652 0.141862
-0.2852 0.126118
-0.3036 0.111010
-0.3203 0.096844
-0.3352 0.083821
-0.3485 0.072045
-0.3600 0.061542
-0.3699 0.052282
-0.3782 0.044198
-0.3850 0.037201
-0.3903 0.031189
-0.3944 0.026058
-0.3973 0.021703
-0.3991 0.018025
-0.3999 0.014934
-0.3998 0.012344
-0.3988 0.010183
-0.3972 0.008385
-0.3949 0.006893
-0.3920 0.005658
-0.3887 0.004638
-0.3849 0.003797
-0.3807 0.003106
-0.3763 0.002538
-0.3715 0.002072
-0.3666 0.001690
-0.3615 0.001378
-0.3563 0.001123
-0.3510 0.000915
-0.3456 0.000745
-0.3402 0.000606
-0.3348 0.000493
-0.3294 0.000401
-0.3241 0.000326
-0.3189 0.000265
-0.3137 0.000216
-0.3086 0.000176
-0.3037 0.000143
-0.2989 0.000116
-0.2942 0.000095
-0.2898 0.000077
-0.2855 0.000063
-0.2815 0.000051
-0.2777 0.000042
-0.2743 0.000034
-0.2712 0.000028
-0.2685 0.000023
-0.2663 0.000019
-0.2646 0.000015
-0.2636 0.000013
-0.2632 0.000010
-0.2637 0.000009
-0.2650 0.000007
-0.2673 0.000006
-0.2705 0.000005
-0.2497 0.175033
-0.1946 0.273172
-0.1487 0.208747
-0.1071 0.150543
-0.0649 0.091494
-0.0181 0.026022
0.0338 -0.046628
0.0834 -0.116140
0.1202 -0.167825
0.1408 -0.196950
0.1482 -0.207512
0.1466 -0.205331
0.1393 -0.195097
0.1181 -0.248544
0.0894 -0.242574
0.0655 -0.163931
0.0478 -0.110601
0.0327 -0.070627
0.0184 -0.037407
0.0036 -0.007178
-0.0125 0.022443
-0.0304 0.052942
-0.0505 0.084972
-0.0724 0.118246
-0.0950 0.151465
-0.1170 0.182612
-0.1368 0.209718
-0.1543 0.219184
-0.1718 0.212544
-0.1916 0.196033
-0.2131 0.180267
-0.2351 0.164424
-0.2566 0.148417
-0.2771 0.132518
-0.2961 0.117108
-0.3135 0.102527
-0.3292 0.089019
-0.3432 0.076726
-0.3554 0.065703
-0.3660 0.055941
-0.3749 0.047384
-0.3823 0.039953
-0.3883 0.033549
-0.3929 0.028069
-0.3963 0.023408
-0.3985 0.019464
-0.3997 0.016142
-0.4000 0.013355
-0.3994 0.011026
-0.3980 0.009086
-0.3960 0.007474
-0.3933 0.006138
-0.3902 0.005035
-0.3866 0.004124
-0.3825 0.003374
-0.3782 0.002758
-0.3736 0.002253
-0.3687 0.001838
-0.3637 0.001499
-0.3585 0.001222
-0.3532 0.000995
-0.3479 0.000811
-0.3425 0.000660
-0.3371 0.000537
-0.3317 0.000437
-0.3263 0.000355
-0.3210 0.000289
-0.3158 0.000235
-0.3107 0.000191
-0.3057 0.000156
-0.3008 0.000127
-0.2961 0.000103
-0.2915 0.000084
-0.2872 0.000068
-0.2830 0.000056
-0.2792 0.000045
-0.2756 0.000037
-0.2723 0.000030
-0.2695 0.000025
-0.2670 0.000020
-0.2651 0.000017
-0.2638 0.000014
-0.2631 0.000011
-0.2633 0.000009
-0.2643 0.000008
-0.2661 0.000006
-0.2689 0.000005
-0.2626 0.184048
-0.2160 0.303183
-0.1665 0.233752
-0.1238 0.173931
-0.0824 0.115970
-0.0378 0.053587
0.0125 -0.016716
0.0644 -0.089451
0.1073 -0.149671
0.1343 -0.187768
0.1466 -0.205135
0.1482 -0.207457
0.1428 -0.200013
0.1289 -0.271301
0.1023 -0.282998
0.0742 -0.192414
0.0546 -0.130276
0.0387 -0.085860
0.0242 -0.050422
0.0097 -0.019305
-0.0057 0.010348
-0.0229 0.040369
-0.0421 0.071758
-0.0633 0.104630
-0.0858 0.138091
-0.1082 0.170344
-0.1291 0.199294
-0.1472 0.217907
-0.1644 0.220119
-0.1832 0.202751
-0.2041 0.186807
-0.2260 0.171023
-0.2478 0.155055
-0.2688 0.139063
-0.2884 0.123403
-0.3065 0.108443
-0.3229 0.094469
-0.3376 0.081663
-0.3506 0.070113
-0.3618 0.059834
-0.3714 0.050787
-0.3795 0.042902
-0.3860 0.036085
-0.3912 0.030236
-0.3951 0.025248
-0.3978 0.021019
-0.3994 0.017450
-0.4000 0.014451
-0.3998 0.011942
-0.3987 0.009848
-0.3970 0.008107
-0.3946 0.006662
-0.3916 0.005467
-0.3882 0.004481
-0.3843 0.003668
-0.3801 0.002999
-0.3756 0.002451
-0.3708 0.002000
-0.3659 0.001632
-0.3607 0.001330
-0.3555 0.001084
-0.3501 0.000883
-0.3448 0.000719
-0.3394 0.000585
-0.3339 0.000476
-0.3286 0.000387
-0.3232 0.000315
-0.3180 0.000256
-0.3128 0.000208
-0.3077 0.000169
-0.3028 0.000138
-0.2980 0.000112
-0.2934 0.000091
-0.2889 0.000074
-0.2847 0.000061
-0.2807 0.000049
-0.2769 0.000040
-0.2735 0.000033
-0.2705 0.000027
-0.2679 0.000022
-0.2657 0.000018
-0.2641 0.000015
-0.2632 0.000012
-0.2630 0.000010
-0.2636 0.000008
-0.2651 0.000007
-0.2674 0.000006
-0.2708 0.000005
-0.2398 0.336531
-0.1855 0.260358
-0.1408 0.197663
-0.0994 0.139759
-0.0566 0.079827
-0.0086 0.012756
0.0437 -0.060495
0.0916 -0.127633
0.1253 -0.175074
0.1432 -0.200265
0.1486 -0.207991
0.1456 -0.203972
0.1375 -0.192615
0.1136 -0.238985
0.0842 -0.226566
0.0618 -0.152629
0.0448 -0.102448
0.0300 -0.064088
0.0157 -0.031653
0.0007 -0.001698
-0.0156 0.027979
-0.0340 0.058711
-0.0544 0.090988
-0.0764 0.124343
-0.0991 0.157309
-0.1207 0.187820
-0.1400 0.214009
-0.1574 0.219593
-0.1751 0.209456
-0.1954 0.193169
-0.2170 0.177416
-0.2389 0.161536
-0.2603 0.145526
-0.2805 0.129691
-0.2993 0.114412
-0.3164 0.100013
-0.3318 0.086720
-0.3455 0.074656
-0.3574 0.063864
-0.3677 0.054324
-0.3763 0.045977
-0.3835 0.038738
-0.3892 0.032508
-0.3936 0.027183
-0.3968 0.022657
-0.3988 0.018831
-0.3999 0.015610
-0.4000 0.012911
-0.3993 0.010656
-0.3978 0.008778
-0.3957 0.007219
-0.3929 0.005927
-0.3897 0.004860
-0.3860 0.003981
-0.3819 0.003256
-0.3775 0.002661
-0.3728 0.002173
-0.3679 0.001773
-0.3629 0.001446
-0.3577 0.001178
-0.3523 0.000960
-0.3470 0.000781
-0.3416 0.000636
-0.3361 0.000518
-0.3308 0.000421
-0.3254 0.000343
-0.3201 0.000279
-0.3149 0.000227
-0.3098 0.000184
-0.3048 0.000150
-0.2999 0.000122
-0.2952 0.000099
-0.2907 0.000081
-0.2863 0.000066
-0.2822 0.000054
-0.2784 0.000044
-0.2748 0.000036
-0.2717 0.000029
-0.2689 0.000024
-0.2665 0.000020
-0.2647 0.000016
-0.2635 0.000013
-0.2630 0.000011
-0.2633 0.000009
-0.2644 0.000008
-0.2664 0.000006
-0.2694 0.000005
-0.2555 0.179065
-0.2040 0.286392
-0.1566 0.219868
-0.1146 0.161047
-0.0728 0.102568
-0.0270 0.038488
0.0243 -0.033338
0.0752 -0.104680
