-0.6385 0.034993
-0.6461 0.029281
-0.6516 0.024416
-0.6548 0.020288
-0.6558 0.016798
-0.6542 0.013857
-0.6502 0.011387
-0.6435 0.009318
-0.6340 0.007591
-0.6216 0.006154
-0.6061 0.004962
-0.5875 0.003976
-0.5656 0.003165
-0.5404 0.002501
-0.5118 0.001958
-0.4798 0.001518
-0.4444 0.001163
-0.4056 0.000878
-0.3634 0.000650
-0.3175 0.000470
-0.2670 0.000327
-0.2099 0.000213
-0.1406 0.000118
-0.0392 0.015206
0.1101 -0.162990
0.2190 -0.327461
0.2557 -0.383376
0.2418 -0.363090
0.2048 -0.307795
0.1618 -0.243411
0.1198 -0.180318
0.0793 -0.119613
0.0382 -0.057910
-0.0074 0.009782
-0.0626 0.074737
-0.1304 0.129356
-0.2034 0.167148
-0.2707 0.184150
-0.3284 0.184818
-0.3771 0.175550
-0.4186 0.161165
-0.4544 0.144689
-0.4857 0.127893
-0.5133 0.111762
-0.5378 0.096810
-0.5594 0.083267
-0.5785 0.071198
-0.5952 0.060570
-0.6096 0.051298
-0.6219 0.043268
-0.6320 0.036356
-0.6399 0.030437
-0.6456 0.025392
-0.6491 0.021109
-0.6503 0.017485
-0.6490 0.014429
-0.6452 0.011861
-0.6388 0.009710
-0.6296 0.007913
-0.6176 0.006418
-0.6025 0.005177
-0.5842 0.004151
-0.5627 0.003306
-0.5380 0.002613
-0.5098 0.002048
-0.4783 0.001589
-0.4434 0.001218
-0.4051 0.000920
-0.3634 0.000683
-0.3179 0.000494
-0.2679 0.000344
-0.2114 0.000225
-0.1430 0.000126
-0.0426 0.032944
0.1053 -0.116845
0.2139 -0.319831
0.2507 -0.375882
0.2379 -0.357248
0.2023 -0.304027
0.1605 -0.241443
0.1194 -0.179740
0.0797 -0.120167
0.0393 -0.059581
-0.0054 0.006848
-0.0592 0.071416
-0.1258 0.125920
-0.1982 0.164397
-0.2656 0.182380
-0.3236 0.183839
-0.3726 0.175093
-0.4143 0.161022
-0.4502 0.144724
-0.4816 0.128021
-0.5093 0.111931
-0.5337 0.096990
-0.5553 0.083440
-0.5743 0.071354
-0.5909 0.060706
-0.6052 0.051411
-0.6173 0.043360
-0.6273 0.036429
-0.6350 0.030493
-0.6406 0.025433
-0.6438 0.021137
-0.6448 0.017503
-0.6433 0.014439
-0.6393 0.011865
-0.6327 0.009708
-0.6233 0.007908
-0.6110 0.006409
-0.5956 0.005167
-0.5772 0.004140
-0.5555 0.003295
-0.5305 0.002602
-0.5022 0.002037
-0.4706 0.001578
-0.4355 0.001208
-0.3971 0.000911
-0.3552 0.000674
-0.3096 0.000485
-0.2592 0.000336
-0.2017 0.000217
-0.1310 0.000117
-0.0220 0.017541
0.1258 -0.139972
0.2197 -0.328729
0.2456 -0.368452
0.2283 -0.342891
0.1922 -0.288907
0.1516 -0.228001
0.1118 -0.168249
0.0730 -0.110030
0.0329 -0.049588
-0.0120 0.015807
-0.0667 0.078660
-0.1338 0.130905
-0.2054 0.166523
-0.2714 0.182087
-0.3279 0.182048
-0.3758 0.172546
-0.4165 0.158189
-0.4517 0.141875
-0.4825 0.125302
-0.5095 0.109417
-0.5334 0.094712
-0.5544 0.081404
-0.5729 0.069554
-0.5890 0.059126
-0.6028 0.050034
-0.6144 0.042165
-0.6238 0.035396
-0.6310 0.029604
-0.6359 0.024670
-0.6386 0.020484
-0.6389 0.016945
-0.6368 0.013964
-0.6321 0.011461
-0.6247 0.009366
-0.6145 0.007618
-0.6015 0.006165
-0.5854 0.004961
-0.5661 0.003968
-0.5437 0.003151
-0.5180 0.002482
-0.4889 0.001937
-0.4566 0.001496
-0.4209 0.001140
-0.3818 0.000855
-0.3391 0.000628
-0.2925 0.000448
-0.2406 0.000305
-0.1803 0.000189
-0.1010 0.038308
0.0246 -0.017379
0.1624 -0.242067
0.2294 -0.343617
0.2374 -0.356284
0.2126 -0.319437
0.1754 -0.263696
0.1361 -0.204676
0.0977 -0.147129
0.0596 -0.090012
0.0192 -0.028407
-0.0274 0.035654
-0.0852 0.095130
-0.1540 0.142624
-0.2242 0.171931
-0.2871 0.182211
-0.3406 0.178877
-0.3860 0.167666
-0.4249 0.152610
-0.4585 0.136188
-0.4879 0.119837
-0.5138 0.104345
-0.5366 0.090107
-0.5566 0.077290
-0.5741 0.065920
-0.5893 0.055944
-0.6021 0.047266
-0.6128 0.039772
-0.6212 0.033336
-0.6274 0.027838
-0.6313 0.023161
-0.6329 0.019199
-0.6321 0.015854
-0.6288 0.013041
-0.6229 0.010682
-0.6143 0.008710
-0.6028 0.007068
-0.5885 0.005705
-0.5710 0.004577
-0.5505 0.003648
-0.5267 0.002886
-0.4996 0.002264
-0.4693 0.001759
-0.4357 0.001350
-0.3987 0.001022
-0.3583 0.000759
-0.3141 0.000551
-0.2655 0.000385
-0.2104 0.000252
-0.1438 0.000143
-0.0423 0.032699
0.0985 -0.072801
0.2006 -0.299906
0.2328 -0.349051
0.2214 -0.332509
0.1899 -0.285340
0.1523 -0.229004
0.1146 -0.172393
0.0775 -0.116814
0.0394 -0.059200
-0.0026 0.002980
-0.0534 0.065678
-0.1163 0.118954
-0.1864 0.158014
-0.2533 0.177703
-0.3114 0.180784
-0.3606 0.173207
-0.4026 0.159896
-0.4386 0.144069
-0.4699 0.127647
-0.4974 0.111718
-0.5215 0.096861
-0.5428 0.083351
-0.5613 0.071278
-0.5774 0.060627
-0.5912 0.051323
-0.6027 0.043260
-0.6119 0.036317
-0.6189 0.030371
-0.6236 0.025304
-0.6260 0.021003
-0.6261 0.017367
-0.6236 0.014304
-0.6187 0.011733
-0.6110 0.009582
-0.6006 0.007788
-0.5873 0.006297
-0.5711 0.005062
-0.5517 0.004044
-0.5292 0.003208
-0.5035 0.002524
-0.4746 0.001967
-0.4423 0.001516
-0.4068 0.001153
-0.3680 0.000862
-0.3255 0.000631
-0.2788 0.000447
-0.2265 0.000300
-0.1648 0.000181
-0.0764 0.058197
0.0523 -0.038176
0.1743 -0.260297
0.2222 -0.333030
0.2213 -0.332199
0.1952 -0.293352
0.1601 -0.240735
0.1235 -0.185821
0.0874 -0.131623
0.0507 -0.076663
0.0112 -0.016150
-0.0355 0.044872
-0.0935 0.101941
-0.1616 0.145987
-0.2298 0.171974
-0.2907 0.179999
-0.3426 0.175470
-0.3866 0.163773
-0.4242 0.148643
-0.4569 0.132372
-0.4854 0.116284
-0.5103 0.101104
-0.5323 0.087193
-0.5515 0.074694
-0.5681 0.063624
-0.5823 0.053925
-0.5942 0.045500
-0.6039 0.038231
-0.6112 0.031996
-0.6163 0.026676
-0.6191 0.022156
-0.6195 0.018332
-0.6175 0.015108
-0.6129 0.012399
-0.6057 0.010132
-0.5957 0.008240
-0.5830 0.006667
-0.5673 0.005364
-0.5485 0.004289
-0.5267 0.003405
-0.5017 0.002682
-0.4735 0.002093
-0.4421 0.001616
-0.4074 0.001232
-0.3694 0.000923
-0.3279 0.000678
-0.2822 0.000483
-0.2311 0.000327
-0.1713 0.000201
-0.0865 0.065724
0.0359 -0.025937
0.1619 -0.181144
0.2144 -0.321321
0.2171 -0.325906
0.1938 -0.291137
0.1605 -0.241241
0.1251 -0.188117
0.0898 -0.135285
0.0541 -0.081682
0.0158 -0.022623
-0.0290 0.036637
-0.0847 0.095022
-0.1510 0.140453
-0.2191 0.168824
-0.2808 0.179009
-0.3335 0.175921
-0.3783 0.165037
-0.4165 0.150297
-0.4496 0.134156
-0.4784 0.118047
-0.5037 0.102762
-0.5258 0.088703
-0.5451 0.076040
-0.5619 0.064804
-0.5762 0.054947
-0.5881 0.046374
-0.5978 0.038973
-0.6051 0.032622
-0.6102 0.027199
-0.6129 0.022591
-0.6133 0.018690
-0.6112 0.015402
-0.6066 0.012639
-0.5994 0.010326
-0.5895 0.008397
-0.5768 0.006793
-0.5611 0.005464
-0.5425 0.004368
-0.5208 0.003467
-0.4959 0.002730
-0.4680 0.002130
-0.4368 0.001644
-0.4024 0.001253
-0.3647 0.000939
-0.3235 0.000689
-0.2781 0.000490
-0.2271 0.000331
-0.1671 0.000202
-0.0792 0.060265
0.0442 -0.032127
0.1663 -0.186150
0.2140 -0.320694
0.2137 -0.320796
0.1895 -0.284711
0.1564 -0.235121
0.1215 -0.182798
0.0868 -0.130711
0.0514 -0.077074
0.0133 -0.018948
-0.0316 0.039624
-0.0873 0.097705
-0.1533 0.142174
-0.2208 0.169529
-0.2816 0.178972
-0.3338 0.175453
-0.3780 0.164356
-0.4158 0.149535
-0.4486 0.133386
-0.4771 0.117309
-0.5020 0.102075
-0.5239 0.088077
-0.5429 0.075477
-0.5594 0.064302
-0.5735 0.054502
-0.5851 0.045983
-0.5945 0.038630
-0.6016 0.032323
-0.6064 0.026939
-0.6089 0.022365
-0.6090 0.018495
-0.6066 0.015234
-0.6018 0.012495
-0.5943 0.010203
-0.5841 0.008292
-0.5711 0.006704
-0.5552 0.005389
-0.5364 0.004305
-0.5145 0.003414
-0.4895 0.002686
-0.4614 0.002093
-0.4302 0.001614
-0.3957 0.001228
-0.3579 0.000918
-0.3165 0.000672
-0.2709 0.000475
-0.2194 0.000319
-0.1579 0.000190
-0.0641 0.048942
0.0654 -0.048033
0.1818 -0.203680
0.2201 -0.329904
0.2142 -0.321646
0.1871 -0.281157
0.1528 -0.229679
0.1174 -0.176643
0.0824 -0.124154
0.0467 -0.069588
0.0078 -0.011303
-0.0384 0.048038
-0.0957 0.104989
-0.1623 0.147606
-0.2290 0.172442
-0.2885 0.179791
-0.3393 0.174930
-0.3824 0.163093
-0.4194 0.147923
-0.4515 0.131662
-0.4794 0.115609
-0.5039 0.100474
-0.5253 0.086613
-0.5440 0.074164
-0.5601 0.063142
-0.5738 0.053488
-0.5852 0.045105
-0.5943 0.037875
-0.6012 0.031678
-0.6058 0.026392
-0.6080 0.021903
-0.6079 0.018107
-0.6054 0.014909
-0.6003 0.012224
-0.5926 0.009979
-0.5823 0.008107
-0.5692 0.006552
-0.5531 0.005265
-0.5341 0.004204
-0.5121 0.003333
-0.4870 0.002621
-0.4588 0.002042
-0.4274 0.001573
-0.3929 0.001195
-0.3550 0.000893
-0.3135 0.000652
-0.2676 0.000461
-0.2157 0.000307
-0.1533 0.000181
-0.0577 0.044207
0.0779 -0.057348
0.1929 -0.288333
0.2291 -0.343520
0.2207 -0.331415
0.1912 -0.287305
0.1550 -0.233080
0.1184 -0.178154
0.0825 -0.124353
0.0461 -0.068995
0.0065 -0.009608
-0.0405 0.051221
-0.0986 0.107503
-0.1658 0.149756
-0.2324 0.173827
-0.2915 0.180454
-0.3419 0.175090
-0.3848 0.162948
-0.4215 0.147611
-0.4533 0.131274
-0.4810 0.115200
-0.5054 0.100077
-0.5267 0.086245
-0.5453 0.073835
-0.5615 0.062856
-0.5752 0.053245
-0.5867 0.044903
-0.5959 0.037710
-0.6029 0.031546
-0.6076 0.026288
-0.6101 0.021824
-0.6102 0.018049
-0.6079 0.014868
-0.6031 0.012197
-0.5958 0.009962
-0.5858 0.008099
-0.5730 0.006551
-0.5574 0.005269
-0.5388 0.004211
-0.5172 0.003342
-0.4924 0.002632
-0.4646 0.002053
-0.4336 0.001584
-0.3994 0.001207
-0.3618 0.000904
-0.3207 0.000663
-0.2754 0.000471
-0.2244 0.000317
-0.1637 0.000192
-0.0766 0.029191
0.0564 -0.041201
0.1856 -0.277155
0.2359 -0.353617
0.2338 -0.351048
0.2052 -0.308309
0.1676 -0.252010
0.1293 -0.194497
0.0922 -0.138849
0.0553 -0.083459
0.0160 -0.023659
-0.0296 0.038455
-0.0857 0.096685
-0.1522 0.142350
-0.2201 0.170483
-0.2813 0.180278
-0.3335 0.176837
-0.3778 0.165684
-0.4156 0.150751
-0.4484 0.134477
-0.4769 0.118279
-0.5019 0.102936
-0.5239 0.088842
-0.5432 0.076159
-0.5599 0.064913
-0.5743 0.055051
-0.5864 0.046478
-0.5963 0.039078
-0.6040 0.032729
-0.6095 0.027309
-0.6128 0.022701
-0.6138 0.018801
-0.6124 0.015512
-0.6087 0.012747
-0.6024 0.010431
-0.5935 0.008498
-0.5819 0.006889
-0.5674 0.005554
-0.5500 0.004452
-0.5296 0.003545
-0.5061 0.002801
-0.4795 0.002194
-0.4496 0.001701
-0.4165 0.001303
-0.3802 0.000984
-0.3403 0.000728
-0.2966 0.000525
-0.2479 0.000363
-0.1917 0.000232
-0.1209 0.045769
-0.0081 0.007103
0.1388 -0.154627
0.2275 -0.340492
0.2480 -0.372068
0.2282 -0.342761
0.1917 -0.288073
0.1516 -0.227979
0.1128 -0.169711
0.0753 -0.113450
0.0370 -0.055737
-0.0053 0.006756
-0.0560 0.068806
-0.1184 0.120849
-0.1873 0.158472
-0.2527 0.176978
-0.3095 0.179335
-0.3576 0.171395
-0.3985 0.157954
-0.4336 0.142136
-0.4641 0.125805
-0.4908 0.110011
-0.5143 0.095312
-0.5349 0.081966
-0.5529 0.070056
-0.5685 0.059561
-0.5818 0.050402
-0.5929 0.042472
-0.6019 0.035648
-0.6087 0.029809
-0.6134 0.024835
-0.6158 0.020617
-0.6160 0.017051
-0.6138 0.014049
-0.6092 0.011529
-0.6020 0.009421
-0.5922 0.007663
-0.5796 0.006201
-0.5642 0.004991
-0.5458 0.003992
-0.5242 0.003171
-0.4996 0.002498
-0.4717 0.001951
-0.4406 0.001507
-0.4062 0.001149
-0.3684 0.000861
-0.3270 0.000632
-0.2813 0.000450
-0.2301 0.000305
-0.1696 0.000186
-0.0881 0.033502
0.0423 -0.045907
0.1797 -0.268070
0.2458 -0.368210
0.2510 -0.376791
0.2230 -0.335079
0.1832 -0.275414
0.1422 -0.213975
0.1032 -0.155437
0.0654 -0.098625
0.0260 -0.039240
-0.0183 0.024510
-0.0724 0.083939
-0.1379 0.132653
-0.2070 0.164936
-0.2703 0.178261
-0.3246 0.177087
-0.3704 0.167182
-0.4095 0.152846
-0.4432 0.136787
-0.4725 0.120589
-0.4981 0.105131
-0.5207 0.090866
-0.5405 0.077991
-0.5578 0.066550
-0.5727 0.056501
-0.5854 0.047754
-0.5960 0.040197
-0.6044 0.033706
-0.6107 0.028159
-0.6148 0.023441
-0.6168 0.019443
-0.6164 0.016068
-0.6138 0.013228
-0.6086 0.010846
-0.6010 0.008855
-0.5906 0.007195
-0.5775 0.005817
-0.5614 0.004676
-0.5423 0.003735
-0.5201 0.002962
-0.4947 0.002330
-0.4661 0.001815
-0.4341 0.001398
-0.3988 0.001062
-0.3601 0.000793
-0.3175 0.000578
-0.2705 0.000408
-0.2173 0.000271
-0.1532 0.000158
-0.0633 0.024200
0.0777 -0.085737
0.2027 -0.302756
0.2554 -0.382819
0.2515 -0.377569
0.2189 -0.328888
0.1774 -0.266683
0.1361 -0.204685
0.0970 -0.146054
0.0588 -0.088838
0.0187 -0.028382
-0.0271 0.035757
-0.0834 0.092987
-0.1505 0.139133
-0.2192 0.167814
-0.2810 0.178027
-0.3337 0.174869
-0.3782 0.163924
-0.4161 0.149167
-0.4488 0.133056
-0.4773 0.117014
-0.5023 0.101822
-0.5243 0.087872
-0.5435 0.075325
-0.5603 0.064205
-0.5747 0.054458
-0.5870 0.045989
-0.5971 0.038680
-0.6051 0.032411
-0.6110 0.027059
-0.6147 0.022510
-0.6163 0.018659
-0.6155 0.015409
-0.6124 0.012677
-0.6069 0.010387
-0.5988 0.008474
-0.5879 0.006880
-0.5743 0.005557
-0.5577 0.004462
-0.5381 0.003559
-0.5153 0.002819
-0.4893 0.002213
-0.4600 0.001720
-0.4273 0.001322
-0.3913 0.001001
-0.3517 0.000744
-0.3082 0.000539
-0.2600 0.000376
-0.2048 0.000245
-0.1369 0.000136
-0.0377 0.014651
0.1096 -0.162269
0.2213 -0.330786
0.2615 -0.392159
0.2498 -0.375100
0.2136 -0.321086
0.1711 -0.257332
0.1298 -0.195266
0.0908 -0.136749
0.0524 -0.079201
0.0116 -0.017736
-0.0357 0.046068
-0.0942 0.101284
-0.1624 0.144760
-0.2303 0.170035
-0.2905 0.177507
-0.3416 0.172670
-0.3848 0.160872
-0.4217 0.145791
-0.4536 0.129666
-0.4813 0.113785
-0.5057 0.098843
-0.5270 0.085182
-0.5457 0.072933
-0.5620 0.062102
-0.5760 0.052626
-0.5877 0.044404
-0.5974 0.037318
-0.6049 0.031246
-0.6104 0.026067
-0.6137 0.021669
-0.6147 0.017948
-0.6135 0.014811
-0.6099 0.012175
-0.6039 0.009967
-0.5952 0.008123
-0.5838 0.006588
-0.5696 0.005315
-0.5524 0.004262
-0.5321 0.003394
-0.5086 0.002683
-0.4819 0.002102
-0.4519 0.001630
-0.4185 0.001248
-0.3816 0.000941
-0.3411 0.000696
-0.2965 0.000500
-0.2467 0.000344
-0.1891 0.000218
-0.1160 0.000111
-0.0036 0.003774
0.1436 -0.213440
0.2391 -0.357740
0.2647 -0.397035
0.2446 -0.367461
0.2054 -0.308690
0.1624 -0.244180
0.1214 -0.182622
0.0826 -0.124477
0.0440 -0.066529
0.0021 -0.003728
-0.0471 0.058388
-0.1082 0.111383
-0.1772 0.151193
-0.2438 0.172243
-0.3020 0.176535
-0.3512 0.169820
-0.3928 0.157102
-0.4284 0.141697
-0.4592 0.125597
-0.4861 0.109931
-0.5096 0.095302
-0.5303 0.081993
-0.5483 0.070102
-0.5639 0.059617
-0.5773 0.050463
-0.5885 0.042534
-0.5976 0.035711
-0.6045 0.029871
-0.6094 0.024896
-0.6120 0.020675
-0.6125 0.017108
-0.6106 0.014103
-0.6064 0.011579
-0.5996 0.009468
-0.5902 0.007706
-0.5780 0.006240
-0.5630 0.005025
-0.5449 0.004022
-0.5237 0.003196
-0.4993 0.002520
-0.4717 0.001968
-0.4406 0.001520
-0.4062 0.001159
-0.3682 0.000869
-0.3265 0.000637
-0.2805 0.000453
-0.2285 0.000305
-0.1670 0.000185
-0.0850 0.000078
0.0465 -0.033745
0.1834 -0.273441
0.2553 -0.382410
0.2629 -0.394619
0.2341 -0.351708
0.1923 -0.289069
0.1495 -0.224878
0.1093 -0.164523
0.0709 -0.106938
0.0317 -0.048231
-0.0117 0.015987
-0.0641 0.074992
-0.1283 0.124560
-0.1975 0.158860
-0.2618 0.174313
-0.3171 0.174689
-0.3638 0.165760
-0.4033 0.152005
-0.4373 0.136283
-0.4667 0.120279
-0.4924 0.104933
-0.5149 0.090732
-0.5346 0.077893
-0.5518 0.066473
-0.5666 0.056438
-0.5791 0.047700
-0.5895 0.040149
-0.5978 0.033663
-0.6040 0.028120
-0.6080 0.023406
-0.6098 0.019411
-0.6094 0.016039
-0.6066 0.013201
-0.6014 0.010822
-0.5936 0.008832
-0.5832 0.007174
-0.5699 0.005797
-0.5537 0.004657
-0.5344 0.003717
-0.5120 0.002944
-0.4863 0.002312
-0.4573 0.001798
-0.4249 0.001381
-0.3890 0.001046
-0.3496 0.000777
-0.3061 0.000563
-0.2578 0.000392
-0.2024 0.000255
-0.1339 0.000140
-0.0339 0.013231
0.1130 -0.167299
0.2246 -0.335740
0.2648 -0.397062
0.2526 -0.379317
0.2159 -0.324427
0.1729 -0.260006
0.1313 -0.197605
0.0923 -0.139089
0.0542 -0.081891
0.0139 -0.021335
-0.0325 0.042022
-0.0897 0.096856
-0.1571 0.140584
-0.2250 0.166728
-0.2855 0.175098
-0.3369 0.170930
-0.3803 0.159582
-0.4173 0.144795
-0.4491 0.128868
-0.4768 0.113124
-0.5009 0.098281
-0.5221 0.084696
-0.5405 0.072508
-0.5565 0.061727
-0.5702 0.052293
-0.5817 0.044108
-0.5910 0.037055
-0.5982 0.031011
-0.6032 0.025857
-0.6061 0.021482
-0.6067 0.017781
-0.6051 0.014662
-0.6010 0.012042
-0.5945 0.009848
-0.5853 0.008017
-0.5733 0.006493
-0.5585 0.005230
-0.5406 0.004186
-0.5196 0.003327
-0.4954 0.002623
-0.4680 0.002049
-0.4371 0.001583
-0.4029 0.001206
-0.3651 0.000904
-0.3234 0.000662
-0.2774 0.000470
-0.2254 0.000316
-0.1634 0.000190
-0.0800 0.000077
0.0536 -0.058624
0.1880 -0.280403
0.2549 -0.381850
0.2595 -0.389559
0.2299 -0.345493
0.1886 -0.283503
0.1466 -0.220486
0.1071 -0.161238
0.0693 -0.104551
0.0307 -0.046591
-0.0123 0.016624
-0.0642 0.074692
-0.1277 0.123395
-0.1964 0.157178
-0.2603 0.172464
-0.3154 0.172872
-0.3618 0.164058
-0.4012 0.150448
-0.4349 0.134876
-0.4641 0.119018
-0.4896 0.103808
-0.5118 0.089733
-0.5312 0.077010
-0.5480 0.065694
-0.5625 0.055752
-0.5747 0.047097
-0.5847 0.039620
-0.5925 0.033199
-0.5982 0.027715
-0.6017 0.023051
-0.6031 0.019101
-0.6021 0.015767
-0.5987 0.012964
-0.5928 0.010615
-0.5844 0.008651
-0.5732 0.007017
-0.5592 0.005660
-0.5421 0.004537
-0.5220 0.003613
-0.4987 0.002854
-0.4722 0.002234
-0.4423 0.001730
-0.4089 0.001323
-0.3721 0.000996
-0.3315 0.000734
-0.2867 0.000525
-0.2363 0.000358
-0.1771 0.000222
-0.1001 0.000104
0.0228 -0.023994
0.1648 -0.245389
0.2440 -0.365376
0.2580 -0.387099
0.2334 -0.350639
0.1941 -0.291756
0.1527 -0.229695
0.1135 -0.170824
0.0762 -0.114785
0.0384 -0.058244
-0.0028 0.003378
-0.0518 0.062657
-0.1124 0.113024
-0.1805 0.150286
-0.2457 0.169416
-0.3026 0.172650
-0.3508 0.165526
-0.3915 0.152788
-0.4262 0.137575
-0.4562 0.121773
-0.4823 0.106450
-0.5051 0.092174
-0.5249 0.079208
-0.5421 0.067640
-0.5569 0.057452
-0.5693 0.048567
-0.5796 0.040879
-0.5876 0.034270
-0.5935 0.028620
-0.5972 0.023811
-0.5986 0.019736
-0.5978 0.016295
-0.5945 0.013400
-0.5888 0.010973
-0.5805 0.008945
-0.5694 0.007255
-0.5555 0.005852
-0.5386 0.004692
