-0.3382 -0.087955
-0.3346 -0.085304
-0.3303 -0.083553
-0.3257 -0.082454
-0.3209 -0.081841
-0.3159 -0.081612
-0.3109 -0.081699
-0.3058 -0.082059
-0.3007 -0.082660
-0.2955 -0.083477
-0.2902 -0.084497
-0.2847 -0.085713
-0.2790 -0.087131
-0.2730 -0.088766
-0.2666 -0.090641
-0.2586 -0.079844
-0.2514 -0.161284
-0.2548 -0.147427
-0.2548 -0.137800
-0.2526 -0.131029
-0.2499 -0.125780
-0.2482 -0.121073
-0.2483 -0.116418
-0.2504 -0.111686
-0.2541 -0.106947
-0.2590 -0.102337
-0.2735 -0.179308
-0.2934 -0.162061
-0.3099 -0.147963
-0.3234 -0.136650
-0.3341 -0.127671
-0.3426 -0.120593
-0.3493 -0.115056
-0.3544 -0.110783
-0.3583 -0.106536
-0.3600 -0.096512
-0.3596 -0.089509
-0.3568 -0.076865
-0.3514 -0.066617
-0.3439 -0.058419
-0.3349 -0.051595
-0.3248 -0.045724
-0.3139 -0.040551
-0.3025 -0.035928
-0.2909 -0.031773
-0.2790 -0.028040
-0.2669 -0.024700
-0.2545 -0.021728
-0.2415 -0.019100
-0.2278 -0.016793
-0.2131 -0.014781
-0.1969 -0.013039
-0.1786 -0.011547
-0.1572 -0.010286
-0.1311 -0.009240
-0.0976 -0.008416
-0.0503 -0.007852
0.0222 -0.007611
0.1207 -0.007555
0.2122 -0.007242
0.2740 -0.006576
0.3068 -0.005726
0.3176 -0.004847
0.3133 -0.004027
0.2998 -0.003307
0.2813 -0.002698
0.2605 -0.002193
0.2392 -0.001780
0.2183 -0.001445
0.1825 -0.257313
0.1248 -0.235379
0.0758 -0.216770
0.0261 -0.198006
-0.0334 -0.175599
-0.1098 -0.146907
-0.1941 -0.115189
-0.2676 -0.087496
-0.3231 -0.066573
-0.3624 -0.051759
-0.3893 -0.041638
-0.4070 -0.034945
-0.4182 -0.030721
-0.4247 -0.028279
-0.4277 -0.027138
-0.4281 -0.026956
-0.4267 -0.027493
-0.4238 -0.028575
-0.4198 -0.030074
-0.4148 -0.029813
-0.4084 -0.026514
-0.4006 -0.023790
-0.3949 -0.060206
-0.3918 -0.058244
-0.3873 -0.057512
-0.3881 -0.096427
-0.3879 -0.094472
-0.3864 -0.093842
-0.3852 -0.093349
-0.3850 -0.092238
-0.3860 -0.090456
-0.3876 -0.088333
-0.3894 -0.086256
-0.3909 -0.084510
-0.3919 -0.083249
-0.3924 -0.082516
-0.3923 -0.082285
-0.3917 -0.082493
-0.3906 -0.083069
-0.3892 -0.083959
-0.3870 -0.078686
-0.3826 -0.068250
-0.3761 -0.060106
-0.3682 -0.053405
-0.3591 -0.047667
-0.3492 -0.042616
-0.3386 -0.038090
-0.3275 -0.033991
-0.3161 -0.030265
-0.3084 -0.098220
-0.3098 -0.093165
-0.3099 -0.089501
-0.3091 -0.086866
-0.3079 -0.084877
-0.3068 -0.083225
-0.3061 -0.081741
-0.3059 -0.080358
-0.3060 -0.079065
-0.3064 -0.077876
-0.3074 -0.148873
-0.3208 -0.137856
-0.3314 -0.129167
-0.3396 -0.122433
-0.3459 -0.117327
-0.3504 -0.113574
-0.3536 -0.110948
-0.3556 -0.109267
-0.3565 -0.108395
-0.3565 -0.108238
-0.3557 -0.108738
-0.3541 -0.109854
-0.3517 -0.109983
-0.3476 -0.103846
-0.3415 -0.099950
-0.3342 -0.097590
-0.3260 -0.096273
-0.3174 -0.095623
-0.3090 -0.095363
-0.3000 -0.084324
-0.2894 -0.073590
-0.2777 -0.064371
-0.2653 -0.056334
-0.2523 -0.049288
-0.2386 -0.043110
-0.2242 -0.037710
-0.2219 -0.240265
-0.2459 -0.214569
-0.2658 -0.194042
-0.2819 -0.177775
-0.2955 -0.164416
-0.3076 -0.152910
-0.3186 -0.142795
-0.3284 -0.133972
-0.3370 -0.126450
-0.3441 -0.120219
-0.3499 -0.115217
-0.3544 -0.111332
-0.3577 -0.108431
-0.3600 -0.106381
-0.3614 -0.105065
-0.3621 -0.104395
-0.3618 -0.100326
-0.3595 -0.093821
-0.3556 -0.089470
-0.3503 -0.086685
-0.3440 -0.085078
-0.3369 -0.084362
-0.3293 -0.084286
-0.3210 -0.077127
-0.3110 -0.068005
-0.2998 -0.060151
-0.2879 -0.053227
-0.2755 -0.047052
-0.2627 -0.041528
-0.2496 -0.036596
-0.2361 -0.032209
-0.2295 -0.129041
-0.2352 -0.121847
-0.2403 -0.115864
-0.2447 -0.110895
-0.2485 -0.106782
-0.2518 -0.103366
-0.2547 -0.100469
-0.2575 -0.097931
-0.2604 -0.095639
-0.2633 -0.093543
-0.2661 -0.091644
-0.2688 -0.089972
-0.2710 -0.088571
-0.2822 -0.165599
-0.2962 -0.145271
-0.3049 -0.128216
-0.3093 -0.116394
-0.3107 -0.108194
-0.3100 -0.102454
-0.3080 -0.098326
-0.3054 -0.095240
-0.3027 -0.092847
-0.3000 -0.090957
-0.2974 -0.089475
-0.2948 -0.088361
-0.2921 -0.087604
-0.2892 -0.087210
-0.2860 -0.087196
-0.2821 -0.087587
-0.2776 -0.088408
-0.2723 -0.089685
-0.2660 -0.091432
-0.2584 -0.086177
-0.2473 -0.074526
-0.2330 -0.065119
-0.2279 -0.156971
-0.2290 -0.146853
-0.2287 -0.139178
-0.2280 -0.133050
-0.2280 -0.127683
-0.2295 -0.122575
-0.2327 -0.117522
-0.2375 -0.112511
-0.2454 -0.202363
-0.2691 -0.181767
-0.2894 -0.164443
-0.3063 -0.150215
-0.3202 -0.138641
-0.3316 -0.129247
-0.3404 -0.115373
-0.3459 -0.102523
-0.3489 -0.093262
-0.3501 -0.086515
-0.3500 -0.081562
-0.3515 -0.132339
-0.3592 -0.122169
-0.3644 -0.115006
-0.3678 -0.110001
-0.3698 -0.106548
-0.3709 -0.104209
-0.3713 -0.102684
-0.3711 -0.101769
-0.3706 -0.101316
-0.3699 -0.101212
-0.3689 -0.100931
-0.3669 -0.093790
-0.3635 -0.087019
-0.3580 -0.075569
-0.3505 -0.066453
-0.3413 -0.058908
-0.3307 -0.052481
-0.3189 -0.046894
-0.3059 -0.041970
-0.2918 -0.037597
-0.2765 -0.033699
-0.2599 -0.030227
-0.2419 -0.027145
-0.2218 -0.024430
-0.1991 -0.022065
-0.1726 -0.020050
-0.1401 -0.018404
-0.0971 -0.017202
-0.0337 -0.016620
0.0651 -0.016814
0.1817 -0.016946
0.2718 -0.016035
0.3247 -0.014314
0.3462 -0.012271
0.3458 -0.010245
0.3317 -0.008414
0.3105 -0.006848
0.2863 -0.005548
0.2616 -0.004488
0.2378 -0.003631
0.2152 -0.002940
0.1941 -0.002383
0.1744 -0.001933
0.1556 -0.001569
0.1377 -0.001275
0.1202 -0.001035
0.1028 -0.000840
0.0849 -0.000681
0.0659 -0.000550
0.0447 -0.000442
0.0197 -0.000353
-0.0121 -0.000276
-0.0545 -0.000211
-0.1104 -0.000154
-0.1747 -0.000108
-0.2359 -0.000073
-0.2865 -0.000049
-0.3252 -0.000034
-0.3534 -0.000024
-0.3733 -0.000017
-0.3866 -0.000013
-0.3949 -0.000010
-0.3993 -0.000008
-0.4007 -0.000006
-0.4049 -0.035687
-0.4074 -0.034741
-0.4072 -0.034780
-0.4051 -0.035566
-0.4016 -0.036893
-0.4008 -0.074434
-0.4019 -0.073547
-0.4022 -0.073382
-0.4020 -0.073496
-0.4017 -0.073693
-0.4015 -0.073892
-0.4041 -0.107938
-0.4091 -0.102271
-0.4124 -0.098573
-0.4144 -0.096280
-0.4157 -0.094902
-0.4163 -0.094132
-0.4164 -0.089646
-0.4147 -0.081422
-0.4115 -0.075782
-0.4073 -0.071789
-0.4025 -0.068936
-0.3972 -0.066941
-0.3914 -0.065638
-0.3852 -0.064915
-0.3787 -0.064695
-0.3713 -0.058697
-0.3623 -0.052382
-0.3518 -0.047010
-0.3400 -0.042335
-0.3268 -0.038207
-0.3123 -0.034532
-0.2964 -0.031243
-0.2790 -0.028292
-0.2598 -0.025644
-0.2386 -0.023275
-0.2149 -0.021172
-0.1887 -0.136017
-0.1817 -0.135791
-0.1725 -0.136878
-0.1615 -0.139063
-0.1499 -0.141740
-0.1395 -0.144171
-0.1316 -0.145820
-0.1270 -0.146374
-0.1261 -0.145665
-0.1291 -0.143600
-0.1362 -0.140135
-0.1473 -0.135299
-0.1619 -0.129238
-0.1792 -0.122255
-0.1981 -0.114772
-0.2173 -0.107254
-0.2356 -0.100110
-0.2523 -0.093639
-0.2669 -0.088021
-0.2791 -0.083329
-0.2888 -0.079564
-0.2964 -0.076668
-0.3019 -0.074540
-0.3057 -0.073046
-0.3076 -0.063068
-0.3146 -0.120308
-0.3232 -0.106733
-0.3285 -0.097042
-0.3316 -0.089979
-0.3334 -0.084665
-0.3343 -0.080540
-0.3348 -0.077275
-0.3350 -0.074682
-0.3348 -0.072640
-0.3344 -0.071061
-0.3337 -0.069869
-0.3328 -0.068990
-0.3318 -0.068361
-0.3307 -0.067936
-0.3295 -0.067695
-0.3278 -0.062906
-0.3243 -0.053606
-0.3190 -0.046118
-0.3123 -0.039937
-0.3045 -0.034734
-0.2959 -0.030287
-0.2866 -0.026446
-0.2767 -0.023107
-0.2783 -0.102324
-0.2828 -0.097149
-0.2858 -0.093271
-0.2874 -0.090451
-0.2878 -0.088479
-0.2875 -0.087135
-0.2868 -0.086208
-0.2859 -0.085533
-0.2850 -0.085010
-0.2842 -0.084593
-0.2835 -0.084278
-0.2827 -0.084085
-0.2817 -0.084049
-0.2803 -0.084210
-0.2784 -0.084612
-0.2760 -0.085292
-0.2728 -0.086288
-0.2703 -0.173288
-0.2811 -0.164975
-0.2879 -0.150313
-0.2898 -0.136785
-0.2889 -0.127274
-0.2872 -0.119938
-0.2857 -0.113786
-0.2851 -0.108278
-0.2858 -0.103166
-0.2957 -0.171387
-0.3107 -0.155912
-0.3232 -0.143383
-0.3333 -0.133364
-0.3415 -0.125467
-0.3478 -0.119356
-0.3526 -0.114748
-0.3560 -0.111410
-0.3581 -0.109143
-0.3593 -0.107784
-0.3595 -0.107202
-0.3590 -0.105896
-0.3567 -0.098712
-0.3526 -0.093876
-0.3470 -0.086223
-0.3392 -0.075697
-0.3294 -0.067040
-0.3183 -0.059624
-0.3062 -0.053099
-0.2934 -0.047275
-0.2800 -0.042047
-0.2659 -0.037354
-0.2512 -0.033152
-0.2357 -0.029406
-0.2193 -0.026082
-0.2016 -0.023149
-0.1823 -0.020582
-0.1743 -0.139801
-0.1776 -0.135486
-0.1815 -0.131473
-0.1861 -0.127612
-0.1918 -0.123708
-0.1987 -0.119630
-0.2068 -0.115347
-0.2159 -0.110911
-0.2257 -0.106424
-0.2356 -0.102002
-0.2455 -0.097758
-0.2549 -0.093793
-0.2635 -0.090200
-0.2708 -0.080610
-0.2748 -0.066138
-0.2757 -0.055002
-0.2742 -0.046245
-0.2707 -0.039212
-0.2657 -0.033457
-0.2596 -0.028670
-0.2526 -0.024640
-0.2449 -0.021221
-0.2378 -0.116582
-0.2479 -0.109224
-0.2562 -0.103280
-0.2628 -0.098578
-0.2678 -0.094959
-0.2713 -0.092244
-0.2737 -0.090224
-0.2753 -0.088701
-0.2790 -0.169457
-0.2945 -0.157040
-0.3067 -0.147239
-0.3163 -0.139578
-0.3241 -0.133388
-0.3307 -0.128123
-0.3365 -0.123549
-0.3415 -0.119622
-0.3457 -0.116342
-0.3491 -0.113689
-0.3517 -0.111611
-0.3596 -0.158415
-0.3681 -0.141220
-0.3728 -0.129089
-0.3750 -0.121096
-0.3757 -0.115747
-0.3754 -0.112113
-0.3745 -0.109645
-0.3729 -0.102617
-0.3698 -0.095704
-0.3657 -0.090621
-0.3610 -0.086828
-0.3560 -0.083982
-0.3507 -0.081856
-0.3454 -0.080302
-0.3401 -0.079224
-0.3347 -0.078562
-0.3293 -0.078278
-0.3238 -0.078349
-0.3181 -0.078761
-0.3145 -0.148139
-0.3207 -0.141772
-0.3244 -0.137648
-0.3261 -0.133895
-0.3255 -0.122958
-0.3233 -0.114916
-0.3205 -0.108580
-0.3177 -0.103356
-0.3151 -0.098956
-0.3128 -0.095236
-0.3108 -0.092108
-0.3089 -0.089507
-0.3071 -0.087377
-0.3053 -0.085663
-0.3036 -0.084322
-0.3018 -0.083317
-0.2999 -0.082625
-0.2978 -0.082227
-0.2954 -0.082109
-0.2928 -0.082257
-0.2899 -0.082652
-0.2867 -0.083266
-0.2832 -0.084068
-0.2796 -0.085019
-0.2747 -0.073984
-0.2673 -0.063799
-0.2580 -0.055408
-0.2471 -0.048354
-0.2348 -0.042339
-0.2212 -0.037172
-0.2061 -0.032722
-0.1892 -0.028899
-0.1919 -0.139481
-0.1963 -0.133572
-0.2004 -0.128593
-0.2044 -0.124241
-0.2090 -0.120147
-0.2146 -0.116059
-0.2213 -0.111874
-0.2290 -0.107599
-0.2374 -0.103318
-0.2571 -0.186102
-0.2809 -0.167292
-0.3006 -0.151841
-0.3163 -0.139505
-0.3286 -0.129875
-0.3381 -0.122493
-0.3451 -0.113007
-0.3488 -0.101428
-0.3500 -0.093304
-0.3493 -0.087561
-0.3474 -0.083515
-0.3444 -0.080711
-0.3407 -0.078841
-0.3365 -0.077690
-0.3319 -0.077108
-0.3269 -0.076987
-0.3217 -0.077249
-0.3163 -0.077838
-0.3106 -0.078709
-0.3047 -0.077383
-0.2970 -0.066577
-0.2869 -0.057826
-0.2748 -0.050558
-0.2610 -0.044402
-0.2458 -0.039077
-0.2297 -0.034395
-0.2127 -0.030250
-0.1949 -0.026590
-0.1757 -0.023389
-0.1543 -0.020634
-0.1290 -0.018322
-0.0968 -0.016479
-0.0512 -0.015175
0.0190 -0.014515
0.1159 -0.014257
0.2083 -0.013577
0.2723 -0.012259
0.3074 -0.010611
0.3199 -0.008920
0.3166 -0.007354
0.3036 -0.005990
0.2852 -0.004845
0.2644 -0.003904
0.2431 -0.003141
0.2221 -0.002526
0.2019 -0.002033
0.1827 -0.001636
0.1645 -0.001318
0.1469 -0.001062
0.1300 -0.000856
0.1133 -0.000690
0.0965 -0.000556
0.0792 -0.000447
0.0606 -0.000358
0.0397 -0.000285
0.0147 -0.000225
-0.0169 -0.000175
-0.0591 -0.000132
-0.1138 -0.000096
-0.1756 -0.000067
-0.2337 -0.000045
-0.2813 -0.000031
-0.3172 -0.000021
-0.3429 -0.000015
-0.3607 -0.000011
-0.3726 -0.000008
-0.3802 -0.000007
-0.3847 -0.000005
-0.3871 -0.000004
-0.3930 -0.040150
-0.4025 -0.073231
-0.4144 -0.096405
-0.4234 -0.086253
-0.4288 -0.080179
-0.4321 -0.076432
-0.4342 -0.074089
-0.4354 -0.072736
-0.4358 -0.072183
-0.4357 -0.072321
-0.4350 -0.073075
-0.4339 -0.074398
-0.4322 -0.076252
-0.4297 -0.074823
-0.4263 -0.074644
-0.4218 -0.071364
-0.4161 -0.069095
-0.4097 -0.067692
-0.4029 -0.066780
-0.3955 -0.060080
-0.3872 -0.053895
-0.3782 -0.048324
-0.3688 -0.043238
-0.3590 -0.038588
-0.3489 -0.034354
-0.3384 -0.030523
-0.3275 -0.027077
-0.3160 -0.023992
-0.3039 -0.021241
-0.2911 -0.018796
-0.2776 -0.016628
-0.2631 -0.014711
-0.2476 -0.013022
-0.2308 -0.011542
-0.2122 -0.010252
-0.1912 -0.009140
-0.1668 -0.008195
-0.1374 -0.007408
-0.1002 -0.006786
-0.0485 -0.006368
0.0299 -0.006208
0.1326 -0.006159
0.2230 -0.005854
0.2817 -0.005262
0.3110 -0.004539
0.3187 -0.003809
0.3121 -0.003141
0.2970 -0.002562
0.2775 -0.002078
0.2564 -0.001680
0.2350 -0.001357
0.2142 -0.001096
0.1944 -0.000886
0.1755 -0.000716
0.1576 -0.000580
0.1404 -0.000469
0.1236 -0.000380
0.1071 -0.000308
0.0905 -0.000249
0.0732 -0.000201
0.0545 -0.000161
0.0333 -0.000129
0.0078 -0.000102
-0.0249 -0.000080
-0.0683 -0.000060
-0.1235 -0.000044
-0.1837 -0.000030
-0.2389 -0.000021
-0.2836 -0.000014
-0.3172 -0.000010
-0.3415 -0.000007
-0.3587 -0.000005
-0.3705 -0.000004
-0.3784 -0.000003
-0.3834 -0.000003
-0.3895 -0.041488
-0.3971 -0.038619
-0.4045 -0.071668
-0.4121 -0.065975
-0.4164 -0.062712
-0.4188 -0.060930
-0.4201 -0.059905
-0.4210 -0.059257
-0.4215 -0.058883
-0.4216 -0.058806
-0.4212 -0.059070
-0.4204 -0.059688
-0.4191 -0.060630
-0.4175 -0.061828
-0.4155 -0.060200
-0.4125 -0.057456
-0.4088 -0.055646
-0.4046 -0.054496
-0.4001 -0.053839
-0.3954 -0.053572
-0.3904 -0.053631
-0.3853 -0.053971
-0.3800 -0.054559
-0.3746 -0.055370
-0.3690 -0.056386
-0.3633 -0.057596
-0.3574 -0.058996
-0.3507 -0.053722
-0.3422 -0.047412
-0.3322 -0.042120
-0.3207 -0.037572
-0.3081 -0.033594
-0.2943 -0.030074
-0.2793 -0.026937
-0.2633 -0.024134
-0.2460 -0.021627
-0.2274 -0.019384
-0.2073 -0.017379
-0.1856 -0.015592
-0.1615 -0.014019
-0.1335 -0.012673
-0.0986 -0.011591
-0.0500 -0.010849
0.0241 -0.010547
0.1237 -0.010484
0.2149 -0.010041
0.2756 -0.009103
0.3071 -0.007914
0.3166 -0.006688
0.3112 -0.005549
0.2970 -0.004553
0.2780 -0.003712
0.2571 -0.003017
0.2358 -0.002449
0.2151 -0.001988
0.1952 -0.001614
0.1763 -0.001311
0.1583 -0.001066
0.1410 -0.000867
0.1242 -0.000705
0.1076 -0.000573
0.0909 -0.000465
0.0736 -0.000377
0.0551 -0.000305
0.0343 -0.000245
0.0096 -0.000195
-0.0216 -0.000153
-0.0627 -0.000117
-0.1152 -0.000086
-0.1740 -0.000061
-0.2294 -0.000042
-0.2754 -0.000029
-0.3106 -0.000021
-0.3364 -0.000015
-0.3545 -0.000011
-0.3665 -0.000008
-0.3739 -0.000007
-0.3778 -0.000005
-0.3792 -0.000004
-0.3787 -0.000004
-0.3769 -0.000003
-0.3742 -0.000003
-0.3782 -0.045703
-0.3814 -0.044487
-0.3862 -0.085447
-0.3932 -0.080152
-0.3979 -0.076619
-0.4012 -0.074087
-0.4040 -0.072016
-0.4064 -0.070197
-0.4085 -0.068658
-0.4127 -0.098284
-0.4184 -0.091875
-0.4219 -0.087934
-0.4235 -0.082495
-0.4232 -0.078585
-0.4218 -0.076476
-0.4197 -0.075490
-0.4173 -0.075221
-0.4146 -0.075433
-0.4117 -0.075992
-0.4088 -0.076818
-0.4059 -0.077858
-0.4029 -0.079071
-0.3999 -0.080428
-0.3970 -0.081915
-0.3939 -0.083543
-0.3908 -0.085338
-0.3871 -0.080516
-0.3812 -0.070766
-0.3732 -0.063053
-0.3637 -0.056625
-0.3528 -0.051071
-0.3407 -0.046156
-0.3275 -0.041739
-0.3133 -0.037728
-0.2982 -0.034055
-0.2824 -0.030668
-0.2660 -0.027537
-0.2492 -0.024651
-0.2318 -0.022012
-0.2137 -0.019625
-0.1944 -0.017494
-0.1732 -0.015625
-0.1487 -0.014027
-0.1185 -0.012719
-0.0777 -0.011753
-0.0165 -0.011234
0.0762 -0.011178
0.1802 -0.011025
0.2596 -0.010288
0.3065 -0.009127
0.3264 -0.007812
0.3269 -0.006529
0.3151 -0.005376
0.2965 -0.004387
0.2748 -0.003564
0.2522 -0.002890
0.2301 -0.002342
0.2089 -0.001899
0.1888 -0.001541
0.1699 -0.001252
0.1519 -0.001017
0.1347 -0.000827
0.1180 -0.000673
0.1017 -0.000547
0.0855 -0.000444
0.0689 -0.000361
0.0516 -0.000292
0.0328 -0.000236
0.0112 -0.000189
-0.0149 -0.000150
-0.0484 -0.000116
-0.0917 -0.000088
-0.1433 -0.000064
-0.1966 -0.000046
-0.2442 -0.000032
-0.2828 -0.000023
-0.3125 -0.000016
-0.3345 -0.000012
-0.3502 -0.000009
-0.3610 -0.000007
-0.3681 -0.000006
-0.3727 -0.000005
-0.3838 -0.043627
-0.3919 -0.040556
-0.3979 -0.038317
-0.4023 -0.036658
-0.4056 -0.035410
-0.4080 -0.034501
-0.4096 -0.033908
-0.4103 -0.033626
-0.4103 -0.033644
-0.4095 -0.033951
-0.4079 -0.034530
-0.4057 -0.035367
-0.4028 -0.035996
-0.3986 -0.031354
-0.3928 -0.027658
-0.3859 -0.024595
-0.3779 -0.021971
-0.3692 -0.019664
-0.3598 -0.017598
-0.3500 -0.015727
-0.3398 -0.014027
-0.3293 -0.012482
-0.3186 -0.011078
-0.3078 -0.009803
-0.2970 -0.008648
-0.2862 -0.007608
-0.2753 -0.006676
-0.2644 -0.005847
-0.2690 -0.091441
-0.2736 -0.088851
-0.2767 -0.086958
-0.2791 -0.085525
-0.2812 -0.084248
-0.2836 -0.082967
-0.2863 -0.081653
-0.2891 -0.080336
-0.2919 -0.079056
-0.2947 -0.077847
-0.2973 -0.076732
-0.2996 -0.075724
-0.3017 -0.074835
-0.3035 -0.074076
-0.3050 -0.073463
-0.3060 -0.073018
-0.3066 -0.072763
-0.3066 -0.072725
-0.3059 -0.072923
-0.3045 -0.068953
-0.3032 -0.131829
-0.3101 -0.117938
-0.3133 -0.108357
-0.3140 -0.101693
-0.3132 -0.096809
-0.3121 -0.092929
-0.3112 -0.089654
-0.3107 -0.086808
-0.3104 -0.084313
-0.3104 -0.082124
-0.3106 -0.080216
-0.3109 -0.078575
-0.3112 -0.077187
-0.3115 -0.076045
-0.3115 -0.075150
-0.3223 -0.136877
-0.3320 -0.128836
-0.3387 -0.117048
-0.3417 -0.105664
-0.3423 -0.097678
-0.3413 -0.091908
-0.3393 -0.087633
-0.3368 -0.084416
-0.3340 -0.081979
-0.3310 -0.080140
-0.3279 -0.078770
-0.3249 -0.077779
-0.3218 -0.077103
-0.3188 -0.076702
-0.3156 -0.076553
-0.3124 -0.076645
-0.3090 -0.076976
-0.3054 -0.077544
-0.3014 -0.078344
-0.2972 -0.079362
-0.2919 -0.070756
-0.2842 -0.061276
-0.2745 -0.053469
-0.2632 -0.046896
-0.2504 -0.041277
-0.2362 -0.036426
-0.2206 -0.032215
-0.2036 -0.028548
-0.1847 -0.025359
-0.1634 -0.022609
-0.1383 -0.020287
-0.1068 -0.018415
-0.0634 -0.017071
-0.0037 -0.202125
0.0433 -0.218346
0.0970 -0.237238
0.1444 -0.253730
0.1768 -0.264468
0.1937 -0.269285
0.1978 -0.269412
0.1651 -0.505346
0.1196 -0.469819
0.0777 -0.437293
0.0335 -0.403357
-0.0197 -0.362821
-0.0888 -0.310522
-0.1693 -0.249665
-0.2434 -0.193632
-0.3007 -0.150291
-0.3414 -0.119516
-0.3688 -0.096172
-0.3855 -0.077157
-0.3944 -0.065918
-0.3979 -0.059529
-0.3975 -0.056228
-0.3944 -0.054900
-0.3894 -0.054812
-0.3834 -0.055490
-0.3762 -0.050385
-0.3672 -0.044748
-0.3571 -0.039918
-0.3459 -0.035658
-0.3339 -0.031842
-0.3213 -0.028393
-0.3081 -0.025262
-0.2945 -0.022414
-0.2807 -0.019825
-0.2667 -0.017476
-0.2530 -0.015335
-0.2400 -0.013376
-0.2281 -0.011592
-0.2174 -0.009986
-0.2077 -0.008559
-0.1989 -0.007308
-0.1905 -0.006226
-0.1821 -0.005298
-0.1734 -0.004512
-0.1638 -0.003849
-0.1528 -0.003295
-0.1394 -0.002836
-0.1225 -0.002460
-0.1032 -0.150976
-0.1084 -0.148607
-0.1153 -0.145704
-0.1241 -0.142157
-0.1355 -0.137661
-0.1504 -0.131895
-0.1689 -0.124820
