0.1867 -0.280446
0.1590 -0.238989
0.1300 -0.195431
0.1017 -0.152919
0.0740 -0.111383
0.0459 -0.069266
0.0159 -0.023416
-0.0181 0.023478
-0.0592 0.066785
-0.1102 0.103049
-0.1681 0.130100
-0.2252 0.144299
-0.2763 0.146483
-0.3200 0.140320
-0.3568 0.129418
-0.3879 0.116354
-0.4142 0.102748
-0.4366 0.089542
-0.4554 0.077244
-0.4713 0.066096
-0.4845 0.056175
-0.4951 0.047468
-0.5033 0.039904
-0.5094 0.033389
-0.5132 0.027816
-0.5149 0.023076
-0.5145 0.019066
-0.5121 0.015690
-0.5076 0.012859
-0.5010 0.010495
-0.4925 0.008529
-0.4819 0.006901
-0.4693 0.005557
-0.4549 0.004454
-0.4385 0.003550
-0.4204 0.002814
-0.4006 0.002217
-0.3792 0.001735
-0.3562 0.001348
-0.3316 0.001038
-0.3055 0.000790
-0.2776 0.000594
-0.2475 0.000438
-0.2144 0.000314
-0.1765 0.000214
-0.1302 0.000131
-0.0653 0.024827
0.0389 -0.028331
0.1450 -0.216284
0.2025 -0.303262
0.2145 -0.321839
0.1992 -0.299123
0.1722 -0.258735
0.1423 -0.213922
0.1129 -0.169846
0.0846 -0.127279
0.0564 -0.084981
0.0269 -0.040741
-0.0058 0.007501
-0.0444 0.052963
-0.0924 0.091602
-0.1491 0.122413
-0.2076 0.141076
-0.2612 0.146882
-0.3075 0.143012
-0.3465 0.133316
-0.3795 0.120738
-0.4074 0.107182
-0.4311 0.093780
-0.4512 0.081160
-0.4681 0.069633
-0.4823 0.059322
-0.4940 0.050235
-0.5032 0.042317
-0.5103 0.035478
-0.5151 0.029615
-0.5179 0.024619
-0.5186 0.020384
-0.5173 0.016810
-0.5139 0.013809
-0.5085 0.011298
-0.5011 0.009205
-0.4916 0.007468
-0.4802 0.006031
-0.4668 0.004848
-0.4516 0.003878
-0.4345 0.003085
-0.4156 0.002440
-0.3950 0.001917
-0.3728 0.001496
-0.3490 0.001158
-0.3237 0.000888
-0.2967 0.000673
-0.2679 0.000503
-0.2366 0.000367
-0.2018 0.000259
-0.1611 0.000171
-0.1096 0.000097
-0.0325 0.025109
0.0805 -0.119088
0.1728 -0.258131
0.2151 -0.322387
0.2162 -0.324531
0.1950 -0.292866
0.1655 -0.248661
0.1348 -0.202601
0.1052 -0.158171
0.0766 -0.115261
0.0478 -0.072167
0.0173 -0.026204
-0.0171 0.022727
-0.0587 0.065717
-0.1103 0.102424
-0.1688 0.129807
-0.2265 0.144165
-0.2780 0.146395
-0.3219 0.140239
-0.3590 0.129342
-0.3903 0.116293
-0.4169 0.102711
-0.4395 0.089536
-0.4587 0.077273
-0.4750 0.066159
-0.4886 0.056272
-0.4997 0.047593
-0.5087 0.040054
-0.5154 0.033558
-0.5201 0.028000
-0.5228 0.023270
-0.5234 0.019265
-0.5221 0.015889
-0.5188 0.013055
-0.5136 0.010685
-0.5064 0.008711
-0.4972 0.007072
-0.4860 0.005716
-0.4729 0.004599
-0.4579 0.003682
-0.4411 0.002933
-0.4225 0.002323
-0.4021 0.001828
-0.3802 0.001429
-0.3566 0.001108
-0.3315 0.000852
-0.3048 0.000648
-0.2762 0.000485
-0.2454 0.000357
-0.2113 0.000254
-0.1722 0.000171
-0.1238 0.000102
-0.0557 0.000038
0.0511 -0.074986
0.1546 -0.230712
0.2123 -0.317945
0.2234 -0.335179
0.2062 -0.309632
0.1772 -0.266266
0.1457 -0.219060
0.1152 -0.173277
0.0861 -0.129537
0.0573 -0.086411
0.0274 -0.041531
-0.0057 0.007604
-0.0447 0.052911
-0.0934 0.091747
-0.1507 0.122623
-0.2096 0.141174
-0.2634 0.146809
-0.3098 0.142809
-0.3489 0.133047
-0.3820 0.120456
-0.4100 0.106923
-0.4339 0.093567
-0.4543 0.081003
-0.4716 0.069536
-0.4863 0.059283
-0.4985 0.050250
-0.5085 0.042380
-0.5163 0.035582
-0.5221 0.029752
-0.5260 0.024782
-0.5279 0.020566
-0.5280 0.017006
-0.5261 0.014012
-0.5223 0.011503
-0.5167 0.009408
-0.5091 0.007665
-0.4996 0.006219
-0.4882 0.005025
-0.4749 0.004042
-0.4597 0.003235
-0.4428 0.002576
-0.4240 0.002040
-0.4036 0.001606
-0.3815 0.001255
-0.3578 0.000973
-0.3326 0.000748
-0.3057 0.000569
-0.2770 0.000426
-0.2461 0.000313
-0.2119 0.000223
-0.1726 0.000150
-0.1239 0.000089
-0.0555 0.000033
0.0505 -0.074081
0.1550 -0.231206
0.2143 -0.320889
0.2264 -0.339724
0.2094 -0.314477
0.1802 -0.270716
0.1483 -0.222970
0.1175 -0.176763
0.0882 -0.132800
0.0595 -0.089672
0.0297 -0.045026
-0.0030 0.003890
-0.0414 0.049695
-0.0893 0.088953
-0.1462 0.120573
-0.2052 0.140142
-0.2595 0.146678
-0.3065 0.143281
-0.3462 0.133857
-0.3797 0.121422
-0.4081 0.107933
-0.4324 0.094554
-0.4531 0.081933
-0.4708 0.070392
-0.4858 0.060058
-0.4983 0.050945
-0.5087 0.042999
-0.5170 0.036131
-0.5232 0.030237
-0.5276 0.025209
-0.5301 0.020942
-0.5307 0.017337
-0.5295 0.014302
-0.5265 0.011758
-0.5216 0.009631
-0.5148 0.007860
-0.5062 0.006391
-0.4957 0.005174
-0.4833 0.004172
-0.4691 0.003348
-0.4531 0.002673
-0.4352 0.002124
-0.4157 0.001677
-0.3945 0.001316
-0.3717 0.001025
-0.3473 0.000792
-0.3213 0.000606
-0.2936 0.000458
-0.2639 0.000340
-0.2316 0.000247
-0.1954 0.000172
-0.1526 0.000111
-0.0968 0.000059
-0.0126 0.010290
0.1012 -0.150181
0.1886 -0.282007
0.2258 -0.338490
0.2227 -0.334353
0.1986 -0.298338
0.1674 -0.251521
0.1357 -0.204035
0.1056 -0.158871
0.0768 -0.115595
0.0479 -0.072325
0.0173 -0.026462
-0.0171 0.022744
-0.0587 0.065558
-0.1104 0.102203
-0.1689 0.129541
-0.2267 0.143876
-0.2782 0.146109
-0.3222 0.139978
-0.3593 0.129123
-0.3908 0.116125
-0.4175 0.102598
-0.4404 0.089478
-0.4599 0.077267
-0.4765 0.066201
-0.4906 0.056356
-0.5023 0.047715
-0.5120 0.040207
-0.5195 0.033737
-0.5252 0.028198
-0.5289 0.023482
-0.5309 0.019487
-0.5310 0.016116
-0.5293 0.013282
-0.5257 0.010909
-0.5204 0.008928
-0.5132 0.007280
-0.5041 0.005914
-0.4932 0.004784
-0.4805 0.003853
-0.4659 0.003089
-0.4495 0.002464
-0.4313 0.001955
-0.4114 0.001542
-0.3899 0.001208
-0.3668 0.000940
-0.3421 0.000725
-0.3158 0.000553
-0.2877 0.000417
-0.2575 0.000309
-0.2245 0.000223
-0.1872 0.000153
-0.1423 0.000097
-0.0823 0.000046
0.0110 -0.007370
0.1235 -0.183734
0.2009 -0.300628
0.2282 -0.342274
0.2193 -0.329229
0.1928 -0.289653
0.1612 -0.242211
0.1298 -0.195186
0.1001 -0.150615
0.0715 -0.107670
0.0426 -0.064309
0.0116 -0.017855
-0.0236 0.030658
-0.0668 0.072240
-0.1199 0.107500
-0.1787 0.132699
-0.2355 0.144761
-0.2857 0.145294
-0.3284 0.138153
-0.3645 0.126807
-0.3950 0.113653
-0.4210 0.100167
-0.4432 0.087195
-0.4622 0.075186
-0.4784 0.064342
-0.4920 0.054719
-0.5034 0.046289
-0.5126 0.038976
-0.5198 0.032681
-0.5251 0.027298
-0.5285 0.022718
-0.5302 0.018842
-0.5300 0.015573
-0.5279 0.012828
-0.5241 0.010529
-0.5185 0.008612
-0.5110 0.007018
-0.5016 0.005697
-0.4904 0.004605
-0.4774 0.003706
-0.4625 0.002969
-0.4458 0.002366
-0.4273 0.001876
-0.4072 0.001478
-0.3854 0.001156
-0.3620 0.000898
-0.3370 0.000691
-0.3104 0.000527
-0.2820 0.000396
-0.2513 0.000292
-0.2176 0.000209
-0.1791 0.000142
-0.1321 0.000087
-0.0674 0.000037
0.0340 -0.049252
0.1428 -0.212793
0.2101 -0.314494
0.2286 -0.342862
0.2148 -0.322536
0.1866 -0.280413
0.1549 -0.232805
0.1240 -0.186382
0.0947 -0.142406
0.0662 -0.099737
0.0372 -0.056207
0.0057 -0.009019
-0.0304 0.038269
-0.0751 0.078621
-0.1296 0.112337
-0.1884 0.135283
-0.2443 0.145119
-0.2931 0.144068
-0.3346 0.136021
-0.3696 0.124261
-0.3992 0.111004
-0.4244 0.097596
-0.4460 0.084800
-0.4644 0.073012
-0.4800 0.062404
-0.4932 0.053014
-0.5041 0.044804
-0.5129 0.037692
-0.5197 0.031578
-0.5246 0.026356
-0.5276 0.021917
-0.5288 0.018163
-0.5282 0.015000
-0.5257 0.012345
-0.5215 0.010125
-0.5153 0.008273
-0.5074 0.006735
-0.4976 0.005461
-0.4859 0.004410
-0.4724 0.003544
-0.4570 0.002835
-0.4398 0.002256
-0.4209 0.001786
-0.4003 0.001404
-0.3781 0.001097
-0.3543 0.000850
-0.3288 0.000652
-0.3017 0.000495
-0.2727 0.000370
-0.2412 0.000271
-0.2063 0.000191
-0.1657 0.000127
-0.1146 0.000073
-0.0408 0.000022
0.0703 -0.103758
0.1694 -0.252887
0.2201 -0.329835
0.2262 -0.339450
0.2063 -0.309874
0.1764 -0.265018
0.1448 -0.217635
0.1145 -0.172218
0.0857 -0.129038
0.0574 -0.086563
0.0280 -0.042446
-0.0044 0.005899
-0.0426 0.050682
-0.0901 0.089098
-0.1465 0.119977
-0.2051 0.139008
-0.2590 0.145261
-0.3055 0.141778
-0.3449 0.132386
-0.3782 0.120042
-0.4064 0.106673
-0.4304 0.093424
-0.4509 0.080931
-0.4684 0.069512
-0.4832 0.059292
-0.4956 0.050282
-0.5057 0.042427
-0.5138 0.035641
-0.5199 0.029819
-0.5241 0.024854
-0.5264 0.020641
-0.5269 0.017082
-0.5255 0.014088
-0.5223 0.011578
-0.5173 0.009481
-0.5104 0.007735
-0.5017 0.006286
-0.4911 0.005087
-0.4786 0.004100
-0.4642 0.003288
-0.4481 0.002624
-0.4301 0.002083
-0.4104 0.001643
-0.3891 0.001288
-0.3661 0.001002
-0.3415 0.000773
-0.3153 0.000590
-0.2873 0.000445
-0.2572 0.000329
-0.2242 0.000237
-0.1868 0.000164
-0.1419 0.000103
-0.0817 0.000049
0.0126 -0.008600
0.1251 -0.186190
0.2010 -0.300771
0.2268 -0.340106
0.2172 -0.326178
0.1909 -0.286822
0.1597 -0.240049
0.1289 -0.193757
0.0996 -0.149855
0.0714 -0.107522
0.0429 -0.064775
0.0124 -0.019027
-0.0222 0.028931
-0.0645 0.070075
-0.1168 0.105100
-0.1751 0.130497
-0.2318 0.143031
-0.2822 0.144035
-0.3251 0.137254
-0.3613 0.126155
-0.3919 0.113165
-0.4179 0.099787
-0.4400 0.086888
-0.4589 0.074927
-0.4749 0.064117
-0.4884 0.054518
-0.4995 0.046106
-0.5085 0.038808
-0.5154 0.032525
-0.5204 0.027152
-0.5234 0.022583
-0.5246 0.018715
-0.5240 0.015455
-0.5215 0.012718
-0.5171 0.010427
-0.5109 0.008518
-0.5028 0.006931
-0.4928 0.005617
-0.4809 0.004533
-0.4671 0.003641
-0.4516 0.002910
-0.4342 0.002313
-0.4150 0.001828
-0.3942 0.001436
-0.3717 0.001120
-0.3476 0.000866
-0.3218 0.000663
-0.2944 0.000501
-0.2649 0.000373
-0.2327 0.000271
-0.1967 0.000190
-0.1542 0.000123
-0.0991 0.000066
-0.0152 0.012222
0.0991 -0.147018
0.1865 -0.278852
0.2233 -0.334707
0.2204 -0.330828
0.1969 -0.295842
0.1665 -0.250266
0.1357 -0.203936
0.1063 -0.159807
0.0781 -0.117529
0.0500 -0.075362
0.0203 -0.030876
-0.0129 0.017357
-0.0526 0.059847
-0.1022 0.096390
-0.1595 0.124576
-0.2172 0.140432
-0.2693 0.144103
-0.3140 0.139005
-0.3518 0.128796
-0.3837 0.116167
-0.4107 0.102830
-0.4337 0.089791
-0.4533 0.077597
-0.4699 0.066513
-0.4839 0.056631
-0.4954 0.047944
-0.5048 0.040391
-0.5120 0.033877
-0.5173 0.028299
-0.5206 0.023549
-0.5220 0.019524
-0.5216 0.016129
-0.5192 0.013276
-0.5150 0.010888
-0.5089 0.008896
-0.5009 0.007240
-0.4910 0.005868
-0.4792 0.004736
-0.4656 0.003804
-0.4500 0.003040
-0.4327 0.002417
-0.4136 0.001910
-0.3928 0.001500
-0.3703 0.001170
-0.3463 0.000904
-0.3206 0.000692
-0.2931 0.000523
-0.2636 0.000389
-0.2314 0.000283
-0.1953 0.000197
-0.1525 0.000128
-0.0968 0.000067
-0.0110 0.009080
0.1034 -0.153564
0.1882 -0.281479
0.2223 -0.333222
0.2180 -0.327190
0.1942 -0.291742
0.1640 -0.246517
0.1335 -0.200749
0.1045 -0.157122
0.0765 -0.115214
0.0486 -0.073276
0.0190 -0.028899
-0.0142 0.019037
-0.0540 0.061032
-0.1037 0.097140
-0.1609 0.124828
-0.2184 0.140212
-0.2702 0.143553
-0.3146 0.138275
-0.3521 0.127995
-0.3838 0.115364
-0.4106 0.102063
-0.4334 0.089078
-0.4527 0.076948
-0.4691 0.065928
-0.4828 0.056109
-0.4942 0.047482
-0.5032 0.039982
-0.5102 0.033518
-0.5152 0.027983
-0.5182 0.023272
-0.5192 0.019282
-0.5184 0.015917
-0.5157 0.013092
-0.5110 0.010727
-0.5045 0.008756
-0.4960 0.007118
-0.4856 0.005763
-0.4733 0.004644
-0.4592 0.003725
-0.4431 0.002973
-0.4253 0.002359
-0.4057 0.001861
-0.3845 0.001458
-0.3615 0.001134
-0.3370 0.000874
-0.3108 0.000666
-0.2827 0.000501
-0.2525 0.000370
-0.2192 0.000266
-0.1813 0.000182
-0.1351 0.000112
-0.0721 0.000050
0.0291 -0.020915
0.1386 -0.206465
0.2045 -0.306165
0.2222 -0.333278
0.2090 -0.313875
0.1822 -0.273800
0.1519 -0.228333
0.1222 -0.183734
0.0939 -0.141252
0.0663 -0.099886
0.0381 -0.057653
0.0077 -0.011700
-0.0271 0.034474
-0.0700 0.074117
-0.1227 0.107613
-0.1807 0.131208
-0.2365 0.142128
-0.2857 0.142060
-0.3276 0.134719
-0.3628 0.123417
-0.3926 0.110441
-0.4178 0.097197
-0.4393 0.084493
-0.4574 0.072753
-0.4727 0.062168
-0.4854 0.052786
-0.4958 0.044576
-0.5039 0.037463
-0.5099 0.031347
-0.5140 0.026123
-0.5160 0.021685
-0.5161 0.017933
-0.5142 0.014775
-0.5105 0.012127
-0.5048 0.009915
-0.4972 0.008075
-0.4876 0.006548
-0.4761 0.005287
-0.4627 0.004248
-0.4475 0.003397
-0.4304 0.002701
-0.4115 0.002136
-0.3909 0.001678
-0.3686 0.001308
-0.3448 0.001012
-0.3192 0.000775
-0.2919 0.000586
-0.2626 0.000436
-0.2305 0.000316
-0.1945 0.000221
-0.1518 0.000143
-0.0962 0.000075
-0.0090 0.007541
0.1057 -0.156953
0.1876 -0.280565
0.2190 -0.328297
0.2137 -0.320744
0.1901 -0.285623
0.1607 -0.241437
0.1309 -0.196749
0.1024 -0.154011
0.0749 -0.112772
0.0473 -0.071333
0.0179 -0.027238
-0.0150 0.019916
-0.0546 0.061414
-0.1040 0.096998
-0.1608 0.124257
-0.2179 0.139373
-0.2695 0.142599
-0.3137 0.137306
-0.3509 0.127062
-0.3824 0.114489
-0.4089 0.101256
-0.4315 0.088341
-0.4505 0.076278
-0.4666 0.065322
-0.4800 0.055561
-0.4909 0.046988
-0.4996 0.039537
-0.5061 0.033116
-0.5105 0.027622
-0.5129 0.022947
-0.5134 0.018990
-0.5119 0.015655
-0.5084 0.012857
-0.5030 0.010517
-0.4956 0.008568
-0.4863 0.006952
-0.4750 0.005615
-0.4619 0.004514
-0.4468 0.003611
-0.4299 0.002873
-0.4112 0.002272
-0.3908 0.001785
-0.3687 0.001393
-0.3450 0.001078
-0.3197 0.000826
-0.2926 0.000625
-0.2634 0.000465
-0.2316 0.000338
-0.1959 0.000237
-0.1536 0.000154
-0.0989 0.000082
-0.0130 0.010527
0.1018 -0.151179
0.1847 -0.276250
0.2171 -0.325544
0.2127 -0.319262
0.1898 -0.285036
0.1606 -0.241418
0.1311 -0.197087
0.1028 -0.154596
0.0754 -0.113573
0.0480 -0.072374
0.0188 -0.028531
-0.0138 0.018260
-0.0529 0.059967
-0.1017 0.095621
-0.1582 0.123164
-0.2153 0.138722
-0.2670 0.142349
-0.3114 0.137331
-0.3489 0.127245
-0.3805 0.114750
-0.4071 0.101542
-0.4297 0.088622
-0.4488 0.076536
-0.4648 0.065550
-0.4782 0.055757
-0.4891 0.047151
-0.4976 0.039670
-0.5040 0.033222
-0.5083 0.027704
-0.5106 0.023009
-0.5108 0.019034
-0.5091 0.015685
-0.5054 0.012875
-0.4998 0.010527
-0.4922 0.008571
-0.4826 0.006949
-0.4711 0.005609
-0.4576 0.004505
-0.4423 0.003601
-0.4252 0.002862
-0.4062 0.002261
-0.3856 0.001774
-0.3633 0.001382
-0.3393 0.001068
-0.3137 0.000816
-0.2863 0.000616
-0.2567 0.000457
-0.2244 0.000330
-0.1877 0.000229
-0.1437 0.000145
-0.0851 0.000071
0.0098 -0.006468
0.1227 -0.182600
0.1947 -0.291391
0.2177 -0.326428
0.2080 -0.312299
0.1832 -0.275188
0.1539 -0.231229
0.1247 -0.187424
0.0967 -0.145499
0.0696 -0.104734
0.0419 -0.063339
0.0123 -0.018442
-0.0212 0.027676
-0.0621 0.067803
-0.1128 0.102035
-0.1699 0.127285
-0.2261 0.140209
-0.2763 0.141751
-0.3191 0.135434
-0.3552 0.124684
-0.3856 0.111940
-0.4113 0.098736
-0.4331 0.085962
-0.4514 0.074093
-0.4668 0.063354
-0.4795 0.053812
-0.4898 0.045448
-0.4978 0.038192
-0.5036 0.031948
-0.5073 0.026611
-0.5090 0.022077
-0.5087 0.018242
-0.5064 0.015015
-0.5021 0.012310
-0.4958 0.010051
-0.4876 0.008173
-0.4774 0.006616
-0.4652 0.005331
-0.4512 0.004275
-0.4353 0.003410
-0.4175 0.002705
-0.3980 0.002132
-0.3768 0.001669
-0.3540 0.001296
-0.3295 0.000998
-0.3033 0.000760
-0.2752 0.000570
-0.2448 0.000419
-0.2111 0.000299
-0.1723 0.000202
-0.1241 0.000120
-0.0550 0.041966
0.0539 -0.039562
0.1556 -0.232191
0.2082 -0.311848
0.2166 -0.325068
0.1996 -0.299795
0.1723 -0.258844
0.1427 -0.214520
0.1140 -0.171421
0.0865 -0.130115
0.0593 -0.089389
0.0312 -0.047207
0.0004 -0.001055
-0.0354 0.043355
-0.0798 0.081278
-0.1335 0.112660
-0.1911 0.133485
-0.2453 0.141845
-0.2927 0.140022
-0.3329 0.131711
-0.3667 0.119995
-0.3952 0.106947
-0.4193 0.093831
-0.4397 0.081359
-0.4569 0.069899
-0.4712 0.059608
-0.4829 0.050514
-0.4923 0.042576
-0.4994 0.035712
-0.5043 0.029821
-0.5072 0.024798
-0.5081 0.020539
-0.5069 0.016944
-0.5038 0.013923
-0.4986 0.011395
-0.4915 0.009287
-0.4824 0.007537
-0.4714 0.006090
-0.4584 0.004897
-0.4436 0.003918
-0.4269 0.003117
-0.4084 0.002466
-0.3881 0.001938
-0.3662 0.001512
-0.3427 0.001170
-0.3175 0.000896
-0.2905 0.000678
-0.2614 0.000505
-0.2297 0.000367
-0.1940 0.000256
-0.1516 0.000166
-0.0964 0.000087
-0.0091 0.007669
0.1055 -0.156747
0.1863 -0.278611
0.2168 -0.325109
0.2114 -0.317340
0.1882 -0.282638
0.1591 -0.239053
0.1297 -0.194919
0.1015 -0.152629
0.0742 -0.111750
0.0468 -0.070624
0.0177 -0.026699
-0.0150 0.019832
-0.0542 0.061196
-0.1031 0.096496
-0.1595 0.123593
-0.2162 0.138706
-0.2676 0.142010
-0.3116 0.136805
-0.3487 0.126633
-0.3800 0.114115
-0.4064 0.100921
-0.4287 0.088036
-0.4475 0.075995
-0.4634 0.065057
-0.4764 0.055313
-0.4870 0.046754
-0.4953 0.039316
-0.5014 0.032909
-0.5054 0.027427
-0.5074 0.022764
-0.5073 0.018819
-0.5052 0.015497
-0.5011 0.012710
-0.4951 0.010382
-0.4870 0.008446
-0.4771 0.006840
-0.4651 0.005514
-0.4513 0.004424
-0.4355 0.003530
-0.4180 0.002801
-0.3987 0.002209
-0.3777 0.001730
-0.3550 0.001345
-0.3307 0.001036
-0.3046 0.000789
-0.2767 0.000593
-0.2465 0.000437
-0.2130 0.000312
-0.1746 0.000212
-0.1272 0.000128
-0.0605 0.023050
0.0462 -0.033742
0.1505 -0.224502
0.2071 -0.310108
0.2182 -0.327361
0.2023 -0.303787
0.1751 -0.263118
0.1454 -0.218515
0.1164 -0.175051
0.0887 -0.133493
0.0615 -0.092699
0.0335 -0.050666
0.0030 -0.004710
-0.0323 0.040110
-0.0759 0.078427
-0.1290 0.110405
-0.1865 0.132152
-0.2411 0.141427
-0.2891 0.140264
-0.3297 0.132342
-0.3640 0.120814
-0.3928 0.107829
-0.4172 0.094700
-0.4378 0.082176
-0.4552 0.070643
-0.4696 0.060271
-0.4815 0.051098
-0.4910 0.043083
-0.4983 0.036149
-0.5034 0.030196
-0.5064 0.025117
-0.5074 0.020809
-0.5064 0.017172
-0.5034 0.014114
-0.4984 0.011555
-0.4915 0.009421
-0.4826 0.007649
-0.4717 0.006182
-0.4589 0.004973
-0.4442 0.003980
-0.4277 0.003169
-0.4093 0.002508
-0.3893 0.001972
-0.3675 0.001539
-0.3441 0.001192
-0.3190 0.000914
-0.2922 0.000692
-0.2633 0.000516
-0.2317 0.000375
-0.1963 0.000263
-0.1545 0.000171
-0.1004 0.000092
-0.0165 0.013166
0.0980 -0.145435
0.1829 -0.273407
0.2174 -0.325884
0.2141 -0.321389
0.1915 -0.287716
0.1624 -0.244033
0.1327 -0.199466
