-0.2091
-0.1981
-0.1837
-0.1671
-0.1482
-0.1256
-0.0964
-0.0551
0.0055
0.0882
0.1699
0.2280
0.2605
0.2736
0.2739
0.2634
0.2490
0.2333
0.2174
0.2017
0.1865
0.1719
0.1580
0.1446
0.1316
0.1189
0.1063
0.0938
0.0812
0.0682
0.0543
0.0389
0.0214
0.0003
-0.0263
-0.0605
-0.1038
-0.1529
-0.2012
-0.2428
-0.2758
-0.3011
-0.3199
-0.3333
-0.3425
-0.3484
-0.3516
-0.3528
-0.3523
-0.3505
-0.3477
-0.3440
-0.3396
-0.3347
-0.3294
-0.3237
-0.3176
-0.3114
-0.3049
-0.2983
-0.2914
-0.2844
-0.2772
-0.2698
-0.2621
-0.2542
-0.2461
-0.2375
-0.2286
-0.2191
-0.2090
-0.1980
-0.1833
-0.1668
-0.1480
-0.1256
-0.0957
-0.0543
0.0065
0.0897
0.1711
0.2286
0.2607
0.2736
0.2736
0.2633
0.2487
0.2328
0.2167
0.2009
0.1857
0.1710
0.1570
0.1435
0.1304
0.1176
0.1049
0.0923
0.0795
0.0662
0.0519
