0.4313 0.3308
0.4181 0.3082
0.4061 0.2886
0.3955 0.2716
0.3860 0.2568
0.3776 0.2440
0.3703 0.2329
0.3641 0.2266
0.3839 0.4514
0.5825 5.7510
0.7824 23.4387
0.8891 45.5546
0.9305 65.1112
0.9415 80.7361
0.9417 90.2697
0.9396 91.4351
0.9377 85.4949
0.9363 76.4391
0.9353 67.0782
0.9344 58.4564
0.9334 50.8142
0.9323 44.1317
0.9310 38.3179
0.9295 33.2694
0.9278 28.8880
0.9258 25.0863
0.9235 21.7875
0.9209 18.9253
0.9179 16.4419
0.9145 14.2871
0.9106 12.4174
0.9062 10.7952
0.9012 9.3877
0.8955 8.1664
0.8890 7.1068
0.8817 6.1874
0.8734 5.3897
0.8642 4.6976
0.8539 4.0971
0.8424 3.5761
0.8296 3.1240
0.8156 2.7317
0.8002 2.3914
0.7835 2.0961
0.7654 1.8399
0.7460 1.6176
0.7254 1.4247
0.7038 1.2573
0.6813 1.1121
0.6582 0.9861
0.6346 0.8768
0.6110 0.7820
0.5875 0.6997
0.5644 0.6283
0.5421 0.5663
0.5207 0.5125
0.5004 0.4659
0.4814 0.4254
0.4638 0.3903
0.4476 0.3598
0.4328 0.3334
0.4194 0.3105
0.4074 0.2906
0.3966 0.2733
0.3870 0.2583
0.3785 0.2453
0.3710 0.2341
0.3647 0.2268
0.3787 0.3943
0.5656 4.9468
0.7713 21.7824
0.8841 43.9392
0.9289 63.7373
0.9411 79.7077
0.9418 89.7948
0.9398 91.6152
0.9378 86.0982
0.9364 77.1654
0.9354 67.7803
0.9345 59.0900
0.9335 51.3723
0.9324 44.6190
0.9311 38.7420
0.9296 33.6380
0.9279 29.2083
0.9260 25.3645
0.9237 22.0293
0.9211 19.1354
0.9182 16.6244
0.9148 14.4456
0.9110 12.5552
0.9066 10.9149
0.9016 9.4917
0.8959 8.2568
0.8895 7.1853
0.8823 6.2556
0.8741 5.4490
0.8650 4.7491
0.8547 4.1418
0.8433 3.6149
0.8307 3.1577
0.8167 2.7610
0.8015 2.4168
0.7848 2.1182
0.7669 1.8591
0.7476 1.6343
0.7271 1.4392
0.7056 1.2699
0.6832 1.1231
0.6601 0.9956
0.6365 0.8851
0.6129 0.7891
0.5894 0.7059
0.5663 0.6337
0.5439 0.5710
0.5224 0.5166
0.5020 0.4694
0.4829 0.4285
0.4652 0.3930
0.4489 0.3622
0.4340 0.3354
0.4204 0.3122
0.4083 0.2921
0.3974 0.2746
0.3877 0.2594
0.3791 0.2463
0.3716 0.2349
0.3652 0.2271
0.3761 0.3651
0.5545 4.4581
0.7637 20.6882
0.8806 42.8408
0.9277 62.7961
0.9409 78.9906
0.9419 89.4397
0.9399 91.7065
0.9379 86.4945
0.9365 77.6590
0.9354 68.2629
0.9345 59.5273
0.9336 51.7584
0.9325 44.9566
0.9312 39.0360
0.9297 33.8937
0.9280 29.4306
0.9261 25.5578
0.9238 22.1973
0.9213 19.2814
0.9183 16.7513
0.9150 14.5559
0.9112 12.6511
0.9068 10.9982
0.9019 9.5641
0.8963 8.3197
0.8899 7.2400
0.8827 6.3032
0.8746 5.4903
0.8655 4.7850
0.8553 4.1730
0.8440 3.6420
0.8314 3.1813
0.8176 2.7815
0.8024 2.4347
0.7858 2.1337
0.7679 1.8725
0.7487 1.6460
0.7283 1.4493
0.7068 1.2788
0.6844 1.1307
0.6614 1.0023
0.6379 0.8909
0.6142 0.7942
0.5907 0.7103
0.5676 0.6375
0.5451 0.5743
0.5236 0.5195
0.5031 0.4719
0.4840 0.4307
0.4662 0.3949
0.4497 0.3638
0.4348 0.3368
0.4212 0.3134
0.4089 0.2931
0.3980 0.2755
0.3883 0.2602
0.3796 0.2470
0.3720 0.2355
0.3655 0.2275
0.3751 0.3531
0.5491 4.2219
0.7598 20.1153
0.8787 42.2486
0.9270 62.2848
0.9408 78.5942
0.9419 89.2310
0.9399 91.7395
0.9379 86.7029
0.9365 77.9283
0.9355 68.5297
0.9345 59.7705
0.9336 51.9737
0.9325 45.1451
0.9312 39.2004
0.9298 34.0368
0.9281 29.5551
0.9261 25.6661
0.9239 22.2915
0.9214 19.3634
0.9184 16.8226
0.9151 14.6180
0.9113 12.7051
0.9070 11.0452
0.9020 9.6050
0.8964 8.3553
0.8901 7.2709
0.8829 6.3301
0.8749 5.5137
0.8658 4.8053
0.8557 4.1907
0.8444 3.6574
0.8318 3.1947
0.8180 2.7932
0.8028 2.4448
0.7863 2.1425
0.7685 1.8802
0.7493 1.6526
0.7290 1.4551
0.7075 1.2838
0.6852 1.1351
0.6621 1.0061
0.6386 0.8942
0.6150 0.7971
0.5914 0.7128
0.5683 0.6396
0.5458 0.5762
0.5242 0.5211
0.5038 0.4734
0.4846 0.4319
0.4667 0.3959
0.4503 0.3647
0.4352 0.3376
0.4216 0.3142
0.4093 0.2938
0.3983 0.2761
0.3886 0.2607
0.3799 0.2474
0.3722 0.2359
0.3657 0.2279
0.3754 0.3543
0.5493 4.2095
0.7598 20.0470
0.8787 42.1659
0.9270 62.2081
0.9407 78.5270
0.9419 89.1844
0.9399 91.7318
0.9379 86.7335
0.9365 77.9772
0.9355 68.5819
0.9346 59.8199
0.9336 52.0184
0.9325 45.1848
0.9312 39.2354
0.9298 34.0676
0.9281 29.5821
0.9261 25.6898
0.9239 22.3123
0.9214 19.3816
0.9185 16.8386
0.9151 14.6320
0.9113 12.7173
0.9070 11.0559
0.9021 9.6144
0.8965 8.3635
0.8901 7.2782
0.8830 6.3364
0.8749 5.5192
0.8659 4.8102
0.8557 4.1950
0.8444 3.6611
0.8319 3.1979
0.8181 2.7960
0.8030 2.4473
0.7865 2.1447
0.7686 1.8821
0.7495 1.6543
0.7291 1.4566
0.7077 1.2851
0.6853 1.1362
0.6623 1.0071
0.6388 0.8950
0.6152 0.7978
0.5916 0.7134
0.5685 0.6402
0.5460 0.5767
0.5244 0.5216
0.5040 0.4737
0.4847 0.4322
0.4669 0.3962
0.4504 0.3650
0.4353 0.3379
0.4217 0.3143
0.4094 0.2939
0.3984 0.2762
0.3886 0.2608
0.3799 0.2475
0.3723 0.2360
0.3658 0.2282
0.3770 0.3686
0.5550 4.4135
0.7635 20.4639
0.8803 42.5754
0.9275 62.5523
0.9408 78.7795
0.9418 89.2964
0.9398 91.6863
0.9379 86.5924
0.9365 77.8120
0.9355 68.4250
0.9345 59.6801
0.9336 51.8963
0.9325 45.0789
0.9312 39.1437
0.9298 33.9882
0.9281 29.5135
0.9261 25.6304
0.9239 22.2610
0.9213 19.3372
0.9184 16.8002
0.9151 14.5988
0.9113 12.6886
0.9069 11.0311
0.9020 9.5929
0.8964 8.3449
0.8900 7.2621
0.8829 6.3225
0.8748 5.5072
0.8657 4.7998
0.8556 4.1860
0.8443 3.6533
0.8317 3.1912
0.8179 2.7902
0.8027 2.4422
0.7862 2.1403
0.7683 1.8783
0.7492 1.6510
0.7288 1.4538
0.7074 1.2826
0.6850 1.1341
0.6619 1.0052
0.6384 0.8934
0.6148 0.7964
0.5913 0.7122
0.5681 0.6392
0.5457 0.5758
0.5241 0.5208
0.5037 0.4731
0.4844 0.4317
0.4666 0.3957
0.4502 0.3645
0.4351 0.3375
0.4215 0.3140
0.4093 0.2936
0.3983 0.2760
0.3885 0.2606
0.3798 0.2473
0.3722 0.2358
0.3658 0.2286
0.3803 0.3995
0.5660 4.8487
0.7708 21.3731
0.8836 43.4749
0.9286 63.3130
0.9410 79.3446
0.9418 89.5579
0.9397 91.5970
0.9378 86.2793
0.9364 77.4353
0.9354 68.0627
0.9345 59.3547
0.9335 51.6107
0.9324 44.8302
0.9312 38.9279
0.9297 33.8011
0.9280 29.3512
0.9260 25.4898
0.9238 22.1390
0.9212 19.2315
0.9183 16.7086
0.9149 14.5194
0.9111 12.6197
0.9067 10.9714
0.9018 9.5411
0.8962 8.3001
0.8898 7.2232
0.8826 6.2888
0.8745 5.4780
0.8653 4.7744
0.8552 4.1640
0.8438 3.6343
0.8312 3.1747
0.8173 2.7759
0.8021 2.4298
0.7855 2.1295
0.7676 1.8690
0.7484 1.6429
0.7280 1.4467
0.7065 1.2765
0.6841 1.1288
0.6610 1.0007
0.6375 0.8895
0.6139 0.7930
0.5904 0.7092
0.5672 0.6366
0.5448 0.5735
0.5233 0.5188
0.5029 0.4714
0.4837 0.4302
0.4659 0.3945
0.4496 0.3634
0.4346 0.3365
0.4210 0.3132
0.4088 0.2929
0.3979 0.2753
0.3881 0.2601
0.3795 0.2468
0.3719 0.2354
0.3657 0.2293
0.3859 0.4557
0.5821 5.5529
0.7812 22.7803
0.8883 44.8479
0.9301 64.4730
0.9412 80.2011
0.9416 89.9427
0.9396 91.4437
0.9377 85.7881
0.9364 76.8498
0.9354 67.5001
0.9344 58.8491
0.9335 51.1664
0.9324 44.4432
0.9311 38.5916
0.9296 33.5093
0.9279 29.0981
0.9259 25.2703
0.9236 21.9486
0.9211 19.0664
0.9181 16.5653
0.9147 14.3951
0.9109 12.5120
0.9065 10.8779
0.9015 9.4600
0.8958 8.2297
0.8894 7.1622
0.8821 6.2358
0.8739 5.4321
0.8648 4.7346
0.8545 4.1294
0.8431 3.6043
0.8304 3.1487
0.8164 2.7533
0.8011 2.4102
0.7845 2.1125
0.7665 1.8543
0.7472 1.6301
0.7267 1.4356
0.7052 1.2669
0.6827 1.1205
0.6596 0.9934
0.6361 0.8832
0.6124 0.7875
0.5889 0.7045
0.5659 0.6325
0.5435 0.5700
0.5220 0.5158
0.5017 0.4687
0.4826 0.4279
0.4649 0.3924
0.4486 0.3617
0.4337 0.3350
0.4202 0.3119
0.4081 0.2918
0.3973 0.2743
0.3876 0.2592
0.3790 0.2461
0.3715 0.2348
0.3655 0.2305
0.3951 0.5554
0.6031 6.5792
0.7944 24.6856
0.8940 46.6662
0.9319 66.0014
0.9415 81.3117
0.9415 90.4069
0.9394 91.1939
0.9376 85.1082
0.9363 76.0580
0.9353 66.7438
0.9344 58.1704
0.9334 50.5704
0.9323 43.9238
0.9310 38.1403
0.9295 33.1176
0.9277 28.7582
0.9257 24.9753
0.9234 21.6927
0.9208 18.8443
0.9178 16.3726
0.9144 14.2279
0.9105 12.3669
0.9061 10.7520
0.9010 9.3508
0.8953 8.1349
0.8888 7.0799
0.8815 6.1645
0.8732 5.3701
0.8639 4.6809
0.8536 4.0828
0.8421 3.5638
0.8293 3.1135
0.8152 2.7228
0.7998 2.3838
0.7830 2.0896
0.7649 1.8343
0.7455 1.6128
0.7250 1.4207
0.7033 1.2539
0.6808 1.1092
0.6577 0.9836
0.6341 0.8747
0.6105 0.7801
0.5870 0.6981
0.5640 0.6269
0.5416 0.5652
0.5203 0.5116
0.5000 0.4651
0.4811 0.4247
0.4635 0.3897
0.4473 0.3593
0.4325 0.3329
0.4192 0.3101
0.4072 0.2902
0.3964 0.2730
0.3868 0.2580
0.3784 0.2451
0.3709 0.2340
0.3654 0.2332
0.4097 0.7323
0.6286 8.0052
0.8096 27.1078
0.9005 48.9221
0.9338 67.8833
0.9418 82.6469
0.9413 90.9074
0.9392 90.8143
0.9374 84.2288
0.9361 75.0619
0.9352 65.7999
0.9343 57.3256
0.9333 49.8290
0.9321 43.2778
0.9308 37.5790
0.9293 32.6303
0.9275 28.3353
0.9255 24.6083
0.9232 21.3742
0.9205 18.5679
0.9175 16.1328
0.9140 14.0197
0.9101 12.1862
0.9056 10.5953
0.9004 9.2148
0.8946 8.0169
0.8881 6.9775
0.8806 6.0755
0.8723 5.2929
0.8629 4.6139
0.8524 4.0247
0.8408 3.5134
0.8279 3.0698
0.8137 2.6848
0.7981 2.3508
0.7812 2.0610
0.7629 1.8095
0.7434 1.5913
0.7227 1.4019
0.7010 1.2376
0.6784 1.0951
0.6552 0.9714
0.6316 0.8640
0.6080 0.7709
0.5845 0.6901
0.5616 0.6200
0.5393 0.5591
0.5181 0.5063
0.4980 0.4605
0.4792 0.4208
0.4617 0.3863
0.4457 0.3563
0.4311 0.3304
0.4178 0.3078
0.4060 0.2883
0.3953 0.2713
0.3859 0.2566
0.3775 0.2438
0.3702 0.2330
0.3656 0.2390
0.4316 1.0479
0.6577 9.9150
0.8263 30.0254
0.9073 51.5765
0.9358 70.0748
0.9420 84.1482
0.9410 91.3770
0.9389 90.2614
0.9372 83.1387
0.9360 73.8660
0.9351 64.6774
0.9341 56.3239
0.9331 48.9507
0.9320 42.5127
0.9306 36.9143
0.9291 32.0531
0.9273 27.8344
0.9252 24.1735
0.9229 20.9968
0.9202 18.2403
0.9171 15.8485
0.9135 13.7730
0.9095 11.9721
0.9050 10.4094
0.8997 9.0534
0.8938 7.8768
0.8872 6.8559
0.8796 5.9700
0.8711 5.2014
0.8616 4.5344
0.8510 3.9557
0.8392 3.4535
0.8261 3.0178
0.8118 2.6397
0.7960 2.3116
0.7789 2.0270
0.7605 1.7800
0.7409 1.5657
0.7200 1.3797
0.6982 1.2183
0.6755 1.0783
0.6522 0.9568
0.6286 0.8514
0.6050 0.7599
0.5816 0.6806
0.5587 0.6117
0.5366 0.5519
0.5154 0.5001
0.4955 0.4551
0.4768 0.4161
0.4596 0.3822
0.4437 0.3528
0.4293 0.3273
0.4162 0.3052
0.4045 0.2860
0.3941 0.2693
0.3847 0.2548
0.3765 0.2423
0.3693 0.2319
0.3665 0.2521
0.4621 1.6027
0.6896 12.4016
0.8436 33.4206
0.9141 54.6036
0.9376 72.5389
0.9420 85.7553
0.9407 91.7466
0.9386 89.4952
0.9370 81.8302
0.9359 72.4764
0.9349 63.3861
0.9340 55.1752
0.9330 47.9446
0.9318 41.6367
0.9304 36.1530
0.9288 31.3922
0.9270 27.2606
0.9249 23.6755
0.9225 20.5645
0.9197 17.8651
0.9166 15.5227
0.9130 13.4902
0.9089 11.7266
0.9042 10.1963
0.8989 8.8685
0.8929 7.7163
0.8861 6.7165
0.8784 5.8491
0.8698 5.0964
0.8601 4.4433
0.8493 3.8765
0.8373 3.3848
0.8241 2.9582
0.8095 2.5879
0.7936 2.2667
0.7763 1.9880
0.7577 1.7461
0.7378 1.5363
0.7168 1.3542
0.6948 1.1962
0.6720 1.0591
0.6487 0.9401
0.6251 0.8369
0.6015 0.7474
0.5781 0.6697
0.5553 0.6022
0.5333 0.5437
0.5124 0.4929
0.4926 0.4489
0.4742 0.4107
0.4571 0.3775
0.4415 0.3487
0.4272 0.3238
0.4144 0.3021
0.4029 0.2833
0.3926 0.2670
0.3834 0.2528
0.3754 0.2406
0.3684 0.2309
0.3694 0.2823
0.5013 2.5411
0.7233 15.5607
0.8608 37.2620
0.9205 57.9690
0.9392 75.2253
0.9420 87.3890
0.9403 91.9344
0.9383 88.4745
0.9368 80.2966
0.9357 70.8993
0.9348 61.9351
0.9338 53.8890
0.9328 46.8195
0.9316 40.6574
0.9302 35.3023
0.9285 30.6536
0.9267 26.6194
0.9245 23.1189
0.9220 20.0814
0.9192 17.4457
0.9160 15.1586
0.9123 13.1742
0.9081 11.4523
0.9034 9.9582
0.8980 8.6617
0.8918 7.5368
0.8849 6.5608
0.8770 5.7138
0.8682 4.9790
0.8584 4.3413
0.8474 3.7881
0.8352 3.3080
0.8217 2.8915
0.8069 2.5301
0.7907 2.2165
0.7732 1.9444
0.7544 1.7082
0.7343 1.5034
0.7131 1.3256
0.6910 1.1714
0.6681 1.0376
0.6447 0.9215
0.6210 0.8207
0.5974 0.7333
0.5742 0.6574
0.5515 0.5916
0.5297 0.5345
0.5089 0.4850
0.4894 0.4420
0.4711 0.4046
0.4543 0.3723
0.4389 0.3442
0.4249 0.3198
0.4123 0.2987
0.4010 0.2803
0.3909 0.2644
0.3820 0.2506
0.3741 0.2387
0.3674 0.2304
0.3768 0.3541
0.5474 4.0314
0.7576 19.4451
0.8773 41.4917
0.9263 61.6179
0.9405 78.0600
0.9418 88.9468
0.9399 91.8546
0.9379 87.1688
0.9365 78.5407
0.9355 69.1471
0.9346 60.3385
0.9337 52.4782
0.9326 45.5869
0.9313 39.5849
0.9299 34.3706
0.9282 29.8446
0.9263 25.9171
0.9241 22.5091
0.9215 19.5520
0.9187 16.9861
0.9153 14.7597
0.9116 12.8279
0.9073 11.1516
0.9024 9.6972
0.8968 8.4351
0.8906 7.3401
0.8835 6.3900
0.8754 5.5656
0.8664 4.8503
0.8564 4.2296
0.8452 3.6911
0.8327 3.2238
0.8190 2.8184
0.8039 2.4666
0.7875 2.1613
0.7697 1.8965
0.7506 1.6667
0.7303 1.4673
0.7090 1.2943
0.6867 1.1442
0.6636 1.0140
0.6402 0.9010
0.6165 0.8029
0.5929 0.7178
0.5698 0.6440
0.5472 0.5800
0.5256 0.5244
0.5050 0.4762
0.4857 0.4343
0.4678 0.3980
0.4512 0.3665
0.4361 0.3392
0.4224 0.3155
0.4100 0.2949
0.3990 0.2771
0.3891 0.2616
0.3804 0.2481
0.3727 0.2366
0.3665 0.2318
0.3938 0.5306
0.5983 6.2686
0.7911 24.0653
0.8925 46.0737
0.9313 65.5089
0.9414 80.9685
0.9415 90.3208
0.9394 91.4293
0.9376 85.5587
0.9363 76.5682
0.9353 67.2309
0.9344 58.6077
0.9334 50.9536
0.9323 44.2563
0.9310 38.4277
0.9295 33.3654
0.9278 28.9718
0.9258 25.1594
0.9236 21.8513
0.9210 18.9809
0.9180 16.4903
0.9146 14.3293
0.9107 12.4542
0.9063 10.8272
0.9013 9.4155
0.8956 8.1906
0.8891 7.1278
0.8818 6.2057
0.8736 5.4056
0.8644 4.7113
0.8541 4.1090
0.8426 3.5864
0.8299 3.1329
0.8159 2.7394
0.8005 2.3980
0.7838 2.1018
0.7658 1.8448
0.7464 1.6219
0.7259 1.4284
0.7043 1.2605
0.6818 1.1149
0.6587 0.9885
0.6351 0.8788
0.6114 0.7837
0.5879 0.7012
0.5649 0.6295
0.5425 0.5674
0.5211 0.5135
0.5008 0.4667
0.4818 0.4261
0.4641 0.3909
0.4479 0.3603
0.4330 0.3338
0.4196 0.3108
0.4075 0.2908
0.3967 0.2735
0.3871 0.2585
0.3786 0.2455
0.3711 0.2344
0.3662 0.2387
0.4270 0.9661
0.6514 9.4397
0.8227 29.3208
0.9058 50.9508
0.9354 69.5747
0.9419 83.8429
0.9411 91.3819
0.9390 90.5888
0.9373 83.6377
0.9361 74.3912
0.9351 65.1650
0.9342 56.7561
0.9332 49.3272
0.9321 42.8382
0.9307 37.1947
0.9292 32.2946
0.9274 28.0420
0.9253 24.3521
0.9230 21.1504
0.9203 18.3724
0.9172 15.9620
0.9137 13.8706
0.9097 12.0559
0.9052 10.4814
0.9000 9.1153
0.8942 7.9299
0.8875 6.9015
0.8800 6.0092
0.8716 5.2350
0.8621 4.5632
0.8515 3.9804
0.8398 3.4747
0.8268 3.0359
0.8124 2.6553
0.7967 2.3250
0.7797 2.0384
0.7614 1.7898
0.7417 1.5740
0.7209 1.3868
0.6991 1.2245
0.6764 1.0836
0.6532 0.9613
0.6296 0.8552
0.6059 0.7632
0.5825 0.6834
0.5595 0.6141
0.5374 0.5540
0.5162 0.5018
0.4962 0.4566
0.4775 0.4173
0.4601 0.3833
0.4442 0.3537
0.4297 0.3281
0.4166 0.3058
0.4049 0.2865
0.3944 0.2698
0.3850 0.2552
0.3767 0.2426
0.3695 0.2324
0.3680 0.2633
0.4787 1.9579
0.7044 13.7033
0.8512 35.0743
0.9170 56.0751
0.9384 73.7438
0.9420 86.5567
0.9405 91.9998
0.9385 89.2850
0.9369 81.4128
0.9358 72.0254
0.9349 62.9638
0.9340 54.7966
0.9329 47.6100
0.9317 41.3424
0.9303 35.8946
0.9287 31.1653
0.9269 27.0615
0.9248 23.5007
0.9224 20.4112
0.9196 17.7305
0.9164 15.4047
0.9128 13.3867
0.9086 11.6357
0.9039 10.1166
0.8986 8.7985
0.8925 7.6549
0.8857 6.6627
0.8780 5.8018
0.8693 5.0549
0.8595 4.4069
0.8487 3.8446
0.8366 3.3568
0.8232 2.9336
0.8086 2.5664
