0.3425 0.1937
0.3403 0.1905
0.3383 0.1876
0.3366 0.1850
0.3349 0.1827
0.3335 0.1806
0.3321 0.1786
0.3309 0.1769
0.3298 0.1753
0.3288 0.1739
0.3279 0.1726
0.3271 0.1714
0.3263 0.1703
0.3256 0.1694
0.3250 0.1685
0.3245 0.1677
0.3239 0.1670
0.3235 0.1664
0.3231 0.1658
0.3227 0.1653
0.3224 0.1648
0.3221 0.1644
0.3218 0.1641
0.3216 0.1638
0.3214 0.1636
0.3213 0.1635
0.3212 0.1635
0.3213 0.1637
0.3214 0.1640
0.3216 0.1646
0.3220 0.1655
0.3225 0.1668
0.3235 0.1691
0.3250 0.1723
0.3271 0.1768
0.3303 0.1840
0.3350 0.1941
0.3410 0.2047
0.3477 0.2176
0.3588 0.2493
0.3810 0.3064
0.4036 0.3284
0.4156 0.3370
0.4268 0.3681
0.4441 0.4148
0.4622 0.4419
0.4698 0.4288
0.4673 0.4136
0.4658 0.4270
0.4706 0.4390
0.4688 0.4125
0.4582 0.3784
0.4438 0.3493
0.4305 0.3298
0.4202 0.3162
0.4120 0.3035
0.4046 0.2905
0.3973 0.2778
0.3903 0.2664
0.3838 0.2560
0.3778 0.2466
0.3723 0.2381
0.3673 0.2306
0.3628 0.2239
0.3588 0.2179
0.3552 0.2125
0.3519 0.2076
0.3489 0.2031
0.3461 0.1990
0.3436 0.1953
0.3413 0.1919
0.3392 0.1889
0.3374 0.1862
0.3357 0.1838
0.3341 0.1815
0.3327 0.1795
0.3315 0.1777
0.3303 0.1760
0.3292 0.1745
0.3283 0.1732
0.3274 0.1719
0.3267 0.1708
0.3259 0.1698
0.3253 0.1689
0.3247 0.1681
0.3242 0.1673
0.3237 0.1667
0.3233 0.1661
0.3229 0.1655
0.3225 0.1650
0.3222 0.1646
0.3220 0.1643
0.3217 0.1640
0.3215 0.1637
0.3214 0.1636
0.3213 0.1635
0.3213 0.1636
0.3213 0.1639
0.3215 0.1643
0.3218 0.1651
0.3223 0.1662
0.3231 0.1681
0.3243 0.1709
0.3261 0.1747
0.3288 0.1806
0.3328 0.1896
0.3384 0.2003
0.3446 0.2110
0.3529 0.2318
0.3699 0.2805
0.3951 0.3233
0.4111 0.3316
0.4212 0.3516
0.4359 0.3942
0.4550 0.4347
0.4679 0.4362
0.4686 0.4171
0.4652 0.4161
0.4681 0.4395
0.4704 0.4255
0.4632 0.3925
0.4499 0.3603
0.4357 0.3368
0.4241 0.3214
0.4152 0.3087
0.4076 0.2959
0.4003 0.2830
0.3932 0.2711
0.3865 0.2603
0.3803 0.2506
0.3746 0.2417
0.3694 0.2337
0.3647 0.2266
0.3605 0.2204
0.3567 0.2148
0.3533 0.2096
0.3501 0.2050
0.3473 0.2007
0.3447 0.1968
0.3423 0.1933
0.3401 0.1902
0.3382 0.1874
0.3364 0.1848
0.3348 0.1825
0.3333 0.1804
0.3320 0.1785
0.3308 0.1767
0.3297 0.1752
0.3287 0.1737
0.3278 0.1725
0.3270 0.1713
0.3262 0.1702
0.3256 0.1693
0.3250 0.1684
0.3244 0.1677
0.3239 0.1670
0.3235 0.1663
0.3231 0.1658
0.3227 0.1653
0.3224 0.1648
0.3221 0.1644
0.3218 0.1641
0.3216 0.1638
0.3214 0.1637
0.3213 0.1636
0.3213 0.1636
0.3213 0.1638
0.3214 0.1642
0.3217 0.1648
0.3221 0.1657
0.3227 0.1672
0.3238 0.1697
0.3254 0.1730
0.3276 0.1779
0.3310 0.1857
0.3361 0.1960
0.3421 0.2064
0.3489 0.2207
0.3614 0.2569
0.3850 0.3122
0.4058 0.3286
0.4167 0.3398
0.4289 0.3751
0.4470 0.4213
0.4637 0.4395
0.4690 0.4236
0.4658 0.4116
0.4654 0.4296
0.4702 0.4353
0.4671 0.4066
0.4558 0.3730
0.4414 0.3453
0.4285 0.3270
0.4186 0.3137
0.4106 0.3011
0.4033 0.2882
0.3960 0.2758
0.3892 0.2646
0.3828 0.2545
0.3769 0.2452
0.3715 0.2369
0.3666 0.2294
0.3622 0.2228
0.3582 0.2170
0.3546 0.2117
0.3514 0.2069
0.3484 0.2024
0.3457 0.1984
0.3432 0.1948
0.3410 0.1915
0.3390 0.1885
0.3371 0.1859
0.3354 0.1834
0.3339 0.1812
0.3325 0.1793
0.3313 0.1775
0.3302 0.1758
0.3291 0.1743
0.3282 0.1730
0.3273 0.1718
0.3266 0.1707
0.3259 0.1697
0.3252 0.1688
0.3246 0.1680
0.3241 0.1673
0.3237 0.1666
0.3232 0.1660
0.3228 0.1655
0.3225 0.1650
0.3222 0.1646
0.3219 0.1642
0.3217 0.1640
0.3215 0.1637
0.3214 0.1636
0.3213 0.1636
0.3213 0.1637
0.3214 0.1640
0.3216 0.1645
0.3219 0.1653
0.3224 0.1665
0.3233 0.1686
0.3247 0.1716
0.3266 0.1756
0.3294 0.1821
0.3338 0.1916
0.3395 0.2021
0.3458 0.2131
0.3548 0.2374
0.3737 0.2904
0.3982 0.3246
0.4124 0.3324
0.4229 0.3574
0.4388 0.4018
0.4574 0.4350
0.4678 0.4306
0.4669 0.4127
0.4640 0.4171
0.4680 0.4384
0.4692 0.4197
0.4609 0.3865
0.4473 0.3555
0.4334 0.3334
0.4223 0.3187
0.4137 0.3061
0.4062 0.2934
0.3989 0.2808
0.3919 0.2691
0.3854 0.2586
0.3793 0.2490
0.3737 0.2403
0.3686 0.2324
0.3640 0.2255
0.3598 0.2194
0.3561 0.2139
0.3527 0.2089
0.3497 0.2043
0.3468 0.2001
0.3443 0.1963
0.3419 0.1928
0.3398 0.1897
0.3379 0.1870
0.3361 0.1844
0.3346 0.1822
0.3331 0.1801
0.3318 0.1782
0.3306 0.1765
0.3296 0.1750
0.3286 0.1736
0.3277 0.1723
0.3269 0.1712
0.3262 0.1701
0.3255 0.1692
0.3249 0.1683
0.3243 0.1676
0.3239 0.1669
0.3234 0.1663
0.3230 0.1657
0.3226 0.1652
0.3223 0.1648
0.3220 0.1644
0.3218 0.1641
0.3216 0.1638
0.3214 0.1637
0.3213 0.1636
0.3213 0.1637
0.3213 0.1639
0.3215 0.1643
0.3218 0.1650
0.3222 0.1661
0.3230 0.1678
0.3241 0.1705
0.3259 0.1740
0.3283 0.1795
0.3321 0.1881
0.3375 0.1985
0.3435 0.2086
0.3507 0.2255
0.3652 0.2678
0.3899 0.3174
0.4081 0.3289
0.4184 0.3447
0.4321 0.3844
0.4507 0.4271
0.4649 0.4345
0.4675 0.4170
0.4639 0.4102
0.4653 0.4333
0.4695 0.4297
0.4647 0.3991
0.4526 0.3663
0.4383 0.3405
0.4260 0.3236
0.4166 0.3106
0.4088 0.2980
0.4015 0.2853
0.3944 0.2732
0.3877 0.2623
0.3815 0.2524
0.3757 0.2434
0.3704 0.2352
0.3656 0.2280
0.3613 0.2216
0.3574 0.2158
0.3539 0.2107
0.3508 0.2059
0.3479 0.2016
0.3452 0.1977
0.3428 0.1941
0.3406 0.1909
0.3386 0.1880
0.3368 0.1854
0.3351 0.1830
0.3336 0.1809
0.3323 0.1789
0.3311 0.1771
0.3300 0.1755
0.3289 0.1741
0.3280 0.1728
0.3272 0.1716
0.3264 0.1705
0.3257 0.1695
0.3251 0.1687
0.3246 0.1679
0.3240 0.1671
0.3236 0.1665
0.3232 0.1659
0.3228 0.1654
0.3225 0.1649
0.3222 0.1645
0.3219 0.1642
0.3217 0.1639
0.3215 0.1637
0.3214 0.1636
0.3213 0.1636
0.3213 0.1638
0.3214 0.1642
0.3217 0.1648
0.3221 0.1656
0.3227 0.1671
0.3237 0.1694
0.3252 0.1726
0.3273 0.1772
0.3306 0.1846
0.3354 0.1947
0.3412 0.2047
0.3476 0.2171
0.3584 0.2483
0.3804 0.3041
0.4025 0.3257
0.4145 0.3357
0.4262 0.3682
0.4437 0.4133
0.4606 0.4347
0.4672 0.4224
0.4646 0.4082
0.4632 0.4215
0.4683 0.4354
0.4672 0.4108
0.4573 0.3776
0.4433 0.3486
0.4300 0.3288
0.4197 0.3149
0.4115 0.3024
0.4041 0.2898
0.3969 0.2774
0.3901 0.2662
0.3837 0.2559
0.3778 0.2466
0.3723 0.2381
0.3673 0.2305
0.3628 0.2238
0.3588 0.2179
0.3552 0.2125
0.3519 0.2076
0.3489 0.2032
0.3462 0.1991
0.3437 0.1954
0.3414 0.1920
0.3393 0.1890
0.3374 0.1863
0.3357 0.1839
0.3342 0.1816
0.3328 0.1796
0.3315 0.1778
0.3304 0.1761
0.3293 0.1746
0.3284 0.1733
0.3275 0.1720
0.3267 0.1709
0.3260 0.1699
0.3254 0.1690
0.3248 0.1682
0.3242 0.1674
0.3238 0.1667
0.3233 0.1661
0.3229 0.1656
0.3226 0.1651
0.3223 0.1647
0.3220 0.1643
0.3218 0.1640
0.3216 0.1638
0.3214 0.1637
0.3213 0.1636
0.3213 0.1637
0.3214 0.1640
0.3216 0.1645
0.3219 0.1653
0.3224 0.1665
0.3233 0.1685
0.3246 0.1714
0.3265 0.1753
0.3292 0.1816
0.3335 0.1909
0.3391 0.2011
0.3451 0.2115
0.3533 0.2330
0.3708 0.2827
0.3953 0.3211
0.4104 0.3298
0.4209 0.3528
0.4364 0.3960
0.4549 0.4295
0.4656 0.4279
0.4655 0.4105
0.4623 0.4115
0.4659 0.4352
0.4684 0.4215
0.4614 0.3894
0.4484 0.3581
0.4345 0.3349
0.4231 0.3195
0.4142 0.3068
0.4066 0.2942
0.3994 0.2817
0.3925 0.2700
0.3859 0.2595
0.3799 0.2499
0.3742 0.2411
0.3691 0.2332
0.3644 0.2261
0.3602 0.2200
0.3565 0.2144
0.3531 0.2094
0.3500 0.2048
0.3472 0.2005
0.3446 0.1967
0.3422 0.1932
0.3400 0.1901
0.3381 0.1873
0.3363 0.1847
0.3347 0.1824
0.3333 0.1803
0.3320 0.1784
0.3308 0.1767
0.3297 0.1752
0.3287 0.1738
0.3278 0.1725
0.3270 0.1713
0.3263 0.1703
0.3256 0.1693
0.3250 0.1685
0.3244 0.1677
0.3239 0.1670
0.3235 0.1664
0.3231 0.1658
0.3227 0.1653
0.3224 0.1648
0.3221 0.1645
0.3219 0.1642
0.3216 0.1639
0.3215 0.1637
0.3214 0.1637
0.3213 0.1637
0.3214 0.1639
0.3215 0.1644
0.3218 0.1650
0.3222 0.1661
0.3230 0.1677
0.3241 0.1704
0.3258 0.1739
0.3282 0.1793
0.3319 0.1876
0.3372 0.1978
0.3430 0.2076
0.3499 0.2231
0.3635 0.2628
0.3876 0.3138
0.4064 0.3270
0.4171 0.3422
0.4307 0.3810
0.4491 0.4231
0.4630 0.4308
0.4660 0.4148
0.4625 0.4065
0.4633 0.4282
0.4681 0.4292
0.4644 0.4003
0.4530 0.3678
0.4389 0.3414
0.4265 0.3239
0.4169 0.3107
0.4090 0.2982
0.4017 0.2856
0.3947 0.2737
0.3880 0.2629
0.3818 0.2529
0.3760 0.2439
0.3707 0.2356
0.3659 0.2283
0.3615 0.2219
0.3576 0.2162
0.3541 0.2110
0.3510 0.2062
0.3481 0.2019
0.3454 0.1979
0.3430 0.1944
0.3407 0.1911
0.3387 0.1882
0.3369 0.1856
0.3353 0.1832
0.3338 0.1810
0.3324 0.1791
0.3312 0.1773
0.3301 0.1757
0.3290 0.1742
0.3281 0.1729
0.3273 0.1717
0.3265 0.1706
0.3258 0.1696
0.3252 0.1688
0.3246 0.1680
0.3241 0.1672
0.3236 0.1666
0.3232 0.1660
0.3228 0.1655
0.3225 0.1650
0.3222 0.1646
0.3219 0.1643
0.3217 0.1640
0.3215 0.1638
0.3214 0.1637
0.3214 0.1637
0.3214 0.1639
0.3215 0.1642
0.3217 0.1648
0.3221 0.1657
0.3227 0.1672
0.3237 0.1695
0.3252 0.1727
0.3274 0.1774
0.3307 0.1849
0.3355 0.1949
0.3413 0.2046
0.3475 0.2166
0.3581 0.2471
0.3797 0.3024
0.4017 0.3244
0.4138 0.3348
0.4257 0.3675
0.4432 0.4117
0.4595 0.4302
0.4657 0.4192
0.4631 0.4052
0.4616 0.4175
0.4668 0.4332
0.4663 0.4103
0.4569 0.3776
0.4432 0.3486
0.4300 0.3285
0.4195 0.3144
0.4112 0.3019
0.4039 0.2894
0.3968 0.2772
0.3900 0.2661
0.3837 0.2560
0.3778 0.2466
0.3723 0.2381
0.3673 0.2305
0.3628 0.2238
0.3588 0.2179
0.3552 0.2126
0.3519 0.2077
0.3490 0.2032
0.3462 0.1992
0.3437 0.1955
0.3414 0.1921
0.3394 0.1891
0.3375 0.1864
0.3358 0.1839
0.3342 0.1817
0.3328 0.1797
0.3316 0.1779
0.3304 0.1762
0.3294 0.1747
0.3284 0.1733
0.3275 0.1721
0.3268 0.1710
0.3260 0.1700
0.3254 0.1690
0.3248 0.1682
0.3243 0.1675
0.3238 0.1668
0.3233 0.1662
0.3230 0.1656
0.3226 0.1652
0.3223 0.1647
0.3220 0.1644
0.3218 0.1641
0.3216 0.1639
0.3215 0.1637
0.3214 0.1637
0.3214 0.1638
0.3214 0.1641
0.3216 0.1646
0.3220 0.1654
0.3225 0.1666
0.3234 0.1687
0.3247 0.1716
0.3266 0.1756
0.3295 0.1821
0.3338 0.1915
0.3394 0.2014
0.3453 0.2115
0.3535 0.2334
0.3711 0.2835
0.3952 0.3198
0.4100 0.3290
0.4208 0.3538
0.4368 0.3971
0.4547 0.4262
0.4642 0.4229
0.4637 0.4065
0.4606 0.4085
0.4644 0.4323
0.4671 0.4193
0.4604 0.3877
0.4476 0.3569
0.4339 0.3339
0.4225 0.3184
0.4137 0.3057
0.4061 0.2933
0.3989 0.2810
0.3921 0.2695
0.3856 0.2591
0.3796 0.2496
0.3740 0.2408
0.3689 0.2329
0.3642 0.2259
0.3601 0.2197
0.3563 0.2142
0.3530 0.2092
0.3499 0.2047
0.3471 0.2005
0.3445 0.1966
0.3422 0.1932
0.3400 0.1901
0.3381 0.1873
0.3363 0.1847
0.3347 0.1824
0.3333 0.1803
0.3320 0.1785
0.3308 0.1767
0.3297 0.1752
0.3287 0.1738
0.3278 0.1725
0.3270 0.1713
0.3263 0.1703
0.3256 0.1693
0.3250 0.1685
0.3244 0.1677
0.3239 0.1670
0.3235 0.1664
0.3231 0.1658
0.3227 0.1653
0.3224 0.1649
0.3221 0.1645
0.3219 0.1642
0.3217 0.1639
0.3215 0.1638
0.3214 0.1637
0.3214 0.1638
0.3214 0.1640
0.3216 0.1645
0.3219 0.1652
0.3223 0.1662
0.3231 0.1680
0.3243 0.1707
0.3260 0.1743
0.3285 0.1799
0.3324 0.1886
0.3377 0.1986
0.3434 0.2080
0.3503 0.2240
0.3643 0.2651
0.3883 0.3134
0.4063 0.3258
0.4170 0.3432
0.4313 0.3835
0.4498 0.4223
0.4623 0.4262
0.4644 0.4105
0.4609 0.4039
0.4622 0.4267
0.4671 0.4267
0.4633 0.3981
0.4520 0.3661
0.4381 0.3401
0.4257 0.3226
0.4162 0.3094
0.4083 0.2969
0.4010 0.2846
0.3941 0.2729
0.3875 0.2622
0.3814 0.2524
0.3757 0.2434
0.3704 0.2352
0.3656 0.2280
0.3613 0.2216
0.3574 0.2159
0.3540 0.2107
0.3508 0.2060
0.3479 0.2017
0.3453 0.1978
0.3429 0.1942
0.3407 0.1910
0.3387 0.1881
0.3369 0.1855
0.3352 0.1831
0.3337 0.1810
0.3324 0.1790
0.3312 0.1773
0.3300 0.1757
0.3290 0.1742
0.3281 0.1729
0.3273 0.1717
0.3265 0.1706
0.3258 0.1696
0.3252 0.1688
0.3246 0.1680
0.3241 0.1672
0.3236 0.1666
0.3232 0.1660
0.3228 0.1655
0.3225 0.1650
0.3222 0.1646
0.3219 0.1643
0.3217 0.1640
0.3216 0.1638
0.3214 0.1637
0.3214 0.1638
0.3214 0.1639
0.3215 0.1643
0.3218 0.1650
0.3222 0.1659
0.3228 0.1674
0.3239 0.1699
0.3255 0.1732
0.3277 0.1781
0.3311 0.1858
0.3361 0.1958
0.3418 0.2051
0.3479 0.2175
0.3589 0.2497
0.3810 0.3039
0.4021 0.3234
0.4139 0.3355
0.4265 0.3705
0.4443 0.4138
0.4593 0.4262
0.4642 0.4142
0.4613 0.4018
0.4602 0.4163
0.4657 0.4301
0.4650 0.4069
0.4554 0.3747
0.4419 0.3464
0.4289 0.3268
0.4186 0.3128
0.4103 0.3003
0.4030 0.2880
0.3960 0.2760
0.3893 0.2651
0.3831 0.2551
0.3773 0.2459
0.3719 0.2374
0.3669 0.2299
0.3625 0.2233
0.3585 0.2174
0.3549 0.2121
0.3517 0.2073
0.3487 0.2029
0.3460 0.1989
0.3435 0.1952
0.3413 0.1919
0.3392 0.1889
0.3374 0.1862
0.3357 0.1838
0.3342 0.1816
0.3328 0.1796
0.3315 0.1778
0.3304 0.1761
0.3293 0.1746
0.3284 0.1733
0.3275 0.1720
0.3267 0.1709
0.3260 0.1699
0.3254 0.1690
0.3248 0.1682
0.3243 0.1674
0.3238 0.1668
0.3233 0.1662
0.3230 0.1656
0.3226 0.1652
0.3223 0.1647
0.3220 0.1644
0.3218 0.1641
0.3216 0.1639
0.3215 0.1638
0.3214 0.1638
0.3214 0.1639
0.3215 0.1642
0.3217 0.1648
0.3221 0.1656
0.3226 0.1670
0.3236 0.1691
0.3250 0.1722
0.3270 0.1765
0.3301 0.1835
0.3347 0.1931
0.3402 0.2026
0.3460 0.2130
0.3549 0.2376
0.3739 0.2904
0.3972 0.3203
0.4108 0.3300
0.4222 0.3585
0.4389 0.4019
0.4558 0.4236
0.4633 0.4175
0.4618 0.4023
0.4592 0.4080
0.4638 0.4304
0.4658 0.4148
0.4585 0.3833
0.4457 0.3534
0.4322 0.3313
0.4211 0.3162
0.4124 0.3036
0.4049 0.2912
0.3978 0.2792
0.3911 0.2680
0.3848 0.2578
0.3789 0.2484
0.3733 0.2397
0.3683 0.2319
0.3637 0.2251
0.3596 0.2190
0.3559 0.2136
0.3526 0.2087
0.3496 0.2041
0.3468 0.2000
0.3442 0.1962
0.3419 0.1928
0.3398 0.1898
0.3379 0.1870
0.3362 0.1845
0.3346 0.1822
0.3332 0.1802
0.3319 0.1783
0.3307 0.1766
0.3296 0.1751
0.3286 0.1737
0.3277 0.1724
0.3269 0.1713
0.3262 0.1702
0.3256 0.1693
0.3250 0.1684
0.3244 0.1677
0.3239 0.1670
0.3235 0.1663
0.3231 0.1658
0.3227 0.1653
0.3224 0.1649
0.3221 0.1645
0.3219 0.1642
0.3217 0.1640
0.3215 0.1638
0.3214 0.1638
0.3214 0.1639
0.3215 0.1641
0.3216 0.1646
0.3220 0.1654
0.3225 0.1665
0.3233 0.1685
0.3246 0.1713
0.3264 0.1751
0.3291 0.1813
0.3333 0.1903
0.3387 0.2001
0.3443 0.2094
0.3516 0.2277
0.3671 0.2728
0.3912 0.3153
0.4074 0.3260
0.4182 0.3473
0.4335 0.3893
0.4516 0.4211
0.4617 0.4200
0.4622 0.4045
0.4588 0.4019
0.4614 0.4266
0.4658 0.4217
0.4612 0.3924
0.4495 0.3613
0.4358 0.3367
0.4240 0.3200
0.4146 0.3068
0.4069 0.2945
0.3997 0.2824
0.3929 0.2709
0.3864 0.2605
0.3804 0.2509
0.3748 0.2420
0.3696 0.2340
0.3649 0.2269
0.3606 0.2206
0.3569 0.2150
0.3535 0.2100
0.3504 0.2054
0.3475 0.2012
0.3449 0.1973
0.3426 0.1938
0.3404 0.1906
0.3384 0.1878
0.3366 0.1852
0.3350 0.1829
0.3336 0.1807
0.3322 0.1788
0.3310 0.1771
0.3299 0.1755
0.3289 0.1741
0.3280 0.1728
0.3272 0.1716
0.3264 0.1705
0.3257 0.1695
0.3251 0.1687
0.3246 0.1679
0.3241 0.1672
0.3236 0.1665
0.3232 0.1659
0.3228 0.1654
0.3225 0.1650
0.3222 0.1646
0.3219 0.1643
0.3217 0.1640
0.3216 0.1639
0.3215 0.1638
0.3214 0.1638
0.3215 0.1641
0.3216 0.1645
0.3219 0.1652
