0.1174 -0.117468
0.1148 -0.114830
0.1123 -0.112363
0.1100 -0.110054
0.1079 -0.107889
0.1058 -0.105856
0.1039 -0.103939
0.1021 -0.102126
0.1004 -0.100403
0.0987 -0.098755
0.0972 -0.097167
0.0956 -0.095626
0.0941 -0.094117
0.0926 -0.092623
0.0911 -0.091132
0.0896 -0.089626
0.0881 -0.088091
0.0865 -0.086510
0.0849 -0.084868
0.0831 -0.083148
0.0813 -0.081332
0.0794 -0.079402
0.0773 -0.077339
0.0751 -0.075121
0.0727 -0.072725
0.0701 -0.070124
0.0673 -0.067288
0.0641 -0.064182
0.0607 -0.060766
0.0569 -0.056990
0.0528 -0.052796
0.0481 -0.048113
0.0428 -0.042856
0.0369 -0.036918
0.0301 -0.030168
0.0224 -0.022442
0.0135 -0.013223
0.0032 -0.003071
-0.0090 0.007409
-0.0240 0.017315
-0.0430 0.025736
-0.0676 0.033455
-0.0984 0.040297
-0.1344 0.045544
-0.1725 0.048351
-0.2089 0.048432
-0.2411 0.046234
-0.2682 0.042545
-0.2905 0.038108
-0.3085 0.033468
-0.3229 0.028968
-0.3344 0.024803
-0.3434 0.021060
-0.3503 0.017767
-0.3556 0.014912
-0.3594 0.012463
-0.3621 0.010380
-0.3637 0.008621
-0.3644 0.007142
-0.3643 0.005904
-0.3636 0.004871
-0.3622 0.004013
-0.3603 0.003301
-0.3580 0.002711
-0.3552 0.002224
-0.3521 0.001823
-0.3487 0.001493
-0.3449 0.001221
-0.3410 0.000998
-0.3368 0.000815
-0.3324 0.000665
-0.3278 0.000542
-0.3231 0.000442
-0.3183 0.000360
-0.3133 0.000293
-0.3083 0.000238
-0.3031 0.000194
-0.2978 0.000157
-0.2924 0.000128
-0.2867 0.000104
-0.2806 0.000084
-0.2736 0.000068
-0.2650 0.000054
-0.2537 0.000043
-0.2378 0.000033
-0.2152 0.000025
-0.1771 0.044400
-0.1217 0.030594
-0.0362 0.018630
0.0920 -0.045310
0.2161 -0.161317
0.2957 -0.221359
0.3269 -0.326781
0.3343 -0.334332
0.3301 -0.330149
0.3195 -0.319670
0.3061 -0.306223
0.2916 -0.291751
0.2772 -0.277321
0.2633 -0.263477
0.2503 -0.250459
