0.3099 -0.002743
0.2920 -0.002240
0.2709 -0.001821
0.2490 -0.001477
0.2275 -0.001198
0.2068 -0.000972
0.1872 -0.000789
0.1687 -0.000641
0.1510 -0.000521
0.1341 -0.000424
0.1176 -0.000344
0.1013 -0.000280
0.0847 -0.000227
0.0674 -0.000184
0.0484 -0.000149
0.0265 -0.000119
-0.0003 -0.000094
-0.0353 -0.000073
-0.0821 -0.000055
-0.1399 -0.000040
-0.2005 -0.000028
-0.2543 -0.000019
-0.2970 -0.000013
-0.3289 -0.000009
-0.3516 -0.000007
-0.3673 -0.066470
-0.3875 -0.056331
-0.4052 -0.094998
-0.4176 -0.082531
-0.4244 -0.075636
-0.4286 -0.071474
-0.4315 -0.068556
-0.4337 -0.066345
-0.4401 -0.089928
-0.4442 -0.083698
-0.4464 -0.080358
-0.4474 -0.078959
-0.4474 -0.078829
-0.4470 -0.079546
-0.4461 -0.080870
-0.4447 -0.080041
-0.4424 -0.079021
-0.4391 -0.074853
-0.4346 -0.072447
-0.4295 -0.071093
-0.4238 -0.070419
-0.4173 -0.064352
-0.4094 -0.058811
-0.4007 -0.053867
-0.3912 -0.049293
-0.3811 -0.044993
-0.3705 -0.040928
-0.3594 -0.037091
-0.3481 -0.033482
-0.3364 -0.030109
-0.3245 -0.026976
-0.3124 -0.024086
-0.3000 -0.021439
-0.2963 -0.120131
-0.3021 -0.113796
-0.3057 -0.109280
-0.3077 -0.106212
-0.3081 -0.104294
-0.3075 -0.103237
-0.3063 -0.102741
-0.3048 -0.102553
-0.3033 -0.102522
-0.3018 -0.102593
-0.3003 -0.102783
-0.2987 -0.103141
-0.2967 -0.103713
-0.2945 -0.104530
-0.2918 -0.105594
-0.2887 -0.106883
-0.2854 -0.108366
-0.2816 -0.105200
-0.2750 -0.089604
-0.2652 -0.077327
-0.2686 -0.178721
-0.2744 -0.163588
-0.2764 -0.153404
-0.2754 -0.146804
-0.2785 -0.249841
-0.2928 -0.229074
-0.3026 -0.214647
-0.3093 -0.204455
-0.3190 -0.282442
-0.3358 -0.254551
-0.3469 -0.236022
-0.3550 -0.222492
-0.3623 -0.210419
-0.3697 -0.198536
-0.3769 -0.187040
-0.3836 -0.176530
-0.3894 -0.167470
-0.3941 -0.160055
-0.3978 -0.154256
-0.4006 -0.149910
-0.4025 -0.146801
-0.4039 -0.144718
-0.4046 -0.143485
-0.4049 -0.142972
-0.4048 -0.143094
-0.4042 -0.142565
-0.4017 -0.130301
-0.3968 -0.122759
-0.3902 -0.118025
-0.3826 -0.115078
-0.3742 -0.110605
-0.3639 -0.099916
-0.3518 -0.090841
-0.3385 -0.082697
-0.3242 -0.075167
-0.3092 -0.068120
-0.2937 -0.061517
-0.2777 -0.055357
-0.2613 -0.049654
-0.2443 -0.044418
-0.2266 -0.039655
-0.2081 -0.035363
-0.1883 -0.031540
-0.1664 -0.028190
-0.1410 -0.025331
-0.1094 -0.023010
-0.0662 -0.021338
-0.0005 -0.020510
0.0954 -0.020414
0.1947 -0.019901
0.2667 -0.018353
0.3082 -0.016162
0.3253 -0.013787
0.3253 -0.011516
0.3145 -0.009492
0.2974 -0.007761
0.2772 -0.006318
0.2561 -0.005133
0.1936 -0.351098
0.1290 -0.317762
0.0756 -0.290320
0.0221 -0.263050
-0.0420 -0.230621
-0.1227 -0.189962
-0.2074 -0.147261
-0.2779 -0.111730
-0.3292 -0.085820
-0.3643 -0.068126
-0.3871 -0.056639
-0.4009 -0.049680
-0.4082 -0.046005
-0.4106 -0.044727
-0.4096 -0.045227
-0.4059 -0.047070
-0.4001 -0.049952
-0.3927 -0.053656
-0.3840 -0.057977
-0.3749 -0.062511
-0.3654 -0.055836
-0.3554 -0.049598
-0.3457 -0.043753
-0.3368 -0.038283
-0.3285 -0.033250
-0.3236 -0.116555
-0.3322 -0.106212
-0.3384 -0.098555
-0.3430 -0.092780
-0.3467 -0.088161
-0.3500 -0.084297
-0.3530 -0.081061
-0.3554 -0.078435
-0.3572 -0.076413
-0.3583 -0.074963
-0.3587 -0.074032
-0.3585 -0.073550
-0.3578 -0.073447
-0.3566 -0.073658
-0.3550 -0.074126
-0.3531 -0.074808
-0.3509 -0.075676
-0.3485 -0.076714
-0.3457 -0.077919
-0.3427 -0.079290
-0.3395 -0.080829
-0.3359 -0.082528
-0.3320 -0.084376
-0.3279 -0.086359
-0.3234 -0.083012
-0.3166 -0.072007
-0.3074 -0.063131
-0.2964 -0.055723
-0.2978 -0.147416
-0.3161 -0.219259
-0.3306 -0.196580
-0.3401 -0.181321
-0.3470 -0.170084
-0.3528 -0.160883
-0.3581 -0.152922
-0.3629 -0.146011
-0.3671 -0.140144
-0.3706 -0.135316
-0.3733 -0.131471
-0.3754 -0.128520
-0.3769 -0.126364
-0.3778 -0.124900
-0.3782 -0.124039
-0.3778 -0.117972
-0.3747 -0.101310
-0.3687 -0.088641
-0.3607 -0.078518
-0.3513 -0.070005
-0.3408 -0.062597
-0.3294 -0.056018
-0.3173 -0.050106
-0.3045 -0.044765
-0.2912 -0.039933
-0.2773 -0.035568
-0.2628 -0.031636
-0.2476 -0.028112
-0.2316 -0.024970
-0.2144 -0.022189
-0.1956 -0.019749
-0.1745 -0.017636
-0.1497 -0.015849
-0.1188 -0.014403
-0.0766 -0.013357
-0.0124 -0.012839
0.0845 -0.012850
0.1649 -0.344505
0.1908 -0.355931
0.2018 -0.359876
0.2009 -0.358012
0.1917 -0.352085
0.1769 -0.343612
0.1590 -0.333719
0.1394 -0.323118
0.1187 -0.312158
0.0972 -0.300892
0.0745 -0.289110
0.0495 -0.276268
0.0201 -0.261306
-0.0172 -0.242477
-0.0668 -0.217546
-0.1294 -0.183300
-0.1925 -0.125767
-0.2447 -0.086305
-0.2842 -0.060308
-0.3125 -0.043311
-0.3319 -0.032092
-0.3445 -0.024547
-0.3517 -0.019352
-0.3547 -0.015675
-0.3543 -0.012991
-0.3512 -0.010967
-0.3459 -0.009392
-0.3387 -0.008126
-0.3300 -0.007082
-0.3200 -0.006198
-0.3090 -0.005439
-0.2976 -0.106026
-0.3040 -0.101831
-0.3080 -0.099120
-0.3318 -0.254967
-0.3578 -0.215192
-0.3759 -0.187480
-0.3894 -0.166843
-0.4000 -0.150711
-0.4083 -0.138092
-0.4146 -0.128554
-0.4191 -0.121717
-0.4221 -0.117136
-0.4239 -0.114347
-0.4248 -0.112917
-0.4251 -0.112483
-0.4249 -0.112778
-0.4243 -0.112961
-0.4223 -0.104020
-0.4185 -0.097872
-0.4128 -0.087612
-0.4054 -0.079395
-0.3967 -0.072427
-0.3869 -0.066188
-0.3764 -0.060431
-0.3652 -0.055051
-0.3533 -0.050005
-0.3410 -0.045284
-0.3281 -0.040883
-0.3147 -0.036796
-0.3010 -0.033018
-0.2868 -0.029541
-0.2722 -0.026359
-0.2571 -0.023467
-0.2416 -0.020856
-0.2252 -0.018518
-0.2078 -0.016443
-0.1889 -0.014624
-0.1674 -0.013053
-0.1420 -0.011733
-0.1098 -0.010680
-0.0647 -0.009945
0.0048 -0.009627
0.1054 -0.009642
0.2064 -0.009401
0.2778 -0.008649
0.3174 -0.007594
0.3317 -0.006455
0.3286 -0.005371
0.3148 -0.004411
0.2953 -0.003596
0.2733 -0.002920
0.2509 -0.002368
0.2291 -0.001920
0.2083 -0.001558
0.1887 -0.001265
0.1701 -0.001028
0.1525 -0.000836
0.1356 -0.000680
0.1166 -0.309242
0.0433 -0.272431
-0.0349 -0.233289
-0.1296 -0.185910
-0.2244 -0.138365
-0.2986 -0.101081
-0.3501 -0.075209
-0.3838 -0.058267
-0.4048 -0.047691
-0.4171 -0.041520
-0.4233 -0.038372
-0.4254 -0.037306
-0.4246 -0.037697
-0.4217 -0.039128
-0.4173 -0.041316
-0.4120 -0.043996
-0.4064 -0.046795
-0.4011 -0.046704
-0.3952 -0.040894
-0.3889 -0.035857
-0.3823 -0.031404
-0.3756 -0.027452
-0.3687 -0.023950
-0.3671 -0.086511
-0.3712 -0.080504
-0.3732 -0.076501
-0.3739 -0.073832
-0.3739 -0.071948
-0.3736 -0.070545
-0.3732 -0.069511
-0.3725 -0.068822
-0.3715 -0.068468
-0.3702 -0.068422
-0.3686 -0.068643
-0.3668 -0.069081
-0.3648 -0.069688
-0.3626 -0.070429
-0.3604 -0.071280
-0.3579 -0.069387
-0.3537 -0.059626
-0.3477 -0.051833
-0.3403 -0.045392
-0.3317 -0.039928
-0.3223 -0.035209
-0.3121 -0.031087
-0.3012 -0.027461
-0.2897 -0.024261
-0.2775 -0.021431
-0.2647 -0.018926
-0.2511 -0.016713
-0.2367 -0.014761
-0.2214 -0.013046
-0.2047 -0.011546
-0.1863 -0.010241
-0.1655 -0.009116
-0.1415 -0.008159
-0.1119 -0.007374
-0.0723 -0.006784
-0.0137 -0.006438
0.0732 -0.006336
0.1703 -0.006189
0.2451 -0.005747
0.2899 -0.005090
0.3101 -0.004360
0.3125 -0.003652
0.3036 -0.003016
0.2879 -0.002470
0.2688 -0.002012
0.2485 -0.001636
0.1711 -0.337077
0.1115 -0.306936
0.0592 -0.280554
0.0034 -0.252555
-0.0660 -0.217794
-0.1503 -0.175550
-0.2320 -0.134556
-0.2964 -0.102179
-0.3423 -0.079120
-0.3732 -0.063580
-0.3930 -0.053623
-0.4047 -0.047708
-0.4106 -0.044715
-0.4123 -0.043844
-0.4110 -0.044524
-0.4073 -0.046336
-0.4020 -0.048962
-0.3956 -0.052150
-0.3885 -0.055697
-0.3811 -0.059100
-0.3724 -0.052432
-0.3621 -0.046847
-0.3507 -0.041930
-0.3386 -0.037484
-0.3259 -0.033422
-0.3279 -0.199624
-0.3444 -0.254197
-0.3653 -0.216889
-0.3783 -0.193646
-0.3878 -0.176689
-0.3961 -0.162307
-0.4035 -0.149684
-0.4099 -0.139078
-0.4148 -0.130747
-0.4185 -0.124656
-0.4209 -0.120533
-0.4224 -0.118001
-0.4230 -0.116687
-0.4232 -0.116288
-0.4228 -0.116598
-0.4218 -0.113050
-0.4194 -0.106661
-0.4147 -0.094716
-0.4079 -0.085427
-0.3995 -0.077813
-0.3900 -0.071132
-0.3796 -0.065034
-0.3684 -0.059354
-0.3566 -0.054019
-0.3442 -0.048999
-0.3314 -0.044284
-0.3182 -0.039876
-0.3047 -0.035781
-0.2908 -0.032006
-0.2765 -0.028552
-0.2618 -0.025417
-0.2464 -0.022594
-0.2302 -0.020072
-0.2129 -0.017838
-0.1939 -0.015882
-0.1724 -0.014196
-0.1467 -0.012780
-0.1142 -0.011655
-0.0687 -0.010877
0.0018 -0.010562
0.1049 -0.010633
0.2088 -0.010411
0.2820 -0.009597
0.3221 -0.008428
0.3362 -0.007161
0.3324 -0.005954
0.3179 -0.004886
0.2976 -0.003980
0.2751 -0.003230
0.2305 -0.368234
0.1573 -0.330864
0.1011 -0.302245
0.0497 -0.276202
-0.0071 -0.247581
-0.0789 -0.211547
-0.1639 -0.168887
-0.2432 -0.129011
-0.3046 -0.098105
-0.3482 -0.076201
-0.3776 -0.061403
-0.3966 -0.051824
-0.4082 -0.045996
-0.4144 -0.042857
-0.4167 -0.041661
-0.4163 -0.041884
-0.4137 -0.043163
-0.4095 -0.045238
-0.4109 -0.089081
-0.4127 -0.128769
-0.4161 -0.116678
-0.4163 -0.110792
-0.4154 -0.107207
-0.4147 -0.104098
-0.4146 -0.101000
-0.4150 -0.140527
-0.4219 -0.126976
-0.4261 -0.118506
-0.4285 -0.113392
-0.4297 -0.110478
-0.4301 -0.108988
-0.4300 -0.108446
-0.4295 -0.108567
-0.4288 -0.109177
-0.4279 -0.110171
-0.4268 -0.111485
-0.4250 -0.105561
-0.4213 -0.098858
-0.4165 -0.094549
-0.4105 -0.087565
-0.4029 -0.079341
-0.3939 -0.072358
-0.3840 -0.066111
-0.3731 -0.060361
-0.3616 -0.054999
-0.3493 -0.049982
-0.3365 -0.045293
-0.3231 -0.040926
-0.3091 -0.036874
-0.2946 -0.033132
-0.2796 -0.029691
-0.2640 -0.026547
-0.2478 -0.023691
-0.2308 -0.021120
-0.2126 -0.018826
-0.1928 -0.016803
-0.1705 -0.015050
-0.1442 -0.013571
-0.1108 -0.012393
-0.0642 -0.011585
0.0078 -0.011268
0.1113 -0.011328
0.2131 -0.011040
0.2840 -0.010141
0.3225 -0.008888
0.3355 -0.007541
0.3311 -0.006265
0.3162 -0.005139
0.2958 -0.004184
0.2732 -0.003395
0.2504 -0.002751
0.2283 -0.002230
0.2074 -0.001809
0.1361 -0.319765
0.0732 -0.287893
0.0108 -0.256501
-0.0646 -0.218682
-0.1553 -0.173149
-0.2416 -0.129812
-0.3083 -0.096248
-0.3554 -0.072569
-0.3872 -0.056574
-0.4080 -0.046129
-0.4209 -0.039614
-0.4283 -0.035875
-0.4318 -0.034111
-0.4325 -0.033767
-0.4311 -0.034461
-0.4281 -0.035929
-0.4240 -0.037983
-0.4190 -0.040487
-0.4129 -0.037821
-0.4050 -0.034084
-0.3958 -0.030915
-0.3855 -0.028087
-0.3743 -0.025490
-0.3685 -0.087834
-0.3671 -0.084868
-0.3701 -0.144930
-0.3758 -0.136082
-0.3792 -0.130283
-0.3820 -0.125724
-0.3847 -0.121520
-0.3875 -0.117491
-0.3903 -0.113779
-0.3927 -0.110576
-0.3947 -0.108001
-0.3961 -0.106086
-0.3970 -0.104798
-0.3974 -0.104076
-0.3973 -0.103879
-0.3968 -0.104180
-0.3952 -0.094758
-0.3907 -0.082538
-0.3839 -0.073191
-0.3755 -0.065539
-0.3659 -0.058961
-0.3553 -0.053128
-0.3439 -0.047865
-0.3317 -0.043079
-0.3189 -0.038715
-0.3054 -0.034738
-0.2913 -0.031119
-0.2765 -0.027831
-0.2609 -0.024854
-0.2447 -0.022168
-0.2275 -0.019756
-0.2092 -0.017608
-0.1891 -0.015716
-0.1666 -0.014076
-0.1399 -0.012695
-0.1059 -0.011599
-0.0582 -0.010854
0.0154 -0.010571
0.1186 -0.010594
0.2167 -0.010255
0.2837 -0.009371
0.3196 -0.008186
0.3311 -0.006934
0.3263 -0.005757
0.3115 -0.004722
0.2914 -0.003846
0.2694 -0.003122
0.2470 -0.002532
0.2253 -0.002053
0.1931 -0.348631
0.1200 -0.311556
0.0593 -0.280856
-0.0041 -0.248957
-0.0826 -0.209614
-0.1735 -0.164024
-0.2554 -0.122880
-0.3169 -0.091924
-0.3596 -0.070471
-0.3878 -0.056279
-0.4055 -0.047333
-0.4159 -0.042122
-0.4209 -0.039572
-0.4222 -0.038926
-0.4207 -0.039653
-0.4173 -0.041348
-0.4128 -0.043585
-0.4080 -0.043358
-0.4023 -0.038046
-0.3961 -0.033459
-0.3897 -0.029386
-0.3831 -0.025749
-0.3764 -0.022511
-0.3695 -0.019641
-0.3625 -0.017110
-0.3574 -0.086049
-0.3627 -0.080381
-0.3657 -0.076638
-0.3669 -0.074272
-0.3672 -0.072793
-0.3669 -0.071843
-0.3663 -0.071238
-0.3655 -0.070898
-0.3645 -0.070790
-0.3633 -0.070895
-0.3619 -0.071190
-0.3602 -0.071653
-0.3584 -0.072261
-0.3565 -0.072990
-0.3544 -0.073820
-0.3523 -0.074739
-0.3500 -0.075750
-0.3465 -0.065766
-0.3408 -0.056951
-0.3334 -0.049765
-0.3246 -0.043736
-0.3148 -0.038569
-0.3040 -0.034076
-0.2924 -0.030136
-0.2801 -0.026666
-0.2668 -0.023606
-0.2527 -0.020907
-0.2375 -0.018531
-0.2211 -0.016444
-0.2030 -0.014622
-0.1826 -0.013046
-0.1590 -0.011704
-0.1303 -0.010596
-0.0927 -0.009745
-0.0384 -0.009221
0.0453 -0.009093
0.1503 -0.009057
0.2382 -0.008591
0.2936 -0.007716
0.3201 -0.006661
0.3255 -0.005600
0.3170 -0.004629
0.3006 -0.003788
0.2802 -0.003083
0.2584 -0.002503
0.2366 -0.002030
0.2157 -0.001647
0.1957 -0.001337
0.1769 -0.001086
0.1589 -0.000883
0.1128 -0.307460
0.0433 -0.272480
-0.0319 -0.234833
-0.1240 -0.188750
-0.2183 -0.141423
-0.2937 -0.103538
-0.3469 -0.076820
-0.3824 -0.058962
-0.4054 -0.047420
-0.4197 -0.040232
-0.4281 -0.036019
-0.4324 -0.033838
-0.4339 -0.033057
-0.4335 -0.033259
-0.4316 -0.034176
-0.4287 -0.035626
-0.4250 -0.037480
-0.4203 -0.034713
-0.4141 -0.030937
-0.4067 -0.027793
-0.3983 -0.025055
-0.3890 -0.022605
-0.3789 -0.020383
-0.3682 -0.018352
-0.3568 -0.016486
-0.3449 -0.014763
-0.3519 -0.159876
-0.3635 -0.145449
-0.3706 -0.136409
-0.3754 -0.130191
-0.3794 -0.125029
-0.3833 -0.120294
-0.3869 -0.115991
-0.3900 -0.112289
-0.3926 -0.109303
-0.3945 -0.107055
-0.3957 -0.105498
-0.3964 -0.104571
-0.3966 -0.104226
-0.3963 -0.104422
-0.3948 -0.097961
-0.3910 -0.085495
-0.3847 -0.075523
-0.3765 -0.067525
-0.3669 -0.060773
-0.3561 -0.054870
-0.3442 -0.049595
-0.3315 -0.044816
-0.3178 -0.040456
-0.3034 -0.036463
-0.2882 -0.032804
-0.2723 -0.029452
-0.2556 -0.026394
-0.2381 -0.023619
-0.2196 -0.021123
-0.1995 -0.018902
-0.1771 -0.016959
-0.1511 -0.015303
-0.1405 -0.192954
-0.1459 -0.187937
-0.1521 -0.182893
-0.1596 -0.177498
-0.1693 -0.171295
-0.1815 -0.164072
-0.1958 -0.155941
-0.2116 -0.147253
-0.2280 -0.138456
-0.2439 -0.129973
-0.2588 -0.122123
-0.2722 -0.115101
-0.2840 -0.108990
-0.2940 -0.103795
-0.3023 -0.099471
-0.3091 -0.095951
-0.3145 -0.093161
-0.3186 -0.091037
-0.3215 -0.088097
-0.3216 -0.073516
-0.3185 -0.062458
-0.3128 -0.053775
-0.3269 -0.214896
-0.3455 -0.185608
-0.3568 -0.167215
-0.3634 -0.155687
-0.3674 -0.148074
-0.3702 -0.142509
-0.3724 -0.138007
-0.3744 -0.134166
-0.3762 -0.130886
-0.3776 -0.128176
-0.3788 -0.126047
-0.3795 -0.124481
-0.3799 -0.123426
-0.3799 -0.122818
-0.3797 -0.122593
-0.3792 -0.122705
-0.3785 -0.123126
-0.3775 -0.123850
-0.3763 -0.124882
-0.3744 -0.120620
-0.3757 -0.171798
-0.3799 -0.157947
-0.3808 -0.150246
-0.3796 -0.146313
-0.3774 -0.144388
-0.3751 -0.143326
-0.3728 -0.138686
-0.3695 -0.129450
-0.3654 -0.122502
-0.3608 -0.117144
-0.3560 -0.113026
-0.3508 -0.109962
-0.3455 -0.107827
-0.3394 -0.100074
-0.3310 -0.087891
-0.3204 -0.077967
-0.3080 -0.069600
-0.2938 -0.062373
-0.2781 -0.056028
-0.2609 -0.050398
-0.2421 -0.045375
-0.2217 -0.040869
-0.1999 -0.036792
-0.1765 -0.033110
-0.1505 -0.029853
-0.1199 -0.027098
-0.0803 -0.024975
-0.0225 -0.023707
0.0645 -0.023391
0.1657 -0.023036
0.2458 -0.021554
0.2949 -0.019187
0.3183 -0.016493
0.3231 -0.013851
0.3157 -0.011460
0.3009 -0.009394
0.2823 -0.007659
0.2620 -0.006228
0.2414 -0.005059
0.2213 -0.004109
0.2020 -0.003338
0.1836 -0.002714
0.1294 -0.317039
0.0633 -0.283479
-0.0036 -0.249645
-0.0855 -0.208464
-0.1789 -0.161495
-0.2613 -0.120015
-0.3221 -0.089374
-0.3636 -0.068507
-0.3904 -0.055004
-0.4067 -0.046770
-0.4156 -0.042250
-0.4194 -0.040348
-0.4194 -0.040298
-0.4169 -0.041567
-0.4152 -0.084849
-0.4160 -0.084006
-0.4143 -0.085652
-0.4116 -0.088362
-0.4093 -0.090369
-0.4071 -0.084518
-0.4049 -0.079771
-0.4028 -0.075866
-0.4006 -0.072739
-0.3984 -0.121185
-0.4044 -0.110799
-0.4077 -0.104371
-0.4093 -0.100542
-0.4098 -0.143500
-0.4168 -0.131068
-0.4207 -0.123857
-0.4226 -0.117268
-0.4224 -0.110841
-0.4211 -0.107151
-0.4191 -0.105041
-0.4168 -0.103909
-0.4144 -0.103425
-0.4119 -0.103393
-0.4094 -0.103688
-0.4070 -0.104241
-0.4046 -0.105026
-0.4021 -0.103391
-0.3984 -0.095869
-0.3926 -0.084598
-0.3850 -0.075671
-0.3760 -0.068144
-0.3659 -0.061531
-0.3549 -0.055580
-0.3432 -0.050158
-0.3308 -0.045191
-0.3178 -0.040638
-0.3043 -0.036466
-0.2901 -0.032653
-0.2754 -0.029181
-0.2601 -0.026035
-0.2440 -0.023200
-0.2269 -0.020665
-0.2085 -0.018417
-0.1883 -0.016446
-0.1655 -0.014740
-0.1387 -0.013295
-0.1050 -0.012136
-0.0583 -0.011328
0.0128 -0.010977
0.1121 -0.010943
0.2077 -0.010571
0.2736 -0.009655
0.3096 -0.008441
0.3226 -0.007164
0.3200 -0.005964
0.3076 -0.004906
0.2898 -0.004007
0.2173 -0.362031
0.1557 -0.330419
0.1069 -0.305469
0.0623 -0.282732
0.0143 -0.258462
-0.0451 -0.228555
-0.1206 -0.190629
-0.2011 -0.150168
-0.2696 -0.115723
-0.3206 -0.090078
-0.3560 -0.072224
-0.3796 -0.060378
-0.3943 -0.052964
-0.4026 -0.048778
-0.4062 -0.046946
-0.4063 -0.046057
-0.4030 -0.039432
-0.3964 -0.034799
-0.3873 -0.031292
-0.3806 -0.087146
-0.3776 -0.084443
-0.3727 -0.147332
-0.3764 -0.139650
-0.3784 -0.134721
-0.3805 -0.130115
-0.3837 -0.124920
-0.3876 -0.119276
-0.3917 -0.113747
-0.3955 -0.108845
-0.3986 -0.104863
-0.4009 -0.101885
-0.4024 -0.099856
-0.4032 -0.098650
-0.4034 -0.098125
-0.4031 -0.098149
-0.4024 -0.098622
-0.4013 -0.096872
-0.3988 -0.091252
-0.3952 -0.087605
-0.3907 -0.085278
-0.3857 -0.083876
-0.3883 -0.133651
-0.3908 -0.127070
-0.3914 -0.123386
-0.3909 -0.121514
-0.3898 -0.120252
-0.3876 -0.111668
-0.3842 -0.105641
-0.3800 -0.101282
-0.3754 -0.098119
-0.3704 -0.095883
-0.3652 -0.094399
-0.3598 -0.093546
-0.3543 -0.093231
-0.3481 -0.085535
-0.3397 -0.075351
-0.3296 -0.066909
-0.3180 -0.059676
-0.3052 -0.053340
-0.2913 -0.047713
-0.2764 -0.042685
-0.2605 -0.038185
-0.2434 -0.034171
-0.2248 -0.030610
-0.2041 -0.027485
-0.1804 -0.024787
-0.1522 -0.022527
-0.1162 -0.020756
-0.0655 -0.019616
0.0137 -0.019359
0.1258 -0.019697
0.2301 -0.019202
0.2988 -0.017555
0.3335 -0.015304
0.3428 -0.012927
0.3356 -0.010705
0.3188 -0.008761
0.2973 -0.007125
0.2741 -0.005777
0.2510 -0.004681
0.2288 -0.003794
0.2079 -0.003077
0.1882 -0.002498
0.1697 -0.002030
0.1521 -0.001651
0.1351 -0.001343
0.1186 -0.001092
0.1022 -0.000888
0.0855 -0.000721
0.0679 -0.000584
0.0035 -0.252565
-0.0861 -0.207731
-0.1858 -0.157772
-0.2707 -0.115149
-0.3313 -0.084675
-0.3713 -0.064547
-0.3963 -0.051971
-0.4108 -0.044674
-0.4181 -0.041009
-0.4204 -0.039825
-0.4194 -0.040322
-0.4161 -0.041951
-0.4113 -0.044331
-0.4076 -0.092416
-0.4087 -0.091339
-0.4075 -0.092441
-0.4052 -0.088729
-0.4022 -0.084144
-0.3996 -0.080114
-0.3976 -0.076414
