0.7016 1.4612
0.7063 1.5104
0.7115 1.5519
0.7160 1.5754
0.7186 1.5751
0.7190 1.5506
0.7168 1.5067
0.7123 1.4496
0.7060 1.3854
0.6982 1.3189
0.6896 1.2545
0.6807 1.1982
0.6723 1.1554
0.6655 1.1280
0.6608 1.1146
0.6583 1.1143
0.6593 1.1671
0.6725 1.4228
0.7038 1.9139
0.7433 2.5243
0.7799 3.1479
0.8083 3.7164
0.8281 4.1835
0.8408 4.5075
0.8479 4.6131
0.8503 4.4731
0.8484 4.1796
0.8434 3.8567
0.8368 3.5919
0.8301 3.4161
0.8247 3.3256
0.8213 3.3034
0.8199 3.3302
0.8202 3.3843
0.8215 3.4415
0.8231 3.4801
0.8243 3.4864
0.8247 3.4599
0.8244 3.4368
0.8243 3.5055
0.8264 3.7131
0.8310 4.0169
0.8373 4.3463
0.8439 4.6401
0.8495 4.8490
0.8534 4.9519
0.8557 4.9772
0.8566 4.9727
0.8568 4.9839
0.8573 5.1283
0.8595 5.5400
0.8650 6.7427
0.8769 9.8628
0.8916 13.6725
0.9038 17.0793
0.9121 19.8197
0.9171 21.5947
0.9197 22.2030
0.9208 22.7943
0.9217 25.3080
0.9231 28.2579
0.9247 31.9619
0.9265 36.7719
0.9281 40.6413
0.9294 42.8152
0.9301 43.1278
0.9304 41.5100
0.9301 38.3575
0.9293 34.1760
0.9280 30.1694
0.9266 28.5522
0.9258 29.4975
0.9258 30.7722
0.9261 31.5917
0.9265 31.7454
0.9266 31.0700
0.9264 29.3219
0.9256 26.3779
0.9241 22.8732
0.9217 19.5655
0.9188 16.9265
0.9155 14.9779
0.9122 13.5645
0.9091 12.5156
0.9063 11.6777
0.9037 10.9182
0.9011 10.1391
0.8981 9.2980
0.8944 8.4063
0.8899 7.5018
0.8842 6.6239
0.8774 5.8022
0.8691 5.0563
0.8595 4.3995
0.8486 3.8377
0.8366 3.3694
0.8238 2.9872
0.8108 2.6803
0.7979 2.4364
0.7857 2.2446
0.7746 2.1035
0.7654 2.0173
0.7591 1.9823
0.7559 1.9862
0.7555 2.0140
0.7570 2.0509
0.7594 2.0830
0.7616 2.0977
0.7628 2.0921
0.7637 2.1503
0.7699 2.4461
0.7841 2.9323
0.8025 3.4828
0.8204 4.0160
0.8351 4.4885
0.8461 4.8738
0.8536 5.1449
0.8583 5.2671
0.8604 5.2122
0.8600 4.9852
0.8571 4.6293
0.8517 4.2034
0.8439 3.7595
0.8341 3.3328
0.8223 2.9432
0.8089 2.5990
0.7941 2.3009
0.7783 2.0456
0.7618 1.8279
0.7449 1.6420
0.7277 1.4827
0.7105 1.3455
0.6934 1.2268
0.6764 1.1236
0.6598 1.0334
0.6436 0.9542
0.6279 0.8842
0.6126 0.8223
0.5979 0.7683
0.5843 0.7247
0.5735 0.7063
0.5705 0.7364
0.5796 0.8245
0.6006 0.9622
0.6286 1.1309
0.6582 1.3103
0.6851 1.4810
0.7072 1.6260
0.7235 1.7320
0.7344 1.7932
0.7403 1.8143
0.7426 1.8073
0.7422 1.7842
0.7403 1.7538
0.7375 1.7210
0.7344 1.6879
0.7311 1.6543
0.7277 1.6187
0.7241 1.5790
0.7199 1.5346
0.7153 1.4887
0.7103 1.4451
0.7053 1.4067
0.7007 1.3751
0.6967 1.3510
0.6935 1.3339
0.6911 1.3218
0.6893 1.3116
0.6878 1.2995
0.6860 1.2820
0.6836 1.2568
0.6801 1.2230
0.6752 1.1810
0.6689 1.1320
0.6610 1.0779
0.6518 1.0205
0.6412 0.9616
0.6296 0.9030
0.6171 0.8459
0.6039 0.7910
0.5902 0.7391
0.5763 0.6904
0.5622 0.6451
0.5482 0.6031
0.5343 0.5644
0.5207 0.5288
0.5075 0.4962
0.4948 0.4663
0.4825 0.4390
0.4708 0.4142
0.4597 0.3920
0.4498 0.3753
0.4430 0.3702
0.4424 0.3848
0.4515 0.4268
0.4720 0.5021
0.5033 0.6128
0.5418 0.7557
0.5828 0.9225
0.6218 1.1005
0.6556 1.2744
0.6828 1.4292
0.7033 1.5533
0.7176 1.6398
0.7266 1.6875
0.7313 1.6991
0.7324 1.6798
0.7306 1.6372
0.7267 1.5903
0.7227 1.5754
0.7213 1.6128
0.7243 1.6983
0.7314 1.8209
0.7415 1.9794
0.7536 2.1687
0.7663 2.3712
0.7783 2.5636
0.7885 2.7239
0.7964 2.8371
0.8017 2.8966
0.8045 2.9033
0.8055 2.9147
0.8076 3.1288
0.8146 3.5752
0.8258 4.1403
0.8385 4.8038
0.8513 5.6724
0.8635 6.6676
0.8740 7.6184
0.8821 8.3909
0.8877 8.9080
0.8912 9.1437
0.8929 9.2720
0.8952 11.1549
0.9013 14.9201
0.9084 18.1387
0.9141 20.5043
0.9179 22.3227
0.9203 23.6352
0.9217 24.2315
0.9223 23.8633
0.9221 22.4978
0.9211 20.4286
0.9193 18.0904
0.9167 15.8014
0.9135 13.8616
0.9101 13.0799
0.9090 15.0870
0.9113 18.2983
0.9151 21.8085
0.9192 26.9866
0.9230 32.0939
0.9259 35.6115
0.9277 37.2584
0.9286 37.1311
0.9288 35.5655
0.9284 32.8947
0.9274 29.4013
0.9259 25.4792
0.9237 21.5964
0.9207 18.0990
0.9170 15.1447
0.9126 13.0076
0.9087 12.8298
0.9083 15.4209
0.9113 18.5705
0.9151 21.2199
0.9184 23.1814
0.9208 24.3775
0.9221 24.6717
0.9226 23.9281
0.9222 22.1972
0.9209 19.8134
0.9187 17.2348
0.9156 14.8430
0.9119 12.9395
0.9078 11.6072
0.9040 10.7110
0.9008 10.0804
0.8981 9.5767
0.8957 9.0927
0.8932 8.5600
0.8904 7.9579
0.8869 7.3032
0.8825 6.6344
0.8773 6.0342
0.8719 5.6720
0.8678 5.5893
0.8661 5.6781
0.8662 5.8351
0.8676 5.9999
0.8693 6.1315
0.8707 6.1863
0.8715 6.1374
0.8712 5.9960
0.8700 5.7911
0.8679 5.5523
0.8652 5.3012
0.8620 5.0476
0.8584 4.7933
0.8544 4.5377
0.8500 4.2801
0.8451 4.0195
0.8395 3.7547
0.8333 3.4873
0.8261 3.2217
0.8180 2.9645
0.8089 2.7217
0.7990 2.4979
0.7884 2.2972
0.7775 2.1245
0.7667 1.9833
0.7567 1.8737
0.7481 1.7951
0.7414 1.7551
0.7380 1.7717
0.7390 1.8498
0.7446 1.9750
0.7533 2.1230
0.7632 2.2680
0.7723 2.3865
0.7795 2.4605
0.7840 2.4811
0.7856 2.4487
0.7845 2.3722
0.7807 2.2639
0.7748 2.1364
0.7670 2.0001
0.7577 1.8627
0.7471 1.7293
0.7356 1.6029
0.7233 1.4851
0.7104 1.3764
0.6972 1.2771
0.6837 1.1866
0.6701 1.1055
0.6571 1.0428
0.6468 1.0167
0.6422 1.0329
0.6444 1.0842
0.6525 1.1596
0.6643 1.2482
0.6775 1.3403
0.6904 1.4275
0.7017 1.5009
0.7105 1.5513
0.7163 1.5716
0.7188 1.5594
0.7178 1.5174
0.7135 1.4519
0.7063 1.3703
0.6964 1.2799
0.6843 1.1877
0.6707 1.1011
0.6567 1.0298
0.6443 0.9850
0.6359 0.9741
0.6335 0.9982
0.6375 1.0533
0.6470 1.1324
0.6601 1.2298
0.6752 1.3402
0.6906 1.4561
0.7050 1.5682
0.7177 1.6678
0.7280 1.7486
0.7358 1.8072
0.7411 1.8425
0.7443 1.8591
0.7469 1.9308
0.7550 2.2343
0.7723 2.7433
0.7942 3.3337
0.8153 3.9397
0.8330 4.5362
0.8466 5.0912
0.8566 5.5567
0.8635 5.8762
0.8678 6.0077
0.8696 5.9477
0.8693 5.7292
0.8672 5.3978
0.8633 4.9964
0.8578 4.5609
0.8508 4.1205
0.8424 3.6977
0.8325 3.3079
0.8214 2.9597
0.8093 2.6561
0.7966 2.3958
0.7834 2.1747
0.7702 1.9880
0.7575 1.8557
0.7498 1.9299
0.7558 2.3190
0.7750 2.9218
0.7996 3.6484
0.8238 4.5912
0.8458 5.8888
0.8648 7.4631
0.8796 9.0563
0.8903 10.4336
0.8974 11.4421
0.9016 12.0104
0.9038 12.1526
0.9045 11.9532
0.9041 11.5177
0.9029 10.9429
0.9012 10.4305
0.9002 11.3001
0.9029 14.3641
0.9082 17.5246
0.9133 19.9258
0.9171 21.5265
0.9194 22.4878
0.9207 22.8292
0.9212 22.4128
0.9209 21.2972
0.9201 20.1843
0.9195 21.0644
0.9201 23.6786
0.9215 25.9912
0.9230 27.8876
0.9245 30.8003
0.9260 33.9592
0.9272 35.5816
0.9280 35.4197
0.9281 33.8681
0.9277 31.1762
0.9266 27.5882
0.9249 23.6652
0.9224 20.0491
0.9193 17.1141
0.9157 14.8725
0.9120 13.2055
0.9083 11.9634
0.9049 10.9913
0.9016 10.1620
0.8984 9.3961
0.8950 8.6640
0.8913 7.9729
0.8873 7.3355
0.8829 6.7589
0.8783 6.2539
0.8736 5.8268
0.8690 5.4761
0.8646 5.1924
0.8607 4.9576
0.8570 4.7479
0.8535 4.5414
0.8498 4.3268
0.8458 4.1052
0.8413 3.8838
0.8364 3.6699
0.8310 3.4692
0.8255 3.2851
0.8198 3.1181
0.8142 2.9660
0.8085 2.8253
0.8028 2.6923
0.7970 2.5641
0.7910 2.4390
0.7846 2.3170
0.7779 2.1996
0.7709 2.0917
0.7639 2.0000
0.7576 1.9411
0.7548 2.0317
0.7623 2.4085
0.7805 2.9872
0.8029 3.6420
0.8238 4.2886
0.8404 4.8734
0.8525 5.3543
0.8607 5.6882
0.8655 5.8330
0.8677 5.7701
0.8673 5.5230
0.8647 5.1454
0.8599 4.6961
0.8532 4.2226
0.8445 3.7562
0.8341 3.3170
0.8218 2.9228
0.8083 2.6043
0.7950 2.3845
0.7836 2.2593
0.7757 2.2087
0.7715 2.2086
0.7706 2.2368
0.7717 2.2727
0.7736 2.2978
0.7751 2.2968
0.7753 2.2609
0.7735 2.1899
0.7696 2.0905
0.7635 1.9736
0.7555 1.8528
0.7465 1.7501
0.7381 1.6848
0.7319 1.6608
0.7289 1.6707
0.7291 1.7049
0.7318 1.7544
0.7359 1.8094
0.7406 1.8587
0.7447 1.8926
0.7477 1.9050
0.7489 1.8943
0.7484 1.8620
0.7461 1.8119
0.7421 1.7484
0.7367 1.6769
0.7303 1.6050
0.7234 1.5469
0.7179 1.5307
0.7166 1.5871
0.7220 1.7327
0.7344 1.9614
0.7514 2.2513
0.7700 2.5743
0.7875 2.9004
0.8024 3.1989
0.8141 3.4409
0.8224 3.6044
0.8276 3.6823
0.8302 3.6961
0.8311 3.6891
0.8311 3.6884
0.8311 3.7005
0.8312 3.7234
0.8316 3.7515
0.8322 3.7805
0.8329 3.8151
0.8338 3.8565
0.8347 3.8959
0.8356 3.9224
0.8363 3.9278
0.8365 3.9105
0.8364 3.9381
0.8378 4.1793
0.8425 4.6580
0.8505 5.4501
0.8613 6.5715
0.8727 7.8781
0.8831 9.3293
0.8919 10.8613
0.8987 12.2687
0.9037 13.3842
0.9071 14.2234
0.9093 14.8875
0.9108 15.4543
0.9120 15.9654
0.9129 16.3253
0.9135 16.7140
0.9146 18.7339
0.9169 22.2975
0.9198 25.1861
0.9221 26.9546
0.9238 28.7495
0.9252 31.7284
0.9264 33.8556
0.9273 34.6047
0.9279 35.8334
0.9284 37.7405
0.9288 38.4368
0.9291 37.6959
0.9290 35.9669
0.9285 33.6492
0.9277 30.8350
0.9265 27.4643
0.9248 23.4897
0.9222 19.5591
0.9190 17.3999
0.9169 18.1710
0.9168 19.7166
0.9178 21.0188
0.9190 21.9062
0.9200 22.2882
0.9205 21.9954
0.9204 20.8329
0.9194 18.8270
0.9174 16.3237
0.9141 13.7491
0.9095 11.4342
0.9036 9.6512
0.8973 8.4547
0.8912 7.6984
0.8862 7.2256
0.8823 6.9150
0.8793 6.6705
0.8769 6.4113
0.8743 6.0790
0.8710 5.6517
0.8663 5.1464
0.8600 4.6016
0.8516 4.0563
0.8411 3.5396
0.8285 3.0685
0.8137 2.6502
0.7967 2.2859
0.7777 1.9727
0.7569 1.7059
0.7345 1.4801
0.7108 1.2899
0.6864 1.1301
0.6615 0.9961
0.6369 0.8840
0.6129 0.7921
0.5912 0.7303
0.5764 0.7160
0.5730 0.7522
0.5819 0.8297
0.5999 0.9362
0.6227 1.0602
0.6466 1.1921
0.6690 1.3225
0.6883 1.4408
0.7036 1.5359
0.7148 1.5992
0.7218 1.6280
0.7251 1.6258
0.7251 1.5993
0.7226 1.5558
0.7181 1.5020
0.7122 1.4429
0.7053 1.3819
0.6978 1.3214
0.6897 1.2623
0.6814 1.2051
0.6728 1.1494
0.6639 1.0949
0.6547 1.0412
0.6450 0.9881
0.6348 0.9358
0.6240 0.8845
0.6128 0.8347
0.6011 0.7871
0.5892 0.7428
0.5775 0.7030
0.5664 0.6713
0.5581 0.6603
0.5563 0.6844
0.5639 0.7458
0.5802 0.8370
0.6020 0.9472
0.6257 1.0650
0.6482 1.1782
0.6674 1.2729
0.6819 1.3380
0.6913 1.3717
0.6963 1.3815
0.6981 1.3797
0.6981 1.3765
0.6976 1.3779
0.6975 1.3850
0.6980 1.3955
0.6989 1.4049
0.6998 1.4085
0.7002 1.4021
0.6994 1.3838
0.6975 1.3655
0.6983 1.4633
0.7127 1.8239
0.7409 2.3693
0.7730 2.9706
0.8010 3.5435
0.8222 4.0441
0.8370 4.4567
0.8466 4.7592
0.8525 4.9262
0.8556 4.9616
0.8565 4.9018
0.8558 4.7896
0.8541 4.6529
0.8519 4.5011
0.8491 4.3327
0.8459 4.1452
0.8421 3.9430
0.8381 3.8653
0.8418 5.5170
0.8623 9.4932
0.8846 13.1538
0.9007 15.9728
0.9103 18.1045
0.9155 19.7317
0.9182 20.7701
0.9194 20.9726
0.9196 20.2197
0.9189 18.7332
0.9173 16.9237
0.9150 15.0981
0.9121 13.3874
0.9086 11.8298
0.9045 10.4392
0.8998 9.2306
0.8948 8.3636
0.8915 9.0487
0.8949 12.6629
0.9030 16.9657
0.9111 20.7328
0.9172 24.6475
0.9217 29.7587
0.9250 33.9804
0.9271 36.0181
0.9281 36.0071
0.9284 34.6696
0.9281 32.5169
0.9273 29.6929
0.9260 26.3830
0.9242 22.9609
0.9219 19.7557
0.9189 17.2216
0.9163 16.8488
0.9156 18.8334
0.9169 20.9710
0.9187 22.5440
0.9203 23.4686
0.9214 23.7011
0.9218 23.2446
0.9216 22.0848
0.9207 20.1483
0.9190 17.9514
0.9166 16.0180
0.9139 14.6373
0.9114 13.7216
0.9092 13.0563
0.9074 12.4787
0.9058 11.9135
0.9041 11.3286
0.9023 10.6974
0.9002 10.0028
0.8975 9.2560
0.8943 8.4924
0.8904 7.7520
0.8859 7.0642
0.8810 6.4447
0.8756 5.9010
0.8700 5.4522
0.8647 5.1310
0.8602 4.9457
0.8571 4.8831
0.8557 4.9212
0.8558 5.0225
0.8570 5.1418
0.8585 5.2357
0.8599 5.2703
0.8605 5.2292
0.8602 5.1134
0.8588 4.9357
0.8563 4.7119
0.8529 4.4570
0.8485 4.1845
0.8432 3.9059
0.8371 3.6305
0.8302 3.3639
0.8226 3.1088
0.8142 2.8659
0.8050 2.6358
0.7950 2.4200
0.7842 2.2207
0.7727 2.0390
0.7607 1.8757
0.7483 1.7302
0.7357 1.6018
0.7232 1.4887
0.7108 1.3898
0.6990 1.3106
0.6890 1.2644
0.6827 1.2586
0.6814 1.2899
0.6849 1.3489
0.6920 1.4235
0.7009 1.5003
0.7098 1.5663
0.7172 1.6115
0.7223 1.6305
0.7246 1.6232
0.7243 1.5930
0.7216 1.5457
0.7169 1.4899
0.7109 1.4359
0.7047 1.3908
0.6991 1.3577
0.6947 1.3366
0.6916 1.3256
0.6899 1.3220
0.6892 1.3225
0.6892 1.3236
0.6894 1.3290
0.6926 1.4316
0.7088 1.8034
0.7402 2.4649
0.7785 3.4257
0.8147 4.5645
0.8430 5.7176
0.8627 6.7663
0.8755 7.6242
0.8832 8.2131
0.8876 8.4651
0.8893 8.3569
0.8890 7.9359
0.8866 7.3015
0.8825 6.5619
0.8766 5.8034
0.8690 5.0816
0.8598 4.4259
0.8490 3.8477
0.8368 3.3471
0.8231 2.9186
0.8081 2.5545
0.7921 2.2477
0.7753 1.9920
0.7581 1.7821
0.7416 1.6445
0.7396 2.3664
0.7915 7.6580
0.8541 15.9080
0.8953 23.1221
0.9163 28.6892
0.9252 32.9353
0.9284 35.9864
0.9294 37.5477
0.9294 37.1828
0.9290 34.8059
0.9281 30.8062
0.9266 26.5267
0.9246 24.0157
0.9232 24.3002
0.9228 25.3562
0.9231 26.8893
0.9241 30.4162
0.9257 34.5542
0.9273 37.2546
0.9284 38.1140
0.9289 37.6721
0.9290 36.5062
0.9287 34.9950
0.9282 33.2237
0.9275 31.1364
0.9267 28.8522
0.9256 26.5777
0.9243 24.4279
0.9229 22.4090
0.9213 20.4767
0.9194 18.5852
0.9173 16.7202
0.9147 14.9055
0.9117 13.1809
0.9080 11.5968
0.9038 10.2798
0.8994 9.3766
0.8955 8.8328
0.8925 8.5206
0.8904 8.3334
0.8890 8.1902
0.8880 8.0281
0.8869 7.7998
0.8855 7.4903
0.8835 7.1177
0.8808 6.7128
0.8776 6.3047
0.8739 5.9112
0.8698 5.5372
0.8653 5.1788
0.8605 4.8300
0.8552 4.4870
0.8493 4.1507
0.8427 3.8252
0.8353 3.5186
0.8273 3.2466
0.8192 3.0244
0.8114 2.8540
0.8046 2.7271
0.7988 2.6313
0.7941 2.5534
0.7901 2.4812
0.7863 2.4041
0.7822 2.3149
0.7772 2.2108
0.7712 2.0939
0.7638 1.9690
0.7550 1.8416
0.7451 1.7165
0.7342 1.5972
0.7226 1.4861
0.7105 1.3844
0.6982 1.2926
0.6859 1.2106
0.6738 1.1376
0.6621 1.0730
0.6509 1.0162
0.6404 0.9678
0.6309 0.9284
0.6227 0.8982
0.6161 0.8762
0.6111 0.8608
0.6075 0.8498
0.6048 0.8407
0.6026 0.8310
0.6002 0.8190
0.5973 0.8035
0.5935 0.7840
0.5886 0.7608
0.5825 0.7345
0.5754 0.7064
0.5682 0.6913
0.5724 0.8161
0.6103 1.2169
0.6702 1.7997
0.7289 2.4395
0.7748 3.0587
0.8066 3.6141
0.8271 4.0768
0.8397 4.4169
0.8470 4.5987
0.8503 4.5960
0.8504 4.4194
0.8475 4.1254
0.8421 3.7901
0.8347 3.4676
0.8262 3.1841
0.8173 2.9478
0.8087 2.7588
0.8007 2.6147
0.7939 2.5103
0.7885 2.4350
0.7842 2.3747
0.7806 2.3163
0.7772 2.2521
0.7734 2.1817
0.7692 2.1091
0.7647 2.0403
0.7601 1.9818
0.7559 1.9394
0.7527 1.9147
0.7505 1.9047
0.7495 1.9101
0.7507 1.9983
0.7589 2.3122
0.7762 2.8428
0.7989 3.6033
0.8233 4.6250
0.8455 5.7876
0.8633 6.9671
0.8765 8.1982
0.8869 10.2383
0.8969 13.5864
0.9059 16.9711
0.9125 19.4652
0.9167 20.7946
0.9189 20.9236
0.9194 20.0759
0.9188 18.6996
0.9174 17.1304
0.9155 16.0622
0.9144 17.3658
0.9157 20.6232
0.9183 23.6749
0.9209 25.9914
0.9229 28.0764
0.9247 31.5805
0.9263 35.2848
0.9277 37.6459
0.9286 38.4093
0.9291 38.0823
0.9291 36.7866
0.9288 34.9722
0.9283 34.2846
0.9281 35.1926
0.9282 36.1918
0.9284 36.6424
0.9285 36.2980
0.9285 34.9700
0.9281 32.6144
0.9272 29.4686
0.9259 25.9605
0.9240 22.5109
0.9215 19.3952
0.9185 16.7295
0.9150 14.5198
0.9112 12.7131
0.9071 11.2337
0.9027 10.0048
0.8981 8.9599
0.8932 8.0491
0.8880 7.2385
0.8824 6.5077
0.8762 5.8459
0.8694 5.2475
0.8619 4.7100
0.8537 4.2314
0.8449 3.8104
0.8354 3.4454
0.8255 3.1341
0.8155 2.8722
0.8056 2.6540
0.7960 2.4732
0.7870 2.3233
0.7786 2.1979
0.7709 2.0909
