0.9795
0.9920
0.8654
0.7245
0.6838
0.6684
0.6613
0.6585
0.6570
0.6572
0.6588
0.6587
0.6588
0.6579
0.6585
0.6577
0.6602
0.6602
0.6581
0.6581
0.6556
0.6546
0.6577
0.6583
0.6569
0.6564
0.6571
0.6552
0.6555
0.6564
0.6579
0.6566
0.6558
0.6561
0.6564
0.6604
0.6599
0.6599
0.6591
0.6569
0.6573
0.6572
0.6576
0.6575
0.6567
0.6569
0.6560
0.6571
0.6578
0.6584
0.6605
0.6565
0.6560
0.6567
0.6571
0.6580
0.6552
0.6560
0.6550
0.6568
0.6571
0.6569
0.6552
0.6557
0.6555
0.6557
0.6545
0.6561
0.6560
0.6564
0.6575
0.6598
0.6600
0.6585
0.6569
0.6567
0.6561
0.6565
0.6570
0.6553
0.6545
0.6551
0.6560
0.6608
0.6586
0.6592
0.6589
0.6574
0.6549
0.6560
0.6594
0.6612
0.6608
0.6564
0.6562
0.6555
0.6570
0.6554
0.6560
0.6564
0.6591
0.6618
0.6603
0.6581
0.6561
0.6570
0.6574
0.6592
0.6580
0.6585
0.6564
0.6551
0.6549
0.6554
0.6575
0.6576
0.6590
0.6598
0.6592
0.6582
0.6572
0.6571
0.6570
0.6560
0.6560
0.6569
0.6555
0.6569
0.6572
0.6554
0.6576
0.6573
0.6562
0.6571
0.6548
0.6565
0.6585
0.6583
0.6590
0.6573
0.6567
0.6567
0.6581
0.6584
0.6603
0.6561
0.6560
0.6593
0.6557
0.6545
