0.2028 -0.000898
0.1793 -0.000725
0.1562 -0.000585
0.1332 -0.000472
0.1099 -0.000379
0.0854 -0.000304
0.0581 -0.000242
0.0252 -0.000190
-0.0182 -0.000146
-0.0792 -0.000106
-0.1583 -0.000072
-0.2402 -0.000046
-0.3104 -0.000028
-0.3650 -0.000017
-0.4057 -0.000010
-0.4350 -0.000006
-0.4552 -0.000003
-0.4684 -0.000002
-0.4758 -0.000001
-0.4787 -0.000001
-0.4779 -0.000001
-0.4738 -0.000001
-0.4670 -0.000001
-0.4577 -0.000001
-0.4464 -0.000001
-0.4333 -0.000001
-0.4188 -0.000001
-0.4036 -0.000001
-0.3883 -0.000001
-0.3740 -0.000001
-0.3614 -0.000001
-0.3511 -0.000001
-0.3432 -0.000001
-0.3374 -0.000001
-0.3332 -0.000000
-0.3363 -0.061426
-0.3528 -0.110545
-0.3684 -0.098792
-0.3813 -0.089108
-0.3933 -0.080144
-0.4051 -0.071246
-0.4168 -0.062505
-0.4277 -0.054295
-0.4375 -0.046955
-0.4458 -0.040688
-0.4526 -0.035579
-0.4579 -0.031623
-0.4617 -0.028754
-0.4640 -0.024739
-0.4646 -0.020308
-0.4637 -0.017390
-0.4616 -0.015381
-0.4583 -0.013923
-0.4541 -0.012797
-0.4491 -0.011867
-0.4432 -0.011048
-0.4367 -0.010293
-0.4294 -0.009577
-0.4215 -0.008892
-0.4130 -0.008235
-0.4037 -0.007611
-0.3936 -0.007023
-0.3826 -0.006473
-0.3705 -0.005963
-0.3572 -0.005492
-0.3426 -0.005056
-0.3266 -0.004651
-0.3093 -0.004271
-0.2909 -0.003911
-0.2715 -0.003569
-0.2513 -0.003245
-0.2301 -0.002941
-0.2077 -0.002660
-0.1834 -0.002406
-0.1561 -0.002182
-0.1239 -0.001993
-0.0825 -0.001848
-0.0630 -0.165406
-0.0405 -0.173630
-0.0132 -0.183696
0.0185 -0.195444
0.0515 -0.207680
0.0805 -0.218467
0.1013 -0.226169
0.1123 -0.230220
0.1144 -0.230931
0.1092 -0.228940
0.0985 -0.224838
0.0830 -0.218984
0.0629 -0.211421
0.0408 -0.170246
0.0181 -0.136209
-0.0083 -0.107982
-0.0419 -0.084027
-0.0867 -0.063335
-0.1428 -0.045740
-0.2029 -0.031779
-0.2580 -0.021618
-0.3035 -0.014657
-0.3389 -0.010037
-0.3652 -0.007013
-0.3839 -0.005044
-0.3963 -0.003758
-0.4038 -0.002912
-0.4071 -0.002346
-0.4072 -0.001958
-0.4045 -0.001681
-0.3997 -0.001475
-0.3931 -0.001313
-0.3851 -0.001178
-0.3762 -0.001060
-0.3675 -0.000947
-0.3600 -0.000836
-0.3545 -0.000726
-0.3513 -0.000620
-0.3503 -0.000521
-0.3513 -0.000433
-0.3539 -0.000355
-0.3576 -0.000289
-0.3620 -0.000234
-0.3664 -0.000189
-0.3705 -0.000153
-0.3739 -0.000124
-0.3844 -0.043477
-0.3934 -0.040071
-0.4006 -0.037356
-0.4068 -0.035024
-0.4127 -0.032805
-0.4185 -0.030610
-0.4242 -0.028469
-0.4295 -0.026461
-0.4343 -0.024662
-0.4384 -0.023142
-0.4415 -0.021950
-0.4437 -0.020371
-0.4445 -0.016766
-0.4439 -0.014156
-0.4420 -0.012213
-0.4390 -0.010726
-0.4350 -0.009552
-0.4299 -0.008598
-0.4238 -0.007802
-0.4168 -0.007119
-0.4087 -0.006521
-0.3996 -0.005989
-0.3894 -0.005509
-0.3781 -0.005073
-0.3655 -0.004673
-0.3516 -0.004306
-0.3363 -0.003967
-0.3195 -0.003654
-0.3011 -0.003362
-0.2812 -0.003089
-0.2598 -0.002832
-0.2504 -0.096043
-0.2455 -0.097521
-0.2408 -0.098980
-0.2382 -0.099673
-0.2398 -0.098835
-0.2464 -0.096145
-0.2577 -0.091733
-0.2724 -0.086028
-0.2893 -0.079574
-0.3068 -0.072886
-0.3240 -0.066360
-0.3400 -0.060263
-0.3546 -0.054749
-0.3674 -0.049902
-0.3866 -0.085243
-0.4018 -0.073799
-0.4137 -0.064847
-0.4231 -0.057775
-0.4304 -0.048772
-0.4351 -0.037959
-0.4378 -0.030384
-0.4390 -0.024862
-0.4392 -0.020702
-0.4385 -0.017481
-0.4371 -0.014934
-0.4350 -0.012884
-0.4323 -0.011212
-0.4289 -0.009833
-0.4248 -0.008682
-0.4200 -0.007712
-0.4145 -0.006886
-0.4082 -0.006176
-0.4010 -0.005560
-0.3930 -0.005021
-0.3840 -0.004545
-0.3740 -0.004121
-0.3630 -0.003742
-0.3510 -0.003400
-0.3378 -0.003090
-0.3235 -0.002808
-0.3080 -0.002552
-0.2912 -0.002317
-0.2732 -0.002102
-0.2549 -0.001897
-0.2372 -0.001699
-0.2211 -0.001506
-0.2069 -0.001322
-0.1947 -0.001150
-0.1845 -0.000993
-0.1762 -0.000851
-0.1696 -0.000725
-0.1649 -0.000614
-0.1617 -0.000518
-0.1601 -0.000435
-0.1597 -0.000363
-0.1605 -0.000303
-0.1758 -0.121908
-0.2055 -0.110716
-0.2354 -0.099454
-0.2641 -0.088669
-0.2910 -0.078541
-0.3159 -0.069189
-0.3384 -0.060729
-0.3583 -0.053246
-0.3755 -0.046774
-0.3900 -0.041306
-0.4020 -0.036808
-0.4115 -0.033224
-0.4185 -0.026814
-0.4228 -0.021225
-0.4247 -0.017272
-0.4248 -0.014403
-0.4234 -0.012258
-0.4206 -0.010601
-0.4168 -0.009277
-0.4121 -0.008184
-0.4067 -0.007258
-0.4006 -0.006454
-0.3941 -0.005747
-0.3870 -0.005118
-0.3795 -0.004557
-0.3716 -0.004056
-0.3632 -0.003610
-0.3542 -0.003212
-0.3447 -0.002858
-0.3345 -0.002543
-0.3238 -0.002262
-0.3124 -0.002011
-0.3003 -0.001787
-0.2876 -0.001588
-0.2743 -0.001409
-0.2609 -0.001247
-0.2477 -0.001099
-0.2351 -0.000963
-0.2232 -0.000841
-0.2120 -0.000730
-0.2019 -0.000632
-0.1930 -0.000543
-0.1860 -0.000464
-0.1811 -0.000394
-0.1783 -0.000332
-0.1778 -0.000277
-0.1797 -0.000230
-0.1838 -0.000190
-0.2034 -0.111502
-0.2349 -0.099654
-0.2655 -0.088145
-0.2935 -0.077598
-0.3181 -0.068325
-0.3393 -0.060380
-0.3571 -0.053671
-0.3720 -0.048069
-0.3843 -0.043459
-0.3941 -0.039755
-0.4012 -0.031415
-0.4054 -0.025120
-0.4072 -0.020574
-0.4070 -0.017205
-0.4053 -0.014635
-0.4023 -0.012610
-0.3983 -0.010963
-0.3935 -0.009585
-0.3881 -0.008407
-0.3823 -0.007388
-0.3760 -0.006503
-0.3691 -0.005732
-0.3615 -0.005062
-0.3533 -0.004478
-0.3443 -0.003970
-0.3345 -0.003524
-0.3238 -0.003133
-0.3122 -0.002788
-0.2997 -0.002484
-0.2861 -0.002215
-0.2714 -0.001977
-0.2554 -0.001767
-0.2380 -0.001581
-0.2190 -0.001416
-0.1983 -0.001269
-0.1816 -0.240131
-0.2062 -0.221360
-0.2304 -0.203019
-0.2628 -0.267784
-0.3002 -0.225560
-0.3329 -0.188612
-0.3617 -0.156037
-0.3869 -0.127666
-0.4081 -0.103695
-0.4254 -0.084150
-0.4390 -0.068741
-0.4495 -0.056961
-0.4572 -0.048230
-0.4627 -0.041995
-0.4665 -0.037770
-0.4687 -0.033888
-0.4695 -0.031294
-0.4694 -0.029912
-0.4682 -0.027891
-0.4660 -0.025054
-0.4628 -0.022892
-0.4587 -0.021187
-0.4540 -0.019733
-0.4486 -0.018422
-0.4425 -0.017200
-0.4358 -0.016044
-0.4284 -0.014941
-0.4203 -0.013891
-0.4114 -0.012893
-0.4017 -0.011949
-0.3910 -0.011061
-0.3793 -0.010228
-0.3665 -0.009451
-0.3523 -0.008729
-0.3367 -0.008059
-0.3195 -0.007441
-0.3004 -0.006872
-0.2790 -0.006353
-0.2550 -0.005882
-0.2276 -0.005462
-0.1954 -0.005101
-0.1559 -0.004811
-0.1047 -0.004615
-0.0315 -0.004566
0.0778 -0.004702
0.1957 -0.004731
0.2775 -0.004418
0.3185 -0.003886
0.3287 -0.003287
0.3192 -0.002714
0.2986 -0.002210
0.2729 -0.001786
0.2457 -0.001439
0.2188 -0.001159
0.1929 -0.000933
0.1682 -0.000751
0.1442 -0.000605
0.1205 -0.000487
0.0961 -0.000390
0.0697 -0.000312
0.0390 -0.000246
-0.0000 -0.000191
-0.0541 -0.000142
-0.1280 -0.000099
-0.2116 -0.000064
-0.2874 -0.000040
-0.3482 -0.000024
-0.3942 -0.000014
-0.4281 -0.000008
-0.4523 -0.000004
-0.4691 -0.000002
-0.4799 -0.000001
-0.4861 -0.000001
-0.4884 -0.000001
-0.4875 -0.000000
-0.4839 -0.000000
-0.4777 -0.000001
-0.4692 -0.000001
-0.4585 -0.000001
-0.4456 -0.000001
-0.4305 -0.000001
-0.4131 -0.000001
-0.3934 -0.000001
-0.3712 -0.000001
-0.3464 -0.000001
-0.3186 -0.000001
-0.2876 -0.000001
-0.2645 -0.088219
-0.2612 -0.268773
-0.2813 -0.328320
-0.3044 -0.293736
-0.3318 -0.252761
-0.3625 -0.206786
-0.3923 -0.161923
-0.4183 -0.122944
-0.4390 -0.091809
-0.4545 -0.068405
-0.4657 -0.051606
-0.4734 -0.040012
-0.4785 -0.032322
-0.4817 -0.026949
-0.4834 -0.023508
-0.4840 -0.021824
-0.4839 -0.021290
-0.4833 -0.021125
-0.4820 -0.020093
-0.4802 -0.019764
-0.4778 -0.019860
-0.4749 -0.020242
-0.4715 -0.019302
-0.4674 -0.018444
-0.4626 -0.017679
-0.4571 -0.016951
-0.4508 -0.016237
-0.4437 -0.015525
-0.4356 -0.014814
-0.4266 -0.014105
-0.4165 -0.013402
-0.4052 -0.012710
-0.3925 -0.012033
-0.3784 -0.011374
-0.3625 -0.010736
-0.3448 -0.010121
-0.3250 -0.009532
-0.3028 -0.008971
-0.2777 -0.008444
-0.2491 -0.007959
-0.2159 -0.007527
-0.1757 -0.007175
-0.1234 -0.006957
-0.0460 -0.007001
0.0803 -0.007469
0.2271 -0.007822
0.3308 -0.007471
0.3796 -0.006610
0.3853 -0.005558
0.3645 -0.004533
0.3309 -0.003639
0.2935 -0.002903
0.2570 -0.002313
0.2233 -0.001845
0.1925 -0.001475
0.1642 -0.001182
0.1376 -0.000947
0.1114 -0.000759
0.0845 -0.000606
0.0547 -0.000480
0.0187 -0.000375
-0.0294 -0.000284
-0.0967 -0.000204
-0.1799 -0.000135
-0.2612 -0.000084
-0.3285 -0.000051
-0.3803 -0.000029
-0.4187 -0.000017
-0.4466 -0.000009
-0.4662 -0.000005
-0.4794 -0.000002
-0.4876 -0.000001
-0.4917 -0.000001
-0.4925 -0.000001
-0.4904 -0.000001
-0.4860 -0.000001
-0.4793 -0.000001
-0.4706 -0.000001
-0.4598 -0.000001
-0.4471 -0.000001
-0.4323 -0.000001
-0.4155 -0.000001
-0.3964 -0.000001
-0.3749 -0.000001
-0.3508 -0.000001
-0.3238 -0.000001
-0.2935 -0.000001
-0.2591 -0.000001
-0.2429 -0.289356
-0.2652 -0.352539
-0.2857 -0.321771
-0.3101 -0.285287
-0.3405 -0.239756
-0.3726 -0.191522
-0.4020 -0.147338
-0.4263 -0.110816
-0.4450 -0.082718
-0.4586 -0.062201
-0.4682 -0.047821
-0.4746 -0.038108
-0.4787 -0.030687
-0.4810 -0.026378
-0.4821 -0.024073
-0.4823 -0.023096
-0.4820 -0.023036
-0.4811 -0.022862
-0.4796 -0.022180
-0.4774 -0.021856
-0.4747 -0.021965
-0.4715 -0.020774
-0.4675 -0.019783
-0.4628 -0.018906
-0.4574 -0.018073
-0.4513 -0.017254
-0.4444 -0.016437
-0.4367 -0.015621
-0.4282 -0.014810
-0.4187 -0.014008
-0.4081 -0.013222
-0.3963 -0.012456
-0.3832 -0.011717
-0.3686 -0.011006
-0.3524 -0.010329
-0.3342 -0.009688
-0.3138 -0.009087
-0.2908 -0.008527
-0.2645 -0.008016
-0.2340 -0.007560
-0.1976 -0.007177
-0.1518 -0.006901
-0.0881 -0.006815
0.0145 -0.007105
0.1639 -0.007659
0.2934 -0.007651
0.3669 -0.006987
0.3898 -0.005992
0.3783 -0.004941
0.3486 -0.003987
0.3117 -0.003185
0.2742 -0.002537
0.2389 -0.002022
0.2068 -0.001616
0.1775 -0.001293
0.1502 -0.001037
0.1241 -0.000831
0.0979 -0.000665
0.0699 -0.000529
0.0377 -0.000417
-0.0033 -0.000322
-0.0601 -0.000238
-0.1367 -0.000164
-0.2211 -0.000105
-0.2960 -0.000064
-0.3553 -0.000038
-0.4001 -0.000022
-0.4329 -0.000012
-0.4563 -0.000007
-0.4724 -0.000004
-0.4828 -0.000002
-0.4885 -0.000001
-0.4906 -0.000001
-0.4895 -0.000001
-0.4856 -0.000001
-0.4794 -0.000001
-0.4709 -0.000001
-0.4602 -0.000001
-0.4473 -0.000001
-0.4322 -0.000001
-0.4148 -0.000001
-0.3949 -0.000002
-0.3724 -0.000002
-0.3471 -0.000002
-0.3184 -0.000002
-0.2861 -0.000002
-0.2527 -0.092669
-0.2453 -0.382470
-0.2703 -0.344871
-0.2926 -0.311497
-0.3204 -0.269868
-0.3526 -0.221633
-0.3843 -0.173938
-0.4120 -0.132306
-0.4342 -0.099016
-0.4508 -0.074007
-0.4627 -0.056081
-0.4709 -0.043719
-0.4764 -0.035117
-0.4796 -0.029022
-0.4814 -0.025581
-0.4821 -0.023852
-0.4821 -0.023270
-0.4815 -0.023488
-0.4805 -0.023262
-0.4787 -0.022456
-0.4764 -0.022261
-0.4735 -0.021910
-0.4700 -0.020747
-0.4657 -0.019787
-0.4608 -0.018918
-0.4551 -0.018086
-0.4487 -0.017268
-0.4414 -0.016454
-0.4333 -0.015644
-0.4243 -0.014842
-0.4142 -0.014050
-0.4029 -0.013275
-0.3903 -0.012521
-0.3763 -0.011793
-0.3607 -0.011093
-0.3432 -0.010425
-0.3237 -0.009792
-0.3017 -0.009197
-0.2768 -0.008647
-0.2481 -0.008148
-0.2144 -0.007714
-0.1732 -0.007372
-0.1187 -0.007181
-0.0363 -0.007289
0.0974 -0.007839
0.2430 -0.008149
0.3401 -0.007702
0.3823 -0.006760
0.3836 -0.005656
0.3606 -0.004601
0.3265 -0.003691
0.2893 -0.002944
0.2535 -0.002347
0.2204 -0.001874
0.1902 -0.001499
0.1625 -0.001202
0.1362 -0.000964
0.1104 -0.000772
0.0838 -0.000617
0.0542 -0.000489
0.0185 -0.000382
-0.0292 -0.000290
-0.0958 -0.000208
-0.1784 -0.000138
-0.2593 -0.000087
-0.3264 -0.000052
-0.3780 -0.000031
-0.4162 -0.000018
-0.4439 -0.000010
-0.4632 -0.000005
-0.4760 -0.000003
-0.4837 -0.000002
-0.4872 -0.000001
-0.4872 -0.000001
-0.4843 -0.000001
-0.4787 -0.000001
-0.4707 -0.000001
-0.4605 -0.000001
-0.4479 -0.000001
-0.4330 -0.000002
-0.4158 -0.000002
-0.3960 -0.000002
-0.3735 -0.000002
-0.3481 -0.000002
-0.3193 -0.000002
-0.2866 -0.000002
-0.2516 -0.093089
-0.2450 -0.191162
-0.2686 -0.347500
-0.2936 -0.310075
-0.3235 -0.265243
-0.3565 -0.215730
-0.3881 -0.168266
-0.4152 -0.127609
-0.4365 -0.095483
-0.4524 -0.071544
-0.4638 -0.054491
-0.4715 -0.042802
-0.4766 -0.034896
-0.4797 -0.029080
-0.4813 -0.025850
-0.4819 -0.024282
-0.4817 -0.023826
-0.4810 -0.024148
-0.4799 -0.024140
-0.4781 -0.023317
-0.4757 -0.023126
-0.4727 -0.023262
-0.4691 -0.021995
-0.4647 -0.020973
-0.4596 -0.020063
-0.4537 -0.019203
-0.4470 -0.018360
-0.4394 -0.017524
-0.4309 -0.016692
-0.4214 -0.015866
-0.4107 -0.015052
-0.3987 -0.014253
-0.3853 -0.013476
-0.3703 -0.012725
-0.3535 -0.012004
-0.3347 -0.011318
-0.3133 -0.010671
-0.2891 -0.010067
-0.2614 -0.009514
-0.2289 -0.009025
-0.1898 -0.008625
-0.1395 -0.008368
-0.0673 -0.008384
0.0500 -0.008895
0.1986 -0.009442
0.3093 -0.009145
0.3651 -0.008169
0.3772 -0.006920
0.3617 -0.005678
0.3321 -0.004580
0.2975 -0.003666
0.2627 -0.002928
0.2301 -0.002341
0.2000 -0.001874
0.1724 -0.001503
0.1464 -0.001207
0.1212 -0.000969
0.0957 -0.000776
0.0684 -0.000618
0.0367 -0.000488
-0.0036 -0.000377
-0.0594 -0.000279
-0.1347 -0.000194
-0.2179 -0.000125
-0.2922 -0.000077
-0.3510 -0.000046
-0.3953 -0.000027
-0.4276 -0.000016
-0.4505 -0.000009
-0.4659 -0.000005
-0.4755 -0.000003
-0.4804 -0.000002
-0.4814 -0.000002
-0.4792 -0.000002
-0.4741 -0.000002
-0.4663 -0.000002
-0.4561 -0.000002
-0.4435 -0.000002
-0.4285 -0.000002
-0.4110 -0.000002
-0.3909 -0.000002
-0.3680 -0.000002
-0.3421 -0.000002
-0.3128 -0.000002
-0.2801 -0.000002
-0.2544 -0.184193
-0.2547 -0.276164
-0.2820 -0.327493
-0.3119 -0.282675
-0.3437 -0.234919
-0.3754 -0.187313
-0.4039 -0.144499
-0.4274 -0.109213
-0.4455 -0.082006
-0.4587 -0.062075
-0.4680 -0.048077
-0.4743 -0.038623
-0.4784 -0.032271
-0.4807 -0.027641
-0.4817 -0.025180
-0.4820 -0.024119
-0.4816 -0.024001
-0.4807 -0.024549
-0.4794 -0.024573
-0.4775 -0.023886
-0.4750 -0.023704
-0.4720 -0.023629
-0.4683 -0.022336
-0.4638 -0.021273
-0.4586 -0.020318
-0.4527 -0.019409
-0.4459 -0.018521
-0.4383 -0.017642
-0.4298 -0.016770
-0.4203 -0.015910
-0.4096 -0.015066
-0.3977 -0.014243
-0.3843 -0.013445
-0.3694 -0.012679
-0.3527 -0.011946
-0.3338 -0.011252
-0.3126 -0.010599
-0.2884 -0.009993
-0.2607 -0.009439
-0.2284 -0.008946
-0.1897 -0.008534
-0.1410 -0.008243
-0.0735 -0.008176
0.0322 -0.008516
0.1716 -0.008979
0.2825 -0.008744
0.3428 -0.007871
0.3612 -0.006719
0.3519 -0.005552
0.3274 -0.004505
0.2966 -0.003622
0.2644 -0.002903
0.2335 -0.002326
0.2045 -0.001866
0.1776 -0.001499
0.1523 -0.001205
0.1277 -0.000968
0.1031 -0.000777
0.0772 -0.000621
0.0478 -0.000492
0.0116 -0.000384
-0.0374 -0.000290
-0.1054 -0.000207
-0.1873 -0.000137
-0.2657 -0.000086
-0.3299 -0.000052
-0.3789 -0.000031
-0.4151 -0.000018
-0.4409 -0.000011
-0.4586 -0.000006
-0.4700 -0.000004
-0.4762 -0.000002
-0.4784 -0.000002
-0.4770 -0.000002
-0.4726 -0.000002
-0.4655 -0.000002
-0.4559 -0.000002
-0.4438 -0.000002
-0.4293 -0.000002
-0.4123 -0.000002
-0.3927 -0.000002
-0.3704 -0.000002
-0.3451 -0.000002
-0.3167 -0.000002
-0.2853 -0.000002
-0.2598 -0.180124
-0.2600 -0.270142
-0.2862 -0.321198
-0.3163 -0.276044
-0.3474 -0.229300
-0.3782 -0.183193
-0.4057 -0.141796
-0.4284 -0.107628
-0.4460 -0.081226
-0.4589 -0.061845
-0.4679 -0.048213
-0.4740 -0.039000
-0.4780 -0.033033
-0.4803 -0.028385
-0.4813 -0.025926
-0.4815 -0.024875
-0.4810 -0.024773
-0.4801 -0.025343
-0.4788 -0.025406
-0.4769 -0.024981
-0.4744 -0.024720
-0.4713 -0.024880
-0.4676 -0.023494
-0.4631 -0.022360
-0.4578 -0.021352
-0.4517 -0.020401
-0.4448 -0.019474
-0.4370 -0.018558
-0.4282 -0.017650
-0.4184 -0.016752
-0.4075 -0.015869
-0.3953 -0.015006
-0.3816 -0.014168
-0.3663 -0.013360
-0.3492 -0.012587
-0.3299 -0.011852
-0.3083 -0.011160
-0.2836 -0.010517
-0.2554 -0.009929
-0.2225 -0.009408
-0.1830 -0.008975
-0.1327 -0.008680
-0.0618 -0.008646
0.0500 -0.009058
0.1887 -0.009479
0.2929 -0.009121
0.3470 -0.008143
0.3612 -0.006917
0.3495 -0.005699
0.3239 -0.004617
0.2927 -0.003710
0.2607 -0.002973
0.2300 -0.002383
0.2013 -0.001912
0.1747 -0.001536
0.1495 -0.001235
0.1251 -0.000992
0.1005 -0.000796
0.0743 -0.000636
0.0446 -0.000504
0.0075 -0.000392
-0.0429 -0.000295
-0.1126 -0.000209
-0.1949 -0.000138
-0.2720 -0.000086
-0.3347 -0.000052
-0.3823 -0.000031
-0.4173 -0.000018
-0.4423 -0.000011
-0.4594 -0.000006
-0.4702 -0.000004
-0.4761 -0.000003
-0.4779 -0.000002
-0.4763 -0.000002
-0.4717 -0.000002
-0.4644 -0.000002
-0.4547 -0.000002
-0.4425 -0.000002
-0.4280 -0.000002
-0.4110 -0.000002
-0.3916 -0.000002
-0.3694 -0.000002
-0.3443 -0.000002
-0.3161 -0.000002
-0.2848 -0.000002
-0.2599 -0.180075
-0.2625 -0.267370
-0.2862 -0.321144
-0.3159 -0.276616
-0.3466 -0.230525
-0.3771 -0.184829
-0.4045 -0.143587
-0.4273 -0.109408
-0.4449 -0.082918
-0.4578 -0.063433
-0.4669 -0.049709
-0.4731 -0.040421
-0.4771 -0.034001
-0.4793 -0.029429
-0.4804 -0.026987
-0.4805 -0.025924
-0.4801 -0.025794
-0.4793 -0.026328
-0.4780 -0.026688
-0.4762 -0.026305
-0.4738 -0.025817
-0.4708 -0.025535
-0.4671 -0.024015
-0.4627 -0.022773
-0.4575 -0.021662
-0.4516 -0.020613
-0.4449 -0.019591
-0.4374 -0.018585
-0.4290 -0.017593
-0.4197 -0.016616
-0.4094 -0.015660
-0.3980 -0.014731
-0.3853 -0.013834
-0.3712 -0.012974
-0.3555 -0.012155
-0.3380 -0.011381
-0.3184 -0.010655
-0.2963 -0.009980
-0.2712 -0.009362
-0.2422 -0.008807
-0.2081 -0.008329
-0.1662 -0.007953
-0.1111 -0.007736
-0.0300 -0.007804
0.0945 -0.008243
0.2252 -0.008404
0.3121 -0.007865
0.3520 -0.006895
0.3571 -0.005795
0.3407 -0.004748
0.3134 -0.003837
0.2822 -0.003081
0.2509 -0.002470
0.2211 -0.001981
0.1933 -0.001591
0.1674 -0.001279
0.1427 -0.001028
0.1184 -0.000826
0.0937 -0.000663
0.0669 -0.000528
0.0357 -0.000417
-0.0041 -0.000323
-0.0593 -0.000239
-0.1338 -0.000166
-0.2164 -0.000108
-0.2903 -0.000066
-0.3490 -0.000040
-0.3933 -0.000024
-0.4257 -0.000014
-0.4487 -0.000008
-0.4643 -0.000005
-0.4741 -0.000003
-0.4793 -0.000002
-0.4806 -0.000001
-0.4788 -0.000001
-0.4742 -0.000001
-0.4670 -0.000001
-0.4575 -0.000002
-0.4457 -0.000002
-0.4317 -0.000002
-0.4153 -0.000002
-0.3966 -0.000002
-0.3752 -0.000002
-0.3511 -0.000002
-0.3241 -0.000002
-0.2939 -0.000002
-0.2680 -0.086924
-0.2631 -0.266707
-0.2797 -0.248034
-0.3095 -0.286242
-0.3407 -0.239420
-0.3713 -0.193488
-0.3991 -0.151688
-0.4225 -0.116589
-0.4408 -0.089027
-0.4544 -0.068509
-0.4642 -0.053892
-0.4708 -0.043882
-0.4752 -0.037046
-0.4777 -0.031883
-0.4790 -0.029025
-0.4793 -0.027650
-0.4791 -0.027269
-0.4783 -0.027585
-0.4772 -0.028416
-0.4757 -0.028363
