-0.3256 0.000374
-0.3099 0.000294
-0.2935 0.000230
-0.2765 0.000179
-0.2587 0.000139
-0.2400 0.000107
-0.2200 0.000081
-0.1982 0.000060
-0.1737 0.000044
-0.1448 0.000030
-0.1083 0.000019
-0.0540 0.024629
0.0259 -0.011258
0.1200 -0.080409
0.1863 -0.167269
0.2129 -0.191499
0.2154 -0.193930
0.2043 -0.184050
0.1869 -0.168400
0.1672 -0.150634
0.1470 -0.132450
0.1269 -0.114425
0.1071 -0.096547
0.0870 -0.078476
0.0660 -0.059633
0.0433 -0.039160
0.0174 -0.015135
-0.0138 0.010632
-0.0536 0.038204
-0.1040 0.063881
-0.1625 0.082685
-0.2209 0.093062
-0.2727 0.095056
-0.3159 0.091093
-0.3512 0.083745
-0.3798 0.074891
-0.4029 0.065705
-0.4216 0.056861
-0.4368 0.048707
-0.4490 0.041395
-0.4586 0.034961
-0.4660 0.029377
-0.4716 0.024579
-0.4754 0.020489
-0.4777 0.017023
-0.4787 0.014103
-0.4783 0.011652
-0.4767 0.009602
-0.4740 0.007894
-0.4701 0.006474
-0.4652 0.005297
-0.4593 0.004324
-0.4524 0.003521
-0.4445 0.002861
-0.4357 0.002319
-0.4260 0.001874
-0.4154 0.001511
-0.4040 0.001215
-0.3918 0.000975
-0.3789 0.000779
-0.3653 0.000621
-0.3510 0.000494
-0.3361 0.000391
-0.3207 0.000308
-0.3046 0.000242
-0.2879 0.000189
-0.2705 0.000147
-0.2523 0.000113
-0.2331 0.000087
-0.2124 0.000065
-0.1897 0.000048
-0.1637 0.000034
-0.1324 0.000023
-0.0911 0.020636
-0.0262 0.012140
0.0649 -0.028756
0.1554 -0.104394
0.2040 -0.183371
0.2199 -0.197873
0.2154 -0.193939
0.2004 -0.180493
0.1810 -0.163080
0.1604 -0.144538
0.1398 -0.126033
0.1196 -0.107835
0.0995 -0.089751
0.0790 -0.071320
0.0574 -0.051842
0.0334 -0.030048
0.0056 -0.004896
-0.0287 0.021599
-0.0728 0.049321
-0.1275 0.071581
-0.1873 0.087099
-0.2438 0.093818
-0.2922 0.093057
-0.3321 0.087486
-0.3646 0.079415
-0.3908 0.070401
-0.4120 0.061381
-0.4292 0.052874
-0.4431 0.045131
-0.4541 0.038249
-0.4628 0.032231
-0.4695 0.027032
-0.4743 0.022580
-0.4775 0.018797
-0.4792 0.015598
-0.4796 0.012908
-0.4788 0.010654
-0.4767 0.008771
-0.4736 0.007204
-0.4693 0.005903
-0.4640 0.004826
-0.4577 0.003936
-0.4504 0.003202
-0.4422 0.002599
-0.4330 0.002105
-0.4229 0.001700
-0.4120 0.001369
-0.4002 0.001100
-0.3877 0.000881
-0.3744 0.000703
-0.3605 0.000560
-0.3459 0.000444
-0.3307 0.000351
-0.3149 0.000276
-0.2985 0.000217
-0.2814 0.000169
-0.2637 0.000131
-0.2451 0.000101
-0.2255 0.000077
-0.2044 0.000057
-0.1813 0.000042
-0.1550 0.000030
-0.1232 0.000020
-0.0814 0.000011
-0.0186 0.004364
0.0720 -0.031955
0.1594 -0.142835
0.2094 -0.188189
0.2269 -0.204179
0.2223 -0.200149
0.2059 -0.185477
0.1847 -0.166460
0.1624 -0.146397
0.1405 -0.126621
0.1191 -0.107398
0.0981 -0.088465
0.0767 -0.069267
0.0542 -0.048995
0.0292 -0.026503
-0.0001 -0.000170
-0.0363 0.029020
-0.0824 0.056438
-0.1384 0.078558
-0.1978 0.092925
-0.2524 0.098168
-0.2989 0.096156
-0.3370 0.089679
-0.3680 0.080982
-0.3931 0.071540
-0.4135 0.062225
-0.4300 0.053508
-0.4433 0.045615
-0.4539 0.038621
-0.4622 0.032518
-0.4685 0.027254
-0.4731 0.022752
-0.4760 0.018928
-0.4774 0.015697
-0.4775 0.012981
-0.4763 0.010707
-0.4739 0.008808
-0.4703 0.007228
-0.4657 0.005917
-0.4599 0.004832
-0.4531 0.003936
-0.4453 0.003198
-0.4365 0.002592
-0.4268 0.002096
-0.4162 0.001690
-0.4047 0.001358
-0.3924 0.001089
-0.3793 0.000871
-0.3655 0.000694
-0.3511 0.000551
-0.3361 0.000436
-0.3204 0.000344
-0.3042 0.000270
-0.2874 0.000211
-0.2703 0.000164
-0.2529 0.000127
-0.2360 0.000098
-0.2202 0.000075
-0.2062 0.000058
-0.1948 0.000046
-0.1865 0.000036
-0.1815 0.000029
-0.1803 0.000024
-0.1829 0.000020
-0.1895 0.000017
-0.1998 0.000015
-0.2133 0.000013
-0.2231 0.050191
-0.2303 0.051801
-0.2381 0.053568
-0.2465 0.055441
-0.2553 0.057418
-0.2644 0.059473
-0.2736 0.061546
-0.2826 0.063568
-0.2911 0.065477
-0.2989 0.067228
-0.3058 0.068795
-0.3119 0.070164
-0.3171 0.071331
-0.3214 0.072300
-0.3248 0.073079
-0.3276 0.069617
-0.3315 0.058238
-0.3365 0.048883
-0.3422 0.041102
-0.3482 0.034578
-0.3542 0.029079
-0.3599 0.024429
-0.3651 0.020492
-0.3697 0.017158
-0.3736 0.014336
-0.3767 0.011952
-0.3789 0.009941
-0.3802 0.008248
-0.3806 0.006825
-0.3799 0.005634
-0.3782 0.004637
-0.3755 0.003807
-0.3718 0.003116
-0.3670 0.002543
-0.3611 0.002069
-0.3543 0.001679
-0.3463 0.001357
-0.3374 0.001093
-0.3275 0.000877
-0.3166 0.000701
-0.3047 0.000558
-0.2918 0.000442
-0.2779 0.000348
-0.2630 0.000272
-0.2468 0.000211
-0.2293 0.000162
-0.2104 0.000123
-0.1899 0.000092
-0.1682 0.000067
-0.1450 0.032741
-0.1129 0.051027
-0.0719 0.032589
-0.0215 0.009953
0.0426 -0.018876
0.1121 -0.050173
0.1673 -0.075119
0.1946 -0.131235
0.2023 -0.136570
0.1988 -0.134237
0.1885 -0.127344
0.1745 -0.117925
0.1586 -0.107186
0.1417 -0.095764
0.1242 -0.083925
0.1060 -0.071686
0.0871 -0.056898
0.0673 -0.041641
0.0455 -0.025392
0.0199 -0.010065
-0.0125 0.005465
-0.0559 0.022820
-0.1129 0.042589
-0.1778 0.062466
-0.2398 0.071018
-0.2929 0.071786
-0.3360 0.068120
-0.3702 0.062076
-0.3971 0.055067
-0.4181 0.047951
-0.4345 0.041200
-0.4470 0.035050
-0.4564 0.029591
-0.4632 0.024830
-0.4677 0.020732
-0.4703 0.017239
-0.4713 0.014283
-0.4708 0.011796
-0.4689 0.009715
-0.4658 0.007979
-0.4616 0.006538
-0.4563 0.005344
-0.4500 0.004358
-0.4428 0.003545
-0.4347 0.002878
-0.4258 0.002331
-0.4161 0.001883
-0.4056 0.001518
-0.3944 0.001220
-0.3826 0.000979
-0.3701 0.000783
-0.3570 0.000624
-0.3434 0.000497
-0.3292 0.000394
-0.3145 0.000311
-0.2992 0.000245
-0.2833 0.000192
-0.2668 0.000149
-0.2496 0.000115
-0.2313 0.000088
-0.2116 0.000067
-0.1901 0.000050
-0.1661 0.000036
-0.1341 0.060545
-0.0865 0.058745
-0.0323 0.022177
0.0312 -0.020636
0.0968 -0.064911
0.1476 -0.099351
0.1735 -0.156071
0.1793 -0.161365
0.1750 -0.157529
0.1648 -0.148438
0.1515 -0.136477
0.1365 -0.122978
0.1205 -0.108591
0.1038 -0.093537
0.0862 -0.077743
0.0675 -0.059473
0.0477 -0.037291
0.0255 -0.017566
-0.0016 0.000791
-0.0371 0.019711
-0.0842 0.040494
-0.1423 0.062197
-0.2032 0.075604
-0.2591 0.079768
-0.3062 0.077995
-0.3446 0.072585
-0.3753 0.065386
-0.3998 0.057606
-0.4193 0.049959
-0.4347 0.042827
-0.4467 0.036390
-0.4559 0.030705
-0.4626 0.025762
-0.4671 0.021511
-0.4698 0.017889
-0.4708 0.014822
-0.4703 0.012241
-0.4683 0.010079
-0.4650 0.008274
-0.4604 0.006774
-0.4546 0.005531
-0.4478 0.004504
-0.4399 0.003659
-0.4309 0.002964
-0.4211 0.002394
-0.4103 0.001929
-0.3988 0.001550
-0.3864 0.001242
-0.3734 0.000992
-0.3598 0.000791
-0.3455 0.000628
-0.3307 0.000497
-0.3153 0.000392
-0.2994 0.000308
-0.2829 0.000240
-0.2658 0.000187
-0.2479 0.000144
-0.2289 0.000110
-0.2085 0.000083
-0.1860 0.000061
-0.1602 0.000044
-0.1289 0.000029
-0.0848 0.038406
-0.0189 0.008873
0.0663 -0.044159
0.1465 -0.098427
0.1927 -0.173159
0.2065 -0.185854
0.2027 -0.182515
0.1896 -0.170772
0.1724 -0.155286
0.1537 -0.138466
0.1346 -0.121348
0.1156 -0.104211
0.0964 -0.086922
0.0766 -0.069084
0.0554 -0.050053
0.0319 -0.027775
0.0046 -0.003848
-0.0295 0.020574
-0.0739 0.045659
-0.1289 0.068304
-0.1890 0.082921
-0.2456 0.089177
-0.2940 0.088345
-0.3338 0.082971
-0.3661 0.075245
-0.3921 0.066643
-0.4130 0.058053
-0.4298 0.049961
-0.4433 0.042606
-0.4539 0.036075
-0.4622 0.030371
-0.4684 0.025447
-0.4727 0.021236
-0.4755 0.017660
-0.4767 0.014641
-0.4766 0.012103
-0.4752 0.009978
-0.4727 0.008206
-0.4690 0.006732
-0.4643 0.005510
-0.4584 0.004499
-0.4516 0.003664
-0.4438 0.002978
-0.4351 0.002413
-0.4254 0.001951
-0.4149 0.001573
-0.4035 0.001265
-0.3914 0.001015
-0.3785 0.000811
-0.3649 0.000647
-0.3506 0.000514
-0.3358 0.000407
-0.3203 0.000321
-0.3043 0.000252
-0.2876 0.000197
-0.2702 0.000153
-0.2520 0.000118
-0.2327 0.000090
-0.2121 0.000068
-0.1893 0.000050
-0.1632 0.000036
-0.1317 0.000024
-0.0901 0.020396
-0.0236 0.010984
0.0675 -0.029916
0.1553 -0.104346
0.2022 -0.181722
0.2174 -0.195596
0.2129 -0.191676
0.1983 -0.178583
0.1794 -0.161624
0.1593 -0.143513
0.1391 -0.125377
0.1192 -0.107484
0.0994 -0.089659
0.0792 -0.071465
0.0578 -0.052227
0.0342 -0.030752
0.0068 -0.005828
-0.0270 0.020120
-0.0703 0.047024
-0.1245 0.069072
-0.1843 0.084671
-0.2411 0.091684
-0.2901 0.091249
-0.3304 0.085968
-0.3631 0.078137
-0.3895 0.069322
-0.4109 0.060468
-0.4281 0.052100
-0.4420 0.044475
-0.4530 0.037693
-0.4617 0.031761
-0.4683 0.026636
-0.4730 0.022247
-0.4762 0.018517
-0.4778 0.015365
-0.4782 0.012713
-0.4773 0.010492
-0.4752 0.008637
-0.4720 0.007093
-0.4677 0.005812
-0.4625 0.004751
-0.4562 0.003875
-0.4489 0.003153
-0.4407 0.002560
-0.4316 0.002073
-0.4216 0.001674
-0.4108 0.001349
-0.3991 0.001083
-0.3867 0.000868
-0.3736 0.000693
-0.3598 0.000552
-0.3453 0.000438
-0.3302 0.000346
-0.3145 0.000273
-0.2982 0.000214
-0.2812 0.000167
-0.2635 0.000129
-0.2449 0.000099
-0.2251 0.000075
-0.2037 0.000056
-0.1799 0.000041
-0.1524 0.000029
-0.1184 0.000019
-0.0722 0.032755
0.0021 -0.000564
0.1001 -0.044612
0.1800 -0.161515
0.2186 -0.196566
0.2269 -0.204258
0.2172 -0.195613
0.1989 -0.179201
0.1776 -0.160027
0.1559 -0.140460
0.1346 -0.121326
0.1139 -0.102672
0.0933 -0.084151
0.0722 -0.065177
0.0497 -0.044920
0.0244 -0.021857
-0.0055 0.004152
-0.0429 0.031803
-0.0908 0.057622
-0.1483 0.077917
-0.2077 0.090362
-0.2616 0.094152
-0.3069 0.091377
-0.3439 0.084695
-0.3739 0.076150
-0.3981 0.067057
-0.4177 0.058183
-0.4336 0.049935
-0.4463 0.042501
-0.4564 0.035936
-0.4642 0.030224
-0.4701 0.025308
-0.4742 0.021110
-0.4768 0.017550
-0.4780 0.014547
-0.4779 0.012025
-0.4766 0.009915
-0.4741 0.008155
-0.4705 0.006691
-0.4658 0.005478
-0.4601 0.004474
-0.4534 0.003645
-0.4457 0.002963
-0.4371 0.002402
-0.4276 0.001943
-0.4171 0.001567
-0.4059 0.001261
-0.3938 0.001012
-0.3810 0.000809
-0.3675 0.000645
-0.3533 0.000513
-0.3385 0.000406
-0.3230 0.000321
-0.3070 0.000252
-0.2903 0.000197
-0.2729 0.000153
-0.2548 0.000118
-0.2356 0.000090
-0.2151 0.000068
-0.1930 0.000051
-0.1686 0.000037
-0.1408 0.000025
-0.1072 0.000016
-0.0627 0.000008
0.0029 -0.000960
0.0902 -0.040175
0.1613 -0.144643
0.2020 -0.181575
0.2156 -0.193987
0.2107 -0.189735
0.1958 -0.176364
0.1765 -0.159013
0.1559 -0.140460
0.1352 -0.121884
0.1149 -0.103557
0.0945 -0.085270
0.0737 -0.066518
0.0515 -0.046533
0.0266 -0.024189
-0.0027 0.002040
-0.0390 0.030407
-0.0856 0.055393
-0.1422 0.076197
-0.2017 0.089457
-0.2561 0.094010
-0.3021 0.091753
-0.3398 0.085352
-0.3703 0.076923
-0.3949 0.067844
-0.4148 0.058926
-0.4308 0.050606
-0.4436 0.043088
-0.4537 0.036439
-0.4615 0.030646
-0.4673 0.025655
-0.4712 0.021393
-0.4736 0.017777
-0.4745 0.014725
-0.4740 0.012163
-0.4722 0.010019
-0.4692 0.008231
-0.4651 0.006746
-0.4598 0.005515
-0.4535 0.004497
-0.4461 0.003658
-0.4377 0.002968
-0.4284 0.002401
-0.4182 0.001938
-0.4070 0.001560
-0.3951 0.001252
-0.3824 0.001002
-0.3690 0.000799
-0.3548 0.000636
-0.3401 0.000504
-0.3247 0.000398
-0.3088 0.000313
-0.2923 0.000245
-0.2752 0.000190
-0.2574 0.000147
-0.2391 0.000113
-0.2203 0.000086
-0.2012 0.000065
-0.1824 0.000049
-0.1643 0.000036
-0.1472 0.000027
-0.1311 0.000020
-0.1160 0.000015
-0.1013 0.000010
-0.0860 0.000007
-0.0670 0.015130
-0.0382 0.017321
-0.0008 0.000565
0.0461 -0.020531
0.0963 -0.043121
0.1380 -0.061956
0.1648 -0.074096
0.1774 -0.079786
0.1790 -0.080551
0.1731 -0.077955
0.1626 -0.073207
0.1490 -0.067120
0.1336 -0.060182
0.1168 -0.052630
0.0987 -0.044507
0.0792 -0.034010
0.0579 -0.021305
0.0334 -0.010195
0.0025 -0.000726
-0.0393 0.008047
-0.0973 0.016554
-0.1688 0.023814
-0.2409 0.028139
-0.3030 0.029292
-0.3526 0.028203
-0.3910 0.025865
-0.4201 0.022984
-0.4419 0.019992
-0.4579 0.017129
-0.4691 0.014513
-0.4767 0.012193
-0.4811 0.010175
-0.4829 0.008446
-0.4826 0.006978
-0.4803 0.005743
-0.4764 0.004709
-0.4709 0.003849
-0.4641 0.003137
-0.4561 0.002549
-0.4470 0.002065
-0.4368 0.001669
-0.4257 0.001345
-0.4137 0.001081
-0.4010 0.000866
-0.3876 0.000692
-0.3735 0.000551
-0.3589 0.000438
-0.3438 0.000347
-0.3282 0.000274
-0.3122 0.000215
-0.2959 0.000169
-0.2798 0.000132
-0.2553 0.057594
-0.2269 0.102301
-0.1999 0.090114
-0.1797 0.080980
-0.1658 0.074675
-0.1573 0.070846
-0.1535 0.069085
-0.1533 0.069012
-0.1563 0.070308
-0.1616 0.072717
-0.1690 0.076012
-0.1778 0.079972
-0.1876 0.084373
-0.1978 0.088991
-0.2081 0.093615
-0.2180 0.098064
-0.2277 0.095379
-0.2381 0.090529
-0.2499 0.078552
-0.2632 0.068387
-0.2772 0.059559
-0.2915 0.051784
-0.3056 0.044889
-0.3192 0.038766
-0.3320 0.033341
-0.3439 0.028555
-0.3547 0.024354
-0.3644 0.020689
-0.3730 0.017508
-0.3804 0.014764
-0.3866 0.012407
-0.3917 0.010394
-0.3957 0.008682
-0.3986 0.007231
-0.4005 0.006006
-0.4013 0.004976
-0.4010 0.004112
-0.3998 0.003390
-0.3976 0.002787
-0.3945 0.002286
-0.3904 0.001871
-0.3854 0.001527
-0.3794 0.001243
-0.3725 0.001009
-0.3647 0.000817
-0.3561 0.000659
-0.3465 0.000531
-0.3361 0.000425
-0.3248 0.000340
-0.3126 0.000271
-0.2996 0.000214
-0.2857 0.000169
-0.2709 0.000133
-0.2550 0.000103
-0.2378 0.000080
-0.2192 0.000061
-0.1984 0.000045
-0.1748 0.000033
-0.1467 0.000023
-0.1108 0.000014
-0.0601 0.000006
0.0188 -0.000002
0.1246 -0.083471
0.2027 -0.181962
0.2377 -0.213759
0.2429 -0.218657
0.2301 -0.207259
0.2090 -0.188314
0.1854 -0.167049
0.1619 -0.145887
0.1393 -0.125604
0.1177 -0.106155
0.0966 -0.087116
0.0752 -0.067843
0.0525 -0.047478
0.0273 -0.024836
-0.0023 0.001751
-0.0386 0.034006
-0.0839 0.065037
-0.1378 0.088982
-0.1946 0.104014
-0.2471 0.109272
-0.2919 0.106800
-0.3290 0.099556
-0.3594 0.089934
-0.3842 0.079512
-0.4045 0.069230
-0.4212 0.059600
-0.4347 0.050866
-0.4456 0.043116
-0.4543 0.036343
-0.4610 0.030490
-0.4658 0.025478
-0.4691 0.021214
-0.4709 0.017607
-0.4713 0.014571
-0.4705 0.012026
-0.4684 0.009899
-0.4651 0.008128
-0.4607 0.006657
-0.4553 0.005440
-0.4488 0.004433
-0.4413 0.003604
-0.4328 0.002923
-0.4234 0.002364
-0.4131 0.001907
-0.4020 0.001535
-0.3901 0.001231
-0.3774 0.000985
-0.3640 0.000785
-0.3500 0.000624
-0.3353 0.000495
-0.3200 0.000390
-0.3041 0.000307
-0.2876 0.000240
-0.2705 0.000186
-0.2525 0.000144
-0.2334 0.000110
-0.2129 0.000083
-0.1904 0.000061
-0.1646 0.000044
-0.1336 0.000029
-0.0931 0.000017
-0.0335 0.007701
0.0562 -0.024847
0.1500 -0.134301
0.2039 -0.183230
0.2240 -0.201511
0.2212 -0.199152
0.2062 -0.185782
0.1862 -0.167760
0.1647 -0.148443
0.1434 -0.129246
0.1226 -0.110520
0.1021 -0.092084
0.0814 -0.073468
0.0597 -0.053969
0.0360 -0.032589
0.0085 -0.007752
-0.0250 0.019906
-0.0675 0.048101
-0.1206 0.071196
-0.1796 0.087774
-0.2360 0.095482
-0.2849 0.095353
-0.3252 0.090049
-0.3580 0.081986
-0.3846 0.072827
-0.4060 0.063585
-0.4234 0.054823
-0.4373 0.046823
-0.4484 0.039695
-0.4570 0.033453
-0.4635 0.028054
-0.4681 0.023428
-0.4710 0.019493
-0.4724 0.016165
-0.4724 0.013366
-0.4711 0.011020
-0.4685 0.009062
-0.4648 0.007432
-0.4598 0.006080
-0.4538 0.004962
-0.4467 0.004038
-0.4386 0.003278
-0.4295 0.002655
-0.4195 0.002144
-0.4086 0.001726
-0.3968 0.001386
-0.3842 0.001110
-0.3709 0.000886
-0.3569 0.000705
-0.3422 0.000559
-0.3269 0.000441
-0.3110 0.000347
-0.2945 0.000272
-0.2773 0.000212
-0.2594 0.000164
-0.2405 0.000125
-0.2203 0.000095
-0.1984 0.000071
-0.1737 0.000051
-0.1445 0.000035
-0.1075 0.000022
-0.0545 0.024840
0.0281 -0.012232
0.1265 -0.113071
0.1913 -0.171795
0.2199 -0.197769
0.2221 -0.199979
0.2097 -0.188897
0.1907 -0.171844
0.1696 -0.152854
0.1484 -0.133726
0.1276 -0.115016
0.1072 -0.096647
0.0867 -0.078219
0.0654 -0.059095
0.0424 -0.038374
0.0161 -0.014355
-0.0155 0.012100
-0.0555 0.039591
-0.1065 0.062999
-0.1655 0.081064
-0.2239 0.090807
-0.2754 0.092425
-0.3182 0.088342
-0.3530 0.081058
-0.3812 0.072375
-0.4039 0.063415
-0.4222 0.054816
-0.4369 0.046905
-0.4486 0.039824
-0.4578 0.033603
-0.4648 0.028209
-0.4699 0.023580
-0.4732 0.019637
-0.4751 0.016300
-0.4755 0.013490
-0.4746 0.011133
-0.4725 0.009164
-0.4692 0.007525
-0.4648 0.006163
-0.4593 0.005036
-0.4528 0.004104
-0.4452 0.003337
-0.4367 0.002706
-0.4272 0.002189
-0.4168 0.001766
-0.4056 0.001421
-0.3935 0.001140
-0.3807 0.000912
-0.3671 0.000727
-0.3528 0.000578
-0.3380 0.000457
-0.3225 0.000361
-0.3064 0.000284
-0.2897 0.000222
-0.2722 0.000172
-0.2540 0.000133
-0.2347 0.000102
-0.2140 0.000077
-0.1913 0.000057
-0.1654 0.000040
-0.1342 0.000027
-0.0934 0.000016
-0.0311 0.014345
0.0605 -0.026756
0.1517 -0.135899
0.2051 -0.184278
0.2240 -0.201561
0.2204 -0.198425
0.2050 -0.184681
0.1849 -0.166587
0.1635 -0.147354
0.1423 -0.128292
0.1217 -0.109697
0.1013 -0.091364
0.0807 -0.072815
0.0590 -0.053341
0.0352 -0.031938
0.0077 -0.006802
-0.0260 0.020001
-0.0692 0.045999
-0.1234 0.068001
-0.1834 0.083702
-0.2406 0.090852
-0.2898 0.090541
-0.3303 0.085362
-0.3631 0.077616
-0.3896 0.068873
-0.4110 0.060082
-0.4283 0.051768
-0.4421 0.044192
-0.4532 0.037452
-0.4618 0.031558
-0.4684 0.026464
-0.4731 0.022103
-0.4762 0.018397
-0.4779 0.015265
-0.4782 0.012630
-0.4773 0.010423
-0.4752 0.008580
-0.4720 0.007047
-0.4678 0.005773
-0.4624 0.004719
-0.4561 0.003849
-0.4488 0.003131
-0.4405 0.002541
-0.4314 0.002057
-0.4213 0.001661
-0.4103 0.001338
-0.3985 0.001075
-0.3860 0.000860
-0.3727 0.000687
-0.3587 0.000547
-0.3440 0.000434
-0.3288 0.000343
-0.3129 0.000270
-0.2963 0.000211
-0.2791 0.000164
-0.2612 0.000127
-0.2422 0.000098
-0.2220 0.000074
-0.2000 0.000055
-0.1752 0.000040
-0.1461 0.000028
-0.1092 0.000017
-0.0562 0.025613
0.0267 -0.011598
0.1251 -0.111828
0.1919 -0.172314
0.2216 -0.199343
0.2243 -0.201962
0.2120 -0.190945
0.1929 -0.173828
0.1717 -0.154752
