-0.2199 0.112136
-0.2387 0.100640
-0.2564 0.089396
-0.2727 0.078623
-0.2874 0.068520
-0.3005 0.059230
-0.3119 0.050831
-0.3217 0.043347
-0.3299 0.036762
-0.3368 0.031026
-0.3423 0.026075
-0.3466 0.021832
-0.3498 0.018220
-0.3521 0.015163
-0.3535 0.012586
-0.3541 0.010424
-0.3540 0.008617
-0.3533 0.007111
-0.3521 0.005859
-0.3504 0.004821
-0.3483 0.003962
-0.3459 0.003253
-0.3432 0.002669
-0.3402 0.002187
-0.3371 0.001792
-0.3338 0.001467
-0.3304 0.001201
-0.3269 0.000982
-0.3234 0.000803
-0.3199 0.000657
-0.3164 0.000537
-0.3130 0.000440
-0.3098 0.000360
-0.3067 0.000294
-0.3038 0.000241
-0.3012 0.000198
-0.2991 0.000162
-0.2974 0.000133
-0.2962 0.000110
-0.2958 0.000091
-0.2687 0.222079
-0.2308 0.190743
-0.1997 0.164999
-0.1732 0.143135
-0.1501 0.124054
-0.1156 0.191369
-0.0761 0.126239
-0.0368 0.061334
0.0042 -0.006215
0.0406 -0.099649
0.0652 -0.160900
0.0779 -0.192499
0.0822 -0.191550
0.0816 -0.180642
0.0698 -0.205842
0.0564 -0.161787
0.0445 -0.124710
0.0340 -0.088996
0.0247 -0.060586
0.0159 -0.036830
0.0071 -0.015807
-0.0018 0.003592
-0.0110 0.021987
-0.0204 0.039709
-0.0300 0.056911
-0.0397 0.073611
-0.0493 0.089712
-0.0589 0.100795
-0.0697 0.108545
-0.0818 0.117069
-0.0952 0.126170
-0.1095 0.131733
-0.1265 0.125831
-0.1466 0.120629
-0.1690 0.114985
-0.1925 0.108265
-0.2157 0.100349
-0.2379 0.091498
-0.2583 0.082149
-0.2766 0.072752
-0.2928 0.063676
-0.3068 0.055178
-0.3188 0.047412
-0.3289 0.040449
-0.3374 0.034301
-0.3442 0.028937
-0.3496 0.024304
-0.3538 0.020335
-0.3568 0.016958
-0.3589 0.014101
-0.3600 0.011697
-0.3604 0.009681
-0.3601 0.007997
-0.3591 0.006595
-0.3577 0.005431
-0.3558 0.004467
-0.3536 0.003670
-0.3510 0.003012
-0.3481 0.002471
-0.3451 0.002025
-0.3419 0.001659
-0.3386 0.001358
-0.3352 0.001112
-0.3318 0.000910
-0.3283 0.000744
-0.3250 0.000609
-0.3217 0.000499
-0.3186 0.000408
-0.3158 0.000335
-0.3132 0.000274
-0.3110 0.000225
-0.3092 0.000185
-0.3080 0.000152
-0.3075 0.000126
-0.3078 0.000104
-0.2697 0.222913
-0.2336 0.193036
-0.2044 0.168908
-0.1802 0.148880
-0.1597 0.131927
-0.1193 0.197430
-0.0823 0.136417
-0.0433 0.108248
-0.0016 0.004817
0.0332 -0.081439
0.0576 -0.142029
0.0709 -0.172859
0.0746 -0.233808
0.0659 -0.199154
0.0575 -0.168135
0.0491 -0.140002
0.0410 -0.112795
0.0338 -0.086455
0.0271 -0.065122
0.0206 -0.046814
0.0140 -0.030405
0.0073 -0.015235
0.0004 -0.000897
-0.0067 0.012880
-0.0140 0.025413
-0.0220 0.036090
-0.0309 0.046440
-0.0412 0.057072
-0.0531 0.068426
-0.0670 0.077622
-0.0845 0.080924
-0.1065 0.084327
-0.1327 0.086918
-0.1619 0.087698
-0.1920 0.086032
-0.2211 0.081932
-0.2478 0.075934
-0.2714 0.068778
-0.2918 0.061146
-0.3091 0.053559
-0.3236 0.046360
-0.3355 0.039748
-0.3452 0.033816
-0.3529 0.028588
-0.3589 0.024041
-0.3635 0.020129
-0.3667 0.016791
-0.3688 0.013962
-0.3699 0.011579
-0.3701 0.009580
-0.3696 0.007911
-0.3685 0.006521
-0.3669 0.005367
-0.3647 0.004412
-0.3622 0.003623
-0.3594 0.002972
-0.3563 0.002436
-0.3530 0.001996
-0.3495 0.001634
-0.3460 0.001337
-0.3423 0.001094
-0.3387 0.000895
-0.3350 0.000732
-0.3314 0.000599
-0.3280 0.000490
-0.3246 0.000401
-0.3215 0.000328
-0.3187 0.000269
-0.3162 0.000221
-0.3141 0.000181
-0.3125 0.000149
-0.3116 0.000123
-0.3115 0.000102
-0.3123 0.000084
-0.2919 0.241280
-0.2527 0.208816
-0.2217 0.183180
-0.1966 0.162437
-0.1759 0.145295
-0.1412 0.233635
-0.0882 0.219441
-0.0403 0.100910
0.0023 -0.004733
0.0377 -0.092516
0.0623 -0.153678
0.0705 -0.232550
0.0669 -0.215217
0.0616 -0.190544
0.0556 -0.166043
0.0491 -0.142378
0.0424 -0.119780
0.0358 -0.095164
0.0299 -0.074254
0.0242 -0.056741
0.0186 -0.041433
0.0132 -0.026260
0.0078 -0.013948
0.0021 -0.003486
-0.0041 0.005988
-0.0111 0.015108
-0.0193 0.023545
-0.0294 0.029758
-0.0427 0.035725
-0.0603 0.041743
-0.0835 0.047812
-0.1129 0.053467
-0.1475 0.057769
-0.1844 0.059744
-0.2203 0.059033
-0.2528 0.056023
-0.2808 0.051469
-0.3043 0.046119
-0.3235 0.040549
-0.3390 0.035140
-0.3514 0.030114
-0.3610 0.025583
-0.3683 0.021583
-0.3737 0.018107
-0.3775 0.015122
-0.3798 0.012581
-0.3810 0.010435
-0.3812 0.008633
-0.3806 0.007126
-0.3792 0.005871
-0.3773 0.004829
-0.3748 0.003967
-0.3720 0.003255
-0.3688 0.002669
-0.3654 0.002186
-0.3617 0.001789
-0.3579 0.001464
-0.3539 0.001197
-0.3499 0.000978
-0.3459 0.000800
-0.3419 0.000653
-0.3379 0.000534
-0.3340 0.000436
-0.3303 0.000357
-0.3267 0.000292
-0.3233 0.000239
-0.3202 0.000196
-0.3175 0.000160
-0.3151 0.000132
-0.3133 0.000108
-0.3121 0.000089
-0.3117 0.000074
-0.3122 0.000061
-0.3135 0.000051
-0.3133 0.258949
-0.2707 0.223667
-0.2376 0.196316
-0.2115 0.174676
-0.1643 0.271897
-0.1148 0.285500
-0.0623 0.155367
-0.0157 0.040037
0.0252 -0.061473
0.0543 -0.178708
0.0656 -0.216227
0.0679 -0.224121
0.0648 -0.214142
0.0594 -0.189154
0.0534 -0.163613
0.0471 -0.139616
0.0407 -0.117125
0.0342 -0.093788
0.0290 -0.069839
0.0247 -0.052703
0.0208 -0.039586
0.0168 -0.028953
0.0127 -0.019861
0.0081 -0.011216
0.0030 -0.003514
-0.0030 0.002764
-0.0106 0.008203
-0.0207 0.013216
-0.0342 0.018115
-0.0528 0.023121
-0.0781 0.028277
-0.1111 0.033260
-0.1504 0.037274
-0.1924 0.039434
-0.2325 0.039416
-0.2678 0.037565
-0.2975 0.034516
-0.3217 0.030865
-0.3410 0.027053
-0.3561 0.023360
-0.3676 0.019943
-0.3763 0.016878
-0.3825 0.014187
-0.3868 0.011861
-0.3894 0.009873
-0.3906 0.008190
-0.3907 0.006773
-0.3899 0.005589
-0.3883 0.004602
-0.3861 0.003783
-0.3833 0.003106
-0.3802 0.002547
-0.3767 0.002086
-0.3729 0.001708
-0.3689 0.001397
-0.3648 0.001142
-0.3606 0.000933
-0.3563 0.000762
-0.3520 0.000623
-0.3477 0.000509
-0.3435 0.000415
-0.3394 0.000339
-0.3354 0.000277
-0.3316 0.000227
-0.3280 0.000185
-0.3247 0.000152
-0.3217 0.000124
-0.3191 0.000102
-0.3170 0.000084
-0.3155 0.000069
-0.3147 0.000057
-0.3147 0.000047
-0.3156 0.000039
-0.3175 0.000032
-0.3206 0.000027
-0.3064 0.253162
-0.2300 0.380537
-0.1742 0.288288
-0.1307 0.216294
-0.0926 0.153372
-0.0459 0.114781
-0.0011 0.005105
0.0342 -0.111842
0.0556 -0.182913
0.0653 -0.215231
0.0669 -0.220785
0.0636 -0.209972
0.0575 -0.189946
0.0504 -0.159951
0.0445 -0.129477
0.0395 -0.106264
0.0349 -0.087543
0.0304 -0.070352
0.0266 -0.054567
0.0230 -0.041463
0.0199 -0.029672
0.0170 -0.020928
0.0139 -0.014116
0.0102 -0.008575
0.0055 -0.003884
-0.0005 0.000253
-0.0086 0.004061
-0.0198 0.007734
-0.0354 0.011443
-0.0573 0.015311
-0.0873 0.019305
-0.1260 0.023046
-0.1705 0.025803
-0.2155 0.026982
-0.2565 0.026561
-0.2912 0.024947
-0.3195 0.022637
-0.3419 0.020034
-0.3593 0.017410
-0.3725 0.014926
-0.3823 0.012666
-0.3893 0.010664
-0.3940 0.008924
-0.3968 0.007432
-0.3981 0.006165
-0.3982 0.005099
-0.3973 0.004206
-0.3955 0.003462
-0.3931 0.002845
-0.3902 0.002335
-0.3868 0.001914
-0.3831 0.001567
-0.3791 0.001282
-0.3749 0.001049
-0.3706 0.000857
-0.3662 0.000700
-0.3618 0.000572
-0.3573 0.000467
-0.3530 0.000381
-0.3487 0.000312
-0.3445 0.000254
-0.3405 0.000208
-0.3366 0.000170
-0.3331 0.000139
-0.3298 0.000114
-0.3270 0.000093
-0.3246 0.000077
-0.3227 0.000063
-0.3214 0.000052
-0.3208 0.000043
-0.3211 0.000035
-0.3223 0.000029
-0.3246 0.000024
-0.2961 0.244635
-0.2589 0.213900
-0.2250 0.372241
-0.1719 0.284377
-0.1303 0.215582
-0.0930 0.231548
-0.0457 0.114165
-0.0010 0.004601
0.0330 -0.107959
0.0537 -0.176764
0.0632 -0.208480
0.0649 -0.214312
0.0619 -0.202064
0.0571 -0.178757
0.0517 -0.155860
0.0458 -0.133917
0.0403 -0.109078
0.0355 -0.089555
0.0311 -0.071131
0.0274 -0.055744
0.0242 -0.041411
0.0216 -0.030543
0.0191 -0.022354
0.0165 -0.015900
0.0133 -0.010614
0.0093 -0.006130
0.0040 -0.002189
-0.0032 0.001404
-0.0130 0.004817
-0.0268 0.008206
-0.0462 0.011706
-0.0733 0.015368
-0.1095 0.018996
-0.1534 0.022013
-0.1999 0.023743
-0.2437 0.023944
-0.2815 0.022883
-0.3126 0.021017
-0.3374 0.018758
-0.3567 0.016397
-0.3714 0.014117
-0.3823 0.012017
-0.3901 0.010140
-0.3955 0.008500
-0.3988 0.007088
-0.4005 0.005885
-0.4009 0.004871
-0.4002 0.004020
-0.3986 0.003311
-0.3963 0.002722
-0.3935 0.002234
-0.3902 0.001832
-0.3865 0.001500
-0.3826 0.001228
-0.3784 0.001004
-0.3741 0.000821
-0.3698 0.000671
-0.3654 0.000548
-0.3610 0.000448
-0.3566 0.000366
-0.3524 0.000299
-0.3483 0.000244
-0.3443 0.000200
-0.3406 0.000163
-0.3371 0.000134
-0.3341 0.000109
-0.3314 0.000090
-0.3292 0.000074
-0.3275 0.000061
-0.3265 0.000050
-0.3261 0.000041
-0.3266 0.000034
-0.3222 0.266236
-0.2777 0.229427
-0.2432 0.200936
-0.2159 0.178349
-0.1937 0.159955
-0.1752 0.144678
-0.1325 0.329342
-0.0791 0.197057
-0.0333 0.083387
0.0077 -0.018185
0.0414 -0.101870
0.0580 -0.191196
0.0636 -0.209683
0.0633 -0.201009
0.0603 -0.184379
0.0557 -0.164866
0.0502 -0.144319
0.0441 -0.123762
0.0378 -0.102351
0.0320 -0.080846
0.0267 -0.062288
0.0220 -0.045669
0.0177 -0.032845
0.0133 -0.022292
0.0085 -0.012972
0.0033 -0.004184
-0.0028 0.002851
-0.0104 0.008854
-0.0203 0.014316
-0.0336 0.019598
-0.0517 0.024954
-0.0764 0.030453
-0.1085 0.035787
-0.1471 0.040143
-0.1886 0.042575
-0.2285 0.042686
-0.2641 0.040800
-0.2941 0.037582
-0.3187 0.033678
-0.3384 0.029572
-0.3539 0.025573
-0.3659 0.021862
-0.3749 0.018524
-0.3815 0.015587
-0.3861 0.013044
-0.3891 0.010867
-0.3906 0.009021
-0.3910 0.007466
-0.3905 0.006165
-0.3891 0.005079
-0.3871 0.004178
-0.3846 0.003432
-0.3816 0.002816
-0.3783 0.002308
-0.3747 0.001890
-0.3709 0.001547
-0.3670 0.001265
-0.3629 0.001035
-0.3588 0.000846
-0.3547 0.000691
-0.3507 0.000565
-0.3467 0.000462
-0.3428 0.000378
-0.3391 0.000309
-0.3355 0.000253
-0.3323 0.000207
-0.3293 0.000170
-0.3268 0.000139
-0.3246 0.000114
-0.3230 0.000094
-0.3219 0.000077
-0.3214 0.000064
-0.3216 0.000053
-0.2884 0.238306
-0.2496 0.206258
-0.2186 0.180627
-0.1930 0.159431
-0.1711 0.141319
-0.1506 0.249203
-0.1104 0.182760
-0.0728 0.120795
-0.0309 0.077696
0.0116 -0.027663
0.0460 -0.113234
0.0688 -0.169928
0.0802 -0.192859
0.0783 -0.242905
0.0690 -0.206622
0.0598 -0.173896
0.0508 -0.143897
0.0419 -0.116129
0.0334 -0.087362
0.0257 -0.062911
0.0182 -0.042213
0.0108 -0.023858
0.0033 -0.007003
-0.0045 0.008883
-0.0124 0.023798
-0.0209 0.036206
-0.0305 0.047935
-0.0414 0.059723
-0.0539 0.072079
-0.0692 0.077179
-0.0887 0.081854
-0.1129 0.086149
-0.1412 0.089079
-0.1719 0.089669
-0.2027 0.087467
-0.2318 0.082728
-0.2580 0.076164
-0.2810 0.068586
-0.3006 0.060681
-0.3172 0.052941
-0.3310 0.045677
-0.3423 0.039059
-0.3514 0.033159
-0.3586 0.027982
-0.3642 0.023498
-0.3684 0.019650
-0.3713 0.016375
-0.3731 0.013605
-0.3739 0.011275
-0.3740 0.009324
-0.3733 0.007695
-0.3721 0.006341
-0.3703 0.005218
-0.3681 0.004289
-0.3656 0.003522
-0.3627 0.002889
-0.3596 0.002369
-0.3564 0.001941
-0.3530 0.001589
-0.3495 0.001301
-0.3461 0.001065
-0.3426 0.000872
-0.3391 0.000714
-0.3358 0.000584
-0.3326 0.000478
-0.3296 0.000392
-0.3269 0.000321
-0.3245 0.000264
-0.3224 0.000217
-0.3208 0.000178
-0.3196 0.000147
-0.3190 0.000121
-0.3190 0.000100
-0.2808 0.232103
-0.2428 0.200636
-0.2120 0.175150
-0.1861 0.153753
-0.1636 0.135174
-0.1387 0.229652
-0.0984 0.163053
-0.0595 0.098893
-0.0190 0.032025
0.0232 -0.037596
0.0603 -0.148708
0.0790 -0.195249
0.0870 -0.206221
0.0887 -0.199332
0.0861 -0.184648
0.0790 -0.228400
0.0615 -0.173311
0.0465 -0.128391
0.0335 -0.086327
0.0219 -0.053136
0.0109 -0.025150
-0.0001 -0.000092
-0.0114 0.023375
-0.0230 0.045963
-0.0351 0.067967
-0.0474 0.089372
-0.0595 0.109924
-0.0713 0.129184
-0.0832 0.137079
-0.0964 0.145034
-0.1104 0.153104
-0.1247 0.160820
-0.1390 0.161031
-0.1555 0.148961
-0.1743 0.138096
-0.1945 0.127409
-0.2151 0.116477
-0.2351 0.105296
-0.2541 0.094088
-0.2715 0.083149
-0.2873 0.072749
-0.3013 0.063087
-0.3136 0.054285
-0.3241 0.046398
-0.3331 0.039425
-0.3406 0.033331
-0.3467 0.028054
-0.3515 0.023522
-0.3553 0.019655
-0.3580 0.016376
-0.3598 0.013609
-0.3608 0.011283
-0.3611 0.009337
-0.3608 0.007713
-0.3599 0.006361
-0.3585 0.005240
-0.3568 0.004311
-0.3547 0.003544
-0.3523 0.002911
-0.3498 0.002389
-0.3471 0.001960
-0.3442 0.001607
-0.3413 0.001318
-0.3384 0.001080
-0.3356 0.000886
-0.3328 0.000726
-0.3302 0.000596
-0.3277 0.000489
-0.3256 0.000402
-0.3238 0.000330
-0.3224 0.000272
-0.3215 0.000224
-0.3210 0.000185
-0.3108 0.256979
-0.2665 0.220302
-0.2313 0.191190
-0.2025 0.167315
-0.1780 0.147050
-0.1566 0.129370
-0.1228 0.203354
-0.0839 0.139030
-0.0450 0.074991
-0.0042 0.007652
0.0369 -0.060188
0.0722 -0.118583
0.0931 -0.226290
0.0945 -0.216979
0.0915 -0.199896
0.0854 -0.178812
0.0772 -0.155821
0.0671 -0.186935
0.0481 -0.127283
0.0325 -0.080647
0.0186 -0.043613
0.0052 -0.011873
-0.0082 0.016983
-0.0220 0.044340
-0.0362 0.070892
-0.0508 0.096763
-0.0653 0.121605
-0.0793 0.144731
-0.0921 0.165320
-0.1034 0.177499
-0.1150 0.179656
-0.1271 0.182321
-0.1391 0.184940
-0.1507 0.187123
-0.1613 0.185673
-0.1736 0.165156
-0.1884 0.148207
-0.2048 0.133223
-0.2220 0.119380
-0.2391 0.106335
-0.2557 0.094013
-0.2712 0.082469
-0.2855 0.071789
-0.2984 0.062044
-0.3099 0.053271
-0.3199 0.045469
-0.3285 0.038606
-0.3357 0.032626
-0.3417 0.027458
-0.3466 0.023024
-0.3503 0.019244
-0.3531 0.016038
-0.3550 0.013333
-0.3562 0.011059
-0.3566 0.009156
-0.3565 0.007566
-0.3557 0.006244
-0.3546 0.005145
-0.3530 0.004235
-0.3511 0.003483
-0.3489 0.002862
-0.3466 0.002350
-0.3440 0.001929
-0.3414 0.001583
-0.3387 0.001298
-0.3360 0.001065
-0.3333 0.000873
-0.3307 0.000717
-0.3283 0.000588
-0.3261 0.000483
-0.3243 0.000397
-0.3227 0.000327
-0.3217 0.000269
-0.3210 0.000222
-0.3210 0.000184
-0.2825 0.233561
-0.2442 0.201846
-0.2132 0.176202
-0.1873 0.154761
-0.1650 0.136305
-0.1386 0.229344
-0.0988 0.163725
-0.0608 0.100910
-0.0213 0.035849
0.0196 -0.031661
0.0575 -0.094318
0.0862 -0.141821
0.0948 -0.221654
0.0930 -0.206332
0.0877 -0.186119
0.0801 -0.163527
0.0709 -0.139922
0.0561 -0.151804
0.0392 -0.098869
0.0245 -0.058355
0.0108 -0.024601
-0.0027 0.005436
-0.0165 0.033507
-0.0307 0.060572
-0.0453 0.086980
-0.0601 0.112560
-0.0745 0.136723
-0.0880 0.158651
-0.0999 0.177541
-0.1102 0.185674
-0.1210 0.185799
-0.1322 0.186718
-0.1433 0.187846
-0.1539 0.188784
-0.1636 0.187766
-0.1748 0.165848
-0.1887 0.148055
-0.2044 0.132603
-0.2210 0.118545
-0.2378 0.105444
-0.2541 0.093161
-0.2695 0.081703
-0.2837 0.071127
-0.2966 0.061488
-0.3081 0.052813
-0.3182 0.045097
-0.3269 0.038307
-0.3343 0.032388
-0.3404 0.027270
-0.3454 0.022877
-0.3492 0.019128
-0.3522 0.015948
-0.3542 0.013263
-0.3555 0.011005
-0.3560 0.009114
-0.3560 0.007534
-0.3554 0.006219
-0.3543 0.005126
-0.3528 0.004221
-0.3510 0.003472
-0.3489 0.002854
-0.3466 0.002344
-0.3441 0.001924
-0.3415 0.001579
-0.3389 0.001295
-0.3362 0.001062
-0.3336 0.000872
-0.3310 0.000715
-0.3286 0.000587
-0.3265 0.000482
-0.3246 0.000396
-0.3231 0.000326
-0.3220 0.000269
-0.3214 0.000222
-0.3214 0.000183
-0.2865 0.236850
-0.2476 0.204617
-0.2162 0.178687
-0.1902 0.157156
-0.1680 0.138782
-0.1427 0.236253
-0.1033 0.171012
-0.0660 0.109573
-0.0279 0.046662
0.0118 -0.018896
0.0497 -0.081411
0.0765 -0.189021
0.0847 -0.198929
0.0866 -0.193020
0.0842 -0.179292
0.0788 -0.161371
0.0693 -0.194710
0.0518 -0.140878
0.0376 -0.095269
0.0251 -0.059830
0.0133 -0.030125
0.0016 -0.003652
-0.0104 0.021091
-0.0227 0.044972
-0.0356 0.068372
-0.0487 0.091296
-0.0617 0.113432
-0.0744 0.134236
-0.0861 0.153057
-0.0964 0.169289
-0.1052 0.176842
-0.1147 0.175663
-0.1248 0.175934
-0.1353 0.176963
-0.1456 0.178238
-0.1558 0.168793
-0.1689 0.151274
-0.1845 0.136626
-0.2017 0.123483
-0.2196 0.111148
-0.2374 0.099355
-0.2545 0.088083
-0.2705 0.077428
-0.2853 0.067504
-0.2985 0.058407
-0.3102 0.050190
-0.3204 0.042866
-0.3292 0.036413
-0.3366 0.030783
-0.3427 0.025915
-0.3476 0.021736
-0.3514 0.018171
-0.3543 0.015147
-0.3563 0.012594
-0.3575 0.010449
-0.3580 0.008652
-0.3579 0.007151
-0.3573 0.005902
-0.3562 0.004865
-0.3547 0.004006
-0.3529 0.003295
-0.3508 0.002708
-0.3485 0.002224
-0.3460 0.001826
-0.3434 0.001499
-0.3408 0.001230
-0.3382 0.001009
-0.3356 0.000828
-0.3332 0.000679
-0.3309 0.000558
-0.3289 0.000459
-0.3272 0.000377
-0.3260 0.000311
-0.3252 0.000256
-0.3250 0.000212
-0.3249 0.268657
-0.2784 0.230110
-0.2419 0.199937
-0.2126 0.175696
-0.1884 0.155698
-0.1681 0.138900
-0.1373 0.227182
-0.1003 0.166011
-0.0654 0.108464
-0.0299 0.049877
0.0069 -0.016157
0.0383 -0.094237
0.0595 -0.145322
0.0716 -0.165036
0.0768 -0.168464
0.0746 -0.218502
0.0622 -0.177507
0.0511 -0.142385
0.0409 -0.108141
0.0319 -0.079016
0.0235 -0.054998
0.0153 -0.033983
0.0069 -0.014721
-0.0018 0.003535
-0.0109 0.021229
-0.0203 0.038622
-0.0300 0.055838
-0.0399 0.072877
-0.0499 0.089618
-0.0598 0.105820
-0.0694 0.117507
-0.0801 0.123574
-0.0922 0.130724
-0.1054 0.138552
-0.1197 0.137132
-0.1374 0.130111
-0.1580 0.123690
-0.1804 0.116800
-0.2035 0.108943
-0.2261 0.100113
-0.2475 0.090615
-0.2672 0.080872
-0.2848 0.071286
-0.3003 0.062167
-0.3139 0.053722
-0.3255 0.046066
-0.3353 0.039242
-0.3435 0.033241
-0.3503 0.028022
-0.3556 0.023525
-0.3598 0.019679
-0.3629 0.016410
-0.3650 0.013647
-0.3662 0.011323
-0.3667 0.009375
-0.3666 0.007748
-0.3659 0.006394
-0.3646 0.005269
-0.3630 0.004337
-0.3610 0.003566
-0.3587 0.002930
-0.3562 0.002405
-0.3535 0.001973
-0.3506 0.001619
-0.3477 0.001327
-0.3448 0.001088
-0.3418 0.000892
-0.3390 0.000731
-0.3363 0.000600
-0.3337 0.000492
-0.3315 0.000404
-0.3295 0.000332
-0.3281 0.000273
-0.3271 0.000225
