0.8453 3.9705
0.8389 3.7183
0.8326 3.5002
0.8265 3.3131
0.8208 3.1559
0.8155 3.0240
0.8106 2.9092
0.8061 2.8016
0.8015 2.6924
0.7968 2.5797
0.7917 2.4781
0.7870 2.4170
0.7839 2.4170
0.7835 2.4794
0.7860 2.5919
0.7908 2.7318
0.7968 2.8740
0.8027 3.0036
0.8081 3.1245
0.8128 3.2522
0.8177 3.4604
0.8244 3.8450
0.8336 4.3625
0.8437 4.8991
0.8529 5.3321
0.8597 5.5773
0.8637 5.6170
0.8651 5.5079
0.8644 5.3366
0.8625 5.1509
0.8599 4.9516
0.8568 4.7207
0.8530 4.4517
0.8489 4.3857
0.8528 6.2811
0.8701 10.0059
0.8887 13.3686
0.9023 15.9156
0.9105 17.7018
0.9150 18.7834
0.9170 19.1226
0.9176 18.5211
0.9167 16.3464
0.9138 13.3805
0.9088 11.0472
0.9038 10.8733
0.9028 12.7764
0.9056 15.1370
0.9099 17.8172
0.9147 22.3699
0.9193 26.6248
0.9228 29.1284
0.9248 30.0792
0.9257 29.8489
0.9258 28.1561
0.9250 25.0770
0.9234 22.6493
0.9221 22.7721
0.9217 23.7887
0.9220 24.6566
0.9224 25.0586
0.9228 24.8042
0.9227 23.8501
0.9221 22.0459
0.9208 19.8156
0.9188 17.7575
0.9164 16.1630
0.9141 14.9926
0.9119 14.0992
0.9099 13.3781
0.9082 12.8282
0.9068 12.4322
0.9056 12.1151
0.9047 11.8134
0.9037 11.4837
0.9027 11.0914
0.9014 10.6201
0.8998 10.0779
0.8977 9.4884
0.8953 8.8763
0.8923 8.2610
0.8890 7.6568
0.8851 7.0764
0.8809 6.5346
0.8763 6.0416
0.8714 5.6059
0.8664 5.2345
0.8615 4.9279
0.8569 4.6786
0.8526 4.4743
0.8488 4.3021
0.8454 4.1513
0.8421 4.0130
0.8391 3.8858
0.8362 3.7827
0.8337 3.7155
0.8318 3.6820
0.8307 3.6698
0.8302 3.6641
0.8299 3.6559
0.8298 3.6515
0.8297 3.6615
0.8300 3.6859
0.8305 3.7168
0.8312 3.7459
0.8319 3.7663
0.8325 3.7679
0.8327 3.7735
0.8335 3.9072
0.8366 4.2171
0.8422 4.6183
0.8490 5.0210
0.8555 5.3602
0.8606 5.5861
0.8640 5.6625
0.8655 5.5759
0.8648 5.3439
0.8623 5.0175
0.8581 4.6679
0.8527 4.3485
0.8470 4.0818
0.8414 3.8692
0.8363 3.7014
0.8319 3.5877
0.8308 4.0477
0.8448 6.8170
0.8694 10.7257
0.8907 14.1133
0.9046 16.6951
0.9124 18.5394
0.9165 19.7594
0.9183 20.3404
0.9190 19.9594
0.9185 18.2778
0.9167 16.0951
0.9138 13.9988
0.9101 12.2021
0.9059 11.0136
0.9031 11.7750
0.9045 14.4005
0.9086 16.9691
0.9128 18.9680
0.9164 22.0916
0.9199 26.2573
0.9228 29.0360
0.9248 30.1647
0.9257 30.0465
0.9259 28.9611
0.9254 26.5743
0.9242 23.2994
0.9223 21.4704
0.9211 22.1488
0.9210 23.3773
0.9215 24.2986
0.9221 24.6803
0.9225 24.3991
0.9224 23.4950
0.9219 21.9799
0.9207 19.8262
0.9187 17.4107
0.9159 15.2538
0.9126 13.6193
0.9093 12.5032
0.9064 11.7374
0.9040 11.1799
0.9020 10.7301
0.9003 10.3031
0.8985 9.8220
0.8965 9.2384
0.8940 8.5593
0.8906 7.8267
0.8863 7.1040
0.8813 6.4571
0.8759 5.9556
0.8711 5.7246
0.8684 5.8724
0.8691 6.3252
0.8726 6.9264
0.8773 7.5345
0.8820 8.0420
0.8857 8.3693
0.8881 8.4736
0.8892 8.3619
0.8889 8.0790
0.8875 7.6892
0.8851 7.2507
0.8821 6.8085
0.8786 6.3855
0.8747 5.9888
0.8706 5.6177
0.8663 5.2678
0.8617 4.9343
0.8568 4.6157
0.8516 4.3137
0.8459 4.0297
0.8400 3.7643
0.8336 3.5173
0.8270 3.2881
0.8201 3.0760
0.8128 2.8799
0.8054 2.6987
0.7976 2.5308
0.7896 2.3751
0.7814 2.2309
0.7730 2.0987
0.7645 1.9856
0.7570 1.9228
0.7538 2.0228
0.7613 2.3968
0.7797 2.9721
0.8023 3.6205
0.8231 4.2419
0.8394 4.7637
0.8507 5.1233
0.8574 5.2446
0.8600 5.1241
0.8590 4.8321
0.8551 4.4532
0.8489 4.0576
0.8412 3.6922
0.8325 3.3810
0.8237 3.1276
0.8152 2.9232
0.8074 2.7602
0.8016 2.8168
0.8122 4.6765
0.8447 8.6048
0.8761 12.3048
0.8971 15.1674
0.9088 17.2311
0.9145 18.4964
0.9169 18.5478
0.9170 17.2654
0.9154 15.0997
0.9121 12.8264
0.9075 10.9373
0.9021 9.5437
0.8966 8.5804
0.8916 7.9217
0.8873 7.4354
0.8836 7.0311
0.8807 7.0343
0.8831 9.4630
0.8926 13.3397
0.9032 17.0571
0.9119 22.1341
0.9187 27.6055
0.9233 31.6306
0.9260 33.9199
0.9274 34.6221
0.9279 33.9490
0.9277 31.6076
0.9268 28.0424
0.9253 25.5267
0.9241 25.3988
0.9236 25.8304
0.9235 26.0919
0.9236 26.1117
0.9236 25.6480
0.9233 24.4586
0.9226 22.4642
0.9211 19.9082
0.9189 17.6033
0.9163 15.9257
0.9138 14.8780
0.9117 14.2249
0.9101 13.7483
0.9089 13.2994
0.9078 12.7851
0.9065 12.1499
0.9048 11.3736
0.9025 10.4834
0.8995 9.5283
0.8957 8.5747
0.8910 7.6872
0.8857 6.9216
0.8801 6.3262
0.8749 5.9760
0.8713 5.9658
0.8705 6.2536
0.8724 6.7032
0.8758 7.1744
0.8795 7.5515
0.8825 7.7555
0.8843 7.7543
0.8847 7.5640
0.8838 7.2333
0.8817 6.8190
0.8785 6.3677
0.8745 5.9109
0.8699 5.4675
0.8646 5.0532
0.8589 4.6888
0.8532 4.3917
0.8478 4.1701
0.8432 4.0277
0.8398 3.9553
0.8378 3.9316
0.8368 3.9302
0.8365 3.9259
0.8363 3.8985
0.8357 3.8350
0.8343 3.7314
0.8320 3.5943
0.8286 3.4360
0.8242 3.2678
0.8192 3.0989
0.8135 2.9357
0.8075 2.7828
0.8012 2.6429
0.7950 2.5170
0.7888 2.4048
0.7828 2.3047
0.7771 2.2135
0.7715 2.1275
0.7659 2.0437
0.7602 1.9655
0.7548 1.9065
0.7504 1.8755
0.7477 1.8731
0.7474 1.9133
0.7509 2.0401
0.7596 2.2691
0.7725 2.5505
0.7865 2.8093
0.7983 2.9835
0.8061 3.0425
0.8095 2.9908
0.8086 2.8561
0.8041 2.6721
0.7966 2.4669
0.7869 2.2601
0.7754 2.0648
0.7629 1.8908
0.7500 1.7444
0.7375 1.6276
0.7261 1.5383
0.7165 1.4721
0.7087 1.4243
0.7029 1.4009
0.7005 1.4226
0.7031 1.4970
0.7107 1.6132
0.7220 1.7521
0.7345 1.8936
0.7464 2.0189
0.7562 2.1111
0.7632 2.1584
0.7668 2.1573
0.7673 2.1125
0.7648 2.0344
0.7598 1.9423
0.7536 1.8661
0.7478 1.8230
0.7440 1.8141
0.7426 1.8339
0.7436 1.8758
0.7466 1.9342
0.7510 2.0057
0.7563 2.0862
0.7618 2.1678
0.7672 2.2395
0.7717 2.2909
0.7750 2.3161
0.7768 2.3257
0.7786 2.4146
0.7845 2.7047
0.7964 3.1543
0.8114 3.6592
0.8261 4.1381
0.8383 4.5540
0.8480 5.0151
0.8563 5.5793
0.8637 6.1151
0.8698 6.5367
0.8743 6.8343
0.8774 7.0308
0.8794 7.1508
0.8805 7.2003
0.8809 7.1300
0.8804 6.9228
0.8791 6.7343
0.8779 6.7355
0.8780 7.1846
0.8827 9.6270
0.8933 13.8908
0.9044 17.9499
0.9128 20.9223
0.9179 22.4859
0.9205 23.8047
0.9222 26.0237
0.9235 27.7670
0.9245 28.5095
0.9250 28.4926
0.9251 27.9842
0.9250 27.5592
0.9248 27.3074
0.9245 26.7198
0.9241 25.3057
0.9232 22.9336
0.9217 20.7953
0.9202 20.5319
0.9197 21.5465
0.9201 22.6042
0.9207 23.1160
0.9212 22.7814
0.9210 21.5245
0.9201 19.4417
0.9181 16.9350
0.9151 14.5503
0.9112 12.5385
0.9068 11.0344
0.9023 9.9971
0.8982 9.3048
0.8949 8.8237
0.8921 8.4307
0.8897 8.0275
0.8871 7.5430
0.8839 6.9745
0.8798 6.3661
0.8746 5.7717
0.8685 5.2288
0.8617 4.7521
0.8545 4.3431
0.8470 3.9966
0.8396 3.7030
0.8323 3.4514
0.8252 3.2374
0.8185 3.0648
0.8125 2.9346
0.8074 2.8391
0.8033 2.7653
0.7999 2.6983
0.7967 2.6250
0.7933 2.5366
0.7891 2.4309
0.7839 2.3119
0.7775 2.1868
0.7701 2.0626
0.7620 1.9446
0.7534 1.8366
0.7448 1.7417
0.7367 1.6703
0.7303 1.6423
0.7275 1.6635
0.7288 1.7260
0.7338 1.8203
0.7414 1.9375
0.7505 2.0688
0.7600 2.2053
0.7691 2.3375
0.7771 2.4539
0.7837 2.5418
0.7884 2.5895
0.7910 2.5913
0.7914 2.5489
0.7897 2.4694
0.7859 2.3623
0.7804 2.2374
0.7733 2.1029
0.7648 1.9655
0.7550 1.8302
0.7443 1.7007
0.7329 1.5801
0.7210 1.4731
0.7093 1.3855
0.6987 1.3226
0.6910 1.3101
0.6918 1.4449
0.7084 1.8097
0.7384 2.3593
0.7720 2.9853
0.8012 3.5766
0.8228 4.0425
0.8367 4.3300
0.8444 4.4353
0.8474 4.3925
0.8471 4.2495
0.8445 4.0495
0.8404 3.8232
0.8351 3.5900
0.8291 3.3615
0.8224 3.1446
0.8153 2.9420
0.8079 2.7543
0.8001 2.5802
0.7921 2.4182
0.7838 2.2663
0.7751 2.1226
0.7660 1.9856
0.7564 1.8561
0.7464 1.7406
0.7371 1.6835
0.7400 2.2497
0.7814 4.9749
0.8354 8.7764
0.8752 12.0886
0.8980 14.5671
0.9092 16.1748
0.9138 16.8389
0.9151 16.4397
0.9143 15.0142
0.9118 12.9351
0.9074 10.7269
0.9010 8.7609
0.8928 7.1775
0.8829 5.9715
0.8720 5.0844
0.8612 4.5982
0.8567 5.6004
0.8669 8.6955
0.8838 12.2931
0.8988 16.3234
0.9103 22.1291
0.9184 27.4572
0.9233 30.9255
0.9259 32.4290
0.9269 31.8430
0.9269 30.1231
0.9264 29.1283
0.9259 29.1338
0.9256 28.9319
0.9254 28.2128
0.9250 26.9136
0.9243 25.0523
0.9232 22.8156
0.9216 20.6088
0.9197 18.6474
0.9175 17.0496
0.9154 15.8540
0.9134 15.0654
0.9119 14.5328
0.9106 14.0573
0.9095 13.5080
0.9082 12.8014
0.9066 11.9571
0.9044 11.0724
0.9017 10.2633
0.8989 9.6000
0.8961 9.0883
0.8935 8.6961
0.8913 8.3793
0.8894 8.0974
0.8877 7.8676
0.8864 7.8638
0.8862 8.0307
0.8868 8.2359
0.8878 8.4099
0.8888 8.5401
0.8896 8.5899
0.8899 8.4702
0.8894 8.1386
0.8876 7.6332
0.8847 7.0363
0.8805 6.4264
0.8753 5.8532
0.8695 5.3397
0.8632 4.8909
0.8566 4.5013
0.8499 4.1649
0.8432 3.8868
0.8370 3.6856
0.8320 3.5918
0.8292 3.6123
0.8291 3.7239
0.8312 3.8903
0.8348 4.0746
0.8388 4.2447
0.8425 4.3766
0.8454 4.4510
0.8471 4.4495
0.8473 4.3674
0.8461 4.2168
0.8434 4.0168
0.8393 3.7870
0.8340 3.5437
0.8277 3.2989
0.8205 3.0608
0.8124 2.8342
0.8037 2.6214
0.7943 2.4235
0.7843 2.2413
0.7740 2.0790
0.7635 1.9416
0.7535 1.8312
0.7445 1.7463
0.7369 1.6843
0.7310 1.6450
0.7271 1.6339
0.7259 1.6554
0.7276 1.7061
0.7319 1.7751
0.7376 1.8476
0.7436 1.9088
0.7485 1.9461
0.7517 1.9523
0.7526 1.9266
0.7510 1.8735
0.7472 1.8001
0.7413 1.7138
0.7338 1.6215
0.7250 1.5281
0.7152 1.4376
0.7048 1.3540
0.6944 1.2840
0.6851 1.2350
0.6781 1.2111
0.6747 1.2311
0.6810 1.4212
0.7057 1.8912
0.7430 2.5488
0.7806 3.2715
0.8113 3.9743
0.8335 4.6003
0.8482 5.0821
0.8571 5.3416
0.8615 5.3618
0.8623 5.2091
0.8607 4.9706
0.8575 4.7075
0.8533 4.4548
0.8488 4.2318
0.8444 4.0585
0.8421 4.4304
0.8534 7.4845
0.8753 11.5974
0.8944 15.1679
0.9071 18.1243
0.9146 20.5754
0.9187 22.5330
0.9209 23.7906
0.9220 24.1319
0.9223 23.4690
0.9219 22.1969
0.9211 21.5188
0.9207 22.7260
0.9213 24.5851
0.9223 25.8641
0.9232 26.8299
0.9240 27.9224
0.9247 28.7498
0.9252 29.8406
0.9258 31.3763
0.9264 31.9588
0.9267 31.3567
0.9265 29.8733
0.9259 27.6027
0.9248 24.5635
0.9230 21.4855
0.9206 18.8291
0.9179 16.7725
0.9151 15.2491
0.9125 14.1093
0.9101 13.2111
0.9079 12.4479
0.9058 11.7432
0.9037 11.0470
0.9015 10.3420
0.8989 9.6394
0.8961 8.9570
0.8928 8.3048
0.8893 7.6882
0.8854 7.1114
0.8812 6.5763
0.8766 6.0802
0.8717 5.6182
0.8664 5.1860
0.8608 4.7913
0.8548 4.4509
0.8489 4.1706
0.8432 3.9490
0.8382 3.7832
0.8340 3.6681
0.8308 3.5925
0.8284 3.5353
0.8266 3.4745
0.8247 3.3981
0.8225 3.3033
0.8197 3.1919
0.8162 3.0670
0.8120 2.9325
0.8070 2.7922
0.8014 2.6493
0.7951 2.5069
0.7883 2.3680
0.7810 2.2387
0.7735 2.1256
0.7663 2.0318
0.7598 1.9569
0.7541 1.8984
0.7494 1.8529
0.7455 1.8173
0.7424 1.7887
0.7399 1.7657
0.7378 1.7477
0.7362 1.7338
0.7349 1.7223
0.7338 1.7111
0.7328 1.6986
0.7316 1.6841
0.7308 1.7044
0.7366 1.9686
0.7556 2.5037
0.7821 3.1538
0.8078 3.8147
0.8288 4.4401
0.8444 5.0163
0.8556 5.5370
0.8635 5.9860
0.8690 6.3273
0.8727 6.5117
0.8747 6.5054
0.8749 6.3176
0.8734 5.9940
0.8704 5.5896
0.8659 5.1508
0.8603 4.7105
0.8536 4.3001
0.8463 3.9672
0.8393 3.7519
0.8340 3.6690
0.8313 3.7049
0.8314 3.8221
0.8335 3.9770
0.8370 4.1931
0.8422 4.6231
0.8502 5.3762
0.8603 6.3287
0.8705 7.2834
0.8792 8.0986
0.8856 8.7306
0.8901 9.2353
0.8931 9.6124
0.8951 9.9355
0.8967 10.3828
0.8991 12.1047
0.9045 16.6306
0.9119 22.6256
0.9185 27.6970
0.9230 30.7595
0.9255 31.5071
0.9264 30.1183
0.9261 27.3804
0.9248 24.2204
0.9229 21.1940
0.9204 18.5142
0.9176 16.6118
0.9154 17.0356
0.9155 19.1345
0.9170 21.0115
0.9188 22.1473
0.9201 22.4335
0.9206 21.7708
0.9202 20.1469
0.9188 17.8878
0.9164 15.4737
0.9129 13.2549
0.9084 11.3891
0.9034 9.8925
0.8979 8.7111
0.8922 7.7730
0.8865 7.0144
0.8808 6.3858
0.8751 5.8493
0.8693 5.3805
0.8637 5.0255
0.8589 4.8800
0.8564 4.9291
0.8562 5.0797
0.8576 5.2150
0.8592 5.2398
0.8597 5.1367
0.8588 4.9572
0.8567 4.7584
0.8538 4.5752
0.8508 4.4251
0.8479 4.3140
0.8456 4.2372
0.8438 4.1818
0.8424 4.1241
0.8410 4.0380
0.8392 3.9138
0.8365 3.7592
0.8329 3.5882
0.8286 3.4132
0.8237 3.2433
0.8184 3.0847
0.8130 2.9418
0.8077 2.8170
0.8025 2.7096
0.7978 2.6190
0.7936 2.5520
0.7904 2.5186
0.7886 2.5231
0.7887 2.5795
0.7912 2.7017
0.7962 2.8789
0.8031 3.0818
0.8104 3.2758
0.8170 3.4345
0.8223 3.5422
0.8258 3.5927
0.8277 3.5878
0.8279 3.5354
0.8267 3.4455
0.8243 3.3277
0.8208 3.1902
0.8164 3.0414
0.8113 2.8920
0.8057 2.7522
0.7999 2.6297
0.7944 2.5308
0.7896 2.4609
0.7858 2.4206
0.7834 2.4048
0.7822 2.4048
0.7819 2.4104
0.7821 2.4126
0.7822 2.4049
0.7819 2.3855
0.7810 2.3601
0.7799 2.3405
0.7791 2.3519
0.7798 2.4178
0.7830 2.5335
0.7881 2.6766
0.7944 2.8226
0.8006 2.9514
0.8060 3.0606
0.8111 3.2534
0.8183 3.6402
0.8283 4.1648
0.8398 4.8287
0.8522 5.7624
0.8645 6.8300
0.8754 8.0015
0.8846 9.2376
0.8919 10.3816
0.8974 11.3322
0.9013 12.3384
0.9053 15.1529
0.9107 19.2769
0.9159 22.6470
0.9197 24.7745
0.9221 25.6980
0.9232 25.5767
0.9233 24.5852
0.9228 22.8976
0.9216 20.9977
0.9200 19.1864
0.9181 17.5804
0.9163 17.1616
0.9161 20.1474
0.9186 25.8955
0.9222 31.9892
0.9255 36.1837
0.9276 37.6196
0.9286 36.4790
0.9285 33.6137
0.9277 29.9295
0.9262 26.0929
0.9242 22.5148
0.9216 19.3588
0.9185 16.6287
0.9149 14.2745
0.9107 12.2483
0.9058 10.5141
0.9002 9.0402
0.8939 7.7959
0.8868 6.7669
0.8792 6.0358
0.8726 5.7062
0.8684 5.6973
0.8671 5.8698
0.8682 6.1133
0.8703 6.3471
0.8726 6.5059
0.8743 6.5330
0.8748 6.3920
0.8738 6.0851
0.8711 5.6523
0.8665 5.1486
0.8602 4.6238
0.8521 4.1134
0.8424 3.6388
0.8311 3.2104
0.8184 2.8325
0.8045 2.5070
0.7897 2.2447
0.7755 2.0608
0.7634 1.9531
0.7549 1.9077
0.7504 1.9076
0.7495 1.9371
0.7512 1.9827
0.7544 2.0337
0.7581 2.0831
0.7617 2.1269
0.7648 2.1571
0.7669 2.1670
0.7678 2.1600
0.7676 2.1447
0.7669 2.1302
0.7660 2.1240
0.7656 2.1303
0.7658 2.1487
0.7668 2.1741
0.7682 2.1992
0.7697 2.2177
0.7709 2.2251
0.7714 2.2195
0.7712 2.2004
0.7702 2.1676
0.7682 2.1228
0.7659 2.1182
0.7685 2.3679
0.7811 2.8702
0.8001 3.4841
0.8198 4.1189
0.8367 4.7265
0.8497 5.2820
0.8593 5.7654
0.8662 6.1461
0.8707 6.3782
0.8733 6.4171
0.8739 6.2523
0.8727 5.9195
0.8695 5.4792
0.8645 4.9897
0.8580 4.4969
0.8499 4.0320
0.8407 3.6283
0.8316 3.4106
0.8262 3.5146
0.8274 3.8894
0.8345 4.4267
0.8444 5.0309
0.8545 5.6268
0.8632 6.1471
0.8697 6.4993
0.8738 6.6107
0.8755 6.5017
0.8751 6.2646
0.8733 5.9916
0.8708 5.8712
0.8726 7.9087
0.8861 14.4076
0.9027 21.8869
0.9151 28.0334
0.9225 32.1177
0.9262 33.8442
0.9276 33.1653
0.9275 29.6475
0.9261 25.9000
0.9246 25.8739
0.9245 30.1119
0.9257 34.9485
0.9273 38.5167
0.9286 39.9809
0.9293 39.1356
0.9293 36.4678
0.9287 32.9932
0.9276 29.4317
0.9260 26.1418
0.9242 23.1999
0.9221 20.6006
0.9197 18.2837
0.9171 16.2802
0.9142 14.6232
0.9113 13.2839
0.9083 12.1930
0.9054 11.2799
0.9025 10.5234
0.8998 9.9229
0.8973 9.4312
0.8950 8.9752
0.8927 8.4970
0.8901 7.9669
0.8869 7.3795
0.8830 6.7487
0.8781 6.0987
0.8720 5.4562
0.8646 4.8434
0.8560 4.2766
0.8459 3.7661
0.8345 3.3162
0.8219 2.9274
0.8083 2.5979
0.7941 2.3252
0.7797 2.1047
0.7659 1.9296
0.7530 1.7939
0.7418 1.7054
0.7340 1.6815
0.7316 1.7369
0.7357 1.8674
0.7453 2.0535
0.7581 2.2723
0.7719 2.5032
0.7849 2.7286
0.7960 2.9279
