0.8588 6.5648
0.8723 7.8136
0.8829 8.9863
0.8906 10.0187
0.8961 10.8533
0.8997 11.3897
0.9017 11.5294
0.9025 11.3050
0.9020 10.8223
0.9006 10.1839
0.8983 9.4720
0.8954 8.8250
0.8929 9.0241
0.8960 13.2546
0.9044 18.0171
0.9124 21.6646
0.9180 24.2568
0.9215 26.1560
0.9234 27.6460
0.9245 28.3228
0.9248 26.6570
0.9240 23.3771
0.9221 20.3793
0.9197 18.0597
0.9170 16.3578
0.9144 14.9344
0.9117 13.5123
0.9086 12.0311
0.9048 10.5490
0.9001 9.1482
0.8942 7.8872
0.8873 6.7894
0.8792 5.8554
0.8701 5.0724
0.8600 4.4205
0.8491 3.8773
0.8374 3.4213
0.8252 3.0345
0.8122 2.7029
0.7987 2.4155
0.7845 2.1648
0.7698 1.9584
0.7557 1.8142
0.7442 1.7333
0.7364 1.7060
0.7330 1.7200
0.7335 1.7665
0.7374 1.8542
0.7447 1.9920
0.7548 2.1709
0.7666 2.3768
0.7789 2.6369
0.7942 3.2131
0.8142 4.0487
0.8346 4.9476
0.8518 5.8088
0.8648 6.5889
0.8741 7.2661
0.8805 7.7774
0.8844 7.9818
0.8861 7.8321
0.8856 7.4372
0.8833 6.9276
0.8797 6.4230
0.8759 6.2322
0.8738 6.3636
0.8740 6.6395
0.8758 6.9631
0.8783 7.2885
0.8809 7.5921
0.8833 7.8579
0.8853 8.0778
0.8868 8.2493
0.8880 8.3788
0.8891 8.7548
0.8929 11.7271
0.9015 16.5167
0.9102 20.5701
0.9167 23.6571
0.9207 25.6474
0.9229 26.3104
0.9236 24.8770
0.9229 22.2143
0.9212 19.5561
0.9188 17.7004
0.9166 16.8596
0.9152 16.7670
0.9146 17.0296
0.9146 16.9188
0.9142 16.0330
0.9130 14.4684
0.9104 12.5668
0.9063 10.6575
0.9007 8.9366
0.8935 7.4755
0.8848 6.2727
0.8748 5.2999
0.8635 4.5254
0.8515 3.9324
0.8394 3.5069
0.8282 3.2203
0.8189 3.0407
0.8120 2.9398
0.8075 2.8967
0.8053 2.8992
0.8051 2.9465
0.8068 3.0492
0.8104 3.2101
0.8155 3.3988
0.8211 3.5621
0.8258 3.6539
0.8286 3.6508
0.8291 3.5539
0.8270 3.3806
0.8224 3.1556
0.8155 2.9036
0.8065 2.6455
0.7962 2.4617
0.7903 2.6148
0.7953 3.0672
0.8088 3.6626
0.8252 4.3097
0.8406 4.9607
0.8533 5.5892
0.8631 6.1757
0.8705 6.7008
0.8759 7.1453
0.8799 7.4928
0.8827 7.7305
0.8846 7.8590
0.8856 7.8778
0.8858 7.7861
0.8853 7.5994
0.8842 7.3536
0.8826 7.0877
0.8806 6.8529
0.8792 7.0372
0.8831 10.0617
0.8946 15.1386
0.9063 19.4733
0.9146 22.5601
0.9196 24.3823
0.9221 25.0403
0.9230 24.6431
0.9228 23.3702
0.9220 21.4164
0.9202 18.6031
0.9174 15.7929
0.9135 13.4439
0.9090 11.5864
0.9040 10.0539
0.8984 8.6939
0.8919 7.4573
0.8843 6.3619
0.8753 5.4318
0.8651 4.6762
0.8540 4.0963
0.8429 3.6664
0.8322 3.3234
0.8216 3.0052
0.8104 2.6939
0.7984 2.4900
0.7921 2.6721
0.7976 3.1644
0.8117 3.7913
0.8282 4.4329
0.8428 4.9846
0.8536 5.3218
0.8597 5.3442
0.8615 5.1851
0.8603 4.9404
0.8570 4.6682
0.8527 4.4060
0.8480 4.1777
0.8433 3.9934
0.8391 3.8506
0.8355 3.7437
0.8327 3.6774
0.8308 3.6481
0.8298 3.6442
0.8295 3.6573
0.8297 3.6845
0.8307 3.8132
0.8349 4.2709
0.8432 4.9423
0.8534 5.6688
0.8633 6.3731
0.8716 7.0100
0.8779 7.4542
0.8817 7.5154
0.8830 7.3455
0.8825 7.1671
0.8816 7.1493
0.8813 7.3020
0.8821 7.7477
0.8868 10.5336
0.8968 14.7378
0.9066 18.0781
0.9135 20.0850
0.9174 20.9252
0.9192 20.7679
0.9194 19.7965
0.9186 18.2402
0.9168 16.3526
0.9142 14.3486
0.9105 12.1768
0.9055 10.2127
0.8992 8.6112
0.8920 7.3945
0.8844 6.4836
0.8764 5.6803
0.8677 4.9655
0.8582 4.3651
0.8480 3.8929
0.8379 3.5374
0.8289 3.3618
0.8249 3.5896
0.8288 4.0847
0.8378 4.6748
0.8483 5.2694
0.8580 5.8261
0.8659 6.3273
0.8720 6.7636
0.8765 7.0622
0.8791 7.0394
0.8792 6.6879
0.8769 6.1481
0.8723 5.5491
0.8664 5.1592
0.8618 5.1384
0.8603 5.3125
0.8613 5.5593
0.8639 5.8159
0.8669 6.0524
0.8697 6.2573
0.8720 6.4282
0.8739 6.5677
0.8754 6.6865
0.8766 6.8024
0.8776 6.9102
0.8785 6.9962
0.8792 7.0320
0.8795 6.9917
0.8793 6.8724
0.8784 6.6919
0.8770 6.4767
0.8752 6.2608
0.8732 6.0872
0.8714 5.9857
0.8702 5.9517
0.8697 5.9938
0.8709 6.7197
0.8794 10.3650
0.8938 15.3356
0.9064 19.5267
0.9149 22.3566
0.9196 23.7554
0.9217 23.8807
0.9222 22.6720
0.9213 20.1813
0.9192 17.5566
0.9162 15.1601
0.9125 13.3647
0.9090 12.3609
0.9063 12.1310
0.9052 12.3779
0.9051 12.5316
0.9052 12.2969
0.9047 11.7515
0.9035 11.0854
0.9015 10.2926
0.8986 9.3164
0.8947 8.3690
0.8900 7.5760
0.8851 6.9553
0.8802 6.4505
0.8755 6.0020
0.8708 5.5876
0.8659 5.1961
0.8607 4.8234
0.8551 4.4685
0.8490 4.1306
0.8422 3.8061
0.8348 3.4932
0.8265 3.1946
0.8173 2.9212
0.8076 2.6984
0.7986 2.5554
0.7917 2.4919
0.7877 2.4757
0.7859 2.4720
0.7851 2.4612
0.7847 2.4527
0.7846 2.4591
0.7850 2.4824
0.7863 2.5480
0.7915 2.8761
0.8043 3.4994
0.8216 4.2398
0.8388 4.9848
0.8530 5.6803
0.8638 6.3034
0.8717 6.8443
0.8772 7.2984
0.8812 7.6628
0.8840 7.9317
0.8859 8.1073
0.8872 8.1941
0.8878 8.1904
0.8879 8.1476
0.8878 8.1868
0.8883 8.5631
0.8911 10.6222
0.8990 15.1779
0.9079 19.0378
0.9147 22.0807
0.9192 24.3636
0.9219 25.7823
0.9233 26.3204
0.9238 25.9969
0.9237 24.8266
0.9230 23.0786
0.9218 21.1055
0.9201 19.1524
0.9180 17.2697
0.9156 15.4521
0.9127 13.6331
0.9091 11.9343
0.9048 10.4509
0.8999 9.1982
0.8946 8.1479
0.8888 7.2673
0.8828 6.5259
0.8765 5.8978
0.8701 5.3683
0.8635 4.9144
0.8569 4.5159
0.8500 4.1570
0.8429 3.8261
0.8353 3.5196
0.8273 3.2419
0.8189 2.9987
0.8103 2.7926
0.8021 2.6227
0.7943 2.4854
0.7874 2.3750
0.7812 2.2844
0.7759 2.2097
0.7714 2.1665
0.7687 2.1632
0.7681 2.1941
0.7696 2.2494
0.7727 2.3279
0.7773 2.4438
0.7835 2.5983
0.7909 2.7795
0.7988 2.9700
0.8064 3.1396
0.8126 3.2576
0.8169 3.3070
0.8195 3.3785
0.8236 3.7666
0.8335 4.6423
0.8481 5.7831
0.8630 6.9551
0.8754 8.0439
0.8846 9.0041
0.8911 9.8255
0.8956 10.5260
0.8987 11.1765
0.9012 11.8137
0.9032 12.3784
0.9048 12.7760
0.9059 12.7519
0.9060 12.3675
0.9060 13.5152
0.9088 16.9887
0.9131 19.8510
0.9167 21.4806
0.9192 22.2524
0.9204 22.4768
0.9209 22.0928
0.9207 21.1202
0.9198 19.3453
0.9180 17.1727
0.9155 15.2682
0.9126 13.9375
0.9100 13.2175
0.9081 12.7460
0.9064 12.0236
0.9043 11.0248
0.9013 9.8974
0.8973 8.7566
0.8920 7.6395
0.8855 6.6372
0.8778 5.7957
0.8694 5.1072
0.8604 4.5469
0.8512 4.0875
0.8420 3.7051
0.8327 3.3818
0.8234 3.1036
0.8142 2.8609
0.8049 2.6471
0.7955 2.4562
0.7860 2.2836
0.7763 2.1278
0.7666 1.9933
0.7573 1.8843
0.7489 1.8018
0.7418 1.7436
0.7364 1.7086
0.7335 1.7212
0.7350 1.8177
0.7426 1.9982
0.7551 2.2453
0.7704 2.5359
0.7860 2.8445
0.8002 3.1495
0.8123 3.4354
0.8220 3.6902
0.8296 3.9042
0.8356 4.1732
0.8426 4.7387
0.8516 5.4343
0.8608 6.0935
0.8688 6.6479
0.8748 7.0834
0.8792 7.4186
0.8822 7.7143
0.8845 7.9977
0.8862 8.0827
0.8868 7.8837
0.8859 7.5155
0.8838 7.1011
0.8810 6.7104
0.8779 6.4981
0.8784 8.2011
0.8877 12.1194
0.8994 15.7061
0.9087 18.4383
0.9147 20.4091
0.9182 21.7362
0.9201 22.4760
0.9209 22.6204
0.9211 22.1270
0.9207 20.5888
0.9190 17.2293
0.9155 14.0536
0.9105 11.7058
0.9049 10.2991
0.9001 9.6399
0.8966 9.2631
0.8941 8.7895
0.8914 8.0936
0.8875 7.2356
0.8820 6.3342
0.8746 5.4903
0.8656 4.7646
0.8553 4.1787
0.8445 3.7294
0.8341 3.4122
0.8251 3.2232
0.8186 3.1421
0.8150 3.1323
0.8139 3.1556
0.8141 3.1790
0.8147 3.1776
0.8148 3.1405
0.8138 3.0684
0.8116 2.9692
0.8085 2.9059
0.8082 3.1198
0.8139 3.5009
0.8230 3.8762
0.8333 4.3813
0.8441 4.9776
0.8542 5.5340
0.8624 6.0182
0.8688 6.4390
0.8736 6.8093
0.8772 7.1357
0.8801 7.4199
0.8823 7.6598
0.8840 7.7949
0.8848 7.6116
0.8838 7.1659
0.8815 6.8436
0.8794 6.8112
0.8785 6.9412
0.8790 7.1414
0.8802 7.3550
0.8817 7.5466
0.8832 7.6988
0.8843 7.8077
0.8852 7.8737
0.8857 7.8159
0.8851 7.4307
0.8827 6.8195
0.8785 6.1383
0.8725 5.4755
0.8651 4.8775
0.8576 4.7824
0.8629 8.1492
0.8809 12.4566
0.8974 15.8095
0.9085 18.2966
0.9149 20.1042
0.9183 21.3830
0.9200 22.2492
0.9208 22.6930
0.9212 22.5881
0.9209 21.0683
0.9197 18.6513
0.9173 16.0970
0.9139 13.7966
0.9097 11.9295
0.9052 10.6536
0.9011 10.1020
0.8986 10.0159
0.8974 9.9407
0.8966 9.6236
0.8952 9.0555
0.8929 8.3388
0.8893 7.5727
0.8848 6.9283
0.8807 6.7669
0.8789 7.0406
0.8798 7.4757
0.8822 7.8512
0.8847 8.0909
0.8864 8.0627
0.8863 7.5747
0.8839 6.9153
0.8797 6.3203
0.8748 5.8997
0.8703 5.6251
0.8665 5.3987
0.8632 5.1602
0.8597 4.8973
0.8558 4.6078
0.8511 4.3006
0.8456 3.9898
0.8391 3.6903
0.8319 3.4149
0.8245 3.2145
0.8199 3.3365
0.8224 3.7601
0.8308 4.3055
0.8416 4.8677
0.8519 5.3986
0.8604 5.8776
0.8671 6.2974
0.8721 6.6588
0.8758 6.9033
0.8778 6.8351
0.8776 6.5005
0.8753 6.0406
0.8712 5.5427
0.8657 5.0690
0.8594 4.6523
0.8527 4.2993
0.8461 4.0059
0.8397 3.7641
0.8337 3.5645
0.8283 3.4018
0.8235 3.2842
0.8198 3.2267
0.8177 3.2318
0.8174 3.2750
0.8185 3.3787
0.8225 3.7581
0.8359 5.7406
0.8622 10.2424
0.8874 14.7998
0.9045 18.4269
0.9142 20.6506
0.9187 21.4813
0.9203 21.1552
0.9202 20.2124
0.9193 19.0850
0.9179 17.8475
0.9162 16.3822
0.9142 15.0589
0.9120 13.9808
0.9098 13.0935
0.9076 12.2258
0.9051 11.2285
0.9021 10.1144
0.8981 8.9700
0.8931 7.8765
0.8870 6.8842
0.8798 6.0138
0.8717 5.2658
0.8626 4.6289
0.8528 4.1115
0.8439 3.9430
0.8400 4.1400
0.8417 4.4936
0.8467 4.8554
0.8524 5.1089
0.8567 5.1922
0.8588 5.1221
0.8586 4.9370
0.8565 4.7447
0.8546 4.8132
0.8551 5.0912
0.8580 5.4514
0.8622 5.8222
0.8666 6.1676
0.8706 6.4688
0.8739 6.7171
0.8764 6.9110
0.8783 7.0543
0.8796 7.1468
0.8803 7.0917
0.8797 6.7238
0.8772 6.2015
0.8729 5.7132
0.8681 5.3779
0.8639 5.2027
0.8609 5.0954
0.8586 4.9429
0.8560 4.6865
0.8517 4.2741
0.8448 3.8331
0.8378 3.8710
0.8418 5.3232
0.8572 7.0473
0.8728 8.2292
0.8838 8.9344
0.8904 9.4527
0.8943 9.9444
0.8967 10.3336
0.8983 10.6605
0.8998 11.2489
0.9015 11.8114
0.9031 12.2137
0.9044 12.4857
0.9052 12.5579
0.9055 12.3731
0.9051 11.8736
0.9038 11.0935
0.9015 10.1276
0.8982 9.0939
0.8938 8.1327
0.8888 7.3785
0.8838 6.8431
0.8790 6.2812
0.8735 5.6635
0.8671 5.0865
0.8597 4.5978
0.8520 4.2105
0.8445 3.9072
0.8375 3.6603
0.8310 3.4471
0.8248 3.2560
0.8188 3.0832
0.8129 2.9278
0.8070 2.7889
0.8013 2.6653
0.7958 2.5555
0.7906 2.4576
0.7855 2.3687
0.7806 2.2855
0.7758 2.2108
0.7731 2.3017
0.7797 2.7280
0.7957 3.3192
0.8148 3.9401
0.8321 4.5256
0.8457 5.0542
0.8559 5.5295
0.8633 5.9608
0.8688 6.3554
0.8731 6.7151
0.8765 7.0317
0.8792 7.2847
0.8812 7.4424
0.8825 7.4733
0.8829 7.3632
0.8823 7.1263
0.8807 6.7922
0.8781 6.4001
0.8748 6.0151
0.8710 5.6843
0.8672 5.4206
0.8638 5.2152
0.8609 5.0777
0.8597 5.4624
0.8679 8.6806
0.8855 13.9605
0.9018 18.7217
0.9128 22.3044
0.9191 24.5943
0.9223 25.7678
0.9235 25.9308
0.9238 25.2953
0.9234 24.1343
0.9225 22.4404
0.9212 20.2144
0.9191 17.9041
0.9165 15.7402
0.9134 13.9966
0.9102 12.8827
0.9075 12.3621
0.9057 11.9795
0.9038 10.7858
0.9001 9.1932
0.8943 7.8184
0.8872 6.8166
0.8800 6.1535
0.8733 5.6661
0.8672 5.2101
0.8609 4.7401
0.8537 4.2753
0.8454 3.8369
0.8359 3.4359
0.8252 3.0732
0.8134 2.7485
0.8006 2.4629
0.7871 2.2213
0.7734 2.0269
0.7604 1.8781
0.7489 1.7695
0.7393 1.6934
0.7319 1.6418
0.7265 1.6072
0.7227 1.5837
0.7202 1.5666
0.7183 1.5523
0.7168 1.5384
0.7153 1.5232
0.7137 1.5054
0.7118 1.4841
0.7095 1.4594
0.7077 1.4904
0.7174 1.8478
0.7456 2.5676
0.7831 3.5883
0.8186 4.7722
0.8463 5.9685
0.8657 7.1336
0.8788 8.3969
0.8880 9.6142
0.8945 10.6735
0.8990 11.5472
0.9022 12.2307
0.9044 12.7256
0.9059 13.0261
0.9067 13.0073
0.9067 12.6697
0.9061 12.2343
0.9051 11.8071
0.9042 12.1245
0.9064 16.3201
0.9119 21.0153
0.9172 24.7080
0.9212 27.4605
0.9238 29.3136
0.9253 30.1594
0.9259 29.6801
0.9256 26.7323
0.9242 22.6875
0.9217 19.3072
0.9187 17.2041
0.9161 16.2266
0.9141 15.5498
0.9125 14.5674
0.9105 13.1688
0.9075 11.5410
0.9033 9.9186
0.8977 8.4505
0.8908 7.1958
0.8826 6.1558
0.8734 5.3041
0.8634 4.6068
0.8525 4.0324
0.8411 3.5558
0.8291 3.1579
0.8167 2.8238
0.8039 2.5421
0.7910 2.3034
0.7780 2.1004
0.7652 1.9281
0.7526 1.7871
0.7411 1.6856
0.7320 1.6316
0.7263 1.6187
0.7240 1.6251
0.7239 1.6332
0.7247 1.6472
0.7263 1.6683
0.7284 1.6937
0.7310 1.7303
0.7372 1.9547
0.7568 2.5867
0.7865 3.4697
0.8171 4.5821
0.8440 6.0265
0.8654 7.5998
0.8807 9.1318
0.8912 10.5234
0.8980 11.6045
0.9022 12.2133
0.9044 12.4377
0.9053 12.4227
0.9055 12.2609
0.9051 11.9942
0.9043 11.6284
0.9032 11.1541
0.9017 10.6203
0.9000 10.1775
0.8983 9.8619
0.8969 9.5788
0.8956 9.4017
0.8959 11.0781
0.9016 15.7122
0.9093 19.8187
0.9157 22.8777
0.9199 25.0816
0.9224 26.6101
0.9238 27.3031
0.9243 26.6974
0.9240 24.1627
0.9224 20.4440
0.9196 17.2234
0.9160 14.9594
0.9125 13.7484
0.9097 13.2073
0.9078 12.7067
0.9061 11.8757
0.9038 10.7095
0.9002 9.3929
0.8952 8.1230
0.8887 6.9952
0.8809 6.0082
0.8718 5.1952
0.8619 4.5609
0.8519 4.0833
0.8422 3.7162
0.8331 3.4209
0.8245 3.1651
0.8160 2.9232
0.8069 2.6801
0.7967 2.4405
0.7854 2.2304
0.7738 2.0653
0.7631 1.9472
0.7542 1.8724
0.7478 1.8343
0.7442 1.8248
0.7428 1.8346
0.7433 1.8555
0.7449 1.8824
0.7471 1.9131
0.7496 1.9466
0.7523 1.9811
0.7548 2.0128
0.7572 2.0433
0.7599 2.1023
0.7642 2.2164
0.7710 2.3791
0.7797 2.5768
0.7898 2.8614
0.8040 3.5077
0.8232 4.4933
0.8436 5.6733
0.8615 6.9102
0.8753 8.0808
0.8851 9.0908
0.8916 9.8816
0.8959 10.4319
0.8984 10.7513
0.8998 10.8954
0.9006 11.0517
0.9012 11.2889
0.9018 11.5464
0.9026 11.9070
0.9042 13.6737
0.9088 18.6618
0.9146 22.9130
0.9194 25.7485
0.9224 27.3974
0.9241 28.0683
0.9248 27.8421
0.9248 26.7361
0.9242 24.6559
0.9227 20.8879
0.9199 17.3131
0.9161 14.6459
0.9119 13.1766
0.9087 12.6893
0.9067 12.4487
0.9054 11.8905
0.9036 10.8968
0.9007 9.6324
0.8961 8.3152
0.8897 7.0952
0.8817 6.0341
0.8721 5.1390
0.8611 4.3953
0.8488 3.7859
0.8356 3.2945
0.8217 2.9044
0.8077 2.5988
0.7942 2.3624
0.7817 2.1819
0.7706 2.0470
0.7612 1.9489
0.7537 1.8836
0.7502 1.9828
0.7595 2.4395
0.7808 3.0798
0.8051 3.7548
0.8264 4.3890
0.8427 4.9500
0.8541 5.4303
0.8622 5.9385
0.8691 6.6950
0.8759 7.5597
0.8823 8.3574
0.8875 8.9795
0.8913 9.3943
0.8938 9.6359
0.8952 9.7561
0.8959 9.7699
0.8959 9.5191
0.8949 8.9812
0.8926 8.3140
0.8893 7.6361
0.8852 7.0070
0.8805 6.4439
0.8756 5.9643
0.8712 5.8172
0.8694 6.0365
0.8705 6.4508
0.8737 6.9670
0.8779 7.5200
0.8822 8.0710
0.8862 8.7184
0.8902 9.5132
0.8941 10.4621
0.8992 13.7061
0.9069 18.5962
0.9140 22.2543
0.9189 24.3713
0.9216 24.5110
0.9224 23.2624
0.9219 21.4835
0.9205 19.6767
0.9186 17.7145
0.9162 15.6770
0.9132 13.9797
0.9103 13.2008
0.9083 13.1410
0.9074 13.0543
0.9068 12.5128
0.9054 11.5057
0.9028 10.2504
0.8987 8.9758
0.8933 7.8103
0.8868 6.7829
0.8791 5.8863
0.8703 5.1096
0.8604 4.4452
0.8495 3.8807
0.8376 3.4049
0.8248 3.0082
0.8116 2.7097
0.8018 2.7412
0.8020 3.1091
0.8114 3.6241
0.8249 4.1861
0.8384 4.7571
0.8501 5.3126
0.8594 5.8349
0.8667 6.3130
0.8722 6.7397
0.8765 7.0860
0.8793 7.1471
0.8800 6.8645
0.8783 6.3832
0.8745 5.8274
0.8691 5.2827
0.8626 4.8106
0.8556 4.4338
0.8489 4.1582
0.8439 4.1602
0.8439 4.5561
0.8490 5.1495
0.8569 5.8038
0.8652 6.4534
0.8725 7.0761
0.8786 7.6841
0.8836 8.3013
0.8878 8.9123
0.8912 9.4494
0.8940 9.8316
0.8959 10.0542
0.8971 10.2479
