-0.4986 0.027624
-0.5001 0.022909
-0.4996 0.018922
-0.4971 0.015567
-0.4927 0.012756
-0.4863 0.010412
-0.4781 0.008463
-0.4680 0.006850
-0.4562 0.005521
-0.4426 0.004429
-0.4272 0.003535
-0.4103 0.002807
-0.3918 0.002216
-0.3717 0.001739
-0.3502 0.001354
-0.3272 0.001046
-0.3026 0.000800
-0.2763 0.000604
-0.2479 0.000448
-0.2167 0.000324
-0.1811 0.000224
-0.1359 0.047878
-0.0692 0.024534
0.0228 -0.022840
0.1222 -0.127395
0.1858 -0.259650
0.1986 -0.278011
0.1882 -0.263714
0.1670 -0.234121
0.1421 -0.199294
0.1166 -0.163654
0.0914 -0.128354
0.0661 -0.092884
0.0397 -0.054311
0.0110 -0.014695
-0.0227 0.026689
-0.0644 0.067002
-0.1154 0.102909
-0.1724 0.127322
-0.2283 0.139495
-0.2779 0.140533
-0.3203 0.133956
-0.3559 0.123114
-0.3859 0.110384
-0.4111 0.097252
-0.4324 0.084580
-0.4503 0.072828
-0.4651 0.062207
-0.4773 0.052783
-0.4870 0.044530
-0.4944 0.037378
-0.4996 0.031231
-0.5027 0.025983
-0.5037 0.021529
-0.5028 0.017768
-0.4999 0.014607
-0.4951 0.011961
-0.4884 0.009756
-0.4798 0.007924
-0.4693 0.006410
-0.4571 0.005161
-0.4430 0.004137
-0.4273 0.003299
-0.4100 0.002617
-0.3910 0.002064
-0.3705 0.001617
-0.3485 0.001258
-0.3250 0.000970
-0.2999 0.000740
-0.2731 0.000557
-0.2440 0.000412
-0.2119 0.000296
-0.1751 0.000202
-0.1298 0.000124
-0.0599 0.021313
0.0403 -0.041185
0.1438 -0.150117
0.1990 -0.278145
0.2087 -0.292302
0.1949 -0.273098
0.1706 -0.239236
0.1434 -0.201177
0.1163 -0.163193
0.0898 -0.126114
0.0634 -0.089098
0.0358 -0.049595
0.0054 -0.007615
-0.0302 0.035369
-0.0744 0.076502
-0.1280 0.109068
-0.1862 0.131385
-0.2416 0.141073
-0.2901 0.140151
-0.3312 0.132352
-0.3658 0.120883
-0.3949 0.107921
-0.4195 0.094800
-0.4403 0.082274
-0.4578 0.070737
-0.4725 0.060360
-0.4845 0.051181
-0.4942 0.043163
-0.5016 0.036225
-0.5069 0.030269
-0.5101 0.025189
-0.5114 0.020879
-0.5107 0.017240
-0.5081 0.014182
-0.5036 0.011622
-0.4972 0.009487
-0.4888 0.007713
-0.4787 0.006245
-0.4666 0.005034
-0.4528 0.004039
-0.4372 0.003225
-0.4199 0.002561
-0.4010 0.002022
-0.3805 0.001586
-0.3584 0.001236
-0.3348 0.000954
-0.3096 0.000730
-0.2828 0.000551
-0.2538 0.000409
-0.2221 0.000296
-0.1861 0.000205
-0.1429 0.000130
-0.0837 0.029601
0.0094 -0.005800
0.1231 -0.128172
0.1957 -0.273359
0.2189 -0.306342
0.2103 -0.294622
0.1864 -0.261356
0.1577 -0.221161
0.1287 -0.180640
0.1009 -0.141576
0.0736 -0.103413
0.0458 -0.064503
0.0158 -0.021966
-0.0184 0.022713
-0.0603 0.064660
-0.1121 0.099713
-0.1707 0.125687
-0.2282 0.139066
-0.2793 0.140833
-0.3228 0.134631
-0.3593 0.123959
-0.3901 0.111290
-0.4161 0.098162
-0.4381 0.085468
-0.4568 0.073680
-0.4725 0.063020
-0.4856 0.053553
-0.4963 0.045257
-0.5048 0.038061
-0.5112 0.031870
-0.5156 0.026579
-0.5181 0.022081
-0.5186 0.018277
-0.5173 0.015074
-0.5141 0.012386
-0.5090 0.010140
-0.5021 0.008270
-0.4932 0.006718
-0.4826 0.005434
-0.4700 0.004376
-0.4556 0.003508
-0.4395 0.002798
-0.4216 0.002219
-0.4021 0.001750
-0.3809 0.001371
-0.3582 0.001066
-0.3339 0.000822
-0.3080 0.000627
-0.2803 0.000472
-0.2505 0.000349
-0.2176 0.000250
-0.1802 0.000172
-0.1346 0.000106
-0.0721 0.025555
0.0276 -0.027777
0.1392 -0.193552
0.2066 -0.288604
0.2262 -0.316652
0.2145 -0.300588
0.1884 -0.264116
0.1581 -0.221825
0.1283 -0.179984
0.0997 -0.140034
0.0720 -0.101166
0.0437 -0.061540
0.0130 -0.018362
-0.0221 0.027219
-0.0653 0.067798
-0.1186 0.102153
-0.1780 0.126902
-0.2353 0.138888
-0.2859 0.139590
-0.3287 0.132765
-0.3647 0.121820
-0.3950 0.109104
-0.4205 0.096067
-0.4422 0.083536
-0.4606 0.071945
-0.4761 0.061491
-0.4891 0.052225
-0.4996 0.044118
-0.5081 0.037094
-0.5145 0.031056
-0.5189 0.025899
-0.5214 0.021518
-0.5220 0.017814
-0.5208 0.014695
-0.5177 0.012079
-0.5128 0.009892
-0.5060 0.008071
-0.4974 0.006559
-0.4868 0.005309
-0.4745 0.004278
-0.4602 0.003431
-0.4442 0.002738
-0.4264 0.002173
-0.4069 0.001715
-0.3858 0.001344
-0.3630 0.001046
-0.3387 0.000807
-0.3128 0.000616
-0.2852 0.000465
-0.2554 0.000344
-0.2228 0.000248
-0.1859 0.000171
-0.1414 0.000108
-0.0818 0.000052
0.0124 -0.011782
0.1261 -0.175130
0.2020 -0.282097
0.2284 -0.319736
0.2201 -0.308400
0.1948 -0.273173
0.1644 -0.230530
0.1339 -0.187938
0.1050 -0.147382
0.0770 -0.108258
0.0489 -0.068819
0.0187 -0.026546
-0.0155 0.019429
-0.0570 0.060774
-0.1088 0.096207
-0.1678 0.122888
-0.2261 0.137060
-0.2780 0.139456
-0.3222 0.133684
-0.3593 0.123294
-0.3905 0.110810
-0.4168 0.097811
-0.4391 0.085209
-0.4580 0.073492
-0.4740 0.062886
-0.4873 0.053463
-0.4983 0.045202
-0.5071 0.038035
-0.5139 0.031868
-0.5187 0.026595
-0.5215 0.022112
-0.5226 0.018320
-0.5218 0.015124
-0.5192 0.012443
-0.5147 0.010200
-0.5085 0.008331
-0.5004 0.006779
-0.4904 0.005494
-0.4787 0.004434
-0.4651 0.003562
-0.4498 0.002848
-0.4327 0.002265
-0.4139 0.001792
-0.3935 0.001409
-0.3715 0.001100
-0.3479 0.000852
-0.3228 0.000653
-0.2959 0.000495
-0.2671 0.000370
-0.2359 0.000270
-0.2010 0.000190
-0.1601 0.000125
-0.1079 0.000070
-0.0296 0.010727
0.0845 -0.087512
0.1786 -0.249029
0.2228 -0.311617
0.2255 -0.315874
0.2052 -0.287605
0.1760 -0.246896
0.1456 -0.204195
0.1163 -0.163151
0.0882 -0.123933
0.0606 -0.085177
0.0317 -0.044758
-0.0003 -0.000043
-0.0380 0.043957
-0.0851 0.081772
-0.1415 0.112709
-0.2009 0.132436
-0.2558 0.139565
-0.3032 0.136867
-0.3432 0.128123
-0.3768 0.116321
-0.4050 0.103413
-0.4290 0.090568
-0.4493 0.078432
-0.4664 0.067332
-0.4809 0.057397
-0.4928 0.048640
-0.5026 0.041011
-0.5102 0.034423
-0.5158 0.028776
-0.5195 0.023964
-0.5213 0.019884
-0.5213 0.016440
-0.5194 0.013545
-0.5158 0.011120
-0.5103 0.009097
-0.5029 0.007413
-0.4937 0.006017
-0.4826 0.004864
-0.4697 0.003914
-0.4550 0.003135
-0.4385 0.002498
-0.4203 0.001980
-0.4004 0.001560
-0.3788 0.001220
-0.3557 0.000947
-0.3310 0.000729
-0.3046 0.000555
-0.2763 0.000416
-0.2457 0.000306
-0.2119 0.000218
-0.1730 0.000147
-0.1249 0.000088
-0.0569 0.020249
0.0499 -0.051148
0.1558 -0.216873
0.2152 -0.300807
0.2284 -0.319868
0.2131 -0.298643
0.1854 -0.259996
0.1548 -0.217157
0.1250 -0.175423
0.0967 -0.135725
0.0690 -0.097028
0.0407 -0.057396
0.0099 -0.014092
-0.0256 0.031106
-0.0695 0.070377
-0.1236 0.103683
-0.1830 0.127128
-0.2399 0.137909
-0.2897 0.137806
-0.3319 0.130575
-0.3672 0.119505
-0.3970 0.106837
-0.4222 0.093944
-0.4435 0.081604
-0.4615 0.070223
-0.4767 0.059978
-0.4894 0.050912
-0.4998 0.042989
-0.5080 0.036131
-0.5143 0.030241
-0.5186 0.025214
-0.5210 0.020946
-0.5216 0.017340
-0.5204 0.014305
-0.5175 0.011760
-0.5127 0.009634
-0.5061 0.007863
-0.4977 0.006393
-0.4874 0.005178
-0.4754 0.004175
-0.4615 0.003352
-0.4459 0.002677
-0.4285 0.002127
-0.4094 0.001681
-0.3886 0.001319
-0.3663 0.001028
-0.3423 0.000795
-0.3167 0.000608
-0.2894 0.000459
-0.2599 0.000341
-0.2278 0.000247
-0.1914 0.000172
-0.1481 0.000110
-0.0910 0.000056
-0.0019 0.002110
0.1134 -0.157353
0.1953 -0.272616
0.2270 -0.317683
0.2219 -0.310942
0.1982 -0.277916
0.1683 -0.236113
0.1381 -0.193815
0.1093 -0.153479
0.0817 -0.114752
0.0540 -0.076056
0.0248 -0.035147
-0.0080 0.010048
-0.0473 0.052162
-0.0965 0.088379
-0.1542 0.116996
-0.2131 0.133823
-0.2665 0.138505
-0.3122 0.134251
-0.3507 0.124720
-0.3830 0.112646
-0.4103 0.099779
-0.4334 0.087148
-0.4529 0.075313
-0.4694 0.064547
-0.4833 0.054948
-0.4948 0.046513
-0.5041 0.039181
-0.5113 0.032861
-0.5166 0.027451
-0.5200 0.022847
-0.5216 0.018949
-0.5213 0.015661
-0.5193 0.012899
-0.5155 0.010587
-0.5099 0.008659
-0.5025 0.007056
-0.4933 0.005727
-0.4823 0.004629
-0.4694 0.003726
-0.4548 0.002984
-0.4383 0.002378
-0.4201 0.001885
-0.4003 0.001485
-0.3787 0.001162
-0.3556 0.000902
-0.3308 0.000694
-0.3044 0.000528
-0.2760 0.000396
-0.2453 0.000291
-0.2112 0.000207
-0.1720 0.000140
-0.1231 0.000083
-0.0537 0.019119
0.0553 -0.056760
0.1594 -0.221932
0.2164 -0.302501
0.2279 -0.319067
0.2118 -0.296796
0.1840 -0.258082
0.1537 -0.215600
0.1242 -0.174326
0.0962 -0.135070
0.0689 -0.096780
0.0408 -0.057548
0.0103 -0.014686
-0.0248 0.030061
-0.0682 0.068969
-0.1218 0.102086
-0.1810 0.125622
-0.2380 0.136661
-0.2880 0.136828
-0.3303 0.129817
-0.3658 0.118912
-0.3957 0.106369
-0.4209 0.093569
-0.4423 0.081302
-0.4604 0.069979
-0.4757 0.059781
-0.4884 0.050754
-0.4989 0.042863
-0.5072 0.036032
-0.5135 0.030165
-0.5180 0.025157
-0.5205 0.020905
-0.5213 0.017311
-0.5203 0.014286
-0.5176 0.011749
-0.5130 0.009630
-0.5067 0.007864
-0.4986 0.006398
-0.4886 0.005185
-0.4769 0.004184
-0.4633 0.003361
-0.4480 0.002687
-0.4309 0.002137
-0.4121 0.001690
-0.3916 0.001328
-0.3695 0.001036
-0.3458 0.000802
-0.3204 0.000614
-0.2933 0.000465
-0.2640 0.000346
-0.2322 0.000252
-0.1964 0.000176
-0.1540 0.000114
-0.0990 0.000061
-0.0140 0.010566
0.1017 -0.140865
0.1883 -0.262738
0.2245 -0.314139
0.2224 -0.311586
0.2003 -0.280791
0.1711 -0.240001
0.1412 -0.198155
0.1127 -0.158120
0.0853 -0.119771
0.0581 -0.081680
0.0295 -0.041743
-0.0022 0.002466
-0.0398 0.045091
-0.0868 0.081796
-0.1432 0.111749
-0.2023 0.130674
-0.2568 0.137314
-0.3039 0.134422
-0.3436 0.125690
-0.3768 0.114017
-0.4049 0.101301
-0.4286 0.088672
-0.4487 0.076757
-0.4657 0.065871
-0.4799 0.056134
-0.4917 0.047559
-0.5014 0.040093
-0.5089 0.033650
-0.5145 0.028129
-0.5182 0.023427
-0.5202 0.019442
-0.5203 0.016080
-0.5187 0.013254
-0.5153 0.010887
-0.5101 0.008912
-0.5032 0.007269
-0.4945 0.005906
-0.4840 0.004779
-0.4717 0.003851
-0.4576 0.003089
-0.4417 0.002466
-0.4242 0.001958
-0.4049 0.001545
-0.3840 0.001212
-0.3614 0.000943
-0.3373 0.000728
-0.3114 0.000556
-0.2837 0.000419
-0.2538 0.000310
-0.2209 0.000223
-0.1835 0.000153
-0.1380 0.000095
-0.0765 0.000044
0.0232 -0.015423
0.1356 -0.188479
0.2043 -0.285376
0.2250 -0.314972
0.2144 -0.300479
0.1894 -0.265487
0.1600 -0.224483
0.1310 -0.183777
0.1033 -0.144939
0.0764 -0.107327
0.0492 -0.069313
0.0202 -0.028466
-0.0127 0.015771
-0.0524 0.056389
-0.1023 0.091222
-0.1600 0.118203
-0.2181 0.133396
-0.2705 0.136893
-0.3153 0.131983
-0.3529 0.122190
-0.3845 0.110100
-0.4112 0.097356
-0.4337 0.084919
-0.4528 0.073308
-0.4689 0.062772
-0.4824 0.053395
-0.4935 0.045167
-0.5025 0.038023
-0.5094 0.031872
-0.5144 0.026611
-0.5175 0.022137
-0.5189 0.018352
-0.5184 0.015161
-0.5163 0.012483
-0.5123 0.010243
-0.5066 0.008375
-0.4992 0.006823
-0.4900 0.005537
-0.4790 0.004476
-0.4662 0.003602
-0.4517 0.002886
-0.4354 0.002300
-0.4174 0.001823
-0.3978 0.001437
-0.3765 0.001124
-0.3536 0.000873
-0.3292 0.000672
-0.3029 0.000512
-0.2748 0.000384
-0.2443 0.000282
-0.2104 0.000201
-0.1713 0.000135
-0.1225 0.000080
-0.0513 0.036597
0.0588 -0.040350
0.1608 -0.224037
0.2125 -0.297091
0.2213 -0.309858
0.2052 -0.287556
0.1787 -0.250615
0.1499 -0.210262
0.1218 -0.170874
0.0948 -0.133156
0.0684 -0.096151
0.0412 -0.058107
0.0117 -0.016237
-0.0223 0.027265
-0.0642 0.066002
-0.1162 0.098990
-0.1745 0.123072
-0.2313 0.135038
-0.2816 0.136046
-0.3244 0.129621
-0.3603 0.119073
-0.3905 0.106722
-0.4160 0.094009
-0.4376 0.081764
-0.4558 0.070425
-0.4711 0.060192
-0.4839 0.051121
-0.4944 0.043183
-0.5027 0.036307
-0.5090 0.030398
-0.5134 0.025353
-0.5160 0.021068
-0.5168 0.017447
-0.5158 0.014398
-0.5131 0.011842
-0.5087 0.009706
-0.5024 0.007928
-0.4945 0.006451
-0.4847 0.005229
-0.4732 0.004221
-0.4600 0.003392
-0.4450 0.002713
-0.4283 0.002159
-0.4099 0.001709
-0.3899 0.001344
-0.3682 0.001050
-0.3450 0.000813
-0.3202 0.000624
-0.2935 0.000473
-0.2649 0.000353
-0.2336 0.000257
-0.1985 0.000181
-0.1571 0.000119
-0.1039 0.000065
-0.0192 0.014166
0.0966 -0.100303
0.1815 -0.253315
0.2161 -0.302361
0.2146 -0.300677
0.1945 -0.272583
0.1674 -0.234754
0.1393 -0.195427
0.1122 -0.157385
0.0859 -0.120666
0.0598 -0.084066
0.0324 -0.045721
0.0021 -0.003169
-0.0335 0.039302
-0.0779 0.076096
-0.1320 0.106784
-0.1903 0.127447
-0.2454 0.135993
-0.2934 0.134539
-0.3340 0.126689
-0.3681 0.115473
-0.3968 0.102935
-0.4210 0.090314
-0.4415 0.078313
-0.4588 0.067290
-0.4733 0.057396
-0.4853 0.048661
-0.4950 0.041042
-0.5026 0.034457
-0.5083 0.028810
-0.5120 0.023997
-0.5139 0.019915
-0.5140 0.016471
-0.5124 0.013575
-0.5090 0.011150
-0.5038 0.009126
-0.4969 0.007442
-0.4883 0.006046
-0.4778 0.004892
-0.4657 0.003942
-0.4518 0.003162
-0.4361 0.002524
-0.4188 0.002004
-0.3999 0.001582
-0.3793 0.001241
-0.3571 0.000966
-0.3334 0.000746
-0.3079 0.000570
-0.2806 0.000429
-0.2511 0.000318
-0.2185 0.000229
-0.1812 0.000157
-0.1359 0.000097
-0.0714 0.025300
0.0300 -0.020205
0.1405 -0.195443
0.2000 -0.279557
0.2155 -0.301769
0.2041 -0.285987
0.1804 -0.252975
0.1532 -0.214838
0.1260 -0.176772
0.0998 -0.140053
0.0741 -0.104096
0.0479 -0.067436
0.0198 -0.027360
-0.0121 0.014651
-0.0507 0.055308
-0.0990 0.089585
-0.1554 0.116469
-0.2128 0.132044
-0.2651 0.136065
-0.3099 0.131586
-0.3476 0.122080
-0.3793 0.110160
-0.4059 0.097502
-0.4284 0.085097
-0.4475 0.073488
-0.4634 0.062935
-0.4767 0.053533
-0.4876 0.045275
-0.4963 0.038103
-0.5029 0.031925
-0.5076 0.026642
-0.5104 0.022149
-0.5113 0.018348
-0.5105 0.015146
-0.5079 0.012460
-0.5035 0.010214
-0.4974 0.008342
-0.4895 0.006788
-0.4799 0.005502
-0.4685 0.004442
-0.4554 0.003570
-0.4405 0.002855
-0.4240 0.002272
-0.4058 0.001798
-0.3860 0.001414
-0.3646 0.001105
-0.3416 0.000856
-0.3170 0.000657
-0.2906 0.000498
-0.2621 0.000371
-0.2310 0.000271
-0.1960 0.000190
-0.1546 0.000124
-0.1001 0.035325
-0.0124 0.009438
0.1018 -0.105815
0.1815 -0.253334
0.2109 -0.295139
0.2076 -0.290884
0.1878 -0.263245
0.1619 -0.227030
0.1350 -0.189419
0.1089 -0.152808
0.0834 -0.117183
0.0579 -0.081406
0.0309 -0.043292
0.0011 -0.001878
-0.0341 0.039609
-0.0780 0.076409
-0.1314 0.106633
-0.1891 0.127014
-0.2437 0.135470
-0.2914 0.134030
-0.3318 0.126228
-0.3657 0.115064
-0.3942 0.102571
-0.4182 0.089989
-0.4385 0.078018
-0.4556 0.067020
-0.4698 0.057148
-0.4815 0.048431
-0.4909 0.040828
-0.4982 0.034259
-0.5035 0.028626
-0.5068 0.023826
-0.5083 0.019757
-0.5079 0.016325
-0.5058 0.013441
-0.5019 0.011028
-0.4962 0.009015
-0.4887 0.007342
-0.4795 0.005956
-0.4686 0.004813
-0.4559 0.003872
-0.4415 0.003100
-0.4254 0.002470
-0.4076 0.001957
-0.3883 0.001541
-0.3673 0.001206
-0.3448 0.000936
-0.3206 0.000720
-0.2947 0.000547
-0.2669 0.000410
-0.2365 0.000300
-0.2025 0.000213
-0.1628 0.000141
-0.1124 0.039645
-0.0309 0.022318
0.0795 -0.054849
0.1698 -0.236929
0.2060 -0.288168
0.2072 -0.290227
0.1898 -0.266057
0.1651 -0.231475
0.1387 -0.194562
0.1128 -0.158298
0.0876 -0.123002
0.0624 -0.087734
0.0361 -0.050662
0.0072 -0.009741
-0.0265 0.031124
-0.0682 0.069596
-0.1195 0.101116
-0.1766 0.123718
-0.2321 0.134535
-0.2811 0.134856
-0.3229 0.128105
-0.3579 0.117452
-0.3874 0.105120
-0.4122 0.092489
-0.4331 0.080355
-0.4506 0.069139
-0.4653 0.059028
-0.4773 0.050074
-0.4870 0.042246
-0.4946 0.035471
-0.5000 0.029653
-0.5036 0.024691
-0.5052 0.020481
-0.5050 0.016928
-0.5029 0.013940
-0.4991 0.011439
-0.4935 0.009352
-0.4862 0.007617
-0.4770 0.006180
-0.4662 0.004994
-0.4536 0.004017
-0.4393 0.003217
-0.4233 0.002563
-0.4056 0.002031
-0.3864 0.001600
-0.3655 0.001251
-0.3431 0.000971
-0.3191 0.000747
-0.2934 0.000568
-0.2657 0.000425
-0.2354 0.000312
-0.2016 0.000221
-0.1619 0.000147
-0.1111 0.039184
-0.0290 0.021023
0.0802 -0.055395
0.1697 -0.236837
0.2041 -0.285581
0.2047 -0.286769
0.1875 -0.262764
0.1631 -0.228745
0.1372 -0.192430
0.1117 -0.156665
0.0867 -0.121750
0.0617 -0.086769
0.0355 -0.049792
0.0069 -0.009218
-0.0267 0.031175
-0.0682 0.069872
-0.1192 0.101243
-0.1760 0.123745
-0.2312 0.134526
-0.2802 0.134849
-0.3218 0.128107
-0.3567 0.117460
-0.3861 0.105128
-0.4108 0.092494
-0.4316 0.080354
-0.4490 0.069130
-0.4635 0.059012
-0.4755 0.050050
-0.4850 0.042216
-0.4924 0.035436
-0.4977 0.029615
-0.5010 0.024651
-0.5024 0.020440
-0.5020 0.016886
-0.4997 0.013899
-0.4957 0.011399
-0.4898 0.009314
-0.4822 0.007581
-0.4728 0.006147
-0.4617 0.004963
-0.4489 0.003989
-0.4343 0.003192
-0.4181 0.002541
-0.4003 0.002011
-0.3809 0.001582
-0.3599 0.001236
-0.3373 0.000958
-0.3131 0.000735
-0.2872 0.000558
-0.2592 0.000416
-0.2285 0.000304
-0.1939 0.000213
-0.1529 0.000139
-0.0976 0.034465
-0.0091 0.007076
0.1014 -0.070265
0.1792 -0.250172
0.2048 -0.286616
0.2006 -0.281080
0.1815 -0.254479
0.1569 -0.220036
0.1313 -0.184122
0.1061 -0.148881
0.0814 -0.114305
0.0564 -0.079344
0.0300 -0.041535
0.0008 -0.001338
-0.0340 0.039026
-0.0771 0.076553
-0.1295 0.106486
-0.1863 0.126813
-0.2403 0.135392
-0.2877 0.134105
-0.3279 0.126411
-0.3616 0.115299
-0.3899 0.102816
-0.4138 0.090215
-0.4338 0.078211
-0.4506 0.067173
-0.4645 0.057259
-0.4759 0.048503
-0.4849 0.040864
-0.4917 0.034265
-0.4965 0.028606
-0.4993 0.023786
-0.5002 0.019703
-0.4992 0.016260
-0.4964 0.013369
-0.4918 0.010952
-0.4854 0.008938
-0.4773 0.007266
-0.4674 0.005883
-0.4558 0.004744
-0.4424 0.003807
-0.4274 0.003041
-0.4107 0.002416
-0.3924 0.001909
-0.3726 0.001499
-0.3512 0.001168
-0.3282 0.000903
-0.3035 0.000690
-0.2771 0.000521
-0.2484 0.000386
-0.2167 0.000279
-0.1804 0.000192
-0.1362 0.000120
-0.0697 0.049414
0.0281 -0.018877
0.1367 -0.142651
0.1925 -0.269073
0.2054 -0.287626
0.1945 -0.272544
0.1727 -0.242134
0.1475 -0.206831
0.1220 -0.171167
0.0971 -0.136326
0.0725 -0.101849
0.0472 -0.066451
0.0200 -0.026952
-0.0107 0.012673
-0.0481 0.053526
-0.0944 0.088164
-0.1490 0.115193
-0.2053 0.131419
-0.2571 0.136186
-0.3019 0.132258
-0.3396 0.123061
-0.3713 0.111261
