-0.0289 0.032901
-0.0731 0.072416
-0.1274 0.104652
-0.1869 0.127114
-0.2436 0.137145
-0.2934 0.136611
-0.3354 0.129201
-0.3707 0.118105
-0.4004 0.105493
-0.4255 0.092691
-0.4466 0.080455
-0.4644 0.069178
-0.4793 0.059032
-0.4915 0.050056
-0.5013 0.042215
-0.5089 0.035431
-0.5143 0.029609
-0.5177 0.024643
-0.5191 0.020431
-0.5186 0.016876
-0.5161 0.013889
-0.5118 0.011388
-0.5057 0.009303
-0.4977 0.007570
-0.4879 0.006136
-0.4763 0.004953
-0.4629 0.003980
-0.4478 0.003184
-0.4311 0.002534
-0.4127 0.002006
-0.3929 0.001579
-0.3715 0.001235
-0.3487 0.000958
-0.3244 0.000737
-0.2987 0.000561
-0.2712 0.000421
-0.2416 0.000310
-0.2094 0.000223
-0.1735 0.000153
-0.1252 0.044081
-0.0615 0.021812
0.0240 -0.024214
0.1154 -0.120354
0.1709 -0.238795
0.1878 -0.262859
0.1817 -0.254527
0.1636 -0.229294
0.1405 -0.197073
0.1160 -0.162781
0.0912 -0.128066
0.0660 -0.092736
0.0396 -0.053651
0.0106 -0.014163
-0.0236 0.027120
-0.0662 0.067459
-0.1189 0.100478
-0.1779 0.124428
-0.2351 0.136112
-0.2856 0.136832
-0.3285 0.130180
-0.3645 0.119460
-0.3947 0.106978
-0.4201 0.094160
-0.4416 0.081827
-0.4595 0.070414
-0.4745 0.060117
-0.4867 0.050991
-0.4965 0.043008
-0.5039 0.036096
-0.5092 0.030159
-0.5124 0.025094
-0.5136 0.020797
-0.5129 0.017170
-0.5102 0.014123
-0.5056 0.011572
-0.4991 0.009446
-0.4908 0.007680
-0.4807 0.006219
-0.4688 0.005015
-0.4551 0.004026
-0.4398 0.003217
-0.4229 0.002557
-0.4043 0.002022
-0.3843 0.001589
-0.3628 0.001240
-0.3399 0.000961
-0.3155 0.000738
-0.2897 0.000560
-0.2623 0.000419
-0.2331 0.000308
-0.2017 0.000220
-0.1669 0.000151
-0.1209 0.042571
-0.0592 0.020982
0.0247 -0.024988
0.1155 -0.120438
0.1718 -0.240004
0.1899 -0.265758
0.1843 -0.258149
0.1659 -0.232618
0.1423 -0.199574
0.1171 -0.164338
0.0917 -0.128742
0.0659 -0.092622
0.0389 -0.053005
0.0093 -0.012554
-0.0255 0.029389
-0.0690 0.069994
-0.1224 0.102956
-0.1815 0.126387
-0.2383 0.137353
-0.2883 0.137458
-0.3306 0.130376
-0.3660 0.119387
-0.3957 0.106746
-0.4207 0.093842
-0.4417 0.081470
-0.4593 0.070046
-0.4738 0.059756
-0.4857 0.050646
-0.4951 0.042686
-0.5021 0.035799
-0.5070 0.029887
-0.5098 0.024847
-0.5105 0.020575
-0.5093 0.016971
-0.5061 0.013944
-0.5010 0.011413
-0.4940 0.009305
-0.4852 0.007556
-0.4745 0.006111
-0.4621 0.004920
-0.4479 0.003944
-0.4321 0.003146
-0.4146 0.002496
-0.3957 0.001969
-0.3752 0.001544
-0.3533 0.001202
-0.3301 0.000929
-0.3056 0.000711
-0.2800 0.000539
-0.2532 0.000403
-0.2251 0.000296
-0.1953 0.000213
-0.1627 0.000146
-0.1247 0.000093
-0.0757 0.000047
-0.0007 0.001137
0.0935 -0.097227
0.1642 -0.229199
0.1974 -0.276161
0.2000 -0.280160
0.1836 -0.257352
0.1585 -0.222223
0.1307 -0.183396
0.1028 -0.144374
0.0751 -0.105571
0.0467 -0.065759
0.0159 -0.022562
-0.0193 0.023856
-0.0622 0.066983
-0.1151 0.102787
-0.1743 0.128876
-0.2319 0.141874
-0.2827 0.143107
-0.3257 0.136406
-0.3618 0.125318
-0.3921 0.112310
-0.4176 0.098909
-0.4391 0.085992
-0.4571 0.074023
-0.4721 0.063215
-0.4844 0.053629
-0.4941 0.045238
-0.5016 0.037968
-0.5068 0.031720
-0.5099 0.026387
-0.5109 0.021862
-0.5099 0.018041
-0.5069 0.014829
-0.5020 0.012142
-0.4951 0.009902
-0.4863 0.008043
-0.4757 0.006505
-0.4632 0.005238
-0.4490 0.004198
-0.4331 0.003348
-0.4155 0.002656
-0.3964 0.002095
-0.3758 0.001642
-0.3538 0.001278
-0.3306 0.000988
-0.3065 0.000757
-0.2815 0.000575
-0.2559 0.000432
-0.2294 0.000321
-0.2018 0.000233
-0.1721 0.000164
-0.1381 0.000109
-0.0956 0.000063
-0.0352 0.000019
0.0546 -0.037513
0.1446 -0.151020
0.2030 -0.212719
0.2239 -0.235013
0.2164 -0.227451
0.1937 -0.203692
0.1652 -0.173750
0.1356 -0.142674
0.1064 -0.112026
0.0773 -0.081424
0.0467 -0.049353
0.0123 -0.013352
-0.0291 0.026790
-0.0821 0.063086
-0.1468 0.093561
-0.2143 0.113085
-0.2751 0.120146
-0.3261 0.117828
-0.3679 0.109965
-0.4021 0.099412
-0.4303 0.087963
-0.4535 0.076658
-0.4726 0.066057
-0.4882 0.056426
-0.5008 0.047860
-0.5107 0.040356
-0.5181 0.033855
-0.5233 0.028272
-0.5263 0.023512
-0.5273 0.019475
-0.5262 0.016071
-0.5232 0.013211
-0.5182 0.010820
-0.5114 0.008828
-0.5026 0.007174
-0.4920 0.005806
-0.4795 0.004679
-0.4652 0.003754
-0.4492 0.002997
-0.4316 0.002381
-0.4123 0.001881
-0.3916 0.001477
-0.3694 0.001152
-0.3461 0.000893
-0.3218 0.000686
-0.2967 0.000523
-0.2711 0.000395
-0.2447 0.000295
-0.2175 0.000217
-0.1882 0.066183
-0.1432 0.050370
-0.0911 0.032126
-0.0237 0.008566
0.0620 -0.064201
0.1295 -0.180658
0.1629 -0.227816
0.1695 -0.237324
0.1601 -0.224283
0.1426 -0.199912
0.1217 -0.170707
0.0995 -0.139634
0.0765 -0.107478
0.0527 -0.071155
0.0272 -0.035445
-0.0022 0.002386
-0.0380 0.041010
-0.0836 0.074904
-0.1393 0.103354
-0.1987 0.122078
-0.2543 0.129276
-0.3024 0.127199
-0.3429 0.119298
-0.3767 0.108390
-0.4050 0.096352
-0.4286 0.084317
-0.4482 0.072920
-0.4645 0.062484
-0.4778 0.053140
-0.4883 0.044908
-0.4963 0.037743
-0.5020 0.031564
-0.5054 0.026277
-0.5067 0.021781
-0.5058 0.017979
-0.5029 0.014781
-0.4980 0.012102
-0.4911 0.009868
-0.4822 0.008012
-0.4715 0.006477
-0.4588 0.005212
-0.4444 0.004173
-0.4282 0.003325
-0.4103 0.002635
-0.3908 0.002075
-0.3698 0.001624
-0.3474 0.001261
-0.3237 0.000972
-0.2988 0.000742
-0.2729 0.000560
-0.2460 0.000418
-0.2180 0.000306
-0.1882 0.000218
-0.1554 0.000149
-0.1165 0.000093
-0.0652 0.000043
0.0110 -0.003521
0.1055 -0.109910
0.1779 -0.186239
0.2143 -0.224824
0.2187 -0.229758
0.1928 -0.270340
0.1611 -0.226016
0.1298 -0.182152
0.0998 -0.140140
0.0705 -0.099177
0.0406 -0.057298
0.0081 -0.011782
-0.0293 0.040099
-0.0736 0.089343
-0.1252 0.133546
-0.1788 0.168715
-0.2277 0.191563
-0.2686 0.203240
-0.3016 0.206984
-0.3292 0.188485
-0.3542 0.167718
-0.3768 0.147546
-0.3972 0.128582
-0.4153 0.111163
-0.4312 0.095435
-0.4449 0.081425
-0.4565 0.069080
-0.4659 0.058301
-0.4732 0.048962
-0.4784 0.040925
-0.4814 0.034052
-0.4823 0.028207
-0.4810 0.023261
-0.4776 0.019097
-0.4721 0.015608
-0.4644 0.012697
-0.4547 0.010279
-0.4431 0.008281
-0.4294 0.006637
-0.4139 0.005289
-0.3966 0.004191
-0.3777 0.003299
-0.3571 0.002579
-0.3350 0.002001
-0.3115 0.001539
-0.2870 0.001172
-0.2614 0.000883
-0.2352 0.000657
-0.2088 0.000482
-0.1834 0.000350
-0.1603 0.000253
-0.1407 0.000184
-0.1257 0.000136
-0.1099 0.077191
-0.0837 0.088248
-0.0570 0.060121
-0.0309 0.032675
-0.0049 0.005423
0.0199 -0.020697
0.0419 -0.043825
0.0591 -0.061949
0.0704 -0.073817
0.0755 -0.079273
0.0751 -0.078933
0.0701 -0.073673
0.0615 -0.059566
0.0508 -0.040757
0.0376 -0.024983
0.0205 -0.011328
-0.0027 0.001095
-0.0355 0.013149
-0.0824 0.025347
-0.1443 0.036756
-0.2127 0.044848
-0.2763 0.048233
-0.3301 0.047673
-0.3735 0.044620
-0.4078 0.040289
-0.4344 0.035490
-0.4546 0.030711
-0.4694 0.026223
-0.4796 0.022157
-0.4859 0.018562
-0.4888 0.015438
-0.4885 0.012758
-0.4854 0.010482
-0.4797 0.008565
-0.4716 0.006962
-0.4612 0.005630
-0.4488 0.004530
-0.4343 0.003625
-0.4181 0.002885
-0.4001 0.002283
-0.3805 0.001796
-0.3595 0.001402
-0.3370 0.001087
-0.3133 0.000836
-0.2886 0.000637
-0.2634 0.000480
-0.2385 0.000360
-0.2015 0.070915
-0.1649 0.058023
-0.1297 0.045618
-0.0939 0.033070
-0.0554 0.019579
-0.0096 0.007085
0.0411 -0.042678
0.0864 -0.090351
0.1147 -0.160334
0.1233 -0.172617
0.1206 -0.168873
0.1105 -0.154823
0.0964 -0.129980
0.0803 -0.104199
0.0623 -0.078224
0.0419 -0.051252
0.0182 -0.021778
-0.0103 0.010867
-0.0465 0.044041
-0.0926 0.078415
-0.1469 0.109492
-0.2032 0.125409
-0.2555 0.130448
-0.3007 0.127018
-0.3388 0.118361
-0.3706 0.107067
-0.3970 0.094858
-0.4189 0.082772
-0.4370 0.071392
-0.4516 0.061009
-0.4632 0.051737
-0.4719 0.043587
-0.4780 0.036507
-0.4816 0.030415
-0.4829 0.025213
-0.4818 0.020802
-0.4785 0.017083
-0.4731 0.013964
-0.4655 0.011362
-0.4559 0.009201
-0.4443 0.007414
-0.4309 0.005944
-0.4156 0.004741
-0.3985 0.003759
-0.3798 0.002962
-0.3595 0.002319
-0.3377 0.001801
-0.3143 0.001386
-0.2894 0.001055
-0.2632 0.000794
-0.2361 0.000589
-0.2092 0.000431
-0.1833 0.000313
-0.1507 0.053045
-0.1160 0.040839
-0.0799 0.028183
-0.0371 0.026359
0.0170 -0.017261
0.0734 -0.076553
0.1184 -0.123942
0.1391 -0.194653
0.1397 -0.195661
0.1302 -0.182440
0.1150 -0.161196
0.0967 -0.135648
0.0767 -0.104986
0.0557 -0.073265
0.0327 -0.041640
0.0062 -0.007683
-0.0259 0.027106
-0.0667 0.062111
-0.1170 0.096556
-0.1732 0.118310
-0.2283 0.129064
-0.2773 0.129712
-0.3189 0.123400
-0.3537 0.113177
-0.3825 0.101228
-0.4064 0.088930
-0.4260 0.077086
-0.4419 0.066122
-0.4545 0.056236
-0.4641 0.047485
-0.4710 0.039843
-0.4752 0.033242
-0.4770 0.027589
-0.4764 0.022784
-0.4735 0.018724
-0.4684 0.015315
-0.4611 0.012466
-0.4518 0.010099
-0.4404 0.008140
-0.4271 0.006528
-0.4120 0.005206
-0.3952 0.004129
-0.3766 0.003254
-0.3565 0.002547
-0.3348 0.001978
-0.3116 0.001522
-0.2868 0.001158
-0.2601 0.000869
-0.2312 0.000639
-0.1999 0.000457
-0.1619 0.057111
-0.1158 0.040865
-0.0663 0.023467
-0.0068 0.005237
0.0617 -0.064115
0.1130 -0.157616
0.1382 -0.193295
0.1442 -0.201854
0.1377 -0.192987
0.1242 -0.174076
0.1067 -0.149694
0.0871 -0.122207
0.0662 -0.089220
0.0438 -0.056942
0.0187 -0.023679
-0.0111 0.012524
-0.0479 0.049808
-0.0948 0.081809
-0.1505 0.107646
-0.2084 0.123367
-0.2616 0.128123
-0.3073 0.124517
-0.3457 0.115841
-0.3776 0.104656
-0.4042 0.092636
-0.4263 0.080785
-0.4445 0.069655
-0.4593 0.059520
-0.4712 0.050484
-0.4803 0.042549
-0.4868 0.035662
-0.4910 0.029738
-0.4928 0.024681
-0.4924 0.020392
-0.4899 0.016775
-0.4853 0.013739
-0.4786 0.011203
-0.4699 0.009095
-0.4592 0.007350
-0.4467 0.005911
-0.4323 0.004730
-0.4162 0.003765
-0.3983 0.002980
-0.3789 0.002344
-0.3579 0.001831
-0.3354 0.001419
-0.3114 0.001089
-0.2858 0.000826
-0.2582 0.000617
-0.2281 0.000451
-0.1943 0.000318
-0.1533 0.054037
-0.0929 0.032843
-0.0143 0.005322
0.0814 -0.084553
0.1535 -0.214308
0.1797 -0.251487
0.1787 -0.250310
0.1633 -0.228886
0.1418 -0.198818
0.1183 -0.165898
0.0942 -0.132241
0.0697 -0.097942
0.0442 -0.060184
0.0164 -0.021695
-0.0160 0.018792
-0.0561 0.058562
-0.1062 0.093473
-0.1639 0.119456
-0.2217 0.133733
-0.2737 0.136593
-0.3181 0.131325
-0.3554 0.121363
-0.3867 0.109215
-0.4131 0.096469
-0.4353 0.084058
-0.4539 0.072484
-0.4695 0.061988
-0.4823 0.052651
-0.4925 0.044461
-0.5004 0.037353
-0.5061 0.031236
-0.5097 0.026009
-0.5112 0.021568
-0.5106 0.017815
-0.5081 0.014658
-0.5036 0.012013
-0.4972 0.009806
-0.4888 0.007971
-0.4786 0.006453
-0.4664 0.005200
-0.4524 0.004171
-0.4367 0.003328
-0.4192 0.002642
-0.4001 0.002085
-0.3794 0.001635
-0.3571 0.001272
-0.3334 0.000982
-0.3081 0.000751
-0.2811 0.000566
-0.2520 0.000420
-0.2201 0.000303
-0.1840 0.000210
-0.1405 0.000133
-0.0795 0.028156
0.0151 -0.014634
0.1257 -0.174686
0.1930 -0.269632
0.2137 -0.299128
0.2041 -0.285987
0.1803 -0.252757
0.1520 -0.213172
0.1235 -0.173248
0.0958 -0.134486
0.0684 -0.096205
0.0402 -0.056647
0.0093 -0.012972
-0.0266 0.031689
-0.0712 0.071859
-0.1260 0.105428
-0.1861 0.128865
-0.2433 0.139433
-0.2933 0.139080
-0.3356 0.131636
-0.3711 0.120398
-0.4011 0.107599
-0.4264 0.094599
-0.4479 0.082168
-0.4661 0.070709
-0.4815 0.060395
-0.4943 0.051268
-0.5048 0.043290
-0.5131 0.036384
-0.5194 0.030451
-0.5237 0.025386
-0.5261 0.021086
-0.5266 0.017451
-0.5252 0.014392
-0.5220 0.011827
-0.5169 0.009683
-0.5099 0.007899
-0.5011 0.006418
-0.4904 0.005194
-0.4779 0.004185
-0.4635 0.003356
-0.4474 0.002678
-0.4296 0.002126
-0.4101 0.001678
-0.3890 0.001316
-0.3663 0.001025
-0.3422 0.000792
-0.3165 0.000606
-0.2892 0.000458
-0.2599 0.000340
-0.2280 0.000247
-0.1921 0.000172
-0.1496 0.000111
-0.0939 0.000058
-0.0077 0.006121
0.1060 -0.146881
0.1905 -0.265916
0.2248 -0.314562
0.2210 -0.309594
0.1976 -0.276985
0.1675 -0.234918
0.1369 -0.192068
0.1076 -0.151026
0.0793 -0.111427
0.0508 -0.071586
0.0205 -0.029079
-0.0140 0.017640
-0.0559 0.059508
-0.1082 0.095639
-0.1681 0.122992
-0.2272 0.137640
-0.2799 0.140285
-0.3246 0.134608
-0.3622 0.124226
-0.3939 0.111708
-0.4207 0.098652
-0.4434 0.085984
-0.4627 0.074197
-0.4791 0.063524
-0.4929 0.054036
-0.5043 0.045716
-0.5136 0.038495
-0.5208 0.032277
-0.5261 0.026959
-0.5295 0.022436
-0.5311 0.018607
-0.5309 0.015378
-0.5289 0.012667
-0.5251 0.010398
-0.5195 0.008506
-0.5120 0.006932
-0.5028 0.005628
-0.4917 0.004551
-0.4789 0.003665
-0.4642 0.002938
-0.4478 0.002343
-0.4297 0.001859
-0.4100 0.001467
-0.3887 0.001150
-0.3659 0.000895
-0.3416 0.000691
-0.3157 0.000528
-0.2882 0.000399
-0.2586 0.000296
-0.2264 0.000214
-0.1900 0.000149
-0.1466 0.000095
-0.0893 0.000048
-0.0003 0.000984
0.1135 -0.157423
0.1960 -0.273598
0.2280 -0.319011
0.2224 -0.311605
0.1980 -0.277587
0.1674 -0.234863
0.1367 -0.191773
0.1073 -0.150685
0.0791 -0.111117
0.0507 -0.071337
0.0203 -0.028905
-0.0140 0.017727
-0.0558 0.059368
-0.1081 0.095355
-0.1679 0.122614
-0.2270 0.137224
-0.2797 0.139873
-0.3244 0.134221
-0.3620 0.123874
-0.3937 0.111394
-0.4204 0.098377
-0.4432 0.085746
-0.4625 0.073995
-0.4789 0.063354
-0.4927 0.053895
-0.5042 0.045601
-0.5135 0.038403
-0.5208 0.032205
-0.5262 0.026905
-0.5298 0.022396
-0.5315 0.018580
-0.5315 0.015362
-0.5298 0.012660
-0.5262 0.010398
-0.5209 0.008511
-0.5138 0.006941
-0.5050 0.005640
-0.4943 0.004565
-0.4818 0.003679
-0.4676 0.002952
-0.4516 0.002358
-0.4339 0.001873
-0.4145 0.001480
-0.3935 0.001162
-0.3710 0.000905
-0.3469 0.000700
-0.3213 0.000536
-0.2939 0.000406
-0.2646 0.000302
-0.2327 0.000220
-0.1970 0.000154
-0.1549 0.000100
-0.1004 0.000054
-0.0176 0.013031
0.0967 -0.133854
0.1865 -0.260180
0.2254 -0.315408
0.2242 -0.314073
0.2018 -0.282872
0.1719 -0.241113
0.1413 -0.198232
0.1120 -0.157213
0.0839 -0.117881
0.0559 -0.078679
0.0263 -0.037323
-0.0068 0.008525
-0.0465 0.050975
-0.0965 0.087774
-0.1552 0.116950
-0.2150 0.134137
-0.2692 0.138975
-0.3156 0.134764
-0.3546 0.125226
-0.3873 0.113127
-0.4150 0.100229
-0.4384 0.087565
-0.4584 0.075699
-0.4753 0.064902
-0.4895 0.055275
-0.5014 0.046812
-0.5111 0.039454
-0.5187 0.033110
-0.5244 0.027678
-0.5283 0.023054
-0.5303 0.019135
-0.5306 0.015830
-0.5291 0.013052
-0.5258 0.010725
-0.5208 0.008783
-0.5140 0.007167
-0.5053 0.005826
-0.4949 0.004718
-0.4826 0.003804
-0.4686 0.003054
-0.4528 0.002440
-0.4352 0.001939
-0.4159 0.001533
-0.3950 0.001204
-0.3725 0.000938
-0.3485 0.000726
-0.3228 0.000556
-0.2955 0.000421
-0.2661 0.000313
-0.2342 0.000228
-0.1985 0.000160
-0.1565 0.000104
-0.1023 0.000057
-0.0200 0.014754
0.0943 -0.130447
0.1846 -0.257563
0.2240 -0.313343
0.2231 -0.312529
0.2011 -0.281895
0.1716 -0.240667
0.1413 -0.198238
0.1123 -0.157599
0.0844 -0.118614
0.0567 -0.079778
0.0275 -0.038867
-0.0052 0.006497
-0.0444 0.048773
-0.0936 0.085456
-0.1520 0.114856
-0.2119 0.132566
-0.2664 0.137941
-0.3131 0.134135
-0.3524 0.124865
-0.3854 0.112933
-0.4133 0.100135
-0.4369 0.087530
-0.4569 0.075696
-0.4739 0.064916
-0.4882 0.055296
-0.5001 0.046835
-0.5097 0.039476
-0.5174 0.033129
-0.5231 0.027694
-0.5269 0.023066
-0.5289 0.019145
-0.5291 0.015837
-0.5276 0.013056
-0.5243 0.010727
-0.5192 0.008783
-0.5122 0.007166
-0.5035 0.005824
-0.4930 0.004715
-0.4806 0.003801
-0.4665 0.003050
-0.4505 0.002436
-0.4328 0.001935
-0.4134 0.001528
-0.3924 0.001199
-0.3698 0.000934
-0.3455 0.000722
-0.3197 0.000552
-0.2921 0.000417
-0.2625 0.000310
-0.2302 0.000225
-0.1938 0.000157
-0.1507 0.000101
-0.0942 0.000052
-0.0060 0.004936
0.1084 -0.150266
0.1915 -0.267317
0.2238 -0.313229
0.2191 -0.306977
0.1959 -0.274589
0.1665 -0.233493
0.1367 -0.191809
0.1082 -0.151918
0.0808 -0.113459
0.0532 -0.074860
0.0239 -0.033875
-0.0091 0.011384
-0.0489 0.052555
-0.0991 0.088330
-0.1578 0.116490
-0.2172 0.132792
-0.2710 0.137060
-0.3169 0.132590
-0.3554 0.123009
-0.3878 0.110997
-0.4151 0.098252
-0.4383 0.085772
-0.4579 0.074098
-0.4745 0.063490
-0.4884 0.054039
-0.5000 0.045739
-0.5093 0.038526
-0.5166 0.032312
-0.5220 0.026995
-0.5255 0.022470
-0.5272 0.018638
-0.5271 0.015407
-0.5252 0.012694
-0.5215 0.010422
-0.5160 0.008527
-0.5088 0.006951
-0.4997 0.005645
-0.4888 0.004566
-0.4761 0.003677
-0.4616 0.002948
-0.4453 0.002352
-0.4273 0.001866
-0.4076 0.001472
-0.3863 0.001153
-0.3633 0.000897
-0.3388 0.000692
-0.3126 0.000528
-0.2846 0.000397
-0.2545 0.000294
-0.2214 0.000211
-0.1838 0.000145
-0.1382 0.000090
-0.0762 0.026989
0.0236 -0.015730
0.1338 -0.185999
0.2021 -0.282299
0.2223 -0.311168
0.2114 -0.296294
0.1864 -0.261351
0.1573 -0.220584
0.1283 -0.180079
0.1006 -0.141280
0.0736 -0.103472
0.0461 -0.064957
0.0164 -0.023127
-0.0175 0.021486
-0.0591 0.060918
-0.1113 0.095072
-0.1707 0.120687
-0.2291 0.134091
-0.2810 0.136100
-0.3251 0.130257
-0.3622 0.120000
-0.3933 0.107763
-0.4195 0.095061
-0.4417 0.082771
-0.4606 0.071358
-0.4764 0.061038
-0.4897 0.051876
-0.5006 0.043851
-0.5094 0.036892
-0.5161 0.030907
-0.5209 0.025793
-0.5239 0.021446
-0.5250 0.017770
-0.5243 0.014674
-0.5218 0.012076
-0.5176 0.009903
-0.5115 0.008093
-0.5036 0.006588
-0.4940 0.005343
-0.4825 0.004315
-0.4692 0.003470
-0.4541 0.002777
-0.4373 0.002211
-0.4188 0.001751
-0.3986 0.001378
-0.3767 0.001077
-0.3533 0.000835
-0.3283 0.000642
-0.3015 0.000487
-0.2729 0.000365
-0.2418 0.000267
-0.2073 0.000190
-0.1673 0.000127
-0.1171 0.000073
-0.0414 0.029689
0.0699 -0.096289
0.1649 -0.229817
0.2112 -0.295341
0.2166 -0.303421
0.1992 -0.279269
0.1727 -0.242160
0.1442 -0.202254
0.1164 -0.163312
0.0896 -0.125756
0.0629 -0.088488
