0.5425
0.7876
0.8149
0.8620
0.8927
0.8824
0.8700
0.8633
0.8604
0.8596
0.8592
0.8590
0.8590
0.8589
0.8589
0.8589
0.8589
0.8590
0.8589
0.8590
0.8589
0.8589
0.8589
0.8589
0.8589
0.8589
0.8589
0.8589
0.8590
0.8590
0.8589
0.8589
0.8590
0.8589
0.8589
0.8589
0.8589
0.8589
0.8590
0.8590
0.8590
0.8589
0.8589
0.8589
0.8589
0.8589
0.8589
0.8589
0.8590
0.8590
0.8589
0.8589
0.8589
0.8589
0.8589
0.8589
0.8589
0.8589
0.8589
0.8590
0.8590
0.8589
0.8589
0.8589
0.8589
0.8589
0.8589
0.8589
0.8589
0.8589
0.8590
0.8590
0.8589
0.8589
0.8589
0.8589
0.8589
0.8589
0.8589
0.8589
0.8589
0.8590
0.8589
0.8589
0.8589
0.8589
0.8589
0.8589
0.8589
0.8589
0.8590
0.8590
0.8589
0.8589
0.8589
0.8589
0.8589
0.8589
0.8589
0.8589
0.8589
0.8590
0.8590
0.8589
0.8589
0.8589
0.8589
0.8589
0.8589
0.8589
0.8589
0.8589
0.8590
0.8590
0.8589
0.8589
0.8589
0.8589
0.8589
0.8589
0.8589
0.8589
0.8589
0.8590
0.8590
0.8589
0.8589
0.8589
0.8589
0.8589
0.8589
0.8589
0.8589
0.8590
0.8590
0.8590
0.8589
0.8589
0.8589
0.8589
0.8589
0.8589
0.8589
0.8589
0.8590
0.8589
0.8589
0.8589
0.8589
0.8589
0.9927
0.9719
0.9226
0.8945
0.8862
0.8892
0.8927
0.9062
0.9013
0.8896
0.9069
0.8970
0.8996
0.9052
0.9034
0.8957
0.9026
0.9038
0.9079
0.8990
0.8985
0.8944
0.8956
0.9047
0.9009
0.9062
0.8928
0.9012
0.9097
0.8986
0.9101
0.8995
0.9077
0.8983
0.9073
0.9018
0.8900
0.9020
0.8988
0.9023
0.8993
0.8999
0.9084
0.9054
0.8965
0.9051
0.9081
0.9078
0.9035
0.9128
0.8916
0.9032
0.8907
0.8982
0.9010
0.8945
0.9082
0.9120
0.9109
0.9013
0.9145
0.9039
0.9034
0.9066
0.9094
0.9021
0.9030
0.9057
0.9032
0.8902
0.9006
0.8994
0.9101
0.8950
0.9066
0.8881
0.9017
0.8952
0.9048
0.8967
0.9051
0.9066
0.9022
0.9102
0.9003
0.9090
0.8995
0.9121
0.9019
0.8961
0.8980
0.9005
0.9044
0.9050
0.9002
0.9015
0.9086
0.8994
0.8976
0.9054
0.9015
0.8926
0.8986
0.8953
0.9114
0.9002
0.9053
0.8901
0.8999
0.8987
0.9100
0.8996
0.9034
0.9127
0.9065
0.9022
0.8975
0.8916
0.8986
0.8986
0.9068
0.8995
0.9054
0.8987
0.9027
0.8977
0.9018
0.8990
0.9062
0.8993
0.8980
0.9051
0.9152
0.9030
0.9004
0.9008
0.9033
0.9079
0.8977
0.9001
0.8940
0.8916
0.8994
0.8969
0.9001
0.8959
0.8945
0.9040
0.8957
0.8989
