0.1683 -0.134821
0.1443 -0.115628
0.1212 -0.097125
0.0984 -0.078914
0.0752 -0.060324
0.0502 -0.040393
0.0218 -0.017386
-0.0125 0.008728
-0.0569 0.035188
-0.1143 0.058605
-0.1799 0.076398
-0.2431 0.085478
-0.2975 0.086554
-0.3420 0.082312
-0.3779 0.075219
-0.4067 0.066954
-0.4299 0.058529
-0.4487 0.050507
-0.4638 0.043167
-0.4758 0.036622
-0.4854 0.030888
-0.4927 0.025927
-0.4982 0.021676
-0.5020 0.018059
-0.5043 0.015000
-0.5052 0.012425
-0.5048 0.010265
-0.5032 0.008460
-0.5003 0.006955
-0.4963 0.005705
-0.4911 0.004668
-0.4848 0.003810
-0.4773 0.003101
-0.4687 0.002518
-0.4588 0.002038
-0.4478 0.001645
-0.4356 0.001323
-0.4221 0.001060
-0.4075 0.000846
-0.3917 0.000672
-0.3747 0.000532
-0.3565 0.000418
-0.3371 0.000327
-0.3166 0.000254
-0.2947 0.000196
-0.2714 0.000149
-0.2463 0.000112
-0.2189 0.000082
-0.1879 0.000058
-0.1512 0.000039
-0.1040 0.000022
-0.0321 0.013206
0.0745 -0.029338
0.1743 -0.138836
0.2301 -0.183840
0.2461 -0.196896
0.2377 -0.190254
0.2175 -0.174154
0.1932 -0.154733
0.1684 -0.134912
0.1444 -0.115719
0.1213 -0.097222
0.0986 -0.079024
0.0753 -0.060455
0.0504 -0.040558
0.0221 -0.017625
-0.0122 0.008466
-0.0564 0.034928
-0.1136 0.058360
-0.1790 0.076218
-0.2423 0.085389
-0.2967 0.086537
-0.3413 0.082341
-0.3773 0.075271
-0.4061 0.067015
-0.4294 0.058592
-0.4482 0.050566
-0.4633 0.043220
-0.4753 0.036669
-0.4849 0.030928
-0.4923 0.025962
-0.4977 0.021705
-0.5015 0.018084
-0.5038 0.015021
-0.5047 0.012442
-0.5043 0.010279
-0.5027 0.008471
-0.4998 0.006965
-0.4958 0.005712
-0.4907 0.004674
-0.4843 0.003815
-0.4769 0.003105
-0.4682 0.002521
-0.4584 0.002041
-0.4473 0.001647
-0.4351 0.001324
-0.4216 0.001061
-0.4070 0.000847
-0.3912 0.000673
-0.3742 0.000532
-0.3560 0.000419
-0.3366 0.000327
-0.3161 0.000254
-0.2942 0.000196
-0.2709 0.000149
-0.2458 0.000112
-0.2183 0.000082
-0.1872 0.000058
-0.1504 0.000039
-0.1028 0.000022
-0.0302 0.012445
0.0770 -0.030350
0.1761 -0.140254
0.2310 -0.184536
0.2463 -0.197066
0.2375 -0.190131
0.2171 -0.173900
0.1928 -0.154438
0.1680 -0.134618
0.1441 -0.115441
0.1210 -0.096962
0.0982 -0.078777
0.0750 -0.060213
0.0501 -0.040312
0.0218 -0.017358
-0.0125 0.008733
-0.0568 0.035135
-0.1141 0.058502
-0.1795 0.076268
-0.2427 0.085349
-0.2970 0.086437
-0.3415 0.082209
-0.3773 0.075129
-0.4061 0.066875
-0.4293 0.058461
-0.4480 0.050447
-0.4631 0.043114
-0.4751 0.036576
-0.4846 0.030848
-0.4919 0.025892
-0.4974 0.021646
-0.5012 0.018033
-0.5034 0.014978
-0.5043 0.012405
-0.5038 0.010248
-0.5022 0.008445
-0.4993 0.006943
-0.4953 0.005694
-0.4901 0.004659
-0.4837 0.003802
-0.4762 0.003095
-0.4675 0.002512
-0.4577 0.002033
-0.4466 0.001641
-0.4344 0.001319
-0.4209 0.001057
-0.4062 0.000844
-0.3904 0.000670
-0.3734 0.000530
-0.3552 0.000417
-0.3358 0.000326
-0.3152 0.000253
-0.2933 0.000195
-0.2699 0.000148
-0.2447 0.000111
-0.2171 0.000081
-0.1858 0.000058
-0.1487 0.000038
-0.1004 0.000021
-0.0264 0.010940
0.0819 -0.032309
0.1794 -0.142897
0.2325 -0.185726
0.2465 -0.197229
0.2370 -0.189737
0.2164 -0.173269
0.1919 -0.153742
0.1672 -0.133932
0.1432 -0.114787
0.1202 -0.096336
0.0975 -0.078163
0.0742 -0.059589
0.0493 -0.039643
0.0208 -0.016573
-0.0137 0.009542
-0.0583 0.035843
-0.1158 0.059072
-0.1813 0.076591
-0.2442 0.085403
-0.2983 0.086296
-0.3424 0.081959
-0.3780 0.074831
-0.4066 0.066568
-0.4297 0.058165
-0.4482 0.050175
-0.4632 0.042870
-0.4751 0.036361
-0.4845 0.030661
-0.4918 0.025732
-0.4971 0.021508
-0.5008 0.017917
-0.5030 0.014879
-0.5038 0.012322
-0.5034 0.010179
-0.5016 0.008387
-0.4987 0.006894
-0.4946 0.005654
-0.4894 0.004625
-0.4830 0.003774
-0.4754 0.003072
-0.4667 0.002493
-0.4568 0.002018
-0.4457 0.001628
-0.4334 0.001309
-0.4199 0.001048
-0.4052 0.000836
-0.3893 0.000665
-0.3722 0.000525
-0.3539 0.000413
-0.3345 0.000323
-0.3138 0.000250
-0.2919 0.000193
-0.2684 0.000146
-0.2431 0.000110
-0.2153 0.000080
-0.1838 0.000057
-0.1461 0.000037
-0.0969 0.000021
-0.0207 0.008679
0.0890 -0.052727
0.1840 -0.146644
0.2344 -0.187313
0.2466 -0.197323
0.2361 -0.189040
0.2151 -0.172249
0.1906 -0.152643
0.1658 -0.132857
0.1420 -0.113761
0.1190 -0.095349
0.0963 -0.077189
0.0730 -0.058586
0.0479 -0.038555
0.0193 -0.015274
-0.0156 0.010882
-0.0608 0.037035
-0.1189 0.060051
-0.1844 0.077167
-0.2469 0.085538
-0.3004 0.086111
-0.3441 0.081592
-0.3793 0.074382
-0.4076 0.066100
-0.4304 0.057713
-0.4487 0.049758
-0.4635 0.042496
-0.4753 0.036031
-0.4846 0.030374
-0.4917 0.025485
-0.4970 0.021298
-0.5006 0.017738
-0.5027 0.014728
-0.5034 0.012195
-0.5028 0.010072
-0.5010 0.008298
-0.4981 0.006820
-0.4939 0.005592
-0.4886 0.004574
-0.4821 0.003732
-0.4745 0.003037
-0.4657 0.002464
-0.4557 0.001994
-0.4445 0.001608
-0.4321 0.001293
-0.4186 0.001035
-0.4038 0.000826
-0.3878 0.000656
-0.3707 0.000518
-0.3523 0.000407
-0.3328 0.000318
-0.3121 0.000247
-0.2900 0.000190
-0.2664 0.000144
-0.2409 0.000108
-0.2129 0.000079
-0.1810 0.000055
-0.1427 0.000036
-0.0922 0.000019
-0.0130 0.005598
0.0980 -0.077526
0.1899 -0.151332
0.2367 -0.189169
0.2466 -0.197275
0.2348 -0.188007
0.2133 -0.170829
0.1887 -0.151141
0.1640 -0.131395
0.1402 -0.112368
0.1173 -0.094006
0.0946 -0.075856
0.0713 -0.057205
0.0460 -0.037044
0.0171 -0.013482
-0.0184 0.012763
-0.0644 0.038688
-0.1232 0.061401
-0.1888 0.077946
-0.2508 0.085709
-0.3036 0.085845
-0.3466 0.081080
-0.3813 0.073761
-0.4091 0.065454
-0.4315 0.057092
-0.4496 0.049185
-0.4641 0.041982
-0.4757 0.035579
-0.4848 0.029982
-0.4917 0.025147
-0.4969 0.021010
-0.5004 0.017494
-0.5024 0.014522
-0.5030 0.012022
-0.5023 0.009927
-0.5004 0.008177
-0.4973 0.006719
-0.4931 0.005508
-0.4877 0.004504
-0.4811 0.003674
-0.4734 0.002989
-0.4645 0.002425
-0.4544 0.001962
-0.4431 0.001582
-0.4307 0.001271
-0.4170 0.001018
-0.4021 0.000811
-0.3860 0.000644
-0.3688 0.000509
-0.3504 0.000400
-0.3307 0.000312
-0.3099 0.000242
-0.2877 0.000186
-0.2639 0.000141
-0.2383 0.000105
-0.2099 0.000077
-0.1775 0.000054
-0.1383 0.000035
-0.0860 0.000018
-0.0030 0.001614
0.1089 -0.086234
0.1967 -0.156826
0.2392 -0.191190
0.2462 -0.197028
0.2331 -0.186615
0.2110 -0.169002
0.1863 -0.149236
0.1617 -0.129549
0.1380 -0.110607
0.1152 -0.092303
0.0925 -0.074156
0.0690 -0.055432
0.0436 -0.035089
0.0142 -0.011175
-0.0220 0.015208
-0.0690 0.040831
-0.1288 0.063145
-0.1944 0.078949
-0.2557 0.085942
-0.3075 0.085535
-0.3498 0.080464
-0.3837 0.073010
-0.4110 0.064673
-0.4330 0.056339
-0.4507 0.048490
-0.4649 0.041359
-0.4762 0.035031
-0.4851 0.029506
-0.4919 0.024738
-0.4969 0.020661
-0.5002 0.017198
-0.5020 0.014272
-0.5025 0.011812
-0.5017 0.009751
-0.4997 0.008030
-0.4965 0.006597
-0.4921 0.005407
-0.4866 0.004420
-0.4799 0.003605
-0.4721 0.002932
-0.4631 0.002378
-0.4529 0.001923
-0.4415 0.001550
-0.4289 0.001245
-0.4151 0.000996
-0.4001 0.000794
-0.3839 0.000630
-0.3666 0.000497
-0.3480 0.000390
-0.3283 0.000304
-0.3073 0.000236
-0.2849 0.000181
-0.2610 0.000137
-0.2350 0.000102
-0.2063 0.000074
-0.1733 0.000051
-0.1329 0.000033
-0.0782 0.015796
0.0093 -0.003301
0.1214 -0.096311
0.2041 -0.162837
0.2417 -0.193190
0.2455 -0.196494
0.2309 -0.184840
0.2082 -0.166778
0.1834 -0.146948
0.1589 -0.127342
0.1354 -0.108500
0.1126 -0.090259
0.0899 -0.072106
0.0664 -0.053279
0.0406 -0.032697
0.0107 -0.008379
-0.0264 0.018199
-0.0749 0.043394
-0.1357 0.065183
-0.2012 0.080065
-0.2616 0.086144
-0.3123 0.085107
-0.3536 0.079690
-0.3867 0.072088
-0.4134 0.063722
-0.4348 0.055428
-0.4521 0.047653
-0.4659 0.040611
-0.4770 0.034374
-0.4856 0.028936
-0.4922 0.024249
-0.4969 0.020244
-0.5001 0.016844
-0.5017 0.013974
-0.5021 0.011562
-0.5011 0.009542
-0.4990 0.007855
-0.4956 0.006451
-0.4911 0.005286
-0.4854 0.004320
-0.4786 0.003522
-0.4706 0.002863
-0.4615 0.002321
-0.4512 0.001876
-0.4396 0.001512
-0.4269 0.001214
-0.4129 0.000971
-0.3978 0.000773
-0.3815 0.000613
-0.3640 0.000484
-0.3453 0.000379
-0.3254 0.000296
-0.3042 0.000229
-0.2817 0.000175
-0.2575 0.000132
-0.2312 0.000098
-0.2020 0.000071
-0.1683 0.000049
-0.1265 0.000030
-0.0684 0.013840
0.0242 -0.009244
0.1354 -0.107546
0.2119 -0.169125
0.2439 -0.195015
0.2444 -0.195601
0.2281 -0.182658
0.2050 -0.164156
0.1801 -0.144289
0.1557 -0.124785
0.1323 -0.106056
0.1096 -0.087877
0.0869 -0.069702
0.0632 -0.050736
0.0370 -0.029847
0.0064 -0.005087
-0.0319 0.021654
-0.0819 0.046380
-0.1438 0.067500
-0.2091 0.081277
-0.2683 0.086314
-0.3178 0.084579
-0.3579 0.078784
-0.3902 0.071024
-0.4161 0.062634
-0.4369 0.054389
-0.4537 0.046701
-0.4672 0.039761
-0.4778 0.033628
-0.4862 0.028291
-0.4925 0.023696
-0.4970 0.019773
-0.5000 0.016445
-0.5014 0.013638
-0.5016 0.011280
-0.5005 0.009306
-0.4981 0.007658
-0.4946 0.006287
-0.4900 0.005150
-0.4841 0.004207
-0.4772 0.003429
-0.4690 0.002786
-0.4597 0.002258
-0.4492 0.001825
-0.4375 0.001469
-0.4246 0.001179
-0.4105 0.000943
-0.3952 0.000750
-0.3787 0.000594
-0.3611 0.000469
-0.3422 0.000367
-0.3221 0.000286
-0.3008 0.000221
-0.2780 0.000169
-0.2536 0.000127
-0.2269 0.000094
-0.1971 0.000068
-0.1624 0.000046
-0.1189 0.000028
-0.0563 0.022847
0.0416 -0.016205
0.1503 -0.119509
0.2196 -0.175344
0.2457 -0.196470
0.2427 -0.194269
0.2249 -0.180058
0.2012 -0.161156
0.1764 -0.141285
0.1521 -0.121907
0.1289 -0.103301
0.1063 -0.085181
0.0835 -0.066965
0.0595 -0.047817
0.0329 -0.026544
0.0014 -0.001328
-0.0383 0.025353
-0.0902 0.049663
-0.1532 0.069927
-0.2181 0.082413
-0.2759 0.086306
-0.3240 0.083832
-0.3628 0.077653
-0.3940 0.069745
-0.4191 0.061348
-0.4393 0.053174
-0.4556 0.045595
-0.4686 0.038777
-0.4789 0.032768
-0.4869 0.027547
-0.4929 0.023059
-0.4972 0.019231
-0.4999 0.015987
-0.5012 0.013253
-0.5011 0.010956
-0.4998 0.009035
-0.4973 0.007433
-0.4936 0.006100
-0.4887 0.004994
-0.4827 0.004079
-0.4756 0.003322
-0.4672 0.002699
-0.4577 0.002186
-0.4471 0.001765
-0.4352 0.001421
-0.4221 0.001140
-0.4078 0.000910
-0.3923 0.000724
-0.3756 0.000573
-0.3578 0.000452
-0.3387 0.000353
-0.3185 0.000275
-0.2969 0.000212
-0.2739 0.000162
-0.2491 0.000122
-0.2220 0.000090
-0.1915 0.000064
-0.1557 0.000043
-0.1099 0.000025
-0.0418 0.017088
0.0617 -0.024227
0.1657 -0.131887
0.2270 -0.181264
0.2468 -0.197440
0.2404 -0.192458
0.2211 -0.177036
0.1970 -0.157789
0.1722 -0.137952
0.1482 -0.118718
0.1251 -0.100239
0.1025 -0.082167
0.0796 -0.063880
0.0554 -0.044496
0.0281 -0.022682
-0.0044 0.002926
-0.0458 0.029443
-0.0997 0.053291
-0.1638 0.072503
-0.2279 0.083533
-0.2842 0.086207
-0.3307 0.082970
-0.3681 0.076403
-0.3983 0.068353
-0.4225 0.059960
-0.4419 0.051868
-0.4576 0.044408
-0.4701 0.037724
-0.4800 0.031848
-0.4877 0.026753
-0.4934 0.022380
-0.4974 0.018654
-0.4998 0.015500
-0.5008 0.012842
-0.5006 0.010612
-0.4990 0.008748
-0.4963 0.007194
-0.4924 0.005901
-0.4874 0.004829
-0.4812 0.003942
-0.4738 0.003210
-0.4653 0.002606
-0.4556 0.002110
-0.4447 0.001703
-0.4326 0.001370
-0.4193 0.001098
-0.4048 0.000876
-0.3891 0.000696
-0.3722 0.000551
-0.3542 0.000433
-0.3349 0.000339
-0.3144 0.000263
-0.2926 0.000202
-0.2693 0.000154
-0.2442 0.000116
-0.2165 0.000085
-0.1852 0.000060
-0.1479 0.000040
-0.0994 0.000022
-0.0248 0.010310
0.0840 -0.049701
0.1810 -0.144198
0.2335 -0.186588
0.2472 -0.197779
0.2375 -0.190121
0.2168 -0.173596
0.1923 -0.154077
0.1676 -0.134314
0.1438 -0.115244
0.1209 -0.096892
0.0983 -0.078851
0.0753 -0.060457
0.0507 -0.040773
0.0228 -0.018211
-0.0110 0.007673
-0.0544 0.033891
-0.1106 0.057162
-0.1754 0.075098
-0.2385 0.084528
-0.2931 0.085940
-0.3378 0.081940
-0.3738 0.074999
-0.4027 0.066825
-0.4260 0.058453
-0.4447 0.050459
-0.4598 0.043134
-0.4718 0.036597
-0.4812 0.030866
-0.4885 0.025907
-0.4938 0.021657
-0.4975 0.018040
-0.4997 0.014981
-0.5005 0.012406
-0.5000 0.010247
-0.4982 0.008443
-0.4953 0.006940
-0.4911 0.005690
-0.4859 0.004654
-0.4794 0.003797
-0.4719 0.003090
-0.4631 0.002508
-0.4532 0.002029
-0.4421 0.001637
-0.4298 0.001315
-0.4162 0.001053
-0.4015 0.000840
-0.3856 0.000667
-0.3685 0.000527
-0.3502 0.000414
-0.3307 0.000324
-0.3100 0.000251
-0.2879 0.000193
-0.2643 0.000146
-0.2387 0.000109
-0.2104 0.000080
-0.1782 0.000056
-0.1391 0.000036
-0.0872 0.000019
-0.0049 0.002367
0.1069 -0.084685
0.1956 -0.155966
0.2390 -0.191055
0.2467 -0.197380
0.2339 -0.187234
0.2119 -0.169748
0.1873 -0.150043
0.1628 -0.130398
0.1391 -0.111504
0.1164 -0.093273
0.0938 -0.075241
0.0706 -0.056695
0.0455 -0.036633
0.0167 -0.013193
-0.0186 0.012921
-0.0643 0.038641
-0.1228 0.061168
-0.1880 0.077587
-0.2497 0.085304
-0.3023 0.085444
-0.3452 0.080704
-0.3797 0.073419
-0.4074 0.065147
-0.4297 0.056819
-0.4477 0.048944
-0.4620 0.041771
-0.4735 0.035395
-0.4825 0.029821
-0.4893 0.025008
-0.4943 0.020890
-0.4977 0.017390
-0.4996 0.014433
-0.5001 0.011946
-0.4993 0.009862
-0.4973 0.008121
-0.4941 0.006672
-0.4898 0.005468
-0.4842 0.004470
-0.4776 0.003645
-0.4698 0.002965
-0.4608 0.002404
-0.4506 0.001944
-0.4393 0.001567
-0.4267 0.001259
-0.4129 0.001007
-0.3980 0.000803
-0.3818 0.000637
-0.3645 0.000502
-0.3460 0.000394
-0.3262 0.000307
-0.3052 0.000238
-0.2828 0.000182
-0.2588 0.000138
-0.2327 0.000103
-0.2037 0.000074
-0.1703 0.000051
-0.1291 0.000032
-0.0723 0.014618
0.0182 -0.006841
0.1300 -0.103169
0.2090 -0.166776
0.2432 -0.194474
0.2451 -0.196179
0.2295 -0.183794
0.2067 -0.165515
0.1819 -0.145714
0.1575 -0.126225
0.1342 -0.107517
0.1115 -0.089396
0.0889 -0.071340
0.0655 -0.052587
0.0398 -0.032056
0.0099 -0.007791
-0.0272 0.018680
-0.0756 0.043651
-0.1362 0.065218
-0.2014 0.079887
-0.2614 0.085821
-0.3119 0.084713
-0.3529 0.079276
-0.3858 0.071684
-0.4123 0.063346
-0.4336 0.055085
-0.4507 0.047347
-0.4644 0.040341
-0.4753 0.034138
-0.4838 0.028732
-0.4902 0.024073
-0.4948 0.020092
-0.4979 0.016715
-0.4994 0.013864
-0.4996 0.011468
-0.4986 0.009462
-0.4963 0.007788
-0.4929 0.006394
-0.4883 0.005238
-0.4825 0.004280
-0.4756 0.003488
-0.4675 0.002835
-0.4583 0.002298
-0.4478 0.001856
-0.4362 0.001495
-0.4234 0.001200
-0.4094 0.000959
-0.3941 0.000764
-0.3777 0.000605
-0.3601 0.000477
-0.3413 0.000374
-0.3213 0.000291
-0.3000 0.000225
-0.2773 0.000172
-0.2528 0.000129
-0.2261 0.000096
-0.1963 0.000069
-0.1614 0.000047
-0.1176 0.000028
-0.0542 0.021998
0.0447 -0.017408
0.1528 -0.121501
0.2209 -0.176368
0.2460 -0.196759
0.2426 -0.194169
0.2246 -0.179819
0.2009 -0.160914
0.1761 -0.141099
0.1520 -0.121798
0.1289 -0.103275
0.1063 -0.085241
0.0837 -0.067120
0.0599 -0.048088
0.0334 -0.026972
0.0023 -0.001944
-0.0370 0.024636
-0.0883 0.048890
-0.1508 0.069220
-0.2156 0.081912
-0.2736 0.086026
-0.3218 0.083713
-0.3608 0.077633
-0.3921 0.069779
-0.4173 0.061407
-0.4375 0.053242
-0.4538 0.045662
-0.4668 0.038839
-0.4771 0.032822
-0.4851 0.027593
-0.4911 0.023097
-0.4953 0.019263
-0.4980 0.016013
-0.4992 0.013273
-0.4991 0.010972
-0.4978 0.009048
-0.4952 0.007443
-0.4915 0.006107
-0.4866 0.005000
-0.4806 0.004083
-0.4734 0.003325
-0.4650 0.002701
-0.4555 0.002187
-0.4448 0.001766
-0.4329 0.001421
-0.4198 0.001140
-0.4055 0.000910
-0.3900 0.000724
-0.3733 0.000573
-0.3554 0.000451
-0.3363 0.000353
-0.3160 0.000274
-0.2944 0.000211
-0.2713 0.000161
-0.2463 0.000121
-0.2190 0.000089
-0.1881 0.000063
-0.1515 0.000042
-0.1043 0.000024
-0.0327 0.013453
0.0739 -0.029090
0.1743 -0.138784
0.2308 -0.184326
0.2472 -0.197759
0.2390 -0.191328
0.2189 -0.175339
0.1947 -0.155990
0.1701 -0.136246
0.1462 -0.117159
0.1233 -0.098814
0.1008 -0.080840
0.0780 -0.062603
0.0538 -0.043211
0.0264 -0.021249
-0.0063 0.004324
-0.0481 0.030659
-0.1024 0.054237
-0.1665 0.073022
-0.2302 0.083577
-0.2859 0.085898
-0.3317 0.082461
-0.3687 0.075809
-0.3984 0.067745
-0.4223 0.059377
-0.4415 0.051331
-0.4569 0.043926
-0.4692 0.037299
-0.4789 0.031478
-0.4864 0.026433
-0.4919 0.022105
-0.4958 0.018420
-0.4981 0.015301
-0.4990 0.012674
-0.4985 0.010471
-0.4969 0.008629
-0.4940 0.007093
-0.4900 0.005817
-0.4848 0.004759
-0.4785 0.003884
-0.4710 0.003161
-0.4624 0.002566
-0.4526 0.002076
-0.4416 0.001675
-0.4294 0.001347
-0.4160 0.001079
-0.4014 0.000861
-0.3856 0.000684
-0.3686 0.000540
-0.3504 0.000425
-0.3310 0.000332
-0.3104 0.000257
-0.2884 0.000198
-0.2648 0.000150
-0.2393 0.000112
-0.2112 0.000082
-0.1791 0.000057
-0.1403 0.000037
-0.0888 0.000020
-0.0076 0.003435
0.1041 -0.082376
0.1938 -0.154496
0.2384 -0.190515
0.2468 -0.197484
0.2344 -0.187702
0.2128 -0.170394
0.1882 -0.150769
0.1637 -0.131164
0.1402 -0.112305
0.1174 -0.094124
0.0950 -0.076171
0.0720 -0.057752
0.0471 -0.037896
0.0187 -0.014824
-0.0159 0.011096
-0.0607 0.036905
-0.1181 0.059605
-0.1830 0.076511
-0.2451 0.084815
-0.2983 0.085405
-0.3418 0.080939
-0.3767 0.073792
-0.4048 0.065573
-0.4274 0.057247
-0.4455 0.049347
-0.4601 0.042136
-0.4716 0.035718
-0.4807 0.030102
-0.4877 0.025249
-0.4927 0.021094
-0.4962 0.017562
-0.4981 0.014577
-0.4986 0.012066
-0.4979 0.009961
-0.4959 0.008204
-0.4927 0.006740
-0.4884 0.005524
-0.4829 0.004516
-0.4763 0.003683
-0.4685 0.002995
-0.4595 0.002429
-0.4494 0.001964
-0.4381 0.001583
-0.4256 0.001272
-0.4119 0.001018
-0.3969 0.000811
-0.3808 0.000643
-0.3635 0.000508
-0.3450 0.000398
-0.3253 0.000311
-0.3043 0.000240
-0.2819 0.000184
-0.2579 0.000139
-0.2318 0.000103
-0.2027 0.000075
-0.1691 0.000052
-0.1276 0.000032
-0.0699 0.014145
0.0217 -0.008245
0.1332 -0.105754
0.2107 -0.168152
0.2437 -0.194823
0.2448 -0.195951
0.2290 -0.183337
0.2060 -0.165025
0.1813 -0.145276
