0.2327 -0.109954
0.1997 -0.104998
0.1675 -0.100170
0.1362 -0.095479
0.1048 -0.090769
0.0712 -0.085732
0.0317 -0.079153
-0.0195 -0.065951
-0.0907 -0.048515
-0.1795 -0.031752
-0.2668 -0.019307
-0.3394 -0.011107
-0.3960 -0.006010
-0.4392 -0.002941
-0.4717 -0.001146
-0.4961 -0.000136
-0.5143 0.000397
-0.5277 0.000645
-0.5373 0.000727
-0.5440 0.000716
-0.5483 0.000657
-0.5506 0.000575
-0.5514 0.000488
-0.5507 0.000402
-0.5489 0.000324
-0.5459 0.000254
-0.5419 0.000194
-0.5370 0.000143
-0.5311 0.000100
-0.5241 0.000065
-0.5162 0.000037
-0.5072 0.000014
-0.4971 -0.000004
-0.4857 -0.000019
-0.4731 -0.000029
-0.4591 -0.000037
-0.4436 -0.000043
-0.4265 -0.000047
-0.4078 -0.000049
-0.3872 -0.000050
-0.3648 -0.000050
-0.3403 -0.000049
-0.3136 -0.000048
-0.2843 -0.000047
-0.2517 -0.000045
-0.2149 -0.000043
-0.1713 -0.000041
-0.1154 -0.000040
-0.0356 -0.034780
0.0833 -0.065479
0.2028 -0.105274
0.2761 -0.116338
0.3010 -0.120142
0.2934 -0.119038
0.2686 -0.115341
0.2370 -0.110604
0.2040 -0.105650
0.1717 -0.100807
0.1404 -0.096112
0.1092 -0.091428
0.0761 -0.086473
0.0379 -0.080601
-0.0111 -0.067932
-0.0790 -0.051213
-0.1661 -0.033952
-0.2546 -0.020848
-0.3296 -0.012101
-0.3883 -0.006629
-0.4331 -0.003319
-0.4669 -0.001373
-0.4924 -0.000270
-0.5113 0.000320
-0.5252 0.000603
-0.5353 0.000705
-0.5423 0.000707
-0.5468 0.000654
-0.5494 0.000577
-0.5503 0.000491
-0.5498 0.000406
-0.5481 0.000327
-0.5453 0.000257
-0.5414 0.000197
-0.5366 0.000145
-0.5308 0.000102
-0.5239 0.000066
-0.5161 0.000037
-0.5073 0.000014
-0.4973 -0.000004
-0.4861 -0.000019
-0.4736 -0.000029
-0.4598 -0.000038
-0.4445 -0.000043
-0.4276 -0.000047
-0.4091 -0.000050
-0.3888 -0.000051
-0.3666 -0.000051
-0.3424 -0.000050
-0.3159 -0.000049
-0.2869 -0.000047
-0.2548 -0.000045
-0.2185 -0.000043
-0.1757 -0.000042
-0.1215 -0.000041
-0.0445 -0.034118
0.0707 -0.064068
0.1931 -0.103800
0.2714 -0.115626
0.3004 -0.120044
0.2952 -0.119307
0.2716 -0.115784
0.2404 -0.111105
0.2074 -0.106157
0.1750 -0.101304
0.1437 -0.096606
0.1126 -0.091940
0.0800 -0.087044
0.0426 -0.081450
-0.0048 -0.069476
-0.0700 -0.053395
-0.1554 -0.035768
-0.2447 -0.022145
-0.3214 -0.012945
-0.3818 -0.007158
-0.4280 -0.003645
-0.4629 -0.001572
-0.4891 -0.000389
-0.5087 0.000250
-0.5231 0.000563
-0.5335 0.000684
-0.5408 0.000696
-0.5455 0.000649
-0.5483 0.000575
-0.5493 0.000491
-0.5489 0.000407
-0.5473 0.000329
-0.5446 0.000259
-0.5408 0.000198
-0.5360 0.000146
-0.5303 0.000102
-0.5236 0.000067
-0.5158 0.000037
-0.5071 0.000014
-0.4972 -0.000004
-0.4861 -0.000019
-0.4737 -0.000030
-0.4600 -0.000038
-0.4449 -0.000044
-0.4282 -0.000048
-0.4098 -0.000050
-0.3897 -0.000051
-0.3677 -0.000051
-0.3437 -0.000051
-0.3174 -0.000049
-0.2887 -0.000048
-0.2568 -0.000046
-0.2209 -0.000044
-0.1788 -0.000042
-0.1256 -0.000041
-0.0505 -0.033670
0.0619 -0.042064
0.1859 -0.102725
0.2678 -0.115085
0.2998 -0.119949
0.2964 -0.119485
0.2737 -0.116095
0.2428 -0.111465
0.2098 -0.106524
0.1775 -0.101666
0.1461 -0.096966
0.1151 -0.092314
0.0827 -0.087460
0.0460 -0.081959
-0.0002 -0.070620
-0.0635 -0.055040
-0.1474 -0.037162
-0.2370 -0.023159
-0.3150 -0.013613
-0.3767 -0.007580
-0.4240 -0.003908
-0.4597 -0.001734
-0.4865 -0.000489
-0.5065 0.000189
-0.5213 0.000526
-0.5320 0.000662
-0.5394 0.000683
-0.5443 0.000642
-0.5472 0.000571
-0.5483 0.000488
-0.5480 0.000406
-0.5465 0.000328
-0.5438 0.000258
-0.5401 0.000197
-0.5353 0.000145
-0.5297 0.000102
-0.5230 0.000066
-0.5153 0.000037
-0.5066 0.000013
-0.4968 -0.000005
-0.4858 -0.000020
-0.4735 -0.000031
-0.4599 -0.000039
-0.4449 -0.000045
-0.4283 -0.000048
-0.4100 -0.000051
-0.3900 -0.000052
-0.3682 -0.000052
-0.3443 -0.000051
-0.3182 -0.000050
-0.2896 -0.000048
-0.2580 -0.000046
-0.2223 -0.000044
-0.1805 -0.000043
-0.1280 -0.000042
-0.0539 -0.033413
0.0565 -0.041666
0.1815 -0.102067
0.2655 -0.114745
0.2994 -0.119883
0.2971 -0.119590
0.2750 -0.116286
0.2443 -0.111689
0.2114 -0.106755
0.1790 -0.101896
0.1477 -0.097198
0.1167 -0.092557
0.0845 -0.087732
0.0482 -0.082294
0.0029 -0.071407
-0.0591 -0.056189
-0.1419 -0.038146
-0.2317 -0.023884
-0.3105 -0.014095
-0.3731 -0.007889
-0.4210 -0.004103
-0.4573 -0.001857
-0.4845 -0.000566
-0.5048 0.000141
-0.5198 0.000495
-0.5307 0.000642
-0.5383 0.000670
-0.5433 0.000633
-0.5462 0.000565
-0.5474 0.000484
-0.5471 0.000402
-0.5456 0.000325
-0.5429 0.000256
-0.5392 0.000195
-0.5346 0.000144
-0.5289 0.000100
-0.5222 0.000065
-0.5146 0.000035
-0.5059 0.000012
-0.4961 -0.000006
-0.4852 -0.000021
-0.4730 -0.000032
-0.4594 -0.000040
-0.4444 -0.000045
-0.4279 -0.000049
-0.4097 -0.000052
-0.3898 -0.000053
-0.3680 -0.000053
-0.3442 -0.000052
-0.3182 -0.000050
-0.2897 -0.000049
-0.2582 -0.000047
-0.2226 -0.000045
-0.1810 -0.000043
-0.1287 -0.000042
-0.0550 -0.016686
0.0548 -0.041537
0.1801 -0.101843
0.2648 -0.114629
0.2992 -0.119863
0.2974 -0.119633
0.2755 -0.116363
0.2449 -0.111781
0.2120 -0.106853
0.1797 -0.101997
0.1484 -0.097304
0.1175 -0.092673
0.0854 -0.087866
0.0494 -0.082464
0.0044 -0.071844
-0.0568 -0.056782
-0.1389 -0.038667
-0.2287 -0.024280
-0.3079 -0.014365
-0.3709 -0.008067
-0.4192 -0.004220
-0.4557 -0.001934
-0.4832 -0.000618
-0.5036 0.000104
-0.5187 0.000469
-0.5296 0.000623
-0.5373 0.000656
-0.5423 0.000622
-0.5453 0.000556
-0.5465 0.000477
-0.5462 0.000396
-0.5447 0.000320
-0.5420 0.000252
-0.5383 0.000192
-0.5336 0.000141
-0.5280 0.000098
-0.5213 0.000062
-0.5137 0.000033
-0.5050 0.000010
-0.4952 -0.000008
-0.4843 -0.000022
-0.4721 -0.000033
-0.4586 -0.000041
-0.4436 -0.000046
-0.4271 -0.000050
-0.4090 -0.000052
-0.3891 -0.000053
-0.3673 -0.000053
-0.3436 -0.000052
-0.3176 -0.000051
-0.2891 -0.000049
-0.2575 -0.000047
-0.2220 -0.000045
-0.1803 -0.000043
-0.1278 -0.000042
-0.0538 -0.033421
0.0566 -0.041668
0.1814 -0.102050
0.2655 -0.114738
0.2994 -0.119893
0.2973 -0.119618
0.2752 -0.116329
0.2446 -0.111744
0.2118 -0.106821
0.1795 -0.101973
0.1483 -0.097287
0.1175 -0.092665
0.0854 -0.087868
0.0495 -0.082477
0.0046 -0.071902
-0.0564 -0.056884
-0.1383 -0.038768
-0.2280 -0.024366
-0.3072 -0.014433
-0.3702 -0.008119
-0.4185 -0.004261
-0.4550 -0.001967
-0.4825 -0.000645
-0.5029 0.000082
-0.5179 0.000451
-0.5288 0.000607
-0.5365 0.000642
-0.5415 0.000611
-0.5444 0.000546
-0.5456 0.000468
-0.5453 0.000389
-0.5437 0.000314
-0.5411 0.000246
-0.5373 0.000187
-0.5326 0.000136
-0.5269 0.000094
-0.5203 0.000059
-0.5126 0.000031
-0.5039 0.000008
-0.4941 -0.000010
-0.4831 -0.000024
-0.4709 -0.000034
-0.4574 -0.000042
-0.4424 -0.000047
-0.4259 -0.000051
-0.4077 -0.000053
-0.3878 -0.000054
-0.3660 -0.000054
-0.3422 -0.000053
-0.3162 -0.000051
-0.2877 -0.000050
-0.2561 -0.000048
-0.2203 -0.000046
-0.1784 -0.000044
-0.1254 -0.000043
-0.0504 -0.033676
0.0617 -0.042052
0.1856 -0.102675
0.2677 -0.115067
0.2999 -0.119973
0.2968 -0.119548
0.2743 -0.116189
0.2436 -0.111583
0.2108 -0.106663
0.1785 -0.101826
0.1474 -0.097152
0.1166 -0.092537
0.0846 -0.087740
0.0485 -0.082337
0.0035 -0.071591
-0.0579 -0.056442
-0.1400 -0.038413
-0.2295 -0.024123
-0.3083 -0.014286
-0.3709 -0.008039
-0.4189 -0.004222
-0.4551 -0.001954
-0.4823 -0.000646
-0.5026 0.000073
-0.5175 0.000438
-0.5283 0.000593
-0.5358 0.000628
-0.5408 0.000597
-0.5436 0.000534
-0.5447 0.000457
-0.5444 0.000379
-0.5428 0.000305
-0.5400 0.000239
-0.5362 0.000181
-0.5315 0.000131
-0.5257 0.000090
-0.5190 0.000055
-0.5113 0.000028
-0.5026 0.000005
-0.4927 -0.000012
-0.4817 -0.000026
-0.4694 -0.000036
-0.4558 -0.000043
-0.4408 -0.000049
-0.4242 -0.000052
-0.4060 -0.000054
-0.3860 -0.000054
-0.3642 -0.000054
-0.3403 -0.000053
-0.3142 -0.000052
-0.2855 -0.000050
-0.2537 -0.000048
-0.2177 -0.000046
-0.1753 -0.000044
-0.1213 -0.000043
-0.0446 -0.034108
0.0701 -0.063998
0.1924 -0.103701
0.2711 -0.115592
0.3007 -0.120086
0.2959 -0.119414
0.2726 -0.115939
0.2417 -0.111297
0.2089 -0.106380
0.1767 -0.101558
0.1457 -0.096899
0.1150 -0.092289
0.0829 -0.087482
0.0466 -0.082043
0.0010 -0.070966
-0.0612 -0.055560
-0.1440 -0.037676
-0.2332 -0.023597
-0.3112 -0.013954
-0.3730 -0.007842
-0.4203 -0.004113
-0.4561 -0.001898
-0.4829 -0.000622
-0.5028 0.000079
-0.5175 0.000433
-0.5280 0.000583
-0.5354 0.000615
-0.5402 0.000584
-0.5429 0.000521
-0.5439 0.000445
-0.5434 0.000368
-0.5417 0.000296
-0.5389 0.000230
-0.5351 0.000173
-0.5302 0.000125
-0.5244 0.000084
-0.5176 0.000051
-0.5098 0.000024
-0.5010 0.000002
-0.4911 -0.000015
-0.4800 -0.000028
-0.4676 -0.000038
-0.4539 -0.000045
-0.4388 -0.000050
-0.4221 -0.000053
-0.4038 -0.000055
-0.3837 -0.000055
-0.3617 -0.000055
-0.3377 -0.000054
-0.3115 -0.000052
-0.2826 -0.000050
-0.2505 -0.000048
-0.2141 -0.000046
-0.1710 -0.000044
-0.1156 -0.000043
-0.0364 -0.034726
0.0817 -0.065301
0.2014 -0.105064
0.2756 -0.116261
0.3014 -0.120201
0.2945 -0.119202
0.2702 -0.115577
0.2389 -0.110890
0.2062 -0.105976
0.1742 -0.101176
0.1433 -0.096534
0.1125 -0.091928
0.0803 -0.087099
0.0436 -0.081598
-0.0028 -0.070011
-0.0665 -0.054183
-0.1503 -0.036533
-0.2390 -0.022785
-0.3158 -0.013437
-0.3764 -0.007533
-0.4227 -0.003936
-0.4577 -0.001803
-0.4839 -0.000577
-0.5034 0.000095
-0.5177 0.000433
-0.5279 0.000574
-0.5350 0.000602
-0.5396 0.000569
-0.5422 0.000506
-0.5431 0.000431
-0.5425 0.000356
-0.5407 0.000284
-0.5377 0.000220
-0.5338 0.000165
-0.5288 0.000118
-0.5229 0.000078
-0.5160 0.000046
-0.5082 0.000020
-0.4992 -0.000001
-0.4892 -0.000018
-0.4780 -0.000030
-0.4655 -0.000040
-0.4517 -0.000046
-0.4364 -0.000051
-0.4196 -0.000054
-0.4011 -0.000055
-0.3809 -0.000056
-0.3588 -0.000055
-0.3346 -0.000054
-0.3081 -0.000052
-0.2789 -0.000050
-0.2465 -0.000048
-0.2095 -0.000046
-0.1654 -0.000044
-0.1080 -0.000043
-0.0253 -0.035554
0.0966 -0.066982
0.2124 -0.106722
0.2807 -0.117034
0.3020 -0.120294
0.2925 -0.118901
0.2670 -0.115099
0.2354 -0.110362
0.2027 -0.105456
0.1709 -0.100680
0.1401 -0.096057
0.1094 -0.091451
0.0769 -0.086588
0.0395 -0.080992
-0.0081 -0.068724
-0.0737 -0.052353
-0.1588 -0.035025
-0.2468 -0.021721
-0.3220 -0.012761
-0.3810 -0.007126
-0.4261 -0.003700
-0.4601 -0.001673
-0.4855 -0.000512
-0.5044 0.000122
-0.5182 0.000437
-0.5281 0.000566
-0.5349 0.000588
-0.5392 0.000553
-0.5416 0.000490
-0.5422 0.000416
-0.5415 0.000341
-0.5396 0.000272
-0.5365 0.000209
-0.5324 0.000155
-0.5273 0.000110
-0.5213 0.000071
-0.5143 0.000040
-0.5063 0.000015
-0.4972 -0.000005
-0.4871 -0.000021
-0.4757 -0.000033
-0.4631 -0.000042
-0.4491 -0.000048
-0.4337 -0.000052
-0.4167 -0.000055
-0.3980 -0.000056
-0.3776 -0.000056
-0.3552 -0.000056
-0.3308 -0.000054
-0.3040 -0.000052
-0.2745 -0.000050
-0.2416 -0.000048
-0.2038 -0.000046
-0.1584 -0.000044
-0.0984 -0.000044
-0.0110 -0.036620
0.1143 -0.091954
0.2249 -0.108602
0.2860 -0.117851
0.3022 -0.120328
0.2898 -0.118495
0.2630 -0.114502
0.2311 -0.109714
0.1985 -0.104821
0.1669 -0.100074
0.1362 -0.095472
0.1054 -0.090859
0.0726 -0.085945
0.0344 -0.079862
-0.0149 -0.067104
-0.0831 -0.050116
-0.1695 -0.033203
-0.2564 -0.020450
-0.3296 -0.011956
-0.3867 -0.006639
-0.4303 -0.003418
-0.4630 -0.001516
-0.4875 -0.000431
-0.5057 0.000157
-0.5189 0.000446
-0.5284 0.000560
-0.5348 0.000575
-0.5388 0.000536
-0.5409 0.000472
-0.5414 0.000399
-0.5405 0.000326
-0.5384 0.000258
-0.5352 0.000197
-0.5309 0.000145
-0.5257 0.000101
-0.5195 0.000064
-0.5124 0.000034
-0.5042 0.000010
-0.4950 -0.000009
-0.4847 -0.000024
-0.4731 -0.000035
-0.4603 -0.000044
-0.4462 -0.000050
-0.4305 -0.000054
-0.4133 -0.000056
-0.3944 -0.000057
-0.3737 -0.000057
-0.3511 -0.000056
-0.3263 -0.000054
-0.2992 -0.000053
-0.2692 -0.000050
-0.2357 -0.000048
-0.1971 -0.000046
-0.1500 -0.000045
-0.0864 -0.000044
0.0069 -0.037958
0.1344 -0.094972
0.2382 -0.110609
0.2912 -0.118642
0.3017 -0.120265
0.2862 -0.117967
0.2582 -0.113781
0.2260 -0.108950
0.1935 -0.104077
0.1621 -0.099364
0.1316 -0.094780
0.1007 -0.090153
0.0674 -0.085167
0.0280 -0.078432
-0.0234 -0.065155
-0.0946 -0.047480
-0.1823 -0.031098
-0.2677 -0.019004
-0.3384 -0.011045
-0.3934 -0.006090
-0.4351 -0.003098
-0.4665 -0.001339
-0.4899 -0.000340
-0.5073 0.000197
-0.5199 0.000456
-0.5288 0.000554
-0.5348 0.000560
-0.5385 0.000518
-0.5403 0.000453
-0.5406 0.000381
-0.5394 0.000309
-0.5371 0.000243
-0.5337 0.000184
-0.5293 0.000134
-0.5239 0.000091
-0.5176 0.000056
-0.5103 0.000027
-0.5019 0.000004
-0.4925 -0.000014
-0.4820 -0.000028
-0.4703 -0.000038
-0.4573 -0.000046
-0.4429 -0.000051
-0.4270 -0.000055
-0.4095 -0.000057
-0.3903 -0.000058
-0.3693 -0.000057
-0.3464 -0.000056
-0.3212 -0.000055
-0.2937 -0.000053
-0.2632 -0.000050
-0.2289 -0.000048
-0.1891 -0.000046
-0.1398 -0.000045
-0.0718 -0.016063
0.0290 -0.039606
0.1567 -0.098324
0.2518 -0.112662
0.2959 -0.119350
0.3004 -0.120074
0.2818 -0.117306
0.2526 -0.112936
0.2202 -0.108072
0.1879 -0.103227
0.1567 -0.098550
0.1262 -0.093982
0.0952 -0.089328
0.0613 -0.084242
0.0204 -0.076279
-0.0338 -0.062649
-0.1085 -0.044474
-0.1971 -0.028755
-0.2804 -0.017422
-0.3483 -0.010055
-0.4008 -0.005495
-0.4406 -0.002752
-0.4704 -0.001147
-0.4927 -0.000241
-0.5091 0.000240
-0.5210 0.000468
-0.5293 0.000547
-0.5349 0.000545
-0.5382 0.000498
-0.5397 0.000433
-0.5397 0.000361
-0.5383 0.000291
-0.5358 0.000227
-0.5322 0.000171
-0.5276 0.000122
-0.5220 0.000082
-0.5155 0.000048
-0.5080 0.000021
-0.4994 -0.000001
-0.4898 -0.000018
-0.4791 -0.000031
-0.4671 -0.000041
-0.4538 -0.000048
-0.4392 -0.000053
-0.4230 -0.000056
-0.4052 -0.000058
-0.3857 -0.000058
-0.3644 -0.000058
-0.3410 -0.000056
-0.3155 -0.000055
-0.2874 -0.000053
-0.2563 -0.000050
-0.2210 -0.000048
-0.1797 -0.000046
-0.1277 -0.000045
-0.0541 -0.016723
0.0556 -0.041597
0.1803 -0.101885
0.2649 -0.114649
0.2995 -0.119905
0.2980 -0.119718
0.2764 -0.116496
0.2461 -0.111962
0.2135 -0.107080
0.1815 -0.102272
0.1506 -0.097634
0.1202 -0.093075
0.0889 -0.088378
0.0540 -0.083157
0.0112 -0.073710
-0.0465 -0.059451
-0.1249 -0.041167
-0.2138 -0.026248
-0.2944 -0.015756
-0.3591 -0.009019
-0.4089 -0.004875
-0.4465 -0.002393
-0.4747 -0.000948
-0.4957 -0.000139
-0.5111 0.000284
-0.5222 0.000478
-0.5299 0.000540
-0.5350 0.000528
-0.5379 0.000478
-0.5391 0.000411
-0.5387 0.000341
-0.5371 0.000272
-0.5343 0.000211
-0.5305 0.000156
-0.5257 0.000110
-0.5199 0.000071
-0.5132 0.000039
-0.5054 0.000014
-0.4967 -0.000007
-0.4868 -0.000023
-0.4758 -0.000035
-0.4636 -0.000044
-0.4500 -0.000050
-0.4351 -0.000055
-0.4186 -0.000057
-0.4004 -0.000059
-0.3806 -0.000059
-0.3588 -0.000058
-0.3350 -0.000057
-0.3090 -0.000055
-0.2803 -0.000053
-0.2484 -0.000050
-0.2120 -0.000048
-0.1688 -0.000046
-0.1131 -0.000045
-0.0330 -0.034977
0.0859 -0.065779
0.2044 -0.105516
0.2770 -0.116473
0.3017 -0.120249
0.2943 -0.119173
0.2699 -0.115532
0.2388 -0.110862
0.2062 -0.105980
0.1745 -0.101216
0.1438 -0.096615
0.1134 -0.092057
0.0816 -0.087293
0.0455 -0.081891
0.0003 -0.070798
-0.0616 -0.055356
-0.1437 -0.037604
-0.2321 -0.023629
-0.3094 -0.014046
-0.3707 -0.007964
-0.4175 -0.004245
-0.4529 -0.002030
-0.4793 -0.000748
-0.4989 -0.000038
-0.5132 0.000327
-0.5235 0.000487
-0.5306 0.000531
-0.5351 0.000509
-0.5376 0.000456
-0.5384 0.000388
-0.5377 0.000319
-0.5358 0.000253
-0.5328 0.000193
-0.5287 0.000141
-0.5236 0.000097
-0.5176 0.000061
-0.5106 0.000031
-0.5027 0.000007
-0.4937 -0.000012
-0.4835 -0.000027
-0.4723 -0.000039
-0.4597 -0.000047
-0.4459 -0.000053
-0.4305 -0.000056
-0.4137 -0.000058
-0.3952 -0.000059
-0.3749 -0.000059
-0.3526 -0.000058
-0.3283 -0.000057
-0.3017 -0.000055
-0.2723 -0.000052
-0.2394 -0.000050
-0.2017 -0.000048
-0.1561 -0.000046
-0.0954 -0.000045
-0.0068 -0.036932
0.1189 -0.092641
0.2279 -0.109051
0.2872 -0.118028
0.3022 -0.120331
0.2892 -0.118418
0.2624 -0.114408
0.2306 -0.109637
0.1982 -0.104774
0.1668 -0.100061
0.1363 -0.095494
0.1058 -0.090922
0.0734 -0.086060
0.0357 -0.080233
-0.0127 -0.067622
-0.0796 -0.050869
-0.1650 -0.033881
-0.2518 -0.020979
-0.3252 -0.012342
-0.3827 -0.006919
-0.4265 -0.003624
-0.4594 -0.001673
-0.4840 -0.000553
-0.5022 0.000059
-0.5155 0.000366
-0.5249 0.000494
-0.5313 0.000519
-0.5352 0.000489
-0.5372 0.000432
-0.5376 0.000365
-0.5366 0.000297
-0.5344 0.000233
-0.5311 0.000176
-0.5267 0.000126
-0.5214 0.000085
-0.5151 0.000050
-0.5079 0.000022
-0.4997 -0.000001
-0.4904 -0.000018
-0.4800 -0.000032
-0.4684 -0.000042
-0.4555 -0.000050
-0.4412 -0.000055
-0.4255 -0.000058
-0.4083 -0.000060
-0.3893 -0.000060
-0.3685 -0.000060
-0.3458 -0.000058
-0.3209 -0.000057
-0.2936 -0.000054
-0.2634 -0.000052
-0.2293 -0.000050
-0.1898 -0.000048
-0.1411 -0.000046
-0.0738 -0.015989
0.0256 -0.039352
0.1531 -0.097793
0.2495 -0.112325
0.2951 -0.119229
0.3007 -0.120111
0.2827 -0.117441
0.2539 -0.113125
0.2216 -0.108291
0.1895 -0.103465
0.1584 -0.098807
0.1281 -0.094267
0.0974 -0.089659
0.0640 -0.084657
0.0241 -0.077408
-0.0283 -0.064046
-0.1007 -0.046080
-0.1884 -0.030053
-0.2724 -0.018341
-0.3415 -0.010670
-0.3951 -0.005903
-0.4357 -0.003024
-0.4662 -0.001331
-0.4889 -0.000369
-0.5056 0.000149
-0.5177 0.000401
-0.5262 0.000497
-0.5319 0.000505
-0.5353 0.000467
-0.5368 0.000407
-0.5367 0.000340
-0.5354 0.000273
-0.5328 0.000212
-0.5292 0.000157
-0.5246 0.000111
-0.5190 0.000072
-0.5124 0.000039
-0.5049 0.000013
-0.4964 -0.000008
-0.4868 -0.000024
-0.4760 -0.000036
-0.4641 -0.000046
-0.4508 -0.000052
-0.4362 -0.000057
-0.4200 -0.000059
-0.4023 -0.000060
-0.3828 -0.000061
-0.3615 -0.000060
-0.3382 -0.000058
-0.3126 -0.000056
-0.2845 -0.000054
-0.2533 -0.000052
-0.2179 -0.000049
-0.1762 -0.000047
-0.1232 -0.000046
-0.0480 -0.033861
0.0646 -0.042273
0.1875 -0.102963
0.2685 -0.115186
0.3001 -0.120003
0.2970 -0.119566
0.2747 -0.116240
0.2443 -0.111688
0.2119 -0.106828
0.1801 -0.102055
0.1494 -0.097452
0.1192 -0.092924
0.0880 -0.088251
0.0533 -0.083049
0.0106 -0.073523
-0.0470 -0.059313
-0.1251 -0.041070
-0.2136 -0.026219
-0.2938 -0.015775
-0.3582 -0.009065
