0.1663 -0.099764
0.2604 -0.113963
0.3022 -0.120295
0.3039 -0.120599
0.2827 -0.117448
0.2515 -0.112768
0.2174 -0.107667
0.1839 -0.102635
0.1516 -0.097790
0.1199 -0.093040
0.0873 -0.088140
0.0507 -0.082663
0.0052 -0.072651
-0.0569 -0.056794
-0.1400 -0.038567
-0.2307 -0.024110
-0.3105 -0.014174
-0.3740 -0.007878
-0.4226 -0.004043
-0.4595 -0.001772
-0.4872 -0.000473
-0.5079 0.000234
-0.5232 0.000584
-0.5344 0.000724
-0.5423 0.000745
-0.5476 0.000700
-0.5507 0.000624
-0.5522 0.000536
-0.5522 0.000448
-0.5509 0.000365
-0.5484 0.000290
-0.5449 0.000225
-0.5405 0.000169
-0.5350 0.000122
-0.5286 0.000083
-0.5212 0.000052
-0.5127 0.000026
-0.5031 0.000005
-0.4924 -0.000011
-0.4804 -0.000023
-0.4670 -0.000032
-0.4523 -0.000039
-0.4359 -0.000044
-0.4180 -0.000047
-0.3983 -0.000049
-0.3767 -0.000049
-0.3531 -0.000049
-0.3274 -0.000048
-0.2993 -0.000047
-0.2683 -0.000045
-0.2336 -0.000043
-0.1935 -0.000042
-0.1444 -0.000040
-0.0771 -0.000040
0.0228 -0.039140
0.1522 -0.097641
0.2522 -0.112718
0.2997 -0.119922
0.3052 -0.120801
0.2860 -0.117945
0.2555 -0.113379
0.2216 -0.108298
0.1880 -0.103253
0.1557 -0.098395
0.1240 -0.093653
0.0917 -0.088802
0.0559 -0.083448
0.0121 -0.074474
-0.0471 -0.059418
-0.1275 -0.040847
-0.2183 -0.025814
-0.3001 -0.015305
-0.3657 -0.008592
-0.4162 -0.004484
-0.4544 -0.002041
-0.4832 -0.000633
-0.5047 0.000140
-0.5206 0.000531
-0.5323 0.000695
-0.5405 0.000730
-0.5461 0.000694
-0.5495 0.000622
-0.5511 0.000537
-0.5512 0.000450
-0.5500 0.000367
-0.5477 0.000292
-0.5443 0.000227
-0.5399 0.000171
-0.5346 0.000124
-0.5283 0.000084
-0.5210 0.000052
-0.5126 0.000026
-0.5032 0.000006
-0.4926 -0.000011
-0.4807 -0.000023
-0.4675 -0.000033
-0.4529 -0.000040
-0.4368 -0.000044
-0.4190 -0.000048
-0.3995 -0.000049
-0.3782 -0.000050
-0.3549 -0.000050
-0.3294 -0.000049
-0.3016 -0.000047
-0.2709 -0.000046
-0.2366 -0.000044
-0.1972 -0.000042
-0.1492 -0.000041
-0.0842 -0.000040
0.0121 -0.038340
0.1411 -0.095978
0.2454 -0.111691
0.2975 -0.119576
0.3061 -0.120919
0.2885 -0.118309
0.2586 -0.113843
0.2249 -0.108785
0.1912 -0.103732
0.1588 -0.098865
0.1272 -0.094129
0.0951 -0.089314
0.0600 -0.084049
0.0173 -0.075963
-0.0396 -0.061596
-0.1177 -0.042749
-0.2084 -0.027259
-0.2916 -0.016273
-0.3589 -0.009207
-0.4108 -0.004865
-0.4502 -0.002274
-0.4798 -0.000774
-0.5020 0.000056
-0.5184 0.000482
-0.5304 0.000667
-0.5389 0.000715
-0.5447 0.000686
-0.5483 0.000619
-0.5500 0.000536
-0.5502 0.000450
-0.5492 0.000368
-0.5469 0.000293
-0.5436 0.000228
-0.5393 0.000171
-0.5340 0.000124
-0.5278 0.000085
-0.5205 0.000052
-0.5123 0.000026
-0.5029 0.000005
-0.4924 -0.000011
-0.4807 -0.000024
-0.4676 -0.000033
-0.4531 -0.000040
-0.4371 -0.000045
-0.4195 -0.000048
-0.4002 -0.000050
-0.3790 -0.000051
-0.3559 -0.000050
-0.3307 -0.000049
-0.3030 -0.000048
-0.2726 -0.000046
-0.2387 -0.000044
-0.1997 -0.000043
-0.1524 -0.000041
-0.0890 -0.000041
0.0049 -0.037801
0.1333 -0.094801
0.2404 -0.110933
0.2956 -0.119301
0.3065 -0.120981
0.2901 -0.118555
0.2608 -0.114167
0.2272 -0.109130
0.1935 -0.104075
0.1610 -0.099204
0.1295 -0.094473
0.0976 -0.089685
0.0629 -0.084484
0.0211 -0.077094
-0.0343 -0.063239
-0.1106 -0.044198
-0.2008 -0.028380
-0.2851 -0.017035
-0.3536 -0.009694
-0.4066 -0.005170
-0.4468 -0.002463
-0.4771 -0.000891
-0.4997 -0.000016
-0.5165 0.000438
-0.5288 0.000641
-0.5375 0.000699
-0.5434 0.000677
-0.5471 0.000614
-0.5490 0.000533
-0.5493 0.000448
-0.5483 0.000367
-0.5461 0.000292
-0.5428 0.000227
-0.5386 0.000171
-0.5333 0.000123
-0.5271 0.000084
-0.5199 0.000052
-0.5117 0.000025
-0.5024 0.000005
-0.4920 -0.000012
-0.4803 -0.000024
-0.4674 -0.000034
-0.4530 -0.000041
-0.4371 -0.000046
-0.4196 -0.000049
-0.4004 -0.000051
-0.3793 -0.000051
-0.3563 -0.000051
-0.3312 -0.000050
-0.3037 -0.000049
-0.2735 -0.000047
-0.2397 -0.000045
-0.2010 -0.000043
-0.1541 -0.000042
-0.0915 -0.000041
0.0009 -0.037503
0.1288 -0.094125
0.2374 -0.110485
0.2945 -0.119130
0.3067 -0.121010
0.2911 -0.118696
0.2621 -0.114358
0.2286 -0.109337
0.1949 -0.104284
0.1624 -0.099413
0.1309 -0.094689
0.0991 -0.089920
0.0647 -0.084763
0.0236 -0.077800
-0.0308 -0.064064
-0.1058 -0.045142
-0.1957 -0.029130
-0.2805 -0.017554
-0.3499 -0.010032
-0.4036 -0.005386
-0.4443 -0.002601
-0.4750 -0.000979
-0.4980 -0.000072
-0.5150 0.000401
-0.5274 0.000617
-0.5363 0.000683
-0.5423 0.000666
-0.5461 0.000606
-0.5480 0.000527
-0.5483 0.000443
-0.5473 0.000363
-0.5452 0.000289
-0.5419 0.000224
-0.5377 0.000168
-0.5325 0.000121
-0.5263 0.000082
-0.5191 0.000050
-0.5110 0.000024
-0.5017 0.000003
-0.4913 -0.000013
-0.4797 -0.000026
-0.4667 -0.000035
-0.4524 -0.000042
-0.4366 -0.000047
-0.4191 -0.000050
-0.4000 -0.000051
-0.3790 -0.000052
-0.3561 -0.000051
-0.3311 -0.000050
-0.3037 -0.000049
-0.2735 -0.000047
-0.2398 -0.000045
-0.2012 -0.000043
-0.1545 -0.000042
-0.0921 -0.000041
-0.0001 -0.037435
0.1276 -0.093956
0.2366 -0.110367
0.2942 -0.119084
0.3067 -0.121018
0.2913 -0.118738
0.2625 -0.114419
0.2290 -0.109407
0.1954 -0.104360
0.1630 -0.099495
0.1315 -0.094778
0.0998 -0.090023
0.0656 -0.084890
0.0247 -0.078181
-0.0291 -0.064452
-0.1034 -0.045661
-0.1930 -0.029545
-0.2781 -0.017845
-0.3478 -0.010226
-0.4018 -0.005514
-0.4428 -0.002685
-0.4737 -0.001036
-0.4968 -0.000111
-0.5139 0.000374
-0.5264 0.000597
-0.5353 0.000668
-0.5414 0.000654
-0.5451 0.000596
-0.5470 0.000519
-0.5474 0.000437
-0.5464 0.000358
-0.5442 0.000285
-0.5410 0.000220
-0.5368 0.000165
-0.5315 0.000118
-0.5253 0.000080
-0.5182 0.000048
-0.5100 0.000022
-0.5007 0.000002
-0.4903 -0.000015
-0.4787 -0.000027
-0.4658 -0.000036
-0.4515 -0.000043
-0.4357 -0.000048
-0.4182 -0.000050
-0.3991 -0.000052
-0.3782 -0.000052
-0.3553 -0.000052
-0.3303 -0.000051
-0.3029 -0.000049
-0.2727 -0.000048
-0.2390 -0.000046
-0.2003 -0.000044
-0.1534 -0.000042
-0.0907 -0.000042
0.0020 -0.037588
0.1299 -0.094294
0.2381 -0.110586
0.2948 -0.119167
0.3067 -0.121011
0.2910 -0.118687
0.2620 -0.114353
0.2286 -0.109344
0.1950 -0.104305
0.1627 -0.099450
0.1313 -0.094743
0.0997 -0.089997
0.0654 -0.084872
0.0247 -0.078171
-0.0291 -0.064455
-0.1033 -0.045678
-0.1927 -0.029573
-0.2777 -0.017876
-0.3473 -0.010257
-0.4013 -0.005542
-0.4423 -0.002712
-0.4731 -0.001060
-0.4961 -0.000133
-0.5132 0.000355
-0.5257 0.000580
-0.5345 0.000653
-0.5405 0.000641
-0.5443 0.000585
-0.5462 0.000510
-0.5465 0.000429
-0.5454 0.000350
-0.5432 0.000278
-0.5400 0.000215
-0.5357 0.000160
-0.5304 0.000114
-0.5242 0.000076
-0.5170 0.000045
-0.5088 0.000019
-0.4995 -0.000001
-0.4891 -0.000016
-0.4775 -0.000028
-0.4645 -0.000038
-0.4502 -0.000044
-0.4343 -0.000048
-0.4169 -0.000051
-0.3977 -0.000053
-0.3768 -0.000053
-0.3538 -0.000053
-0.3288 -0.000051
-0.3013 -0.000050
-0.2711 -0.000048
-0.2373 -0.000046
-0.1983 -0.000044
-0.1511 -0.000043
-0.0873 -0.000042
0.0070 -0.037963
0.1353 -0.095112
0.2416 -0.111114
0.2961 -0.119365
0.3065 -0.120983
0.2900 -0.118541
0.2608 -0.114164
0.2273 -0.109151
0.1938 -0.104124
0.1616 -0.099284
0.1303 -0.094588
0.0986 -0.089845
0.0644 -0.084713
0.0234 -0.077777
-0.0307 -0.064079
-0.1053 -0.045223
-0.1947 -0.029234
-0.2793 -0.017660
-0.3485 -0.010132
-0.4020 -0.005477
-0.4426 -0.002682
-0.4732 -0.001051
-0.4960 -0.000136
-0.5129 0.000345
-0.5252 0.000567
-0.5339 0.000639
-0.5399 0.000627
-0.5435 0.000572
-0.5453 0.000498
-0.5456 0.000418
-0.5445 0.000341
-0.5422 0.000270
-0.5389 0.000208
-0.5345 0.000154
-0.5292 0.000109
-0.5230 0.000072
-0.5157 0.000041
-0.5074 0.000016
-0.4981 -0.000003
-0.4876 -0.000019
-0.4759 -0.000030
-0.4629 -0.000039
-0.4485 -0.000045
-0.4326 -0.000050
-0.4151 -0.000052
-0.3959 -0.000053
-0.3748 -0.000054
-0.3518 -0.000053
-0.3267 -0.000052
-0.2991 -0.000050
-0.2687 -0.000048
-0.2346 -0.000046
-0.1953 -0.000044
-0.1473 -0.000043
-0.0819 -0.000042
0.0151 -0.038564
0.1438 -0.096382
0.2469 -0.111915
0.2979 -0.119649
0.3060 -0.120918
0.2884 -0.118296
0.2587 -0.113852
0.2252 -0.108831
0.1918 -0.103821
0.1597 -0.099001
0.1285 -0.094318
0.0968 -0.089573
0.0624 -0.084415
0.0210 -0.077076
-0.0339 -0.063289
-0.1094 -0.044325
-0.1990 -0.028555
-0.2828 -0.017215
-0.3511 -0.009863
-0.4038 -0.005323
-0.4438 -0.002600
-0.4739 -0.001013
-0.4963 -0.000124
-0.5129 0.000343
-0.5250 0.000557
-0.5335 0.000626
-0.5393 0.000613
-0.5428 0.000558
-0.5445 0.000484
-0.5446 0.000406
-0.5435 0.000330
-0.5411 0.000261
-0.5377 0.000200
-0.5333 0.000147
-0.5279 0.000103
-0.5215 0.000067
-0.5142 0.000037
-0.5059 0.000013
-0.4964 -0.000006
-0.4859 -0.000021
-0.4741 -0.000032
-0.4610 -0.000041
-0.4465 -0.000047
-0.4305 -0.000051
-0.4129 -0.000053
-0.3935 -0.000054
-0.3723 -0.000054
-0.3492 -0.000053
-0.3239 -0.000052
-0.2961 -0.000050
-0.2655 -0.000048
-0.2310 -0.000046
-0.1912 -0.000044
-0.1421 -0.000043
-0.0743 -0.000043
0.0264 -0.039413
0.1552 -0.098099
0.2538 -0.112959
0.3002 -0.119998
0.3053 -0.120805
0.2860 -0.117947
0.2558 -0.113416
0.2222 -0.108386
0.1890 -0.103396
0.1570 -0.098600
0.1259 -0.093930
0.0942 -0.089177
0.0595 -0.083974
0.0173 -0.076030
-0.0389 -0.061778
-0.1158 -0.043015
-0.2055 -0.027562
-0.2882 -0.016561
-0.3552 -0.009462
-0.4068 -0.005089
-0.4459 -0.002471
-0.4753 -0.000947
-0.4972 -0.000096
-0.5133 0.000349
-0.5251 0.000551
-0.5333 0.000614
-0.5389 0.000598
-0.5422 0.000542
-0.5437 0.000469
-0.5437 0.000392
-0.5424 0.000318
-0.5399 0.000250
-0.5364 0.000190
-0.5319 0.000139
-0.5264 0.000096
-0.5200 0.000061
-0.5125 0.000032
-0.5041 0.000009
-0.4945 -0.000010
-0.4839 -0.000024
-0.4719 -0.000035
-0.4587 -0.000042
-0.4441 -0.000048
-0.4279 -0.000052
-0.4102 -0.000054
-0.3907 -0.000055
-0.3693 -0.000055
-0.3460 -0.000054
-0.3204 -0.000052
-0.2924 -0.000051
-0.2614 -0.000049
-0.2265 -0.000047
-0.1859 -0.000045
-0.1353 -0.000043
-0.0643 -0.000043
0.0412 -0.040522
0.1691 -0.100190
0.2618 -0.114169
0.3026 -0.120358
0.3040 -0.120617
0.2830 -0.117485
0.2520 -0.112857
0.2185 -0.107820
0.1854 -0.102857
0.1536 -0.098089
0.1226 -0.093431
0.0907 -0.088660
0.0556 -0.083390
0.0124 -0.074654
-0.0456 -0.059796
-0.1244 -0.041308
-0.2141 -0.026283
-0.2953 -0.015721
-0.3606 -0.008948
-0.4108 -0.004787
-0.4487 -0.002301
-0.4772 -0.000858
-0.4984 -0.000055
-0.5140 0.000361
-0.5254 0.000548
-0.5333 0.000602
-0.5385 0.000582
-0.5416 0.000526
-0.5430 0.000453
-0.5428 0.000377
-0.5413 0.000304
-0.5387 0.000238
-0.5351 0.000180
-0.5304 0.000131
-0.5248 0.000089
-0.5182 0.000055
-0.5107 0.000027
-0.5021 0.000005
-0.4924 -0.000013
-0.4816 -0.000027
-0.4695 -0.000037
-0.4561 -0.000044
-0.4413 -0.000050
-0.4250 -0.000053
-0.4070 -0.000055
-0.3873 -0.000055
-0.3658 -0.000055
-0.3422 -0.000054
-0.3164 -0.000053
-0.2880 -0.000051
-0.2566 -0.000049
-0.2210 -0.000047
-0.1794 -0.000045
-0.1268 -0.000043
-0.0518 -0.033571
0.0598 -0.041913
0.1852 -0.102612
0.2705 -0.115488
0.3047 -0.120690
0.3021 -0.120332
0.2791 -0.116901
0.2475 -0.112174
0.2139 -0.107134
0.1810 -0.102204
0.1495 -0.097466
0.1185 -0.092818
0.0865 -0.088018
0.0506 -0.082653
0.0061 -0.072945
-0.0542 -0.057356
-0.1353 -0.039223
-0.2247 -0.024746
-0.3040 -0.014720
-0.3672 -0.008334
-0.4156 -0.004425
-0.4522 -0.002096
-0.4796 -0.000749
-0.5000 -0.000004
-0.5150 0.000378
-0.5258 0.000546
-0.5334 0.000590
-0.5383 0.000566
-0.5411 0.000507
-0.5422 0.000435
-0.5418 0.000360
-0.5402 0.000289
-0.5374 0.000225
-0.5336 0.000169
-0.5288 0.000121
-0.5230 0.000081
-0.5163 0.000048
-0.5086 0.000021
-0.4999 -0.000000
-0.4900 -0.000017
-0.4790 -0.000030
-0.4668 -0.000039
-0.4532 -0.000046
-0.4382 -0.000051
-0.4216 -0.000054
-0.4034 -0.000056
-0.3835 -0.000056
-0.3616 -0.000056
-0.3377 -0.000054
-0.3116 -0.000053
-0.2828 -0.000051
-0.2508 -0.000049
-0.2145 -0.000047
-0.1715 -0.000045
-0.1163 -0.000044
-0.0367 -0.034697
0.0816 -0.087054
0.2028 -0.105269
0.2794 -0.116829
0.3063 -0.120939
0.2993 -0.119924
0.2743 -0.116188
0.2421 -0.111366
0.2086 -0.106334
0.1760 -0.101442
0.1446 -0.096737
0.1136 -0.092092
0.0813 -0.087248
0.0446 -0.081753
-0.0016 -0.070909
-0.0650 -0.054487
-0.1484 -0.036808
-0.2371 -0.023000
-0.3141 -0.013593
-0.3748 -0.007645
-0.4213 -0.004019
-0.4563 -0.001866
-0.4825 -0.000627
-0.5020 0.000054
-0.5162 0.000399
-0.5265 0.000545
-0.5335 0.000577
-0.5381 0.000548
-0.5406 0.000488
-0.5414 0.000416
-0.5408 0.000342
-0.5390 0.000273
-0.5360 0.000211
-0.5320 0.000157
-0.5271 0.000111
-0.5211 0.000072
-0.5142 0.000041
-0.5063 0.000015
-0.4974 -0.000005
-0.4874 -0.000021
-0.4762 -0.000033
-0.4637 -0.000042
-0.4499 -0.000048
-0.4346 -0.000053
-0.4178 -0.000055
-0.3993 -0.000056
-0.3791 -0.000057
-0.3569 -0.000056
-0.3327 -0.000055
-0.3061 -0.000053
-0.2768 -0.000051
-0.2442 -0.000049
-0.2069 -0.000047
-0.1622 -0.000045
-0.1036 -0.000044
-0.0179 -0.036104
0.1061 -0.090715
0.2214 -0.108065
0.2878 -0.118115
0.3071 -0.121059
0.2956 -0.119373
0.2686 -0.115339
0.2359 -0.110436
0.2025 -0.105421
0.1702 -0.100573
0.1390 -0.095900
0.1080 -0.091251
0.0753 -0.086340
0.0374 -0.080671
-0.0112 -0.068541
-0.0781 -0.051240
-0.1638 -0.034125
-0.2512 -0.021100
-0.3254 -0.012378
-0.3834 -0.006905
-0.4276 -0.003583
-0.4609 -0.001620
-0.4858 -0.000496
-0.5042 0.000116
-0.5177 0.000420
-0.5273 0.000544
-0.5338 0.000564
-0.5379 0.000529
-0.5401 0.000467
-0.5406 0.000395
-0.5398 0.000323
-0.5377 0.000256
-0.5345 0.000196
-0.5303 0.000144
-0.5252 0.000100
-0.5190 0.000063
-0.5120 0.000033
-0.5039 0.000009
-0.4947 -0.000010
-0.4845 -0.000025
-0.4730 -0.000036
-0.4603 -0.000044
-0.4462 -0.000050
-0.4307 -0.000054
-0.4136 -0.000056
-0.3948 -0.000057
-0.3742 -0.000057
-0.3516 -0.000056
-0.3269 -0.000055
-0.2999 -0.000053
-0.2700 -0.000051
-0.2366 -0.000049
-0.1981 -0.000047
-0.1512 -0.000045
-0.0881 -0.000044
0.0054 -0.037843
0.1331 -0.094777
0.2399 -0.110854
0.2953 -0.119246
0.3066 -0.120998
0.2908 -0.118657
0.2620 -0.114351
0.2289 -0.109388
0.1957 -0.104403
0.1637 -0.099605
0.1328 -0.094961
0.1017 -0.090296
0.0683 -0.085291
0.0288 -0.079392
-0.0226 -0.065871
-0.0936 -0.047631
-0.1813 -0.031224
-0.2667 -0.019096
-0.3376 -0.011109
-0.3926 -0.006136
-0.4344 -0.003132
-0.4659 -0.001365
-0.4893 -0.000361
-0.5066 0.000179
-0.5192 0.000441
-0.5281 0.000541
-0.5341 0.000549
-0.5378 0.000508
-0.5396 0.000445
-0.5398 0.000374
-0.5386 0.000303
-0.5363 0.000238
-0.5329 0.000180
-0.5285 0.000130
-0.5231 0.000088
-0.5168 0.000054
-0.5095 0.000025
-0.5012 0.000003
-0.4918 -0.000015
-0.4813 -0.000029
-0.4696 -0.000039
-0.4566 -0.000047
-0.4422 -0.000052
-0.4263 -0.000055
-0.4088 -0.000057
-0.3897 -0.000058
-0.3687 -0.000058
-0.3457 -0.000056
-0.3205 -0.000055
-0.2929 -0.000053
-0.2623 -0.000051
-0.2279 -0.000048
-0.1878 -0.000046
-0.1382 -0.000045
-0.0690 -0.000045
0.0339 -0.039971
0.1620 -0.099122
0.2575 -0.113528
0.3013 -0.120157
0.3047 -0.120723
0.2848 -0.117766
0.2545 -0.113225
0.2212 -0.108225
0.1882 -0.103282
0.1566 -0.098536
0.1258 -0.093915
0.0944 -0.089216
0.0602 -0.084080
0.0187 -0.076469
-0.0364 -0.062505
-0.1119 -0.043731
-0.2007 -0.028186
-0.2834 -0.017043
-0.3506 -0.009822
-0.4025 -0.005359
-0.4417 -0.002678
-0.4711 -0.001111
-0.4930 -0.000228
-0.5092 0.000240
-0.5208 0.000461
-0.5290 0.000537
-0.5344 0.000533
-0.5376 0.000487
-0.5390 0.000422
-0.5389 0.000351
-0.5374 0.000282
-0.5348 0.000219
-0.5312 0.000164
-0.5265 0.000117
-0.5209 0.000077
-0.5143 0.000044
-0.5068 0.000018
-0.4982 -0.000004
-0.4886 -0.000020
-0.4778 -0.000033
-0.4658 -0.000042
-0.4524 -0.000049
-0.4377 -0.000054
-0.4215 -0.000057
-0.4036 -0.000058
-0.3840 -0.000059
-0.3626 -0.000058
-0.3391 -0.000057
-0.3134 -0.000055
-0.2851 -0.000053
-0.2537 -0.000051
-0.2180 -0.000048
-0.1761 -0.000046
-0.1227 -0.000045
-0.0464 -0.033981
0.0678 -0.042510
0.1914 -0.103553
0.2736 -0.115951
0.3053 -0.120774
0.3012 -0.120205
0.2777 -0.116694
0.2461 -0.111962
0.2127 -0.106953
0.1801 -0.102063
0.1488 -0.097368
0.1181 -0.092760
0.0863 -0.088002
0.0509 -0.082686
0.0069 -0.073108
-0.0528 -0.057706
-0.1329 -0.039591
-0.2218 -0.025077
-0.3010 -0.014988
-0.3642 -0.008546
-0.4126 -0.004594
-0.4492 -0.002234
-0.4766 -0.000863
-0.4969 -0.000100
-0.5118 0.000297
-0.5225 0.000476
-0.5299 0.000530
-0.5347 0.000514
-0.5374 0.000463
-0.5384 0.000397
-0.5379 0.000327
-0.5361 0.000261
-0.5332 0.000200
-0.5293 0.000148
-0.5244 0.000103
-0.5185 0.000065
-0.5117 0.000034
-0.5038 0.000010
-0.4950 -0.000010
-0.4850 -0.000025
-0.4739 -0.000037
-0.4616 -0.000046
-0.4479 -0.000052
-0.4328 -0.000056
-0.4162 -0.000058
-0.3979 -0.000059
-0.3778 -0.000059
-0.3558 -0.000058
-0.3318 -0.000057
-0.3054 -0.000055
-0.2764 -0.000053
-0.2439 -0.000050
-0.2069 -0.000048
-0.1624 -0.000046
-0.1042 -0.000045
-0.0191 -0.036017
0.1043 -0.090452
0.2199 -0.107841
0.2870 -0.117992
0.3069 -0.121033
0.2959 -0.119420
0.2693 -0.115436
0.2368 -0.110567
0.2035 -0.105576
0.1714 -0.100750
0.1404 -0.096103
0.1096 -0.091492
0.0773 -0.086641
0.0401 -0.081078
-0.0072 -0.069502
-0.0722 -0.052610
-0.1565 -0.035309
-0.2441 -0.021983
-0.3191 -0.012984
-0.3781 -0.007312
-0.4230 -0.003859
-0.4568 -0.001809
-0.4821 -0.000630
-0.5008 0.000019
-0.5144 0.000348
-0.5242 0.000488
-0.5308 0.000520
-0.5350 0.000493
-0.5371 0.000438
-0.5376 0.000371
-0.5368 0.000303
-0.5347 0.000238
-0.5315 0.000181
-0.5272 0.000131
-0.5220 0.000088
-0.5159 0.000053
-0.5087 0.000025
-0.5006 0.000002
-0.4915 -0.000016
-0.4812 -0.000030
-0.4697 -0.000041
-0.4570 -0.000049
-0.4430 -0.000054
-0.4274 -0.000057
-0.4103 -0.000059
-0.3915 -0.000060
-0.3709 -0.000059
-0.3484 -0.000058
-0.3237 -0.000057
-0.2966 -0.000055
-0.2667 -0.000052
-0.2330 -0.000050
-0.1941 -0.000048
-0.1465 -0.000046
-0.0815 -0.000046
0.0150 -0.038564
0.1432 -0.096289
0.2460 -0.111790
0.2974 -0.119563
0.3060 -0.120908
0.2889 -0.118368
0.2597 -0.114001
0.2267 -0.109048
0.1937 -0.104099
0.1620 -0.099342
0.1313 -0.094734
0.1003 -0.090095
0.0670 -0.085104
0.0276 -0.079096
