-0.4918 0.000520
-0.4783 0.000418
-0.4632 0.000335
-0.4465 0.000267
-0.4282 0.000211
-0.4080 0.000167
-0.3859 0.000130
-0.3619 0.000101
-0.3358 0.000078
-0.3073 0.000059
-0.2761 0.000044
-0.2414 0.000032
-0.2019 0.000022
-0.1543 0.000014
-0.0907 0.000007
0.0085 -0.000725
0.1484 -0.029405
0.2619 -0.052210
0.3173 -0.063400
0.3264 -0.065298
0.3084 -0.061731
0.2781 -0.055677
0.2442 -0.048902
0.2109 -0.042247
0.1796 -0.035987
0.1502 -0.030105
0.1219 -0.024432
0.0932 -0.018698
0.0622 -0.012503
0.0255 -0.005181
-0.0225 0.004011
-0.0895 0.013632
-0.1742 0.022019
-0.2590 0.027123
-0.3308 0.028673
-0.3876 0.027794
-0.4315 0.025595
-0.4653 0.022824
-0.4912 0.019925
-0.5110 0.017140
-0.5261 0.014591
-0.5374 0.012325
-0.5458 0.010350
-0.5518 0.008651
-0.5557 0.007205
-0.5580 0.005982
-0.5589 0.004953
-0.5584 0.004092
-0.5568 0.003374
-0.5541 0.002776
-0.5503 0.002279
-0.5454 0.001868
-0.5395 0.001528
-0.5326 0.001247
-0.5245 0.001015
-0.5152 0.000825
-0.5046 0.000668
-0.4928 0.000539
-0.4794 0.000434
-0.4646 0.000348
-0.4482 0.000277
-0.4301 0.000220
-0.4102 0.000174
-0.3885 0.000136
-0.3648 0.000105
-0.3390 0.000081
-0.3109 0.000061
-0.2801 0.000046
-0.2461 0.000033
-0.2073 0.000023
-0.1611 0.000015
-0.1005 0.000008
-0.0076 0.000876
0.1298 -0.025673
0.2500 -0.049821
0.3128 -0.062491
0.3270 -0.065402
0.3116 -0.062376
0.2824 -0.056544
0.2487 -0.049818
0.2154 -0.043137
0.1839 -0.036835
0.1543 -0.030922
0.1260 -0.025248
0.0975 -0.019560
0.0671 -0.013483
0.0317 -0.006412
-0.0140 0.002499
-0.0776 0.012154
-0.1604 0.020846
-0.2462 0.026526
-0.3203 0.028564
-0.3793 0.027983
-0.4249 0.025935
-0.4601 0.023222
-0.4870 0.020328
-0.5076 0.017521
-0.5233 0.014936
-0.5351 0.012629
-0.5439 0.010613
-0.5502 0.008877
-0.5544 0.007396
-0.5569 0.006143
-0.5579 0.005088
-0.5576 0.004205
-0.5561 0.003467
-0.5535 0.002853
-0.5498 0.002344
-0.5451 0.001921
-0.5394 0.001572
-0.5325 0.001283
-0.5246 0.001045
-0.5154 0.000849
-0.5051 0.000688
-0.4934 0.000556
-0.4802 0.000447
-0.4656 0.000358
-0.4494 0.000286
-0.4316 0.000227
-0.4120 0.000179
-0.3905 0.000141
-0.3670 0.000109
-0.3415 0.000084
-0.3137 0.000064
-0.2834 0.000048
-0.2497 0.000035
-0.2116 0.000024
-0.1665 0.000016
-0.1080 0.000009
-0.0199 0.002100
0.1144 -0.022597
0.2396 -0.047727
0.3085 -0.061623
0.3270 -0.065403
0.3141 -0.062858
0.2858 -0.057232
0.2525 -0.050560
0.2190 -0.043865
0.1873 -0.037530
0.1577 -0.031593
0.1293 -0.025917
0.1010 -0.020262
0.0711 -0.014274
0.0366 -0.007391
-0.0073 0.001275
-0.0681 0.010924
-0.1488 0.019827
-0.2353 0.025978
-0.3112 0.028444
-0.3720 0.028132
-0.4192 0.026224
-0.4555 0.023567
-0.4833 0.020680
-0.5046 0.017855
-0.5208 0.015238
-0.5331 0.012896
-0.5421 0.010845
-0.5487 0.009075
-0.5531 0.007564
-0.5558 0.006284
-0.5569 0.005207
-0.5567 0.004304
-0.5554 0.003550
-0.5529 0.002922
-0.5493 0.002400
-0.5447 0.001968
-0.5390 0.001610
-0.5323 0.001315
-0.5245 0.001071
-0.5155 0.000870
-0.5052 0.000705
-0.4937 0.000570
-0.4807 0.000459
-0.4663 0.000368
-0.4502 0.000294
-0.4326 0.000233
-0.4131 0.000184
-0.3919 0.000145
-0.3687 0.000112
-0.3434 0.000087
-0.3159 0.000066
-0.2857 0.000049
-0.2525 0.000036
-0.2149 0.000025
-0.1705 0.000017
-0.1136 0.000009
-0.0289 0.002998
0.1025 -0.020215
0.2311 -0.046020
0.3048 -0.060868
0.3268 -0.065347
0.3158 -0.063199
0.2884 -0.057752
0.2553 -0.051132
0.2218 -0.044432
0.1901 -0.038075
0.1603 -0.032120
0.1319 -0.026443
0.1038 -0.020813
0.0742 -0.014893
0.0404 -0.008150
-0.0022 0.000315
-0.0607 0.009926
-0.1396 0.018961
-0.2263 0.025475
-0.3036 0.028296
-0.3659 0.028216
-0.4143 0.026431
-0.4516 0.023826
-0.4802 0.020951
-0.5020 0.018114
-0.5187 0.015475
-0.5312 0.013106
-0.5406 0.011027
-0.5473 0.009231
-0.5519 0.007697
-0.5547 0.006396
-0.5560 0.005301
-0.5559 0.004382
-0.5546 0.003615
-0.5522 0.002976
-0.5487 0.002445
-0.5442 0.002005
-0.5386 0.001641
-0.5319 0.001340
-0.5242 0.001092
-0.5153 0.000887
-0.5051 0.000719
-0.4937 0.000581
-0.4808 0.000468
-0.4665 0.000375
-0.4506 0.000300
-0.4331 0.000238
-0.4138 0.000188
-0.3927 0.000148
-0.3697 0.000115
-0.3446 0.000089
-0.3172 0.000067
-0.2873 0.000051
-0.2543 0.000037
-0.2171 0.000026
-0.1732 0.000017
-0.1174 0.000010
-0.0350 0.003610
0.0941 -0.018525
0.2249 -0.044755
0.3019 -0.060280
0.3264 -0.065269
0.3169 -0.063420
0.2902 -0.058112
0.2574 -0.051538
0.2239 -0.044840
0.1921 -0.038472
0.1622 -0.032507
0.1339 -0.026831
0.1058 -0.021221
0.0764 -0.015351
0.0432 -0.008711
0.0016 -0.000405
-0.0553 0.009161
-0.1326 0.018274
-0.2193 0.025051
-0.2976 0.028150
-0.3610 0.028256
-0.4104 0.026572
-0.4484 0.024013
-0.4776 0.021149
-0.4999 0.018305
-0.5169 0.015651
-0.5297 0.013262
-0.5392 0.011163
-0.5461 0.009348
-0.5508 0.007796
-0.5537 0.006480
-0.5550 0.005371
-0.5550 0.004441
-0.5538 0.003663
-0.5514 0.003016
-0.5480 0.002478
-0.5435 0.002032
-0.5380 0.001663
-0.5314 0.001358
-0.5237 0.001107
-0.5148 0.000900
-0.5048 0.000729
-0.4934 0.000589
-0.4806 0.000475
-0.4664 0.000381
-0.4506 0.000304
-0.4332 0.000242
-0.4140 0.000191
-0.3930 0.000150
-0.3701 0.000117
-0.3452 0.000090
-0.3180 0.000069
-0.2882 0.000051
-0.2553 0.000038
-0.2183 0.000027
-0.1748 0.000018
-0.1195 0.000010
-0.0386 0.003963
0.0891 -0.013143
0.2210 -0.043979
0.3000 -0.059901
0.3261 -0.065200
0.3175 -0.063537
0.2913 -0.058321
0.2586 -0.051783
0.2251 -0.045092
0.1933 -0.038721
0.1635 -0.032754
0.1351 -0.027083
0.1072 -0.021490
0.0780 -0.015656
0.0451 -0.009087
0.0042 -0.000895
-0.0516 0.008631
-0.1278 0.017788
-0.2143 0.024740
-0.2933 0.028035
-0.3575 0.028275
-0.4075 0.026665
-0.4461 0.024140
-0.4756 0.021285
-0.4982 0.018437
-0.5154 0.015772
-0.5284 0.013370
-0.5381 0.011257
-0.5450 0.009429
-0.5498 0.007865
-0.5528 0.006538
-0.5542 0.005419
-0.5542 0.004481
-0.5530 0.003697
-0.5507 0.003044
-0.5472 0.002501
-0.5428 0.002051
-0.5373 0.001679
-0.5307 0.001371
-0.5230 0.001117
-0.5142 0.000908
-0.5042 0.000736
-0.4929 0.000595
-0.4801 0.000479
-0.4660 0.000385
-0.4503 0.000307
-0.4329 0.000244
-0.4138 0.000193
-0.3929 0.000152
-0.3700 0.000118
-0.3451 0.000091
-0.3180 0.000069
-0.2883 0.000052
-0.2556 0.000038
-0.2186 0.000027
-0.1753 0.000018
-0.1202 0.000010
-0.0397 0.004076
0.0874 -0.012890
0.2196 -0.043701
0.2992 -0.059748
0.3258 -0.065154
0.3176 -0.063562
0.2916 -0.058388
0.2590 -0.051871
0.2256 -0.045192
0.1938 -0.038827
0.1640 -0.032867
0.1357 -0.027204
0.1078 -0.021625
0.0788 -0.015816
0.0461 -0.009291
0.0056 -0.001169
-0.0495 0.008323
-0.1249 0.017491
-0.2114 0.024535
-0.2907 0.027941
-0.3553 0.028260
-0.4057 0.026696
-0.4445 0.024192
-0.4743 0.021346
-0.4970 0.018498
-0.5143 0.015829
-0.5274 0.013421
-0.5371 0.011302
-0.5441 0.009467
-0.5489 0.007897
-0.5519 0.006565
-0.5533 0.005442
-0.5533 0.004500
-0.5522 0.003712
-0.5498 0.003057
-0.5464 0.002512
-0.5420 0.002060
-0.5365 0.001686
-0.5299 0.001377
-0.5222 0.001122
-0.5134 0.000912
-0.5034 0.000739
-0.4921 0.000598
-0.4794 0.000481
-0.4652 0.000386
-0.4495 0.000309
-0.4322 0.000245
-0.4131 0.000194
-0.3922 0.000152
-0.3694 0.000119
-0.3445 0.000091
-0.3174 0.000070
-0.2878 0.000052
-0.2550 0.000038
-0.2180 0.000027
-0.1746 0.000018
-0.1194 0.000010
-0.0385 0.003957
0.0890 -0.013132
0.2207 -0.043928
0.2997 -0.059830
0.3257 -0.065138
0.3173 -0.063501
0.2913 -0.058316
0.2587 -0.051807
0.2254 -0.045142
0.1937 -0.038792
0.1639 -0.032846
0.1357 -0.027196
0.1079 -0.021630
0.0789 -0.015836
0.0463 -0.009329
0.0060 -0.001233
-0.0489 0.008234
-0.1241 0.017390
-0.2104 0.024447
-0.2897 0.027879
-0.3544 0.028220
-0.4049 0.026670
-0.4437 0.024176
-0.4735 0.021335
-0.4963 0.018490
-0.5136 0.015823
-0.5267 0.013417
-0.5364 0.011298
-0.5434 0.009464
-0.5482 0.007894
-0.5511 0.006562
-0.5525 0.005440
-0.5525 0.004498
-0.5513 0.003711
-0.5489 0.003055
-0.5455 0.002510
-0.5410 0.002058
-0.5355 0.001685
-0.5289 0.001376
-0.5212 0.001121
-0.5124 0.000911
-0.5024 0.000739
-0.4910 0.000597
-0.4783 0.000481
-0.4641 0.000386
-0.4484 0.000308
-0.4311 0.000245
-0.4120 0.000194
-0.3911 0.000152
-0.3683 0.000118
-0.3434 0.000091
-0.3162 0.000069
-0.2865 0.000052
-0.2537 0.000038
-0.2166 0.000027
-0.1729 0.000018
-0.1172 0.000010
-0.0350 0.003609
0.0938 -0.018469
0.2242 -0.044631
0.3011 -0.060130
0.3258 -0.065146
0.3166 -0.063353
0.2902 -0.058109
0.2576 -0.051594
0.2244 -0.044947
0.1928 -0.038622
0.1632 -0.032697
0.1350 -0.027065
0.1073 -0.021510
0.0783 -0.015719
0.0457 -0.009207
0.0053 -0.001096
-0.0498 0.008363
-0.1251 0.017488
-0.2113 0.024490
-0.2904 0.027868
-0.3548 0.028176
-0.4051 0.026610
-0.4437 0.024109
-0.4734 0.021269
-0.4960 0.018429
-0.5132 0.015768
-0.5262 0.013368
-0.5358 0.011256
-0.5428 0.009427
-0.5475 0.007863
-0.5504 0.006536
-0.5517 0.005417
-0.5517 0.004479
-0.5504 0.003695
-0.5480 0.003041
-0.5445 0.002499
-0.5400 0.002049
-0.5345 0.001677
-0.5278 0.001369
-0.5201 0.001115
-0.5112 0.000907
-0.5011 0.000735
-0.4897 0.000594
-0.4770 0.000478
-0.4628 0.000384
-0.4470 0.000306
-0.4296 0.000243
-0.4105 0.000192
-0.3895 0.000151
-0.3666 0.000117
-0.3416 0.000090
-0.3144 0.000069
-0.2846 0.000052
-0.2516 0.000038
-0.2143 0.000027
-0.1701 0.000017
-0.1135 0.000010
-0.0292 0.003025
0.1017 -0.020049
0.2299 -0.045774
0.3035 -0.060618
0.3258 -0.065162
0.3154 -0.063113
0.2885 -0.057768
0.2559 -0.051238
0.2227 -0.044612
0.1913 -0.038319
0.1618 -0.032424
0.1338 -0.026813
0.1061 -0.021267
0.0770 -0.015470
0.0443 -0.008928
0.0035 -0.000762
-0.0521 0.008703
-0.1280 0.017779
-0.2141 0.024656
-0.2927 0.027903
-0.3565 0.028124
-0.4062 0.026511
-0.4445 0.023992
-0.4738 0.021149
-0.4962 0.018315
-0.5132 0.015664
-0.5260 0.013275
-0.5355 0.011175
-0.5423 0.009358
-0.5469 0.007803
-0.5497 0.006485
-0.5510 0.005374
-0.5509 0.004443
-0.5495 0.003664
-0.5470 0.003016
-0.5435 0.002478
-0.5389 0.002031
-0.5333 0.001662
-0.5266 0.001357
-0.5188 0.001105
-0.5098 0.000898
-0.4997 0.000728
-0.4882 0.000588
-0.4754 0.000473
-0.4611 0.000380
-0.4452 0.000303
-0.4277 0.000241
-0.4085 0.000190
-0.3874 0.000149
-0.3644 0.000116
-0.3393 0.000089
-0.3120 0.000068
-0.2820 0.000051
-0.2488 0.000037
-0.2111 0.000026
-0.1663 0.000017
-0.1083 0.000009
-0.0208 0.002192
0.1126 -0.022237
0.2375 -0.047307
0.3067 -0.061257
0.3258 -0.065166
0.3137 -0.062774
0.2861 -0.057292
0.2534 -0.050740
0.2204 -0.044141
0.1891 -0.037889
0.1599 -0.032031
0.1319 -0.026443
0.1042 -0.020903
0.0751 -0.015088
0.0421 -0.008491
0.0007 -0.000231
-0.0559 0.009239
-0.1328 0.018234
-0.2188 0.024907
-0.2965 0.027946
-0.3593 0.028030
-0.4083 0.026346
-0.4459 0.023799
-0.4748 0.020953
-0.4968 0.018129
-0.5135 0.015495
-0.5260 0.013126
-0.5353 0.011045
-0.5419 0.009246
-0.5464 0.007708
-0.5491 0.006404
-0.5502 0.005306
-0.5500 0.004386
-0.5486 0.003617
-0.5460 0.002976
-0.5424 0.002445
-0.5377 0.002004
-0.5320 0.001639
-0.5252 0.001338
-0.5173 0.001090
-0.5083 0.000885
-0.4980 0.000717
-0.4864 0.000579
-0.4735 0.000466
-0.4591 0.000374
-0.4431 0.000298
-0.4255 0.000237
-0.4061 0.000187
-0.3849 0.000146
-0.3618 0.000114
-0.3365 0.000088
-0.3090 0.000066
-0.2787 0.000050
-0.2452 0.000036
-0.2070 0.000025
-0.1613 0.000016
-0.1014 0.000008
-0.0097 0.001087
0.1264 -0.025005
0.2467 -0.049163
0.3103 -0.061995
0.3256 -0.065128
0.3114 -0.062325
0.2831 -0.056682
0.2502 -0.050105
0.2174 -0.043540
0.1864 -0.037337
0.1573 -0.031521
0.1295 -0.025959
0.1018 -0.020421
0.0726 -0.014575
0.0391 -0.007893
-0.0031 0.000496
-0.0613 0.009974
-0.1394 0.018856
-0.2252 0.025249
-0.3017 0.028010
-0.3633 0.027914
-0.4113 0.026136
-0.4481 0.023552
-0.4762 0.020701
-0.4977 0.017891
-0.5140 0.015278
-0.5263 0.012934
-0.5353 0.010878
-0.5417 0.009102
-0.5460 0.007586
-0.5485 0.006301
-0.5495 0.005219
-0.5492 0.004313
-0.5476 0.003556
-0.5449 0.002926
-0.5412 0.002402
-0.5364 0.001969
-0.5306 0.001610
-0.5237 0.001314
-0.5157 0.001070
-0.5065 0.000869
-0.4961 0.000704
-0.4844 0.000568
-0.4713 0.000457
-0.4568 0.000366
-0.4406 0.000292
-0.4229 0.000232
-0.4033 0.000183
-0.3819 0.000143
-0.3586 0.000111
-0.3331 0.000085
-0.3053 0.000065
-0.2748 0.000048
-0.2408 0.000035
-0.2019 0.000024
-0.1551 0.000015
-0.0927 0.000008
0.0044 -0.000318
0.1429 -0.028296
0.2571 -0.051256
0.3142 -0.062770
0.3250 -0.065017
0.3085 -0.061753
0.2794 -0.055935
0.2463 -0.049336
0.2138 -0.042814
0.1830 -0.036668
0.1542 -0.030900
0.1265 -0.025364
0.0988 -0.019822
0.0693 -0.013929
0.0353 -0.007132
-0.0081 0.001421
-0.0682 0.010901
-0.1478 0.019626
-0.2332 0.025661
-0.3082 0.028083
-0.3683 0.027770
-0.4150 0.025880
-0.4508 0.023252
-0.4782 0.020397
-0.4991 0.017603
-0.5149 0.015017
-0.5267 0.012703
-0.5354 0.010677
-0.5416 0.008930
-0.5457 0.007439
-0.5480 0.006177
-0.5488 0.005115
-0.5483 0.004226
-0.5466 0.003483
-0.5438 0.002865
-0.5399 0.002352
-0.5350 0.001927
-0.5290 0.001575
-0.5220 0.001285
-0.5139 0.001046
-0.5046 0.000849
-0.4940 0.000688
-0.4821 0.000555
-0.4689 0.000446
-0.4542 0.000357
-0.4378 0.000285
-0.4199 0.000226
-0.4001 0.000178
-0.3785 0.000139
-0.3549 0.000108
-0.3292 0.000083
-0.3011 0.000063
-0.2702 0.000046
-0.2357 0.000034
-0.1960 0.000023
-0.1476 0.000014
-0.0820 0.000007
0.0218 -0.002056
0.1615 -0.032039
0.2683 -0.053497
0.3179 -0.063521
0.3239 -0.064799
0.3050 -0.061046
0.2749 -0.055052
0.2419 -0.048439
0.2095 -0.041970
0.1791 -0.035888
0.1506 -0.030171
0.1230 -0.024660
0.0952 -0.019107
0.0654 -0.013148
0.0306 -0.006195
-0.0143 0.002551
-0.0768 0.012010
-0.1580 0.020518
-0.2427 0.026112
-0.3159 0.028140
-0.3743 0.027582
-0.4194 0.025568
-0.4541 0.022892
-0.4805 0.020035
-0.5007 0.017262
-0.5160 0.014709
-0.5274 0.012431
-0.5357 0.010441
-0.5416 0.008728
-0.5454 0.007268
-0.5475 0.006032
-0.5481 0.004993
-0.5474 0.004123
-0.5456 0.003398
-0.5426 0.002794
-0.5386 0.002293
-0.5335 0.001878
-0.5274 0.001535
-0.5202 0.001252
-0.5119 0.001019
-0.5024 0.000827
-0.4917 0.000669
-0.4796 0.000539
-0.4662 0.000434
-0.4512 0.000347
-0.4347 0.000276
-0.4165 0.000219
-0.3965 0.000172
-0.3746 0.000135
-0.3507 0.000104
-0.3247 0.000080
-0.2962 0.000060
-0.2648 0.000045
-0.2297 0.000032
-0.1890 0.000022
-0.1387 0.000013
-0.0689 0.000005
0.0429 -0.004152
0.1819 -0.036127
0.2796 -0.055782
0.3211 -0.064182
0.3221 -0.064443
0.3007 -0.060195
0.2698 -0.054033
0.2368 -0.047419
0.2047 -0.041012
0.1747 -0.035002
0.1464 -0.029338
0.1190 -0.023849
0.0911 -0.018273
0.0608 -0.012226
0.0250 -0.005054
-0.0219 0.003893
-0.0872 0.013284
-0.1700 0.021493
-0.2536 0.026564
-0.3247 0.028153
-0.3810 0.027330
-0.4245 0.025186
-0.4578 0.022465
-0.4833 0.019611
-0.5026 0.016866
-0.5172 0.014352
-0.5281 0.012118
-0.5361 0.010170
-0.5416 0.008496
-0.5451 0.007070
-0.5470 0.005866
-0.5474 0.004854
-0.5465 0.004007
-0.5445 0.003300
-0.5413 0.002713
-0.5371 0.002226
-0.5319 0.001822
-0.5256 0.001489
-0.5182 0.001214
-0.5097 0.000987
-0.5000 0.000801
-0.4891 0.000648
-0.4768 0.000522
-0.4631 0.000419
-0.4480 0.000335
-0.4312 0.000267
-0.4127 0.000211
-0.3924 0.000166
-0.3702 0.000130
-0.3460 0.000100
-0.3196 0.000076
-0.2907 0.000058
-0.2588 0.000042
-0.2228 0.000030
-0.1809 0.000020
-0.1282 0.000012
-0.0528 0.005381
0.0676 -0.006622
0.2033 -0.040428
0.2906 -0.058006
0.3236 -0.064689
0.3194 -0.063919
0.2957 -0.059190
0.2641 -0.052880
0.2311 -0.046282
0.1994 -0.039948
0.1698 -0.034015
0.1417 -0.028405
0.1144 -0.022932
0.0863 -0.017320
0.0554 -0.011154
0.0183 -0.003679
-0.0310 0.005453
-0.0995 0.014710
-0.1837 0.022525
-0.2657 0.026996
-0.3344 0.028115
-0.3884 0.027018
-0.4300 0.024743
-0.4619 0.021981
-0.4863 0.019135
-0.5048 0.016424
-0.5187 0.013956
-0.5291 0.011770
-0.5365 0.009870
-0.5417 0.008239
-0.5449 0.006853
-0.5465 0.005683
-0.5467 0.004700
-0.5455 0.003878
-0.5433 0.003193
-0.5399 0.002624
-0.5356 0.002152
-0.5301 0.001761
-0.5236 0.001438
-0.5160 0.001172
-0.5073 0.000953
-0.4974 0.000772
-0.4863 0.000624
-0.4738 0.000503
-0.4598 0.000404
-0.4444 0.000323
-0.4273 0.000256
-0.4085 0.000203
-0.3879 0.000159
-0.3654 0.000124
-0.3408 0.000096
-0.3140 0.000073
-0.2845 0.000055
-0.2520 0.000040
-0.2151 0.000028
-0.1715 0.000019
-0.1158 0.000010
-0.0333 0.003431
0.0957 -0.018856
0.2250 -0.044791
0.3008 -0.060066
0.3250 -0.064987
0.3158 -0.063206
0.2898 -0.058029
0.2577 -0.051599
0.2248 -0.045034
0.1936 -0.038784
0.1644 -0.032932
0.1366 -0.027374
0.1093 -0.021909
0.0809 -0.016241
0.0493 -0.009922
0.0105 -0.002117
-0.0417 0.007160
-0.1138 0.016270
-0.1989 0.023580
-0.2789 0.027388
-0.3448 0.028020
-0.3964 0.026646
-0.4360 0.024245
-0.4664 0.021446
-0.4895 0.018615
-0.5071 0.015945
-0.5203 0.013528
-0.5301 0.011395
-0.5371 0.009547
-0.5418 0.007963
-0.5447 0.006619
-0.5460 0.005486
-0.5459 0.004535
-0.5445 0.003741
-0.5420 0.003079
-0.5385 0.002529
-0.5339 0.002073
-0.5282 0.001696
-0.5215 0.001384
-0.5137 0.001128
-0.5048 0.000916
-0.4946 0.000742
-0.4832 0.000600
-0.4704 0.000483
-0.4562 0.000387
-0.4404 0.000309
-0.4230 0.000245
-0.4039 0.000194
-0.3829 0.000152
-0.3600 0.000118
-0.3350 0.000091
-0.3077 0.000069
-0.2777 0.000051
-0.2443 0.000037
-0.2063 0.000026
-0.1608 0.000017
-0.1011 0.000009
-0.0095 0.001070
0.1263 -0.024971
0.2462 -0.049053
0.3097 -0.061863
0.3251 -0.065029
0.3112 -0.062286
0.2832 -0.056710
0.2506 -0.050194
0.2181 -0.043683
0.1873 -0.037527
0.1585 -0.031758
0.1310 -0.026247
0.1036 -0.020778
0.0749 -0.015031
0.0422 -0.008513
0.0014 -0.000358
-0.0544 0.009007
-0.1301 0.017924
