-0.4357 -0.043467
-0.4371 -0.040687
-0.4376 -0.038882
-0.4373 -0.037784
-0.4364 -0.037212
-0.4352 -0.037038
-0.4336 -0.036908
-0.4314 -0.034668
-0.4285 -0.032077
-0.4247 -0.028208
-0.4201 -0.025006
-0.4147 -0.022272
-0.4088 -0.019887
-0.4024 -0.017777
-0.3955 -0.015896
-0.3882 -0.014212
-0.3803 -0.012701
-0.3720 -0.011346
-0.3631 -0.010132
-0.3536 -0.009046
-0.3435 -0.008078
-0.3326 -0.007216
-0.3208 -0.006450
-0.3080 -0.005772
-0.2940 -0.005172
-0.2785 -0.004644
-0.2613 -0.004179
-0.2420 -0.003772
-0.2202 -0.003417
-0.1950 -0.003110
-0.1652 -0.002851
-0.1280 -0.002645
-0.0774 -0.002509
-0.0256 -0.120796
0.0449 -0.138273
0.1258 -0.158428
0.1894 -0.174219
0.2247 -0.182870
0.2364 -0.185567
0.2321 -0.184294
0.2186 -0.180697
0.2001 -0.175888
0.1802 -0.153071
0.1634 -0.124666
0.1486 -0.101793
0.1350 -0.083221
0.1218 -0.068054
0.1085 -0.055618
0.0945 -0.045388
0.0795 -0.036946
0.0626 -0.029955
0.0426 -0.024131
0.0177 -0.019230
-0.0155 -0.015034
-0.0619 -0.011358
-0.1245 -0.008135
-0.1960 -0.005503
-0.2629 -0.003585
-0.3181 -0.002298
-0.3607 -0.001470
-0.3924 -0.000947
-0.4154 -0.000622
-0.4314 -0.000421
-0.4419 -0.000298
-0.4480 -0.000222
-0.4506 -0.000176
-0.4502 -0.000148
-0.4473 -0.000131
-0.4423 -0.000120
-0.4353 -0.000112
-0.4266 -0.000106
-0.4161 -0.000101
-0.4039 -0.000097
-0.3901 -0.000093
-0.3746 -0.000088
-0.3574 -0.000084
-0.3384 -0.000079
-0.3181 -0.000075
-0.3036 -0.049132
-0.3015 -0.099311
-0.3052 -0.097484
-0.3173 -0.137177
-0.3349 -0.124023
-0.3530 -0.110374
-0.3707 -0.097132
-0.3867 -0.085100
-0.4005 -0.074764
-0.4117 -0.066288
-0.4206 -0.059600
-0.4274 -0.054498
-0.4324 -0.050197
-0.4356 -0.045223
-0.4374 -0.041895
-0.4380 -0.039713
-0.4379 -0.038348
-0.4372 -0.037582
-0.4360 -0.037264
-0.4344 -0.037290
-0.4324 -0.035885
-0.4298 -0.034034
-0.4264 -0.030518
-0.4221 -0.026972
-0.4171 -0.023986
-0.4114 -0.021405
-0.4051 -0.019135
-0.3984 -0.017117
-0.3912 -0.015311
-0.3835 -0.013692
-0.3753 -0.012239
-0.3665 -0.010936
-0.3572 -0.009770
-0.3473 -0.008728
-0.3366 -0.007799
-0.3251 -0.006972
-0.3126 -0.006239
-0.2989 -0.005591
-0.2839 -0.005018
-0.2672 -0.004514
-0.2485 -0.004072
-0.2275 -0.003684
-0.2035 -0.003348
-0.1755 -0.003060
-0.1412 -0.002825
-0.0961 -0.002655
-0.0517 -0.114412
0.0070 -0.128906
0.0838 -0.147995
0.1568 -0.166139
0.2050 -0.178058
0.2275 -0.183469
0.2309 -0.184107
0.2224 -0.181745
0.2069 -0.177688
0.1886 -0.157830
0.1726 -0.128739
0.1584 -0.105246
0.1452 -0.086135
0.1325 -0.070512
0.1197 -0.057696
0.1065 -0.047156
0.0924 -0.038469
0.0770 -0.031291
0.0594 -0.025338
0.0385 -0.020371
0.0120 -0.016179
-0.0237 -0.012573
-0.0737 -0.009403
-0.1394 -0.006646
-0.2111 -0.004449
-0.2759 -0.002883
-0.3282 -0.001846
-0.3681 -0.001183
-0.3977 -0.000766
-0.4188 -0.000508
-0.4333 -0.000348
-0.4425 -0.000251
-0.4475 -0.000191
-0.4490 -0.000155
-0.4477 -0.000132
-0.4440 -0.000118
-0.4381 -0.000109
-0.4302 -0.000103
-0.4206 -0.000098
-0.4092 -0.000093
-0.3961 -0.000089
-0.3813 -0.000085
-0.3647 -0.000081
-0.3464 -0.000077
-0.3266 -0.000072
-0.3142 -0.046477
-0.3086 -0.095787
-0.3113 -0.094440
-0.3205 -0.134783
-0.3368 -0.122579
-0.3539 -0.109704
-0.3709 -0.096967
-0.3866 -0.085200
-0.4002 -0.074971
-0.4114 -0.066516
-0.4203 -0.059813
-0.4271 -0.054686
-0.4320 -0.048888
-0.4351 -0.044355
-0.4367 -0.041313
-0.4373 -0.039320
-0.4372 -0.038086
-0.4365 -0.037410
-0.4353 -0.037157
-0.4337 -0.037231
-0.4319 -0.036738
-0.4294 -0.034704
-0.4262 -0.031639
-0.4221 -0.027894
-0.4172 -0.024765
-0.4116 -0.022076
-0.4055 -0.019719
-0.3988 -0.017629
-0.3917 -0.015763
-0.3840 -0.014090
-0.3759 -0.012590
-0.3673 -0.011245
-0.3581 -0.010042
-0.3483 -0.008967
-0.3378 -0.008008
-0.3264 -0.007156
-0.3141 -0.006400
-0.3006 -0.005731
-0.2859 -0.005141
-0.2695 -0.004621
-0.2513 -0.004164
-0.2309 -0.003763
-0.2077 -0.003414
-0.1808 -0.003113
-0.1483 -0.002864
-0.1062 -0.002677
-0.0670 -0.110611
-0.0144 -0.123553
0.0585 -0.141638
0.1358 -0.160876
0.1923 -0.174885
0.2219 -0.182100
0.2303 -0.183989
0.2249 -0.182410
0.2112 -0.178810
0.1941 -0.158254
0.1788 -0.129243
0.1650 -0.105743
0.1521 -0.086590
0.1394 -0.070917
0.1268 -0.058054
0.1138 -0.047476
0.1000 -0.038761
0.0851 -0.031568
0.0685 -0.025615
0.0491 -0.020665
0.0253 -0.016513
-0.0057 -0.012977
-0.0488 -0.009897
-0.1081 -0.007184
-0.1790 -0.004916
-0.2482 -0.003222
-0.3063 -0.002070
-0.3515 -0.001325
-0.3854 -0.000854
-0.4099 -0.000561
-0.4270 -0.000379
-0.4382 -0.000268
-0.4448 -0.000200
-0.4475 -0.000158
-0.4472 -0.000133
-0.4442 -0.000117
-0.4390 -0.000107
-0.4317 -0.000100
-0.4225 -0.000095
-0.4115 -0.000091
-0.3988 -0.000087
-0.3843 -0.000083
-0.3680 -0.000079
-0.3501 -0.000075
-0.3329 -0.041807
-0.3211 -0.044768
-0.3133 -0.093402
-0.3148 -0.092665
-0.3228 -0.133083
-0.3383 -0.121417
-0.3551 -0.108836
-0.3719 -0.096216
-0.3875 -0.084470
-0.4012 -0.074224
-0.4124 -0.065747
-0.4214 -0.059032
-0.4282 -0.053911
-0.4332 -0.050149
-0.4367 -0.047498
-0.4390 -0.045736
-0.4404 -0.044675
-0.4411 -0.044164
-0.4411 -0.042408
-0.4402 -0.040848
-0.4388 -0.039990
-0.4369 -0.039251
-0.4343 -0.036819
-0.4310 -0.033698
-0.4268 -0.029864
-0.4217 -0.026653
-0.4161 -0.023877
-0.4098 -0.021428
-0.4030 -0.019238
-0.3958 -0.017268
-0.3880 -0.015490
-0.3798 -0.013885
-0.3711 -0.012437
-0.3618 -0.011134
-0.3520 -0.009964
-0.3414 -0.008916
-0.3300 -0.007980
-0.3177 -0.007147
-0.3043 -0.006408
-0.2896 -0.005753
-0.2733 -0.005176
-0.2552 -0.004669
-0.2346 -0.004226
-0.2111 -0.003842
-0.1837 -0.003513
-0.1510 -0.003236
-0.1103 -0.003018
-0.0739 -0.109191
-0.0306 -0.119762
0.0288 -0.134429
0.0993 -0.151898
0.1603 -0.167021
0.1989 -0.176501
0.2163 -0.180615
0.2180 -0.180836
0.2098 -0.178566
0.1964 -0.158890
0.1838 -0.130277
0.1718 -0.106899
0.1602 -0.087728
0.1485 -0.071972
0.1366 -0.059005
0.1243 -0.048322
0.1113 -0.039516
0.0974 -0.032249
0.0821 -0.026245
0.0648 -0.021270
0.0446 -0.017127
0.0194 -0.013644
-0.0140 -0.010665
-0.0605 -0.008058
-0.1231 -0.005774
-0.1948 -0.003907
-0.2617 -0.002548
-0.3167 -0.001637
-0.3589 -0.001052
-0.3901 -0.000684
-0.4124 -0.000455
-0.4276 -0.000314
-0.4372 -0.000228
-0.4423 -0.000175
-0.4437 -0.000142
-0.4420 -0.000122
-0.4377 -0.000110
-0.4311 -0.000101
-0.4225 -0.000095
-0.4118 -0.000090
-0.3993 -0.000086
-0.3850 -0.000082
-0.3690 -0.000078
-0.3515 -0.000074
-0.3334 -0.000069
-0.3236 -0.044153
-0.3215 -0.089304
-0.3264 -0.086889
-0.3374 -0.122097
-0.3532 -0.110242
-0.3691 -0.098333
-0.3843 -0.086933
-0.3980 -0.076627
-0.4097 -0.067806
-0.4193 -0.060611
-0.4268 -0.054985
-0.4324 -0.050758
-0.4364 -0.047713
-0.4392 -0.045631
-0.4409 -0.044319
-0.4419 -0.043613
-0.4422 -0.043384
-0.4420 -0.043533
-0.4414 -0.043982
-0.4403 -0.043036
-0.4386 -0.041367
-0.4361 -0.038592
-0.4328 -0.035190
-0.4285 -0.031264
-0.4234 -0.027978
-0.4176 -0.025133
-0.4112 -0.022615
-0.4043 -0.020357
-0.3969 -0.018317
-0.3890 -0.016470
-0.3806 -0.014796
-0.3716 -0.013281
-0.3621 -0.011913
-0.3520 -0.010681
-0.3411 -0.009576
-0.3294 -0.008586
-0.3167 -0.007702
-0.3029 -0.006916
-0.2878 -0.006219
-0.2711 -0.005603
-0.2524 -0.005061
-0.2315 -0.004584
-0.2076 -0.004168
-0.1800 -0.003810
-0.1470 -0.003509
-0.1119 -0.100172
-0.0827 -0.107146
-0.0445 -0.116409
0.0067 -0.128986
0.0705 -0.144772
0.1331 -0.160262
0.1783 -0.171405
0.2029 -0.177332
0.2107 -0.179075
0.2071 -0.177956
0.1988 -0.147399
0.1898 -0.121513
0.1801 -0.100056
0.1698 -0.082293
0.1588 -0.067604
0.1473 -0.055469
0.1351 -0.045453
0.1222 -0.037191
0.1085 -0.030376
0.0937 -0.024751
0.0774 -0.020103
0.0588 -0.016248
0.0365 -0.013030
0.0083 -0.010312
-0.0299 -0.007967
-0.0831 -0.005904
-0.1511 -0.004128
-0.2225 -0.002743
-0.2851 -0.001774
-0.3347 -0.001140
-0.3721 -0.000737
-0.3992 -0.000485
-0.4181 -0.000329
-0.4304 -0.000233
-0.4376 -0.000174
-0.4406 -0.000139
-0.4401 -0.000117
-0.4367 -0.000103
-0.4308 -0.000094
-0.4225 -0.000088
-0.4122 -0.000083
-0.3999 -0.000079
-0.3858 -0.000075
-0.3701 -0.000072
-0.3532 -0.000068
-0.3364 -0.000063
-0.3217 -0.000057
-0.3219 -0.089108
-0.3296 -0.085278
-0.3441 -0.117097
-0.3605 -0.104802
-0.3762 -0.093009
-0.3907 -0.082091
-0.4035 -0.072442
-0.4144 -0.064312
-0.4231 -0.057758
-0.4298 -0.052684
-0.4348 -0.048911
-0.4384 -0.046232
-0.4408 -0.044441
-0.4422 -0.043361
-0.4429 -0.042843
-0.4430 -0.042768
-0.4426 -0.043046
-0.4419 -0.043605
-0.4408 -0.044393
-0.4395 -0.044466
-0.4376 -0.043440
-0.4350 -0.040592
-0.4313 -0.035821
-0.4266 -0.031974
-0.4211 -0.028724
-0.4148 -0.025890
-0.4079 -0.023368
-0.4005 -0.021095
-0.3924 -0.019036
-0.3839 -0.017165
-0.3747 -0.015466
-0.3649 -0.013926
-0.3544 -0.012532
-0.3432 -0.011275
-0.3310 -0.010145
-0.3179 -0.009132
-0.3036 -0.008226
-0.2879 -0.007419
-0.2706 -0.006702
-0.2514 -0.006064
-0.2300 -0.005499
-0.2060 -0.005002
-0.1782 -0.004571
-0.1448 -0.004213
-0.1198 -0.098769
-0.0920 -0.105294
-0.0567 -0.113799
-0.0107 -0.125007
0.0476 -0.139386
0.1102 -0.154861
0.1607 -0.167293
0.1916 -0.174781
0.2048 -0.177849
0.2058 -0.165566
0.2022 -0.137575
0.1961 -0.113903
0.1882 -0.094037
0.1787 -0.077456
0.1681 -0.063678
0.1566 -0.052265
0.1443 -0.042833
0.1313 -0.035049
0.1175 -0.028633
0.1028 -0.023343
0.0869 -0.018979
0.0691 -0.015370
0.0484 -0.012370
0.0230 -0.009855
-0.0101 -0.007710
-0.0561 -0.005837
-0.1183 -0.004195
-0.1901 -0.002845
-0.2578 -0.001858
-0.3134 -0.001196
-0.3559 -0.000771
-0.3872 -0.000504
-0.4093 -0.000338
-0.4241 -0.000236
-0.4330 -0.000174
-0.4373 -0.000136
-0.4378 -0.000112
-0.4351 -0.000098
-0.4297 -0.000089
-0.4218 -0.000082
-0.4116 -0.000078
-0.3995 -0.000074
-0.3855 -0.000070
-0.3700 -0.000067
-0.3539 -0.000063
-0.3388 -0.000058
-0.3264 -0.000052
-0.3241 -0.044009
-0.3262 -0.043492
-0.3383 -0.080920
-0.3514 -0.074366
-0.3677 -0.099412
-0.3856 -0.085941
-0.4006 -0.074628
-0.4128 -0.065458
-0.4224 -0.058283
-0.4296 -0.052857
-0.4349 -0.048897
-0.4385 -0.046120
-0.4410 -0.044276
-0.4425 -0.043158
-0.4432 -0.042606
-0.4433 -0.042496
-0.4430 -0.042735
-0.4423 -0.043252
-0.4413 -0.043995
-0.4400 -0.043749
-0.4382 -0.042773
-0.4356 -0.040120
-0.4322 -0.038034
-0.4283 -0.036563
-0.4239 -0.035552
-0.4191 -0.034906
-0.4139 -0.034564
-0.4082 -0.032335
-0.4016 -0.028946
-0.3941 -0.026023
-0.3857 -0.023457
-0.3765 -0.021175
-0.3663 -0.019132
-0.3553 -0.017297
-0.3433 -0.015645
-0.3302 -0.014159
-0.3158 -0.012823
-0.3001 -0.011624
-0.2828 -0.010548
-0.2637 -0.009583
-0.2426 -0.008718
-0.2190 -0.007947
-0.1923 -0.007268
-0.1640 -0.090588
-0.1462 -0.094227
-0.1263 -0.098510
-0.1048 -0.103292
-0.0821 -0.108433
-0.0575 -0.114101
-0.0292 -0.120766
0.0054 -0.129073
0.0475 -0.139322
0.0930 -0.150442
0.1329 -0.152699
0.1645 -0.133909
0.1865 -0.115545
0.1991 -0.098278
0.2038 -0.082642
0.2025 -0.068896
0.1968 -0.057073
0.1880 -0.047060
0.1770 -0.038673
0.1645 -0.031702
0.1510 -0.025938
0.1366 -0.021185
0.1216 -0.017274
0.1057 -0.014057
0.0886 -0.011409
0.0697 -0.009223
0.0480 -0.007409
0.0214 -0.005889
-0.0132 -0.004592
-0.0611 -0.003460
-0.1248 -0.002471
-0.1967 -0.001669
-0.2629 -0.001090
-0.3164 -0.000705
-0.3567 -0.000459
-0.3858 -0.000306
-0.4057 -0.000211
-0.4183 -0.000152
-0.4251 -0.000117
-0.4270 -0.000095
-0.4250 -0.000081
-0.4196 -0.000073
-0.4113 -0.000067
-0.4003 -0.000063
-0.3870 -0.000060
-0.3719 -0.000056
-0.3569 -0.000053
-0.3438 -0.000048
-0.3372 -0.040741
-0.3384 -0.040453
-0.3487 -0.075746
-0.3605 -0.069855
-0.3729 -0.063623
-0.3854 -0.057387
-0.3970 -0.051550
-0.4073 -0.046417
-0.4158 -0.042140
-0.4226 -0.038739
-0.4277 -0.036154
-0.4315 -0.034284
-0.4340 -0.033016
-0.4355 -0.032245
-0.4362 -0.031881
-0.4363 -0.031848
-0.4358 -0.032088
-0.4349 -0.032552
-0.4336 -0.033205
-0.4320 -0.033955
-0.4298 -0.032159
-0.4267 -0.028582
-0.4226 -0.025196
-0.4177 -0.022377
-0.4121 -0.019961
-0.4059 -0.017849
-0.3991 -0.015979
-0.3918 -0.014311
-0.3840 -0.012817
-0.3756 -0.011477
-0.3666 -0.010275
-0.3570 -0.009199
-0.3467 -0.008236
-0.3356 -0.007377
-0.3236 -0.006612
-0.3105 -0.005932
-0.2961 -0.005330
-0.2802 -0.004798
-0.2625 -0.004330
-0.2426 -0.003919
-0.2199 -0.003561
-0.1938 -0.003251
-0.1638 -0.002981
-0.1413 -0.092281
-0.1225 -0.096674
-0.1020 -0.101508
-0.0802 -0.106694
-0.0569 -0.112298
-0.0305 -0.118725
0.0017 -0.126600
0.0410 -0.136292
0.0844 -0.147028
0.1239 -0.156799
0.1548 -0.139691
0.1773 -0.120687
0.1911 -0.102849
0.1972 -0.086663
0.1972 -0.072386
0.1927 -0.060064
0.1849 -0.049597
0.1747 -0.040807
0.1629 -0.033485
0.1500 -0.027418
0.1361 -0.022410
0.1215 -0.018284
0.1059 -0.014887
0.0891 -0.012089
0.0706 -0.009779
0.0492 -0.007862
0.0233 -0.006256
-0.0105 -0.004889
-0.0570 -0.003696
-0.1196 -0.002652
-0.1912 -0.001799
-0.2581 -0.001177
-0.3126 -0.000762
-0.3540 -0.000496
-0.3839 -0.000329
-0.4045 -0.000226
-0.4178 -0.000162
-0.4251 -0.000123
-0.4275 -0.000100
-0.4260 -0.000085
-0.4211 -0.000076
-0.4133 -0.000069
-0.4028 -0.000065
-0.3901 -0.000061
-0.3755 -0.000058
-0.3602 -0.000054
-0.3461 -0.000050
-0.3349 -0.041320
-0.3348 -0.041329
-0.3416 -0.079290
-0.3531 -0.073545
-0.3711 -0.096828
-0.3879 -0.084189
-0.4027 -0.073118
-0.4150 -0.063831
-0.4249 -0.056383
-0.4325 -0.050658
-0.4381 -0.046434
-0.4421 -0.043454
-0.4447 -0.041471
-0.4463 -0.040275
-0.4471 -0.039693
-0.4472 -0.039593
-0.4468 -0.039871
-0.4461 -0.040449
-0.4450 -0.041270
-0.4436 -0.042287
-0.4419 -0.042001
-0.4397 -0.040341
-0.4366 -0.038018
-0.4328 -0.036398
-0.4285 -0.035281
-0.4238 -0.034553
-0.4187 -0.034141
-0.4129 -0.030730
-0.4062 -0.027639
-0.3987 -0.024941
-0.3903 -0.022546
-0.3812 -0.020398
-0.3712 -0.018462
-0.3604 -0.016712
-0.3487 -0.015130
-0.3359 -0.013700
-0.3220 -0.012411
-0.3068 -0.011252
-0.2901 -0.010211
-0.2716 -0.009276
-0.2512 -0.008438
-0.2286 -0.007689
-0.2031 -0.007024
-0.1770 -0.087093
-0.1611 -0.090288
-0.1437 -0.093929
-0.1262 -0.097711
-0.1098 -0.101251
-0.0954 -0.104361
-0.0831 -0.106996
-0.0728 -0.109161
-0.0645 -0.110902
-0.0577 -0.112289
-0.0523 -0.113380
-0.0481 -0.114188
-0.0440 -0.099551
-0.0365 -0.084491
-0.0244 -0.072401
-0.0057 -0.062837
0.0218 -0.055388
0.0587 -0.049516
0.1007 -0.044462
0.1395 -0.039540
0.1689 -0.034545
0.1871 -0.029638
0.1953 -0.025051
0.1957 -0.020936
0.1905 -0.017354
0.1814 -0.014303
0.1697 -0.011739
0.1562 -0.009608
0.1417 -0.007846
0.1263 -0.006395
0.1102 -0.005203
0.0931 -0.004224
0.0747 -0.003418
0.0542 -0.002753
0.0301 -0.002200
0.0000 -0.001733
-0.0399 -0.001332
-0.0936 -0.000983
-0.1586 -0.000690
-0.2234 -0.000467
-0.2781 -0.000313
-0.3195 -0.000213
-0.3486 -0.000149
-0.3673 -0.000109
-0.3777 -0.000084
-0.3814 -0.000068
-0.3805 -0.000057
-0.3778 -0.000049
-0.3754 -0.000041
-0.3744 -0.000035
-0.3773 -0.030731
-0.3865 -0.056813
-0.3987 -0.050701
-0.4097 -0.045217
-0.4197 -0.040201
-0.4287 -0.035692
-0.4364 -0.031817
-0.4427 -0.028676
-0.4475 -0.026287
-0.4508 -0.024603
-0.4529 -0.023539
-0.4540 -0.022995
-0.4543 -0.022874
-0.4538 -0.023091
-0.4528 -0.023577
-0.4514 -0.024282
-0.4497 -0.025165
-0.4476 -0.026197
-0.4453 -0.027356
-0.4427 -0.028626
-0.4399 -0.028432
-0.4363 -0.025417
-0.4317 -0.022746
-0.4263 -0.020482
-0.4203 -0.018505
-0.4137 -0.016744
-0.4064 -0.015158
-0.3986 -0.013720
-0.3901 -0.012413
-0.3810 -0.011225
-0.3712 -0.010147
-0.3606 -0.009170
-0.3492 -0.008287
-0.3367 -0.007491
-0.3232 -0.006775
-0.3083 -0.006133
-0.2920 -0.005558
-0.2741 -0.005042
-0.2547 -0.004572
-0.2343 -0.004136
-0.2135 -0.003725
-0.2016 -0.077835
-0.1968 -0.078550
-0.1940 -0.078817
-0.1944 -0.078353
-0.1988 -0.076920
-0.2073 -0.074481
-0.2196 -0.071166
-0.2346 -0.067204
-0.2513 -0.062866
-0.2684 -0.058430
-0.2852 -0.054134
-0.3008 -0.050144
-0.3141 -0.039349
-0.3246 -0.031000
-0.3328 -0.024683
-0.3390 -0.019846
-0.3436 -0.016097
-0.3469 -0.013158
-0.3491 -0.010830
-0.3504 -0.008968
-0.3509 -0.007465
-0.3507 -0.006243
-0.3498 -0.005242
-0.3485 -0.004418
-0.3466 -0.003736
-0.3442 -0.003168
-0.3413 -0.002694
-0.3380 -0.002297
-0.3342 -0.001964
-0.3298 -0.001683
-0.3250 -0.001446
-0.3195 -0.001245
-0.3133 -0.001075
-0.3065 -0.000931
-0.2987 -0.000808
-0.2900 -0.000704
-0.2802 -0.000616
-0.2691 -0.000540
-0.2564 -0.000476
-0.2418 -0.000421
-0.2249 -0.000375
-0.2050 -0.000336
-0.1810 -0.000303
-0.1514 -0.000277
-0.1298 -0.092745
-0.1059 -0.098668
-0.0760 -0.106124
-0.0531 -0.223537
-0.0384 -0.230901
-0.0257 -0.237218
-0.0317 -0.351492
-0.0624 -0.328545
-0.1101 -0.292872
-0.1704 -0.247695
-0.2320 -0.201473
-0.2857 -0.161089
-0.3287 -0.128758
-0.3616 -0.104010
-0.3862 -0.085547
-0.4041 -0.072019
-0.4171 -0.062269
-0.4261 -0.053063
-0.4318 -0.046515
-0.4351 -0.042271
-0.4368 -0.039592
-0.4372 -0.038003
-0.4367 -0.036429
-0.4352 -0.033846
-0.4327 -0.032114
-0.4295 -0.030513
-0.4254 -0.026952
-0.4204 -0.024014
-0.4147 -0.021505
-0.4083 -0.019313
-0.4012 -0.017367
-0.3936 -0.015625
-0.3854 -0.014058
-0.3765 -0.012645
-0.3670 -0.011372
-0.3568 -0.010225
-0.3458 -0.009195
-0.3340 -0.008271
-0.3210 -0.007445
-0.3069 -0.006707
-0.2915 -0.006050
-0.2745 -0.005464
-0.2558 -0.004942
-0.2354 -0.004472
-0.2136 -0.004042
-0.1906 -0.003647
-0.1828 -0.082410
-0.1765 -0.083534
-0.1723 -0.084158
-0.1719 -0.083910
-0.1762 -0.082516
-0.1855 -0.079924
-0.1991 -0.076278
-0.2160 -0.071848
-0.2348 -0.066963
-0.2543 -0.061955
-0.2733 -0.057101
-0.2909 -0.052595
-0.3068 -0.048547
-0.3208 -0.044999
-0.3328 -0.039695
-0.3419 -0.031331
-0.3486 -0.025064
-0.3532 -0.020288
-0.3562 -0.016592
-0.3580 -0.013688
-0.3586 -0.011378
-0.3584 -0.009517
-0.3574 -0.008004
-0.3557 -0.006763
-0.3534 -0.005737
-0.3506 -0.004883
-0.3473 -0.004168
-0.3435 -0.003568
-0.3392 -0.003062
-0.3343 -0.002634
-0.3289 -0.002271
-0.3230 -0.001963
-0.3164 -0.001700
-0.3090 -0.001477
-0.3009 -0.001286
-0.2918 -0.001123
-0.2816 -0.000984
-0.2701 -0.000865
-0.2570 -0.000763
-0.2421 -0.000676
-0.2249 -0.000603
-0.2047 -0.000540
-0.1832 -0.079647
-0.1712 -0.082588
-0.1560 -0.086318
-0.1377 -0.090855
-0.1170 -0.095975
-0.1146 -0.192946
-0.1215 -0.189482
-0.1375 -0.181514
-0.1791 -0.241118
-0.2261 -0.205878
-0.2704 -0.172541
-0.3087 -0.143807
-0.3398 -0.120403
-0.3642 -0.101995
-0.3830 -0.087857
-0.3972 -0.077195
-0.4077 -0.069288
-0.4153 -0.061773
-0.4201 -0.055213
-0.4229 -0.050824
