0.3764
0.3284
0.2763
0.2425
0.2119
0.1962
0.1897
0.1887
0.1890
0.1892
0.1887
0.1895
0.1888
0.1890
0.1891
0.1888
0.1893
0.1890
0.1888
0.1890
0.1882
0.1894
0.1891
0.1892
0.1894
0.1891
0.1890
0.1889
0.1887
0.1888
0.1892
0.1892
0.1889
0.1888
0.1897
0.1883
0.1892
0.1895
0.1883
0.1893
0.1886
0.1892
0.1890
0.1894
0.1889
0.1893
0.1890
0.1890
0.1887
0.1889
0.1888
0.1887
0.1892
0.1892
0.1894
0.1892
0.1888
0.1888
0.1885
0.1890
0.1888
0.1891
0.1892
0.1892
0.1884
0.1888
0.1886
0.1895
0.1892
0.1884
0.1889
0.1890
0.1891
0.1886
0.1891
0.1889
0.1892
0.1892
0.1886
0.1885
0.1899
0.1885
0.1889
0.1887
0.1890
0.1885
0.1896
0.1885
0.1894
0.1886
0.1892
0.1886
0.1897
0.1890
0.1891
0.1886
0.1894
0.1890
0.1887
0.1894
0.1885
0.1892
0.1890
0.1894
0.1885
0.1885
0.1889
0.1892
0.1889
0.1889
0.1889
0.1891
0.1887
0.1888
0.1888
0.1889
0.1890
0.1895
0.1886
0.1887
0.1894
0.1887
0.1886
0.1897
0.1888
0.1891
0.1888
0.1887
0.1892
0.1894
0.1891
0.1887
0.1890
0.1890
0.1887
0.1892
0.1885
0.1887
0.1894
0.1891
0.1883
0.1890
0.1887
0.1890
0.1886
0.1892
0.1890
0.1889
0.1889
0.1891
