-0.4344 0.005186
-0.4299 0.004243
-0.4249 0.003468
-0.4197 0.002832
-0.4144 0.002312
-0.4093 0.001888
-0.4046 0.001543
-0.4004 0.001263
-0.3966 0.001034
-0.3935 0.000848
-0.3910 0.000697
-0.3893 0.000574
-0.3883 0.000473
-0.3880 0.000391
-0.3884 0.000323
-0.3856 0.270519
-0.3393 0.237975
-0.3030 0.212456
-0.2739 0.192012
-0.2500 0.175210
-0.2138 0.300004
-0.1714 0.240603
-0.1352 0.189737
-0.1007 0.212465
-0.0534 0.113117
-0.0065 0.014710
0.0380 -0.078999
0.0737 -0.154252
0.0961 -0.201534
0.1061 -0.219246
0.1085 -0.211848
0.1063 -0.197457
0.1010 -0.179571
0.0935 -0.160200
0.0854 -0.132717
0.0776 -0.109171
0.0664 -0.132022
0.0499 -0.093944
0.0346 -0.058167
0.0194 -0.029417
0.0028 -0.004059
-0.0167 0.020630
-0.0409 0.046934
-0.0713 0.076335
-0.1077 0.108505
-0.1473 0.140595
-0.1852 0.168681
-0.2176 0.190309
-0.2430 0.205188
-0.2614 0.214272
-0.2740 0.212136
-0.2859 0.182994
-0.2984 0.157922
-0.3108 0.135983
-0.3225 0.116678
-0.3333 0.099701
-0.3429 0.084829
-0.3514 0.071870
-0.3586 0.060640
-0.3645 0.050967
-0.3692 0.042681
-0.3726 0.035620
-0.3749 0.029634
-0.3761 0.024583
-0.3764 0.020340
-0.3758 0.016790
-0.3745 0.013834
-0.3726 0.011380
-0.3703 0.009351
-0.3677 0.007678
-0.3649 0.006300
-0.3621 0.005168
-0.3592 0.004239
-0.3562 0.003476
-0.3533 0.002851
-0.3505 0.002338
-0.3477 0.001918
-0.3451 0.001574
-0.3428 0.001293
-0.3410 0.001063
-0.3400 0.000876
-0.3397 0.000724
-0.3403 0.000600
-0.3416 0.000498
-0.3437 0.000414
-0.3465 0.000345
-0.3499 0.000288
-0.3541 0.000241
-0.3173 0.222550
-0.2673 0.375234
-0.2147 0.301332
-0.1744 0.244709
-0.1408 0.197562
-0.0950 0.200425
-0.0520 0.110131
-0.0103 0.022465
0.0292 -0.060546
0.0619 -0.129496
0.0842 -0.176448
0.0959 -0.201158
0.0993 -0.206521
0.0984 -0.193128
0.0951 -0.177374
0.0912 -0.151603
0.0866 -0.190555
0.0724 -0.149169
0.0604 -0.117612
0.0497 -0.088791
0.0402 -0.064289
0.0310 -0.044795
0.0213 -0.028053
0.0103 -0.012525
-0.0028 0.002955
-0.0187 0.019369
-0.0383 0.037583
-0.0624 0.058197
-0.0909 0.081123
-0.1223 0.105086
-0.1536 0.127843
-0.1823 0.138465
-0.2098 0.131746
-0.2356 0.122392
-0.2594 0.111403
-0.2808 0.099745
-0.3002 0.088172
-0.3178 0.077175
-0.3337 0.067017
-0.3481 0.057804
-0.3609 0.049555
-0.3721 0.042242
-0.3816 0.035814
-0.3893 0.030211
-0.3952 0.025362
-0.3995 0.021198
-0.4022 0.017645
-0.4034 0.014634
-0.4033 0.012096
-0.4020 0.009969
-0.3996 0.008194
-0.3963 0.006720
-0.3923 0.005500
-0.3877 0.004493
-0.3825 0.003666
-0.3770 0.002987
-0.3713 0.002432
-0.3656 0.001980
-0.3604 0.001614
-0.3560 0.001318
-0.3526 0.001080
-0.3503 0.000887
-0.3490 0.000730
-0.3486 0.000603
-0.3489 0.000499
-0.3498 0.000414
-0.3511 0.000343
-0.3528 0.000285
-0.3547 0.000237
-0.3567 0.000197
-0.3588 0.000164
-0.3611 0.000136
-0.3636 0.000114
-0.3664 0.000095
-0.3298 0.231221
-0.2950 0.206759
-0.2671 0.187214
-0.2443 0.171195
-0.2251 0.157718
-0.2086 0.146168
-0.1814 0.254541
-0.1461 0.204954
-0.1141 0.160228
-0.0826 0.116042
-0.0486 0.068602
-0.0104 0.015168
0.0298 -0.061854
0.0631 -0.131218
0.0864 -0.169725
0.1003 -0.187383
0.1066 -0.190629
0.1072 -0.184654
0.1037 -0.172885
0.0971 -0.157464
0.0889 -0.132428
0.0804 -0.108859
0.0714 -0.088574
0.0544 -0.100786
0.0367 -0.065242
0.0187 -0.032267
-0.0004 0.000297
-0.0214 0.033952
-0.0453 0.065196
-0.0732 0.096156
-0.1050 0.126780
-0.1385 0.155134
-0.1706 0.178739
-0.1987 0.196235
-0.2215 0.207779
-0.2390 0.214390
-0.2518 0.217275
-0.2611 0.204240
-0.2718 0.175776
-0.2838 0.151763
-0.2963 0.130998
-0.3086 0.112820
-0.3204 0.096846
-0.3314 0.082828
-0.3415 0.070576
-0.3507 0.059918
-0.3588 0.050693
-0.3659 0.042742
-0.3719 0.035919
-0.3768 0.030089
-0.3806 0.025127
-0.3832 0.020921
-0.3848 0.017370
-0.3854 0.014384
-0.3851 0.011883
-0.3839 0.009796
-0.3821 0.008062
-0.3799 0.006626
-0.3773 0.005442
-0.3745 0.004466
-0.3715 0.003663
-0.3685 0.003004
-0.3654 0.002463
-0.3622 0.002019
-0.3591 0.001655
-0.3560 0.001356
-0.3530 0.001112
-0.3503 0.000912
-0.3478 0.000749
-0.3457 0.000615
-0.3439 0.000506
-0.3424 0.000417
-0.3414 0.000344
-0.3408 0.000284
-0.3394 0.238140
-0.2976 0.208743
-0.2644 0.185430
-0.2375 0.166535
-0.2151 0.150804
-0.1960 0.137372
-0.1619 0.227166
-0.1255 0.176270
-0.0912 0.128140
-0.0554 0.078104
-0.0157 0.022620
0.0276 -0.037997
0.0690 -0.096024
0.1007 -0.140619
0.1204 -0.155850
0.1309 -0.155992
0.1339 -0.148276
0.1163 -0.202265
0.0997 -0.167589
0.0838 -0.131182
0.0693 -0.098144
0.0552 -0.071451
0.0364 -0.069069
0.0162 -0.029531
-0.0046 0.007684
-0.0271 0.045030
-0.0518 0.083857
-0.0785 0.124314
-0.1063 0.164919
-0.1328 0.202678
-0.1559 0.234564
-0.1744 0.252762
-0.1911 0.252131
-0.2065 0.250358
-0.2204 0.247675
-0.2327 0.238934
-0.2467 0.209412
-0.2628 0.184432
-0.2797 0.162275
-0.2964 0.142180
-0.3122 0.123866
-0.3270 0.107251
-0.3403 0.092307
-0.3522 0.078992
-0.3626 0.067240
-0.3715 0.056960
-0.3790 0.048041
-0.3850 0.040359
-0.3898 0.033783
-0.3933 0.028186
-0.3957 0.023447
-0.3971 0.019454
-0.3976 0.016105
-0.3973 0.013305
-0.3963 0.010974
-0.3947 0.009036
-0.3925 0.007430
-0.3898 0.006101
-0.3866 0.005003
-0.3830 0.004098
-0.3789 0.003352
-0.3744 0.002739
-0.3697 0.002236
-0.3646 0.001824
-0.3594 0.001486
-0.3541 0.001211
-0.3489 0.000986
-0.3438 0.000804
-0.3391 0.000655
-0.3348 0.000535
-0.3310 0.000437
-0.3278 0.000358
-0.3253 0.000294
-0.3235 0.000242
-0.3224 0.000199
-0.3220 0.000164
-0.2866 0.200968
-0.2534 0.177696
-0.2263 0.158643
-0.2034 0.142598
-0.1836 0.128717
-0.1559 0.218895
-0.1191 0.167256
-0.0836 0.117592
-0.0460 0.065028
-0.0041 0.006297
0.0408 -0.056526
0.0813 -0.113384
0.1101 -0.153894
0.1266 -0.163473
0.1343 -0.159660
0.1202 -0.217109
0.1059 -0.183894
0.0915 -0.153602
0.0769 -0.122780
0.0631 -0.090940
0.0492 -0.064681
0.0302 -0.057862
0.0091 -0.016900
-0.0136 0.023376
-0.0388 0.064893
-0.0663 0.108081
-0.0954 0.151649
-0.1237 0.192772
-0.1495 0.219446
-0.1737 0.231803
-0.1953 0.239255
-0.2138 0.242562
-0.2293 0.242830
-0.2418 0.241076
-0.2520 0.228815
-0.2640 0.198194
-0.2779 0.172508
-0.2926 0.150162
-0.3073 0.130384
-0.3215 0.112794
-0.3350 0.097171
-0.3475 0.083348
-0.3589 0.071175
-0.3690 0.060515
-0.3778 0.051234
-0.3853 0.043202
-0.3915 0.036292
-0.3963 0.030379
-0.3999 0.025345
-0.4023 0.021079
-0.4035 0.017482
-0.4037 0.014462
-0.4030 0.011936
-0.4014 0.009831
-0.3991 0.008081
-0.3961 0.006632
-0.3925 0.005434
-0.3885 0.004446
-0.3840 0.003634
-0.3791 0.002966
-0.3739 0.002419
-0.3685 0.001971
-0.3629 0.001605
-0.3572 0.001306
-0.3514 0.001062
-0.3456 0.000864
-0.3400 0.000703
-0.3345 0.000572
-0.3294 0.000466
-0.3249 0.000380
-0.3209 0.000310
-0.3176 0.000254
-0.3151 0.000208
-0.3133 0.000171
-0.3123 0.000141
-0.3121 0.000116
-0.2779 0.194873
-0.2457 0.172256
-0.2191 0.153609
-0.1966 0.137796
-0.1770 0.124023
-0.1534 0.215363
-0.1168 0.164005
-0.0812 0.114192
-0.0432 0.061075
-0.0007 0.001605
0.0444 -0.061525
0.0844 -0.117743
0.1124 -0.157016
0.1281 -0.164888
0.1302 -0.245983
0.1170 -0.211063
0.1035 -0.179613
0.0897 -0.150496
0.0755 -0.121739
0.0618 -0.089883
0.0479 -0.063539
0.0282 -0.054323
0.0075 -0.014011
-0.0146 0.025235
-0.0389 0.065300
-0.0654 0.106833
-0.0935 0.149007
-0.1213 0.189364
-0.1482 0.209682
-0.1738 0.224439
-0.1967 0.234011
-0.2164 0.239126
-0.2328 0.240853
-0.2459 0.240171
-0.2566 0.224266
-0.2693 0.194590
-0.2835 0.169377
-0.2982 0.147297
-0.3127 0.127708
-0.3266 0.110289
-0.3396 0.094838
-0.3517 0.081193
-0.3625 0.069205
-0.3721 0.058735
-0.3804 0.049648
-0.3874 0.041810
-0.3932 0.035087
-0.3978 0.029351
-0.4013 0.024480
-0.4037 0.020363
-0.4051 0.016895
-0.4056 0.013987
-0.4053 0.011555
-0.4042 0.009527
-0.4023 0.007841
-0.3998 0.006443
-0.3967 0.005285
-0.3930 0.004330
-0.3889 0.003542
-0.3843 0.002895
-0.3794 0.002363
-0.3742 0.001927
-0.3688 0.001570
-0.3632 0.001278
-0.3575 0.001040
-0.3518 0.000846
-0.3461 0.000689
-0.3406 0.000560
-0.3353 0.000456
-0.3303 0.000371
-0.3259 0.000303
-0.3220 0.000247
-0.3186 0.000202
-0.3159 0.000166
-0.3139 0.000136
-0.3125 0.000112
-0.3098 0.217223
-0.2708 0.189851
-0.2391 0.167625
-0.2127 0.149116
-0.1901 0.133243
-0.1701 0.119254
-0.1405 0.197205
-0.1036 0.145561
-0.0665 0.093594
-0.0257 0.036644
0.0195 -0.026668
0.0645 -0.089672
0.1003 -0.140024
0.1223 -0.167970
0.1333 -0.167666
0.1217 -0.226829
0.1092 -0.194819
0.0962 -0.165186
0.0826 -0.137368
0.0688 -0.105517
0.0549 -0.114919
0.0344 -0.068030
0.0142 -0.026964
-0.0070 0.012119
-0.0301 0.051445
-0.0556 0.092151
-0.0831 0.134050
-0.1110 0.175153
-0.1382 0.200444
-0.1645 0.217308
-0.1885 0.228803
-0.2094 0.235493
-0.2268 0.238411
-0.2409 0.238585
-0.2542 0.211537
-0.2693 0.185352
-0.2853 0.162313
-0.3011 0.141673
-0.3165 0.123103
-0.3309 0.106439
-0.3443 0.091565
-0.3564 0.078375
-0.3672 0.066762
-0.3766 0.056613
-0.3846 0.047805
-0.3912 0.040209
-0.3965 0.033698
-0.4006 0.028148
-0.4034 0.023441
-0.4052 0.019466
-0.4060 0.016125
-0.4058 0.013327
-0.4048 0.010993
-0.4031 0.009050
-0.4007 0.007438
-0.3976 0.006104
-0.3941 0.005002
-0.3901 0.004094
-0.3857 0.003347
-0.3810 0.002733
-0.3760 0.002230
-0.3707 0.001818
-0.3652 0.001481
-0.3596 0.001206
-0.3539 0.000981
-0.3482 0.000798
-0.3425 0.000649
-0.3370 0.000528
-0.3317 0.000430
-0.3267 0.000350
-0.3221 0.000285
-0.3180 0.000233
-0.3144 0.000190
-0.3115 0.000156
-0.3093 0.000128
-0.3077 0.000105
-0.3069 0.000087
-0.2875 0.201615
-0.2526 0.177091
-0.2239 0.156916
-0.1995 0.139848
-0.1783 0.124975
-0.1585 0.222421
-0.1203 0.168980
-0.0838 0.117798
-0.0451 0.063646
-0.0017 0.003069
0.0444 -0.061470
0.0854 -0.119028
0.1138 -0.159051
0.1291 -0.169643
0.1271 -0.242795
0.1147 -0.209004
0.1018 -0.178160
0.0884 -0.149454
0.0746 -0.119734
0.0613 -0.088719
0.0412 -0.083446
0.0214 -0.041160
0.0009 -0.002016
-0.0212 0.036674
-0.0456 0.076512
-0.0723 0.117956
-0.1003 0.159678
-0.1277 0.192097
-0.1545 0.211007
-0.1795 0.224526
-0.2016 0.232926
-0.2202 0.237103
-0.2354 0.238098
-0.2490 0.214731
-0.2645 0.188544
-0.2807 0.165435
-0.2968 0.144665
-0.3124 0.125908
-0.3272 0.109009
-0.3407 0.093870
-0.3530 0.080407
-0.3638 0.068530
-0.3733 0.058133
-0.3813 0.049099
-0.3879 0.041301
-0.3931 0.034612
-0.3971 0.028907
-0.3999 0.024068
-0.4015 0.019982
-0.4021 0.016547
-0.4018 0.013671
-0.4006 0.011271
-0.3987 0.009274
-0.3962 0.007619
-0.3930 0.006249
-0.3893 0.005118
-0.3851 0.004187
-0.3806 0.003421
-0.3757 0.002792
-0.3705 0.002276
-0.3651 0.001855
-0.3595 0.001510
-0.3537 0.001228
-0.3479 0.000999
-0.3421 0.000812
-0.3364 0.000660
-0.3308 0.000537
-0.3254 0.000437
-0.3202 0.000355
-0.3155 0.000289
-0.3112 0.000236
-0.3074 0.000193
-0.3043 0.000158
-0.3018 0.000129
-0.3000 0.000106
-0.2989 0.000088
-0.2932 0.205611
-0.2566 0.179909
-0.2266 0.158815
-0.2012 0.141032
-0.1792 0.125584
-0.1595 0.111791
-0.1288 0.180848
-0.0923 0.129672
-0.0544 0.076718
-0.0123 0.017858
0.0336 -0.046367
0.0766 -0.106713
0.1084 -0.151401
0.1263 -0.170829
0.1271 -0.246921
0.1157 -0.213881
0.1035 -0.183427
0.0907 -0.154930
0.0773 -0.127972
0.0638 -0.096228
0.0456 -0.094649
0.0260 -0.051050
0.0062 -0.011840
-0.0149 0.026091
-0.0380 0.064666
-0.0635 0.104821
-0.0907 0.145903
-0.1181 0.180223
-0.1455 0.201227
-0.1715 0.217009
-0.1948 0.227475
-0.2147 0.233316
-0.2309 0.235545
-0.2446 0.220072
-0.2597 0.193170
-0.2757 0.169586
-0.2919 0.148441
-0.3076 0.129349
-0.3225 0.112127
-0.3362 0.096674
-0.3487 0.082906
-0.3599 0.070738
-0.3696 0.060067
-0.3778 0.050779
-0.3847 0.042749
-0.3902 0.035852
-0.3944 0.029963
-0.3974 0.024961
-0.3992 0.020733
-0.4000 0.017177
-0.3998 0.014196
-0.3988 0.011708
-0.3970 0.009638
-0.3946 0.007919
-0.3916 0.006497
-0.3880 0.005323
-0.3839 0.004356
-0.3795 0.003560
-0.3747 0.002906
-0.3696 0.002370
-0.3643 0.001931
-0.3588 0.001573
-0.3531 0.001280
-0.3474 0.001041
-0.3417 0.000847
-0.3361 0.000689
-0.3306 0.000560
-0.3253 0.000456
-0.3202 0.000371
-0.3154 0.000302
-0.3109 0.000246
-0.3069 0.000201
-0.3034 0.000164
-0.3004 0.000134
-0.2980 0.000110
-0.2963 0.000091
-0.2952 0.000075
-0.2832 0.198589
-0.2480 0.173867
-0.2189 0.153416
-0.1941 0.136023
-0.1723 0.120783
-0.1528 0.107071
-0.1190 0.167109
-0.0824 0.115828
-0.0436 0.061572
-0.0002 0.000926
0.0458 -0.063458
0.0864 -0.120537
0.1145 -0.159957
0.1292 -0.171150
0.1228 -0.235577
0.1115 -0.204079
0.0995 -0.174667
0.0867 -0.146965
0.0733 -0.120184
0.0599 -0.088565
0.0396 -0.081092
0.0203 -0.039443
0.0005 -0.001237
-0.0208 0.036244
-0.0442 0.074723
-0.0700 0.114838
-0.0971 0.155433
-0.1245 0.183382
-0.1519 0.203434
-0.1775 0.218158
-0.2001 0.227646
-0.2191 0.232687
-0.2345 0.234313
-0.2486 0.209237
-0.2642 0.183904
-0.2805 0.161407
-0.2966 0.141122
-0.3121 0.122777
-0.3266 0.106240
-0.3399 0.091428
-0.3519 0.078266
-0.3625 0.066663
-0.3717 0.056514
-0.3794 0.047702
-0.3857 0.040101
-0.3907 0.033586
-0.3944 0.028034
-0.3969 0.023327
-0.3983 0.019356
-0.3988 0.016020
-0.3982 0.013229
-0.3969 0.010902
-0.3949 0.008968
-0.3922 0.007364
-0.3890 0.006039
-0.3852 0.004945
-0.3811 0.004044
-0.3765 0.003304
-0.3716 0.002696
-0.3665 0.002198
-0.3611 0.001791
-0.3556 0.001458
-0.3501 0.001187
-0.3445 0.000966
-0.3390 0.000786
-0.3336 0.000639
-0.3284 0.000520
-0.3234 0.000424
-0.3186 0.000345
-0.3141 0.000281
-0.3099 0.000229
-0.3060 0.000187
-0.3025 0.000153
-0.2994 0.000125
-0.2968 0.000103
-0.2946 0.000084
-0.2930 0.000069
-0.2919 0.000057
-0.2740 0.192077
-0.2399 0.168211
-0.2116 0.148298
-0.1872 0.131206
-0.1656 0.116101
-0.1453 0.203936
-0.1077 0.151253
-0.0706 0.099351
-0.0305 0.043232
0.0142 -0.019285
0.0595 -0.082761
0.0967 -0.134993
0.1202 -0.168080
0.1289 -0.257496
0.1185 -0.224381
0.1071 -0.193784
0.0949 -0.165100
0.0821 -0.138012
0.0687 -0.109186
0.0519 -0.111114
0.0324 -0.065363
0.0133 -0.025733
-0.0065 0.011508
-0.0282 0.048690
-0.0521 0.087268
-0.0782 0.127356
-0.1052 0.165024
-0.1328 0.188318
-0.1598 0.206859
-0.1846 0.220035
-0.2062 0.228153
-0.2239 0.232100
-0.2383 0.224777
-0.2533 0.197541
-0.2694 0.173711
-0.2857 0.152326
-0.3016 0.132968
-0.3168 0.115456
-0.3308 0.099696
-0.3436 0.085618
-0.3550 0.073146
-0.3650 0.062184
-0.3736 0.052623
-0.3807 0.044342
-0.3864 0.037217
-0.3909 0.031124
-0.3940 0.025943
-0.3960 0.021559
-0.3970 0.017868
-0.3969 0.014773
-0.3960 0.012187
-0.3944 0.010035
-0.3921 0.008248
-0.3891 0.006769
-0.3857 0.005547
-0.3818 0.004540
-0.3775 0.003711
-0.3728 0.003031
-0.3679 0.002472
-0.3627 0.002016
-0.3574 0.001642
-0.3520 0.001337
-0.3466 0.001089
-0.3413 0.000886
-0.3362 0.000722
-0.3313 0.000588
-0.3266 0.000479
-0.3221 0.000391
-0.3179 0.000319
-0.3139 0.000260
-0.3102 0.000213
-0.3068 0.000174
-0.3036 0.000142
-0.3008 0.000117
-0.2983 0.000096
-0.2962 0.000079
-0.2944 0.000065
-0.2932 0.000053
-0.2924 0.000044
-0.2764 0.193809
-0.2422 0.169759
-0.2136 0.149719
-0.1891 0.132571
-0.1676 0.117491
-0.1483 0.103915
-0.1177 0.165298
-0.0818 0.115092
-0.0440 0.062142
-0.0017 0.003039
0.0433 -0.060024
0.0837 -0.116671
0.1120 -0.156510
0.1276 -0.166589
0.1211 -0.230579
0.1108 -0.201319
0.0994 -0.173386
0.0870 -0.146721
0.0739 -0.121091
0.0605 -0.090903
0.0419 -0.086817
0.0228 -0.044650
0.0034 -0.006636
-0.0173 0.030213
-0.0399 0.067829
-0.0650 0.107134
-0.0917 0.147363
-0.1194 0.175079
-0.1475 0.196799
-0.1742 0.213258
-0.1978 0.224254
-0.2176 0.230427
-0.2335 0.232793
-0.2458 0.229165
-0.2582 0.199038
-0.2722 0.173456
-0.2866 0.151041
-0.3010 0.131128
-0.3147 0.113378
-0.3276 0.097597
-0.3396 0.083635
-0.3504 0.071356
-0.3600 0.060624
-0.3684 0.051297
-0.3756 0.043238
-0.3815 0.036311
-0.3861 0.030388
-0.3895 0.025347
-0.3917 0.021078
-0.3929 0.017478
-0.3930 0.014455
-0.3922 0.011928
-0.3906 0.009822
-0.3883 0.008075
-0.3856 0.006629
-0.3824 0.005435
-0.3788 0.004452
-0.3750 0.003644
-0.3710 0.002981
-0.3669 0.002437
-0.3627 0.001992
-0.3586 0.001628
-0.3544 0.001331
-0.3504 0.001088
-0.3464 0.000889
-0.3426 0.000727
-0.3388 0.000594
-0.3351 0.000486
-0.3314 0.000398
-0.3278 0.000325
-0.3242 0.000266
-0.3207 0.000217
-0.3172 0.000178
-0.3140 0.000146
-0.3109 0.000119
-0.3080 0.000098
-0.3054 0.000080
-0.3033 0.000066
-0.3016 0.000054
-0.3004 0.000044
-0.2976 0.208646
-0.2597 0.182077
-0.2286 0.160221
-0.2024 0.141831
-0.1797 0.125950
-0.1597 0.111902
-0.1415 0.099186
-0.1133 0.159120
-0.0785 0.110423
-0.0413 0.058410
0.0004 0.000038
0.0448 -0.062160
0.0845 -0.117771
0.1122 -0.153950
0.1275 -0.249873
0.1199 -0.223390
0.1103 -0.196698
0.0992 -0.170362
0.0870 -0.144712
0.0739 -0.119699
0.0602 -0.090816
0.0426 -0.088456
0.0230 -0.045212
0.0032 -0.006366
-0.0178 0.031223
-0.0409 0.069521
-0.0663 0.109416
-0.0934 0.148645
-0.1219 0.175247
-0.1507 0.197536
-0.1779 0.214320
-0.2017 0.225464
-0.2216 0.231688
-0.2374 0.234071
-0.2498 0.224834
-0.2630 0.195726
-0.2775 0.170758
-0.2924 0.148761
-0.3071 0.129167
-0.3211 0.111677
-0.3342 0.096109
-0.3462 0.082322
-0.3570 0.070189
-0.3665 0.059579
-0.3746 0.050358
-0.3814 0.042392
-0.3869 0.035552
-0.3910 0.029711
-0.3939 0.024749
-0.3957 0.020554
-0.3964 0.017025
-0.3961 0.014068
-0.3950 0.011599
-0.3932 0.009546
-0.3907 0.007842
-0.3876 0.006434
-0.3841 0.005271
-0.3802 0.004314
-0.3760 0.003528
-0.3716 0.002883
-0.3671 0.002354
-0.3625 0.001922
-0.3580 0.001570
-0.3535 0.001281
-0.3490 0.001046
-0.3447 0.000854
-0.3404 0.000698
-0.3362 0.000570
-0.3321 0.000465
-0.3280 0.000380
