0.6507 0.9493
0.6270 0.8446
0.6033 0.7538
0.5799 0.6751
0.5570 0.6068
0.5349 0.5475
0.5138 0.4961
0.4939 0.4515
0.4753 0.4129
0.4581 0.3793
0.4423 0.3502
0.4280 0.3250
0.4150 0.3031
0.4034 0.2841
0.3930 0.2677
0.3838 0.2534
0.3757 0.2410
0.3685 0.2303
0.3622 0.2209
0.3566 0.2129
0.3518 0.2060
0.3479 0.2017
0.3504 0.2371
0.4447 1.2654
0.6688 9.4596
0.8308 28.5832
0.9084 50.1759
0.9357 69.1487
0.9416 84.5196
0.9408 94.8776
0.9389 98.3253
0.9375 94.6387
0.9366 86.3616
0.9359 76.5689
0.9352 67.0177
0.9344 58.3464
0.9334 50.6893
0.9323 44.0022
0.9310 38.1885
0.9295 33.1429
0.9277 28.7665
0.9257 24.9710
0.9234 21.6792
0.9208 18.8244
0.9178 16.3484
0.9144 14.2009
0.9105 12.3384
0.9060 10.7230
0.9009 9.3219
0.8951 8.1066
0.8886 7.0526
0.8812 6.1384
0.8729 5.3454
0.8636 4.6576
0.8532 4.0611
0.8416 3.5437
0.8287 3.0949
0.8146 2.7056
0.7990 2.3680
0.7822 2.0751
0.7639 1.8211
0.7444 1.6008
0.7237 1.4097
0.7020 1.2439
0.6794 1.1002
0.6561 0.9755
0.6325 0.8673
0.6088 0.7735
0.5852 0.6921
0.5622 0.6215
0.5399 0.5603
0.5185 0.5072
0.4983 0.4612
0.4794 0.4212
0.4619 0.3866
0.4458 0.3565
0.4311 0.3304
0.4179 0.3078
0.4059 0.2882
0.3953 0.2712
0.3858 0.2565
0.3774 0.2437
0.3700 0.2326
0.3635 0.2229
0.3578 0.2146
0.3528 0.2074
0.3486 0.2019
0.3476 0.2148
0.4047 0.7402
0.6216 6.7632
0.8040 24.2140
0.8974 46.0560
0.9326 65.6759
0.9414 81.8893
0.9412 93.4737
0.9394 98.4853
0.9378 96.1269
0.9368 88.4858
0.9360 78.7798
0.9353 69.0735
0.9346 60.1780
0.9337 52.2939
0.9326 45.3985
0.9313 39.4001
0.9298 34.1931
0.9281 29.6766
0.9262 25.7596
0.9240 22.3626
0.9214 19.4166
0.9185 16.8616
0.9152 14.6457
0.9114 12.7238
0.9070 11.0570
0.9021 9.6113
0.8965 8.3574
0.8901 7.2699
0.8829 6.3267
0.8748 5.5086
0.8657 4.7991
0.8556 4.1837
0.8442 3.6499
0.8316 3.1870
0.8178 2.7854
0.8025 2.4371
0.7859 2.1351
0.7680 1.8730
0.7488 1.6458
0.7283 1.4487
0.7068 1.2777
0.6843 1.1295
0.6612 1.0009
0.6376 0.8893
0.6139 0.7926
0.5903 0.7086
0.5671 0.6359
0.5446 0.5727
0.5230 0.5180
0.5026 0.4705
0.4834 0.4293
0.4655 0.3936
0.4491 0.3626
0.4342 0.3357
0.4206 0.3124
0.4084 0.2922
0.3975 0.2746
0.3877 0.2594
0.3791 0.2462
0.3715 0.2348
0.3649 0.2249
0.3590 0.2163
0.3539 0.2088
0.3494 0.2027
0.3468 0.2056
0.3778 0.4698
0.5747 4.7315
0.7748 20.2261
0.8848 42.0751
0.9286 62.2715
0.9408 79.2220
0.9416 91.8682
0.9398 98.3153
0.9381 97.3057
0.9370 90.4007
0.9362 80.8558
0.9355 71.0329
0.9347 61.9338
0.9339 53.8356
0.9328 46.7411
0.9316 40.5655
0.9302 35.2035
0.9285 30.5521
0.9266 26.5182
0.9245 23.0200
0.9220 19.9862
0.9191 17.3552
0.9159 15.0734
0.9122 13.0944
0.9079 11.3781
0.9031 9.8896
0.8977 8.5986
0.8915 7.4789
0.8845 6.5078
0.8766 5.6656
0.8677 4.9351
0.8577 4.3015
0.8466 3.7520
0.8343 3.2754
0.8207 2.8621
0.8057 2.5036
0.7894 2.1926
0.7717 1.9230
0.7527 1.6891
0.7325 1.4862
0.7112 1.3102
0.6889 1.1576
0.6659 1.0253
0.6423 0.9104
0.6186 0.8109
0.5950 0.7245
0.5717 0.6496
0.5490 0.5847
0.5272 0.5283
0.5065 0.4794
0.4871 0.4371
0.4690 0.4003
0.4523 0.3684
0.4370 0.3408
0.4232 0.3168
0.4107 0.2960
0.3995 0.2779
0.3896 0.2623
0.3808 0.2487
0.3730 0.2369
0.3661 0.2267
0.3601 0.2179
0.3548 0.2102
0.3502 0.2037
0.3468 0.2021
0.3620 0.3357
0.5300 3.2549
0.7442 16.7031
0.8706 38.2945
0.9238 58.9962
0.9399 76.5926
0.9418 90.1504
0.9402 97.8830
0.9384 98.1936
0.9371 92.0956
0.9363 82.7797
0.9356 72.8794
0.9349 63.5988
0.9340 55.3013
0.9330 48.0189
0.9318 41.6751
0.9304 36.1655
0.9288 31.3858
0.9270 27.2406
0.9249 23.6459
0.9225 20.5285
0.9197 17.8251
0.9165 15.4805
0.9129 13.4472
0.9088 11.6838
0.9041 10.1545
0.8988 8.8281
0.8927 7.6778
0.8858 6.6802
0.8781 5.8149
0.8694 5.0645
0.8597 4.4137
0.8488 3.8492
0.8367 3.3596
0.8233 2.9351
0.8086 2.5668
0.7926 2.2474
0.7751 1.9704
0.7564 1.7302
0.7364 1.5218
0.7152 1.3411
0.6931 1.1844
0.6702 1.0484
0.6467 0.9306
0.6230 0.8283
0.5993 0.7396
0.5760 0.6627
0.5532 0.5960
0.5312 0.5381
0.5103 0.4880
0.4906 0.4444
0.4722 0.4067
0.4553 0.3740
0.4397 0.3456
0.4256 0.3209
0.4129 0.2996
0.4015 0.2811
0.3913 0.2650
0.3823 0.2511
0.3743 0.2390
0.3673 0.2285
0.3611 0.2194
0.3557 0.2115
0.3510 0.2048
0.3472 0.2009
0.3537 0.2692
0.4891 2.2107
0.7129 13.6807
0.8554 34.7651
0.9184 55.8969
0.9387 74.0592
0.9420 88.3964
0.9405 97.2585
0.9386 98.8213
0.9373 93.5691
0.9364 84.5401
0.9358 74.6001
0.9350 65.1613
0.9342 56.6805
0.9332 49.2226
0.9320 42.7208
0.9307 37.0723
0.9291 32.1716
0.9273 27.9215
0.9253 24.2359
0.9229 21.0397
0.9202 18.2680
0.9171 15.8643
0.9136 13.7797
0.9095 11.9719
0.9050 10.4041
0.8997 9.0444
0.8938 7.8652
0.8871 6.8426
0.8795 5.9556
0.8710 5.1864
0.8614 4.5193
0.8508 3.9407
0.8389 3.4390
0.8257 3.0038
0.8112 2.6264
0.7954 2.2990
0.7782 2.0151
0.7597 1.7689
0.7399 1.5554
0.7189 1.3702
0.6969 1.2096
0.6741 1.0703
0.6508 0.9495
0.6271 0.8447
0.6034 0.7538
0.5799 0.6750
0.5570 0.6067
0.5349 0.5474
0.5137 0.4960
0.4938 0.4514
0.4752 0.4127
0.4580 0.3792
0.4423 0.3501
0.4279 0.3248
0.4150 0.3030
0.4033 0.2840
0.3930 0.2675
0.3837 0.2533
0.3756 0.2409
0.3684 0.2301
0.3621 0.2208
0.3566 0.2128
0.3517 0.2058
0.3477 0.2009
0.3496 0.2359
0.4535 1.5007
0.6820 11.1441
0.8394 31.5139
0.9124 52.9993
0.9372 71.6589
0.9420 86.6626
0.9409 96.5050
0.9389 99.2273
0.9375 94.8306
0.9366 86.1334
0.9359 76.1879
0.9352 66.6135
0.9343 57.9659
0.9334 50.3457
0.9322 43.6969
0.9309 37.9188
0.9294 32.9051
0.9276 28.5570
0.9256 24.7864
0.9233 21.5167
0.9207 18.6813
0.9176 16.2224
0.9142 14.0900
0.9102 12.2407
0.9057 10.6370
0.9006 9.2462
0.8948 8.0400
0.8882 6.9940
0.8808 6.0868
0.8724 5.3001
0.8630 4.6178
0.8525 4.0261
0.8408 3.5129
0.8279 3.0678
0.8136 2.6819
0.7980 2.3471
0.7810 2.0568
0.7627 1.8050
0.7430 1.5867
0.7223 1.3973
0.7004 1.2331
0.6777 1.0906
0.6544 0.9671
0.6308 0.8600
0.6070 0.7671
0.5835 0.6865
0.5605 0.6166
0.5382 0.5560
0.5169 0.5034
0.4968 0.4578
0.4780 0.4183
0.4606 0.3840
0.4446 0.3543
0.4300 0.3285
0.4169 0.3061
0.4050 0.2867
0.3945 0.2699
0.3851 0.2553
0.3768 0.2427
0.3695 0.2317
0.3630 0.2222
0.3574 0.2139
0.3524 0.2068
0.3482 0.2012
0.3477 0.2190
0.4244 1.0395
0.6522 9.0739
0.8232 28.5789
0.9061 50.3368
0.9355 69.4299
0.9419 85.0014
0.9412 95.6834
0.9392 99.4534
0.9377 95.8924
0.9367 87.5559
0.9360 77.6344
0.9353 67.9466
0.9345 59.1494
0.9335 51.3809
0.9324 44.5970
0.9311 38.6995
0.9296 33.5818
0.9279 29.1432
0.9259 25.2943
0.9237 21.9567
0.9211 19.0624
0.9181 16.5526
0.9147 14.3760
0.9108 12.4886
0.9064 10.8517
0.9014 9.4322
0.8957 8.2012
0.8892 7.1336
0.8819 6.2078
0.8737 5.4049
0.8644 4.7086
0.8541 4.1047
0.8425 3.5810
0.8298 3.1269
0.8157 2.7330
0.8003 2.3914
0.7835 2.0952
0.7653 1.8383
0.7459 1.6155
0.7252 1.4223
0.7035 1.2547
0.6810 1.1094
0.6577 0.9833
0.6341 0.8740
0.6103 0.7792
0.5868 0.6970
0.5636 0.6257
0.5413 0.5639
0.5198 0.5103
0.4995 0.4638
0.4805 0.4235
0.4629 0.3885
0.4467 0.3581
0.4320 0.3318
0.4186 0.3090
0.4066 0.2892
0.3959 0.2721
0.3863 0.2572
0.3779 0.2443
0.3704 0.2331
0.3639 0.2234
0.3581 0.2150
0.3531 0.2077
0.3487 0.2017
0.3468 0.2102
0.4021 0.7496
0.6241 7.4194
0.8072 25.9721
0.8995 47.9232
0.9336 67.3929
0.9418 83.4477
0.9414 94.8427
0.9394 99.5420
0.9378 96.7740
0.9368 88.8112
0.9361 78.9371
0.9354 69.1560
0.9346 60.2261
0.9337 52.3238
0.9326 45.4171
0.9313 39.4110
0.9298 34.1983
0.9281 29.6773
0.9262 25.7570
0.9240 22.3575
0.9214 19.4096
0.9185 16.8533
0.9152 14.6366
0.9113 12.7142
0.9070 11.0472
0.9020 9.6015
0.8964 8.3479
0.8901 7.2607
0.8829 6.3179
0.8747 5.5002
0.8656 4.7912
0.8554 4.1763
0.8441 3.6430
0.8315 3.1806
0.8175 2.7795
0.8023 2.4317
0.7856 2.1301
0.7677 1.8685
0.7484 1.6417
0.7279 1.4450
0.7063 1.2743
0.6838 1.1264
0.6606 0.9981
0.6370 0.8868
0.6133 0.7903
0.5897 0.7066
0.5665 0.6340
0.5440 0.5711
0.5224 0.5165
0.5020 0.4692
0.4828 0.4281
0.4650 0.3925
0.4486 0.3617
0.4337 0.3349
0.4202 0.3117
0.4080 0.2915
0.3971 0.2741
0.3874 0.2589
0.3788 0.2458
0.3713 0.2344
0.3646 0.2245
0.3588 0.2159
0.3537 0.2085
0.3492 0.2023
0.3465 0.2055
0.3858 0.5699
0.5985 6.1263
0.7919 23.7090
0.8931 45.7783
0.9317 65.5710
0.9416 82.0338
0.9416 94.0275
0.9396 99.5342
0.9380 97.4961
0.9369 89.9034
0.9361 80.0930
0.9354 70.2369
0.9347 61.1910
0.9338 53.1696
0.9327 46.1532
0.9315 40.0495
0.9300 34.7516
0.9283 30.1566
0.9264 26.1721
0.9242 22.7171
0.9217 19.7211
0.9188 17.1231
0.9156 14.8703
0.9118 12.9166
0.9075 11.2225
0.9026 9.7534
0.8971 8.4794
0.8908 7.3746
0.8837 6.4166
0.8757 5.5857
0.8667 4.8652
0.8566 4.2404
0.8454 3.6986
0.8329 3.2287
0.8191 2.8212
0.8040 2.4678
0.7876 2.1614
0.7697 1.8956
0.7506 1.6651
0.7302 1.4653
0.7087 1.2919
0.6863 1.1416
0.6632 1.0113
0.6396 0.8982
0.6159 0.8002
0.5922 0.7152
0.5690 0.6415
0.5464 0.5775
0.5247 0.5221
0.5041 0.4740
0.4848 0.4323
0.4669 0.3962
0.4503 0.3648
0.4352 0.3376
0.4216 0.3140
0.4092 0.2936
0.3982 0.2758
0.3884 0.2604
0.3797 0.2471
0.3720 0.2355
0.3653 0.2255
0.3594 0.2168
0.3542 0.2093
0.3497 0.2029
0.3465 0.2030
0.3744 0.4580
0.5757 5.1294
0.7776 21.7840
0.8869 43.9074
0.9297 63.9734
0.9413 80.7782
0.9418 93.2691
0.9398 99.4645
0.9381 98.0804
0.9370 90.8401
0.9362 81.1026
0.9355 71.1873
0.9348 62.0416
0.9339 53.9160
0.9328 46.8028
0.9316 40.6131
0.9302 35.2400
0.9285 30.5796
0.9266 26.5385
0.9245 23.0343
0.9220 19.9958
0.9191 17.3611
0.9159 15.0763
0.9122 13.0951
0.9080 11.3771
0.9031 9.8873
0.8977 8.5953
0.8915 7.4750
0.8844 6.5035
0.8765 5.6610
0.8676 4.9304
0.8576 4.2969
0.8465 3.7475
0.8342 3.2710
0.8205 2.8579
0.8055 2.4996
0.7892 2.1889
0.7715 1.9194
0.7525 1.6858
0.7322 1.4831
0.7108 1.3074
0.6885 1.1550
0.6654 1.0229
0.6419 0.9083
0.6181 0.8089
0.5945 0.7227
0.5712 0.6480
0.5485 0.5832
0.5267 0.5270
0.5060 0.4783
0.4866 0.4360
0.4685 0.3993
0.4518 0.3675
0.4366 0.3400
0.4228 0.3161
0.4103 0.2954
0.3992 0.2774
0.3893 0.2618
0.3805 0.2483
0.3727 0.2365
0.3659 0.2264
0.3599 0.2176
0.3546 0.2099
0.3500 0.2034
0.3466 0.2017
0.3667 0.3876
0.5559 4.3725
0.7648 20.1913
0.8812 42.3220
0.9279 62.6142
0.9410 79.7001
0.9419 92.5969
0.9400 99.3658
0.9382 98.5487
0.9371 91.6290
0.9363 81.9663
0.9356 72.0051
0.9348 62.7749
0.9340 54.5600
0.9329 47.3635
0.9317 41.0996
0.9303 35.6614
0.9287 30.9446
0.9268 26.8545
0.9247 23.3080
0.9222 20.2328
0.9194 17.5662
0.9162 15.2540
0.9125 13.2489
0.9083 11.5103
0.9036 10.0026
0.8981 8.6952
0.8920 7.5615
0.8850 6.5783
0.8772 5.7258
0.8684 4.9865
0.8585 4.3455
0.8475 3.7895
0.8352 3.3075
0.8217 2.8894
0.8068 2.5269
0.7906 2.2125
0.7730 1.9399
0.7541 1.7035
0.7339 1.4985
0.7126 1.3207
0.6903 1.1665
0.6673 1.0329
0.6438 0.9169
0.6200 0.8164
0.5964 0.7292
0.5730 0.6536
0.5503 0.5880
0.5284 0.5312
0.5076 0.4819
0.4881 0.4391
0.4699 0.4021
0.4531 0.3699
0.4378 0.3420
0.4238 0.3179
0.4113 0.2969
0.4000 0.2787
0.3900 0.2629
0.3811 0.2493
0.3733 0.2374
0.3664 0.2271
0.3603 0.2182
0.3550 0.2105
0.3504 0.2039
0.3467 0.2010
0.3616 0.3427
0.5395 3.8086
0.7537 18.9175
0.8761 41.0261
0.9262 61.5001
0.9407 78.8116
0.9420 92.0315
0.9402 99.2644
0.9383 98.9203
0.9371 92.2785
0.9363 82.6857
0.9356 72.6891
0.9349 63.3895
0.9340 55.0999
0.9330 47.8336
0.9318 41.5074
0.9304 36.0147
0.9288 31.2505
0.9269 27.1193
0.9248 23.5372
0.9224 20.4313
0.9196 17.7380
0.9164 15.4027
0.9128 13.3777
0.9086 11.6217
0.9039 10.0990
0.8985 8.7787
0.8924 7.6337
0.8855 6.6409
0.8778 5.7800
0.8690 5.0334
0.8592 4.3860
0.8483 3.8247
0.8361 3.3379
0.8226 2.9157
0.8079 2.5497
0.7917 2.2322
0.7742 1.9570
0.7554 1.7183
0.7353 1.5113
0.7140 1.3318
0.6918 1.1761
0.6689 1.0411
0.6454 0.9241
0.6216 0.8226
0.5979 0.7346
0.5745 0.6583
0.5518 0.5921
0.5298 0.5347
0.5090 0.4849
0.4893 0.4417
0.4710 0.4043
0.4542 0.3719
0.4387 0.3437
0.4247 0.3193
0.4120 0.2982
0.4007 0.2798
0.3906 0.2639
0.3817 0.2501
0.3738 0.2381
0.3668 0.2277
0.3607 0.2187
0.3553 0.2109
0.3507 0.2042
0.3469 0.2007
0.3582 0.3138
0.5263 3.3990
0.7446 17.9435
0.8719 40.0193
0.9248 60.6338
0.9404 78.1193
0.9421 91.5874
0.9403 99.1807
0.9384 99.2125
0.9372 92.7971
0.9364 83.2637
0.9357 73.2400
0.9349 63.8847
0.9341 55.5350
0.9331 48.2124
0.9319 41.8360
0.9305 36.2993
0.9289 31.4968
0.9270 27.3324
0.9249 23.7217
0.9225 20.5908
0.9198 17.8761
0.9166 15.5222
0.9130 13.4811
0.9089 11.7112
0.9042 10.1764
0.8988 8.8457
0.8928 7.6917
0.8859 6.6911
0.8782 5.8234
0.8695 5.0710
0.8598 4.4185
0.8489 3.8528
0.8368 3.3622
0.8234 2.9368
0.8087 2.5679
0.7926 2.2480
0.7752 1.9706
0.7564 1.7301
0.7364 1.5215
0.7152 1.3406
0.6930 1.1838
0.6701 1.0478
0.6466 0.9298
0.6229 0.8275
0.5991 0.7389
0.5757 0.6620
0.5529 0.5953
0.5309 0.5374
0.5100 0.4873
0.4903 0.4438
0.4719 0.4061
0.4550 0.3734
0.4395 0.3451
0.4254 0.3205
0.4127 0.2992
0.4013 0.2807
0.3911 0.2646
0.3821 0.2507
0.3741 0.2387
0.3671 0.2282
0.3610 0.2192
0.3556 0.2113
0.3509 0.2045
0.3470 0.2005
0.3561 0.2954
0.5165 3.1167
0.7376 17.2546
0.8687 39.3036
0.9237 60.0192
0.9402 77.6299
0.9422 91.2767
0.9404 99.1317
0.9385 99.4400
0.9372 93.1926
0.9364 83.7031
0.9357 73.6583
0.9350 64.2604
0.9341 55.8650
0.9331 48.4996
0.9319 42.0849
0.9305 36.5147
0.9290 31.6831
0.9271 27.4936
0.9250 23.8611
0.9226 20.7114
0.9199 17.9804
0.9167 15.6123
0.9131 13.5590
0.9090 11.7786
0.9044 10.2347
0.8991 8.8961
0.8931 7.7353
0.8862 6.7287
0.8785 5.8560
0.8699 5.0991
0.8602 4.4429
0.8493 3.8738
0.8373 3.3804
0.8240 2.9525
0.8093 2.5815
0.7933 2.2597
0.7759 1.9808
0.7572 1.7388
0.7372 1.5291
0.7160 1.3472
0.6939 1.1894
0.6710 1.0527
0.6475 0.9341
0.6238 0.8312
0.6001 0.7420
0.5766 0.6647
0.5538 0.5976
0.5318 0.5395
0.5108 0.4891
0.4910 0.4454
0.4726 0.4074
0.4556 0.3746
0.4400 0.3461
0.4259 0.3213
0.4131 0.2999
0.4017 0.2813
0.3915 0.2652
0.3824 0.2512
0.3744 0.2391
0.3674 0.2286
0.3612 0.2195
0.3558 0.2116
0.3510 0.2048
0.3471 0.2005
0.3547 0.2843
0.5099 2.9421
0.7330 16.8356
0.8665 38.8730
0.9230 59.6525
0.9401 77.3423
0.9422 91.1033
0.9404 99.1265
0.9385 99.6121
0.9372 93.4707
0.9364 84.0067
0.9357 73.9455
0.9350 64.5177
0.9341 56.0906
0.9331 48.6956
0.9320 42.2547
0.9306 36.6614
0.9290 31.8099
0.9272 27.6031
0.9251 23.9557
0.9227 20.7931
0.9200 18.0509
0.9168 15.6733
0.9133 13.6116
0.9092 11.8240
0.9045 10.2740
0.8992 8.9299
0.8932 7.7645
0.8864 6.7540
0.8788 5.8778
0.8701 5.1180
0.8605 4.4591
0.8496 3.8879
0.8376 3.3925
0.8243 2.9630
0.8097 2.5905
0.7937 2.2675
0.7764 1.9875
0.7577 1.7447
0.7377 1.5341
0.7166 1.3515
0.6945 1.1932
0.6716 1.0559
0.6481 0.9368
0.6244 0.8336
0.6006 0.7441
0.5772 0.6665
0.5543 0.5992
0.5323 0.5408
0.5113 0.4902
0.4915 0.4464
0.4731 0.4083
0.4560 0.3753
0.4404 0.3467
0.4262 0.3219
0.4134 0.3004
0.4019 0.2817
0.3917 0.2655
0.3826 0.2515
0.3746 0.2394
0.3675 0.2288
0.3613 0.2197
0.3559 0.2117
0.3511 0.2049
0.3472 0.2004
0.3540 0.2786
0.5066 2.8633
