0.9982
0.9770
0.9451
0.9319
0.9235
0.9274
0.9215
0.9258
0.9275
0.9201
0.9326
0.9321
0.9221
0.9213
0.9292
0.9272
0.9249
0.9266
0.9232
0.9175
0.9246
0.9161
0.9254
0.9312
0.9294
0.9271
0.9236
0.9224
0.9286
0.9197
0.9204
0.9149
0.9289
0.9235
0.9222
0.9187
0.9236
0.9266
0.9274
0.9145
0.9200
0.9237
0.9211
0.9202
0.9279
0.9262
0.9210
0.9211
0.9265
0.9191
0.9198
0.9216
0.9176
0.9263
0.9271
0.9239
0.9236
0.9284
0.9202
0.9243
0.9249
0.9287
0.9186
0.9289
0.9245
0.9273
0.9214
0.9150
0.9205
0.9225
0.9245
0.9206
0.9258
0.9232
0.9188
0.9286
0.9275
0.9235
0.9178
0.9263
0.9316
0.9309
0.9281
0.9217
0.9216
0.9204
0.9229
0.9236
0.9207
0.9276
0.9271
0.9239
0.9238
0.9236
0.9268
0.9212
0.9223
0.9160
0.9180
0.9232
0.9169
0.9227
0.9218
0.9303
0.9296
0.9253
0.9229
0.9254
0.9295
0.9157
0.9165
0.9290
0.9175
0.9268
0.9299
0.9239
0.9241
0.9239
0.9197
0.9228
0.9207
0.9258
0.9360
0.9295
0.9332
0.9220
0.9205
0.9269
0.9293
0.9240
0.9283
0.9238
0.9233
0.9249
0.9260
0.9206
0.9221
0.9225
0.9209
0.9257
0.9279
0.9279
0.9241
0.9229
0.9191
0.9216
0.9197
0.9213
0.9282
0.9216
0.9982
0.9770
0.9451
0.9319
0.9235
0.9274
0.9215
0.9258
0.9275
0.9201
0.9326
0.9321
0.9221
0.9213
0.9292
0.9272
0.9249
0.9266
0.9232
0.9175
0.9246
0.9161
0.9254
0.9312
0.9294
0.9271
0.9236
0.9224
0.9286
0.9197
0.9204
0.9149
0.9289
0.9235
0.9222
0.9187
0.9236
0.9266
0.9274
0.9145
0.9200
0.9237
0.9211
0.9202
0.9279
0.9262
0.9210
0.9211
0.9265
0.9191
0.9198
0.9216
0.9176
0.9263
0.9271
0.9239
0.9236
0.9284
0.9202
0.9243
0.9249
0.9287
0.9186
0.9289
0.9245
0.9273
0.9214
0.9150
0.9205
0.9225
0.9245
0.9206
0.9258
0.9232
0.9188
0.9286
0.9275
0.9235
0.9178
0.9263
0.9316
0.9309
0.9281
0.9217
0.9216
0.9204
0.9229
0.9236
0.9207
0.9276
0.9271
0.9239
0.9238
0.9236
0.9268
0.9212
0.9223
0.9160
0.9180
0.9232
0.9169
0.9227
0.9218
0.9303
0.9296
0.9253
0.9229
0.9254
0.9295
0.9157
0.9165
0.9290
0.9175
0.9268
0.9299
0.9239
0.9241
0.9239
0.9197
0.9228
0.9207
0.9258
0.9360
0.9295
0.9332
0.9220
0.9205
0.9269
0.9293
0.9240
0.9283
0.9238
0.9233
0.9249
0.9260
0.9206
0.9221
0.9225
0.9209
0.9257
0.9279
0.9279
0.9241
0.9229
0.9191
0.9216
0.9197
0.9213
0.9282
0.9216
