0.7976
0.8036
0.7953
0.7853
0.7833
0.7845
0.7799
0.7791
0.7786
0.7784
0.7782
0.7781
0.7781
0.7780
0.7780
0.7779
0.7779
0.7780
0.7779
0.7779
0.7779
0.7779
0.7778
0.7779
0.7779
0.7778
0.7778
0.7778
0.7779
0.7778
0.7778
0.7779
0.7778
0.7777
0.7778
0.7778
0.7778
0.7778
0.7778
0.7778
0.7778
0.7777
0.7778
0.7778
0.7777
0.7778
0.7778
0.7778
0.7778
0.7778
0.7778
0.7779
0.7779
0.7779
0.7779
0.7778
0.7779
0.7779
0.7779
0.7779
0.7779
0.7779
0.7779
0.7779
0.7779
0.7779
0.7779
0.7779
0.7779
0.7779
0.7779
0.7779
0.7779
0.7779
0.7779
0.7779
0.7779
0.7779
0.7779
0.7779
0.7779
0.7779
0.7779
0.7779
0.7779
0.7779
0.7779
0.7779
0.7779
0.7779
0.7779
0.7779
0.7779
0.7779
0.7779
0.7779
0.7779
0.7779
0.7779
0.7779
0.7779
0.7779
0.7779
0.7779
0.7779
0.7779
0.7779
0.7779
0.7779
0.7779
0.7779
0.7779
0.7779
0.7779
0.7779
0.7779
0.7779
0.7779
0.7779
0.7779
0.7779
0.7779
0.7779
0.7779
0.7779
0.7779
0.7779
0.7779
0.7779
0.7779
0.7779
0.7779
0.7779
0.7779
0.7779
0.7779
0.7779
0.7779
0.7779
0.7779
0.7779
0.7779
0.7779
0.7779
0.7779
0.7779
0.7779
0.7779
0.7779
0.7779
