-0.3432 0.000378
-0.3390 0.000309
-0.3348 0.000252
-0.3308 0.000206
-0.3268 0.000168
-0.3230 0.000137
-0.3193 0.000112
-0.3158 0.000092
-0.3125 0.000075
-0.3095 0.000062
-0.3068 0.000050
-0.3044 0.000041
-0.3026 0.000034
-0.3013 0.000028
-0.3007 0.000023
-0.2677 0.510451
-0.1846 0.352038
-0.1217 0.232370
-0.0654 0.125394
-0.0082 0.016674
0.0489 -0.091929
0.0953 -0.180389
0.1236 -0.234467
0.1356 -0.257538
0.1364 -0.259307
0.1124 -0.428816
0.0791 -0.301472
0.0575 -0.219360
0.0418 -0.159357
0.0298 -0.106758
0.0208 -0.068388
0.0128 -0.039176
0.0051 -0.014631
-0.0028 0.007302
-0.0110 0.027737
-0.0196 0.047408
-0.0286 0.066808
-0.0381 0.086156
-0.0480 0.105396
-0.0592 0.110871
-0.0744 0.115165
-0.0941 0.120460
-0.1184 0.125391
-0.1466 0.128422
-0.1771 0.128262
-0.2077 0.124427
-0.2369 0.117341
-0.2635 0.107962
-0.2873 0.097334
-0.3081 0.086327
-0.3262 0.075567
-0.3417 0.065450
-0.3548 0.056198
-0.3658 0.047909
-0.3749 0.040598
-0.3822 0.034228
-0.3881 0.028732
-0.3925 0.024029
-0.3957 0.020030
-0.3978 0.016650
-0.3989 0.013806
-0.3992 0.011423
-0.3987 0.009433
-0.3976 0.007777
-0.3958 0.006402
-0.3936 0.005264
-0.3910 0.004323
-0.3880 0.003547
-0.3846 0.002907
-0.3810 0.002381
-0.3773 0.001949
-0.3733 0.001595
-0.3692 0.001304
-0.3650 0.001066
-0.3608 0.000871
-0.3565 0.000712
-0.3522 0.000581
-0.3479 0.000475
-0.3437 0.000388
-0.3395 0.000317
-0.3353 0.000259
-0.3312 0.000211
-0.3273 0.000173
-0.3234 0.000141
-0.3197 0.000115
-0.3162 0.000094
-0.3129 0.000077
-0.3098 0.000063
-0.3071 0.000052
-0.3047 0.000042
-0.3028 0.000035
-0.3014 0.000029
-0.3007 0.000024
-0.2799 0.533843
-0.1931 0.368311
-0.1287 0.245632
-0.0721 0.138117
-0.0152 0.029920
0.0424 -0.079542
0.0907 -0.171544
0.1212 -0.229834
0.1349 -0.256125
0.1368 -0.259958
0.1178 -0.449521
0.0823 -0.313698
0.0598 -0.227818
0.0435 -0.165808
0.0311 -0.112443
0.0218 -0.072406
0.0137 -0.042389
0.0060 -0.017413
-0.0018 0.004768
-0.0100 0.025338
-0.0185 0.045067
-0.0275 0.064477
-0.0370 0.083823
-0.0468 0.103078
-0.0576 0.110320
-0.0723 0.114453
-0.0915 0.119722
-0.1154 0.124790
-0.1432 0.128130
-0.1735 0.128392
-0.2043 0.124982
-0.2336 0.118233
-0.2606 0.109069
-0.2847 0.098541
-0.3059 0.087547
-0.3243 0.076739
-0.3400 0.066538
-0.3534 0.057183
-0.3646 0.048786
-0.3739 0.041367
-0.3815 0.034895
-0.3875 0.029305
-0.3920 0.024518
-0.3954 0.020445
-0.3976 0.016999
-0.3988 0.014099
-0.3992 0.011668
-0.3988 0.009638
-0.3977 0.007947
-0.3960 0.006543
-0.3939 0.005380
-0.3913 0.004419
-0.3883 0.003626
-0.3850 0.002973
-0.3814 0.002435
-0.3777 0.001993
-0.3737 0.001631
-0.3697 0.001334
-0.3655 0.001090
-0.3612 0.000891
-0.3570 0.000728
-0.3527 0.000595
-0.3484 0.000486
-0.3441 0.000397
-0.3399 0.000324
-0.3357 0.000265
-0.3317 0.000216
-0.3277 0.000177
-0.3238 0.000144
-0.3201 0.000118
-0.3166 0.000096
-0.3132 0.000079
-0.3101 0.000065
-0.3073 0.000053
-0.3049 0.000043
-0.3029 0.000036
-0.3015 0.000029
-0.3007 0.000024
-0.2928 0.558404
-0.2019 0.385124
-0.1357 0.259055
-0.0788 0.150768
-0.0221 0.043068
0.0358 -0.066947
0.0858 -0.162220
0.1185 -0.224740
0.1340 -0.254378
0.1370 -0.260383
0.1237 -0.471827
0.0856 -0.326532
0.0621 -0.236544
0.0452 -0.172388
0.0323 -0.118349
0.0228 -0.076523
0.0147 -0.045649
0.0069 -0.020220
-0.0009 0.002220
-0.0090 0.022937
-0.0175 0.042733
-0.0264 0.062160
-0.0358 0.081507
-0.0456 0.100782
-0.0562 0.109964
-0.0703 0.113875
-0.0890 0.119075
-0.1123 0.124246
-0.1397 0.127874
-0.1698 0.128555
-0.2006 0.125584
-0.2302 0.119194
-0.2575 0.110263
-0.2820 0.099846
-0.3035 0.088867
-0.3222 0.078010
-0.3383 0.067720
-0.3519 0.058256
-0.3634 0.049741
-0.3729 0.042205
-0.3806 0.035622
-0.3868 0.029931
-0.3915 0.025052
-0.3950 0.020898
-0.3974 0.017382
-0.3987 0.014420
-0.3992 0.011937
-0.3989 0.009862
-0.3978 0.008133
-0.3962 0.006698
-0.3941 0.005508
-0.3916 0.004525
-0.3886 0.003713
-0.3854 0.003044
-0.3818 0.002494
-0.3781 0.002042
-0.3742 0.001671
-0.3701 0.001366
-0.3660 0.001117
-0.3617 0.000913
-0.3574 0.000746
-0.3531 0.000609
-0.3489 0.000498
-0.3446 0.000406
-0.3404 0.000332
-0.3362 0.000271
-0.3321 0.000221
-0.3281 0.000181
-0.3242 0.000148
-0.3205 0.000121
-0.3169 0.000099
-0.3135 0.000081
-0.3104 0.000066
-0.3076 0.000054
-0.3051 0.000044
-0.3031 0.000036
-0.3015 0.000030
-0.3007 0.000025
-0.3005 0.000020
-0.2127 0.405556
-0.1441 0.275018
-0.0866 0.165524
-0.0301 0.058338
0.0279 -0.051977
0.0798 -0.150703
0.1151 -0.218179
0.1327 -0.251905
0.1372 -0.260609
0.1308 -0.499299
0.0897 -0.342007
0.0648 -0.246957
0.0473 -0.180214
0.0339 -0.125618
0.0240 -0.081521
0.0158 -0.049578
0.0080 -0.023593
0.0002 -0.000837
-0.0078 0.020058
-0.0162 0.039939
-0.0251 0.059389
-0.0344 0.078737
-0.0442 0.098027
-0.0545 0.109524
-0.0681 0.113157
-0.0860 0.118254
-0.1087 0.123519
-0.1356 0.127461
-0.1655 0.128627
-0.1963 0.126182
-0.2261 0.120235
-0.2538 0.111603
-0.2787 0.101338
-0.3006 0.090396
-0.3197 0.079492
-0.3361 0.069106
-0.3501 0.059518
-0.3618 0.050868
-0.3716 0.043196
-0.3796 0.036484
-0.3860 0.030673
-0.3909 0.025686
-0.3946 0.021436
-0.3971 0.017836
-0.3985 0.014802
-0.3991 0.012257
-0.3989 0.010129
-0.3980 0.008355
-0.3964 0.006882
-0.3944 0.005661
-0.3919 0.004650
-0.3890 0.003817
-0.3858 0.003130
-0.3823 0.002564
-0.3786 0.002099
-0.3747 0.001718
-0.3706 0.001405
-0.3665 0.001149
-0.3622 0.000939
-0.3580 0.000767
-0.3537 0.000627
-0.3494 0.000512
-0.3451 0.000418
-0.3409 0.000341
-0.3367 0.000279
-0.3326 0.000228
-0.3286 0.000186
-0.3247 0.000152
-0.3210 0.000124
-0.3174 0.000102
-0.3140 0.000083
-0.3108 0.000068
-0.3079 0.000056
-0.3054 0.000046
-0.3033 0.000037
-0.3017 0.000031
-0.3008 0.000025
-0.3006 0.000021
-0.2207 0.420920
-0.1503 0.286787
-0.0922 0.176199
-0.0359 0.069308
0.0222 -0.041025
0.0752 -0.141981
0.1124 -0.213023
0.1316 -0.249818
0.1372 -0.260586
0.1340 -0.254690
0.0928 -0.354059
0.0669 -0.254896
0.0488 -0.186091
0.0351 -0.131179
0.0249 -0.085266
0.0166 -0.052475
0.0088 -0.026052
0.0010 -0.003049
-0.0070 0.017988
-0.0154 0.037939
-0.0242 0.057411
-0.0335 0.076761
-0.0432 0.096061
-0.0533 0.109251
-0.0665 0.112673
-0.0840 0.117686
-0.1062 0.123003
-0.1327 0.127153
-0.1624 0.128653
-0.1932 0.126583
-0.2232 0.120961
-0.2512 0.112553
-0.2763 0.102407
-0.2986 0.091497
-0.3179 0.080565
-0.3346 0.070112
-0.3488 0.060436
-0.3608 0.051688
-0.3707 0.043919
-0.3789 0.037113
-0.3854 0.031216
-0.3905 0.026150
-0.3942 0.021830
-0.3968 0.018169
-0.3984 0.015082
-0.3991 0.012491
-0.3989 0.010324
-0.3981 0.008518
-0.3966 0.007017
-0.3946 0.005772
-0.3921 0.004743
-0.3893 0.003893
-0.3861 0.003192
-0.3826 0.002616
-0.3789 0.002142
-0.3750 0.001753
-0.3710 0.001434
-0.3669 0.001172
-0.3626 0.000958
-0.3584 0.000783
-0.3541 0.000639
-0.3498 0.000522
-0.3455 0.000427
-0.3413 0.000348
-0.3371 0.000284
-0.3330 0.000232
-0.3290 0.000190
-0.3251 0.000155
-0.3213 0.000127
-0.3177 0.000104
-0.3143 0.000085
-0.3111 0.000069
-0.3082 0.000057
-0.3056 0.000047
-0.3035 0.000038
-0.3018 0.000031
-0.3008 0.000026
-0.3005 0.000021
-0.2294 0.437504
-0.1569 0.299285
-0.0980 0.187352
-0.0419 0.080690
0.0161 -0.029504
0.0702 -0.132524
0.1094 -0.207242
0.1303 -0.247338
0.1370 -0.260360
0.1346 -0.255846
0.0966 -0.368334
0.0692 -0.263976
0.0505 -0.192613
0.0364 -0.137297
0.0259 -0.089287
0.0174 -0.055517
0.0096 -0.028590
0.0018 -0.005298
-0.0062 0.015909
-0.0145 0.035952
-0.0233 0.055460
-0.0325 0.074819
-0.0422 0.094132
-0.0522 0.109289
-0.0649 0.112398
-0.0819 0.117254
-0.1036 0.122572
-0.1297 0.126899
-0.1590 0.128729
-0.1898 0.127052
-0.2200 0.121782
-0.2482 0.113623
-0.2736 0.103612
-0.2962 0.092741
-0.3158 0.081779
-0.3328 0.071252
-0.3473 0.061479
-0.3595 0.052622
-0.3697 0.044743
-0.3780 0.037831
-0.3847 0.031835
-0.3899 0.026680
-0.3938 0.022280
-0.3965 0.018550
-0.3982 0.015403
-0.3990 0.012759
-0.3989 0.010548
-0.3981 0.008704
-0.3967 0.007172
-0.3948 0.005900
-0.3924 0.004849
-0.3895 0.003980
-0.3864 0.003264
-0.3829 0.002675
-0.3793 0.002190
-0.3754 0.001793
-0.3714 0.001466
-0.3673 0.001199
-0.3631 0.000980
-0.3588 0.000801
-0.3545 0.000654
-0.3502 0.000534
-0.3459 0.000436
-0.3417 0.000356
-0.3375 0.000291
-0.3334 0.000238
-0.3293 0.000194
-0.3254 0.000159
-0.3216 0.000130
-0.3180 0.000106
-0.3146 0.000087
-0.3114 0.000071
-0.3084 0.000058
-0.3058 0.000048
-0.3036 0.000039
-0.3019 0.000032
-0.3008 0.000026
-0.3005 0.000022
-0.2389 0.455583
-0.1639 0.312674
-0.1042 0.199083
-0.0481 0.092540
0.0097 -0.017382
0.0649 -0.122284
0.1060 -0.200784
0.1288 -0.244438
0.1368 -0.259936
0.1352 -0.256951
0.1005 -0.383163
0.0717 -0.273399
0.0523 -0.199433
0.0377 -0.143912
0.0269 -0.093679
0.0183 -0.058826
0.0105 -0.031355
0.0027 -0.007763
-0.0052 0.013617
-0.0135 0.033748
-0.0223 0.053287
-0.0315 0.072648
-0.0411 0.091964
-0.0510 0.109147
-0.0633 0.111953
-0.0798 0.116662
-0.1009 0.121986
-0.1265 0.126498
-0.1556 0.128675
-0.1863 0.127419
-0.2166 0.122535
-0.2450 0.114657
-0.2708 0.104806
-0.2937 0.093990
-0.3137 0.083009
-0.3310 0.072415
-0.3457 0.062545
-0.3581 0.053580
-0.3685 0.045590
-0.3771 0.038570
-0.3840 0.032473
-0.3893 0.027226
-0.3934 0.022745
-0.3962 0.018943
-0.3980 0.015734
-0.3989 0.013037
-0.3989 0.010780
-0.3982 0.008897
-0.3969 0.007332
-0.3950 0.006033
-0.3926 0.004958
-0.3898 0.004071
-0.3867 0.003339
-0.3833 0.002736
-0.3796 0.002241
-0.3758 0.001834
-0.3718 0.001500
-0.3677 0.001227
-0.3635 0.001003
-0.3592 0.000819
-0.3549 0.000669
-0.3506 0.000547
-0.3464 0.000446
-0.3421 0.000365
-0.3379 0.000298
-0.3338 0.000243
-0.3297 0.000199
-0.3258 0.000162
-0.3220 0.000133
-0.3184 0.000108
-0.3149 0.000089
-0.3117 0.000073
-0.3087 0.000059
-0.3061 0.000049
-0.3038 0.000040
-0.3021 0.000033
-0.3009 0.000027
-0.3005 0.000022
-0.2470 0.471037
-0.1698 0.323942
-0.1093 0.208788
-0.0532 0.102240
0.0045 -0.007385
0.0603 -0.113616
0.1030 -0.195155
0.1274 -0.241806
0.1366 -0.259428
0.1356 -0.257764
0.1041 -0.397168
0.0740 -0.281988
0.0539 -0.205457
0.0389 -0.148509
0.0277 -0.097411
0.0190 -0.061576
0.0111 -0.033607
0.0034 -0.009732
-0.0045 0.011820
-0.0128 0.032051
-0.0215 0.051636
-0.0307 0.071015
-0.0403 0.090346
-0.0501 0.109251
-0.0621 0.111772
-0.0781 0.116332
-0.0988 0.121632
-0.1240 0.126263
-0.1528 0.128691
-0.1835 0.127757
-0.2139 0.123176
-0.2425 0.115522
-0.2686 0.105800
-0.2917 0.095030
-0.3120 0.084033
-0.3295 0.073382
-0.3444 0.063434
-0.3571 0.054379
-0.3676 0.046296
-0.3764 0.039186
-0.3834 0.033005
-0.3889 0.027683
-0.3930 0.023134
-0.3960 0.019272
-0.3979 0.016010
-0.3988 0.013269
-0.3989 0.010974
-0.3983 0.009059
-0.3970 0.007466
-0.3951 0.006144
-0.3928 0.005050
-0.3901 0.004146
-0.3870 0.003401
-0.3836 0.002787
-0.3800 0.002283
-0.3761 0.001869
-0.3721 0.001529
-0.3680 0.001250
-0.3638 0.001022
-0.3596 0.000835
-0.3553 0.000682
-0.3510 0.000557
-0.3467 0.000455
-0.3425 0.000372
-0.3383 0.000303
-0.3341 0.000248
-0.3301 0.000202
-0.3261 0.000165
-0.3223 0.000135
-0.3187 0.000110
-0.3152 0.000090
-0.3119 0.000074
-0.3089 0.000061
-0.3062 0.000050
-0.3040 0.000041
-0.3022 0.000033
-0.3009 0.000028
-0.3004 0.000023
-0.2577 0.491408
-0.1775 0.338574
-0.1158 0.221181
-0.0597 0.114492
-0.0022 0.005330
0.0544 -0.102287
0.0991 -0.187556
0.1255 -0.238099
0.1361 -0.258547
0.1361 -0.258659
0.1085 -0.414016
0.0767 -0.292401
0.0558 -0.212897
0.0405 -0.154319
0.0289 -0.102353
0.0200 -0.065223
0.0121 -0.036617
0.0043 -0.012395
-0.0036 0.009354
-0.0118 0.029689
-0.0204 0.049315
-0.0296 0.068698
-0.0391 0.088031
-0.0489 0.107233
-0.0604 0.111262
-0.0760 0.115663
-0.0961 0.120953
-0.1208 0.125748
-0.1493 0.128511
-0.1799 0.128009
-0.2104 0.123842
-0.2393 0.116503
-0.2657 0.106971
-0.2892 0.096280
-0.3098 0.085279
-0.3275 0.074569
-0.3428 0.064529
-0.3557 0.055367
-0.3665 0.047172
-0.3754 0.039952
-0.3826 0.033668
-0.3883 0.028251
-0.3926 0.023618
-0.3957 0.019682
-0.3977 0.016356
-0.3987 0.013559
-0.3989 0.011216
-0.3983 0.009260
-0.3971 0.007633
-0.3953 0.006283
-0.3931 0.005165
-0.3904 0.004241
-0.3873 0.003479
-0.3839 0.002852
-0.3803 0.002336
-0.3765 0.001912
-0.3725 0.001564
-0.3685 0.001279
-0.3643 0.001045
-0.3600 0.000854
-0.3557 0.000698
-0.3514 0.000570
-0.3471 0.000466
-0.3429 0.000380
-0.3387 0.000311
-0.3345 0.000254
-0.3305 0.000207
-0.3265 0.000169
-0.3227 0.000138
-0.3190 0.000113
-0.3155 0.000092
-0.3122 0.000076
-0.3092 0.000062
-0.3065 0.000051
-0.3042 0.000042
-0.3023 0.000034
-0.3010 0.000028
-0.3004 0.000023
-0.2674 0.510040
-0.1844 0.351744
-0.1216 0.232125
-0.0653 0.125154
-0.0081 0.016418
0.0490 -0.092172
0.0954 -0.180569
0.1237 -0.234574
0.1356 -0.257591
0.1365 -0.259330
0.1130 -0.430905
0.0793 -0.302472
0.0577 -0.219874
0.0419 -0.159624
0.0298 -0.106910
0.0208 -0.068441
0.0128 -0.039179
0.0051 -0.014602
-0.0028 0.007355
-0.0110 0.027804
-0.0196 0.047478
-0.0287 0.066870
-0.0382 0.086202
-0.0480 0.105419
-0.0592 0.110933
-0.0743 0.115185
-0.0940 0.120448
-0.1183 0.125359
-0.1465 0.128382
-0.1769 0.128228
-0.2075 0.124405
-0.2366 0.117333
-0.2633 0.107965
-0.2870 0.097344
-0.3079 0.086342
-0.3259 0.075583
-0.3414 0.065466
-0.3545 0.056213
-0.3655 0.047923
-0.3746 0.040609
-0.3820 0.034237
-0.3878 0.028740
-0.3922 0.024035
-0.3954 0.020035
-0.3975 0.016653
-0.3986 0.013808
-0.3989 0.011424
-0.3984 0.009434
-0.3972 0.007778
-0.3955 0.006403
-0.3933 0.005264
-0.3906 0.004323
-0.3876 0.003546
-0.3842 0.002907
-0.3806 0.002381
-0.3769 0.001949
-0.3729 0.001595
-0.3688 0.001304
-0.3646 0.001066
-0.3604 0.000871
-0.3561 0.000712
-0.3518 0.000581
-0.3475 0.000475
-0.3433 0.000388
-0.3390 0.000317
-0.3349 0.000259
-0.3308 0.000211
-0.3269 0.000173
-0.3230 0.000141
-0.3193 0.000115
-0.3158 0.000094
-0.3125 0.000077
-0.3094 0.000063
-0.3067 0.000052
-0.3043 0.000042
-0.3024 0.000035
-0.3011 0.000029
-0.3004 0.000024
-0.2776 0.529349
-0.1915 0.365192
-0.1274 0.243100
-0.0709 0.135692
-0.0138 0.027380
0.0437 -0.081956
0.0916 -0.173306
0.1217 -0.230783
0.1350 -0.256442
0.1367 -0.259868
0.1175 -0.448166
0.0820 -0.312627
0.0595 -0.226874
0.0433 -0.164946
0.0309 -0.111567
0.0216 -0.071749
0.0136 -0.041836
0.0058 -0.016911
-0.0020 0.005246
-0.0102 0.025807
-0.0187 0.045532
-0.0277 0.064936
-0.0372 0.084271
-0.0470 0.103509
-0.0579 0.110679
-0.0726 0.114739
-0.0917 0.119944
-0.1156 0.124951
-0.1434 0.128230
-0.1737 0.128437
-0.2044 0.124982
-0.2337 0.118203
-0.2606 0.109020
-0.2847 0.098483
-0.3058 0.087485
-0.3242 0.076678
-0.3399 0.066481
-0.3532 0.057131
-0.3645 0.048738
-0.3737 0.041324
-0.3812 0.034857
-0.3872 0.029272
-0.3918 0.024489
-0.3951 0.020419
-0.3973 0.016978
-0.3985 0.014080
-0.3988 0.011652
-0.3984 0.009624
-0.3973 0.007935
-0.3956 0.006533
-0.3935 0.005372
-0.3908 0.004412
-0.3878 0.003620
-0.3845 0.002968
-0.3810 0.002431
-0.3772 0.001990
-0.3733 0.001628
-0.3692 0.001331
-0.3650 0.001088
-0.3608 0.000889
-0.3565 0.000727
-0.3522 0.000594
-0.3479 0.000485
-0.3436 0.000396
-0.3394 0.000323
-0.3353 0.000264
-0.3312 0.000216
-0.3272 0.000176
-0.3234 0.000144
-0.3197 0.000118
-0.3161 0.000096
-0.3128 0.000079
-0.3097 0.000064
-0.3069 0.000053
-0.3045 0.000043
-0.3026 0.000036
-0.3012 0.000029
-0.3005 0.000024
-0.2866 0.546583
-0.1977 0.377062
-0.1324 0.252654
-0.0756 0.144766
-0.0188 0.036839
0.0389 -0.072945
0.0881 -0.166693
0.1198 -0.227197
0.1344 -0.255226
0.1369 -0.260186
0.1220 -0.465342
0.0846 -0.322389
0.0612 -0.233403
0.0445 -0.169781
0.0318 -0.115780
0.0223 -0.074669
0.0142 -0.044136
0.0065 -0.018881
-0.0014 0.003467
-0.0095 0.024136
-0.0180 0.043911
-0.0270 0.063328
-0.0364 0.082664
-0.0462 0.101914
-0.0568 0.110662
-0.0711 0.114488
-0.0898 0.119595
-0.1132 0.124649
-0.1407 0.128128
-0.1708 0.128644
-0.2015 0.125520
-0.2310 0.119013
-0.2581 0.110006
-0.2825 0.099550
-0.3039 0.088561
-0.3225 0.077711
-0.3384 0.067440
-0.3520 0.058001
-0.3634 0.049513
-0.3729 0.042004
-0.3805 0.035447
-0.3866 0.029779
-0.3913 0.024922
-0.3948 0.020787
-0.3971 0.017287
-0.3984 0.014341
-0.3988 0.011870
-0.3984 0.009805
-0.3974 0.008086
-0.3958 0.006658
-0.3936 0.005476
-0.3910 0.004498
-0.3881 0.003690
-0.3848 0.003026
-0.3813 0.002479
-0.3775 0.002029
-0.3736 0.001660
-0.3695 0.001358
-0.3654 0.001110
-0.3611 0.000907
-0.3569 0.000741
-0.3526 0.000605
-0.3483 0.000494
-0.3440 0.000404
-0.3398 0.000330
-0.3356 0.000269
-0.3315 0.000220
-0.3276 0.000180
-0.3237 0.000147
-0.3200 0.000120
-0.3164 0.000098
-0.3131 0.000080
-0.3100 0.000066
-0.3072 0.000054
-0.3047 0.000044
-0.3028 0.000036
-0.3013 0.000030
-0.3005 0.000025
-0.2959 0.564450
-0.2041 0.389233
-0.1375 0.262310
-0.0804 0.153822
-0.0238 0.046258
0.0342 -0.063824
0.0845 -0.159830
0.1178 -0.223375
0.1337 -0.253852
0.1370 -0.260416
0.1263 -0.481948
0.0870 -0.331829
0.0629 -0.239784
0.0458 -0.174586
0.0327 -0.120134
0.0231 -0.077705
0.0149 -0.046546
0.0072 -0.020961
-0.0007 0.001578
-0.0088 0.022358
-0.0172 0.042189
-0.0262 0.061626
-0.0355 0.080969
-0.0453 0.100238
-0.0557 0.110399
-0.0697 0.114066
-0.0880 0.119120
-0.1110 0.124241
-0.1382 0.127918
-0.1681 0.128729
-0.1989 0.125920
-0.2285 0.119672
-0.2559 0.110838
-0.2805 0.100468
-0.3022 0.089495
-0.3210 0.078613
-0.3372 0.068281
-0.3509 0.058765
-0.3625 0.050194
-0.3721 0.042603
-0.3799 0.035967
-0.3862 0.030227
-0.3910 0.025304
-0.3945 0.021111
-0.3969 0.017561
-0.3983 0.014571
-0.3988 0.012062
-0.3985 0.009966
-0.3975 0.008220
