0.9827
0.9698
0.8108
0.7250
0.7028
0.6976
0.6982
0.6976
0.6969
0.6978
0.6991
0.7000
0.6998
0.6998
0.6993
0.6986
0.7009
0.7022
0.6997
0.6999
0.7015
0.7001
0.6995
0.7012
0.7006
0.6988
0.7006
0.7003
0.7007
0.7010
0.6997
0.6989
0.7017
0.7015
0.7017
0.7002
0.7010
0.7002
0.7000
0.6997
0.6994
0.7016
0.7004
0.7013
0.7006
0.7006
0.7002
0.7011
0.6995
0.6996
0.7006
0.7003
0.6997
0.7006
0.7020
0.7019
0.6985
0.6998
0.7009
0.7021
0.6998
0.6997
0.6998
0.6997
0.6989
0.7010
0.7006
0.6991
0.7014
0.6995
0.7005
0.6999
0.7014
0.7026
0.6998
0.6989
0.6996
0.7005
0.6995
0.6992
0.7008
0.7006
0.6998
0.6994
0.6995
0.7004
0.6994
0.7008
0.6992
0.6998
0.7006
0.6997
0.7004
0.7010
0.7009
0.6994
0.7002
0.6998
0.7006
0.7038
0.7018
0.7000
0.6992
0.7011
0.6991
0.7012
0.7015
0.7014
0.7021
0.6987
0.7005
0.7005
0.6994
0.7002
0.7006
0.7001
0.7005
0.7005
0.7007
0.7009
0.7000
0.6986
0.6998
0.7013
0.6995
0.6997
0.7003
0.7007
0.6993
0.7019
0.6993
0.6990
0.6989
0.6997
0.6996
0.7006
0.7001
0.6994
0.7000
0.6996
0.7005
0.7013
0.6998
0.6995
0.7004
0.7000
0.7020
0.7000
0.6995
0.7000
