-0.3332 0.000185
-0.3295 0.000151
-0.3259 0.000123
-0.3225 0.000101
-0.3194 0.000083
-0.3165 0.000068
-0.3139 0.000056
-0.3118 0.000046
-0.3102 0.000038
-0.3091 0.000031
-0.2936 0.574803
-0.2006 0.392735
-0.1333 0.261076
-0.0754 0.148184
-0.0180 0.036222
0.0398 -0.076510
0.0884 -0.171501
0.1192 -0.231926
0.1331 -0.259339
0.1351 -0.263559
0.1121 -0.438803
0.0786 -0.307713
0.0573 -0.224206
0.0418 -0.163711
0.0300 -0.111882
0.0211 -0.072297
0.0134 -0.042752
0.0061 -0.018270
-0.0013 0.003375
-0.0089 0.023371
-0.0170 0.042504
-0.0254 0.061298
-0.0343 0.079990
-0.0435 0.098554
-0.0540 0.104489
-0.0682 0.109170
-0.0869 0.114984
-0.1103 0.120735
-0.1380 0.124949
-0.1686 0.126196
-0.1998 0.123720
-0.2299 0.117726
-0.2576 0.109097
-0.2824 0.098907
-0.3042 0.088102
-0.3231 0.077379
-0.3393 0.067197
-0.3531 0.057821
-0.3647 0.049379
-0.3743 0.041905
-0.3822 0.035375
-0.3884 0.029728
-0.3932 0.024886
-0.3968 0.020763
-0.3992 0.017273
-0.4007 0.014333
-0.4012 0.011868
-0.4010 0.009807
-0.4001 0.008091
-0.3986 0.006665
-0.3966 0.005483
-0.3942 0.004505
-0.3914 0.003698
-0.3882 0.003033
-0.3848 0.002486
-0.3812 0.002036
-0.3774 0.001667
-0.3735 0.001364
-0.3695 0.001116
-0.3654 0.000912
-0.3612 0.000746
-0.3571 0.000609
-0.3529 0.000498
-0.3488 0.000407
-0.3447 0.000332
-0.3406 0.000272
-0.3367 0.000222
-0.3328 0.000181
-0.3291 0.000148
-0.3256 0.000121
-0.3222 0.000099
-0.3190 0.000081
-0.3161 0.000067
-0.3136 0.000055
-0.3115 0.000045
-0.3099 0.000037
-0.3090 0.000030
-0.2857 0.559254
-0.1952 0.382197
-0.1290 0.252713
-0.0714 0.140325
-0.0138 0.028107
0.0437 -0.084150
0.0912 -0.177030
0.1207 -0.234873
0.1335 -0.260292
0.1350 -0.263231
0.1091 -0.427024
0.0769 -0.300717
0.0561 -0.219355
0.0409 -0.160012
0.0292 -0.108576
0.0205 -0.069973
0.0129 -0.040905
0.0056 -0.016681
-0.0018 0.004809
-0.0095 0.024717
-0.0175 0.043808
-0.0260 0.062586
-0.0349 0.081267
-0.0441 0.099810
-0.0548 0.104782
-0.0693 0.109557
-0.0883 0.115396
-0.1120 0.121085
-0.1400 0.125137
-0.1706 0.126147
-0.2018 0.123421
-0.2318 0.117221
-0.2593 0.108456
-0.2839 0.098200
-0.3055 0.087382
-0.3242 0.076684
-0.3403 0.066549
-0.3539 0.057232
-0.3654 0.048854
-0.3749 0.041444
-0.3826 0.034975
-0.3887 0.029383
-0.3935 0.024592
-0.3970 0.020513
-0.3993 0.017062
-0.4007 0.014156
-0.4012 0.011720
-0.4009 0.009684
-0.4000 0.007988
-0.3985 0.006579
-0.3964 0.005412
-0.3940 0.004447
-0.3911 0.003650
-0.3880 0.002994
-0.3846 0.002453
-0.3809 0.002009
-0.3771 0.001645
-0.3732 0.001346
-0.3692 0.001101
-0.3650 0.000900
-0.3609 0.000736
-0.3567 0.000601
-0.3526 0.000491
-0.3484 0.000401
-0.3443 0.000328
-0.3403 0.000268
-0.3364 0.000219
-0.3325 0.000179
-0.3288 0.000146
-0.3253 0.000120
-0.3219 0.000098
-0.3188 0.000080
-0.3159 0.000066
-0.3134 0.000054
-0.3114 0.000044
-0.3099 0.000036
-0.3089 0.000030
-0.2760 0.540255
-0.1886 0.369189
-0.1236 0.242252
-0.0663 0.130384
-0.0086 0.017842
0.0486 -0.093651
0.0946 -0.183742
0.1224 -0.238356
0.1341 -0.261335
0.1347 -0.262721
0.1054 -0.412657
0.0747 -0.292081
0.0545 -0.213328
0.0397 -0.155398
0.0284 -0.104510
0.0198 -0.067081
0.0123 -0.038581
0.0049 -0.014668
-0.0025 0.006642
-0.0102 0.026448
-0.0183 0.045493
-0.0268 0.064255
-0.0357 0.082926
-0.0450 0.101446
-0.0559 0.105063
-0.0708 0.109997
-0.0902 0.115888
-0.1144 0.121500
-0.1427 0.125329
-0.1735 0.126013
-0.2047 0.122945
-0.2345 0.116467
-0.2617 0.107523
-0.2861 0.097182
-0.3074 0.086353
-0.3258 0.075694
-0.3417 0.065629
-0.3551 0.056399
-0.3663 0.048112
-0.3756 0.040793
-0.3832 0.034410
-0.3892 0.028898
-0.3938 0.024177
-0.3972 0.020162
-0.3995 0.016766
-0.4008 0.013907
-0.4012 0.011511
-0.4009 0.009509
-0.3999 0.007843
-0.3983 0.006459
-0.3962 0.005313
-0.3937 0.004365
-0.3908 0.003583
-0.3876 0.002938
-0.3842 0.002408
-0.3805 0.001972
-0.3767 0.001614
-0.3728 0.001320
-0.3687 0.001080
-0.3646 0.000883
-0.3605 0.000722
-0.3563 0.000590
-0.3521 0.000482
-0.3480 0.000394
-0.3439 0.000322
-0.3399 0.000263
-0.3360 0.000215
-0.3321 0.000176
-0.3284 0.000144
-0.3249 0.000117
-0.3216 0.000096
-0.3184 0.000079
-0.3156 0.000064
-0.3132 0.000053
-0.3112 0.000043
-0.3097 0.000036
-0.3088 0.000029
-0.2656 0.519886
-0.1814 0.355049
-0.1177 0.230683
-0.0606 0.119233
-0.0027 0.006330
0.0539 -0.104089
0.0983 -0.190915
0.1243 -0.241959
0.1346 -0.262304
0.1343 -0.262028
0.1016 -0.397549
0.0723 -0.282826
0.0529 -0.206789
0.0384 -0.150353
0.0274 -0.100143
0.0190 -0.063937
0.0115 -0.036044
0.0042 -0.012472
-0.0032 0.008629
-0.0110 0.028313
-0.0191 0.047296
-0.0276 0.066029
-0.0366 0.084676
-0.0458 0.102399
-0.0571 0.105466
-0.0724 0.110509
-0.0922 0.116412
-0.1168 0.121913
-0.1454 0.125498
-0.1763 0.125848
-0.2074 0.122444
-0.2370 0.115701
-0.2640 0.106592
-0.2881 0.096177
-0.3091 0.085344
-0.3273 0.074729
-0.3429 0.064735
-0.3561 0.055590
-0.3672 0.047394
-0.3763 0.040164
-0.3837 0.033865
-0.3896 0.028430
-0.3941 0.023778
-0.3974 0.019823
-0.3996 0.016480
-0.4008 0.013667
-0.4011 0.011311
-0.4007 0.009343
-0.3997 0.007704
-0.3980 0.006344
-0.3959 0.005217
-0.3934 0.004286
-0.3905 0.003518
-0.3873 0.002885
-0.3838 0.002364
-0.3801 0.001936
-0.3763 0.001584
-0.3723 0.001296
-0.3683 0.001060
-0.3642 0.000867
-0.3600 0.000708
-0.3559 0.000579
-0.3517 0.000473
-0.3476 0.000387
-0.3435 0.000316
-0.3395 0.000258
-0.3355 0.000211
-0.3317 0.000172
-0.3280 0.000141
-0.3245 0.000115
-0.3212 0.000094
-0.3181 0.000077
-0.3153 0.000063
-0.3129 0.000052
-0.3110 0.000043
-0.3095 0.000035
-0.3088 0.000029
-0.2561 0.501329
-0.1747 0.341987
-0.1121 0.219819
-0.0551 0.108640
0.0029 -0.004556
0.0588 -0.113714
0.1015 -0.197315
0.1258 -0.245036
0.1349 -0.262988
0.1339 -0.261216
0.0982 -0.384482
0.0702 -0.274604
0.0513 -0.200856
0.0372 -0.145695
0.0266 -0.096127
0.0183 -0.061002
0.0108 -0.033644
0.0035 -0.010365
-0.0040 0.010568
-0.0117 0.030165
-0.0199 0.049115
-0.0285 0.067843
-0.0375 0.086485
-0.0468 0.102697
-0.0584 0.105974
-0.0741 0.111124
-0.0944 0.117033
-0.1194 0.122408
-0.1482 0.125728
-0.1792 0.125727
-0.2102 0.121976
-0.2396 0.114963
-0.2663 0.105685
-0.2901 0.095195
-0.3109 0.084357
-0.3288 0.073784
-0.3442 0.063860
-0.3572 0.054799
-0.3681 0.046691
-0.3770 0.039548
-0.3843 0.033331
-0.3901 0.027971
-0.3944 0.023387
-0.3976 0.019492
-0.3997 0.016201
-0.4008 0.013433
-0.4011 0.011114
-0.4006 0.009179
-0.3995 0.007568
-0.3978 0.006231
-0.3956 0.005124
-0.3931 0.004209
-0.3901 0.003454
-0.3869 0.002832
-0.3834 0.002321
-0.3797 0.001900
-0.3759 0.001555
-0.3719 0.001272
-0.3679 0.001041
-0.3637 0.000851
-0.3596 0.000695
-0.3554 0.000568
-0.3513 0.000464
-0.3471 0.000379
-0.3431 0.000310
-0.3390 0.000253
-0.3351 0.000207
-0.3313 0.000169
-0.3277 0.000138
-0.3241 0.000113
-0.3208 0.000093
-0.3178 0.000076
-0.3150 0.000062
-0.3127 0.000051
-0.3107 0.000042
-0.3094 0.000035
-0.3087 0.000028
-0.2465 0.482544
-0.1678 0.328561
-0.1063 0.208452
-0.0494 0.097414
0.0088 -0.016051
0.0639 -0.123649
0.1048 -0.203759
0.1273 -0.248052
0.1352 -0.263584
0.1334 -0.260312
0.0945 -0.369945
0.0679 -0.265571
0.0497 -0.194478
0.0360 -0.140810
0.0257 -0.092129
0.0175 -0.058045
0.0101 -0.031220
0.0028 -0.008250
-0.0047 0.012492
-0.0125 0.031976
-0.0207 0.050868
-0.0293 0.069565
-0.0383 0.088177
-0.0477 0.102577
-0.0597 0.106160
-0.0759 0.111480
-0.0966 0.117431
-0.1221 0.122695
-0.1513 0.125747
-0.1824 0.125386
-0.2134 0.121283
-0.2425 0.114002
-0.2689 0.104565
-0.2924 0.094013
-0.3129 0.083187
-0.3306 0.072674
-0.3457 0.062838
-0.3584 0.053879
-0.3691 0.045877
-0.3779 0.038837
-0.3850 0.032715
-0.3906 0.027443
-0.3948 0.022937
-0.3979 0.019111
-0.3998 0.015880
-0.4009 0.013164
-0.4010 0.010889
-0.4005 0.008991
-0.3993 0.007412
-0.3976 0.006102
-0.3954 0.005017
-0.3928 0.004121
-0.3898 0.003381
-0.3865 0.002772
-0.3830 0.002271
-0.3793 0.001860
-0.3755 0.001522
-0.3715 0.001245
-0.3674 0.001018
-0.3633 0.000832
-0.3591 0.000680
-0.3549 0.000556
-0.3508 0.000454
-0.3467 0.000371
-0.3426 0.000303
-0.3386 0.000248
-0.3347 0.000203
-0.3309 0.000166
-0.3272 0.000135
-0.3237 0.000111
-0.3205 0.000091
-0.3174 0.000074
-0.3147 0.000061
-0.3124 0.000050
-0.3105 0.000041
-0.3092 0.000034
-0.3086 0.000028
-0.2382 0.466235
-0.1618 0.316728
-0.1011 0.198259
-0.0442 0.087233
0.0141 -0.026409
0.0684 -0.132386
0.1076 -0.209266
0.1286 -0.250527
0.1354 -0.263953
0.1330 -0.259383
0.0916 -0.358401
0.0660 -0.258134
0.0483 -0.189057
0.0349 -0.136025
0.0249 -0.088592
0.0168 -0.055394
0.0095 -0.029020
0.0021 -0.006307
-0.0054 0.014283
-0.0132 0.033687
-0.0214 0.052547
-0.0301 0.071232
-0.0392 0.089830
-0.0486 0.102853
-0.0610 0.106613
-0.0775 0.112019
-0.0987 0.117957
-0.1245 0.123081
-0.1539 0.125870
-0.1851 0.125180
-0.2159 0.120768
-0.2449 0.113257
-0.2711 0.103685
-0.2943 0.093080
-0.3145 0.082261
-0.3319 0.071795
-0.3468 0.062029
-0.3594 0.053151
-0.3699 0.045232
-0.3785 0.038273
-0.3855 0.032228
-0.3910 0.027025
-0.3951 0.022582
-0.3980 0.018810
-0.3999 0.015627
-0.4009 0.012951
-0.4010 0.010712
-0.4004 0.008843
-0.3992 0.007289
-0.3974 0.006000
-0.3951 0.004933
-0.3925 0.004051
-0.3895 0.003324
-0.3862 0.002725
-0.3827 0.002233
-0.3789 0.001828
-0.3751 0.001496
-0.3711 0.001224
-0.3670 0.001001
-0.3629 0.000818
-0.3587 0.000669
-0.3545 0.000546
-0.3504 0.000446
-0.3463 0.000365
-0.3422 0.000298
-0.3382 0.000244
-0.3343 0.000199
-0.3305 0.000163
-0.3269 0.000133
-0.3234 0.000109
-0.3201 0.000089
-0.3171 0.000073
-0.3144 0.000060
-0.3121 0.000049
-0.3103 0.000040
-0.3091 0.000033
-0.3085 0.000027
-0.2293 0.448888
-0.1552 0.303952
-0.0954 0.187079
-0.0384 0.075969
0.0199 -0.037757
0.0731 -0.141709
0.1105 -0.214973
0.1298 -0.252982
0.1355 -0.264189
0.1296 -0.507579
0.0886 -0.346656
0.0640 -0.250395
0.0469 -0.183311
0.0337 -0.130343
0.0240 -0.084802
0.0161 -0.052470
0.0087 -0.026537
0.0014 -0.004071
-0.0062 0.016379
-0.0140 0.035713
-0.0223 0.054549
-0.0311 0.073227
-0.0401 0.091809
-0.0497 0.103168
-0.0625 0.107150
-0.0795 0.112663
-0.1012 0.118581
-0.1274 0.123529
-0.1572 0.125993
-0.1884 0.124906
-0.2191 0.120128
-0.2477 0.112349
-0.2736 0.102622
-0.2965 0.091960
-0.3164 0.081154
-0.3336 0.070747
-0.3482 0.061066
-0.3606 0.052285
-0.3709 0.044467
-0.3793 0.037605
-0.3861 0.031651
-0.3914 0.026531
-0.3954 0.022161
-0.3983 0.018454
-0.4000 0.015327
-0.4009 0.012700
-0.4009 0.010502
-0.4003 0.008668
-0.3990 0.007144
-0.3971 0.005880
-0.3948 0.004833
-0.3922 0.003969
-0.3891 0.003256
-0.3858 0.002669
-0.3823 0.002187
-0.3785 0.001790
-0.3746 0.001465
-0.3706 0.001198
-0.3665 0.000980
-0.3624 0.000801
-0.3582 0.000655
-0.3541 0.000535
-0.3499 0.000437
-0.3458 0.000357
-0.3417 0.000292
-0.3377 0.000239
-0.3339 0.000195
-0.3301 0.000159
-0.3265 0.000130
-0.3230 0.000107
-0.3198 0.000087
-0.3168 0.000071
-0.3141 0.000059
-0.3119 0.000048
-0.3101 0.000040
-0.3089 0.000033
-0.3084 0.000027
-0.2212 0.432938
-0.1491 0.292019
-0.0899 0.176467
-0.0329 0.065198
0.0254 -0.048471
0.0775 -0.150255
0.1131 -0.220032
0.1309 -0.255031
0.1355 -0.264218
0.1245 -0.487477
0.0857 -0.335551
0.0621 -0.243044
0.0455 -0.177867
0.0327 -0.125001
0.0232 -0.081304
0.0154 -0.049826
0.0080 -0.024334
0.0007 -0.002121
-0.0069 0.018184
-0.0148 0.037446
-0.0231 0.056257
-0.0319 0.074929
-0.0410 0.093499
-0.0508 0.103389
-0.0639 0.107569
-0.0813 0.113174
-0.1034 0.119067
-0.1301 0.123845
-0.1601 0.126008
-0.1913 0.124565
-0.2219 0.119466
-0.2503 0.111459
-0.2759 0.101605
-0.2985 0.090903
-0.3182 0.080119
-0.3351 0.069772
-0.3495 0.060174
-0.3616 0.051485
-0.3717 0.043761
-0.3800 0.036990
-0.3867 0.031120
-0.3918 0.026076
-0.3957 0.021774
-0.3984 0.018127
-0.4001 0.015052
-0.4009 0.012469
-0.4009 0.010309
-0.4001 0.008508
-0.3988 0.007011
-0.3969 0.005769
-0.3946 0.004742
-0.3918 0.003894
-0.3888 0.003194
-0.3854 0.002618
-0.3819 0.002145
-0.3781 0.001756
-0.3742 0.001437
-0.3702 0.001175
-0.3661 0.000961
-0.3620 0.000786
-0.3578 0.000642
-0.3536 0.000525
-0.3495 0.000429
-0.3454 0.000350
-0.3413 0.000286
-0.3373 0.000234
-0.3334 0.000191
-0.3297 0.000156
-0.3261 0.000128
-0.3226 0.000105
-0.3194 0.000086
-0.3165 0.000070
-0.3139 0.000057
-0.3117 0.000047
-0.3099 0.000039
-0.3088 0.000032
-0.3084 0.000026
-0.2121 0.415224
-0.1422 0.278531
-0.0837 0.164262
-0.0265 0.052718
0.0317 -0.060713
0.0823 -0.159744
0.1159 -0.225482
0.1319 -0.257120
0.1354 -0.264086
0.1190 -0.465843
0.0826 -0.323344
0.0600 -0.234858
0.0439 -0.171760
0.0315 -0.119270
0.0223 -0.077437
0.0146 -0.046840
0.0072 -0.021815
-0.0001 0.000126
-0.0077 0.020274
-0.0157 0.039457
-0.0240 0.058240
-0.0328 0.076902
-0.0420 0.095452
-0.0520 0.103803
-0.0655 0.108156
-0.0834 0.113829
-0.1060 0.119664
-0.1331 0.124229
-0.1632 0.126047
-0.1945 0.124210
-0.2249 0.118768
-0.2530 0.110521
-0.2783 0.100537
-0.3006 0.089796
-0.3200 0.079036
-0.3366 0.068755
-0.3508 0.059245
-0.3627 0.050653
-0.3726 0.043028
-0.3807 0.036352
-0.3872 0.030570
-0.3923 0.025606
-0.3960 0.021374
-0.3986 0.017789
-0.4002 0.014767
-0.4009 0.012231
-0.4008 0.010110
-0.4000 0.008343
-0.3986 0.006874
-0.3967 0.005656
-0.3943 0.004648
-0.3915 0.003816
-0.3884 0.003130
-0.3850 0.002566
-0.3814 0.002102
-0.3777 0.001720
-0.3738 0.001408
-0.3697 0.001151
-0.3656 0.000941
-0.3615 0.000770
-0.3573 0.000629
-0.3532 0.000514
-0.3490 0.000420
-0.3449 0.000343
-0.3409 0.000280
-0.3369 0.000229
-0.3330 0.000187
-0.3293 0.000153
-0.3257 0.000125
-0.3223 0.000102
-0.3191 0.000084
-0.3161 0.000069
-0.3136 0.000056
-0.3114 0.000046
-0.3098 0.000038
-0.3087 0.000031
-0.2989 0.585166
-0.2042 0.399650
-0.1360 0.266458
-0.0780 0.153149
-0.0206 0.041292
0.0373 -0.071731
0.0866 -0.168027
0.1182 -0.230084
0.1328 -0.258768
0.1353 -0.263806
0.1143 -0.447510
0.0799 -0.312764
0.0582 -0.227657
0.0425 -0.166332
0.0305 -0.114281
0.0215 -0.073999
0.0138 -0.044139
0.0065 -0.019507
-0.0009 0.002206
-0.0085 0.022222
-0.0165 0.041342
-0.0249 0.060103
-0.0337 0.078754
-0.0429 0.097283
-0.0531 0.104135
-0.0671 0.108668
-0.0854 0.114412
-0.1085 0.120188
-0.1359 0.124541
-0.1663 0.126020
-0.1976 0.123806
-0.2278 0.118041
-0.2557 0.109573
-0.2807 0.099475
-0.3026 0.088703
-0.3217 0.077974
-0.3381 0.067760
-0.3520 0.058338
-0.3638 0.049843
-0.3735 0.042315
-0.3814 0.035731
-0.3877 0.030035
-0.3927 0.025149
-0.3963 0.020986
-0.3988 0.017461
-0.4003 0.014492
-0.4009 0.012000
-0.4007 0.009917
-0.3998 0.008182
-0.3984 0.006740
-0.3964 0.005545
-0.3940 0.004557
-0.3912 0.003741
-0.3880 0.003068
-0.3846 0.002515
-0.3810 0.002060
-0.3772 0.001686
-0.3733 0.001380
-0.3693 0.001128
-0.3652 0.000923
-0.3610 0.000754
-0.3569 0.000616
-0.3527 0.000504
-0.3486 0.000412
-0.3444 0.000336
-0.3404 0.000275
-0.3364 0.000225
-0.3326 0.000184
-0.3288 0.000150
-0.3253 0.000123
-0.3219 0.000100
-0.3187 0.000082
-0.3158 0.000067
-0.3133 0.000055
-0.3112 0.000045
-0.3095 0.000037
-0.3086 0.000031
-0.2880 0.563871
-0.1968 0.385281
-0.1302 0.255119
-0.0725 0.142539
-0.0150 0.030336
0.0427 -0.082121
0.0905 -0.175629
0.1203 -0.234192
0.1335 -0.260151
0.1351 -0.263431
0.1100 -0.430489
0.0774 -0.302824
0.0565 -0.220867
0.0412 -0.161216
0.0295 -0.109764
0.0207 -0.070793
0.0131 -0.041565
0.0058 -0.017279
-0.0016 0.004225
-0.0092 0.024116
-0.0173 0.043169
-0.0257 0.061896
-0.0346 0.080520
-0.0437 0.099007
-0.0543 0.104329
-0.0686 0.109055
-0.0874 0.114877
-0.1110 0.120596
-0.1388 0.124738
-0.1694 0.125884
-0.2006 0.123308
-0.2307 0.117238
-0.2583 0.108568
-0.2830 0.098370
-0.3047 0.087581
-0.3235 0.076891
-0.3396 0.066751
-0.3533 0.057421
-0.3648 0.049026
-0.3743 0.041597
-0.3821 0.035108
-0.3883 0.029498
-0.3931 0.024690
-0.3966 0.020597
-0.3990 0.017133
-0.4004 0.014215
-0.4009 0.011769
-0.4006 0.009724
-0.3997 0.008022
-0.3982 0.006607
-0.3961 0.005435
-0.3937 0.004466
-0.3908 0.003666
-0.3877 0.003007
-0.3843 0.002464
-0.3806 0.002018
-0.3768 0.001652
-0.3729 0.001351
-0.3688 0.001105
-0.3647 0.000904
-0.3606 0.000739
-0.3564 0.000604
-0.3522 0.000493
-0.3481 0.000403
-0.3440 0.000329
-0.3400 0.000269
-0.3360 0.000220
-0.3322 0.000180
-0.3284 0.000147
-0.3249 0.000120
-0.3215 0.000098
-0.3184 0.000081
-0.3155 0.000066
-0.3130 0.000054
-0.3110 0.000044
-0.3094 0.000037
-0.3085 0.000030
-0.2756 0.539435
-0.1883 0.368561
-0.1233 0.241680
-0.0660 0.129768
-0.0082 0.017131
0.0489 -0.094378
0.0949 -0.184322
0.1226 -0.238730
0.1342 -0.261542
0.1347 -0.262814
0.1051 -0.411424
0.0745 -0.291455
0.0544 -0.212999
0.0397 -0.155243
0.0284 -0.104515
0.0198 -0.067091
0.0123 -0.038617
0.0050 -0.014743
-0.0024 0.006517
-0.0101 0.026270
-0.0182 0.045258
-0.0267 0.063962
-0.0356 0.082571
-0.0448 0.101027
-0.0557 0.104701
-0.0705 0.109613
-0.0898 0.115494
-0.1139 0.121117
-0.1422 0.124987
-0.1729 0.125735
-0.2041 0.122738
-0.2339 0.116326
-0.2612 0.107434
-0.2856 0.097130
-0.3069 0.086326
-0.3254 0.075683
-0.3413 0.065628
-0.3547 0.056402
-0.3660 0.048119
-0.3753 0.040801
-0.3829 0.034417
-0.3889 0.028904
-0.3935 0.024183
-0.3969 0.020167
-0.3991 0.016770
-0.4004 0.013911
-0.4009 0.011514
-0.4005 0.009512
-0.3995 0.007845
-0.3979 0.006461
-0.3958 0.005314
-0.3933 0.004366
-0.3905 0.003583
-0.3873 0.002938
-0.3838 0.002408
-0.3802 0.001972
-0.3763 0.001614
-0.3724 0.001320
-0.3683 0.001080
-0.3642 0.000883
-0.3601 0.000722
-0.3559 0.000590
-0.3517 0.000482
-0.3476 0.000394
-0.3435 0.000322
-0.3395 0.000263
-0.3355 0.000215
-0.3317 0.000176
