0.9935
0.9619
0.8881
0.8749
0.8600
0.8522
0.8554
0.8552
0.8645
0.8721
0.8790
0.8870
0.8903
0.8897
0.8890
0.8885
0.8871
0.8850
0.8826
0.8828
0.8814
0.8812
0.8803
0.8801
0.8792
0.8802
0.8805
0.8811
0.8804
0.8791
0.8793
0.8776
0.8794
0.8799
0.8805
0.8782
0.8814
0.8802
0.8804
0.8797
0.8789
0.8796
0.8795
0.8790
0.8792
0.8802
0.8800
0.8798
0.8803
0.8798
0.8802
0.8796
0.8798
0.8794
0.8794
0.8804
0.8800
0.8808
0.8800
0.8795
0.8798
0.8797
0.8792
0.8804
0.8798
0.8810
0.8793
0.8796
0.8782
0.8797
0.8790
0.8782
0.8793
0.8794
0.8810
0.8800
0.8798
0.8793
0.8799
0.8782
0.8796
0.8793
0.8806
0.8786
0.8791
0.8788
0.8796
0.8789
0.8796
0.8795
0.8802
0.8812
0.8805
0.8791
0.8806
0.8793
0.8805
0.8793
0.8806
0.8783
0.8806
0.8788
0.8806
0.8788
0.8799
0.8793
0.8809
0.8790
0.8794
0.8791
0.8794
0.8798
0.8803
0.8811
0.8785
0.8806
0.8799
0.8808
0.8798
0.8795
0.8783
0.8810
0.8803
0.8796
0.8812
0.8807
0.8794
0.8799
0.8794
0.8800
0.8806
0.8785
0.8796
0.8787
0.8801
0.8796
0.8802
0.8794
0.8796
0.8792
0.8806
0.8788
0.8796
0.8797
0.8804
0.8801
0.8810
0.8797
0.8796
0.8801
