0.0370 -0.005427
0.1229 -0.018328
0.1975 -0.029550
0.2461 -0.036878
0.2712 -0.040677
0.2794 -0.041919
0.2742 -0.061736
0.2621 -0.059001
0.2454 -0.073665
0.2273 -0.068240
0.2101 -0.063067
0.1938 -0.058175
0.1784 -0.053556
0.1638 -0.049183
0.1499 -0.045018
0.1366 -0.041018
0.1237 -0.037139
0.1110 -0.033331
0.0983 -0.029253
0.0857 -0.024431
0.0728 -0.020009
0.0593 -0.015042
0.0447 -0.010553
0.0282 -0.006263
0.0087 -0.001862
-0.0155 0.003013
-0.0466 0.008775
-0.0863 0.015712
-0.1334 0.023554
-0.1819 0.031290
-0.2251 0.037882
-0.2599 0.040444
-0.2866 0.040603
-0.3063 0.037079
-0.3208 0.032114
-0.3311 0.027411
-0.3381 0.023145
-0.3425 0.019384
-0.3447 0.016131
-0.3452 0.013356
-0.3442 0.011013
-0.3421 0.009050
-0.3391 0.007416
-0.3352 0.006063
-0.3308 0.004946
-0.3257 0.004028
-0.3203 0.003274
-0.3145 0.002658
-0.3083 0.002155
-0.3019 0.001744
-0.2953 0.001411
-0.2885 0.001139
-0.2815 0.000919
-0.2743 0.000741
-0.2671 0.000596
-0.2596 0.000479
-0.2520 0.000385
-0.2442 0.000308
-0.2361 0.000246
-0.2277 0.000196
-0.2189 0.000156
-0.2095 0.000124
-0.1994 0.000097
-0.1885 0.000076
-0.1747 0.013172
-0.1580 0.011908
-0.1374 0.020667
-0.1111 0.016731
-0.0769 0.011601
-0.0282 0.004314
0.0431 -0.006350
0.1293 -0.019283
0.2022 -0.030256
0.2490 -0.037305
0.2726 -0.040887
0.2792 -0.062822
0.2724 -0.061318
0.2594 -0.077877
0.2421 -0.072677
0.2248 -0.067497
0.2081 -0.062480
0.1921 -0.057686
0.1769 -0.053126
0.1625 -0.048785
0.1486 -0.044633
0.1353 -0.040631
0.1223 -0.036737
0.1096 -0.032903
0.0968 -0.029074
0.0839 -0.024259
0.0707 -0.019667
0.0568 -0.014663
0.0416 -0.009986
0.0244 -0.005487
0.0037 -0.000826
-0.0222 0.004394
-0.0557 0.010597
-0.0980 0.017985
-0.1466 0.026060
-0.1946 0.033684
-0.2362 0.038497
