0.5619
0.3814
0.2677
0.2044
0.1719
0.1752
0.1756
0.1762
0.1764
0.1756
0.1759
0.1763
0.1758
0.1769
0.1757
0.1766
0.1761
0.1762
0.1770
0.1767
0.1761
0.1760
0.1760
0.1768
0.1763
0.1756
0.1768
0.1755
0.1767
0.1761
0.1763
0.1753
0.1768
0.1767
0.1762
0.1761
0.1756
0.1763
0.1770
0.1762
0.1753
0.1768
0.1764
0.1757
0.1760
0.1768
0.1757
0.1768
0.1757
0.1767
0.1759
0.1764
0.1762
0.1757
0.1762
0.1766
0.1756
0.1768
0.1762
0.1758
0.1765
0.1761
0.1756
0.1771
0.1759
0.1766
0.1764
0.1755
0.1756
0.1762
0.1762
0.1764
0.1760
0.1761
0.1758
0.1770
0.1764
0.1766
0.1762
0.1761
0.1769
0.1766
0.1751
0.1762
0.1761
0.1764
0.1764
0.1759
0.1768
0.1758
0.1761
0.1766
0.1763
0.1763
0.1766
0.1764
0.1761
0.1767
0.1744
0.1775
0.1763
0.1765
0.1761
0.1769
0.1762
0.1763
0.1762
0.1754
0.1758
0.1761
0.1766
0.1758
0.1768
0.1763
0.1759
0.1754
0.1766
0.1756
0.1763
0.1755
0.1766
0.1753
0.1762
0.1770
0.1762
0.1748
0.1759
0.1768
0.1761
0.1766
0.1755
0.1757
0.1766
0.1758
0.1764
0.1766
0.1760
0.1766
0.1751
0.1763
0.1770
0.1759
0.1762
0.1767
0.1755
0.1760
0.1763
0.1761
0.1765
0.1763
