-0.6599 0.011827
-0.6476 0.009598
-0.6320 0.007745
-0.6131 0.006212
-0.5908 0.004950
-0.5651 0.003915
-0.5363 0.003072
-0.5043 0.002389
-0.4695 0.001839
-0.4319 0.001399
-0.3917 0.001049
-0.3488 0.000773
-0.3032 0.000555
-0.2538 0.000385
-0.1986 0.000249
-0.1316 0.000137
-0.0355 0.018376
0.1014 -0.200235
0.2003 -0.399235
0.2315 -0.462975
0.2136 -0.427770
0.1734 -0.347713
0.1279 -0.256768
0.0830 -0.166794
0.0380 -0.076933
-0.0099 0.018010
-0.0654 0.102341
-0.1313 0.170556
-0.2008 0.216027
-0.2649 0.235877
-0.3206 0.236173
-0.3687 0.224631
-0.4107 0.206941
-0.4479 0.186658
-0.4814 0.165875
-0.5116 0.145774
-0.5390 0.126993
-0.5638 0.109839
-0.5862 0.094423
-0.6061 0.080735
-0.6238 0.068697
-0.6390 0.058193
-0.6519 0.049086
-0.6624 0.041236
-0.6703 0.034502
-0.6755 0.028753
-0.6781 0.023864
-0.6778 0.019724
-0.6746 0.016231
-0.6683 0.013296
-0.6589 0.010839
-0.6462 0.008789
-0.6302 0.007088
-0.6109 0.005681
-0.5882 0.004523
-0.5623 0.003575
-0.5331 0.002803
-0.5009 0.002178
-0.4658 0.001675
-0.4280 0.001272
-0.3875 0.000953
-0.3444 0.000700
-0.2983 0.000502
-0.2484 0.000346
-0.1922 0.000221
-0.1230 0.000117
-0.0207 0.011020
0.1163 -0.230034
0.2070 -0.412800
0.2307 -0.461437
0.2090 -0.418706
0.1680 -0.336920
0.1229 -0.246723
0.0785 -0.157912
0.0340 -0.068836
-0.0138 0.025054
-0.0695 0.107125
-0.1353 0.173207
-0.2042 0.216492
-0.2675 0.234713
-0.3225 0.234085
-0.3699 0.222130
-0.4115 0.204332
-0.4484 0.184115
-0.4815 0.163487
-0.5114 0.143586
-0.5385 0.125021
-0.5630 0.108085
-0.5851 0.092878
-0.6048 0.079385
-0.6222 0.067527
-0.6373 0.057185
-0.6500 0.048223
-0.6602 0.040501
-0.6679 0.033881
-0.6731 0.028230
-0.6755 0.023427
-0.6752 0.019361
-0.6719 0.015931
-0.6657 0.013049
-0.6563 0.010638
-0.6436 0.008627
-0.6277 0.006957
-0.6086 0.005576
-0.5861 0.004440
-0.5603 0.003510
-0.5314 0.002753
-0.4994 0.002139
-0.4645 0.001645
-0.4268 0.001250
-0.3865 0.000936
-0.3435 0.000688
-0.2976 0.000493
-0.2477 0.000339
-0.1914 0.000217
-0.1221 0.000115
-0.0184 0.009892
0.1185 -0.234508
0.2066 -0.412179
0.2285 -0.457010
0.2064 -0.413500
0.1659 -0.332631
0.1214 -0.243781
0.0777 -0.156236
0.0337 -0.068332
-0.0134 0.024242
-0.0683 0.105492
-0.1333 0.170973
-0.2017 0.214254
-0.2648 0.232807
-0.3197 0.232545
-0.3672 0.220890
-0.4087 0.203320
-0.4454 0.183274
-0.4784 0.162777
-0.5082 0.142978
-0.5352 0.124495
-0.5595 0.107626
-0.5814 0.092475
-0.6010 0.079030
-0.6181 0.067212
-0.6329 0.056905
-0.6453 0.047975
-0.6553 0.040281
-0.6628 0.033685
-0.6676 0.028056
-0.6698 0.023273
-0.6691 0.019224
-0.6656 0.015811
-0.6590 0.012943
-0.6492 0.010544
-0.6363 0.008545
-0.6201 0.006885
-0.6006 0.005514
-0.5778 0.004387
-0.5518 0.003464
-0.5226 0.002713
-0.4904 0.002105
-0.4553 0.001616
-0.4174 0.001225
-0.3769 0.000915
-0.3336 0.000670
-0.2872 0.000477
-0.2366 0.000325
-0.1786 0.000203
-0.1050 0.000099
0.0113 -0.009927
0.1427 -0.283391
0.2122 -0.423617
0.2203 -0.440928
0.1929 -0.386476
0.1520 -0.304884
0.1089 -0.218714
0.0664 -0.133636
0.0229 -0.046274
-0.0245 0.043302
-0.0806 0.119676
-0.1462 0.180032
-0.2133 0.217568
-0.2743 0.231604
-0.3273 0.228619
-0.3732 0.215601
-0.4134 0.197516
-0.4492 0.177443
-0.4812 0.157191
-0.5100 0.137777
-0.5361 0.119743
-0.5595 0.103341
-0.5805 0.088648
-0.5990 0.075639
-0.6151 0.064225
-0.6288 0.054286
-0.6401 0.045688
-0.6488 0.038291
-0.6549 0.031959
-0.6583 0.026563
-0.6589 0.021984
-0.6567 0.018115
-0.6514 0.014858
-0.6430 0.012127
-0.6315 0.009847
-0.6167 0.007951
-0.5986 0.006382
-0.5772 0.005089
-0.5526 0.004028
-0.5248 0.003163
-0.4939 0.002462
-0.4601 0.001896
-0.4235 0.001443
-0.3842 0.001083
-0.3421 0.000797
-0.2970 0.000573
-0.2480 0.000395
-0.1927 0.000254
-0.1246 0.000136
-0.0176 0.018892
0.1181 -0.233917
0.1949 -0.388917
0.2107 -0.421497
0.1894 -0.379369
0.1526 -0.305900
0.1120 -0.224763
0.0713 -0.143391
0.0298 -0.059502
-0.0151 0.026350
-0.0676 0.104214
-0.1301 0.166392
-0.1965 0.208146
-0.2585 0.226581
-0.3127 0.226788
-0.3596 0.215734
-0.4006 0.198736
-0.4368 0.179194
-0.4691 0.159132
-0.4980 0.139709
-0.5240 0.121553
-0.5473 0.104970
-0.5679 0.090071
-0.5861 0.076850
-0.6016 0.065234
-0.6147 0.055108
-0.6252 0.046343
-0.6330 0.038799
-0.6381 0.032340
-0.6405 0.026838
-0.6399 0.022172
-0.6364 0.018231
-0.6298 0.014918
-0.6200 0.012144
-0.6070 0.009831
-0.5908 0.007912
-0.5713 0.006326
-0.5486 0.005023
-0.5228 0.003958
-0.4938 0.003091
-0.4619 0.002391
-0.4271 0.001828
-0.3896 0.001379
-0.3494 0.001023
-0.3062 0.000741
-0.2595 0.000520
-0.2074 0.000344
-0.1461 0.000201
-0.0502 0.051348
0.0759 -0.074640
0.1683 -0.335628
0.1946 -0.389214
0.1828 -0.366169
0.1527 -0.306181
0.1164 -0.233453
0.0785 -0.157815
0.0397 -0.078605
-0.0016 0.002173
-0.0495 0.080983
-0.1069 0.145214
-0.1711 0.192606
-0.2338 0.217888
-0.2898 0.223450
-0.3383 0.215790
-0.3804 0.200694
-0.4173 0.182082
-0.4500 0.162357
-0.4791 0.142922
-0.5049 0.124557
-0.5278 0.107665
-0.5479 0.092415
-0.5653 0.078839
-0.5800 0.066882
-0.5920 0.056444
-0.6012 0.047400
-0.6077 0.039614
-0.6113 0.032950
-0.6120 0.027276
-0.6097 0.022469
-0.6044 0.018415
-0.5959 0.015014
-0.5843 0.012172
-0.5695 0.009810
-0.5515 0.007855
-0.5304 0.006246
-0.5061 0.004929
-0.4789 0.003856
-0.4488 0.002988
-0.4158 0.002290
-0.3802 0.001731
-0.3420 0.001288
-0.3011 0.000938
-0.2572 0.000663
-0.2097 0.000447
-0.1565 0.000276
-0.0702 0.071274
0.0370 -0.035892
0.1426 -0.212791
0.1785 -0.356809
0.1766 -0.353436
0.1541 -0.308826
0.1226 -0.245901
0.0879 -0.176418
0.0516 -0.102143
0.0134 -0.024873
-0.0301 0.049411
-0.0819 0.120489
-0.1422 0.173445
-0.2047 0.206688
-0.2623 0.219179
-0.3126 0.216109
-0.3561 0.203606
-0.3939 0.186242
-0.4269 0.166939
-0.4560 0.147445
-0.4816 0.128757
-0.5040 0.111410
-0.5233 0.095656
-0.5397 0.081575
-0.5532 0.069141
-0.5639 0.058269
-0.5716 0.048842
-0.5764 0.040726
-0.5783 0.033782
-0.5771 0.027877
-0.5729 0.022881
-0.5656 0.018678
-0.5552 0.015160
-0.5417 0.012230
-0.5251 0.009803
-0.5054 0.007802
-0.4828 0.006163
-0.4573 0.004827
-0.4292 0.003746
-0.3988 0.002878
-0.3663 0.002186
-0.3324 0.001640
-0.2972 0.001213
-0.2608 0.000880
-0.2228 0.000622
-0.1815 0.000419
-0.1334 0.000255
-0.0630 0.032010
0.0401 -0.019500
0.1508 -0.300328
0.1933 -0.386142
0.1963 -0.392901
0.1735 -0.347590
0.1383 -0.277270
0.0990 -0.198817
0.0585 -0.117844
0.0160 -0.031930
-0.0310 0.056682
-0.0853 0.134562
-0.1471 0.192285
-0.2093 0.226542
-0.2656 0.237956
-0.3145 0.233068
-0.3567 0.218610
-0.3933 0.199371
-0.4254 0.178338
-0.4537 0.157271
-0.4786 0.137166
-0.5002 0.118551
-0.5188 0.101671
-0.5344 0.086596
-0.5470 0.073292
-0.5566 0.061666
-0.5632 0.051589
-0.5666 0.042918
-0.5669 0.035506
-0.5641 0.029210
-0.5580 0.023891
-0.5486 0.019424
-0.5361 0.015694
-0.5204 0.012597
-0.5017 0.010041
-0.4801 0.007946
-0.4561 0.006242
-0.4301 0.004867
-0.4024 0.003765
-0.3735 0.002889
-0.3436 0.002198
-0.3129 0.001655
-0.2812 0.001230
-0.2480 0.000897
-0.2122 0.000635
-0.1718 0.000425
-0.1220 0.000250
-0.0519 0.000089
0.0592 -0.000081
0.1733 -0.172416
0.2325 -0.348374
0.2211 -0.442783
0.1846 -0.370127
0.1405 -0.281983
0.0957 -0.192306
0.0511 -0.103110
0.0045 -0.009899
-0.0470 0.089524
-0.1040 0.182748
-0.1615 0.254781
-0.2154 0.281270
-0.2641 0.285346
-0.3073 0.274621
-0.3457 0.255509
-0.3801 0.232359
-0.4112 0.207871
-0.4394 0.183654
-0.4648 0.160632
-0.4874 0.139307
-0.5074 0.119914
-0.5247 0.102525
-0.5392 0.087108
-0.5507 0.073566
-0.5592 0.061769
-0.5646 0.051567
-0.5668 0.042802
-0.5656 0.035320
-0.5611 0.028972
-0.5532 0.023620
-0.5420 0.019134
-0.5275 0.015399
-0.5099 0.012308
-0.4894 0.009768
-0.4662 0.007693
-0.4405 0.006011
-0.4126 0.004655
-0.3826 0.003570
-0.3507 0.002706
-0.3168 0.002021
-0.2806 0.001481
-0.2414 0.001053
-0.1975 0.000713
-0.1450 0.000433
-0.0741 0.000185
0.0374 -0.018090
0.1575 -0.313250
0.2140 -0.427304
0.2206 -0.441537
0.1938 -0.388432
0.1526 -0.306067
0.1082 -0.217203
0.0638 -0.128462
0.0181 -0.037167
-0.0317 0.060764
-0.0889 0.142701
-0.1530 0.203571
-0.2163 0.238390
-0.2731 0.249030
-0.3222 0.243037
-0.3647 0.227529
-0.4019 0.207379
-0.4349 0.185563
-0.4643 0.163817
-0.4905 0.143111
-0.5138 0.123956
-0.5343 0.106580
-0.5520 0.091048
-0.5669 0.077318
-0.5790 0.065293
-0.5882 0.054843
-0.5944 0.045824
-0.5975 0.038087
-0.5974 0.031488
-0.5940 0.025890
-0.5874 0.021167
-0.5774 0.017204
-0.5640 0.013896
-0.5474 0.011151
-0.5275 0.008886
-0.5046 0.007028
-0.4787 0.005514
-0.4501 0.004287
-0.4189 0.003299
-0.3853 0.002509
-0.3494 0.001881
-0.3109 0.001385
-0.2695 0.000993
-0.2240 0.000683
-0.1715 0.000433
-0.1045 0.000219
-0.0029 0.004226
0.1283 -0.254411
0.2046 -0.408309
0.2225 -0.445049
0.2006 -0.401902
0.1612 -0.323291
0.1177 -0.236208
0.0744 -0.149619
0.0306 -0.062113
-0.0164 0.029958
-0.0706 0.112068
-0.1337 0.176221
-0.1994 0.217678
-0.2599 0.234763
-0.3124 0.233491
-0.3577 0.221133
-0.3972 0.203050
-0.4320 0.182615
-0.4629 0.161815
-0.4905 0.141780
-0.5151 0.123113
-0.5368 0.106103
-0.5559 0.090848
-0.5723 0.077331
-0.5860 0.065470
-0.5969 0.055144
-0.6050 0.046216
-0.6102 0.038544
-0.6125 0.031987
-0.6117 0.026413
-0.6077 0.021697
-0.6005 0.017727
-0.5900 0.014403
-0.5763 0.011632
-0.5594 0.009336
-0.5393 0.007443
-0.5163 0.005891
-0.4903 0.004627
-0.4617 0.003602
-0.4306 0.002778
-0.3970 0.002118
-0.3612 0.001594
-0.3230 0.001178
-0.2820 0.000851
-0.2374 0.000592
-0.1867 0.000386
-0.1241 0.000212
-0.0321 0.016692
0.1033 -0.204265
0.1929 -0.384679
0.2218 -0.443598
0.2066 -0.413855
0.1702 -0.341172
0.1277 -0.256227
0.0851 -0.171032
0.0425 -0.085945
-0.0024 0.003649
-0.0530 0.089269
-0.1127 0.157810
-0.1779 0.206284
-0.2401 0.230432
-0.2949 0.234210
-0.3423 0.224862
-0.3835 0.208351
-0.4197 0.188583
-0.4519 0.167910
-0.4807 0.147688
-0.5064 0.128661
-0.5294 0.111204
-0.5496 0.095468
-0.5672 0.081470
-0.5822 0.069146
-0.5946 0.058387
-0.6043 0.049061
-0.6111 0.041028
-0.6151 0.034146
-0.6162 0.028283
-0.6142 0.023310
-0.6091 0.019114
-0.6009 0.015590
-0.5894 0.012645
-0.5748 0.010197
-0.5571 0.008171
-0.5363 0.006505
-0.5127 0.005141
-0.4863 0.004032
-0.4573 0.003136
-0.4259 0.002415
-0.3922 0.001839
-0.3563 0.001382
-0.3181 0.001020
-0.2771 0.000735
-0.2323 0.000510
-0.1811 0.000329
-0.1171 0.000176
-0.0193 0.010278
0.1180 -0.175178
0.1994 -0.397751
0.2204 -0.440873
0.2014 -0.403324
0.1641 -0.328988
0.1221 -0.245068
0.0803 -0.161375
0.0383 -0.077411
-0.0063 0.011141
-0.0567 0.095388
-0.1160 0.162113
-0.1802 0.208632
-0.2413 0.231216
-0.2952 0.234038
-0.3419 0.224195
-0.3826 0.207466
-0.4184 0.187633
-0.4502 0.166975
-0.4787 0.146808
-0.5042 0.127855
-0.5269 0.110479
-0.5469 0.094823
-0.5644 0.080902
-0.5792 0.068649
-0.5913 0.057955
-0.6008 0.048688
-0.6075 0.040708
-0.6114 0.033874
-0.6124 0.028052
-0.6103 0.023117
-0.6052 0.018953
-0.5969 0.015458
-0.5856 0.012539
-0.5711 0.010112
-0.5537 0.008105
-0.5333 0.006455
-0.5101 0.005106
-0.4844 0.004009
-0.4561 0.003122
-0.4256 0.002409
-0.3929 0.001839
-0.3581 0.001386
-0.3211 0.001028
-0.2815 0.000745
-0.2383 0.000522
-0.1895 0.000343
-0.1296 0.000195
-0.0408 0.020998
0.0926 -0.091221
0.1938 -0.386527
0.2222 -0.444333
0.2074 -0.415401
0.1717 -0.344194
0.1299 -0.260665
0.0880 -0.176876
0.0463 -0.093538
0.0027 -0.006131
-0.0459 0.082489
-0.1022 0.155210
-0.1643 0.206807
-0.2250 0.234417
-0.2793 0.240819
-0.3267 0.232953
-0.3680 0.217021
-0.4044 0.197237
-0.4368 0.176187
-0.4659 0.155383
-0.4920 0.135673
-0.5153 0.117496
-0.5359 0.101047
-0.5540 0.086366
-0.5694 0.073405
-0.5823 0.062064
-0.5924 0.052215
-0.5999 0.043716
-0.6045 0.036425
-0.6062 0.030203
-0.6049 0.024921
-0.6006 0.020459
-0.5932 0.016707
-0.5827 0.013570
-0.5691 0.010959
-0.5526 0.008798
-0.5332 0.007019
-0.5110 0.005563
-0.4863 0.004377
-0.4592 0.003418
-0.4299 0.002646
-0.3984 0.002028
-0.3649 0.001536
-0.3294 0.001146
-0.2915 0.000839
-0.2504 0.000596
-0.2046 0.000403
-0.1502 0.000245
-0.0760 0.038582
0.0435 -0.042178
0.1704 -0.254162
0.2217 -0.443075
0.2171 -0.434620
0.1855 -0.371718
0.1444 -0.289557
0.1022 -0.205161
0.0606 -0.122010
0.0180 -0.036335
-0.0285 0.052404
-0.0818 0.134726
-0.1416 0.195209
-0.2025 0.231180
-0.2585 0.244163
-0.3076 0.240353
-0.3504 0.226487
-0.3882 0.207469
-0.4217 0.186400
-0.4518 0.165128
-0.4788 0.144707
-0.5030 0.125706
-0.5246 0.108396
-0.5435 0.092869
-0.5599 0.079105
-0.5737 0.067020
-0.5849 0.056493
-0.5933 0.047385
-0.5990 0.039554
-0.6018 0.032857
-0.6016 0.027159
-0.5984 0.022337
-0.5921 0.018275
-0.5827 0.014872
-0.5703 0.012035
-0.5550 0.009683
-0.5367 0.007744
-0.5158 0.006154
-0.4924 0.004857
-0.4666 0.003806
-0.4386 0.002958
-0.4087 0.002279
-0.3767 0.001737
-0.3429 0.001308
-0.3069 0.000968
-0.2684 0.000700
-0.2261 0.000488
-0.1776 0.000317
-0.1167 0.000173
-0.0233 0.012260
0.1092 -0.107955
0.2071 -0.309689
0.2283 -0.456690
0.2048 -0.410286
0.1658 -0.332360
0.1232 -0.247305
0.0814 -0.163588
0.0397 -0.080241
-0.0043 0.007349
-0.0536 0.093951
-0.1101 0.169817
-0.1702 0.219483
-0.2281 0.243465
-0.2799 0.247192
-0.3253 0.237587
-0.3651 0.220543
-0.4004 0.200019
-0.4320 0.178446
-0.4603 0.157249
-0.4858 0.137225
-0.5086 0.118789
-0.5288 0.102118
-0.5464 0.087246
-0.5614 0.074120
-0.5737 0.062636
-0.5834 0.052664
-0.5903 0.044061
-0.5944 0.036681
-0.5955 0.030386
-0.5936 0.025045
-0.5886 0.020535
-0.5806 0.016747
-0.5695 0.013584
-0.5555 0.010955
-0.5386 0.008784
-0.5192 0.007000
-0.4972 0.005544
-0.4730 0.004361
-0.4467 0.003405
-0.4185 0.002638
-0.3885 0.002025
-0.3566 0.001537
-0.3230 0.001151
-0.2871 0.000846
-0.2483 0.000605
-0.2051 0.000414
-0.1538 0.000257
-0.0853 0.043211
0.0260 -0.024682
0.1552 -0.231373
0.2235 -0.334703
0.2279 -0.456393
0.1916 -0.384057
0.1485 -0.297849
0.1055 -0.211919
0.0639 -0.128596
0.0217 -0.043719
-0.0239 0.043717
-0.0761 0.126032
-0.1344 0.196198
-0.1926 0.238492
-0.2467 0.252721
-0.2946 0.249678
-0.3367 0.236028
-0.3740 0.216797
-0.4072 0.195230
-0.4371 0.173288
-0.4640 0.152109
-0.4882 0.132318
-0.5097 0.114228
-0.5286 0.097953
-0.5449 0.083491
-0.5585 0.070766
-0.5695 0.059662
-0.5777 0.050042
-0.5831 0.041761
-0.5855 0.034673
-0.5849 0.028640
-0.5812 0.023532
-0.5744 0.019232
-0.5647 0.015631
-0.5520 0.012634
-0.5365 0.010154
-0.5185 0.008113
-0.4980 0.006444
-0.4754 0.005086
-0.4508 0.003988
-0.4244 0.003105
-0.3963 0.002397
-0.3666 0.001834
-0.3352 0.001386
-0.3019 0.001033
-0.2663 0.000753
-0.2272 0.000532
-0.1827 0.000354
-0.1276 0.000205
-0.0444 0.022767
0.0796 -0.078370
0.1878 -0.280735
0.2283 -0.342365
0.2218 -0.333030
0.1790 -0.358940
0.1318 -0.264464
0.0880 -0.176875
0.0459 -0.092590
0.0024 -0.005563
-0.0458 0.080279
-0.1007 0.160182
-0.1589 0.223190
-0.2131 0.266190
-0.2603 0.272924
-0.3025 0.262325
-0.3402 0.244039
-0.3743 0.221998
-0.4051 0.198699
-0.4331 0.175654
-0.4584 0.153742
-0.4812 0.133442
-0.5014 0.114980
-0.5191 0.098424
-0.5341 0.083743
-0.5465 0.070847
-0.5561 0.059607
-0.5628 0.049880
-0.5665 0.041517
-0.5672 0.034370
-0.5648 0.028299
-0.5594 0.023173
-0.5509 0.018872
-0.5397 0.015286
-0.5258 0.012314
-0.5095 0.009866
-0.4910 0.007862
-0.4705 0.006230
-0.4483 0.004908
-0.4244 0.003841
-0.3989 0.002986
-0.3720 0.002302
-0.3435 0.001758
-0.3134 0.001326
-0.2812 0.000984
-0.2464 0.000713
-0.2074 0.000497
-0.1616 0.000320
-0.0992 0.050161
0.0023 -0.001055
0.1258 -0.124703
0.2006 -0.300436
0.2156 -0.323609
0.1967 -0.295598
0.1629 -0.245005
0.1249 -0.187886
0.0861 -0.129751
0.0462 -0.067798
0.0026 -0.004041
-0.0505 0.058278
-0.1166 0.115120
-0.1903 0.155694
-0.2598 0.175962
-0.3195 0.179045
-0.3695 0.171270
-0.4114 0.157734
-0.4470 0.141713
-0.4773 0.125141
-0.5033 0.109108
-0.5254 0.094188
-0.5441 0.080649
-0.5595 0.068578
-0.5718 0.057953
-0.5811 0.048697
-0.5874 0.040700
-0.5906 0.033838
-0.5908 0.027988
-0.5879 0.023030
-0.5821 0.018854
-0.5735 0.015359
-0.5624 0.012452
-0.5489 0.010050
-0.5334 0.008075
-0.5162 0.006462
-0.4975 0.005149
-0.4775 0.004086
-0.4563 0.003228
-0.4339 0.002539
-0.4106 0.001986
-0.3861 0.001544
-0.3605 0.001192
-0.3336 0.000912
-0.3052 0.000690
-0.2748 0.000514
-0.2418 0.000374
-0.2046 0.000262
-0.1606 0.000170
-0.0935 0.094455
0.0069 -0.005775
0.1173 -0.116341
0.1783 -0.267009
0.1908 -0.286278
0.1752 -0.263112
0.1467 -0.220552
0.1138 -0.171168
0.0793 -0.119425
0.0431 -0.061911
0.0032 -0.004645
-0.0457 0.051072
-0.1078 0.101744
-0.1791 0.140106
-0.2482 0.160785
-0.3083 0.165272
-0.3586 0.159034
-0.4006 0.146908
-0.4356 0.132122
-0.4650 0.116628
-0.4896 0.101537
-0.5099 0.087447
-0.5264 0.074644
-0.5392 0.063227
-0.5486 0.053189
-0.5546 0.044459
-0.5572 0.036937
-0.5567 0.030511
-0.5531 0.025067
-0.5469 0.020493
-0.5384 0.016681
-0.5280 0.013527
-0.5162 0.010934
-0.5032 0.008813
-0.4893 0.007085
-0.4745 0.005681
-0.4589 0.004543
-0.4425 0.003622
-0.4253 0.002878
-0.4071 0.002278
-0.3879 0.001795
-0.3675 0.001406
-0.3458 0.001094
-0.3226 0.000844
-0.2976 0.000644
-0.2704 0.000484
-0.2403 0.000356
-0.2062 0.000252
-0.1482 0.074502
-0.0852 0.042970
-0.0108 0.011590
0.0670 -0.066280
0.1158 -0.173272
0.1329 -0.199213
0.1285 -0.192870
0.1124 -0.168899
0.0905 -0.134116
0.0659 -0.092395
0.0387 -0.051723
0.0069 -0.008760
-0.0326 0.035051
-0.0840 0.075933
-0.1473 0.110424
-0.2142 0.132948
-0.2754 0.141455
-0.3274 0.139137
-0.3705 0.130233
-0.4058 0.117992
-0.4347 0.104511
-0.4579 0.091042
