0.3929
0.4746
0.5104
0.5317
0.5629
0.5827
0.5906
0.5926
0.5929
0.5931
0.5927
0.5909
0.5914
0.5911
0.5918
0.5910
0.5906
0.5909
0.5909
0.5909
0.5909
0.5909
0.5915
0.5917
0.5918
0.5911
0.5916
0.5908
0.5920
0.5914
0.5910
0.5914
0.5908
0.5905
0.5913
0.5907
0.5914
0.5912
0.5909
0.5906
0.5910
0.5907
0.5908
0.5913
0.5914
0.5910
0.5913
0.5913
0.5910
0.5910
0.5912
0.5907
0.5915
0.5917
0.5904
0.5917
0.5911
0.5914
0.5921
0.5907
0.5901
0.5908
0.5918
0.5905
0.5925
0.5913
0.5916
0.5916
0.5909
0.5912
0.5917
0.5915
0.5905
0.5920
0.5919
0.5913
0.5908
0.5913
0.5910
0.5915
0.5914
0.5911
0.5905
0.5909
0.5910
0.5908
0.5914
0.5909
0.5909
0.5914
0.5912
0.5901
0.5907
0.5915
0.5918
0.5915
0.5914
0.5910
0.5913
0.5910
0.5912
0.5914
0.5913
0.5911
0.5904
0.5917
0.5917
0.5917
0.5908
0.5912
0.5917
0.5915
0.5914
0.5905
0.5917
0.5919
0.5916
0.5904
0.5911
0.5908
0.5907
0.5915
0.5905
0.5915
0.5911
0.5914
0.5914
0.5910
0.5922
0.5915
0.5911
0.5911
0.5919
0.5910
0.5905
0.5905
0.5921
0.5920
0.5917
0.5913
0.5920
0.5913
0.5904
0.5911
0.5915
0.5917
0.5907
0.5914
0.5912
0.5914
0.5910
0.5916
0.5918
0.5915
0.5909
0.5916
0.5912
0.5907
0.5918
0.5917
0.5914
0.5916
0.5920
0.5915
0.5915
0.5915
0.5917
0.5913
0.5919
0.5906
0.5920
0.5914
0.5925
0.5915
0.5921
0.5903
0.5911
0.5906
0.5897
0.5905
0.5910
0.5915
0.5911
0.5911
0.5917
0.5913
0.5903
0.5913
0.5909
0.5905
0.5920
0.5910
0.5909
0.5921
0.5909
0.5918
0.5914
0.5914
0.5910
0.5918
0.5906
0.5913
0.5916
0.5918
0.5913
