0.0730 -0.1368
0.0756 -0.1417
0.0784 -0.1470
0.0813 -0.1525
0.0843 -0.1579
0.0872 -0.1634
0.0900 -0.1687
0.0927 -0.1738
0.0954 -0.1788
0.0980 -0.1836
0.1005 -0.1883
0.1060 -0.2023
0.1024 -0.1948
0.0987 -0.1874
0.0950 -0.1800
0.0912 -0.1726
0.0874 -0.1651
0.0834 -0.1574
0.0793 -0.1495
0.0750 -0.1414
0.0705 -0.1328
0.0658 -0.1238
0.0608 -0.1143
0.0554 -0.1042
0.0496 -0.0933
0.0436 -0.0791
0.0378 -0.0649
0.0317 -0.0520
0.0252 -0.0396
0.0179 -0.0272
0.0097 -0.0144
0.0006 -0.0009
-0.0097 0.0118
-0.0217 0.0243
-0.0358 0.0371
-0.0525 0.0507
-0.0719 0.0651
-0.0937 0.0770
-0.1185 0.0805
-0.1452 0.0816
-0.1716 0.0798
-0.1951 0.0750
-0.2133 0.0679
-0.2242 0.0590
-0.2271 0.0494
-0.1993 0.1606
-0.1676 0.1299
-0.1241 0.1679
-0.0700 0.0938
-0.0075 0.0107
0.0627 -0.0809
0.1175 -0.2132
0.1500 -0.2587
0.1676 -0.2760
0.1637 -0.3611
0.1568 -0.3374
0.1517 -0.3194
0.1472 -0.3045
0.1431 -0.2913
0.1390 -0.2794
0.1350 -0.2683
0.1310 -0.2579
0.1270 -0.2481
0.1230 -0.2387
0.1190 -0.2297
0.1150 -0.2210
0.1111 -0.2125
0.1071 -0.2042
0.1031 -0.1961
0.0991 -0.1881
0.0950 -0.1800
0.0909 -0.1720
0.0867 -0.1638
0.0824 -0.1554
0.0779 -0.1469
0.0732 -0.1380
0.0684 -0.1287
0.0632 -0.1189
0.0578 -0.1087
0.0520 -0.0978
0.0462 -0.0827
0.0406 -0.0689
0.0348 -0.0565
0.0285 -0.0444
0.0215 -0.0323
0.0135 -0.0198
0.0044 -0.0060
-0.0060 0.0072
-0.0184 0.0204
-0.0333 0.0342
-0.0516 0.0451
-0.0747 0.0540
-0.1029 0.0616
-0.1349 0.0668
-0.1676 0.0686
-0.1977 0.0670
-0.1995 0.1806
-0.1968 0.1686
-0.1870 0.1529
-0.1687 0.1324
-0.1423 0.1078
-0.1083 0.0797
-0.0562 0.0745
0.0067 -0.0079
0.0741 -0.0949
0.1294 -0.1658
0.1549 -0.2808
0.1641 -0.2824
0.1633 -0.3705
0.1515 -0.3337
0.1441 -0.3097
0.1389 -0.2921
