0.9190 17.2558
0.9157 15.0159
0.9121 13.0692
0.9079 11.3773
0.9031 9.9068
0.8977 8.6290
0.8916 7.5185
0.8847 6.5535
0.8770 5.7150
0.8682 4.9863
0.8585 4.3532
0.8476 3.8031
0.8355 3.3251
0.8222 2.9098
0.8076 2.5489
0.7916 2.2354
0.7744 1.9630
0.7558 1.7264
0.7360 1.5207
0.7151 1.3421
0.6932 1.1869
0.6706 1.0521
0.6474 0.9350
0.6240 0.8332
0.6005 0.7448
0.5774 0.6680
0.5548 0.6013
0.5330 0.5433
0.5123 0.4930
0.4927 0.4493
0.4743 0.4113
0.4574 0.3783
0.4418 0.3496
0.4277 0.3247
0.4149 0.3031
0.4034 0.2843
0.3932 0.2684
0.3852 0.2615
0.3967 0.3861
0.5336 2.4957
0.7310 11.6406
0.8579 29.0540
0.9161 48.6743
0.9359 64.5946
0.9399 73.8131
0.9389 75.0468
0.9371 70.2047
0.9355 62.7794
0.9342 55.1250
0.9330 48.0958
0.9318 41.8713
0.9305 36.4257
0.9289 31.6819
0.9271 27.5555
0.9251 23.9680
0.9227 20.8494
0.9200 18.1387
0.9169 15.7827
0.9134 13.7351
0.9094 11.9555
0.9049 10.4090
0.8997 9.0650
0.8939 7.8971
0.8873 6.8823
0.8798 6.0004
0.8715 5.2342
0.8621 4.5684
0.8516 3.9900
0.8400 3.4873
0.8271 3.0506
0.8129 2.6712
0.7975 2.3416
0.7807 2.0552
0.7625 1.8064
0.7431 1.5903
0.7226 1.4025
0.7010 1.2393
0.6786 1.0976
0.6556 0.9745
0.6323 0.8675
0.6088 0.7746
0.5855 0.6939
0.5627 0.6238
0.5406 0.5628
0.5195 0.5099
0.4994 0.4640
0.4806 0.4240
0.4632 0.3893
0.4472 0.3592
0.4325 0.3330
0.4192 0.3103
0.4073 0.2906
0.3966 0.2736
0.3876 0.2615
0.3868 0.3002
0.4709 1.2447
0.6732 7.7004
0.8262 23.1089
0.9032 42.8087
0.9322 60.3337
0.9396 71.9732
0.9395 75.7154
0.9377 72.4238
0.9360 65.4523
0.9346 57.6955
0.9334 50.4042
0.9322 43.8989
0.9309 38.1933
0.9295 33.2187
0.9277 28.8904
0.9258 25.1271
0.9235 21.8559
0.9210 19.0127
0.9180 16.5415
0.9147 14.3939
0.9108 12.5275
0.9065 10.9055
0.9015 9.4961
0.8959 8.2714
0.8896 7.2072
0.8824 6.2825
0.8744 5.4791
0.8653 4.7810
0.8552 4.1745
0.8440 3.6475
0.8315 3.1897
0.8178 2.7919
0.8028 2.4464
0.7864 2.1462
0.7687 1.8854
0.7497 1.6588
0.7296 1.4620
0.7083 1.2910
0.6862 1.1424
0.6633 1.0134
0.6400 0.9013
0.6166 0.8039
0.5932 0.7193
0.5702 0.6459
0.5478 0.5820
0.5263 0.5266
0.5059 0.4784
0.4867 0.4366
0.4688 0.4002
0.4523 0.3687
0.4372 0.3412
0.4235 0.3174
0.4111 0.2967
0.4000 0.2789
0.3903 0.2644
0.3846 0.2711
0.4264 0.6657
0.6129 4.9735
0.7890 17.8998
0.8867 37.0720
0.9268 55.8195
0.9386 69.5214
0.9399 75.7089
0.9383 74.2106
0.9365 67.9329
0.9350 60.1814
0.9338 52.6650
0.9326 45.8928
0.9314 39.9337
0.9300 34.7322
0.9283 30.2050
0.9264 26.2684
0.9243 22.8467
0.9218 19.8727
0.9190 17.2880
0.9158 15.0418
0.9121 13.0899
0.9079 11.3937
0.9032 9.9198
0.8978 8.6391
0.8917 7.5263
0.8848 6.5595
0.8770 5.7195
0.8683 4.9897
0.8585 4.3556
0.8477 3.8047
0.8356 3.3261
0.8223 2.9103
0.8076 2.5492
0.7917 2.2354
0.7744 1.9628
0.7558 1.7260
0.7360 1.5203
0.7150 1.3416
0.6931 1.1864
0.6705 1.0515
0.6473 0.9344
0.6238 0.8326
0.6004 0.7443
0.5772 0.6675
0.5547 0.6008
0.5329 0.5429
0.5121 0.4926
0.4925 0.4489
0.4742 0.4109
0.4572 0.3779
0.4417 0.3493
0.4275 0.3244
0.4147 0.3028
0.4033 0.2841
0.3931 0.2682
0.3853 0.2625
0.4013 0.4265
0.5534 3.0656
0.7474 13.4202
0.8667 31.6444
0.9197 51.2212
0.9370 66.6357
0.9400 75.0950
0.9388 75.5359
0.9370 70.1814
0.9354 62.5596
0.9341 54.8635
0.9330 47.8417
0.9318 41.6374
0.9304 36.2144
0.9288 31.4922
0.9270 27.3857
0.9250 23.8163
0.9226 20.7142
0.9199 18.0183
0.9168 15.6755
0.9132 13.6398
0.9092 11.8709
0.9046 10.3339
0.8995 8.9984
0.8936 7.8381
0.8869 6.8301
0.8794 5.9542
0.8710 5.1934
0.8615 4.5323
0.8510 3.9581
0.8392 3.4592
0.8263 3.0258
0.8120 2.6493
0.7965 2.3223
0.7795 2.0382
0.7613 1.7914
0.7418 1.5771
0.7212 1.3909
0.6996 1.2291
0.6771 1.0886
0.6540 0.9666
0.6306 0.8606
0.6072 0.7685
0.5839 0.6885
0.5611 0.6190
0.5390 0.5587
0.5179 0.5063
0.4980 0.4608
0.4793 0.4212
0.4619 0.3869
0.4460 0.3571
0.4314 0.3312
0.4183 0.3087
0.4064 0.2891
0.3958 0.2724
0.3870 0.2613
0.3898 0.3269
0.4992 1.7839
0.7029 9.7865
0.8435 26.6863
0.9106 46.6558
0.9346 63.4699
0.9400 73.9625
0.9393 76.3888
0.9374 72.1555
0.9358 64.7996
0.9345 56.9787
0.9333 49.7293
0.9321 43.2912
0.9308 37.6540
0.9293 32.7426
0.9276 28.4709
0.9256 24.7579
0.9233 21.5311
0.9207 18.7270
0.9177 16.2904
0.9143 14.1732
0.9104 12.3337
0.9060 10.7354
0.9009 9.3467
0.8953 8.1403
0.8888 7.0922
0.8815 6.1816
0.8734 5.3906
0.8642 4.7034
0.8540 4.1065
0.8426 3.5880
0.8299 3.1375
0.8160 2.7462
0.8008 2.4064
0.7843 2.1111
0.7664 1.8547
0.7472 1.6320
0.7269 1.4385
0.7055 1.2704
0.6832 1.1244
0.6603 0.9977
0.6369 0.8875
0.6134 0.7919
0.5901 0.7088
0.5671 0.6367
0.5448 0.5740
0.5235 0.5195
0.5032 0.4723
0.4841 0.4312
0.4664 0.3955
0.4501 0.3646
0.4352 0.3377
0.4216 0.3143
0.4094 0.2940
0.3985 0.2765
0.3890 0.2629
0.3857 0.2857
0.4552 1.0362
0.6572 7.0638
0.8175 22.3143
0.8998 42.2510
0.9314 60.1904
0.9396 72.4459
0.9397 76.8064
0.9379 73.8366
0.9362 66.8791
0.9348 58.9935
0.9336 51.5417
0.9324 44.8830
0.9312 39.0407
0.9297 33.9471
0.9280 29.5161
0.9261 25.6646
0.9239 22.3175
0.9214 19.4091
0.9185 16.8820
0.9152 14.6863
0.9114 12.7787
0.9071 11.1213
0.9023 9.6814
0.8968 8.4306
0.8905 7.3439
0.8835 6.4000
0.8755 5.5800
0.8666 4.8677
0.8566 4.2489
0.8455 3.7115
0.8332 3.2447
0.8196 2.8392
0.8048 2.4870
0.7885 2.1810
0.7710 1.9153
0.7521 1.6845
0.7321 1.4841
0.7109 1.3100
0.6888 1.1587
0.6660 1.0274
0.6427 0.9133
0.6192 0.8143
0.5958 0.7282
0.5727 0.6535
0.5503 0.5886
0.5286 0.5322
0.5080 0.4833
0.4887 0.4407
0.4706 0.4038
0.4539 0.3717
0.4387 0.3439
0.4248 0.3197
0.4123 0.2987
0.4010 0.2805
0.3911 0.2655
0.3848 0.2692
0.4242 0.6531
0.6120 5.0786
0.7894 18.5005
0.8874 38.0899
0.9273 56.9177
0.9389 70.6687
0.9400 76.8420
0.9384 75.2180
0.9366 68.7779
0.9351 60.8902
0.9339 53.2637
0.9327 46.3997
0.9315 40.3630
0.9301 35.0957
0.9285 30.5126
0.9266 26.5288
0.9245 23.0669
0.9220 20.0589
0.9192 17.4454
0.9160 15.1748
0.9124 13.2022
0.9082 11.4885
0.9035 9.9998
0.8981 8.7066
0.8920 7.5833
0.8852 6.6075
0.8775 5.7599
0.8688 5.0237
0.8591 4.3842
0.8482 3.8288
0.8362 3.3463
0.8229 2.9273
0.8083 2.5634
0.7924 2.2473
0.7751 1.9728
0.7565 1.7343
0.7367 1.5273
0.7158 1.3474
0.6939 1.1912
0.6713 1.0556
0.6481 0.9378
0.6246 0.8354
0.6011 0.7466
0.5779 0.6694
0.5552 0.6024
0.5334 0.5442
0.5126 0.4936
0.4929 0.4497
0.4745 0.4116
0.4575 0.3785
0.4420 0.3498
0.4278 0.3248
0.4149 0.3031
0.4034 0.2843
0.3932 0.2684
0.3854 0.2632
0.4050 0.4641
0.5692 3.6201
0.7603 15.2140
0.8737 34.2458
0.9225 53.7456
0.9379 68.7441
0.9402 76.5607
0.9388 76.3033
0.9369 70.4772
0.9354 62.6500
0.9341 54.8789
0.9330 47.8272
0.9318 41.6087
0.9304 36.1779
0.9288 31.4513
0.9270 27.3426
0.9249 23.7724
0.9226 20.6704
0.9198 17.9755
0.9167 15.6343
0.9132 13.6005
0.9091 11.8338
0.9045 10.2991
0.8993 8.9660
0.8934 7.8081
0.8867 6.8024
0.8792 5.9288
0.8707 5.1701
0.8612 4.5111
0.8506 3.9388
0.8388 3.4417
0.8258 3.0100
0.8115 2.6350
0.7958 2.3094
0.7788 2.0266
0.7605 1.7810
0.7409 1.5677
0.7202 1.3825
0.6985 1.2216
0.6760 1.0819
0.6529 0.9606
0.6294 0.8552
0.6059 0.7637
0.5826 0.6843
0.5598 0.6153
0.5378 0.5554
0.5167 0.5033
0.4968 0.4581
0.4782 0.4189
0.4609 0.3848
0.4450 0.3552
0.4305 0.3295
0.4174 0.3072
0.4056 0.2878
0.3951 0.2713
0.3865 0.2615
0.3944 0.3684
0.5305 2.5528
0.7312 12.4728
0.8592 30.8109
0.9172 50.7763
0.9366 66.7989
0.9403 76.0584
0.9391 77.1244
0.9372 71.9718
0.9356 64.2591
0.9344 56.3733
0.9332 49.1526
0.9320 42.7665
0.9307 37.1840
0.9291 32.3239
0.9274 28.0989
0.9254 24.4277
0.9230 21.2383
0.9204 18.4676
0.9174 16.0607
0.9139 13.9700
0.9100 12.1539
0.9055 10.5765
0.9004 9.2064
0.8946 8.0164
0.8880 6.9828
0.8807 6.0852
0.8724 5.3056
0.8631 4.6285
0.8527 4.0405
0.8411 3.5298
0.8283 3.0863
0.8142 2.7012
0.7988 2.3667
0.7821 2.0763
0.7640 1.8241
0.7447 1.6050
0.7241 1.4148
0.7026 1.2496
0.6802 1.1062
0.6571 0.9816
0.6337 0.8735
0.6102 0.7795
0.5868 0.6980
0.5639 0.6271
0.5417 0.5656
0.5205 0.5122
0.5003 0.4659
0.4814 0.4256
0.4639 0.3906
0.4478 0.3602
0.4330 0.3339
0.4197 0.3110
0.4077 0.2911
0.3969 0.2740
0.3878 0.2618
0.3890 0.3192
0.4973 1.8069
0.7033 10.2613
0.8446 27.8070
0.9115 48.0533
0.9351 64.9100
0.9403 75.4079
0.9395 77.7108
0.9376 73.2580
0.9359 65.7045
0.9346 57.7329
0.9334 50.3632
0.9322 43.8251
0.9309 38.1039
0.9294 33.1215
0.9277 28.7899
0.9257 25.0263
0.9235 21.7568
0.9209 18.9167
0.9179 16.4497
0.9145 14.3069
0.9107 12.4457
0.9063 10.8292
0.9013 9.4253
0.8956 8.2060
0.8892 7.1471
0.8820 6.2275
0.8738 5.4288
0.8647 4.7352
0.8545 4.1330
0.8431 3.6099
0.8305 3.1557
0.8167 2.7613
0.8015 2.4188
0.7849 2.1214
0.7671 1.8631
0.7479 1.6388
0.7276 1.4441
0.7062 1.2750
0.6839 1.1282
0.6609 1.0007
0.6375 0.8900
0.6140 0.7938
0.5906 0.7104
0.5676 0.6379
0.5452 0.5749
0.5238 0.5203
0.5035 0.4728
0.4844 0.4316
0.4666 0.3958
0.4502 0.3648
0.4353 0.3378
0.4217 0.3144
0.4095 0.2941
0.3985 0.2765
0.3890 0.2629
0.3865 0.2935
0.4706 1.3144
0.6774 8.5503
0.8303 25.2667
0.9058 45.6424
0.9335 63.1672
0.9401 74.6982
0.9397 78.1098
0.9378 74.3421
0.9361 66.9754
0.9348 58.9439
0.9336 51.4456
0.9324 44.7728
0.9311 38.9277
0.9297 33.8357
0.9280 29.4086
0.9261 25.5620
0.9238 22.2207
0.9213 19.3183
0.9184 16.7974
0.9151 14.6080
0.9113 12.7064
0.9070 11.0550
0.9021 9.6207
0.8965 8.3752
0.8902 7.2936
0.8831 6.3543
0.8751 5.5386
0.8661 4.8303
0.8561 4.2153
0.8449 3.6812
0.8324 3.2174
0.8188 2.8147
0.8037 2.4651
0.7874 2.1614
0.7697 1.8978
0.7507 1.6689
0.7305 1.4701
0.7093 1.2975
0.6871 1.1477
0.6642 1.0176
0.6408 0.9046
0.6173 0.8065
0.5938 0.7213
0.5708 0.6474
0.5483 0.5831
0.5267 0.5274
0.5062 0.4790
0.4869 0.4370
0.4690 0.4005
0.4524 0.3688
0.4372 0.3413
0.4235 0.3174
0.4111 0.2967
0.3999 0.2787
0.3902 0.2642
0.3855 0.2798
0.4503 1.0006
0.6544 7.2578
0.8170 23.1772
0.9002 43.5800
0.9318 61.6334
0.9400 74.0066
0.9399 78.3759
0.9381 75.2431
0.9363 68.0717
0.9349 60.0000
0.9337 52.3924
0.9326 45.6021
0.9313 39.6483
0.9299 34.4601
0.9282 29.9491
0.9263 26.0298
0.9241 22.6254
0.9216 19.6685
0.9188 17.1005
0.9155 14.8702
0.9118 12.9333
0.9075 11.2513
0.9027 9.7906
0.8972 8.5222
0.8910 7.4208
0.8840 6.4643
0.8761 5.6339
0.8673 4.9127
0.8574 4.2866
0.8463 3.7429
0.8340 3.2708
0.8205 2.8609
0.8057 2.5050
0.7895 2.1960
0.7719 1.9277
0.7531 1.6948
0.7330 1.4925
0.7119 1.3169
0.6898 1.1645
0.6670 1.0321
0.6436 0.9172
0.6201 0.8174
0.5966 0.7307
0.5734 0.6555
0.5509 0.5902
0.5292 0.5335
0.5085 0.4843
0.4891 0.4415
0.4710 0.4044
0.4542 0.3722
0.4389 0.3442
0.4250 0.3200
0.4124 0.2989
0.4011 0.2806
0.3912 0.2655
0.3852 0.2724
0.4357 0.8069
0.6349 6.3101
0.8054 21.5241
0.8952 41.9004
0.9303 60.3609
0.9398 73.3967
0.9401 78.5553
0.9383 75.9760
0.9365 68.9894
0.9350 60.8918
0.9339 53.1937
0.9327 46.3042
0.9315 40.2581
0.9300 34.9881
0.9284 30.4057
0.9265 26.4246
0.9244 22.9668
0.9219 19.9637
0.9191 17.3557
0.9159 15.0909
0.9122 13.1241
0.9080 11.4163
0.9033 9.9333
0.8978 8.6455
0.8917 7.5274
0.8848 6.5566
0.8770 5.7136
0.8682 4.9817
0.8584 4.3462
0.8475 3.7944
0.8353 3.3154
0.8219 2.8995
0.8072 2.5384
0.7911 2.2248
0.7737 1.9527
0.7550 1.7163
0.7351 1.5112
0.7140 1.3330
0.6920 1.1784
0.6692 1.0441
0.6459 0.9276
0.6224 0.8264
0.5989 0.7385
0.5756 0.6622
0.5530 0.5960
0.5312 0.5385
0.5104 0.4886
0.4909 0.4453
0.4726 0.4077
0.4557 0.3750
0.4403 0.3467
0.4262 0.3221
0.4135 0.3007
0.4021 0.2822
0.3920 0.2667
0.3852 0.2684
0.4257 0.6888
0.6195 5.6438
0.7959 20.2961
0.8911 40.6237
0.9290 59.3833
0.9396 72.9152
0.9402 78.6851
0.9384 76.5526
0.9366 69.7235
0.9352 61.6093
0.9340 53.8395
0.9328 46.8700
0.9316 40.7492
0.9302 35.4131
0.9286 30.7731
0.9267 26.7420
0.9246 23.2409
0.9221 20.2005
0.9194 17.5602
0.9162 15.2675
0.9125 13.2767
0.9084 11.5481
0.9037 10.0471
0.8983 8.7439
0.8922 7.6123
0.8854 6.6299
0.8777 5.7770
0.8690 5.0364
0.8592 4.3935
0.8484 3.8353
0.8363 3.3507
0.8230 2.9299
0.8084 2.5647
0.7924 2.2476
0.7751 1.9723
0.7565 1.7333
0.7366 1.5258
0.7157 1.3457
0.6937 1.1893
0.6710 1.0536
0.6477 0.9357
0.6241 0.8334
0.6006 0.7446
0.5773 0.6675
0.5547 0.6006
0.5328 0.5425
0.5119 0.4920
0.4922 0.4482
0.4739 0.4102
0.4569 0.3772
0.4413 0.3486
0.4272 0.3237
0.4144 0.3021
0.4029 0.2834
0.3927 0.2676
0.3854 0.2664
0.4194 0.6189
0.6084 5.2043
0.7889 19.4658
0.8880 39.7648
0.9280 58.7311
0.9394 72.6066
0.9403 78.8083
0.9386 76.9970
0.9367 70.2815
0.9352 62.1526
0.9340 54.3272
0.9329 47.2963
0.9317 41.1186
0.9303 35.7321
0.9287 31.0482
0.9268 26.9792
0.9247 23.4454
0.9223 20.3768
0.9195 17.7122
0.9164 15.3986
0.9128 13.3897
0.9087 11.6455
0.9040 10.1311
0.8987 8.8163
0.8926 7.6748
0.8858 6.6837
0.8781 5.8234
0.8695 5.0764
0.8598 4.4280
0.8490 3.8650
0.8371 3.3763
0.8238 2.9521
0.8093 2.5837
0.7934 2.2640
0.7761 1.9865
0.7576 1.7455
0.7378 1.5364
0.7168 1.3548
0.6949 1.1972
0.6722 1.0603
0.6489 0.9415
0.6254 0.8384
0.6018 0.7489
0.5785 0.6712
0.5558 0.6038
0.5339 0.5452
0.5130 0.4944
0.4932 0.4503
0.4748 0.4120
0.4577 0.3787
0.4421 0.3499
0.4278 0.3248
0.4150 0.3031
0.4034 0.2842
0.3932 0.2683
0.3856 0.2654
0.4159 0.5823
0.6018 4.9685
0.7848 19.0377
0.8862 39.3411
0.9274 58.4261
0.9393 72.4983
0.9404 78.9481
0.9386 77.3181
0.9368 70.6609
0.9353 62.5158
0.9341 54.6509
0.9329 47.5781
0.9317 41.3619
0.9303 35.9415
0.9287 31.2282
0.9269 27.1339
0.9248 23.5783
0.9224 20.4910
0.9197 17.8104
0.9165 15.4829
0.9129 13.4621
0.9088 11.7077
0.9042 10.1845
0.8989 8.8622
0.8929 7.7142
0.8861 6.7176
0.8784 5.8525
0.8698 5.1014
0.8602 4.4494
0.8495 3.8835
0.8375 3.3921
0.8243 2.9656
0.8098 2.5954
0.7939 2.2740
0.7767 1.9951
0.7582 1.7529
0.7384 1.5427
0.7175 1.3602
0.6956 1.2018
0.6729 1.0643
0.6497 0.9450
0.6261 0.8414
0.6025 0.7515
0.5792 0.6734
0.5565 0.6057
0.5345 0.5468
0.5136 0.4958
0.4938 0.4515
0.4753 0.4130
0.4582 0.3796
0.4425 0.3506
0.4282 0.3255
0.4153 0.3036
0.4037 0.2847
0.3934 0.2687
0.3857 0.2651
0.4148 0.5712
0.5999 4.9157
0.7836 18.9897
0.8857 39.3433
0.9273 58.4682
0.9393 72.6003
0.9404 79.1185
0.9387 77.5254
0.9368 70.8656
0.9353 62.6997
0.9341 54.8104
0.9330 47.7147
0.9317 41.4783
0.9304 36.0404
0.9288 31.3122
0.9270 27.2052
0.9249 23.6389
0.9225 20.5424
0.9197 17.8540
0.9166 15.5199
0.9130 13.4935
0.9089 11.7343
0.9042 10.2071
0.8990 8.8813
0.8930 7.7304
0.8862 6.7313
0.8786 5.8640
0.8700 5.1112
0.8603 4.4577
0.8496 3.8904
0.8377 3.3980
0.8245 2.9706
0.8100 2.5996
0.7941 2.2776
0.7769 1.9980
0.7584 1.7554
0.7387 1.5448
0.7178 1.3620
0.6959 1.2033
0.6732 1.0656
0.6499 0.9460
0.6263 0.8423
0.6028 0.7522
0.5794 0.6740
0.5567 0.6062
0.5347 0.5473
0.5137 0.4961
0.4939 0.4518
0.4754 0.4132
0.4583 0.3798
0.4426 0.3508
0.4283 0.3256
0.4154 0.3037
0.4038 0.2848
0.3935 0.2687
0.3858 0.2654
0.4159 0.5833
0.6025 5.0429
0.7855 19.3343
0.8867 39.7820
0.9277 58.8659
0.9394 72.9204
0.9404 79.3255
0.9387 77.6207
