0.0368
0.1262
0.1779
0.1951
0.2104
0.2191
0.2247
0.2276
0.2291
0.2306
0.2303
0.2304
0.2299
0.2304
0.2297
0.2303
0.2300
0.2303
0.2299
0.2291
0.2291
0.2292
0.2289
0.2290
0.2285
0.2289
0.2286
0.2285
0.2282
0.2289
0.2289
0.2300
0.2296
0.2296
0.2288
0.2295
0.2295
0.2286
0.2290
0.2291
0.2284
0.2292
0.2288
0.2286
0.2294
0.2288
0.2286
0.2286
0.2294
0.2292
0.2285
0.2279
0.2286
0.2287
0.2295
0.2284
0.2290
0.2289
0.2291
0.2291
0.2293
0.2304
0.2302
0.2291
0.2288
0.2294
0.2288
0.2284
0.2281
0.2285
0.2289
0.2290
0.2286
0.2285
0.2294
0.2294
0.2292
0.2286
0.2290
0.2286
0.2292
0.2289
0.2295
0.2291
0.2283
0.2290
0.2295
0.2290
0.2289
0.2288
0.2295
0.2294
0.2294
0.2294
0.2291
0.2288
0.2299
0.2290
0.2295
0.2297
0.2296
0.2300
0.2292
0.2309
0.2294
0.2290
0.2291
0.2294
0.2297
0.2293
0.2287
0.2294
0.2291
0.2299
0.2287
0.2286
0.2286
0.2284
0.2289
0.2293
0.2297
0.2286
0.2290
0.2299
0.2292
0.2300
0.2299
0.2297
0.2290
0.2293
0.2294
0.2285
0.2284
0.2299
0.2285
0.2288
0.2285
0.2286
0.2289
0.2293
0.2290
0.2297
0.2290
0.2291
0.2295
0.2297
0.2295
0.2293
0.2285
0.2292
