-0.2162 -0.002714
-0.2031 -0.002371
-0.1881 -0.002080
-0.1705 -0.001836
-0.1490 -0.001632
-0.1216 -0.001470
-0.0837 -0.001350
-0.0263 -0.001282
0.0631 -0.001273
0.1698 -0.001265
0.2549 -0.001191
0.3060 -0.001062
0.3269 -0.000911
0.3263 -0.000760
0.3123 -0.000624
0.2913 -0.000508
0.2674 -0.000411
0.2431 -0.000333
0.2195 -0.000269
0.1972 -0.000218
0.1761 -0.000176
0.1562 -0.000143
0.1370 -0.000116
0.1182 -0.000094
0.0993 -0.000076
0.0797 -0.000061
0.0583 -0.000049
0.0335 -0.000039
0.0027 -0.000031
-0.0385 -0.000024
-0.0947 -0.000017
-0.1632 -0.000012
-0.2316 -0.000008
-0.2897 -0.000005
-0.3348 -0.000003
-0.3682 -0.000002
-0.3921 -0.000002
-0.4085 -0.000001
-0.4190 -0.000001
-0.4249 -0.000001
-0.4270 -0.000001
-0.4263 -0.000000
-0.4230 -0.000000
-0.4177 -0.000000
-0.4107 -0.000000
-0.4022 -0.000000
-0.3925 -0.000000
-0.3818 -0.000000
-0.3704 -0.000000
-0.3584 -0.000000
-0.3461 -0.000000
-0.3337 -0.000000
-0.3213 -0.000000
-0.3089 -0.000000
-0.2968 -0.000000
-0.2889 -0.026382
-0.2822 -0.027214
-0.2760 -0.027998
-0.2753 -0.056187
-0.2774 -0.055662
-0.2817 -0.054594
-0.2880 -0.053026
-0.2957 -0.051091
-0.3055 -0.072998
-0.3182 -0.068204
-0.3297 -0.063918
-0.3395 -0.060218
-0.3478 -0.057107
-0.3546 -0.054547
-0.3601 -0.052489
-0.3644 -0.050882
-0.3676 -0.049679
-0.3698 -0.048829
-0.3713 -0.048284
-0.3719 -0.046392
-0.3715 -0.042643
-0.3699 -0.038733
-0.3674 -0.035704
-0.3642 -0.033332
-0.3605 -0.031464
-0.3565 -0.028993
-0.3518 -0.025006
-0.3465 -0.021624
-0.3409 -0.018721
-0.3350 -0.016211
-0.3290 -0.014032
-0.3229 -0.012137
-0.3167 -0.010489
-0.3105 -0.009057
-0.3043 -0.007813
-0.2980 -0.006734
-0.2917 -0.005800
-0.2853 -0.004992
-0.2788 -0.004295
-0.2721 -0.003695
-0.2653 -0.003178
-0.2583 -0.002733
-0.2510 -0.002352
-0.2433 -0.002025
-0.2351 -0.001745
-0.2263 -0.001505
-0.2167 -0.001301
-0.2061 -0.001128
-0.1940 -0.000980
-0.1800 -0.000856
-0.1633 -0.000752
-0.1427 -0.000667
-0.1156 -0.000599
-0.0777 -0.000549
-0.0194 -0.000522
0.0705 -0.000517
0.1743 -0.000511
0.2553 -0.000478
0.3030 -0.000425
0.3220 -0.000363
0.3206 -0.000303
0.3066 -0.000249
0.2860 -0.000202
0.2627 -0.000164
0.2389 -0.000133
0.2158 -0.000107
0.1939 -0.000087
0.1731 -0.000070
0.1534 -0.000057
0.1343 -0.000046
0.1157 -0.000038
0.0971 -0.000030
0.0778 -0.000025
0.0567 -0.000020
0.0323 -0.000016
0.0016 -0.000012
-0.0398 -0.000010
-0.0963 -0.000007
-0.1652 -0.000005
-0.2340 -0.000003
-0.2923 -0.000002
-0.3379 -0.000001
-0.3719 -0.000001
-0.3966 -0.000001
-0.4140 -0.000000
-0.4257 -0.000000
-0.4328 -0.000000
-0.4365 -0.000000
-0.4373 -0.000000
-0.4359 -0.000000
-0.4327 -0.000000
-0.4283 -0.000000
-0.4230 -0.000000
-0.4172 -0.000000
-0.4112 -0.000000
-0.4051 -0.000000
-0.3990 -0.000000
-0.3930 -0.000000
-0.3871 -0.000000
-0.3812 -0.000000
-0.3752 -0.000000
-0.3692 -0.000000
-0.3629 -0.000000
-0.3564 -0.000000
-0.3497 -0.000000
-0.3427 -0.000000
-0.3355 -0.000000
-0.3282 -0.000000
-0.3207 -0.000000
-0.3157 -0.023029
-0.3125 -0.023435
-0.3090 -0.023866
-0.3055 -0.024310
-0.3020 -0.024744
-0.3003 -0.049929
-0.3027 -0.049324
-0.3056 -0.048609
-0.3089 -0.047795
-0.3124 -0.046908
-0.3161 -0.045978
-0.3199 -0.045039
-0.3235 -0.044135
-0.3268 -0.043305
-0.3297 -0.042579
-0.3321 -0.041975
-0.3340 -0.041500
-0.3354 -0.041153
-0.3363 -0.040933
-0.3366 -0.039890
-0.3361 -0.036644
-0.3346 -0.034157
-0.3323 -0.032258
-0.3294 -0.030823
-0.3258 -0.027207
-0.3213 -0.023248
-0.3159 -0.019937
-0.3100 -0.017131
-0.3039 -0.014729
-0.3019 -0.037160
-0.2999 -0.035425
-0.2978 -0.034043
-0.2955 -0.032948
-0.2931 -0.032085
-0.2907 -0.031410
-0.2883 -0.030884
-0.2859 -0.030475
-0.2837 -0.030161
-0.2816 -0.029928
-0.2796 -0.029767
-0.2775 -0.029673
-0.2753 -0.029647
-0.2730 -0.029688
-0.2704 -0.029800
-0.2676 -0.029986
-0.2643 -0.028802
-0.2598 -0.024503
-0.2542 -0.020944
-0.2474 -0.017970
-0.2397 -0.015462
-0.2312 -0.013335
-0.2219 -0.011521
-0.2118 -0.009970
-0.2008 -0.008643
-0.1888 -0.007509
-0.1752 -0.006543
-0.1596 -0.005726
-0.1409 -0.005044
-0.1174 -0.004488
-0.0856 -0.004058
-0.0389 -0.003770
0.0334 -0.003640
0.1282 -0.003580
0.2134 -0.003397
0.2699 -0.003063
0.2984 -0.002653
0.3054 -0.002236
0.2982 -0.001851
0.2826 -0.001515
0.2627 -0.001233
0.2412 -0.001001
0.2196 -0.000811
0.1985 -0.000658
0.1782 -0.000533
0.1587 -0.000433
0.1398 -0.000351
0.1212 -0.000285
0.1026 -0.000230
0.0832 -0.000186
0.0623 -0.000150
0.0385 -0.000120
0.0094 -0.000095
-0.0289 -0.000073
-0.0811 -0.000054
-0.1469 -0.000038
-0.2157 -0.000026
-0.2758 -0.000017
-0.3231 -0.000011
-0.3585 -0.000007
-0.3840 -0.000005
-0.4017 -0.000004
-0.4133 -0.000003
-0.4202 -0.000002
-0.4235 -0.000002
-0.4242 -0.009475
-0.4241 -0.009483
-0.4220 -0.009741
-0.4185 -0.010187
-0.4139 -0.010753
-0.4091 -0.011358
-0.4046 -0.011925
-0.4007 -0.012410
-0.3975 -0.012808
-0.3949 -0.013135
-0.3927 -0.013415
-0.3906 -0.013675
-0.3885 -0.013937
-0.3862 -0.014217
-0.3838 -0.014523
-0.3811 -0.014860
-0.3782 -0.015226
-0.3767 -0.030831
-0.3760 -0.031002
-0.3748 -0.031298
-0.3730 -0.029320
-0.3706 -0.027511
-0.3677 -0.026112
-0.3646 -0.025026
-0.3614 -0.024188
-0.3580 -0.023555
-0.3546 -0.023092
-0.3511 -0.022772
-0.3476 -0.022574
-0.3442 -0.041921
-0.3442 -0.041404
-0.3437 -0.041105
-0.3428 -0.040991
-0.3416 -0.041021
-0.3401 -0.041143
-0.3387 -0.041311
-0.3371 -0.039128
-0.3350 -0.036483
-0.3326 -0.034363
-0.3299 -0.032665
-0.3269 -0.031311
-0.3238 -0.030243
-0.3206 -0.029414
-0.3173 -0.028787
-0.3138 -0.028331
-0.3102 -0.028022
-0.3066 -0.027839
-0.3028 -0.027765
-0.2985 -0.023766
-0.2933 -0.020355
-0.2874 -0.017486
-0.2807 -0.015059
-0.2734 -0.012998
-0.2653 -0.011239
-0.2567 -0.009732
-0.2474 -0.008436
-0.2376 -0.007319
-0.2272 -0.006355
-0.2162 -0.005521
-0.2057 -0.041558
-0.2011 -0.041419
-0.1963 -0.041393
-0.1917 -0.041451
-0.1874 -0.041543
-0.1839 -0.041591
-0.1817 -0.041542
-0.1808 -0.041372
-0.1812 -0.041075
-0.1830 -0.040652
-0.1859 -0.040107
-0.1900 -0.039447
-0.1952 -0.038680
-0.2012 -0.037823
-0.2079 -0.036899
-0.2151 -0.035937
-0.2223 -0.034973
-0.2294 -0.034038
-0.2361 -0.033164
-0.2421 -0.032379
-0.2473 -0.031703
-0.2515 -0.031153
-0.2545 -0.027716
-0.2556 -0.023045
-0.2549 -0.019300
-0.2528 -0.016258
-0.2495 -0.013755
-0.2455 -0.011670
-0.2411 -0.009916
-0.2365 -0.008427
-0.2321 -0.007156
-0.2280 -0.006068
-0.2243 -0.005137
-0.2210 -0.004341
-0.2182 -0.003662
-0.2158 -0.003084
-0.2139 -0.002593
-0.2123 -0.002177
-0.2111 -0.001826
-0.2101 -0.001530
-0.2093 -0.001281
-0.2087 -0.001072
-0.2083 -0.000897
-0.2080 -0.000750
-0.2079 -0.000627
-0.2079 -0.000523
-0.2143 -0.036147
-0.2220 -0.035109
-0.2296 -0.034094
-0.2369 -0.033128
-0.2438 -0.032226
-0.2502 -0.031390
-0.2561 -0.030616
-0.2617 -0.029896
-0.2669 -0.029226
-0.2717 -0.028605
-0.2762 -0.028037
-0.2802 -0.027529
-0.2836 -0.027090
-0.2865 -0.026727
-0.2886 -0.026448
-0.2901 -0.026256
-0.2909 -0.026155
-0.2910 -0.026144
-0.2903 -0.026224
-0.2889 -0.026391
-0.2868 -0.024562
-0.2833 -0.020644
-0.2783 -0.017456
-0.2721 -0.014835
-0.2648 -0.012663
-0.2562 -0.010852
-0.2463 -0.009335
-0.2352 -0.008057
-0.2226 -0.006978
-0.2084 -0.006064
-0.1923 -0.005290
-0.1740 -0.004635
-0.1532 -0.047415
-0.1372 -0.048858
-0.1179 -0.050803
-0.0939 -0.053426
-0.0753 -0.108447
-0.0532 -0.113671
-0.0332 -0.176734
-0.0156 -0.183088
0.0044 -0.190371
0.0268 -0.198583
0.0504 -0.207274
0.0727 -0.215523
0.0910 -0.222285
0.1035 -0.226859
0.1095 -0.229051
0.1096 -0.229033
0.1047 -0.227125
0.0962 -0.214803
0.0866 -0.192015
0.0775 -0.169760
0.0681 -0.151183
0.0579 -0.135481
0.0460 -0.122005
0.0317 -0.110186
0.0136 -0.099477
-0.0101 -0.082791
-0.0406 -0.064847
-0.0811 -0.049394
-0.1322 -0.036235
-0.1882 -0.025657
-0.2409 -0.017808
-0.2853 -0.012323
-0.3204 -0.008608
-0.3471 -0.006121
-0.3667 -0.004455
-0.3806 -0.003331
-0.3901 -0.002560
-0.3961 -0.002020
-0.3996 -0.001631
-0.4010 -0.001342
-0.4011 -0.001119
-0.4002 -0.000944
-0.3984 -0.000802
-0.3961 -0.000685
-0.3933 -0.000588
-0.3900 -0.000506
-0.3864 -0.000436
-0.3825 -0.000377
-0.3783 -0.000326
-0.3738 -0.000282
-0.3690 -0.000245
-0.3638 -0.000212
-0.3584 -0.000184
-0.3528 -0.000160
-0.3471 -0.000139
-0.3415 -0.000120
-0.3359 -0.000104
-0.3305 -0.000090
-0.3251 -0.000077
-0.3198 -0.000066
-0.3146 -0.000057
-0.3094 -0.000049
-0.3043 -0.000042
-0.2993 -0.000036
-0.2946 -0.000031
-0.2901 -0.000026
-0.2857 -0.000022
-0.2813 -0.000019
-0.2769 -0.000016
-0.2723 -0.000014
-0.2677 -0.000012
-0.2629 -0.000010
-0.2578 -0.000009
-0.2523 -0.000007
-0.2464 -0.000006
-0.2399 -0.000005
-0.2328 -0.000005
-0.2248 -0.000004
-0.2158 -0.000003
-0.2056 -0.000003
-0.1938 -0.000003
-0.1800 -0.000002
-0.1719 -0.041000
-0.1624 -0.042188
-0.1507 -0.043653
-0.1361 -0.045474
-0.1179 -0.047734
-0.0954 -0.050540
-0.0665 -0.054145
-0.0269 -0.059075
0.0289 -0.066037
0.0988 -0.074758
0.1640 -0.082928
0.2097 -0.088665
0.2345 -0.091790
0.2426 -0.092827
0.2391 -0.092398
0.2281 -0.091032
0.2128 -0.089120
0.1952 -0.086928
0.1769 -0.079634
0.1601 -0.064213
0.1450 -0.051873
0.1308 -0.041947
0.1172 -0.033936
0.1040 -0.027454
0.0906 -0.022199
0.0770 -0.017931
0.0627 -0.014457
0.0470 -0.011622
0.0292 -0.009297
0.0078 -0.007376
-0.0196 -0.005771
-0.0562 -0.004409
-0.1045 -0.003250
-0.1615 -0.002301
-0.2182 -0.001584
-0.2673 -0.001081
-0.3063 -0.000744
-0.3358 -0.000521
-0.3575 -0.000374
-0.3731 -0.000275
-0.3843 -0.000208
-0.3922 -0.000160
-0.3977 -0.000125
-0.4014 -0.000100
-0.4037 -0.000081
-0.4048 -0.000066
-0.4049 -0.000054
-0.4041 -0.000045
-0.4026 -0.000038
-0.4004 -0.000032
-0.3975 -0.000027
-0.3943 -0.000023
-0.3931 -0.013378
-0.3916 -0.013566
-0.3898 -0.013790
-0.3878 -0.014034
-0.3858 -0.014284
-0.3838 -0.014527
-0.3819 -0.014761
-0.3801 -0.014993
-0.3782 -0.015231
-0.3761 -0.015485
-0.3739 -0.015760
-0.3715 -0.016061
-0.3689 -0.016390
-0.3660 -0.016748
-0.3629 -0.017134
-0.3596 -0.017545
-0.3561 -0.017981
-0.3523 -0.016071
-0.3477 -0.013831
-0.3427 -0.011935
-0.3372 -0.010315
-0.3314 -0.008921
-0.3254 -0.007717
-0.3191 -0.006674
-0.3128 -0.005770
-0.3063 -0.004985
-0.2997 -0.004306
-0.2929 -0.003718
-0.2859 -0.003209
-0.2787 -0.002771
-0.2711 -0.002393
-0.2633 -0.002067
-0.2553 -0.001785
-0.2473 -0.001539
-0.2394 -0.001326
-0.2317 -0.001140
-0.2242 -0.000979
-0.2168 -0.000839
-0.2095 -0.000719
-0.2020 -0.000616
-0.1943 -0.000528
-0.1860 -0.000452
-0.1769 -0.000389
-0.1663 -0.000335
-0.1536 -0.000291
-0.1378 -0.000254
-0.1171 -0.000224
-0.0962 -0.050650
-0.0698 -0.053906
-0.0296 -0.058900
0.0325 -0.066626
0.1133 -0.076705
0.1870 -0.085929
0.2357 -0.092038
0.2590 -0.094961
0.2628 -0.095444
0.2540 -0.094334
0.2379 -0.092319
0.2184 -0.089868
0.1976 -0.087261
0.1766 -0.084639
0.1561 -0.082058
0.1358 -0.079524
0.1157 -0.077010
0.0954 -0.074462
0.0740 -0.071795
0.0509 -0.062657
0.0260 -0.049463
-0.0035 -0.038611
-0.0415 -0.029488
-0.0919 -0.021708
-0.1533 -0.015257
-0.2159 -0.010339
-0.2706 -0.006904
-0.3141 -0.004625
-0.3470 -0.003146
-0.3711 -0.002192
-0.3880 -0.001573
-0.3993 -0.001170
-0.4059 -0.000903
-0.4088 -0.000723
-0.4086 -0.000600
-0.4056 -0.000512
-0.4002 -0.000447
-0.3927 -0.000397
-0.3834 -0.000357
-0.3739 -0.016073
-0.3651 -0.017134
-0.3557 -0.018278
-0.3469 -0.019349
-0.3404 -0.020134
-0.3369 -0.020549
-0.3359 -0.020641
-0.3368 -0.020508
-0.3387 -0.020249
-0.3411 -0.019943
-0.3433 -0.019645
-0.3453 -0.019388
-0.3468 -0.019188
-0.3478 -0.019055
-0.3483 -0.018994
-0.3481 -0.019010
-0.3473 -0.019106
-0.3458 -0.019284
-0.3437 -0.019542
-0.3410 -0.019879
-0.3377 -0.020294
-0.3337 -0.019172
-0.3286 -0.016500
-0.3226 -0.014260
-0.3161 -0.012348
-0.3093 -0.010692
-0.3025 -0.009248
-0.2959 -0.007983
-0.2895 -0.006875
-0.2834 -0.005908
-0.2776 -0.005067
-0.2719 -0.004339
-0.2664 -0.003711
-0.2609 -0.003172
-0.2554 -0.002711
-0.2497 -0.002316
-0.2439 -0.001980
-0.2379 -0.001692
-0.2319 -0.001445
-0.2258 -0.001234
-0.2199 -0.001053
-0.2139 -0.000898
-0.2081 -0.000765
-0.2023 -0.000652
-0.1966 -0.000555
-0.1907 -0.000472
-0.1847 -0.000402
-0.1784 -0.000343
-0.1718 -0.000292
-0.1646 -0.000249
-0.1567 -0.000213
-0.1477 -0.000183
-0.1372 -0.000157
-0.1247 -0.000136
-0.1093 -0.000118
-0.0893 -0.000103
-0.0617 -0.000092
-0.0210 -0.000084
0.0395 -0.000079
0.1159 -0.000075
0.1855 -0.000070
0.2334 -0.000063
0.2594 -0.000054
0.2682 -0.000046
0.2649 -0.000038
0.2540 -0.000031
0.2386 -0.000026
0.2210 -0.000021
0.1934 -0.086732
0.1629 -0.082907
0.1357 -0.079504
0.1102 -0.076317
0.0850 -0.073158
0.0581 -0.069807
0.0272 -0.065943
-0.0121 -0.061052
-0.0653 -0.054415
-0.1346 -0.045765
-0.2094 -0.036417
-0.2754 -0.028152
-0.3273 -0.021643
-0.3660 -0.016793
-0.3939 -0.013291
-0.4135 -0.010831
-0.4268 -0.009163
-0.4353 -0.008092
-0.4403 -0.007470
-0.4425 -0.007185
-0.4427 -0.006141
-0.4412 -0.005211
-0.4384 -0.004509
-0.4348 -0.003946
-0.4306 -0.003475
-0.4259 -0.003067
-0.4208 -0.002708
-0.4155 -0.002389
-0.4100 -0.002104
-0.4043 -0.001850
-0.3984 -0.001624
-0.3923 -0.001424
-0.3859 -0.001247
-0.3793 -0.001091
-0.3723 -0.000955
-0.3649 -0.000835
-0.3570 -0.000730
-0.3487 -0.000639
-0.3397 -0.000560
-0.3301 -0.000491
-0.3197 -0.000430
-0.3111 -0.023979
-0.3034 -0.024887
-0.2948 -0.025919
-0.2857 -0.027018
-0.2770 -0.028069
-0.2697 -0.028952
-0.2643 -0.029601
-0.2609 -0.030004
-0.2594 -0.030183
-0.2593 -0.030176
-0.2604 -0.030027
-0.2623 -0.029778
-0.2647 -0.029468
-0.2673 -0.029128
-0.2737 -0.056627
-0.2812 -0.054745
-0.2876 -0.053124
-0.2930 -0.051774
-0.2975 -0.050008
-0.3010 -0.045138
-0.3037 -0.041248
-0.3057 -0.038101
-0.3072 -0.035537
-0.3084 -0.033437
-0.3094 -0.031710
-0.3102 -0.030289
-0.3110 -0.052722
-0.3157 -0.050532
-0.3196 -0.048750
-0.3227 -0.047324
-0.3250 -0.046209
-0.3267 -0.045349
-0.3280 -0.044688
-0.3289 -0.044183
-0.3294 -0.042337
-0.3291 -0.038937
-0.3281 -0.036252
-0.3265 -0.034121
-0.3246 -0.032427
-0.3224 -0.031080
-0.3200 -0.030015
-0.3174 -0.029185
-0.3147 -0.028552
-0.3119 -0.028084
-0.3090 -0.027755
-0.3060 -0.027543
-0.3031 -0.052013
-0.3047 -0.051146
-0.3056 -0.048218
-0.3056 -0.044286
-0.3047 -0.041180
-0.3032 -0.038706
-0.3014 -0.036712
-0.2995 -0.035085
-0.2976 -0.033742
-0.2959 -0.032626
-0.2943 -0.031697
-0.2929 -0.030926
-0.2915 -0.030292
-0.2902 -0.029780
-0.2889 -0.029377
-0.2875 -0.029073
-0.2860 -0.028858
-0.2844 -0.028724
-0.2827 -0.028664
-0.2807 -0.028671
-0.2786 -0.028740
-0.2758 -0.024202
-0.2720 -0.020359
-0.2673 -0.017185
-0.2618 -0.014545
-0.2558 -0.012334
-0.2494 -0.010469
-0.2428 -0.008890
-0.2360 -0.007546
-0.2293 -0.006401
-0.2226 -0.005425
-0.2161 -0.004593
-0.2096 -0.003886
-0.2031 -0.003286
-0.1967 -0.002777
-0.1900 -0.002348
-0.1830 -0.001986
-0.1755 -0.001681
-0.1672 -0.001426
-0.1580 -0.001212
-0.1521 -0.044505
-0.1504 -0.044550
-0.1488 -0.044597
-0.1476 -0.044635
-0.1468 -0.044636
-0.1468 -0.044552
-0.1480 -0.044335
-0.1507 -0.043944
-0.1550 -0.043348
-0.1613 -0.042530
-0.1693 -0.041490
-0.1791 -0.040246
-0.1901 -0.038842
-0.2020 -0.037338
-0.2141 -0.035806
-0.2259 -0.034319
-0.2369 -0.032932
-0.2468 -0.031686
-0.2554 -0.029206
-0.2620 -0.023736
-0.2665 -0.019446
-0.2692 -0.016046
-0.2705 -0.013325
-0.2738 -0.039250
-0.2778 -0.036774
-0.2804 -0.034886
-0.2819 -0.033432
-0.2832 -0.032220
-0.2850 -0.031115
-0.2875 -0.030063
-0.2906 -0.029062
-0.2939 -0.028128
-0.2973 -0.027279
-0.3006 -0.026527
-0.3035 -0.025879
-0.3096 -0.048692
-0.3156 -0.046981
-0.3204 -0.045610
-0.3241 -0.044560
-0.3267 -0.043796
-0.3285 -0.043263
-0.3297 -0.042912
-0.3303 -0.042703
-0.3305 -0.042607
-0.3302 -0.040557
-0.3292 -0.037601
-0.3274 -0.035275
-0.3252 -0.033443
-0.3225 -0.032009
-0.3195 -0.030906
-0.3161 -0.030084
-0.3123 -0.029509
-0.3081 -0.029155
-0.3033 -0.029002
-0.2980 -0.029035
-0.2920 -0.027710
-0.2846 -0.023962
-0.2757 -0.020835
-0.2656 -0.018190
-0.2543 -0.015920
-0.2423 -0.013946
-0.2298 -0.012213
-0.2169 -0.010685
-0.2037 -0.009339
-0.1902 -0.008156
-0.1759 -0.007125
-0.1605 -0.006233
-0.1431 -0.005471
-0.1225 -0.004834
-0.0960 -0.004319
-0.0592 -0.003935
-0.0035 -0.003700
0.0778 -0.003595
0.1668 -0.003466
0.2352 -0.003193
0.2762 -0.002816
0.2940 -0.002406
0.2951 -0.002013
0.2853 -0.001661
0.2693 -0.001359
0.2501 -0.001106
0.2296 -0.000899
0.2091 -0.000729
0.1890 -0.000592
0.1696 -0.000480
0.1507 -0.000390
0.1322 -0.000316
0.1137 -0.000256
0.0947 -0.000208
0.0745 -0.000167
0.0518 -0.000134
0.0247 -0.000107
-0.0102 -0.000083
-0.0580 -0.000063
-0.1217 -0.000045
-0.1939 -0.000030
-0.2605 -0.000020
-0.3145 -0.000013
-0.3555 -0.000008
-0.3856 -0.000006
-0.4070 -0.000004
-0.4217 -0.000003
-0.4314 -0.000002
-0.4374 -0.000001
-0.4406 -0.000001
-0.4420 -0.000001
-0.4419 -0.000001
-0.4407 -0.000001
-0.4387 -0.000001
-0.4360 -0.000001
-0.4326 -0.000000
-0.4288 -0.000000
-0.4244 -0.000000
-0.4196 -0.000000
-0.4144 -0.000000
-0.4087 -0.000000
-0.4026 -0.000000
-0.3960 -0.000000
-0.3889 -0.000000
-0.3813 -0.000000
-0.3731 -0.000000
-0.3643 -0.000000
-0.3547 -0.000000
-0.3443 -0.000000
-0.3331 -0.000000
-0.3207 -0.000000
-0.3073 -0.000000
-0.2926 -0.000000
-0.2765 -0.000000
-0.2589 -0.000000
-0.2396 -0.000000
-0.2183 -0.000000
-0.1943 -0.000000
-0.1664 -0.000000
-0.1321 -0.000000
-0.0877 -0.051486
-0.0332 -0.058263
0.0492 -0.137084
0.1339 -0.158277
0.2003 -0.174958
0.2369 -0.184162
0.2397 -0.277443
0.2214 -0.270604
0.1978 -0.261770
0.1722 -0.252182
0.1462 -0.242418
0.1200 -0.232585
0.0929 -0.222454
0.0637 -0.211488
0.0295 -0.198709
-0.0141 -0.182416
-0.0732 -0.160298
-0.1482 -0.132230
-0.2248 -0.103471
-0.2892 -0.079267
-0.3377 -0.058154
-0.3722 -0.043517
-0.3959 -0.033901
-0.4114 -0.027721
-0.4208 -0.022438
-0.4255 -0.019171
-0.4265 -0.017292
-0.4248 -0.015902
-0.4208 -0.013984
-0.4150 -0.012540
-0.4078 -0.011354
-0.3999 -0.010298
-0.3917 -0.009307
-0.3835 -0.008358
-0.3757 -0.007451
-0.3682 -0.006596
-0.3612 -0.005801
-0.3546 -0.005076
-0.3484 -0.004421
-0.3424 -0.003837
-0.3367 -0.003320
-0.3313 -0.002866
-0.3260 -0.002468
-0.3209 -0.002121
-0.3161 -0.001819
-0.3116 -0.001557
-0.3074 -0.001329
-0.3035 -0.001132
-0.3000 -0.000962
-0.2968 -0.000817
-0.2937 -0.000692
-0.2908 -0.000586
-0.2879 -0.000496
-0.2850 -0.000420
-0.2820 -0.000356
-0.2788 -0.000302
