0.9337 52.4870
0.9326 45.6787
0.9314 39.7437
0.9299 34.5792
0.9283 30.0878
0.9264 26.1822
0.9242 22.7861
0.9218 19.8330
0.9190 17.2653
0.9157 15.0326
0.9121 13.0912
0.9079 11.4031
0.9032 9.9354
0.8978 8.6592
0.8918 7.5495
0.8849 6.5847
0.8772 5.7459
0.8686 5.0165
0.8589 4.3823
0.8482 3.8309
0.8362 3.3516
0.8230 2.9347
0.8086 2.5724
0.7928 2.2573
0.7757 1.9834
0.7573 1.7452
0.7377 1.5381
0.7170 1.3581
0.6953 1.2016
0.6729 1.0655
0.6499 0.9472
0.6266 0.8444
0.6033 0.7550
0.5802 0.6772
0.5577 0.6097
0.5359 0.5509
0.5151 0.4998
0.4954 0.4554
0.4770 0.4168
0.4599 0.3833
0.4443 0.3541
0.4300 0.3287
0.4170 0.3067
0.4054 0.2875
0.3949 0.2709
0.3857 0.2566
0.3780 0.2474
0.3783 0.2807
0.4452 0.8741
0.6410 6.1118
0.8073 20.7371
0.8954 41.4816
0.9301 61.5134
0.9397 78.3009
0.9403 90.6904
0.9389 96.8184
0.9376 95.6737
0.9367 88.8543
0.9361 79.4883
0.9354 69.8956
0.9347 61.0418
0.9338 53.1723
0.9327 46.2746
0.9315 40.2605
0.9301 35.0270
0.9284 30.4756
0.9266 26.5181
0.9244 23.0770
0.9220 20.0850
0.9192 17.4835
0.9161 15.2215
0.9124 13.2548
0.9083 11.5449
0.9037 10.0581
0.8984 8.7655
0.8924 7.6416
0.8856 6.6644
0.8780 5.8149
0.8694 5.0762
0.8598 4.4341
0.8491 3.8758
0.8373 3.3903
0.8242 2.9683
0.8099 2.6014
0.7942 2.2825
0.7772 2.0052
0.7589 1.7641
0.7394 1.5545
0.7188 1.3723
0.6972 1.2139
0.6748 1.0761
0.6518 0.9564
0.6285 0.8523
0.6052 0.7619
0.5821 0.6832
0.5595 0.6148
0.5376 0.5554
0.5167 0.5037
0.4970 0.4588
0.4784 0.4197
0.4613 0.3858
0.4455 0.3562
0.4310 0.3306
0.4180 0.3083
0.4062 0.2889
0.3957 0.2721
0.3864 0.2576
0.3785 0.2476
0.3775 0.2736
0.4363 0.7786
0.6288 5.6113
0.7998 19.7604
0.8921 40.4110
0.9290 60.6020
0.9395 77.5994
0.9404 90.2951
0.9390 96.8352
0.9377 96.0818
0.9368 89.4833
0.9361 80.1634
0.9355 70.5282
0.9347 61.6056
0.9338 53.6653
0.9328 46.7027
0.9316 40.6312
0.9302 35.3476
0.9286 30.7529
0.9267 26.7578
0.9246 23.2843
0.9222 20.2642
0.9194 17.6384
0.9163 15.3555
0.9127 13.3706
0.9086 11.6450
0.9040 10.1447
0.8987 8.8403
0.8927 7.7062
0.8860 6.7203
0.8785 5.8632
0.8699 5.1180
0.8604 4.4702
0.8498 3.9069
0.8380 3.4173
0.8250 2.9916
0.8108 2.6216
0.7951 2.2999
0.7782 2.0202
0.7600 1.7771
0.7406 1.5657
0.7200 1.3820
0.6984 1.2222
0.6761 1.0834
0.6531 0.9627
0.6298 0.8577
0.6065 0.7665
0.5834 0.6872
0.5607 0.6183
0.5388 0.5584
0.5178 0.5063
0.4980 0.4610
0.4794 0.4216
0.4621 0.3874
0.4463 0.3577
0.4318 0.3318
0.4186 0.3094
0.4068 0.2898
0.3962 0.2729
0.3868 0.2583
0.3788 0.2479
0.3771 0.2698
0.4313 0.7298
0.6217 5.3519
0.7955 19.2755
0.8903 39.8987
0.9285 60.1744
0.9394 77.2840
0.9405 90.1460
0.9391 96.9113
0.9378 96.3688
0.9368 89.8846
0.9361 80.5822
0.9355 70.9165
0.9347 61.9496
0.9339 53.9649
0.9328 46.9618
0.9316 40.8547
0.9302 35.5402
0.9286 30.9188
0.9268 26.9007
0.9247 23.4073
0.9223 20.3702
0.9195 17.7297
0.9164 15.4341
0.9128 13.4383
0.9088 11.7032
0.9041 10.1948
0.8989 8.8835
0.8930 7.7434
0.8863 6.7523
0.8787 5.8907
0.8703 5.1417
0.8608 4.4905
0.8502 3.9245
0.8385 3.4324
0.8255 3.0046
0.8112 2.6327
0.7957 2.3095
0.7788 2.0285
0.7606 1.7842
0.7412 1.5718
0.7206 1.3872
0.6991 1.2267
0.6767 1.0873
0.6538 0.9660
0.6305 0.8606
0.6072 0.7690
0.5840 0.6893
0.5613 0.6201
0.5394 0.5599
0.5184 0.5076
0.4985 0.4622
0.4799 0.4226
0.4626 0.3883
0.4467 0.3584
0.4321 0.3325
0.4190 0.3099
0.4071 0.2903
0.3965 0.2733
0.3870 0.2586
0.3790 0.2480
0.3769 0.2684
0.4298 0.7172
0.6200 5.3140
0.7946 19.2635
0.8899 39.9377
0.9284 60.2284
0.9395 77.3575
0.9405 90.2536
0.9391 97.0630
0.9378 96.5501
0.9368 90.0676
0.9361 80.7494
0.9355 71.0627
0.9348 62.0752
0.9339 54.0719
0.9328 47.0527
0.9316 40.9317
0.9302 35.6054
0.9286 30.9739
0.9268 26.9473
0.9247 23.4467
0.9223 20.4034
0.9196 17.7577
0.9164 15.4577
0.9129 13.4582
0.9088 11.7199
0.9042 10.2088
0.8990 8.8952
0.8930 7.7533
0.8863 6.7606
0.8788 5.8976
0.8703 5.1474
0.8609 4.4953
0.8503 3.9285
0.8386 3.4357
0.8256 3.0073
0.8113 2.6350
0.7958 2.3113
0.7789 2.0300
0.7607 1.7854
0.7413 1.5728
0.7208 1.3880
0.6992 1.2274
0.6768 1.0878
0.6539 0.9664
0.6306 0.8609
0.6072 0.7692
0.5841 0.6895
0.5614 0.6203
0.5395 0.5600
0.5184 0.5077
0.4985 0.4622
0.4799 0.4227
0.4626 0.3883
0.4467 0.3584
0.4321 0.3325
0.4190 0.3099
0.4071 0.2903
0.3965 0.2732
0.3870 0.2586
0.3790 0.2480
0.3770 0.2690
0.4314 0.7378
0.6234 5.4903
0.7970 19.7181
0.8911 40.5154
0.9289 60.7519
0.9396 77.8110
0.9405 90.6140
0.9391 97.2913
0.9378 96.6292
0.9368 90.0364
0.9361 80.6692
0.9355 70.9710
0.9347 61.9862
0.9339 53.9899
0.9328 46.9784
0.9316 40.8650
0.9302 35.5456
0.9286 30.9204
0.9268 26.8995
0.9247 23.4040
0.9223 20.3653
0.9195 17.7237
0.9164 15.4274
0.9128 13.4312
0.9087 11.6959
0.9041 10.1875
0.8989 8.8762
0.8929 7.7364
0.8862 6.7455
0.8787 5.8843
0.8702 5.1356
0.8607 4.4848
0.8501 3.9192
0.8383 3.4274
0.8253 3.0000
0.8111 2.6285
0.7955 2.3056
0.7786 2.0249
0.7604 1.7809
0.7409 1.5689
0.7203 1.3845
0.6988 1.2243
0.6764 1.0851
0.6534 0.9640
0.6301 0.8588
0.6067 0.7674
0.5836 0.6879
0.5609 0.6188
0.5390 0.5588
0.5180 0.5066
0.4981 0.4612
0.4795 0.4218
0.4622 0.3875
0.4463 0.3577
0.4318 0.3319
0.4186 0.3094
0.4068 0.2898
0.3962 0.2728
0.3868 0.2582
0.3788 0.2478
0.3773 0.2718
0.4364 0.7963
0.6319 5.8957
0.8026 20.6402
0.8937 41.6187
0.9298 61.7312
0.9398 78.6315
0.9405 91.2142
0.9391 97.5840
0.9377 96.5984
0.9368 89.7906
0.9361 80.3456
0.9355 70.6466
0.9347 61.6878
0.9338 53.7235
0.9328 46.7432
0.9316 40.6581
0.9302 35.3640
0.9286 30.7610
0.9267 26.7596
0.9246 23.2812
0.9222 20.2576
0.9194 17.6292
0.9163 15.3445
0.9127 13.3585
0.9086 11.6322
0.9039 10.1316
0.8987 8.8272
0.8927 7.6934
0.8859 6.7079
0.8783 5.8513
0.8698 5.1067
0.8603 4.4595
0.8496 3.8969
0.8378 3.4080
0.8248 2.9830
0.8104 2.6136
0.7948 2.2925
0.7778 2.0135
0.7595 1.7709
0.7400 1.5601
0.7194 1.3768
0.6978 1.2176
0.6753 1.0792
0.6524 0.9588
0.6290 0.8543
0.6057 0.7634
0.5825 0.6844
0.5599 0.6158
0.5379 0.5561
0.5170 0.5042
0.4972 0.4592
0.4786 0.4200
0.4614 0.3860
0.4456 0.3564
0.4311 0.3307
0.4180 0.3083
0.4062 0.2889
0.3957 0.2720
0.3863 0.2576
0.3785 0.2475
0.3779 0.2775
0.4453 0.9064
0.6452 6.5599
0.8111 22.0430
0.8976 43.2263
0.9311 63.1425
0.9401 79.7946
0.9405 92.0267
0.9390 97.9132
0.9377 96.4386
0.9368 89.3245
0.9361 79.7821
0.9354 70.0961
0.9347 61.1870
0.9338 53.2793
0.9327 46.3528
0.9315 40.3162
0.9301 35.0650
0.9285 30.4996
0.9266 26.5310
0.9245 23.0814
0.9220 20.0829
0.9192 17.4766
0.9160 15.2111
0.9124 13.2419
0.9083 11.5303
0.9036 10.0425
0.8983 8.7494
0.8923 7.6254
0.8855 6.6485
0.8778 5.7994
0.8692 5.0613
0.8596 4.4199
0.8489 3.8623
0.8370 3.3778
0.8238 2.9566
0.8094 2.5905
0.7937 2.2724
0.7766 1.9959
0.7582 1.7555
0.7386 1.5466
0.7179 1.3651
0.6962 1.2073
0.6738 1.0702
0.6507 0.9510
0.6274 0.8475
0.6040 0.7574
0.5809 0.6792
0.5583 0.6112
0.5364 0.5521
0.5155 0.5008
0.4958 0.4562
0.4773 0.4174
0.4602 0.3837
0.4445 0.3544
0.4301 0.3289
0.4171 0.3068
0.4054 0.2876
0.3950 0.2709
0.3857 0.2566
0.3780 0.2473
0.3790 0.2875
0.4588 1.0943
0.6630 7.5436
0.8219 23.9556
0.9024 45.3206
0.9326 64.9648
0.9403 81.2753
0.9404 93.0187
0.9389 98.2422
0.9376 96.1240
0.9367 88.6305
0.9360 78.9822
0.9354 69.3272
0.9346 60.4921
0.9337 52.6650
0.9326 45.8143
0.9314 39.8457
0.9300 34.6541
0.9283 30.1410
0.9264 26.2181
0.9243 22.8084
0.9218 19.8446
0.9190 17.2686
0.9158 15.0296
0.9121 13.0836
0.9079 11.3921
0.9032 9.9220
0.8978 8.6442
0.8917 7.5336
0.8848 6.5684
0.8771 5.7295
0.8684 5.0004
0.8587 4.3667
0.8479 3.8160
0.8359 3.3373
0.8226 2.9213
0.8080 2.5597
0.7922 2.2455
0.7750 1.9724
0.7565 1.7351
0.7368 1.5288
0.7160 1.3496
0.6942 1.1938
0.6717 1.0584
0.6486 0.9407
0.6252 0.8385
0.6018 0.7496
0.5787 0.6724
0.5562 0.6053
0.5344 0.5469
0.5136 0.4962
0.4940 0.4522
0.4756 0.4139
0.4586 0.3807
0.4430 0.3517
0.4288 0.3266
0.4159 0.3048
0.4043 0.2858
0.3940 0.2694
0.3848 0.2553
0.3774 0.2472
0.3811 0.3049
0.4781 1.4070
0.6847 8.9281
0.8346 26.3981
0.9078 47.8623
0.9343 67.1602
0.9406 83.0319
0.9403 94.1393
0.9387 98.5197
0.9375 95.6233
0.9366 87.7022
0.9360 77.9532
0.9353 68.3509
0.9345 59.6142
0.9336 51.8908
0.9325 45.1366
0.9312 39.2539
0.9298 34.1380
0.9281 29.6910
0.9262 25.8257
0.9240 22.4662
0.9215 19.5464
0.9186 17.0086
0.9154 14.8029
0.9117 12.8859
0.9074 11.2198
0.9026 9.7717
0.8972 8.5133
0.8910 7.4195
0.8840 6.4689
0.8762 5.6428
0.8674 4.9248
0.8575 4.3008
0.8466 3.7585
0.8344 3.2872
0.8210 2.8776
0.8063 2.5217
0.7903 2.2124
0.7729 1.9435
0.7543 1.7099
0.7345 1.5069
0.7135 1.3304
0.6916 1.1771
0.6690 1.0439
0.6459 0.9281
0.6225 0.8274
0.5991 0.7400
0.5761 0.6640
0.5536 0.5980
0.5319 0.5406
0.5112 0.4907
0.4917 0.4474
0.4735 0.4097
0.4567 0.3770
0.4412 0.3485
0.4272 0.3238
0.4145 0.3024
0.4030 0.2837
0.3928 0.2675
0.3838 0.2538
0.3768 0.2476
0.3849 0.3351
0.5037 1.9149
0.7096 10.8261
0.8485 29.4085
0.9134 50.8246
0.9360 69.6972
0.9408 85.0224
0.9401 95.3309
0.9385 98.6870
0.9373 94.9008
0.9365 86.5312
0.9359 76.7009
0.9352 67.1774
0.9344 58.5641
0.9335 50.9669
0.9324 44.3287
0.9311 38.5493
0.9296 33.5238
0.9279 29.1558
0.9259 25.3593
0.9237 22.0598
0.9211 19.1922
0.9182 16.7000
0.9149 14.5341
0.9111 12.6517
0.9068 11.0157
0.9019 9.5939
0.8964 8.3583
0.8901 7.2845
0.8830 6.3513
0.8751 5.5403
0.8661 4.8355
0.8561 4.2230
0.8450 3.6908
0.8327 3.2282
0.8191 2.8262
0.8042 2.4769
0.7880 2.1734
0.7705 1.9096
0.7517 1.6803
0.7316 1.4811
0.7106 1.3080
0.6885 1.1575
0.6658 1.0268
0.6426 0.9132
0.6192 0.8145
0.5959 0.7287
0.5729 0.6542
0.5505 0.5894
0.5289 0.5331
0.5084 0.4842
0.4891 0.4417
0.4711 0.4048
0.4544 0.3727
0.4392 0.3448
0.4253 0.3206
0.4128 0.2995
0.4015 0.2812
0.3915 0.2654
0.3826 0.2521
0.3762 0.2490
0.3916 0.3890
0.5359 2.7034
0.7369 13.3300
0.8629 32.9784
0.9191 54.1666
0.9376 72.5334
0.9409 87.1925
0.9399 96.5230
0.9383 98.6791
0.9372 93.9250
0.9364 85.1163
0.9358 75.2362
0.9351 65.8203
0.9343 57.3548
0.9333 49.9048
0.9322 43.4010
0.9309 37.7405
0.9293 32.8193
0.9276 28.5420
0.9256 24.8248
0.9233 21.5943
0.9207 18.7868
0.9178 16.3469
0.9144 14.2265
0.9105 12.3838
0.9061 10.7824
0.9011 9.3908
0.8955 8.1814
0.8891 7.1304
0.8818 6.2171
0.8737 5.4235
0.8646 4.7338
0.8545 4.1344
0.8432 3.6136
0.8306 3.1610
0.8168 2.7677
0.8017 2.4260
0.7853 2.1290
0.7676 1.8709
0.7486 1.6467
0.7284 1.4518
0.7071 1.2825
0.6850 1.1353
0.6621 1.0075
0.6389 0.8964
0.6155 0.7999
0.5921 0.7160
0.5692 0.6431
0.5469 0.5797
0.5255 0.5247
0.5052 0.4769
0.4861 0.4353
0.4683 0.3992
0.4518 0.3679
0.4368 0.3406
0.4231 0.3169
0.4108 0.2963
0.3998 0.2785
0.3899 0.2630
0.3813 0.2503
0.3758 0.2527
0.4034 0.4887
0.5741 3.8613
0.7656 16.4898
0.8772 37.0637
0.9244 57.8491
0.9389 75.6212
0.9409 89.4752
0.9396 97.6295
0.9381 98.4241
0.9370 92.6651
0.9363 83.4572
0.9357 73.5701
0.9350 64.2930
0.9341 55.9996
0.9331 48.7166
0.9320 42.3640
0.9306 36.8370
0.9291 32.0325
0.9273 27.8570
0.9252 24.2283
0.9229 21.0749
0.9202 18.3346
0.9172 15.9532
0.9137 13.8837
0.9098 12.0854
0.9053 10.5226
0.9002 9.1646
0.8944 7.9845
0.8878 6.9590
0.8805 6.0679
0.8722 5.2935
0.8629 4.6207
0.8525 4.0360
0.8410 3.5279
0.8283 3.0864
0.8142 2.7028
0.7989 2.3694
0.7822 2.0798
0.7642 1.8281
0.7450 1.6094
0.7246 1.4193
0.7031 1.2542
0.6809 1.1107
0.6579 0.9861
0.6346 0.8778
0.6112 0.7836
0.5879 0.7019
0.5651 0.6308
0.5429 0.5691
0.5217 0.5154
0.5016 0.4688
0.4827 0.4283
0.4651 0.3931
0.4489 0.3625
0.4342 0.3360
0.4208 0.3129
0.4087 0.2928
0.3978 0.2754
0.3882 0.2604
0.3799 0.2486
0.3761 0.2611
0.4233 0.6819
0.6165 5.4907
0.7944 20.3061
0.8907 41.5772
0.9291 61.8217
0.9399 78.9015
0.9408 91.7881
0.9393 98.5546
0.9379 97.8557
0.9369 91.1044
0.9362 81.5639
0.9355 71.7192
0.9348 62.6126
0.9339 54.5139
0.9329 47.4161
0.9317 41.2299
0.9303 35.8492
0.9287 31.1726
0.9269 27.1084
0.9248 23.5767
0.9224 20.5078
0.9197 17.8409
0.9165 15.5235
0.9130 13.5097
0.9089 11.7598
0.9043 10.2392
0.8991 8.9179
0.8932 7.7698
0.8865 6.7722
0.8789 5.9053
0.8704 5.1520
0.8609 4.4975
0.8503 3.9288
0.8386 3.4346
0.8256 3.0052
0.8113 2.6321
0.7957 2.3079
0.7787 2.0263
0.7605 1.7815
0.7410 1.5689
0.7203 1.3841
0.6987 1.2235
0.6763 1.0840
0.6532 0.9628
0.6299 0.8575
0.6064 0.7660
0.5832 0.6865
0.5605 0.6175
0.5385 0.5575
0.5175 0.5053
0.4976 0.4600
0.4790 0.4206
0.4617 0.3865
0.4458 0.3567
0.4313 0.3309
0.4182 0.3085
0.4063 0.2890
0.3958 0.2721
0.3864 0.2575
0.3784 0.2472
0.3779 0.2800
0.4547 1.0794
0.6616 7.7993
0.8222 24.8245
0.9030 46.4387
0.9331 66.0359
0.9406 82.3100
0.9405 94.0360
0.9389 99.1952
0.9376 96.9151
0.9367 89.2353
0.9361 79.4498
0.9354 69.7008
0.9346 60.7956
0.9337 52.9128
0.9327 46.0165
0.9314 40.0101
0.9300 34.7873
0.9284 30.2484
0.9265 26.3041
0.9243 22.8768
0.9218 19.8986
0.9190 17.3108
0.9158 15.0622
0.9121 13.1083
0.9080 11.4105
0.9032 9.9353
0.8979 8.6534
0.8918 7.5396
0.8849 6.5719
0.8771 5.7310
0.8684 5.0004
0.8587 4.3655
0.8478 3.8139
0.8358 3.3347
0.8225 2.9183
0.8079 2.5565
0.7920 2.2421
0.7748 1.9690
0.7562 1.7317
0.7365 1.5255
0.7156 1.3464
0.6938 1.1907
0.6712 1.0555
0.6480 0.9380
0.6246 0.8359
0.6012 0.7472
0.5781 0.6702
0.5555 0.6032
0.5337 0.5451
0.5129 0.4945
0.4933 0.4506
0.4749 0.4125
0.4580 0.3794
0.4424 0.3506
0.4282 0.3256
0.4154 0.3038
0.4038 0.2850
0.3935 0.2686
0.3844 0.2546
0.3770 0.2469
0.3829 0.3228
0.4991 1.8865
0.7075 11.0652
0.8481 30.0787
0.9136 51.5759
0.9363 70.4330
0.9410 85.7653
0.9402 96.1040
0.9386 99.4454
0.9374 95.5590
0.9366 87.0647
0.9359 77.1344
0.9352 67.5342
0.9344 58.8593
0.9335 51.2114
0.9324 44.5309
0.9311 38.7161
0.9296 33.6612
0.9279 29.2684
0.9260 25.4515
0.9238 22.1349
0.9212 19.2531
0.9183 16.7492
0.9150 14.5735
0.9112 12.6831
0.9069 11.0406
0.9020 9.6134
0.8965 8.3734
0.8902 7.2960
0.8831 6.3599
0.8751 5.5466
0.8662 4.8400
0.8562 4.2260
0.8451 3.6925
0.8327 3.2291
0.8191 2.8264
0.8042 2.4765
0.7880 2.1726
0.7704 1.9085
0.7516 1.6791
0.7315 1.4797
0.7104 1.3065
0.6883 1.1561
0.6656 1.0253
0.6423 0.9118
0.6189 0.8131
0.5955 0.7274
0.5725 0.6529
0.5501 0.5882
0.5285 0.5320
0.5080 0.4832
0.4887 0.4408
0.4706 0.4039
0.4540 0.3719
0.4388 0.3441
0.4249 0.3199
0.4124 0.2989
0.4012 0.2807
0.3911 0.2649
0.3823 0.2516
0.3759 0.2491
0.3949 0.4220
0.5538 3.3179
0.7521 15.4013
0.8711 35.9441
0.9224 56.9253
0.9386 74.9450
0.9411 89.1667
0.9398 97.8601
0.9382 99.2069
0.9371 93.7672
0.9364 84.6137
0.9358 74.6428
0.9350 65.2415
0.9342 56.8230
0.9332 49.4263
0.9321 42.9739
0.9308 37.3605
0.9292 32.4816
0.9275 28.2422
0.9254 24.5587
0.9231 21.3583
0.9205 18.5775
0.9175 16.1614
0.9141 14.0622
0.9102 12.2383
0.9057 10.6537
0.9006 9.2768
0.8949 8.0806
0.8884 7.0413
0.8811 6.1384
0.8729 5.3539
0.8637 4.6723
0.8534 4.0802
0.8420 3.5657
0.8293 3.1187
0.8154 2.7304
0.8001 2.3931
0.7835 2.1000
0.7656 1.8453
0.7464 1.6241
