-0.3902 0.008880
-0.3881 0.007303
-0.3855 0.005998
-0.3825 0.004920
-0.3790 0.004031
-0.3753 0.003300
-0.3712 0.002699
-0.3670 0.002206
-0.3625 0.001802
-0.3580 0.001471
-0.3533 0.001200
-0.3485 0.000979
-0.3438 0.000799
-0.3390 0.000651
-0.3342 0.000531
-0.3295 0.000433
-0.3249 0.000353
-0.3203 0.000287
-0.3159 0.000234
-0.3116 0.000191
-0.3075 0.000156
-0.3036 0.000127
-0.2999 0.000104
-0.2965 0.000085
-0.2935 0.000070
-0.2909 0.000057
-0.2888 0.000047
-0.2872 0.000038
-0.2864 0.000032
-0.2623 0.223321
-0.2230 0.189897
-0.1901 0.161849
-0.1610 0.137087
-0.1252 0.213693
-0.0775 0.132631
-0.0291 0.050400
0.0218 -0.036200
0.0695 -0.117377
0.1045 -0.177196
0.1171 -0.298699
0.1092 -0.278796
0.0985 -0.245676
0.0878 -0.207042
0.0752 -0.233110
0.0551 -0.165858
0.0387 -0.113509
0.0245 -0.066871
0.0115 -0.029573
-0.0014 0.002980
-0.0148 0.033296
-0.0290 0.062721
-0.0441 0.090797
-0.0609 0.112690
-0.0800 0.134088
-0.1009 0.154678
-0.1226 0.173587
-0.1452 0.175110
-0.1701 0.169655
-0.1962 0.161771
-0.2220 0.151406
-0.2467 0.139116
-0.2695 0.125702
-0.2903 0.111946
-0.3088 0.098475
-0.3251 0.085729
-0.3393 0.073980
-0.3515 0.063366
-0.3617 0.053929
-0.3703 0.045645
-0.3772 0.038448
-0.3827 0.032251
-0.3868 0.026953
-0.3897 0.022453
-0.3915 0.018650
-0.3923 0.015452
-0.3922 0.012774
-0.3914 0.010539
-0.3898 0.008680
-0.3877 0.007137
-0.3851 0.005861
-0.3819 0.004807
-0.3785 0.003938
-0.3747 0.003223
-0.3706 0.002636
-0.3663 0.002154
-0.3618 0.001760
-0.3572 0.001436
-0.3525 0.001172
-0.3478 0.000956
-0.3430 0.000779
-0.3382 0.000635
-0.3334 0.000518
-0.3287 0.000422
-0.3240 0.000344
-0.3194 0.000280
-0.3149 0.000229
-0.3106 0.000186
-0.3064 0.000152
-0.3024 0.000124
-0.2987 0.000101
-0.2952 0.000083
-0.2920 0.000068
-0.2892 0.000055
-0.2869 0.000045
-0.2851 0.000037
-0.2839 0.000031
-0.2792 0.237731
-0.2367 0.201496
-0.2015 0.171582
-0.1711 0.145663
-0.1432 0.121955
-0.0952 0.162705
-0.0475 0.081533
0.0029 -0.004041
0.0530 -0.089371
0.0936 -0.158621
0.1182 -0.301413
0.1123 -0.286661
0.1025 -0.261535
0.0916 -0.220883
0.0810 -0.185476
0.0614 -0.186921
0.0441 -0.130622
0.0292 -0.082113
0.0160 -0.042132
0.0033 -0.008303
-0.0099 0.022530
-0.0237 0.052054
-0.0384 0.081145
-0.0544 0.104282
-0.0726 0.125809
-0.0928 0.146732
-0.1144 0.166354
-0.1365 0.174888
-0.1609 0.170459
-0.1868 0.163730
-0.2130 0.154381
-0.2383 0.142815
-0.2619 0.129803
-0.2835 0.116167
-0.3028 0.102605
-0.3198 0.089628
-0.3347 0.077563
-0.3476 0.066593
-0.3585 0.056789
-0.3676 0.048148
-0.3750 0.040617
-0.3809 0.034114
-0.3855 0.028543
-0.3887 0.023800
-0.3909 0.019787
-0.3920 0.016407
-0.3922 0.013572
-0.3916 0.011204
-0.3902 0.009233
-0.3883 0.007595
-0.3858 0.006240
-0.3828 0.005119
-0.3794 0.004195
-0.3757 0.003435
-0.3717 0.002810
-0.3675 0.002297
-0.3631 0.001876
-0.3585 0.001532
-0.3539 0.001250
-0.3491 0.001020
-0.3444 0.000832
-0.3396 0.000678
-0.3348 0.000553
-0.3301 0.000451
-0.3254 0.000367
-0.3208 0.000299
-0.3163 0.000244
-0.3120 0.000199
-0.3078 0.000162
-0.3038 0.000132
-0.3000 0.000108
-0.2965 0.000088
-0.2933 0.000072
-0.2905 0.000059
-0.2882 0.000049
-0.2864 0.000040
-0.2852 0.000033
-0.2810 0.239245
-0.2382 0.202790
-0.2029 0.172756
-0.1724 0.146796
-0.1446 0.123117
-0.0970 0.165746
-0.0494 0.084800
0.0008 -0.000455
0.0510 -0.085948
0.0921 -0.156068
0.1177 -0.199820
0.1128 -0.287782
0.1029 -0.262776
0.0921 -0.222196
0.0815 -0.186731
0.0624 -0.190121
0.0449 -0.133121
0.0300 -0.084202
0.0167 -0.043856
0.0039 -0.009833
-0.0092 0.021109
-0.0231 0.050697
-0.0377 0.079838
-0.0537 0.103418
-0.0718 0.124977
-0.0920 0.145948
-0.1135 0.165653
-0.1355 0.175639
-0.1597 0.171169
-0.1855 0.164474
-0.2117 0.155185
-0.2370 0.143668
-0.2607 0.130676
-0.2823 0.117029
-0.3017 0.103430
-0.3189 0.090396
-0.3339 0.078264
-0.3468 0.067222
-0.3578 0.057346
-0.3670 0.048635
-0.3746 0.041039
-0.3806 0.034477
-0.3852 0.028852
-0.3885 0.024063
-0.3907 0.020009
-0.3919 0.016593
-0.3921 0.013728
-0.3916 0.011334
-0.3903 0.009340
-0.3883 0.007685
-0.3859 0.006313
-0.3829 0.005180
-0.3796 0.004246
-0.3759 0.003476
-0.3719 0.002844
-0.3677 0.002324
-0.3633 0.001899
-0.3587 0.001550
-0.3540 0.001265
-0.3493 0.001032
-0.3445 0.000842
-0.3397 0.000686
-0.3349 0.000559
-0.3301 0.000456
-0.3254 0.000372
-0.3208 0.000303
-0.3162 0.000247
-0.3118 0.000201
-0.3075 0.000164
-0.3034 0.000134
-0.2995 0.000109
-0.2958 0.000089
-0.2924 0.000073
-0.2894 0.000060
-0.2867 0.000049
-0.2846 0.000040
-0.2830 0.000033
-0.2820 0.000027
-0.2644 0.225094
-0.2245 0.191149
-0.1911 0.162701
-0.1616 0.137613
-0.1276 0.217755
-0.0796 0.136138
-0.0311 0.053710
0.0200 -0.033163
0.0682 -0.115135
0.1038 -0.176062
0.1166 -0.297573
0.1093 -0.278905
0.0987 -0.247842
0.0880 -0.208619
0.0747 -0.232493
0.0549 -0.165672
0.0387 -0.113634
0.0245 -0.067349
0.0116 -0.030039
-0.0011 0.002430
-0.0144 0.032588
-0.0285 0.061805
-0.0434 0.089405
-0.0601 0.111206
-0.0790 0.132519
-0.0998 0.153065
-0.1215 0.171999
-0.1443 0.172589
-0.1694 0.167632
-0.1957 0.160127
-0.2218 0.150047
-0.2466 0.137969
-0.2695 0.124717
-0.2904 0.111091
-0.3089 0.097728
-0.3252 0.085076
-0.3394 0.073410
-0.3515 0.062870
-0.3617 0.053499
-0.3702 0.045274
-0.3771 0.038131
-0.3825 0.031980
-0.3866 0.026723
-0.3894 0.022258
-0.3912 0.018486
-0.3919 0.015315
-0.3918 0.012659
-0.3909 0.010443
-0.3893 0.008600
-0.3872 0.007071
-0.3845 0.005806
-0.3814 0.004761
-0.3779 0.003901
-0.3740 0.003192
-0.3699 0.002611
-0.3656 0.002133
-0.3612 0.001742
-0.3566 0.001422
-0.3519 0.001160
-0.3471 0.000947
-0.3423 0.000772
-0.3375 0.000629
-0.3328 0.000513
-0.3280 0.000418
-0.3234 0.000341
-0.3188 0.000278
-0.3143 0.000226
-0.3100 0.000185
-0.3058 0.000151
-0.3018 0.000123
-0.2981 0.000100
-0.2946 0.000082
-0.2915 0.000067
-0.2887 0.000055
-0.2864 0.000045
-0.2846 0.000037
-0.2835 0.000030
-0.2760 0.234993
-0.2340 0.199236
-0.1992 0.169614
-0.1689 0.143844
-0.1411 0.120166
-0.0928 0.158614
-0.0450 0.077290
0.0055 -0.008540
0.0555 -0.093506
0.0954 -0.161567
0.1177 -0.300248
0.1118 -0.285183
0.1018 -0.259737
0.0910 -0.218859
0.0805 -0.183801
0.0605 -0.183857
0.0434 -0.128260
0.0286 -0.080190
0.0155 -0.040545
0.0027 -0.006919
-0.0104 0.023774
-0.0242 0.053191
-0.0389 0.082186
-0.0550 0.104798
-0.0732 0.126278
-0.0935 0.147145
-0.1151 0.166682
-0.1372 0.174518
-0.1616 0.170003
-0.1876 0.163178
-0.2138 0.153751
-0.2390 0.142138
-0.2625 0.129112
-0.2840 0.115491
-0.3032 0.101966
-0.3202 0.089037
-0.3350 0.077028
-0.3477 0.066116
-0.3585 0.056369
-0.3676 0.047783
-0.3749 0.040302
-0.3808 0.033844
-0.3853 0.028313
-0.3885 0.023605
-0.3906 0.019623
-0.3916 0.016269
-0.3918 0.013457
-0.3911 0.011108
-0.3898 0.009152
-0.3878 0.007529
-0.3853 0.006184
-0.3823 0.005074
-0.3789 0.004158
-0.3752 0.003404
-0.3711 0.002784
-0.3669 0.002276
-0.3625 0.001859
-0.3579 0.001518
-0.3532 0.001238
-0.3485 0.001010
-0.3437 0.000824
-0.3388 0.000671
-0.3340 0.000547
-0.3292 0.000446
-0.3244 0.000363
-0.3198 0.000296
-0.3151 0.000241
-0.3106 0.000197
-0.3062 0.000160
-0.3020 0.000131
-0.2979 0.000107
-0.2940 0.000087
-0.2903 0.000071
-0.2868 0.000058
-0.2837 0.000047
-0.2810 0.000039
-0.2787 0.000032
-0.2770 0.000026
-0.2758 0.000022
-0.2717 0.231330
-0.2301 0.195907
-0.1954 0.166364
-0.1649 0.140449
-0.1366 0.116388
-0.0891 0.152322
-0.0407 0.070033
0.0104 -0.016833
0.0602 -0.101542
0.0989 -0.167666
0.1157 -0.295014
0.1101 -0.281015
0.1004 -0.256367
0.0897 -0.216270
0.0773 -0.243134
0.0572 -0.174018
0.0408 -0.120965
0.0266 -0.074727
0.0138 -0.036195
0.0012 -0.003303
-0.0117 0.026824
-0.0253 0.055752
-0.0398 0.083281
-0.0560 0.105064
-0.0744 0.126344
-0.0947 0.147008
-0.1163 0.166325
-0.1389 0.169254
-0.1641 0.165372
-0.1907 0.158870
-0.2171 0.149617
-0.2424 0.138144
-0.2659 0.125287
-0.2871 0.111885
-0.3061 0.098623
-0.3227 0.085989
-0.3372 0.074289
-0.3496 0.063685
-0.3601 0.054236
-0.3687 0.045927
-0.3758 0.038702
-0.3814 0.032473
-0.3856 0.027146
-0.3885 0.022617
-0.3904 0.018790
-0.3912 0.015570
-0.3912 0.012873
-0.3904 0.010621
-0.3889 0.008748
-0.3868 0.007194
-0.3841 0.005907
-0.3810 0.004845
-0.3776 0.003970
-0.3738 0.003249
-0.3697 0.002657
-0.3654 0.002172
-0.3610 0.001774
-0.3564 0.001448
-0.3517 0.001181
-0.3469 0.000963
-0.3421 0.000786
-0.3373 0.000640
-0.3325 0.000522
-0.3276 0.000425
-0.3229 0.000346
-0.3182 0.000282
-0.3135 0.000230
-0.3089 0.000187
-0.3044 0.000153
-0.3001 0.000124
-0.2958 0.000101
-0.2917 0.000083
-0.2877 0.000067
-0.2839 0.000055
-0.2804 0.000045
-0.2770 0.000037
-0.2739 0.000030
-0.2712 0.000025
-0.2688 0.000020
-0.2669 0.000017
-0.2656 0.000014
-0.2649 0.000011
-0.2452 0.208788
-0.2079 0.176994
-0.1757 0.149617
-0.1464 0.124689
-0.1061 0.181148
-0.0576 0.098775
-0.0070 0.012782
0.0445 -0.074874
0.0881 -0.149191
0.1147 -0.292447
0.1118 -0.285208
0.1035 -0.264290
0.0926 -0.230599
0.0811 -0.260164
0.0603 -0.186819
0.0439 -0.131837
0.0296 -0.085471
0.0168 -0.045269
0.0046 -0.011717
-0.0079 0.018477
-0.0211 0.047114
-0.0350 0.075132
-0.0503 0.096925
-0.0678 0.117941
-0.0873 0.138498
-0.1083 0.158080
-0.1308 0.162864
-0.1562 0.160800
-0.1832 0.155988
-0.2104 0.148139
-0.2365 0.137711
-0.2608 0.125554
-0.2827 0.112575
-0.3023 0.099534
-0.3195 0.086985
-0.3344 0.075284
-0.3472 0.064628
-0.3580 0.055099
-0.3670 0.046699
-0.3742 0.039379
-0.3800 0.033061
-0.3843 0.027650
-0.3875 0.023047
-0.3894 0.019153
-0.3904 0.015875
-0.3904 0.013128
-0.3897 0.010834
-0.3883 0.008925
-0.3862 0.007340
-0.3836 0.006029
-0.3806 0.004945
-0.3772 0.004052
-0.3734 0.003317
-0.3694 0.002713
-0.3652 0.002217
-0.3608 0.001811
-0.3562 0.001479
-0.3515 0.001206
-0.3468 0.000984
-0.3420 0.000802
-0.3372 0.000654
-0.3324 0.000533
-0.3276 0.000434
-0.3229 0.000354
-0.3182 0.000288
-0.3136 0.000235
-0.3090 0.000192
-0.3046 0.000156
-0.3003 0.000127
-0.2961 0.000104
-0.2920 0.000085
-0.2882 0.000069
-0.2845 0.000056
-0.2810 0.000046
-0.2778 0.000038
-0.2750 0.000031
-0.2725 0.000025
-0.2705 0.000021
-0.2690 0.000017
-0.2682 0.000014
-0.2682 0.000012
-0.2273 0.193568
-0.1932 0.164533
-0.1633 0.139027
-0.1259 0.214908
-0.0774 0.132442
-0.0283 0.048969
0.0232 -0.038605
0.0710 -0.120030
0.1057 -0.179271
0.1162 -0.296535
0.1085 -0.276833
0.0975 -0.248258
0.0862 -0.206812
0.0674 -0.211327
0.0495 -0.150441
0.0344 -0.100770
0.0212 -0.057720
0.0088 -0.022501
-0.0038 0.008744
-0.0169 0.038066
-0.0308 0.066600
-0.0457 0.092201
-0.0624 0.113319
-0.0812 0.133974
-0.1018 0.153850
-0.1236 0.164353
-0.1481 0.162938
-0.1748 0.159031
-0.2021 0.152062
-0.2287 0.142288
-0.2536 0.130486
-0.2764 0.117580
-0.2968 0.104394
-0.3147 0.091550
-0.3304 0.079466
-0.3438 0.068386
-0.3553 0.058426
-0.3648 0.049608
-0.3726 0.041897
-0.3789 0.035222
-0.3837 0.029491
-0.3871 0.024606
-0.3895 0.020467
-0.3907 0.016977
-0.3910 0.014049
-0.3905 0.011601
-0.3893 0.009561
-0.3874 0.007867
-0.3850 0.006464
-0.3820 0.005304
-0.3787 0.004347
-0.3750 0.003559
-0.3710 0.002912
-0.3668 0.002380
-0.3624 0.001944
-0.3579 0.001587
-0.3532 0.001295
-0.3484 0.001057
-0.3437 0.000862
-0.3388 0.000702
-0.3340 0.000572
-0.3292 0.000467
-0.3245 0.000380
-0.3198 0.000310
-0.3152 0.000252
-0.3107 0.000206
-0.3063 0.000168
-0.3020 0.000137
-0.2979 0.000112
-0.2941 0.000091
-0.2904 0.000074
-0.2870 0.000061
-0.2840 0.000050
-0.2814 0.000041
-0.2792 0.000033
-0.2776 0.000027
-0.2767 0.000023
-0.2766 0.000019
-0.2378 0.202466
-0.2028 0.172670
-0.1727 0.147010
-0.1306 0.222830
-0.0822 0.140509
-0.0337 0.058058
0.0173 -0.028562
0.0656 -0.110766
0.1017 -0.172477
0.1217 -0.310607
0.1120 -0.285939
0.0999 -0.253831
0.0878 -0.210527
0.0704 -0.220596
0.0515 -0.156310
0.0358 -0.103295
0.0222 -0.059590
0.0093 -0.023595
-0.0037 0.008534
-0.0174 0.038829
-0.0319 0.068378
-0.0472 0.097065
-0.0641 0.118428
-0.0832 0.139254
-0.1039 0.159164
-0.1256 0.171091
-0.1498 0.168793
-0.1762 0.164142
-0.2032 0.156537
-0.2295 0.146222
-0.2543 0.133956
-0.2769 0.120643
-0.2973 0.107092
-0.3153 0.093919
-0.3310 0.081536
-0.3446 0.070184
-0.3561 0.059978
-0.3658 0.050940
-0.3737 0.043034
-0.3801 0.036188
-0.3850 0.030307
-0.3886 0.025293
-0.3910 0.021042
-0.3923 0.017457
-0.3927 0.014448
-0.3922 0.011931
-0.3910 0.009834
-0.3891 0.008092
-0.3867 0.006649
-0.3837 0.005455
-0.3803 0.004471
-0.3766 0.003661
-0.3726 0.002994
-0.3683 0.002447
-0.3639 0.001999
-0.3593 0.001632
-0.3546 0.001332
-0.3498 0.001086
-0.3449 0.000886
-0.3400 0.000722
-0.3352 0.000588
-0.3303 0.000479
-0.3256 0.000391
-0.3209 0.000318
-0.3163 0.000259
-0.3118 0.000211
-0.3075 0.000172
-0.3034 0.000141
-0.2995 0.000115
-0.2959 0.000094
-0.2926 0.000077
-0.2897 0.000063
-0.2873 0.000051
-0.2855 0.000042
-0.2843 0.000035
-0.2839 0.000029
-0.2521 0.214642
-0.2152 0.183193
-0.1840 0.156671
-0.1443 0.246131
-0.0952 0.162670
-0.0475 0.081516
0.0026 -0.003581
0.0523 -0.088063
0.0924 -0.156504
0.1170 -0.198602
0.1175 -0.299944
0.1047 -0.267258
0.0919 -0.222017
0.0786 -0.247383
0.0575 -0.175206
0.0406 -0.118170
0.0262 -0.070988
0.0129 -0.032865
-0.0004 0.000688
-0.0143 0.032097
-0.0291 0.062615
-0.0447 0.092831
-0.0614 0.117433
-0.0802 0.138629
-0.1008 0.158961
-0.1224 0.177580
-0.1455 0.175386
-0.1711 0.170539
-0.1977 0.162961
-0.2240 0.152681
-0.2490 0.140339
-0.2720 0.126805
-0.2929 0.112903
-0.3115 0.099286
-0.3278 0.086406
-0.3420 0.074538
-0.3542 0.063822
-0.3644 0.054297
-0.3729 0.045940
-0.3797 0.038684
-0.3851 0.032437
-0.3891 0.027099
-0.3919 0.022566
-0.3935 0.018737
-0.3942 0.015519
-0.3940 0.012824
-0.3929 0.010576
-0.3912 0.008707
-0.3889 0.007156
-0.3861 0.005874
-0.3828 0.004816
-0.3792 0.003944
-0.3752 0.003226
-0.3710 0.002638
-0.3665 0.002155
-0.3619 0.001759
-0.3571 0.001435
-0.3523 0.001171
-0.3474 0.000954
-0.3425 0.000778
-0.3376 0.000634
-0.3327 0.000517
-0.3279 0.000421
-0.3231 0.000343
-0.3185 0.000280
-0.3140 0.000228
-0.3097 0.000186
-0.3055 0.000152
-0.3017 0.000124
-0.2981 0.000101
-0.2949 0.000083
-0.2922 0.000068
-0.2899 0.000056
-0.2883 0.000046
-0.2874 0.000038
-0.2755 0.234599
-0.2344 0.199581
-0.2006 0.170808
-0.1715 0.145992
-0.1202 0.205198
-0.0726 0.124216
-0.0240 0.041697
0.0266 -0.044332
0.0728 -0.123062
0.1058 -0.179412
0.1231 -0.209177
0.1123 -0.286803
0.0989 -0.245157
0.0866 -0.203149
0.0690 -0.213160
0.0498 -0.149438
0.0340 -0.095256
0.0201 -0.052668
0.0067 -0.016713
-0.0071 0.016011
-0.0216 0.047317
-0.0370 0.078095
-0.0532 0.108061
-0.0711 0.129725
-0.0910 0.150726
-0.1123 0.170432
-0.1342 0.180847
-0.1584 0.176502
-0.1844 0.169903
-0.2108 0.160598
-0.2364 0.148926
-0.2604 0.135659
-0.2824 0.121651
-0.3021 0.107638
-0.3197 0.094170
-0.3350 0.081605
-0.3483 0.070147
-0.3596 0.059883
-0.3690 0.050817
-0.3768 0.042902
-0.3830 0.036057
-0.3878 0.030185
-0.3912 0.025181
-0.3935 0.020942
-0.3947 0.017369
-0.3950 0.014371
-0.3944 0.011865
-0.3931 0.009777
-0.3911 0.008043
-0.3886 0.006607
-0.3855 0.005420
-0.3820 0.004441
-0.3782 0.003635
-0.3741 0.002973
-0.3697 0.002429
-0.3651 0.001984
-0.3604 0.001619
-0.3556 0.001320
-0.3506 0.001077
-0.3457 0.000878
-0.3407 0.000715
-0.3357 0.000583
-0.3308 0.000475
-0.3259 0.000387
-0.3211 0.000315
-0.3164 0.000257
-0.3118 0.000209
-0.3074 0.000170
-0.3031 0.000139
-0.2991 0.000113
-0.2954 0.000093
-0.2920 0.000076
-0.2890 0.000062
-0.2865 0.000051
-0.2846 0.000042
-0.2833 0.000034
-0.2829 0.000028
-0.2504 0.213193
-0.2137 0.181948
-0.1827 0.155564
-0.1394 0.237805
-0.0905 0.154722
-0.0425 0.073062
0.0079 -0.012616
0.0571 -0.096311
0.0958 -0.162288
0.1187 -0.201563
0.1174 -0.299633
0.1038 -0.264806
0.0908 -0.218316
0.0758 -0.237837
0.0552 -0.167753
0.0386 -0.111027
0.0243 -0.065142
0.0109 -0.027494
-0.0027 0.006035
-0.0169 0.037654
-0.0320 0.068490
-0.0479 0.099037
-0.0650 0.122763
-0.0843 0.143973
-0.1052 0.164159
-0.1270 0.180193
-0.1506 0.176721
-0.1764 0.171202
-0.2030 0.162919
-0.2291 0.152035
-0.2537 0.139254
-0.2764 0.125453
-0.2969 0.111428
-0.3151 0.097794
-0.3311 0.084968
-0.3449 0.073198
-0.3568 0.062603
-0.3668 0.053210
-0.3750 0.044983
-0.3816 0.037851
-0.3867 0.031719
-0.3905 0.026484
-0.3931 0.022043
-0.3946 0.018295
-0.3951 0.015146
-0.3947 0.012511
-0.3936 0.010314
-0.3918 0.008489
-0.3893 0.006975
-0.3864 0.005724
-0.3830 0.004691
-0.3793 0.003840
-0.3752 0.003141
-0.3709 0.002567
-0.3663 0.002097
-0.3616 0.001711
-0.3568 0.001396
-0.3519 0.001138
-0.3469 0.000928
-0.3419 0.000756
-0.3369 0.000616
-0.3319 0.000502
-0.3269 0.000409
-0.3221 0.000333
-0.3173 0.000271
-0.3126 0.000221
-0.3081 0.000180
-0.3037 0.000147
-0.2996 0.000120
-0.2957 0.000098
-0.2920 0.000080
-0.2888 0.000065
-0.2859 0.000053
-0.2836 0.000044
-0.2820 0.000036
-0.2810 0.000030
-0.2809 0.000024
-0.2394 0.203804
-0.2047 0.174259
-0.1703 0.290412
-0.1180 0.201492
-0.0700 0.119797
-0.0208 0.036271
0.0300 -0.050224
0.0757 -0.128009
0.1076 -0.182493
0.1239 -0.210436
0.1129 -0.288143
0.0984 -0.245639
0.0854 -0.201445
0.0643 -0.199293
0.0460 -0.137232
0.0309 -0.085527
0.0173 -0.044790
0.0038 -0.009601
-0.0101 0.022928
-0.0249 0.054284
-0.0406 0.085187
-0.0571 0.114325
-0.0752 0.135665
-0.0954 0.156261
-0.1167 0.175375
-0.1394 0.177680
-0.1647 0.173602
-0.1913 0.166825
-0.2180 0.157177
-0.2435 0.145204
-0.2672 0.131773
-0.2888 0.117757
-0.3081 0.103873
-0.3251 0.090631
-0.3399 0.078353
-0.3526 0.067212
-0.3634 0.057273
-0.3723 0.048524
