0.8240 3.3472
0.8210 3.2210
0.8170 3.0643
0.8118 2.8806
0.8050 2.6779
0.7966 2.4657
0.7865 2.2585
0.7757 2.1158
0.7685 2.1582
0.7704 2.4054
0.7810 2.7691
0.7958 3.1530
0.8103 3.4797
0.8216 3.6883
0.8286 3.7433
0.8313 3.6662
0.8305 3.5401
0.8280 3.4790
0.8273 3.7173
0.8343 4.6952
0.8495 6.2469
0.8670 8.0424
0.8821 9.8708
0.8933 11.6043
0.9011 13.1501
0.9063 14.4169
0.9095 15.2946
0.9115 15.6668
0.9123 15.4814
0.9121 14.8098
0.9111 13.8078
0.9091 12.6357
0.9064 11.4161
0.9030 10.2275
0.8988 9.1139
0.8940 8.0958
0.8884 7.1799
0.8821 6.3654
0.8751 5.6477
0.8673 5.0205
0.8589 4.4763
0.8498 4.0067
0.8401 3.6026
0.8301 3.2546
0.8196 2.9529
0.8088 2.6887
0.7977 2.4541
0.7861 2.2428
0.7741 2.0502
0.7614 1.8733
0.7480 1.7099
0.7338 1.5588
0.7186 1.4198
0.7029 1.3009
0.6881 1.2217
0.6771 1.1896
0.6716 1.1982
0.6718 1.2362
0.6766 1.2927
0.6843 1.3673
0.6971 1.5857
0.7242 2.1532
0.7622 2.9993
0.8020 4.4609
0.8418 7.7005
0.8757 12.5853
0.8996 19.4649
0.9146 27.2064
0.9229 33.2153
0.9270 36.7029
0.9288 37.3898
0.9291 35.6798
0.9286 33.3852
0.9279 32.7738
0.9275 33.1506
0.9274 33.3448
0.9274 32.9562
0.9272 31.8177
0.9268 29.8485
0.9260 27.1894
0.9246 24.2912
0.9228 21.6160
0.9207 19.3412
0.9184 17.4498
0.9159 15.8632
0.9134 14.4919
0.9108 13.2512
0.9080 12.0765
0.9049 10.9353
0.9013 9.8269
0.8971 8.7700
0.8921 7.7878
0.8864 6.8969
0.8798 6.1041
0.8724 5.4076
0.8643 4.7998
0.8554 4.2701
0.8458 3.8071
0.8354 3.4002
0.8242 3.0407
0.8122 2.7212
0.7993 2.4364
0.7855 2.1818
0.7706 1.9541
0.7547 1.7504
0.7378 1.5682
0.7200 1.4056
0.7012 1.2610
0.6817 1.1357
0.6625 1.0353
0.6474 1.0358
0.6574 1.3873
0.6976 2.0314
0.7468 2.8038
0.7897 3.6029
0.8218 4.4794
0.8456 5.6376
0.8636 6.9487
0.8770 8.2632
0.8867 9.5021
0.8938 10.7263
0.8992 12.0956
0.9036 13.4860
0.9073 14.7541
0.9101 15.7876
0.9122 16.5003
0.9136 16.8443
0.9142 16.7846
0.9143 16.3079
0.9137 15.4795
0.9124 14.4232
0.9105 13.2579
0.9080 12.0678
0.9049 10.9052
0.9013 9.8008
0.8970 8.7739
0.8922 7.8383
0.8867 7.0021
0.8806 6.2665
0.8740 5.6269
0.8670 5.0741
0.8595 4.5960
0.8517 4.1791
0.8436 3.8105
0.8352 3.4795
0.8262 3.1785
0.8167 2.9026
0.8066 2.6485
0.7957 2.4143
0.7840 2.1983
0.7714 1.9994
0.7579 1.8164
0.7434 1.6484
0.7280 1.4949
0.7117 1.3557
0.6947 1.2308
0.6771 1.1200
0.6594 1.0229
0.6418 0.9384
0.6247 0.8651
0.6086 0.8089
0.6034 0.9243
0.6350 1.3895
0.6953 2.4356
0.7742 5.6048
0.8430 10.4782
0.8868 16.9315
0.9110 26.0736
0.9230 34.7765
0.9284 40.8633
0.9305 43.7941
0.9311 43.3854
0.9309 41.0199
0.9303 39.4046
0.9298 38.7226
0.9295 38.0119
0.9291 36.9198
0.9288 35.2508
0.9282 32.8787
0.9274 29.8582
0.9261 26.5197
0.9243 23.2927
0.9221 20.4454
0.9196 18.1597
0.9170 16.4847
0.9146 15.2770
0.9124 14.3543
0.9104 13.5639
0.9086 12.7978
0.9067 11.9881
0.9044 11.1050
0.9017 10.1584
0.8983 9.1862
0.8941 8.2332
0.8891 7.3342
0.8832 6.5088
0.8764 5.7641
0.8687 5.0988
0.8600 4.5076
0.8504 3.9837
0.8397 3.5201
0.8279 3.1104
0.8149 2.7493
0.8008 2.4325
0.7856 2.1576
0.7694 1.9226
0.7527 1.7250
0.7358 1.5612
0.7194 1.4268
0.7039 1.3166
0.6894 1.2254
0.6760 1.1479
0.6636 1.0795
0.6517 1.0165
0.6400 0.9567
0.6281 0.8999
0.6191 0.9281
0.6433 1.4877
0.7073 2.6453
0.7748 4.1220
0.8266 5.7832
0.8610 7.7598
0.8826 10.0238
0.8960 12.3410
0.9044 14.5310
0.9099 16.4417
0.9134 17.8929
0.9156 18.7415
0.9168 18.9330
0.9172 18.5029
0.9168 17.5790
0.9157 16.3422
0.9140 14.9639
0.9117 13.5711
0.9088 12.2430
0.9055 11.0204
0.9018 9.9170
0.8976 8.9298
0.8930 8.0470
0.8880 7.2543
0.8825 6.5383
0.8765 5.8883
0.8699 5.2966
0.8626 4.7575
0.8545 4.2671
0.8455 3.8220
0.8356 3.4195
0.8247 3.0570
0.8128 2.7319
0.7998 2.4415
0.7858 2.1830
0.7708 1.9535
0.7548 1.7502
0.7379 1.5702
0.7202 1.4109
0.7018 1.2698
0.6829 1.1447
0.6635 1.0336
0.6438 0.9348
0.6238 0.8470
0.6039 0.7687
0.5840 0.6991
0.5644 0.6375
0.5461 0.5974
0.5527 0.9074
0.6591 3.9253
0.7893 12.2799
0.8729 21.5496
0.9127 29.4219
0.9277 36.9162
0.9321 43.3846
0.9328 45.7126
0.9323 45.1129
0.9316 44.0329
0.9311 43.7090
0.9308 43.1053
0.9305 41.9188
0.9302 40.1976
0.9298 37.9022
0.9292 34.9948
0.9282 31.6431
0.9270 28.2716
0.9254 25.2820
0.9236 22.7556
0.9217 20.6190
0.9197 18.7765
0.9176 17.1418
0.9154 15.6403
0.9130 14.2176
0.9102 12.8540
0.9071 11.5591
0.9035 10.3538
0.8993 9.2559
0.8946 8.2735
0.8894 7.4049
0.8837 6.6412
0.8775 5.9697
0.8709 5.3773
0.8637 4.8516
0.8560 4.3817
0.8477 3.9589
0.8388 3.5761
0.8291 3.2281
0.8186 2.9109
0.8071 2.6218
0.7947 2.3586
0.7811 2.1195
0.7665 1.9030
0.7507 1.7075
0.7339 1.5315
0.7160 1.3736
0.6971 1.2323
0.6774 1.1062
0.6570 0.9939
0.6361 0.8941
0.6149 0.8056
0.5936 0.7274
0.5728 0.6641
0.5640 0.7632
0.6033 1.2684
0.6761 2.1854
0.7527 3.6512
0.8148 5.6606
0.8576 8.2144
0.8842 11.1071
0.8999 14.0399
0.9089 16.7286
0.9141 18.9103
0.9171 20.3573
0.9188 20.9319
0.9194 20.6466
0.9193 19.6820
0.9184 18.2986
0.9168 16.7293
0.9147 15.1361
0.9121 13.6140
0.9090 12.2090
0.9055 10.9365
0.9015 9.8012
0.8971 8.8098
0.8924 7.9582
0.8875 7.2297
0.8823 6.6047
0.8771 6.0647
0.8717 5.5935
0.8662 5.1762
0.8606 4.7982
0.8548 4.4454
0.8485 4.1072
0.8417 3.7784
0.8341 3.4586
0.8255 3.1503
0.8157 2.8568
0.8048 2.5809
0.7926 2.3248
0.7792 2.0892
0.7644 1.8744
0.7485 1.6799
0.7313 1.5047
0.7130 1.3476
0.6937 1.2073
0.6736 1.0824
0.6528 0.9714
0.6316 0.8731
0.6101 0.7862
0.5886 0.7095
0.5677 0.6489
0.5615 0.7739
0.6045 1.3067
0.6818 2.3648
0.7639 4.7460
0.8379 11.9660
0.8888 22.9494
0.9158 35.1299
0.9278 45.4467
0.9322 51.6778
0.9334 53.4923
0.9333 52.7989
0.9329 50.8207
0.9323 47.9971
0.9317 44.8948
0.9311 41.6919
0.9303 38.2476
0.9293 34.6128
0.9282 30.9937
0.9267 27.6088
0.9250 24.5694
0.9231 21.8824
0.9209 19.5010
0.9185 17.3678
0.9158 15.4410
0.9127 13.6989
0.9092 12.1337
0.9053 10.7518
0.9009 9.5604
0.8962 8.5496
0.8911 7.6971
0.8858 6.9773
0.8804 6.3646
0.8748 5.8322
0.8691 5.3524
0.8631 4.9041
0.8565 4.4777
0.8493 4.0730
0.8412 3.6930
0.8322 3.3411
0.8222 3.0193
0.8113 2.7276
0.7995 2.4647
0.7869 2.2280
0.7734 2.0147
0.7591 1.8219
0.7440 1.6474
0.7279 1.4891
0.7110 1.3456
0.6933 1.2156
0.6747 1.0980
0.6555 0.9920
0.6357 0.8966
0.6154 0.8114
0.5957 0.7476
0.5857 0.8182
0.6180 1.3430
0.6869 2.3057
0.7593 3.7590
0.8177 5.5975
0.8570 7.5714
0.8806 9.5213
0.8942 11.3646
0.9021 13.0774
0.9070 14.6918
0.9105 16.2443
0.9131 17.5956
0.9151 18.5562
0.9165 19.0752
0.9173 19.1807
0.9175 18.9010
0.9173 18.2452
0.9165 17.2391
0.9152 15.9604
0.9133 14.5272
0.9108 13.0551
0.9076 11.6288
0.9037 10.2983
0.8992 9.0874
0.8939 8.0023
0.8879 7.0397
0.8810 6.1911
0.8734 5.4458
0.8648 4.7926
0.8553 4.2207
0.8449 3.7201
0.8333 3.2819
0.8207 2.8981
0.8070 2.5618
0.7921 2.2671
0.7761 2.0085
0.7590 1.7817
0.7408 1.5826
0.7217 1.4079
0.7016 1.2544
0.6808 1.1198
0.6594 1.0015
0.6376 0.8978
0.6157 0.8067
0.5939 0.7269
0.5724 0.6569
0.5514 0.5957
0.5323 0.5626
0.5481 0.9960
0.6767 5.4112
0.8045 11.4968
0.8781 17.0931
0.9119 25.0771
0.9258 36.1509
0.9309 45.6915
0.9326 51.4426
0.9330 54.0351
0.9330 54.8258
0.9329 53.4600
0.9326 50.5878
0.9321 47.0787
0.9315 43.2785
0.9307 39.1919
0.9297 35.0155
0.9284 31.0723
0.9268 27.5545
0.9250 24.4955
0.9231 21.8485
0.9209 19.5324
0.9185 17.4666
0.9159 15.5945
0.9130 13.8865
0.9096 12.3325
0.9058 10.9384
0.9016 9.7168
0.8968 8.6666
0.8917 7.7731
0.8863 7.0152
0.8807 6.3698
0.8749 5.8105
0.8689 5.3096
0.8626 4.8465
0.8557 4.4119
0.8481 4.0048
0.8397 3.6270
0.8304 3.2805
0.8203 2.9657
0.8093 2.6820
0.7975 2.4270
0.7849 2.1980
0.7715 1.9915
0.7574 1.8047
0.7424 1.6350
0.7267 1.4806
0.7100 1.3399
0.6925 1.2119
0.6741 1.0957
0.6551 0.9906
0.6354 0.8968
0.6157 0.8153
0.5965 0.7478
0.5807 0.7277
0.5897 1.0008
0.6511 1.9477
0.7352 3.5519
0.8057 5.4838
0.8525 7.5068
0.8797 9.5261
0.8947 11.6642
0.9034 13.8603
0.9089 15.8463
0.9125 17.3705
0.9149 18.2975
0.9162 18.6246
0.9168 18.4059
0.9167 17.7590
0.9160 16.9209
0.9149 16.0573
0.9135 15.2122
0.9120 14.3809
0.9104 13.5368
0.9085 12.6426
0.9063 11.6736
0.9036 10.6403
0.9002 9.5853
0.8960 8.5555
0.8910 7.5849
0.8850 6.6926
0.8781 5.8866
0.8701 5.1672
0.8611 4.5306
0.8509 3.9705
0.8395 3.4796
0.8268 3.0507
0.8129 2.6766
0.7977 2.3507
0.7811 2.0671
0.7633 1.8203
0.7443 1.6056
0.7242 1.4188
0.7031 1.2564
0.6812 1.1151
0.6587 0.9922
0.6358 0.8853
0.6129 0.7922
0.5901 0.7111
0.5678 0.6405
0.5461 0.5791
0.5255 0.5291
0.5283 0.8766
0.6657 5.4132
0.8003 11.5279
0.8780 19.6142
0.9142 28.5962
0.9278 36.2046
0.9318 42.5017
0.9325 47.1975
0.9324 50.0348
0.9323 51.9709
0.9324 52.3844
0.9323 51.1331
0.9321 48.6370
0.9317 45.2108
0.9311 41.1894
0.9302 36.9467
0.9290 32.8726
0.9276 29.1905
0.9259 25.9512
0.9240 23.1129
0.9220 20.5996
0.9197 18.3389
0.9171 16.2840
0.9142 14.4123
0.9108 12.7154
0.9069 11.1890
0.9024 9.8277
0.8973 8.6230
0.8915 7.5646
0.8850 6.6415
0.8777 5.8415
0.8697 5.1517
0.8609 4.5589
0.8514 4.0498
0.8412 3.6117
0.8304 3.2330
0.8190 2.9029
0.8070 2.6126
0.7943 2.3549
0.7809 2.1242
0.7667 1.9168
0.7517 1.7311
0.7360 1.5665
0.7198 1.4226
0.7033 1.2982
0.6870 1.1913
0.6710 1.0996
0.6557 1.0202
0.6411 0.9502
0.6270 0.8872
0.6131 0.8291
0.5994 0.7745
0.5858 0.7300
0.5846 0.8985
0.6413 1.8626
0.7283 3.4818
0.8019 5.3956
0.8506 7.3991
0.8789 9.5518
0.8947 11.8740
0.9039 14.1257
0.9094 16.0772
0.9130 17.5574
0.9152 18.4615
0.9165 18.7902
0.9170 18.6803
0.9170 18.2601
0.9166 17.6078
0.9158 16.7909
0.9146 15.8529
0.9131 14.8089
0.9112 13.6682
0.9089 12.4601
0.9060 11.2346
0.9024 10.0427
0.8981 8.9218
0.8930 7.8927
0.8871 6.9630
0.8804 6.1320
0.8727 5.3949
0.8642 4.7442
0.8545 4.1718
0.8439 3.6694
0.8320 3.2292
0.8190 2.8440
0.8049 2.5071
0.7895 2.2127
0.7729 1.9557
0.7551 1.7318
0.7364 1.5371
0.7168 1.3682
0.6966 1.2221
0.6760 1.0959
0.6553 0.9869
0.6348 0.8928
0.6146 0.8113
0.5951 0.7406
0.5763 0.6788
0.5583 0.6244
0.5412 0.5788
0.5419 0.8870
0.6705 5.2978
0.8021 13.1381
0.8805 22.7105
0.9163 30.9727
0.9292 38.2360
0.9327 45.0355
0.9331 49.2919
0.9328 50.6916
0.9325 51.5000
0.9323 51.2928
0.9322 49.7761
0.9319 47.2906
0.9315 44.0960
0.9308 40.3931
0.9300 36.4312
0.9288 32.5266
0.9274 28.9241
0.9258 25.7154
0.9239 22.8840
0.9218 20.3669
0.9194 18.0984
0.9168 16.0360
0.9138 14.1609
0.9103 12.4672
0.9062 10.9518
0.9016 9.6084
0.8964 8.4273
0.8905 7.3956
0.8838 6.4988
0.8764 5.7217
0.8683 5.0493
0.8594 4.4674
0.8497 3.9630
0.8392 3.5246
0.8280 3.1425
0.8160 2.8096
0.8033 2.5200
0.7899 2.2689
0.7761 2.0516
0.7619 1.8633
0.7475 1.6995
0.7330 1.5555
0.7183 1.4276
0.7036 1.3123
0.6886 1.2074
0.6732 1.1109
0.6575 1.0224
0.6415 0.9427
0.6256 0.8730
0.6104 0.8143
0.5963 0.7665
0.5841 0.7330
0.5832 0.8617
0.6290 1.5791
0.7107 3.0017
0.7867 4.8278
0.8405 6.9480
0.8736 9.3489
0.8926 11.7996
0.9033 14.1178
0.9095 16.2057
0.9134 18.0194
0.9159 19.3882
0.9176 20.1250
0.9185 20.1889
0.9187 19.6795
0.9183 18.7419
0.9173 17.5113
0.9157 16.1130
0.9137 14.6591
0.9111 13.2341
0.9081 11.8895
0.9045 10.6499
0.9005 9.5224
0.8959 8.5046
0.8908 7.5895
0.8850 6.7684
0.8787 6.0326
0.8716 5.3737
0.8637 4.7844
0.8551 4.2577
0.8455 3.7877
0.8349 3.3687
0.8233 2.9956
0.8106 2.6640
0.7969 2.3695
0.7820 2.1083
0.7659 1.8770
0.7488 1.6723
0.7307 1.4914
0.7116 1.3320
0.6917 1.1919
0.6713 1.0695
0.6506 0.9629
0.6299 0.8707
0.6096 0.7912
0.5900 0.7230
0.5714 0.6645
0.5540 0.6152
0.5447 0.7148
0.6447 3.9075
0.7787 9.8271
0.8650 18.1613
0.9083 28.3403
0.9261 38.9342
0.9322 47.8546
0.9336 53.0169
0.9336 53.0322
0.9330 50.7479
0.9325 49.0965
0.9320 47.5576
0.9316 45.7647
0.9312 43.5842
0.9307 40.8469
0.9300 37.5548
0.9291 34.0084
0.9279 30.5043
0.9265 27.2739
0.9248 24.4085
0.9230 21.8903
0.9209 19.6542
0.9187 17.6276
0.9161 15.7578
0.9132 14.0233
0.9099 12.4244
0.9061 10.9675
0.9016 9.6560
0.8966 8.4881
0.8908 7.4576
0.8842 6.5556
0.8769 5.7709
0.8688 5.0918
0.8600 4.5061
0.8504 4.0024
0.8401 3.5706
0.8293 3.2010
0.8180 2.8846
0.8063 2.6124
0.7943 2.3762
0.7820 2.1688
0.7695 1.9837
0.7566 1.8166
0.7433 1.6651
0.7295 1.5287
0.7154 1.4073
0.7012 1.3002
0.6870 1.2063
0.6732 1.1239
0.6598 1.0509
0.6468 0.9851
0.6341 0.9244
0.6214 0.8674
0.6089 0.8223
0.6077 0.9690
0.6440 1.5079
0.7072 2.5505
0.7741 4.1194
0.8272 6.0406
0.8631 8.2925
0.8854 10.6649
0.8986 12.9808
0.9064 15.2061
0.9114 17.2402
0.9147 18.8718
0.9169 19.8922
0.9182 20.2009
0.9186 19.8525
0.9184 18.9899
0.9175 17.7792
0.9161 16.3787
0.9141 14.9171
0.9116 13.4813
0.9087 12.1218
0.9052 10.8627
0.9012 9.7118
0.8967 8.6683
0.8917 7.7268
0.8860 6.8803
0.8796 6.1211
0.8725 5.4417
0.8646 4.8348
0.8559 4.2939
0.8462 3.8125
0.8355 3.3851
0.8238 3.0061
0.8111 2.6705
0.7972 2.3738
0.7822 2.1116
0.7662 1.8802
0.7491 1.6761
0.7310 1.4960
0.7121 1.3373
0.6924 1.1976
0.6721 1.0750
0.6515 0.9679
0.6309 0.8748
0.6106 0.7944
0.5909 0.7254
0.5722 0.6665
0.5547 0.6166
0.5400 0.6028
0.5921 2.1424
0.7379 9.2520
0.8463 18.9783
0.9027 29.8938
0.9258 40.4097
0.9333 48.9876
0.9347 53.9384
0.9342 53.6424
0.9334 50.8811
0.9326 49.1195
0.9320 47.7761
0.9316 46.1931
0.9312 44.1698
0.9308 41.6181
0.9302 38.5723
0.9294 35.1647
0.9283 31.6538
0.9270 28.3073
0.9254 25.2671
0.9236 22.5459
0.9215 20.0969
0.9192 17.8688
0.9165 15.8319
0.9134 13.9769
0.9099 12.3016
0.9058 10.8030
0.9011 9.4739
0.8958 8.3029
0.8897 7.2759
0.8829 6.3782
0.8753 5.5955
0.8668 4.9146
0.8573 4.3235
0.8470 3.8115
0.8357 3.3690
0.8235 2.9881
0.8105 2.6614
0.7969 2.3819
0.7827 2.1428
0.7682 1.9386
0.7536 1.7640
0.7390 1.6143
0.7246 1.4850
0.7104 1.3720
0.6965 1.2714
0.6827 1.1802
0.6689 1.0959
0.6548 1.0169
0.6403 0.9424
0.6253 0.8719
0.6097 0.8056
0.5946 0.7664
0.5990 0.9923
0.6450 1.5755
0.7084 2.3867
0.7685 3.5909
0.8186 5.4248
0.8563 7.9905
0.8822 11.0928
0.8986 14.2354
0.9085 17.0229
0.9142 19.2547
0.9175 20.8423
0.9193 21.7021
0.9202 21.7723
0.9203 21.1147
0.9198 19.9253
0.9187 18.4349
0.9170 16.8288
0.9149 15.2274
0.9123 13.6990
0.9092 12.2767
0.9056 10.9734
0.9016 9.7902
0.8971 8.7226
0.8920 7.7632
0.8862 6.9037
0.8798 6.1356
0.8727 5.4505
0.8648 4.8407
0.8560 4.2989
0.8463 3.8187
0.8357 3.3940
0.8241 3.0193
0.8116 2.6892
0.7980 2.3990
0.7836 2.1442
0.7683 1.9205
0.7522 1.7242
0.7355 1.5517
0.7182 1.3998
0.7004 1.2656
0.6822 1.1468
0.6638 1.0412
0.6451 0.9470
0.6264 0.8630
0.6076 0.7877
0.5890 0.7204
0.5706 0.6602
0.5531 0.6159
0.5568 0.9146
0.6668 4.7408
0.7996 16.0877
0.8816 28.9875
0.9191 39.9700
0.9323 48.5226
0.9353 53.9747
0.9350 54.4878
0.9340 51.2581
0.9329 48.6015
0.9321 47.2711
0.9316 46.0395
0.9312 44.4748
0.9309 42.5085
0.9304 40.0808
0.9298 37.1031
0.9289 33.7386
0.9278 30.3125
0.9264 27.0688
0.9247 24.1020
0.9227 21.4087
0.9205 18.9595
0.9179 16.7345
0.9149 14.7252
0.9114 12.9257
0.9075 11.3276
0.9029 9.9186
0.8977 8.6831
0.8919 7.6040
