0.1313
0.1271
0.1233
0.1197
0.1163
0.1133
0.1105
0.1079
0.1055
0.1034
0.1014
0.0997
0.0981
0.0967
0.0955
0.0945
0.0936
0.0929
0.0924
0.0921
0.0918
0.0918
0.0918
0.0920
0.0922
0.0926
0.0930
0.0936
0.0943
0.0950
0.0957
0.0964
0.0971
0.0977
0.0982
0.0987
0.0991
0.0994
0.0996
0.0998
0.0999
0.0999
0.0999
0.0998
0.0997
0.0995
0.0993
0.0990
0.0987
0.0984
0.0981
0.0977
0.0973
0.0969
0.0965
0.0961
0.0956
0.0952
0.0947
0.0942
0.0937
0.0931
0.0925
0.0918
0.0911
0.0903
0.0894
0.0884
0.0874
0.0862
0.0850
0.0836
0.0821
0.0805
0.0788
0.0769
0.0748
0.0726
0.0701
0.0675
0.0646
0.0614
0.0580
0.0541
0.0498
0.0450
0.0395
0.0332
0.0258
0.0169
0.0062
-0.0073
-0.0245
-0.0469
-0.0758
-0.1114
-0.1510
-0.1902
-0.2247
-0.2528
-0.2744
