-0.0814 0.020451
-0.0309 0.007871
0.0429 -0.010512
0.1317 -0.032702
0.2056 -0.051265
0.2522 -0.062982
0.2753 -0.068797
0.2818 -0.070444
0.2775 -0.069405
0.2669 -0.066762
0.2525 -0.094750
0.2320 -0.087088
0.2132 -0.080035
0.1959 -0.073514
0.1797 -0.067445
0.1645 -0.061749
0.1501 -0.056349
0.1363 -0.051168
0.1229 -0.046136
0.1097 -0.041184
0.0965 -0.035385
0.0837 -0.027174
0.0708 -0.020542
0.0572 -0.014976
0.0422 -0.010077
0.0250 -0.005494
0.0041 -0.000872
-0.0225 0.004189
-0.0563 0.016922
-0.0983 0.028734
-0.1459 0.041585
-0.1923 0.053679
-0.2320 0.063602
-0.2627 0.070958
-0.2851 0.076008
-0.3003 0.079216
-0.3106 0.074471
-0.3176 0.069838
-0.3219 0.065511
-0.3242 0.061577
-0.3249 0.058058
-0.3244 0.054944
-0.3228 0.052205
-0.3206 0.049802
-0.3178 0.047696
-0.3146 0.045850
-0.3111 0.044230
-0.3075 0.042806
-0.3044 0.035697
-0.3023 0.029312
-0.3010 0.024128
-0.3002 0.019896
-0.2998 0.016427
-0.2996 0.013576
-0.2997 0.011227
-0.2999 0.009290
-0.3003 0.007691
-0.3009 0.006370
-0.3016 0.005280
-0.3025 0.004379
-0.3038 0.003635
-0.3053 0.003020
-0.3071 0.002512
-0.3093 0.002092
-0.3118 0.001744
-0.3147 0.001455
-0.3179 0.001215
-0.3214 0.001016
-0.3252 0.000850
-0.3293 0.000711
-0.3337 0.000596
-0.3383 0.000500
-0.3432 0.000419
-0.3479 0.000351
-0.3518 0.000294
-0.3544 0.000245
-0.3552 0.000203
-0.3542 0.000167
-0.3515 0.000137
-0.3473 0.000112
-0.3419 0.000091
-0.3356 0.000074
-0.3287 0.000060
-0.3214 0.000048
-0.3139 0.000039
-0.3063 0.000032
-0.2988 0.000025
-0.2844 0.035590
-0.2707 0.033864
-0.2575 0.032218
-0.2445 0.030592
-0.2309 0.028884
-0.2157 0.026990
-0.1984 0.024822
-0.1781 0.022293
-0.1540 0.019281
-0.1241 0.015554
-0.0845 0.010618
-0.0263 0.006749
0.0603 -0.014830
0.1586 -0.039422
0.2342 -0.058396
0.2790 -0.069661
0.2994 -0.074811
0.3031 -0.075782
0.2964 -0.074119
0.2835 -0.070920
0.2675 -0.066922
0.2494 -0.093608
0.2273 -0.085326
0.2077 -0.077950
0.1900 -0.069361
0.1743 -0.060161
0.1600 -0.052596
0.1466 -0.046209
0.1339 -0.040682
0.1214 -0.035780
0.1091 -0.031321
0.0968 -0.027158
0.0828 -0.033178
0.0677 -0.026863
0.0520 -0.020436
0.0347 -0.013580
0.0150 -0.005891
-0.0085 0.003177
-0.0377 0.013698
-0.0744 0.025606
-0.1181 0.038745
-0.1642 0.051695
-0.2066 0.062742
-0.2413 0.071074
-0.2677 0.076800
-0.2867 0.080418
-0.2996 0.082464
-0.3078 0.083387
-0.3128 0.078300
-0.3163 0.072294
-0.3183 0.067058
-0.3193 0.062521
-0.3192 0.058601
-0.3188 0.050051
-0.3187 0.041371
-0.3187 0.034211
-0.3187 0.028287
-0.3186 0.023377
-0.3182 0.019307
-0.3177 0.015935
-0.3169 0.013143
-0.3160 0.010835
-0.3149 0.008928
-0.3137 0.007353
-0.3123 0.006054
-0.3107 0.004979
-0.3088 0.004091
-0.3064 0.003357
-0.3037 0.002751
-0.3006 0.002252
-0.2972 0.001841
-0.2935 0.001503
-0.2897 0.001227
-0.2858 0.001001
-0.2820 0.000816
-0.2764 0.035225
-0.2663 0.033827
-0.2570 0.032550
-0.2482 0.031371
-0.2397 0.030244
-0.2310 0.029100
-0.2215 0.027873
-0.2110 0.026518
-0.1991 0.025003
-0.1856 0.023302
-0.1703 0.021373
-0.1526 0.019145
-0.1314 0.016490
-0.1049 0.013168
-0.0692 0.008711
-0.0172 0.002233
0.0579 -0.014261
0.1421 -0.035344
0.2083 -0.051967
0.2484 -0.062033
0.2671 -0.066752
0.2712 -0.067811
0.2661 -0.066563
0.2557 -0.063951
0.2425 -0.056392
0.2286 -0.048908
0.2145 -0.042578
0.1997 -0.062090
0.1819 -0.054656
0.1659 -0.048392
0.1509 -0.042954
0.1367 -0.038104
0.1230 -0.033669
0.1094 -0.029515
0.0958 -0.025522
0.0818 -0.021574
0.0671 -0.017545
0.0511 -0.013277
0.0330 -0.008555
0.0117 -0.003063
-0.0147 0.003663
-0.0485 0.011841
-0.0917 0.020533
-0.1422 0.029453
-0.1933 0.037304
-0.2380 0.043154
-0.2736 0.046952
-0.3002 0.049112
-0.3193 0.050109
-0.3324 0.050331
-0.3344 0.090905
-0.3332 0.089334
-0.3307 0.087226
-0.3278 0.078594
-0.3251 0.071481
-0.3222 0.065554
-0.3190 0.060563
-0.3153 0.056324
-0.3112 0.052697
-0.3066 0.049571
-0.3017 0.046859
-0.2964 0.044492
-0.2910 0.042414
-0.2855 0.040581
-0.2799 0.038957
-0.2743 0.037512
-0.2689 0.036224
-0.2636 0.035073
-0.2586 0.034045
-0.2538 0.033126
-0.2499 0.027065
-0.2473 0.022142
-0.2458 0.018192
-0.2451 0.015001
-0.2451 0.012402
-0.2454 0.010266
-0.2458 0.008501
-0.2461 0.007037
-0.2461 0.005820
-0.2437 0.035236
-0.2373 0.033511
-0.2310 0.031964
-0.2245 0.030549
-0.2177 0.029207
-0.2102 0.027872
-0.2017 0.026486
-0.1920 0.025007
-0.1809 0.023400
-0.1681 0.021626
-0.1533 0.019627
-0.1356 0.017304
-0.1138 0.014484
-0.0853 0.010844
-0.0452 0.005775
0.0141 -0.001695
0.0941 -0.011744
0.1698 -0.042416
0.2224 -0.055633
0.2513 -0.062920
0.2626 -0.065764
0.2622 -0.065664
0.2546 -0.063754
0.2429 -0.060236
0.2295 -0.052035
0.2157 -0.045102
0.2017 -0.039250
0.1848 -0.056850
0.1683 -0.050120
0.1532 -0.044343
0.1388 -0.039239
0.1249 -0.034612
0.1112 -0.030311
0.0975 -0.026208
0.0835 -0.022179
0.0688 -0.018094
0.0528 -0.013793
0.0349 -0.009062
0.0137 -0.003591
-0.0123 0.003078
-0.0457 0.011548
-0.0882 0.022275
-0.1380 0.032206
-0.1888 0.040558
-0.2338 0.046610
-0.2699 0.050346
-0.2971 0.052273
-0.3168 0.052954
-0.3305 0.052835
-0.3395 0.052231
-0.3450 0.051349
-0.3477 0.050320
-0.3491 0.041905
-0.3499 0.034736
-0.3503 0.028752
-0.3502 0.023765
-0.3496 0.019614
-0.3485 0.016166
-0.3469 0.013306
-0.3449 0.010937
-0.3424 0.008978
-0.3394 0.007359
-0.3361 0.006025
-0.3324 0.004926
-0.3283 0.004024
-0.3241 0.003284
-0.3197 0.002678
-0.3153 0.002184
-0.3110 0.001781
-0.3068 0.001453
-0.3029 0.001186
-0.2994 0.000969
-0.2963 0.000793
-0.2938 0.000650
-0.2917 0.000534
-0.2903 0.000439
-0.2895 0.000362
-0.2892 0.000299
-0.2896 0.000248
-0.2906 0.000205
-0.2924 0.000171
-0.2948 0.000142
-0.2980 0.000119
-0.3017 0.000100
-0.3059 0.000084
-0.3104 0.000070
-0.3149 0.000059
-0.3192 0.000049
-0.3232 0.000041
-0.3268 0.000034
-0.3299 0.000029
-0.3327 0.000024
-0.3351 0.000020
-0.3373 0.000017
-0.3394 0.000014
-0.3416 0.000012
-0.3442 0.000010
-0.3472 0.000008
-0.3509 0.000007
-0.3551 0.000006
-0.3598 0.000005
-0.3643 0.000004
-0.3676 0.000003
-0.3690 0.000003
-0.3680 0.000002
-0.3644 0.000002
-0.3584 0.000001
-0.3501 0.000001
-0.3402 0.000001
-0.3289 0.000001
-0.3166 0.000001
-0.3034 0.037951
-0.2831 0.035408
-0.2632 0.032926
-0.2435 0.030463
-0.2234 0.027948
-0.2020 0.025279
-0.1784 0.022330
-0.1511 0.018919
-0.1161 0.029133
-0.0675 0.017007
0.0038 -0.000745
0.1025 -0.025370
0.1976 -0.049191
0.2623 -0.065444
0.2971 -0.074228
0.3101 -0.077521
0.3087 -0.077181
0.2983 -0.074620
0.2831 -0.070826
0.2656 -0.066442
0.2422 -0.090926
0.2213 -0.083066
0.2024 -0.075961
0.1851 -0.069464
0.1690 -0.063448
0.1542 -0.055069
0.1406 -0.047589
0.1264 -0.056698
0.1113 -0.048511
0.0969 -0.041213
0.0826 -0.034431
0.0680 -0.027866
0.0525 -0.021239
0.0356 -0.014237
0.0162 -0.006303
-0.0070 0.002443
-0.0360 0.012209
-0.0728 0.023596
-0.1170 0.036469
-0.1642 0.049458
-0.2078 0.060779
-0.2437 0.069510
-0.2711 0.075674
-0.2908 0.079719
-0.3043 0.082158
-0.3130 0.083427
-0.3186 0.077617
-0.3224 0.071937
-0.3251 0.063666
-0.3276 0.053047
-0.3300 0.044186
-0.3322 0.036779
-0.3342 0.030588
-0.3358 0.025416
-0.3372 0.021101
-0.3383 0.017505
-0.3393 0.014514
-0.3401 0.012029
-0.3408 0.009967
-0.3415 0.008258
-0.3423 0.006843
-0.3432 0.005673
-0.3443 0.004705
-0.3456 0.003905
-0.3473 0.003245
-0.3494 0.002698
-0.3518 0.002246
-0.3545 0.001872
-0.3575 0.001561
-0.3607 0.001302
-0.3641 0.001087
-0.3675 0.000907
-0.3710 0.000757
-0.3744 0.000632
-0.3779 0.000527
-0.3814 0.000440
-0.3850 0.000367
-0.3888 0.000307
-0.3928 0.000256
-0.3968 0.000214
-0.4000 0.000178
-0.4021 0.000148
-0.4024 0.000123
-0.4010 0.000101
-0.3977 0.000083
-0.3929 0.000068
-0.3868 0.000055
-0.3798 0.000045
-0.3721 0.000036
-0.3641 0.000029
-0.3562 0.000024
-0.3487 0.000019
-0.3421 0.000016
-0.3366 0.000013
-0.3328 0.000010
-0.3308 0.000009
-0.3311 0.000007
-0.3338 0.000006
-0.3392 0.000005
-0.3473 0.000004
-0.3582 0.000004
-0.3717 0.000003
-0.3877 0.000003
-0.4057 0.000002
-0.4257 0.000002
-0.4471 0.000002
-0.4696 0.000001
-0.4931 0.000001
-0.5172 0.000001
-0.5418 0.000001
-0.5666 0.000001
-0.5914 0.000001
-0.6159 0.000001
-0.6396 0.000001
-0.6617 0.000000
-0.6813 0.000000
-0.6977 0.000000
-0.7103 0.000000
-0.7188 0.000000
-0.7231 0.000000
-0.7233 0.000000
-0.7197 0.000000
-0.7129 0.000000
-0.7033 0.000000
-0.6917 0.000000
-0.6787 0.000000
-0.6651 0.000000
-0.6515 0.000000
-0.6384 0.000000
-0.6263 0.000000
-0.6155 0.000000
-0.6064 0.000000
-0.5990 0.000000
-0.5934 0.000000
-0.5895 0.000000
-0.5873 0.000000
-0.5864 0.000000
-0.5863 0.000000
-0.5865 0.000000
-0.5861 0.000000
-0.5846 0.000000
-0.5814 0.000000
-0.5761 0.000000
-0.5688 0.000000
-0.5595 0.000000
-0.5485 0.000000
-0.5361 0.000000
-0.5223 0.000000
-0.5074 0.000000
-0.4915 0.000000
-0.4746 0.000000
-0.4561 0.000000
-0.4358 0.000000
-0.4135 0.000000
-0.3896 0.000000
-0.3645 0.000000
-0.3386 0.000000
-0.3122 0.000000
-0.2854 0.000000
-0.2562 0.032066
-0.2215 0.027726
-0.1804 0.045218
-0.1336 0.033522
-0.0725 0.027471
0.0170 -0.005986
0.1348 -0.050118
0.2356 -0.088039
0.2979 -0.111544
0.3280 -0.122949
0.3359 -0.125975
0.3298 -0.123702
0.3155 -0.118371
0.2971 -0.111492
0.2772 -0.104012
0.2571 -0.096487
0.2354 -0.117797
0.2134 -0.106785
0.1942 -0.097183
0.1770 -0.088604
0.1614 -0.080776
0.1469 -0.073496
0.1331 -0.066610
0.1198 -0.059989
0.1069 -0.053517
0.0940 -0.047082
0.0810 -0.039799
0.0678 -0.031955
0.0539 -0.024523
0.0387 -0.016562
0.0215 -0.008582
0.0010 -0.000441
-0.0248 0.008095
-0.0581 0.017024
-0.1004 0.026526
-0.1491 0.035837
-0.1978 0.043611
-0.2406 0.047273
-0.2761 0.044872
-0.3046 0.040944
-0.3271 0.036364
-0.3449 0.031701
-0.3589 0.027279
-0.3700 0.023259
-0.3791 0.019701
-0.3865 0.016610
-0.3928 0.013957
-0.3983 0.011701
-0.4032 0.009794
-0.4077 0.008188
-0.4120 0.006841
-0.4162 0.005714
-0.4204 0.004773
-0.4248 0.003987
-0.4294 0.003332
-0.4343 0.002787
-0.4397 0.002332
-0.4455 0.001954
-0.4518 0.001639
-0.4588 0.001375
-0.4662 0.001156
-0.4741 0.000972
-0.4823 0.000817
-0.4907 0.000688
-0.4992 0.000578
-0.5075 0.000486
-0.5153 0.000408
-0.5222 0.000342
-0.5273 0.000286
-0.5295 0.000237
-0.5277 0.000195
-0.5213 0.000160
-0.5107 0.000129
-0.4963 0.000104
-0.4790 0.000083
-0.4596 0.000066
-0.4390 0.000052
-0.4178 0.000041
-0.3965 0.000032
-0.3754 0.000025
-0.3548 0.000020
-0.3350 0.000015
-0.3159 0.000012
-0.2978 0.000009
-0.2806 0.000007
-0.2640 0.000006
-0.2479 0.000004
-0.2303 0.028820
-0.2076 0.025986
-0.1834 0.022957
-0.1560 0.019541
-0.1229 0.015406
-0.0764 0.019230
-0.0078 0.002151
0.0905 -0.022351
0.1906 -0.047423
0.2611 -0.065146
0.3005 -0.075058
0.3165 -0.079104
0.3168 -0.079209
0.3058 -0.114745
0.2855 -0.107144
0.2650 -0.099459
0.2452 -0.092005
0.2263 -0.084932
0.2050 -0.102603
0.1857 -0.092948
0.1687 -0.084409
0.1532 -0.076652
0.1388 -0.069445
0.1251 -0.062617
0.1119 -0.056032
0.0990 -0.049568
0.0861 -0.042925
0.0731 -0.034901
0.0597 -0.027480
0.0454 -0.020262
0.0295 -0.012849
0.0111 -0.004781
-0.0112 0.004368
-0.0391 0.014515
-0.0744 0.026119
-0.1169 0.039001
-0.1623 0.051828
-0.2046 0.062919
-0.2400 0.069298
-0.2687 0.065340
-0.2919 0.058707
-0.3105 0.051645
-0.3254 0.044751
-0.3372 0.038355
-0.3468 0.032610
-0.3545 0.027562
-0.3607 0.023193
-0.3660 0.019455
-0.3704 0.016282
-0.3744 0.013606
-0.3780 0.011359
-0.3816 0.009480
-0.3852 0.007913
-0.3891 0.006609
-0.3935 0.005525
-0.3983 0.004625
-0.4039 0.003877
-0.4102 0.003256
-0.4174 0.002739
-0.4253 0.002307
-0.4339 0.001946
-0.4431 0.001643
-0.4527 0.001388
-0.4626 0.001173
-0.4725 0.000990
-0.4823 0.000836
-0.4920 0.000705
-0.5015 0.000594
-0.5108 0.000500
-0.5199 0.000421
-0.5290 0.000354
-0.5377 0.000298
-0.5451 0.000250
-0.5498 0.000208
-0.5510 0.000172
-0.5480 0.000142
-0.5411 0.000116
-0.5307 0.000094
-0.5175 0.000076
-0.5022 0.000061
-0.4856 0.000049
-0.4684 0.000039
-0.4512 0.000031
-0.4347 0.000025
-0.4193 0.000020
-0.4056 0.000016
-0.3937 0.000013
-0.3841 0.000010
-0.3768 0.000008
-0.3719 0.000007
-0.3694 0.000006
-0.3690 0.000005
-0.3701 0.000004
-0.3718 0.000003
-0.3732 0.000003
-0.3735 0.000002
-0.3721 0.000002
-0.3689 0.000001
-0.3638 0.000001
-0.3571 0.000001
-0.3490 0.000001
-0.3399 0.000001
-0.3299 0.000001
-0.3190 0.000000
-0.3070 0.000000
-0.2937 0.000000
-0.2790 0.000000
-0.2630 0.000000
-0.2458 0.000000
-0.2273 0.000000
-0.2024 0.025327
-0.1747 0.021868
-0.1429 0.017912
-0.1034 0.012983
-0.0479 0.006076
0.0372 -0.004521
0.1466 -0.018191
0.2393 -0.029813
0.2944 -0.073514
0.3171 -0.118876
0.3173 -0.118999
0.3077 -0.115417
0.2926 -0.109787
0.2708 -0.135526
0.2488 -0.124521
0.2288 -0.114493
0.2105 -0.105317
0.1936 -0.096867
0.1779 -0.089024
0.1632 -0.081681
0.1493 -0.074737
0.1361 -0.068103
0.1233 -0.061691
0.1107 -0.055416
0.0982 -0.049186
0.0857 -0.042900
0.0727 -0.036437
0.0593 -0.028587
0.0449 -0.020842
0.0289 -0.013014
0.0104 -0.004603
-0.0120 0.004996
-0.0400 0.016496
-0.0750 0.028770
-0.1171 0.039742
-0.1628 0.049218
-0.2061 0.056018
-0.2433 0.056400
-0.2741 0.052549
-0.2988 0.047379
-0.3184 0.041749
-0.3339 0.036202
-0.3462 0.031035
-0.3560 0.026390
-0.3640 0.022312
-0.3707 0.018788
-0.3765 0.015778
-0.3818 0.013227
-0.3866 0.011074
-0.3910 0.009261
-0.3949 0.007735
-0.3984 0.006451
-0.4013 0.005373
-0.4036 0.004468
-0.4053 0.003710
-0.4066 0.003078
-0.4077 0.002551
-0.4087 0.002114
-0.4098 0.001753
-0.4114 0.001455
-0.4135 0.001209
-0.4164 0.001007
-0.4203 0.000840
-0.4253 0.000703
-0.4315 0.000590
-0.4388 0.000496
-0.4474 0.000418
-0.4570 0.000353
-0.4676 0.000299
-0.4789 0.000253
-0.4907 0.000214
-0.5029 0.000181
-0.5150 0.000154
-0.5271 0.000130
-0.5387 0.000110
-0.5497 0.000093
-0.5601 0.000078
-0.5698 0.000066
-0.5786 0.000055
-0.5865 0.000046
-0.5937 0.000039
-0.6001 0.000032
-0.6058 0.000027
-0.6107 0.000022
-0.6148 0.000019
-0.6183 0.000016
-0.6209 0.000013
-0.6228 0.000011
-0.6237 0.000009
-0.6238 0.000007
-0.6229 0.000006
-0.6213 0.000005
-0.6188 0.000004
-0.6154 0.000003
-0.6113 0.000003
-0.6063 0.000002
-0.6002 0.000002
-0.5928 0.000002
-0.5837 0.000001
-0.5723 0.000001
-0.5582 0.000001
-0.5411 0.000001
-0.5208 0.000001
-0.4976 0.000000
-0.4722 0.000000
-0.4452 0.000000
-0.4172 0.000000
-0.3887 0.000000
-0.3599 0.000000
-0.3311 0.000000
-0.3020 0.000000
-0.2724 0.000000
-0.2301 0.057631
-0.1844 0.069332
-0.1315 0.049539
-0.0657 0.024922
0.0296 -0.010666
0.1499 -0.055768
0.2475 -0.092509
0.3059 -0.114563
0.3330 -0.124809
0.3386 -0.127001
0.3310 -0.124166
0.3158 -0.118479
0.2968 -0.111391
0.2766 -0.103804
0.2556 -0.127905
0.2316 -0.115930
0.2109 -0.105557
0.1926 -0.096370
0.1760 -0.088068
0.1607 -0.080430
0.1464 -0.073287
0.1329 -0.066500
0.1198 -0.059954
0.1070 -0.053540
0.0942 -0.047150
0.0812 -0.040664
0.0679 -0.032580
0.0539 -0.024784
0.0388 -0.016270
0.0216 -0.008015
0.0011 -0.000428
-0.0250 0.007171
-0.0591 0.015366
-0.1026 0.024322
-0.1528 0.033282
-0.2027 0.040919
-0.2467 0.042191
-0.2832 0.040073
-0.3126 0.036581
-0.3359 0.032506
-0.3543 0.028353
-0.3689 0.024408
-0.3804 0.020811
-0.3894 0.017618
-0.3965 0.014831
-0.4019 0.012430
-0.4059 0.010380
-0.4087 0.008642
-0.4105 0.007177
-0.4115 0.005949
-0.4120 0.004924
-0.4120 0.004072
-0.4118 0.003365
-0.4116 0.002781
-0.4115 0.002299
-0.4117 0.001901
-0.4122 0.001574
-0.4132 0.001304
-0.4146 0.001082
-0.4165 0.000899
-0.4189 0.000747
-0.4217 0.000622
-0.4248 0.000518
-0.4282 0.000432
-0.4317 0.000360
-0.4352 0.000300
-0.4384 0.000250
-0.4411 0.000208
-0.4428 0.000173
-0.4435 0.000143
-0.4428 0.000118
-0.4403 0.000097
-0.4360 0.000079
-0.4295 0.000065
-0.4210 0.000052
-0.4108 0.000042
-0.3990 0.000034
-0.3862 0.000027
-0.3726 0.000022
-0.3585 0.000017
-0.3442 0.000014
-0.3296 0.000011
-0.3146 0.000009
-0.2991 0.000007
-0.2829 0.000005
-0.2591 0.032427
-0.2312 0.057883
-0.2000 0.050081
-0.1665 0.041703
-0.1277 0.032027
-0.0779 0.019618
-0.0056 0.001631
0.0969 -0.023949
0.1986 -0.049437
0.2685 -0.067004
0.3065 -0.076568
0.3210 -0.080229
0.3199 -0.079981
0.3065 -0.115030
0.2858 -0.107267
0.2650 -0.099461
0.2449 -0.091924
0.2240 -0.112136
0.2027 -0.101429
0.1841 -0.092133
0.1675 -0.083839
0.1524 -0.076267
0.1383 -0.069213
0.1249 -0.062523
0.1121 -0.055037
0.0998 -0.047003
0.0877 -0.039872
0.0755 -0.033298
0.0628 -0.026347
0.0494 -0.019291
0.0346 -0.012700
0.0175 -0.006121
-0.0031 0.000943
-0.0291 0.009069
-0.0624 0.018835
-0.1036 0.030388
-0.1498 0.042820
-0.1945 0.054434
-0.2329 0.062272
-0.2638 0.064048
-0.2878 0.061016
-0.3069 0.053805
-0.3221 0.046691
-0.3341 0.040046
-0.3435 0.034051
-0.3510 0.028765
-0.3568 0.024180
-0.3614 0.020251
-0.3651 0.016914
-0.3681 0.014098
-0.3705 0.011735
-0.3728 0.009761
-0.3749 0.008117
-0.3772 0.006752
-0.3797 0.005620
-0.3827 0.004684
-0.3864 0.003909
-0.3908 0.003269
-0.3961 0.002739
-0.4023 0.002301
-0.4095 0.001936
-0.4177 0.001633
-0.4268 0.001379
-0.4365 0.001166
-0.4469 0.000987
-0.4576 0.000836
-0.4684 0.000707
-0.4792 0.000598
-0.4897 0.000506
-0.4997 0.000427
-0.5087 0.000359
-0.5164 0.000301
-0.5223 0.000252
-0.5263 0.000210
-0.5282 0.000174
-0.5280 0.000144
-0.5260 0.000119
-0.5225 0.000097
-0.5177 0.000080
-0.5121 0.000065
-0.5059 0.000053
-0.4995 0.000044
-0.4932 0.000036
-0.4871 0.000029
-0.4814 0.000024
-0.4762 0.000019
-0.4715 0.000016
-0.4673 0.000013
-0.4634 0.000011
-0.4597 0.000009
-0.4562 0.000007
-0.4521 0.000006
-0.4466 0.000005
-0.4389 0.000004
-0.4289 0.000003
-0.4165 0.000003
