-0.3517 -0.055645
-0.3602 -0.052474
-0.3670 -0.049906
-0.3724 -0.047873
-0.3766 -0.046301
-0.3797 -0.044962
-0.3817 -0.041807
-0.3826 -0.039493
-0.3826 -0.037812
-0.3818 -0.035011
-0.3802 -0.031873
-0.3776 -0.027204
-0.3740 -0.023380
-0.3697 -0.020186
-0.3649 -0.017479
-0.3597 -0.015159
-0.3542 -0.013157
-0.3484 -0.011422
-0.3425 -0.009913
-0.3364 -0.008599
-0.3302 -0.007456
-0.3238 -0.006461
-0.3172 -0.005596
-0.3105 -0.004845
-0.3035 -0.004195
-0.2963 -0.003632
-0.2888 -0.003146
-0.2808 -0.002726
-0.2723 -0.002365
-0.2632 -0.002054
-0.2533 -0.001787
-0.2425 -0.001558
-0.2304 -0.001362
-0.2169 -0.001195
-0.2013 -0.001052
-0.1830 -0.000933
-0.1608 -0.000833
-0.1327 -0.000754
-0.0942 -0.000695
-0.0363 -0.000663
0.0557 -0.000663
0.1689 -0.000667
0.2448 -0.093655
0.2847 -0.098598
0.2961 -0.099978
0.2888 -0.099002
0.2710 -0.096711
0.2483 -0.093819
0.2241 -0.090743
0.2000 -0.087690
0.1766 -0.084739
0.1541 -0.081892
0.1320 -0.079109
0.1097 -0.076317
0.0866 -0.073409
0.0611 -0.070218
0.0311 -0.066465
-0.0072 -0.058436
-0.0581 -0.043779
-0.1246 -0.031083
-0.1985 -0.020860
-0.2658 -0.013532
-0.3202 -0.008679
-0.3615 -0.005581
-0.3921 -0.003632
-0.4141 -0.002414
-0.4295 -0.001653
-0.4399 -0.001177
-0.4464 -0.000876
-0.4498 -0.000685
-0.4508 -0.000560
-0.4499 -0.000476
-0.4474 -0.000417
-0.4436 -0.000374
-0.4387 -0.000339
-0.4329 -0.000310
-0.4261 -0.000285
-0.4185 -0.000263
-0.4102 -0.000242
-0.4011 -0.000222
-0.3912 -0.000204
-0.3805 -0.000187
-0.3689 -0.000172
-0.3565 -0.000157
-0.3432 -0.000143
-0.3289 -0.000131
-0.3134 -0.000119
-0.2968 -0.000108
-0.2821 -0.027312
-0.2680 -0.029068
-0.2574 -0.091046
-0.2569 -0.091230
-0.2602 -0.090000
-0.2679 -0.087111
-0.2795 -0.082772
-0.2934 -0.077542
-0.3081 -0.072044
-0.3221 -0.066760
-0.3349 -0.061980
-0.3459 -0.057834
-0.3552 -0.054347
-0.3628 -0.051486
-0.3689 -0.049191
-0.3737 -0.047392
-0.3773 -0.046018
-0.3799 -0.043689
-0.3814 -0.040940
-0.3818 -0.038929
-0.3815 -0.036903
-0.3803 -0.033602
-0.3782 -0.029875
-0.3751 -0.025581
-0.3712 -0.022032
-0.3666 -0.019047
-0.3616 -0.016504
-0.3563 -0.014317
-0.3506 -0.012426
-0.3448 -0.010784
-0.3387 -0.009356
-0.3326 -0.008113
-0.3263 -0.007031
-0.3198 -0.006090
-0.3132 -0.005273
-0.3063 -0.004565
-0.2993 -0.003951
-0.2919 -0.003421
-0.2842 -0.002963
-0.2760 -0.002568
-0.2673 -0.002228
-0.2578 -0.001937
-0.2475 -0.001686
-0.2361 -0.001471
-0.2234 -0.001288
-0.2089 -0.001132
-0.1921 -0.001000
-0.1721 -0.000889
-0.1473 -0.000799
-0.1147 -0.000729
-0.0680 -0.000682
0.0057 -0.000666
0.1136 -0.000675
0.2109 -0.089428
0.2681 -0.096547
0.2929 -0.099607
0.2941 -0.099693
0.2808 -0.097968
0.2600 -0.095319
0.2363 -0.092303
0.2121 -0.089226
0.1883 -0.086222
0.1654 -0.083328
0.1432 -0.080523
0.1211 -0.077750
0.0986 -0.074921
0.0746 -0.071906
0.0473 -0.068492
0.0139 -0.064317
-0.0296 -0.049896
-0.0877 -0.036545
-0.1591 -0.025245
-0.2312 -0.016632
-0.2926 -0.010717
-0.3406 -0.006879
-0.3766 -0.004448
-0.4028 -0.002924
-0.4215 -0.001971
-0.4345 -0.001375
-0.4429 -0.001000
-0.4479 -0.000762
-0.4501 -0.000609
-0.4502 -0.000507
-0.4485 -0.000438
-0.4454 -0.000387
-0.4411 -0.000349
-0.4358 -0.000318
-0.4296 -0.000291
-0.4225 -0.000268
-0.4146 -0.000246
-0.4060 -0.000226
-0.3966 -0.000208
-0.3865 -0.000191
-0.3755 -0.000175
-0.3638 -0.000160
-0.3511 -0.000146
-0.3375 -0.000133
-0.3229 -0.000121
-0.3072 -0.000110
-0.2903 -0.026294
-0.2771 -0.027929
-0.2628 -0.029708
-0.2570 -0.091180
-0.2576 -0.090972
-0.2622 -0.089240
-0.2712 -0.085875
-0.2836 -0.081215
-0.2979 -0.075870
-0.3124 -0.070432
-0.3260 -0.065319
-0.3381 -0.060761
-0.3485 -0.056850
-0.3572 -0.053588
-0.3643 -0.050931
-0.3699 -0.048814
-0.3743 -0.047167
-0.3776 -0.045923
-0.3798 -0.042908
-0.3808 -0.040425
-0.3810 -0.038614
-0.3804 -0.035996
-0.3789 -0.032936
-0.3765 -0.028435
-0.3731 -0.024403
-0.3689 -0.021048
-0.3642 -0.018212
-0.3590 -0.015787
-0.3535 -0.013698
-0.3478 -0.011888
-0.3418 -0.010315
-0.3357 -0.008946
-0.3295 -0.007755
-0.3231 -0.006718
-0.3166 -0.005817
-0.3100 -0.005035
-0.3031 -0.004357
-0.2960 -0.003770
-0.2886 -0.003263
-0.2808 -0.002825
-0.2725 -0.002448
-0.2637 -0.002124
-0.2541 -0.001846
-0.2436 -0.001607
-0.2320 -0.001403
-0.2190 -0.001228
-0.2042 -0.001080
-0.1868 -0.000955
-0.1660 -0.000850
-0.1398 -0.000766
-0.1048 -0.000701
-0.0533 -0.000662
0.0286 -0.000654
0.1402 -0.000661
0.2292 -0.091694
0.2773 -0.097683
0.2951 -0.099860
0.2918 -0.099385
0.2761 -0.097361
0.2543 -0.094584
0.2303 -0.091538
0.2062 -0.088477
0.1827 -0.085504
0.1600 -0.082640
0.1379 -0.079854
0.1158 -0.077082
0.0931 -0.074228
0.0685 -0.071146
0.0402 -0.067600
0.0048 -0.063176
-0.0421 -0.048312
-0.1043 -0.034887
-0.1775 -0.023760
-0.2477 -0.015530
-0.3058 -0.009984
-0.3505 -0.006416
-0.3838 -0.004165
-0.4079 -0.002755
-0.4250 -0.001874
-0.4366 -0.001322
-0.4440 -0.000975
-0.4482 -0.000753
-0.4498 -0.000610
-0.4493 -0.000513
-0.4472 -0.000447
-0.4437 -0.000397
-0.4391 -0.000359
-0.4334 -0.000328
-0.4269 -0.000301
-0.4195 -0.000276
-0.4113 -0.000254
-0.4024 -0.000234
-0.3928 -0.000214
-0.3823 -0.000197
-0.3710 -0.000180
-0.3589 -0.000164
-0.3459 -0.000150
-0.3320 -0.000137
-0.3169 -0.000124
-0.3008 -0.000113
-0.2863 -0.026803
-0.2728 -0.028472
-0.2621 -0.059548
-0.2604 -0.089909
-0.2639 -0.088608
-0.2714 -0.085814
-0.2823 -0.081702
-0.2956 -0.076745
-0.3095 -0.071508
-0.3230 -0.066446
-0.3352 -0.061845
-0.3459 -0.057840
-0.3549 -0.054463
-0.3622 -0.051688
-0.3682 -0.049460
-0.3728 -0.047712
-0.3764 -0.046378
-0.3789 -0.044434
-0.3803 -0.041603
-0.3808 -0.039529
-0.3805 -0.037786
-0.3793 -0.034356
-0.3772 -0.031509
-0.3743 -0.026942
-0.3705 -0.023181
-0.3660 -0.020028
-0.3610 -0.017347
-0.3557 -0.015045
-0.3500 -0.013057
-0.3442 -0.011331
-0.3381 -0.009830
-0.3319 -0.008523
-0.3256 -0.007385
-0.3192 -0.006395
-0.3126 -0.005535
-0.3059 -0.004789
-0.2989 -0.004143
-0.2917 -0.003584
-0.2842 -0.003101
-0.2763 -0.002685
-0.2679 -0.002326
-0.2589 -0.002018
-0.2491 -0.001754
-0.2384 -0.001527
-0.2265 -0.001333
-0.2130 -0.001168
-0.1976 -0.001028
-0.1794 -0.000910
-0.1573 -0.000812
-0.1291 -0.000734
-0.0902 -0.000677
-0.0313 -0.000647
0.0615 -0.000647
0.1728 -0.000647
0.2486 -0.094113
0.2851 -0.098634
0.2946 -0.099777
0.2865 -0.098704
0.2686 -0.096401
0.2461 -0.093536
0.2222 -0.090501
0.1984 -0.087489
0.1753 -0.084574
0.1530 -0.081756
0.1311 -0.078996
0.1090 -0.076223
0.0860 -0.073329
0.0606 -0.070149
0.0306 -0.066405
-0.0077 -0.061614
-0.0593 -0.046250
-0.1263 -0.032773
-0.2003 -0.021963
-0.2673 -0.014242
-0.3212 -0.009140
-0.3621 -0.005886
-0.3923 -0.003840
-0.4140 -0.002561
-0.4292 -0.001760
-0.4393 -0.001258
-0.4457 -0.000941
-0.4490 -0.000738
-0.4499 -0.000604
-0.4490 -0.000514
-0.4465 -0.000450
-0.4427 -0.000402
-0.4379 -0.000364
-0.4321 -0.000333
-0.4254 -0.000305
-0.4180 -0.000280
-0.4099 -0.000257
-0.4010 -0.000236
-0.3913 -0.000216
-0.3810 -0.000198
-0.3698 -0.000181
-0.3579 -0.000165
-0.3451 -0.000150
-0.3313 -0.000136
-0.3165 -0.000124
-0.3005 -0.000112
-0.2863 -0.026799
-0.2730 -0.028444
-0.2626 -0.059414
-0.2602 -0.090005
-0.2635 -0.088773
-0.2707 -0.086076
-0.2814 -0.082066
-0.2944 -0.077194
-0.3082 -0.072015
-0.3215 -0.066986
-0.3338 -0.062398
-0.3444 -0.058391
-0.3534 -0.055004
-0.3608 -0.052214
-0.3668 -0.049969
-0.3715 -0.048202
-0.3751 -0.046850
-0.3777 -0.044877
-0.3792 -0.042008
-0.3797 -0.039902
-0.3794 -0.037998
-0.3782 -0.034553
-0.3762 -0.031884
-0.3733 -0.027432
-0.3696 -0.023587
-0.3651 -0.020368
-0.3602 -0.017633
-0.3548 -0.015288
-0.3492 -0.013263
-0.3433 -0.011507
-0.3373 -0.009981
-0.3311 -0.008652
-0.3248 -0.007496
-0.3183 -0.006490
-0.3118 -0.005617
-0.3050 -0.004860
-0.2980 -0.004203
-0.2908 -0.003636
-0.2832 -0.003146
-0.2753 -0.002724
-0.2668 -0.002361
-0.2577 -0.002048
-0.2478 -0.001780
-0.2370 -0.001551
-0.2249 -0.001355
-0.2112 -0.001187
-0.1954 -0.001046
-0.1768 -0.000927
-0.1540 -0.000828
-0.1246 -0.000751
-0.0837 -0.000695
-0.0207 -0.000668
0.0771 -0.000671
0.1846 -0.086137
0.2518 -0.094519
0.2858 -0.098739
0.2937 -0.099667
0.2846 -0.098467
0.2662 -0.096101
0.2435 -0.093215
0.2196 -0.090180
0.1959 -0.087180
0.1730 -0.084277
0.1507 -0.081470
0.1288 -0.078715
0.1067 -0.075938
0.0835 -0.073028
0.0579 -0.069811
0.0274 -0.065996
-0.0117 -0.055354
-0.0635 -0.041340
-0.1306 -0.029235
-0.2040 -0.019577
-0.2700 -0.012706
-0.3229 -0.008169
-0.3631 -0.005273
-0.3927 -0.003451
-0.4140 -0.002309
-0.4289 -0.001594
-0.4389 -0.001144
-0.4450 -0.000859
-0.4481 -0.000676
-0.4490 -0.000555
-0.4479 -0.000473
-0.4454 -0.000414
-0.4416 -0.000370
-0.4368 -0.000334
-0.4311 -0.000305
-0.4246 -0.000278
-0.4173 -0.000255
-0.4094 -0.000233
-0.4007 -0.000213
-0.3914 -0.000195
-0.3815 -0.000178
-0.3707 -0.000162
-0.3593 -0.000147
-0.3470 -0.000134
-0.3338 -0.000121
-0.3196 -0.000110
-0.3043 -0.000100
-0.2881 -0.026567
-0.2755 -0.028127
-0.2616 -0.029853
-0.2535 -0.092488
-0.2541 -0.092280
-0.2586 -0.090609
-0.2674 -0.087282
-0.2799 -0.082618
-0.2942 -0.077243
-0.3088 -0.071760
-0.3226 -0.066597
-0.3348 -0.061987
-0.3454 -0.058025
-0.3542 -0.054715
-0.3614 -0.052013
-0.3671 -0.049855
-0.3716 -0.048171
-0.3750 -0.046893
-0.3773 -0.043804
-0.3784 -0.041257
-0.3786 -0.039394
-0.3781 -0.038051
-0.3769 -0.035024
-0.3747 -0.030298
-0.3715 -0.025959
-0.3674 -0.022364
-0.3627 -0.019336
-0.3576 -0.016752
-0.3521 -0.014530
-0.3463 -0.012607
-0.3404 -0.010938
-0.3342 -0.009487
-0.3279 -0.008224
-0.3215 -0.007125
-0.3149 -0.006170
-0.3081 -0.005341
-0.3012 -0.004622
-0.2940 -0.004000
-0.2865 -0.003462
-0.2786 -0.002998
-0.2702 -0.002599
-0.2612 -0.002255
-0.2516 -0.001959
-0.2410 -0.001706
-0.2293 -0.001489
-0.2162 -0.001304
-0.2012 -0.001146
-0.1836 -0.001013
-0.1624 -0.000903
-0.1358 -0.000814
-0.0998 -0.000746
-0.0463 -0.000706
0.0387 -0.000700
0.1485 -0.081647
0.2285 -0.091641
0.2754 -0.097470
0.2927 -0.099577
0.2893 -0.099096
0.2738 -0.097097
0.2524 -0.094357
0.2288 -0.091349
0.2049 -0.088321
0.1816 -0.085378
0.1591 -0.082538
0.1372 -0.079771
0.1153 -0.077015
0.0927 -0.074175
0.0682 -0.071108
0.0400 -0.067576
0.0051 -0.057154
-0.0400 -0.043486
-0.1002 -0.031584
-0.1720 -0.021650
-0.2420 -0.014226
-0.3006 -0.009185
-0.3459 -0.005925
-0.3798 -0.003861
-0.4044 -0.002564
-0.4218 -0.001750
-0.4337 -0.001239
-0.4413 -0.000915
-0.4456 -0.000708
-0.4473 -0.000573
-0.4469 -0.000482
-0.4449 -0.000418
-0.4414 -0.000371
-0.4368 -0.000334
-0.4312 -0.000303
-0.4247 -0.000277
-0.4174 -0.000254
-0.4094 -0.000233
-0.4006 -0.000213
-0.3911 -0.000195
-0.3809 -0.000178
-0.3700 -0.000163
-0.3582 -0.000148
-0.3457 -0.000134
-0.3323 -0.000122
-0.3180 -0.000111
-0.3027 -0.000100
-0.2888 -0.026478
-0.2779 -0.055581
-0.2720 -0.057052
-0.2681 -0.058034
-0.2717 -0.085700
-0.2800 -0.082562
-0.2909 -0.078469
-0.3033 -0.073827
-0.3160 -0.069056
-0.3282 -0.064497
-0.3391 -0.060373
-0.3487 -0.056793
-0.3567 -0.053782
-0.3632 -0.051316
-0.3685 -0.049347
-0.3725 -0.047813
-0.3756 -0.046656
-0.3778 -0.045307
-0.3790 -0.042456
-0.3792 -0.040363
-0.3785 -0.036611
-0.3769 -0.033527
-0.3745 -0.031123
-0.3716 -0.029236
-0.3681 -0.025331
-0.3639 -0.021834
-0.3591 -0.018877
-0.3539 -0.016348
-0.3483 -0.014171
-0.3425 -0.012286
-0.3365 -0.010651
-0.3304 -0.009230
-0.3241 -0.007995
-0.3176 -0.006922
-0.3110 -0.005990
-0.3042 -0.005182
-0.2972 -0.004482
-0.2900 -0.003877
-0.2825 -0.003354
-0.2746 -0.002903
-0.2662 -0.002514
-0.2573 -0.002180
-0.2476 -0.001893
-0.2371 -0.001646
-0.2256 -0.001435
-0.2126 -0.001255
-0.1979 -0.001102
-0.1806 -0.000973
-0.1599 -0.000865
-0.1337 -0.000778
-0.0985 -0.000712
-0.0464 -0.000672
0.0356 -0.000662
0.1431 -0.000664
0.2223 -0.090838
0.2670 -0.096387
0.2841 -0.098479
0.2821 -0.098164
0.2685 -0.096402
0.2488 -0.093895
0.2267 -0.091082
0.2040 -0.088204
0.1816 -0.085370
0.1598 -0.082611
0.1383 -0.079906
0.1168 -0.077205
0.0947 -0.074420
0.0707 -0.071420
0.0433 -0.067986
0.0094 -0.060616
-0.0344 -0.046289
-0.0928 -0.033822
-0.1639 -0.023327
-0.2347 -0.015384
-0.2946 -0.009947
-0.3413 -0.006417
-0.3763 -0.004178
-0.4018 -0.002770
-0.4199 -0.001885
-0.4324 -0.001329
-0.4405 -0.000977
-0.4452 -0.000751
-0.4472 -0.000603
-0.4472 -0.000504
-0.4454 -0.000435
-0.4423 -0.000384
-0.4381 -0.000344
-0.4329 -0.000311
-0.4268 -0.000283
-0.4200 -0.000259
-0.4125 -0.000236
-0.4044 -0.000216
-0.3955 -0.000197
-0.3861 -0.000179
-0.3760 -0.000163
-0.3652 -0.000148
-0.3537 -0.000134
-0.3415 -0.000121
-0.3285 -0.000110
-0.3147 -0.000099
-0.3001 -0.000089
-0.2889 -0.026454
-0.2838 -0.054111
-0.2809 -0.054831
-0.2800 -0.055048
-0.2819 -0.054571
-0.2910 -0.078430
-0.3022 -0.074234
-0.3138 -0.069871
-0.3252 -0.065622
-0.3356 -0.061689
-0.3449 -0.058190
-0.3529 -0.055183
-0.3596 -0.052671
-0.3651 -0.050627
-0.3694 -0.049007
-0.3727 -0.047760
-0.3751 -0.046833
-0.3769 -0.045351
-0.3776 -0.042687
-0.3774 -0.039306
-0.3762 -0.035704
-0.3741 -0.032903
-0.3715 -0.030704
-0.3684 -0.028971
-0.3650 -0.027604
-0.3611 -0.023977
-0.3566 -0.020675
-0.3516 -0.017869
-0.3462 -0.015463
-0.3405 -0.013390
-0.3346 -0.011596
-0.3285 -0.010040
-0.3223 -0.008691
-0.3159 -0.007519
-0.3093 -0.006504
-0.3026 -0.005623
-0.2957 -0.004861
-0.2885 -0.004202
-0.2811 -0.003632
-0.2733 -0.003141
-0.2651 -0.002718
-0.2565 -0.002354
-0.2472 -0.002041
-0.2371 -0.001772
-0.2260 -0.001542
-0.2138 -0.001346
-0.1998 -0.001178
-0.1838 -0.001037
-0.1646 -0.000918
-0.1409 -0.000821
-0.1098 -0.000745
-0.0656 -0.000692
0.0027 -0.000669
0.1015 -0.000668
0.1918 -0.087026
0.2465 -0.093848
0.2730 -0.097107
0.2781 -0.097693
0.2695 -0.096558
0.2531 -0.094449
0.2329 -0.091871
0.2113 -0.089122
0.1894 -0.086357
0.1679 -0.083638
0.1468 -0.080970
0.1257 -0.078318
0.1042 -0.075616
0.0814 -0.072760
0.0560 -0.069579
0.0257 -0.065429
-0.0125 -0.050692
-0.0630 -0.037965
-0.1286 -0.026957
-0.2010 -0.018135
-0.2666 -0.011822
-0.3196 -0.007634
-0.3599 -0.004950
-0.3897 -0.003254
-0.4112 -0.002187
-0.4263 -0.001516
-0.4364 -0.001092
-0.4427 -0.000821
-0.4460 -0.000646
-0.4470 -0.000529
-0.4462 -0.000449
-0.4439 -0.000391
-0.4403 -0.000347
-0.4357 -0.000312
-0.4302 -0.000283
-0.4240 -0.000257
-0.4171 -0.000234
-0.4095 -0.000214
-0.4013 -0.000195
-0.3925 -0.000177
-0.3832 -0.000161
-0.3732 -0.000146
-0.3625 -0.000132
-0.3512 -0.000119
-0.3393 -0.000108
-0.3267 -0.000097
-0.3136 -0.000087
-0.3002 -0.000078
-0.2902 -0.052516
-0.2881 -0.053034
-0.2869 -0.053325
-0.2872 -0.053232
-0.2897 -0.052613
-0.2965 -0.076390
-0.3072 -0.072353
-0.3181 -0.068254
-0.3286 -0.064320
-0.3382 -0.060709
-0.3467 -0.057510
-0.3540 -0.054766
-0.3601 -0.052476
-0.3651 -0.050616
-0.3690 -0.049145
-0.3720 -0.048019
-0.3742 -0.047188
-0.3757 -0.046116
-0.3764 -0.043407
-0.3760 -0.039472
-0.3746 -0.035911
-0.3725 -0.033133
-0.3698 -0.030947
-0.3666 -0.029218
-0.3631 -0.027852
-0.3594 -0.025566
-0.3551 -0.022006
-0.3503 -0.018994
-0.3450 -0.016422
-0.3394 -0.014210
-0.3335 -0.012300
-0.3274 -0.010647
-0.3212 -0.009214
-0.3147 -0.007972
-0.3081 -0.006895
-0.3013 -0.005962
-0.2943 -0.005155
-0.2871 -0.004457
-0.2795 -0.003854
-0.2716 -0.003334
-0.2633 -0.002886
-0.2544 -0.002500
-0.2449 -0.002169
-0.2346 -0.001885
-0.2232 -0.001641
-0.2106 -0.001433
-0.1962 -0.001256
-0.1795 -0.001107
-0.1595 -0.000982
-0.1345 -0.000880
-0.1013 -0.000802
-0.0534 -0.000750
0.0210 -0.000730
0.1173 -0.077777
0.1963 -0.087632
0.2472 -0.093971
0.2711 -0.096894
0.2747 -0.097289
0.2655 -0.096071
0.2490 -0.093948
0.2290 -0.091393
0.2077 -0.088681
0.1862 -0.085956
0.1649 -0.083272
0.1440 -0.080630
0.1231 -0.077994
0.1016 -0.075296
0.0788 -0.072428
0.0531 -0.069213
0.0231 -0.055769
-0.0139 -0.043294
-0.0633 -0.032493
-0.1279 -0.023136
-0.1994 -0.015615
-0.2647 -0.010209
-0.3176 -0.006609
-0.3581 -0.004296
-0.3880 -0.002830
-0.4096 -0.001906
-0.4248 -0.001324
-0.4351 -0.000954
-0.4415 -0.000718
-0.4449 -0.000564
-0.4460 -0.000462
-0.4453 -0.000391
-0.4430 -0.000340
-0.4395 -0.000301
-0.4350 -0.000270
-0.4296 -0.000244
-0.4234 -0.000222
-0.4166 -0.000202
-0.4091 -0.000184
-0.4011 -0.000167
-0.3924 -0.000152
-0.3832 -0.000138
-0.3733 -0.000125
-0.3629 -0.000113
-0.3519 -0.000102
-0.3403 -0.000092
-0.3283 -0.000082
-0.3159 -0.000074
-0.3034 -0.000066
-0.2911 -0.000058
-0.2873 -0.053224
-0.2865 -0.053422
-0.2866 -0.053393
-0.2882 -0.052975
-0.2920 -0.078045
-0.3023 -0.074194
-0.3130 -0.070162
-0.3236 -0.066187
-0.3336 -0.062461
-0.3425 -0.059110
-0.3502 -0.056197
-0.3568 -0.053740
-0.3621 -0.051727
-0.3664 -0.050121
-0.3697 -0.048878
-0.3722 -0.047949
-0.3739 -0.047286
-0.3749 -0.043639
-0.3745 -0.039129
-0.3731 -0.035651
-0.3710 -0.032933
-0.3683 -0.030794
-0.3652 -0.029105
-0.3617 -0.027772
-0.3581 -0.026729
-0.3540 -0.022993
-0.3493 -0.019822
-0.3441 -0.017123
-0.3385 -0.014810
-0.3327 -0.012818
-0.3266 -0.011096
-0.3202 -0.009604
-0.3137 -0.008312
-0.3070 -0.007192
-0.3001 -0.006222
-0.2929 -0.005381
-0.2855 -0.004654
-0.2779 -0.004026
-0.2698 -0.003484
-0.2613 -0.003017
-0.2523 -0.002615
-0.2427 -0.002269
-0.2322 -0.001972
-0.2206 -0.001718
-0.2077 -0.001501
-0.1930 -0.001316
-0.1759 -0.001161
-0.1554 -0.001031
-0.1298 -0.000924
-0.0958 -0.000843
-0.0469 -0.000789
0.0191 -0.065550
0.1023 -0.075915
0.1812 -0.085750
0.2344 -0.092370
0.2609 -0.095630
0.2672 -0.096357
0.2604 -0.095436
0.2459 -0.093561
0.2274 -0.091200
0.2072 -0.088635
0.1866 -0.086017
0.1660 -0.083413
0.1456 -0.080835
0.1251 -0.078254
0.1041 -0.075613
0.0820 -0.068386
0.0592 -0.054876
0.0340 -0.043772
0.0035 -0.034472
-0.0369 -0.026488
-0.0919 -0.019504
-0.1598 -0.013584
-0.2288 -0.009046
-0.2883 -0.005898
-0.3352 -0.003834
-0.3706 -0.002513
-0.3967 -0.001676
-0.4153 -0.001147
-0.4282 -0.000812
-0.4367 -0.000597
-0.4418 -0.000459
-0.4441 -0.000367
-0.4444 -0.000305
-0.4429 -0.000262
-0.4401 -0.000229
-0.4362 -0.000204
-0.4312 -0.000184
-0.4255 -0.000166
-0.4190 -0.000151
-0.4118 -0.000137
-0.4041 -0.000125
-0.3957 -0.000113
-0.3868 -0.000103
-0.3773 -0.000093
-0.3674 -0.000084
-0.3570 -0.000075
-0.3464 -0.000068
-0.3357 -0.000060
-0.3252 -0.000054
-0.3152 -0.000047
-0.3061 -0.000042
-0.2980 -0.000036
-0.2946 -0.025703
-0.2935 -0.025833
-0.2935 -0.025833
-0.2947 -0.025677
-0.2973 -0.025361
