0.4196
0.3196
0.2717
0.2478
0.2380
0.2350
0.2347
0.2343
0.2346
0.2350
0.2350
0.2349
0.2346
0.2347
0.2352
0.2349
0.2348
0.2346
0.2353
0.2345
0.2343
0.2349
0.2347
0.2351
0.2343
0.2349
0.2348
0.2349
0.2349
0.2347
0.2347
0.2350
0.2347
0.2352
0.2351
0.2347
0.2349
0.2347
0.2350
0.2348
0.2349
0.2349
0.2349
0.2345
0.2347
0.2351
0.2345
0.2346
0.2344
0.2351
0.2350
0.2348
0.2348
0.2351
0.2346
0.2350
0.2350
0.2346
0.2351
0.2349
0.2347
0.2350
0.2347
0.2345
0.2352
0.2349
0.2349
0.2353
0.2347
0.2346
0.2346
0.2349
0.2351
0.2351
0.2346
0.2351
0.2350
0.2347
0.2349
0.2347
0.2349
0.2352
0.2350
0.2348
0.2351
0.2343
0.2355
0.2345
0.2347
0.2348
0.2350
0.2348
0.2348
0.2344
0.2348
0.2349
0.2350
0.2344
0.2352
0.2350
0.2351
0.2346
0.2348
0.2350
0.2345
0.2351
0.2349
0.2347
0.2351
0.2345
0.2351
0.2344
0.2349
0.2347
0.2345
0.2347
0.2352
0.2346
0.2348
0.2351
0.2344
0.2348
0.2347
0.2347
0.2350
0.2348
0.2345
0.2351
0.2344
0.2349
0.2345
0.2353
0.2350
0.2349
0.2342
0.2349
0.2350
0.2355
0.2346
0.2349
0.2347
0.2349
0.2348
0.2351
0.2345
0.2348
0.2345
0.2345
0.2348
0.2347
