-0.2715 0.000079
-0.2676 0.000065
-0.2639 0.000053
-0.2605 0.000043
-0.2574 0.000035
-0.2547 0.000029
-0.2525 0.000024
-0.2508 0.000019
-0.2497 0.000016
-0.2493 0.000013
-0.2269 0.164765
-0.1968 0.142864
-0.1697 0.123208
-0.1442 0.104727
-0.1190 0.086437
-0.0924 0.067217
-0.0519 0.113911
-0.0016 0.004496
0.0443 -0.095457
0.0791 -0.171450
0.0993 -0.215741
0.1068 -0.232139
0.1051 -0.228731
0.0983 -0.205338
0.0897 -0.177578
0.0725 -0.189727
0.0552 -0.140417
0.0399 -0.099027
0.0255 -0.062169
0.0118 -0.025934
-0.0018 0.003268
-0.0169 0.028550
-0.0342 0.052364
-0.0547 0.076113
-0.0785 0.100284
-0.1052 0.124309
-0.1330 0.146684
-0.1597 0.165711
-0.1849 0.162135
-0.2102 0.152415
-0.2345 0.140628
-0.2572 0.127534
-0.2778 0.113924
-0.2963 0.100457
-0.3125 0.087616
-0.3265 0.075710
-0.3386 0.064907
-0.3487 0.055271
-0.3570 0.046792
-0.3637 0.039416
-0.3689 0.033057
-0.3727 0.027617
-0.3754 0.022995
-0.3769 0.019090
-0.3774 0.015806
-0.3770 0.013057
-0.3759 0.010763
-0.3741 0.008856
-0.3717 0.007275
-0.3688 0.005968
-0.3654 0.004889
-0.3616 0.004001
-0.3576 0.003271
-0.3532 0.002672
-0.3487 0.002181
-0.3440 0.001779
-0.3392 0.001450
-0.3342 0.001181
-0.3292 0.000962
-0.3242 0.000783
-0.3191 0.000638
-0.3141 0.000519
-0.3091 0.000422
-0.3041 0.000343
-0.2992 0.000279
-0.2945 0.000227
-0.2898 0.000185
-0.2852 0.000151
-0.2808 0.000123
-0.2765 0.000100
-0.2725 0.000081
-0.2686 0.000066
-0.2651 0.000054
-0.2618 0.000044
-0.2588 0.000036
-0.2563 0.000030
-0.2543 0.000024
-0.2529 0.000020
-0.2521 0.000016
-0.2512 0.182411
-0.2179 0.158213
-0.1889 0.137179
-0.1626 0.118090
-0.1376 0.099917
-0.1124 0.081660
-0.0816 0.118858
-0.0385 0.056511
0.0102 -0.021179
0.0540 -0.116526
0.0853 -0.185042
0.1022 -0.222103
0.1072 -0.233230
0.1041 -0.226481
0.0969 -0.198824
0.0882 -0.171716
0.0709 -0.183839
0.0536 -0.135074
0.0381 -0.093981
0.0237 -0.056402
0.0098 -0.021346
-0.0043 0.007812
-0.0198 0.033355
-0.0379 0.057629
-0.0592 0.081916
-0.0839 0.106516
-0.1111 0.130625
-0.1390 0.152602
-0.1653 0.170827
-0.1897 0.166352
-0.2142 0.155276
-0.2377 0.142508
-0.2596 0.128738
-0.2797 0.114679
-0.2977 0.100923
-0.3135 0.087899
-0.3273 0.075878
-0.3391 0.065004
-0.3491 0.055324
-0.3573 0.046820
-0.3639 0.039428
-0.3690 0.033060
-0.3728 0.027616
-0.3754 0.022992
-0.3769 0.019086
-0.3774 0.015802
-0.3770 0.013053
-0.3759 0.010760
-0.3740 0.008854
-0.3716 0.007273
-0.3687 0.005966
-0.3653 0.004888
-0.3616 0.004000
-0.3575 0.003270
-0.3532 0.002671
-0.3487 0.002180
-0.3440 0.001778
-0.3392 0.001450
-0.3343 0.001181
-0.3293 0.000962
-0.3243 0.000783
-0.3192 0.000638
-0.3142 0.000519
-0.3092 0.000422
-0.3043 0.000344
-0.2995 0.000280
-0.2947 0.000227
-0.2901 0.000185
-0.2855 0.000151
-0.2812 0.000123
-0.2770 0.000100
-0.2730 0.000081
-0.2693 0.000066
-0.2658 0.000054
-0.2627 0.000044
-0.2599 0.000036
-0.2576 0.000030
-0.2558 0.000024
-0.2546 0.000020
-0.2540 0.000017
-0.2409 0.174948
-0.2092 0.151896
-0.1813 0.131644
-0.1557 0.113052
-0.1309 0.095118
-0.1057 0.076815
-0.0682 0.099565
-0.0239 0.035265
0.0239 -0.050916
0.0646 -0.139741
0.0917 -0.199038
0.1048 -0.227890
0.1072 -0.233271
0.1026 -0.218739
0.0951 -0.191584
0.0860 -0.164949
0.0680 -0.174527
0.0508 -0.126943
0.0353 -0.086488
0.0209 -0.048415
0.0070 -0.015127
-0.0075 0.013801
-0.0237 0.039483
-0.0425 0.064125
-0.0647 0.088835
-0.0901 0.113669
-0.1177 0.137575
-0.1454 0.158829
-0.1710 0.175973
-0.1947 0.169064
-0.2184 0.156798
-0.2412 0.143196
-0.2625 0.128882
-0.2820 0.114493
-0.2995 0.100556
-0.3150 0.087447
-0.3285 0.075402
-0.3401 0.064541
-0.3498 0.054894
-0.3578 0.046432
-0.3643 0.039086
-0.3693 0.032763
-0.3730 0.027362
-0.3756 0.022776
-0.3770 0.018903
-0.3774 0.015649
-0.3770 0.012925
-0.3759 0.010654
-0.3740 0.008765
-0.3716 0.007200
-0.3686 0.005906
-0.3653 0.004839
-0.3615 0.003960
-0.3575 0.003237
-0.3531 0.002644
-0.3486 0.002158
-0.3439 0.001760
-0.3391 0.001435
-0.3342 0.001169
-0.3292 0.000952
-0.3242 0.000776
-0.3192 0.000631
-0.3142 0.000514
-0.3093 0.000418
-0.3044 0.000340
-0.2995 0.000277
-0.2948 0.000225
-0.2902 0.000183
-0.2857 0.000149
-0.2815 0.000122
-0.2773 0.000099
-0.2735 0.000081
-0.2698 0.000066
-0.2664 0.000054
-0.2634 0.000044
-0.2608 0.000036
-0.2587 0.000030
-0.2572 0.000024
-0.2562 0.000020
-0.2560 0.000017
-0.2314 0.168048
-0.2011 0.146025
-0.1742 0.126479
-0.1492 0.108332
-0.1247 0.090604
-0.0971 0.141450
-0.0552 0.080665
-0.0094 0.014322
0.0379 -0.081387
0.0748 -0.162079
0.0974 -0.211540
0.1069 -0.232347
0.1068 -0.232331
0.1011 -0.211171
0.0932 -0.184409
0.0838 -0.158171
0.0645 -0.164092
0.0475 -0.117805
0.0321 -0.077258
0.0178 -0.040039
0.0037 -0.007985
-0.0113 0.020734
-0.0281 0.046578
-0.0477 0.071572
-0.0707 0.096626
-0.0968 0.121524
-0.1246 0.144978
-0.1519 0.165254
-0.1766 0.181128
-0.1996 0.171081
-0.2225 0.157732
-0.2446 0.143391
-0.2654 0.128611
-0.2843 0.113957
-0.3014 0.099890
-0.3165 0.086741
-0.3297 0.074710
-0.3410 0.063894
-0.3506 0.054308
-0.3584 0.045913
-0.3648 0.038633
-0.3697 0.032374
-0.3733 0.027030
-0.3757 0.022495
-0.3771 0.018667
-0.3775 0.015452
-0.3771 0.012761
-0.3759 0.010517
-0.3740 0.008653
-0.3715 0.007107
-0.3686 0.005830
-0.3652 0.004776
-0.3614 0.003908
-0.3574 0.003195
-0.3530 0.002610
-0.3485 0.002130
-0.3438 0.001737
-0.3390 0.001416
-0.3341 0.001154
-0.3292 0.000940
-0.3242 0.000766
-0.3192 0.000623
-0.3142 0.000507
-0.3093 0.000413
-0.3044 0.000336
-0.2996 0.000273
-0.2950 0.000223
-0.2904 0.000181
-0.2860 0.000148
-0.2818 0.000120
-0.2778 0.000098
-0.2740 0.000080
-0.2705 0.000065
-0.2673 0.000053
-0.2644 0.000044
-0.2621 0.000036
-0.2602 0.000029
-0.2589 0.000024
-0.2583 0.000020
-0.2550 0.185143
-0.2215 0.160803
-0.1926 0.139822
-0.1666 0.120986
-0.1422 0.103278
-0.1180 0.085731
-0.0831 0.121118
-0.0402 0.058913
0.0072 -0.009655
0.0539 -0.116356
0.0857 -0.185834
0.1029 -0.223663
0.1084 -0.235645
0.1056 -0.229179
0.0991 -0.202594
0.0906 -0.176074
0.0793 -0.205240
0.0598 -0.150682
0.0431 -0.105979
0.0278 -0.064883
0.0136 -0.029755
-0.0008 0.001424
-0.0163 0.029862
-0.0339 0.055786
-0.0545 0.081073
-0.0785 0.106350
-0.1051 0.131060
-0.1329 0.153686
-0.1595 0.172579
-0.1831 0.185336
-0.2054 0.171925
-0.2276 0.157564
-0.2491 0.142551
-0.2691 0.127376
-0.2875 0.112530
-0.3041 0.098413
-0.3188 0.085304
-0.3316 0.073367
-0.3426 0.062672
-0.3518 0.053220
-0.3594 0.044959
-0.3655 0.037807
-0.3703 0.031665
-0.3737 0.026426
-0.3760 0.021985
-0.3773 0.018239
-0.3776 0.015093
-0.3771 0.012462
-0.3758 0.010269
-0.3739 0.008447
-0.3714 0.006938
-0.3684 0.005690
-0.3650 0.004661
-0.3612 0.003814
-0.3571 0.003118
-0.3528 0.002546
-0.3483 0.002078
-0.3436 0.001695
-0.3388 0.001382
-0.3339 0.001126
-0.3289 0.000917
-0.3239 0.000747
-0.3190 0.000608
-0.3140 0.000495
-0.3091 0.000403
-0.3043 0.000328
-0.2996 0.000267
-0.2950 0.000217
-0.2905 0.000177
-0.2862 0.000144
-0.2821 0.000117
-0.2782 0.000096
-0.2745 0.000078
-0.2711 0.000064
-0.2681 0.000052
-0.2655 0.000043
-0.2634 0.000035
-0.2619 0.000029
-0.2610 0.000024
-0.2607 0.000020
-0.2392 0.173681
-0.2082 0.151139
-0.1810 0.131396
-0.1561 0.113356
-0.1323 0.096069
-0.1050 0.152895
-0.0637 0.093020
-0.0190 0.028188
0.0298 -0.042525
0.0733 -0.158711
0.0974 -0.211428
0.1079 -0.234574
0.1086 -0.236254
0.1034 -0.217109
0.0958 -0.190599
0.0867 -0.164430
0.0710 -0.180897
0.0526 -0.130828
0.0363 -0.087274
0.0215 -0.048328
0.0072 -0.015311
-0.0078 0.015096
-0.0240 0.043233
-0.0428 0.069073
-0.0647 0.094529
-0.0897 0.119770
-0.1169 0.143774
-0.1443 0.164852
-0.1697 0.181614
-0.1919 0.184282
-0.2139 0.169795
-0.2355 0.154635
-0.2563 0.139129
-0.2756 0.123735
-0.2933 0.108883
-0.3092 0.094910
-0.3232 0.082040
-0.3354 0.070395
-0.3458 0.060015
-0.3546 0.050877
-0.3617 0.042918
-0.3674 0.036045
-0.3718 0.030157
-0.3749 0.025144
-0.3769 0.020901
-0.3779 0.017327
-0.3780 0.014329
-0.3773 0.011825
-0.3758 0.009739
-0.3737 0.008008
-0.3711 0.006575
-0.3680 0.005390
-0.3645 0.004414
-0.3606 0.003611
-0.3564 0.002951
-0.3521 0.002410
-0.3475 0.001967
-0.3428 0.001604
-0.3380 0.001308
-0.3331 0.001066
-0.3281 0.000868
-0.3232 0.000707
-0.3182 0.000575
-0.3133 0.000468
-0.3084 0.000381
-0.3037 0.000310
-0.2990 0.000253
-0.2945 0.000206
-0.2901 0.000168
-0.2859 0.000137
-0.2819 0.000111
-0.2781 0.000091
-0.2746 0.000074
-0.2715 0.000061
-0.2688 0.000050
-0.2665 0.000041
-0.2648 0.000033
-0.2636 0.000027
-0.2631 0.000023
-0.2544 0.184702
-0.2213 0.160642
-0.1928 0.139949
-0.1672 0.121432
-0.1434 0.104112
-0.1199 0.087067
-0.0816 0.118988
-0.0388 0.056979
0.0084 -0.011517
0.0571 -0.082064
0.0912 -0.197822
0.1063 -0.231004
0.1101 -0.239439
0.1064 -0.228570
0.0996 -0.201959
0.0911 -0.175630
0.0808 -0.208219
0.0608 -0.152547
0.0436 -0.106852
0.0280 -0.064284
0.0135 -0.029101
-0.0013 0.002253
-0.0170 0.032289
-0.0344 0.059604
-0.0547 0.085268
-0.0783 0.110705
-0.1045 0.135441
-0.1320 0.157992
-0.1584 0.176715
-0.1820 0.190712
-0.2034 0.179610
-0.2251 0.164338
-0.2462 0.148633
-0.2662 0.132880
-0.2847 0.117514
-0.3015 0.102904
-0.3165 0.089321
-0.3297 0.076929
-0.3410 0.065803
-0.3507 0.055947
-0.3587 0.047317
-0.3652 0.039831
-0.3702 0.033393
-0.3740 0.027893
-0.3766 0.023224
-0.3782 0.019281
-0.3788 0.015966
-0.3785 0.013191
-0.3774 0.010876
-0.3757 0.008951
-0.3733 0.007355
-0.3705 0.006035
-0.3672 0.004945
-0.3635 0.004048
-0.3595 0.003310
-0.3553 0.002704
-0.3508 0.002208
-0.3461 0.001801
-0.3414 0.001469
-0.3365 0.001197
-0.3316 0.000975
-0.3266 0.000794
-0.3217 0.000647
-0.3168 0.000527
-0.3119 0.000429
-0.3071 0.000349
-0.3024 0.000284
-0.2978 0.000231
-0.2934 0.000188
-0.2891 0.000154
-0.2851 0.000125
-0.2812 0.000102
-0.2777 0.000083
-0.2745 0.000068
-0.2716 0.000056
-0.2693 0.000046
-0.2674 0.000038
-0.2662 0.000031
-0.2655 0.000025
-0.2641 0.191759
-0.2295 0.166664
-0.2001 0.145312
-0.1741 0.126440
-0.1502 0.109037
-0.1269 0.092209
-0.0923 0.134369
-0.0505 0.073856
-0.0045 0.007282
0.0444 -0.063641
0.0872 -0.189042
0.1051 -0.228368
0.1108 -0.241010
0.1083 -0.235336
0.1019 -0.208657
0.0937 -0.182262
0.0841 -0.156440
0.0665 -0.167514
0.0484 -0.119259
0.0323 -0.075004
0.0175 -0.038091
0.0027 -0.005808
-0.0129 0.024601
-0.0298 0.054350
-0.0492 0.080307
-0.0717 0.105812
-0.0971 0.130803
-0.1243 0.154055
-0.1511 0.173878
-0.1755 0.189108
-0.1971 0.186588
-0.2186 0.171145
-0.2398 0.155269
-0.2601 0.139266
-0.2791 0.123555
-0.2965 0.108522
-0.3121 0.094461
-0.3259 0.081564
-0.3379 0.069929
-0.3482 0.059578
-0.3568 0.050479
-0.3638 0.042562
-0.3694 0.035733
-0.3737 0.029886
-0.3767 0.024912
-0.3786 0.020703
-0.3796 0.017160
-0.3796 0.014189
-0.3788 0.011708
-0.3773 0.009642
-0.3751 0.007927
-0.3725 0.006507
-0.3693 0.005335
-0.3658 0.004369
-0.3619 0.003574
-0.3577 0.002921
-0.3533 0.002385
-0.3487 0.001946
-0.3440 0.001587
-0.3391 0.001294
-0.3342 0.001054
-0.3293 0.000859
-0.3243 0.000699
-0.3194 0.000570
-0.3145 0.000464
-0.3097 0.000377
-0.3049 0.000307
-0.3003 0.000250
-0.2959 0.000204
-0.2916 0.000166
-0.2875 0.000135
-0.2837 0.000110
-0.2801 0.000090
-0.2768 0.000074
-0.2740 0.000060
-0.2716 0.000049
-0.2697 0.000041
-0.2684 0.000033
-0.2678 0.000028
-0.2678 0.000023
-0.2331 0.169243
-0.2034 0.147646
-0.1772 0.128664
-0.1532 0.111275
-0.1303 0.094602
-0.0966 0.140713
-0.0553 0.080862
-0.0101 0.015269
0.0387 -0.055412
0.0834 -0.120361
0.1051 -0.228426
0.1114 -0.242372
0.1093 -0.237744
0.1029 -0.211428
0.0948 -0.184971
0.0854 -0.159123
0.0693 -0.174872
0.0508 -0.125199
0.0344 -0.079975
0.0193 -0.042192
0.0044 -0.009327
-0.0112 0.021450
-0.0282 0.051971
-0.0472 0.079214
-0.0692 0.104783
-0.0942 0.129827
-0.1211 0.153274
-0.1480 0.173470
-0.1727 0.189160
-0.1944 0.190605
-0.2158 0.174971
-0.2370 0.158936
-0.2575 0.142754
-0.2766 0.126828
-0.2943 0.111552
-0.3102 0.097228
-0.3243 0.084060
-0.3366 0.072153
-0.3472 0.061538
-0.3562 0.052190
-0.3635 0.044042
-0.3694 0.037004
-0.3739 0.030970
-0.3771 0.025831
-0.3793 0.021479
-0.3804 0.017811
-0.3806 0.014734
-0.3799 0.012162
-0.3786 0.010019
-0.3765 0.008240
-0.3740 0.006766
-0.3709 0.005549
-0.3674 0.004544
-0.3636 0.003718
-0.3594 0.003039
-0.3550 0.002482
-0.3505 0.002026
-0.3457 0.001653
-0.3409 0.001347
-0.3360 0.001098
-0.3311 0.000894
-0.3261 0.000728
-0.3211 0.000593
-0.3162 0.000483
-0.3114 0.000393
-0.3067 0.000320
-0.3021 0.000261
-0.2976 0.000212
-0.2933 0.000173
-0.2892 0.000141
-0.2854 0.000115
-0.2818 0.000094
-0.2786 0.000077
-0.2757 0.000063
-0.2734 0.000052
-0.2715 0.000042
-0.2703 0.000035
-0.2697 0.000029
-0.2671 0.193925
-0.2323 0.168629
-0.2027 0.147202
-0.1768 0.128364
-0.1530 0.111111
-0.1302 0.094580
-0.0954 0.138851
-0.0541 0.079043
-0.0088 0.013399
0.0399 -0.057182
0.0843 -0.121678
0.1066 -0.231579
0.1121 -0.243858
0.1094 -0.237346
0.1029 -0.210479
0.0947 -0.183996
0.0851 -0.158177
0.0694 -0.174797
0.0507 -0.124891
0.0343 -0.079271
0.0191 -0.041511
0.0040 -0.008509
-0.0118 0.022504
-0.0290 0.053303
-0.0481 0.081522
-0.0701 0.107111
-0.0951 0.132074
-0.1219 0.155355
-0.1486 0.175332
-0.1733 0.190792
-0.1947 0.192935
-0.2159 0.176888
-0.2370 0.160560
-0.2573 0.144154
-0.2764 0.128051
-0.2941 0.112626
-0.3100 0.098175
-0.3242 0.084894
-0.3366 0.072887
-0.3473 0.062181
-0.3563 0.052750
-0.3637 0.044526
-0.3697 0.037419
-0.3743 0.031324
-0.3776 0.026132
-0.3799 0.021733
-0.3810 0.018025
-0.3813 0.014914
-0.3807 0.012312
-0.3794 0.010145
-0.3774 0.008344
-0.3749 0.006853
-0.3718 0.005620
-0.3684 0.004603
-0.3645 0.003767
-0.3604 0.003079
-0.3560 0.002515
-0.3515 0.002053
-0.3468 0.001675
-0.3419 0.001365
-0.3370 0.001113
-0.3321 0.000906
-0.3271 0.000738
-0.3222 0.000601
-0.3173 0.000490
-0.3125 0.000399
-0.3078 0.000325
-0.3032 0.000264
-0.2987 0.000215
-0.2944 0.000176
-0.2904 0.000143
-0.2866 0.000117
-0.2831 0.000095
-0.2799 0.000078
-0.2772 0.000064
-0.2749 0.000052
-0.2732 0.000043
-0.2721 0.000035
-0.2716 0.000029
-0.2611 0.189604
-0.2274 0.165104
-0.1987 0.144256
-0.1733 0.125834
-0.1499 0.108881
-0.1274 0.092556
-0.0890 0.129665
-0.0474 0.069405
-0.0015 0.002910
0.0470 -0.067493
0.0898 -0.129670
0.1090 -0.236914
0.1126 -0.244995
0.1088 -0.232799
0.1019 -0.206035
0.0935 -0.179701
0.0837 -0.154058
0.0669 -0.167606
0.0485 -0.118597
0.0322 -0.073383
0.0170 -0.036523
0.0017 -0.003816
-0.0144 0.027297
-0.0321 0.058434
-0.0516 0.086823
-0.0741 0.112399
-0.0994 0.137178
-0.1263 0.159987
-0.1527 0.179239
-0.1769 0.193869
-0.1980 0.192524
-0.2191 0.176148
-0.2400 0.159577
-0.2601 0.143021
-0.2790 0.126849
-0.2964 0.111423
-0.3121 0.097020
-0.3261 0.083818
-0.3384 0.071908
-0.3489 0.061308
-0.3577 0.051981
-0.3650 0.043857
-0.3709 0.036843
-0.3754 0.030831
-0.3786 0.025712
-0.3807 0.021379
-0.3818 0.017727
-0.3820 0.014664
-0.3813 0.012104
-0.3800 0.009972
-0.3779 0.008201
-0.3753 0.006734
-0.3723 0.005522
-0.3688 0.004523
-0.3649 0.003701
-0.3608 0.003025
-0.3564 0.002471
-0.3518 0.002017
-0.3471 0.001645
-0.3422 0.001341
-0.3373 0.001093
-0.3324 0.000890
-0.3274 0.000725
-0.3225 0.000591
-0.3176 0.000481
-0.3128 0.000392
-0.3081 0.000319
-0.3035 0.000260
-0.2991 0.000212
-0.2949 0.000173
-0.2910 0.000141
-0.2872 0.000115
-0.2838 0.000094
-0.2808 0.000077
-0.2782 0.000063
-0.2761 0.000052
-0.2746 0.000042
-0.2737 0.000035
-0.2735 0.000029
-0.2499 0.181479
-0.2181 0.158343
-0.1907 0.138449
-0.1662 0.120669
-0.1434 0.104115
-0.1168 0.169893
-0.0767 0.111770
-0.0341 0.050096
0.0130 -0.018116
0.0608 -0.087444
0.0999 -0.144402
0.1118 -0.242975
0.1124 -0.244569
0.1071 -0.224398
0.0997 -0.197775
0.0908 -0.171674
0.0806 -0.146291
0.0616 -0.153087
0.0437 -0.104311
0.0279 -0.062076
0.0126 -0.026651
-0.0030 0.005554
-0.0197 0.036776
-0.0380 0.068374
-0.0584 0.095828
-0.0818 0.121273
-0.1077 0.145596
-0.1346 0.167423
-0.1605 0.185262
-0.1837 0.198348
-0.2043 0.189850
-0.2252 0.173070
-0.2458 0.156225
-0.2656 0.139553
-0.2840 0.123408
-0.3009 0.108120
-0.3162 0.093933
-0.3297 0.080995
-0.3415 0.069371
-0.3516 0.059059
-0.3601 0.050012
-0.3671 0.042151
-0.3726 0.035376
-0.3768 0.029579
-0.3798 0.024650
-0.3816 0.020482
-0.3825 0.016974
-0.3825 0.014034
-0.3817 0.011579
-0.3802 0.009535
-0.3780 0.007839
-0.3753 0.006435
-0.3721 0.005276
-0.3685 0.004320
-0.3646 0.003534
-0.3604 0.002888
-0.3560 0.002359
-0.3514 0.001925
-0.3466 0.001570
-0.3417 0.001280
-0.3368 0.001043
-0.3319 0.000850
-0.3269 0.000692
-0.3220 0.000564
-0.3172 0.000459
-0.3124 0.000374
-0.3078 0.000304
-0.3033 0.000248
-0.2989 0.000202
-0.2948 0.000165
-0.2909 0.000134
-0.2873 0.000110
-0.2841 0.000090
-0.2812 0.000073
-0.2788 0.000060
-0.2770 0.000049
-0.2757 0.000041
-0.2751 0.000034
-0.2724 0.197792
-0.2370 0.172051
-0.2071 0.150397
-0.1811 0.131516
-0.1575 0.114396
-0.1352 0.098209
-0.1013 0.147480
-0.0608 0.088769
-0.0166 0.024776
0.0315 -0.044981
0.0770 -0.111125
0.1072 -0.232882
0.1133 -0.246506
0.1110 -0.240570
0.1047 -0.213951
0.0966 -0.187547
0.0871 -0.161753
0.0747 -0.188081
0.0550 -0.135208
0.0378 -0.087545
0.0223 -0.048358
0.0069 -0.014360
-0.0092 0.017428
-0.0266 0.048881
-0.0457 0.080665
-0.0673 0.106624
-0.0917 0.131792
-0.1182 0.155336
-0.1450 0.175733
-0.1700 0.191719
-0.1917 0.202391
-0.2122 0.185216
-0.2330 0.168136
-0.2532 0.151126
-0.2725 0.134458
-0.2903 0.118475
-0.3067 0.103467
-0.3213 0.089638
-0.3342 0.077102
-0.3455 0.065895
-0.3550 0.055995
