-0.3981 0.084429
-0.4308 0.075553
-0.4574 0.066335
-0.4792 0.057462
-0.4970 0.049284
-0.5116 0.041951
-0.5236 0.035494
-0.5331 0.029885
-0.5407 0.025059
-0.5463 0.020937
-0.5503 0.017438
-0.5527 0.014482
-0.5536 0.011994
-0.5531 0.009907
-0.5511 0.008161
-0.5476 0.006706
-0.5427 0.005494
-0.5362 0.004489
-0.5282 0.003656
-0.5185 0.002968
-0.5071 0.002400
-0.4940 0.001933
-0.4790 0.001550
-0.4622 0.001236
-0.4434 0.000981
-0.4226 0.000773
-0.3997 0.000605
-0.3748 0.000469
-0.3478 0.000360
-0.3185 0.000272
-0.2866 0.000203
-0.2515 0.000147
-0.2121 0.000103
-0.1655 0.000066
-0.1054 0.000035
-0.0140 0.006073
0.1170 -0.092518
0.2261 -0.180236
0.2760 -0.220652
0.2785 -0.222876
0.2552 -0.204434
0.2225 -0.178236
0.1884 -0.150998
0.1562 -0.125192
0.1261 -0.101078
0.0971 -0.077910
0.0677 -0.054422
0.0357 -0.028825
-0.0023 0.001423
-0.0509 0.032429
-0.1145 0.060593
-0.1875 0.082214
-0.2571 0.093332
-0.3162 0.095003
-0.3644 0.090565
-0.4033 0.082902
-0.4349 0.073916
-0.4605 0.064731
-0.4815 0.055967
-0.4988 0.047933
-0.5128 0.040754
-0.5243 0.034450
-0.5335 0.028982
-0.5406 0.024285
-0.5459 0.020278
-0.5496 0.016879
-0.5517 0.014010
-0.5523 0.011597
-0.5515 0.009574
-0.5492 0.007883
-0.5454 0.006473
-0.5402 0.005301
-0.5334 0.004328
-0.5250 0.003522
-0.5150 0.002857
-0.5033 0.002308
-0.4898 0.001857
-0.4745 0.001488
-0.4572 0.001185
-0.4380 0.000939
-0.4168 0.000739
-0.3936 0.000577
-0.3683 0.000446
-0.3408 0.000342
-0.3110 0.000258
-0.2785 0.000191
-0.2426 0.000138
-0.2018 0.000095
-0.1529 0.000059
-0.0877 0.000028
0.0148 -0.008121
0.1471 -0.116699
0.2431 -0.193920
0.2799 -0.223827
0.2745 -0.219743
0.2480 -0.198635
0.2145 -0.171853
0.1808 -0.144900
0.1492 -0.119577
0.1195 -0.095835
0.0907 -0.072794
0.0611 -0.049097
0.0282 -0.022818
-0.0115 0.008258
-0.0630 0.038589
-0.1293 0.065745
-0.2024 0.085278
-0.2700 0.094167
-0.3267 0.094277
-0.3727 0.088970
-0.4099 0.080918
-0.4400 0.071834
-0.4645 0.062715
-0.4846 0.054101
-0.5011 0.046255
-0.5145 0.039272
-0.5254 0.033159
-0.5341 0.027870
-0.5408 0.023333
-0.5457 0.019468
-0.5490 0.016194
-0.5507 0.013432
-0.5510 0.011111
-0.5498 0.009166
-0.5471 0.007542
-0.5430 0.006189
-0.5373 0.005064
-0.5302 0.004132
-0.5214 0.003360
-0.5110 0.002722
-0.4988 0.002197
-0.4849 0.001766
-0.4691 0.001413
-0.4514 0.001124
-0.4317 0.000889
-0.4100 0.000698
-0.3863 0.000544
-0.3605 0.000420
-0.3324 0.000320
-0.3019 0.000240
-0.2686 0.000177
-0.2316 0.000126
-0.1891 0.000085
-0.1369 0.000051
-0.0642 0.000020
0.0515 -0.040104
0.1797 -0.142894
0.2587 -0.206581
0.2815 -0.225175
0.2684 -0.214872
0.2389 -0.191397
0.2050 -0.164287
0.1719 -0.137779
0.1410 -0.113010
0.1118 -0.089639
0.0830 -0.066651
0.0529 -0.042570
0.0187 -0.015289
-0.0233 0.016247
-0.0785 0.045845
-0.1476 0.071500
-0.2201 0.088346
-0.2851 0.094690
-0.3388 0.093123
-0.3824 0.086920
-0.4175 0.078494
-0.4460 0.069346
-0.4693 0.060334
-0.4883 0.051915
-0.5039 0.044297
-0.5166 0.037551
-0.5269 0.031664
-0.5350 0.026583
-0.5411 0.022234
-0.5456 0.018535
-0.5484 0.015404
-0.5497 0.012767
-0.5495 0.010552
-0.5479 0.008699
-0.5448 0.007152
-0.5402 0.005864
-0.5341 0.004794
-0.5265 0.003907
-0.5173 0.003174
-0.5064 0.002569
-0.4937 0.002071
-0.4792 0.001662
-0.4629 0.001328
-0.4446 0.001054
-0.4244 0.000832
-0.4021 0.000652
-0.3778 0.000507
-0.3513 0.000389
-0.3226 0.000296
-0.2913 0.000221
-0.2570 0.000161
-0.2185 0.000113
-0.1736 0.000075
-0.1165 0.000041
-0.0323 0.013341
0.0951 -0.075026
0.2118 -0.168731
0.2711 -0.216672
0.2799 -0.223988
0.2598 -0.208072
0.2281 -0.182766
0.1942 -0.155655
0.1619 -0.129745
0.1317 -0.105569
0.1029 -0.082523
0.0740 -0.059457
0.0431 -0.034742
0.0071 -0.005926
-0.0381 0.025319
-0.0977 0.054028
-0.1691 0.077502
-0.2401 0.091115
-0.3017 0.094746
-0.3522 0.091497
-0.3930 0.084439
-0.4259 0.075688
-0.4527 0.066525
-0.4746 0.057667
-0.4925 0.049482
-0.5071 0.042130
-0.5190 0.035652
-0.5285 0.030019
-0.5360 0.025171
-0.5416 0.021030
-0.5455 0.017513
-0.5478 0.014542
-0.5486 0.012041
-0.5479 0.009944
-0.5458 0.008190
-0.5422 0.006727
-0.5371 0.005510
-0.5305 0.004500
-0.5224 0.003664
-0.5126 0.002973
-0.5011 0.002403
-0.4879 0.001934
-0.4728 0.001550
-0.4558 0.001236
-0.4369 0.000979
-0.4160 0.000771
-0.3931 0.000602
-0.3680 0.000466
-0.3408 0.000357
-0.3113 0.000270
-0.2790 0.000200
-0.2434 0.000144
-0.2030 0.000100
-0.1546 0.000063
-0.0903 0.000030
0.0106 -0.003742
0.1428 -0.113204
0.2403 -0.191662
0.2788 -0.222935
0.2746 -0.219850
0.2489 -0.199335
0.2157 -0.172871
0.1823 -0.146094
0.1508 -0.120903
0.1213 -0.097309
0.0928 -0.074486
0.0636 -0.051136
0.0314 -0.025432
-0.0070 0.005006
-0.0566 0.035380
-0.1210 0.062786
-0.1936 0.083225
-0.2619 0.093191
-0.3196 0.094100
-0.3665 0.089268
-0.4043 0.081457
-0.4350 0.072469
-0.4599 0.063362
-0.4803 0.054715
-0.4970 0.046813
-0.5106 0.039766
-0.5216 0.033589
-0.5303 0.028238
-0.5370 0.023645
-0.5420 0.019731
-0.5453 0.016413
-0.5470 0.013614
-0.5473 0.011262
-0.5460 0.009291
-0.5434 0.007644
-0.5392 0.006272
-0.5336 0.005132
-0.5264 0.004186
-0.5177 0.003404
-0.5073 0.002758
-0.4951 0.002226
-0.4812 0.001789
-0.4654 0.001430
-0.4478 0.001138
-0.4281 0.000900
-0.4065 0.000706
-0.3827 0.000550
-0.3569 0.000424
-0.3288 0.000323
-0.2983 0.000242
-0.2649 0.000178
-0.2276 0.000126
-0.1846 0.000085
-0.1312 0.000050
-0.0557 0.000018
0.0639 -0.050054
0.1892 -0.150520
0.2622 -0.209395
0.2807 -0.224565
0.2656 -0.212679
0.2357 -0.188830
0.2021 -0.161910
0.1694 -0.135763
0.1389 -0.111349
0.1100 -0.088266
0.0816 -0.065494
0.0516 -0.041562
0.0176 -0.014376
-0.0243 0.016935
-0.0794 0.046225
-0.1482 0.071539
-0.2203 0.088074
-0.2848 0.094223
-0.3381 0.092567
-0.3813 0.086344
-0.4162 0.077936
-0.4444 0.068827
-0.4675 0.059864
-0.4863 0.051494
-0.5017 0.043926
-0.5142 0.037225
-0.5242 0.031381
-0.5321 0.026338
-0.5381 0.022023
-0.5424 0.018353
-0.5450 0.015249
-0.5461 0.012634
-0.5458 0.010439
-0.5439 0.008602
-0.5406 0.007070
-0.5359 0.005794
-0.5296 0.004735
-0.5218 0.003857
-0.5124 0.003131
-0.5012 0.002533
-0.4884 0.002041
-0.4737 0.001637
-0.4571 0.001306
-0.4387 0.001036
-0.4182 0.000817
-0.3957 0.000639
-0.3711 0.000496
-0.3444 0.000380
-0.3153 0.000288
-0.2836 0.000214
-0.2487 0.000155
-0.2092 0.000108
-0.1624 0.000069
-0.1014 0.000036
-0.0077 0.003538
0.1237 -0.097888
0.2291 -0.182698
0.2757 -0.220411
0.2766 -0.221361
0.2531 -0.202725
0.2207 -0.176856
0.1873 -0.150108
0.1557 -0.124795
0.1261 -0.101139
0.0977 -0.078420
0.0690 -0.055435
0.0378 -0.030494
0.0010 -0.001121
-0.0457 0.029579
-0.1070 0.057572
-0.1787 0.079679
-0.2484 0.091686
-0.3081 0.094129
-0.3569 0.090202
-0.3963 0.082839
-0.4282 0.074011
-0.4540 0.064899
-0.4751 0.056160
-0.4924 0.048123
-0.5064 0.040927
-0.5178 0.034601
-0.5269 0.029110
-0.5339 0.024390
-0.5391 0.020363
-0.5426 0.016946
-0.5445 0.014062
-0.5450 0.011636
-0.5439 0.009603
-0.5414 0.007903
-0.5375 0.006487
-0.5320 0.005309
-0.5251 0.004333
-0.5165 0.003524
-0.5063 0.002856
-0.4944 0.002306
-0.4808 0.001854
-0.4652 0.001484
-0.4478 0.001181
-0.4284 0.000934
-0.4071 0.000734
-0.3836 0.000572
-0.3581 0.000441
-0.3303 0.000337
-0.3001 0.000253
-0.2670 0.000186
-0.2301 0.000133
-0.1877 0.000090
-0.1353 0.000053
-0.0622 0.000021
0.0545 -0.042542
0.1815 -0.144368
0.2585 -0.206387
0.2801 -0.224081
0.2668 -0.213659
0.2378 -0.190477
0.2044 -0.163787
0.1718 -0.137693
0.1413 -0.113303
0.1126 -0.090296
0.0843 -0.067705
0.0549 -0.044129
0.0216 -0.017581
-0.0190 0.013430
-0.0720 0.042844
-0.1393 0.068710
-0.2114 0.086392
-0.2769 0.093657
-0.3314 0.092755
-0.3756 0.086952
-0.4112 0.078737
-0.4401 0.069683
-0.4636 0.060699
-0.4828 0.052268
-0.4984 0.044621
-0.5112 0.037837
-0.5214 0.031911
-0.5294 0.026793
-0.5355 0.022409
-0.5399 0.018679
-0.5426 0.015522
-0.5438 0.012862
-0.5435 0.010629
-0.5417 0.008760
-0.5385 0.007200
-0.5338 0.005901
-0.5276 0.004823
-0.5199 0.003929
-0.5106 0.003190
-0.4995 0.002581
-0.4868 0.002080
-0.4722 0.001668
-0.4557 0.001331
-0.4374 0.001056
-0.4170 0.000833
-0.3947 0.000652
-0.3702 0.000505
-0.3436 0.000388
-0.3146 0.000294
-0.2830 0.000219
-0.2481 0.000158
-0.2087 0.000110
-0.1620 0.000071
-0.1009 0.000037
-0.0068 0.003194
0.1245 -0.098542
0.2292 -0.182737
0.2752 -0.219967
0.2758 -0.220782
0.2525 -0.202238
0.2203 -0.176547
0.1872 -0.149983
0.1557 -0.124837
0.1264 -0.101332
0.0982 -0.078765
0.0697 -0.055955
0.0387 -0.031252
0.0024 -0.002200
-0.0436 0.028400
-0.1040 0.056355
-0.1753 0.078676
-0.2450 0.091061
-0.3050 0.093832
-0.3542 0.090121
-0.3938 0.082881
-0.4258 0.074115
-0.4518 0.065029
-0.4730 0.056294
-0.4903 0.048251
-0.5044 0.041043
-0.5157 0.034702
-0.5248 0.029197
-0.5318 0.024464
-0.5370 0.020424
-0.5404 0.016996
-0.5423 0.014103
-0.5427 0.011669
-0.5416 0.009629
-0.5391 0.007924
-0.5351 0.006503
-0.5296 0.005322
-0.5226 0.004342
-0.5140 0.003531
-0.5038 0.002862
-0.4918 0.002310
-0.4781 0.001857
-0.4626 0.001485
-0.4451 0.001182
-0.4257 0.000935
-0.4043 0.000734
-0.3808 0.000572
-0.3552 0.000441
-0.3274 0.000336
-0.2971 0.000252
-0.2638 0.000185
-0.2267 0.000132
-0.1837 0.000088
-0.1303 0.000052
-0.0545 0.011110
0.0656 -0.051388
0.1898 -0.151036
0.2614 -0.208787
0.2793 -0.223458
0.2643 -0.211628
0.2348 -0.188097
0.2016 -0.161552
0.1694 -0.135754
0.1393 -0.111649
0.1108 -0.088863
0.0827 -0.066412
0.0533 -0.042893
0.0200 -0.016310
-0.0207 0.014607
-0.0741 0.043773
-0.1414 0.069296
-0.2132 0.086538
-0.2781 0.093446
-0.3322 0.092332
-0.3759 0.086431
-0.4112 0.078191
-0.4398 0.069153
-0.4630 0.060206
-0.4819 0.051822
-0.4974 0.044225
-0.5099 0.037489
-0.5200 0.031609
-0.5279 0.026532
-0.5338 0.022185
-0.5380 0.018487
-0.5406 0.015359
-0.5416 0.012724
-0.5412 0.010512
-0.5393 0.008661
-0.5359 0.007116
-0.5311 0.005831
-0.5247 0.004763
-0.5168 0.003879
-0.5073 0.003148
-0.4961 0.002546
-0.4832 0.002050
-0.4684 0.001643
-0.4518 0.001311
-0.4332 0.001039
-0.4127 0.000819
-0.3902 0.000640
-0.3655 0.000496
-0.3386 0.000380
-0.3094 0.000287
-0.2775 0.000213
-0.2421 0.000154
-0.2019 0.000106
-0.1536 0.000067
-0.0892 0.000032
0.0123 -0.004420
0.1440 -0.114179
0.2395 -0.191089
0.2769 -0.221408
0.2726 -0.218245
0.2474 -0.198147
0.2150 -0.172244
0.1822 -0.146006
0.1513 -0.121291
0.1224 -0.098136
0.0944 -0.075770
0.0659 -0.052976
0.0347 -0.028053
-0.0022 0.001382
-0.0495 0.031616
-0.1112 0.059054
-0.1826 0.080346
-0.2513 0.091550
-0.3100 0.093454
-0.3578 0.089250
-0.3965 0.081783
-0.4277 0.072957
-0.4530 0.063903
-0.4736 0.055248
-0.4904 0.047307
-0.5041 0.040208
-0.5152 0.033973
-0.5239 0.028566
-0.5306 0.023922
-0.5355 0.019962
-0.5387 0.016604
-0.5403 0.013771
-0.5405 0.011389
-0.5391 0.009393
-0.5363 0.007726
-0.5321 0.006338
-0.5263 0.005184
-0.5190 0.004227
-0.5102 0.003435
-0.4997 0.002782
-0.4874 0.002244
-0.4734 0.001802
-0.4575 0.001440
-0.4398 0.001144
-0.4200 0.000904
-0.3983 0.000709
-0.3745 0.000551
-0.3485 0.000424
-0.3202 0.000322
-0.2894 0.000241
-0.2555 0.000176
-0.2173 0.000124
-0.1726 0.000081
-0.1157 0.000045
-0.0311 0.012892
0.0962 -0.075861
0.2110 -0.168082
0.2687 -0.214750
0.2772 -0.221867
0.2578 -0.206463
0.2271 -0.181910
0.1941 -0.155534
0.1625 -0.130270
0.1331 -0.106673
0.1050 -0.084209
0.0770 -0.061823
0.0472 -0.038037
0.0130 -0.010610
-0.0294 0.020135
-0.0852 0.048681
-0.1541 0.072941
-0.2250 0.088234
-0.2879 0.093437
-0.3398 0.091246
-0.3818 0.084794
-0.4157 0.076345
-0.4431 0.067299
-0.4654 0.058452
-0.4836 0.050222
-0.4984 0.042798
-0.5104 0.036238
-0.5199 0.030524
-0.5273 0.025599
-0.5329 0.021388
-0.5367 0.017811
-0.5389 0.014787
-0.5395 0.012241
-0.5387 0.010106
-0.5365 0.008321
-0.5327 0.006832
-0.5275 0.005594
-0.5208 0.004566
-0.5125 0.003715
-0.5026 0.003013
-0.4910 0.002433
-0.4776 0.001957
-0.4624 0.001567
-0.4454 0.001248
-0.4263 0.000988
-0.4053 0.000776
-0.3823 0.000606
-0.3571 0.000468
-0.3297 0.000357
-0.2998 0.000269
-0.2671 0.000198
-0.2306 0.000141
-0.1885 0.000096
-0.1367 0.000057
-0.0646 0.013112
0.0511 -0.039851
0.1780 -0.141540
0.2555 -0.204019
0.2781 -0.222489
0.2659 -0.212895
0.2377 -0.190412
0.2050 -0.164253
0.1729 -0.138563
0.1428 -0.114509
0.1145 -0.091835
0.0868 -0.069643
0.0580 -0.046621
0.0258 -0.020926
-0.0131 0.009376
-0.0635 0.038761
-0.1284 0.064985
-0.2000 0.083852
-0.2663 0.092452
-0.3221 0.092519
-0.3674 0.087288
-0.4039 0.079365
-0.4334 0.070428
-0.4573 0.061459
-0.4769 0.052989
-0.4928 0.045276
-0.5057 0.038416
-0.5160 0.032413
-0.5241 0.027222
-0.5302 0.022772
-0.5346 0.018984
-0.5373 0.015776
-0.5385 0.013072
-0.5381 0.010802
-0.5363 0.008902
-0.5331 0.007316
-0.5284 0.005995
-0.5221 0.004899
-0.5144 0.003990
-0.5050 0.003239
-0.4939 0.002619
-0.4812 0.002110
-0.4666 0.001692
-0.4501 0.001349
-0.4318 0.001070
-0.4114 0.000843
-0.3890 0.000659
-0.3646 0.000511
-0.3379 0.000392
-0.3089 0.000296
-0.2771 0.000220
-0.2419 0.000159
-0.2018 0.000109
-0.1537 0.000069
-0.0896 0.000033
0.0117 -0.004173
0.1431 -0.113500
0.2383 -0.190078
0.2756 -0.220349
0.2716 -0.217421
0.2468 -0.197667
0.2148 -0.172097
0.1824 -0.146140
0.1518 -0.121658
0.1231 -0.098714
0.0954 -0.076570
0.0673 -0.054051
0.0366 -0.029522
0.0004 -0.000603
-0.0457 0.029542
-0.1060 0.056997
-0.1766 0.078736
-0.2456 0.090628
-0.3048 0.093104
-0.3533 0.089264
-0.3924 0.081997
-0.4239 0.073264
-0.4495 0.064240
-0.4703 0.055580
-0.4873 0.047615
-0.5011 0.040483
-0.5121 0.034213
-0.5209 0.028773
-0.5276 0.024097
-0.5325 0.020109
-0.5357 0.016726
-0.5373 0.013871
-0.5374 0.011471
-0.5360 0.009461
-0.5332 0.007781
-0.5289 0.006382
-0.5231 0.005219
-0.5158 0.004255
-0.5069 0.003457
-0.4963 0.002799
-0.4841 0.002257
-0.4700 0.001812
-0.4542 0.001448
-0.4364 0.001150
-0.4166 0.000908
-0.3948 0.000712
-0.3710 0.000553
-0.3450 0.000425
-0.3167 0.000323
-0.2857 0.000241
-0.2516 0.000175
-0.2131 0.000123
-0.1677 0.000080
-0.1092 0.000043
-0.0205 0.008647
0.1088 -0.085952
0.2183 -0.173975
0.2701 -0.215863
0.2751 -0.220130
0.2543 -0.203642
0.2234 -0.179013
0.1909 -0.152969
0.1598 -0.128119
0.1308 -0.104887
0.1031 -0.082699
0.0753 -0.060501
0.0457 -0.036818
0.0116 -0.009369
-0.0310 0.021081
-0.0869 0.049305
-0.1555 0.073168
-0.2260 0.088059
-0.2884 0.092987
-0.3399 0.090656
-0.3814 0.084157
-0.4150 0.075716
-0.4421 0.066708
-0.4642 0.057914
-0.4821 0.049741
-0.4967 0.042374
-0.5085 0.035867
-0.5178 0.030202
-0.5251 0.025322
-0.5304 0.021150
-0.5340 0.017607
-0.5360 0.014613
-0.5365 0.012094
-0.5355 0.009981
-0.5331 0.008215
-0.5292 0.006742
-0.5238 0.005518
-0.5169 0.004502
-0.5084 0.003662
-0.4983 0.002967
-0.4865 0.002395
-0.4729 0.001925
-0.4575 0.001540
-0.4402 0.001225
-0.4210 0.000969
-0.3998 0.000761
-0.3765 0.000592
-0.3511 0.000457
-0.3234 0.000348
-0.2931 0.000261
-0.2599 0.000191
-0.2226 0.000136
-0.1793 0.000090
-0.1248 0.000052
-0.0459 0.009390
0.0771 -0.060642
0.1971 -0.156903
0.2624 -0.209634
0.2765 -0.221240
0.2602 -0.208372
0.2309 -0.184973
0.1984 -0.159015
0.1670 -0.133878
0.1377 -0.110365
0.1098 -0.088082
0.0823 -0.066079
0.0535 -0.043009
0.0208 -0.016905
-0.0190 0.013457
-0.0710 0.042270
-0.1369 0.067644
-0.2080 0.085140
-0.2729 0.092457
-0.3271 0.091687
-0.3710 0.086020
-0.4064 0.077928
-0.4350 0.068980
-0.4583 0.060086
-0.4772 0.051734
-0.4925 0.044155
-0.5049 0.037430
-0.5148 0.031556
-0.5226 0.026483
-0.5283 0.022140
-0.5324 0.018445
-0.5347 0.015319
-0.5356 0.012686
-0.5349 0.010477
-0.5328 0.008628
-0.5292 0.007086
-0.5242 0.005803
-0.5176 0.004738
-0.5095 0.003856
-0.4998 0.003128
-0.4883 0.002527
-0.4752 0.002033
-0.4602 0.001628
-0.4434 0.001297
-0.4246 0.001027
-0.4039 0.000808
-0.3811 0.000630
-0.3562 0.000487
-0.3290 0.000372
-0.2994 0.000280
-0.2668 0.000206
-0.2306 0.000147
-0.1888 0.000100
-0.1373 0.000060
-0.0655 0.013308
0.0494 -0.028855
0.1760 -0.139942
0.2534 -0.202315
0.2763 -0.221056
0.2647 -0.211956
0.2372 -0.189988
0.2050 -0.164268
0.1734 -0.138927
0.1437 -0.115164
0.1157 -0.092762
0.0883 -0.070870
0.0600 -0.048243
0.0286 -0.023130
-0.0092 0.006537
-0.0579 0.035933
-0.1209 0.062323
-0.1919 0.081948
-0.2588 0.091488
-0.3154 0.092268
-0.3614 0.087471
-0.3986 0.079774
-0.4285 0.070932
-0.4528 0.061983
-0.4726 0.053490
-0.4887 0.045734
-0.5017 0.038822
-0.5121 0.032766
-0.5202 0.027523
-0.5264 0.023027
-0.5307 0.019197
-0.5335 0.015954
-0.5346 0.013219
-0.5342 0.010923
-0.5324 0.009000
-0.5291 0.007396
-0.5244 0.006060
-0.5181 0.004951
-0.5103 0.004032
-0.5009 0.003272
-0.4898 0.002646
-0.4770 0.002131
-0.4624 0.001708
-0.4460 0.001362
-0.4276 0.001080
-0.4072 0.000850
-0.3849 0.000664
-0.3604 0.000514
-0.3337 0.000394
-0.3045 0.000297
-0.2726 0.000220
-0.2372 0.000158
-0.1966 0.000109
-0.1474 0.000067
-0.0807 0.000031
0.0262 -0.014940
0.1562 -0.124041
0.2438 -0.194568
0.2750 -0.219916
0.2680 -0.214522
0.2423 -0.194084
0.2106 -0.168717
0.1788 -0.143258
0.1488 -0.119286
0.1207 -0.096764
0.0934 -0.074932
0.0655 -0.052628
0.0350 -0.028226
-0.0012 0.000578
-0.0472 0.030367
-0.1074 0.057430
-0.1777 0.078723
-0.2460 0.090242
-0.3048 0.092499
-0.3527 0.088566
-0.3914 0.081285
-0.4226 0.072582
-0.4479 0.063611
-0.4685 0.055012
-0.4852 0.047110
-0.4987 0.040040
-0.5095 0.033827
-0.5181 0.028438
-0.5246 0.023809
-0.5292 0.019861
-0.5322 0.016514
-0.5336 0.013690
-0.5335 0.011317
-0.5319 0.009330
-0.5289 0.007670
-0.5243 0.006288
-0.5183 0.005139
-0.5108 0.004187
-0.5016 0.003400
-0.4909 0.002751
