-0.3251 -0.006468
-0.3232 -0.005462
-0.3209 -0.004621
-0.3183 -0.003914
-0.3155 -0.003320
-0.3124 -0.002818
-0.3092 -0.002394
-0.3057 -0.002036
-0.3021 -0.001732
-0.2982 -0.001475
-0.2942 -0.001256
-0.2899 -0.001071
-0.2853 -0.000914
-0.2805 -0.000780
-0.2754 -0.000667
-0.2699 -0.000570
-0.2641 -0.000489
-0.2578 -0.000419
-0.2510 -0.000360
-0.2437 -0.000309
-0.2357 -0.000266
-0.2270 -0.000230
-0.2175 -0.000198
-0.2070 -0.000172
-0.1952 -0.000149
-0.1817 -0.000130
-0.1662 -0.000114
-0.1476 -0.000101
-0.1243 -0.000089
-0.0933 -0.000081
-0.0483 -0.000075
0.0217 -0.000072
0.1178 -0.000072
0.2081 -0.000068
0.2680 -0.000062
0.2959 -0.029894
0.2975 -0.029953
0.2862 -0.029525
0.2680 -0.028836
0.2466 -0.028031
0.2244 -0.027192
0.2024 -0.026362
0.1810 -0.025557
0.1603 -0.024778
0.1400 -0.024017
0.1198 -0.023258
0.0991 -0.022481
0.0770 -0.021652
0.0521 -0.020719
0.0221 -0.019593
-0.0173 -0.018120
-0.0718 -0.016081
-0.1428 -0.013423
-0.2185 -0.008936
-0.2847 -0.005708
-0.3370 -0.003610
-0.3763 -0.002287
-0.4052 -0.001464
-0.4258 -0.000956
-0.4403 -0.000643
-0.4500 -0.000449
-0.4560 -0.000330
-0.4593 -0.000255
-0.4604 -0.000207
-0.4597 -0.000176
-0.4577 -0.000154
-0.4547 -0.000138
-0.4507 -0.000125
-0.4460 -0.000114
-0.4407 -0.000105
-0.4348 -0.000096
-0.4285 -0.000088
-0.4217 -0.000081
-0.4146 -0.000074
-0.4070 -0.000067
-0.3991 -0.000061
-0.3908 -0.000055
-0.3822 -0.000049
-0.3732 -0.000044
-0.3639 -0.000040
-0.3542 -0.000036
-0.3442 -0.000032
-0.3338 -0.000028
-0.3231 -0.000025
-0.3121 -0.000022
-0.3007 -0.000020
-0.2889 -0.000017
-0.2768 -0.000015
-0.2642 -0.000014
-0.2525 -0.018565
-0.2435 -0.028856
-0.2353 -0.029775
-0.2289 -0.030504
-0.2264 -0.030787
-0.2284 -0.030567
-0.2340 -0.029940
-0.2419 -0.029045
-0.2512 -0.028007
-0.2609 -0.026915
-0.2705 -0.025834
-0.2796 -0.024802
-0.2881 -0.023845
-0.2958 -0.022977
-0.3027 -0.022202
-0.3088 -0.021522
-0.3140 -0.020935
-0.3184 -0.020434
-0.3221 -0.019944
-0.3250 -0.018429
-0.3270 -0.015539
-0.3279 -0.012906
-0.3280 -0.010771
-0.3275 -0.009025
-0.3263 -0.007587
-0.3247 -0.006395
-0.3227 -0.005401
-0.3204 -0.004570
-0.3178 -0.003871
-0.3149 -0.003284
-0.3119 -0.002788
-0.3086 -0.002369
-0.3051 -0.002014
-0.3015 -0.001714
-0.2976 -0.001459
-0.2935 -0.001243
-0.2892 -0.001060
-0.2846 -0.000904
-0.2798 -0.000772
-0.2746 -0.000660
-0.2691 -0.000565
-0.2632 -0.000484
-0.2569 -0.000415
-0.2501 -0.000356
-0.2427 -0.000306
-0.2347 -0.000264
-0.2259 -0.000227
-0.2163 -0.000197
-0.2056 -0.000170
-0.1937 -0.000148
-0.1801 -0.000129
-0.1642 -0.000113
-0.1452 -0.000100
-0.1213 -0.000089
-0.0891 -0.000081
-0.0420 -0.000075
0.0314 -0.000073
0.1289 -0.000072
0.2164 -0.000068
0.2726 -0.000062
0.2969 -0.029934
0.2967 -0.029924
0.2844 -0.029458
0.2657 -0.028751
0.2442 -0.027939
0.2219 -0.027100
0.2000 -0.026273
0.1787 -0.025471
0.1580 -0.024694
0.1378 -0.023935
0.1176 -0.023176
0.0968 -0.022395
0.0745 -0.021558
0.0492 -0.020610
0.0184 -0.019457
-0.0223 -0.017935
-0.0786 -0.015827
-0.1509 -0.013051
-0.2260 -0.008557
-0.2908 -0.005457
-0.3416 -0.003450
-0.3797 -0.002188
-0.4076 -0.001404
-0.4275 -0.000919
-0.4414 -0.000621
-0.4507 -0.000436
-0.4564 -0.000322
-0.4594 -0.000250
-0.4602 -0.000205
-0.4594 -0.000174
-0.4573 -0.000153
-0.4541 -0.000137
-0.4501 -0.000125
-0.4453 -0.000114
-0.4399 -0.000105
-0.4340 -0.000096
-0.4276 -0.000088
-0.4208 -0.000080
-0.4136 -0.000073
-0.4060 -0.000067
-0.3981 -0.000060
-0.3898 -0.000054
-0.3811 -0.000049
-0.3721 -0.000044
-0.3627 -0.000039
-0.3530 -0.000035
-0.3429 -0.000032
-0.3325 -0.000028
-0.3218 -0.000025
-0.3107 -0.000022
-0.2992 -0.000020
-0.2874 -0.000017
-0.2752 -0.000015
-0.2626 -0.000013
-0.2514 -0.018650
-0.2426 -0.028961
-0.2345 -0.029871
-0.2285 -0.030549
-0.2266 -0.030762
-0.2292 -0.030479
-0.2351 -0.029810
-0.2433 -0.028892
-0.2526 -0.027846
-0.2623 -0.026757
-0.2718 -0.025685
-0.2808 -0.024667
-0.2892 -0.023726
-0.2968 -0.022873
-0.3035 -0.022115
-0.3094 -0.021451
-0.3145 -0.020878
-0.3188 -0.020392
-0.3224 -0.019763
-0.3252 -0.018141
-0.3270 -0.015182
-0.3278 -0.012619
-0.3278 -0.010539
-0.3271 -0.008835
-0.3259 -0.007430
-0.3242 -0.006265
-0.3221 -0.005293
-0.3198 -0.004479
-0.3171 -0.003796
-0.3142 -0.003220
-0.3111 -0.002734
-0.3078 -0.002323
-0.3043 -0.001976
-0.3006 -0.001681
-0.2967 -0.001431
-0.2926 -0.001220
-0.2882 -0.001040
-0.2836 -0.000887
-0.2787 -0.000758
-0.2735 -0.000648
-0.2680 -0.000554
-0.2620 -0.000475
-0.2556 -0.000407
-0.2487 -0.000350
-0.2412 -0.000301
-0.2331 -0.000259
-0.2242 -0.000223
-0.2144 -0.000193
-0.2036 -0.000168
-0.1914 -0.000146
-0.1775 -0.000127
-0.1612 -0.000112
-0.1415 -0.000099
-0.1165 -0.000088
-0.0824 -0.000080
-0.0315 -0.000075
0.0471 -0.000073
0.1456 -0.000072
0.2284 -0.000068
0.2790 -0.000061
0.2981 -0.029978
0.2953 -0.029871
0.2816 -0.029351
0.2622 -0.028618
0.2404 -0.027797
0.2182 -0.026958
0.1963 -0.026135
0.1751 -0.025338
0.1546 -0.024565
0.1344 -0.023807
0.1142 -0.023046
0.0932 -0.022259
0.0705 -0.021409
0.0446 -0.020435
0.0125 -0.019234
-0.0304 -0.017630
-0.0897 -0.015412
-0.1636 -0.012197
-0.2376 -0.007947
-0.3002 -0.005056
-0.3487 -0.003197
-0.3849 -0.002031
-0.4113 -0.001307
-0.4301 -0.000860
-0.4431 -0.000584
-0.4517 -0.000414
-0.4569 -0.000308
-0.4595 -0.000242
-0.4601 -0.000199
-0.4590 -0.000171
-0.4567 -0.000150
-0.4534 -0.000135
-0.4492 -0.000123
-0.4443 -0.000113
-0.4388 -0.000103
-0.4328 -0.000095
-0.4264 -0.000087
-0.4195 -0.000079
-0.4122 -0.000072
-0.4046 -0.000066
-0.3965 -0.000059
-0.3882 -0.000054
-0.3794 -0.000048
-0.3703 -0.000043
-0.3609 -0.000039
-0.3511 -0.000035
-0.3410 -0.000031
-0.3306 -0.000028
-0.3198 -0.000024
-0.3086 -0.000022
-0.2971 -0.000019
-0.2852 -0.000017
-0.2729 -0.000015
-0.2602 -0.000013
-0.2496 -0.018781
-0.2411 -0.029126
-0.2332 -0.030014
-0.2279 -0.030613
-0.2270 -0.030725
-0.2303 -0.030357
-0.2367 -0.029630
-0.2452 -0.028682
-0.2546 -0.027625
-0.2642 -0.026540
-0.2736 -0.025479
-0.2825 -0.024479
-0.2907 -0.023558
-0.2981 -0.022727
-0.3046 -0.021991
-0.3103 -0.021347
-0.3152 -0.020794
-0.3194 -0.020326
-0.3228 -0.019488
-0.3254 -0.017695
-0.3270 -0.014643
-0.3276 -0.012185
-0.3274 -0.010185
-0.3266 -0.008545
-0.3253 -0.007190
-0.3236 -0.006065
-0.3214 -0.005126
-0.3190 -0.004339
-0.3163 -0.003678
-0.3134 -0.003121
-0.3102 -0.002650
-0.3069 -0.002252
-0.3033 -0.001916
-0.2996 -0.001630
-0.2956 -0.001388
-0.2914 -0.001183
-0.2870 -0.001009
-0.2824 -0.000861
-0.2774 -0.000735
-0.2721 -0.000629
-0.2665 -0.000538
-0.2604 -0.000461
-0.2539 -0.000395
-0.2469 -0.000340
-0.2393 -0.000292
-0.2310 -0.000252
-0.2220 -0.000217
-0.2120 -0.000188
-0.2008 -0.000163
-0.1883 -0.000142
-0.1739 -0.000124
-0.1570 -0.000109
-0.1363 -0.000096
-0.1096 -0.000086
-0.0725 -0.000079
-0.0162 -0.000075
0.0691 -0.000073
0.1670 -0.000072
0.2429 -0.000067
0.2862 -0.000059
0.2988 -0.030004
0.2929 -0.029780
0.2775 -0.029196
0.2573 -0.028435
0.2353 -0.027606
0.2131 -0.026769
0.1914 -0.025951
0.1704 -0.025160
0.1500 -0.024392
0.1299 -0.023636
0.1095 -0.022872
0.0883 -0.022075
0.0651 -0.021203
0.0380 -0.020190
0.0040 -0.018917
-0.0422 -0.017192
-0.1054 -0.014827
-0.1807 -0.011147
-0.2528 -0.007210
-0.3122 -0.004576
-0.3577 -0.002895
-0.3915 -0.001843
-0.4160 -0.001191
-0.4334 -0.000789
-0.4453 -0.000541
-0.4530 -0.000388
-0.4576 -0.000292
-0.4597 -0.000232
-0.4598 -0.000193
-0.4585 -0.000166
-0.4559 -0.000148
-0.4523 -0.000133
-0.4480 -0.000121
-0.4430 -0.000111
-0.4374 -0.000102
-0.4313 -0.000093
-0.4247 -0.000085
-0.4177 -0.000078
-0.4104 -0.000071
-0.4026 -0.000064
-0.3945 -0.000058
-0.3860 -0.000053
-0.3772 -0.000047
-0.3681 -0.000042
-0.3586 -0.000038
-0.3487 -0.000034
-0.3385 -0.000030
-0.3280 -0.000027
-0.3171 -0.000024
-0.3058 -0.000021
-0.2943 -0.000019
-0.2823 -0.000017
-0.2699 -0.000015
-0.2571 -0.009117
-0.2474 -0.028417
-0.2392 -0.029341
-0.2317 -0.030184
-0.2274 -0.030669
-0.2276 -0.030652
-0.2318 -0.030181
-0.2389 -0.029388
-0.2476 -0.028407
-0.2571 -0.027340
-0.2667 -0.026261
-0.2760 -0.025217
-0.2846 -0.024239
-0.2926 -0.023344
-0.2997 -0.022540
-0.3060 -0.021831
-0.3115 -0.021213
-0.3162 -0.020685
-0.3201 -0.020239
-0.3234 -0.019155
-0.3257 -0.016874
-0.3270 -0.013986
-0.3274 -0.011653
-0.3271 -0.009751
-0.3261 -0.008188
-0.3247 -0.006895
-0.3228 -0.005819
-0.3206 -0.004920
-0.3181 -0.004167
-0.3153 -0.003533
-0.3123 -0.002998
-0.3091 -0.002547
-0.3057 -0.002165
-0.3021 -0.001841
-0.2983 -0.001567
-0.2943 -0.001335
-0.2900 -0.001138
-0.2856 -0.000970
-0.2808 -0.000828
-0.2758 -0.000708
-0.2704 -0.000605
-0.2647 -0.000518
-0.2585 -0.000444
-0.2519 -0.000381
-0.2447 -0.000327
-0.2369 -0.000282
-0.2284 -0.000243
-0.2191 -0.000210
-0.2088 -0.000182
-0.1973 -0.000158
-0.1843 -0.000137
-0.1693 -0.000120
-0.1515 -0.000106
-0.1294 -0.000094
-0.1003 -0.000085
-0.0589 -0.000078
0.0052 -0.000074
0.0977 -0.000074
0.1920 -0.000071
0.2585 -0.000065
0.2933 -0.000057
0.2985 -0.029991
0.2892 -0.029641
0.2720 -0.028991
0.2511 -0.028202
0.2290 -0.027366
0.2069 -0.026533
0.1854 -0.025723
0.1646 -0.024940
0.1443 -0.024177
0.1241 -0.023420
0.1036 -0.022651
0.0820 -0.021838
0.0579 -0.020935
0.0293 -0.019863
-0.0075 -0.018486
-0.0582 -0.016593
-0.1260 -0.014055
-0.2020 -0.009896
-0.2709 -0.006353
-0.3263 -0.004024
-0.3682 -0.002549
-0.3992 -0.001629
-0.4214 -0.001059
-0.4371 -0.000708
-0.4477 -0.000491
-0.4545 -0.000357
-0.4583 -0.000273
-0.4598 -0.000220
-0.4594 -0.000185
-0.4577 -0.000161
-0.4548 -0.000144
-0.4511 -0.000130
-0.4465 -0.000119
-0.4413 -0.000109
-0.4355 -0.000100
-0.4293 -0.000091
-0.4226 -0.000084
-0.4155 -0.000076
-0.4080 -0.000069
-0.4002 -0.000063
-0.3920 -0.000057
-0.3834 -0.000051
-0.3745 -0.000046
-0.3652 -0.000041
-0.3556 -0.000037
-0.3457 -0.000033
-0.3354 -0.000029
-0.3247 -0.000026
-0.3138 -0.000023
-0.3024 -0.000021
-0.2907 -0.000018
-0.2786 -0.000016
-0.2661 -0.000014
-0.2542 -0.018438
-0.2451 -0.028682
-0.2368 -0.029605
-0.2301 -0.030365
-0.2272 -0.030700
-0.2287 -0.030532
-0.2339 -0.029948
-0.2416 -0.029086
-0.2506 -0.028072
-0.2601 -0.026998
-0.2696 -0.025930
-0.2787 -0.024908
-0.2871 -0.023957
-0.2948 -0.023093
-0.3017 -0.022321
-0.3077 -0.021643
-0.3129 -0.021056
-0.3173 -0.020555
-0.3210 -0.020136
-0.3240 -0.018765
-0.3260 -0.015938
-0.3270 -0.013233
-0.3272 -0.011042
-0.3266 -0.009251
-0.3255 -0.007775
-0.3239 -0.006553
-0.3219 -0.005534
-0.3196 -0.004682
-0.3170 -0.003966
-0.3141 -0.003364
-0.3111 -0.002856
-0.3078 -0.002426
-0.3043 -0.002063
-0.3006 -0.001755
-0.2968 -0.001494
-0.2927 -0.001273
-0.2884 -0.001085
-0.2838 -0.000926
-0.2790 -0.000790
-0.2738 -0.000675
-0.2684 -0.000578
-0.2625 -0.000495
-0.2562 -0.000424
-0.2494 -0.000364
-0.2420 -0.000313
-0.2340 -0.000270
-0.2253 -0.000232
-0.2157 -0.000201
-0.2050 -0.000174
-0.1930 -0.000151
-0.1794 -0.000132
-0.1636 -0.000116
-0.1445 -0.000102
-0.1204 -0.000091
-0.0879 -0.000082
-0.0402 -0.000077
0.0341 -0.000074
0.1317 -0.000074
0.2184 -0.000070
0.2737 -0.000063
0.2972 -0.029946
0.2966 -0.029919
0.2840 -0.029444
0.2652 -0.028733
0.2436 -0.027920
0.2214 -0.027081
0.1995 -0.026255
0.1782 -0.025455
0.1576 -0.024679
0.1375 -0.023921
0.1173 -0.023163
0.0965 -0.022383
0.0742 -0.021546
0.0489 -0.020598
0.0181 -0.019443
-0.0227 -0.017918
-0.0792 -0.015808
-0.1514 -0.013055
-0.2264 -0.008560
-0.2911 -0.005461
-0.3417 -0.003455
-0.3797 -0.002193
-0.4074 -0.001409
-0.4273 -0.000924
-0.4411 -0.000625
-0.4503 -0.000440
-0.4559 -0.000326
-0.4589 -0.000254
-0.4597 -0.000207
-0.4589 -0.000177
-0.4567 -0.000155
-0.4535 -0.000139
-0.4495 -0.000126
-0.4447 -0.000116
-0.4393 -0.000106
-0.4334 -0.000097
-0.4270 -0.000089
-0.4201 -0.000081
-0.4129 -0.000074
-0.4053 -0.000067
-0.3973 -0.000061
-0.3890 -0.000055
-0.3803 -0.000049
-0.3713 -0.000044
-0.3619 -0.000040
-0.3522 -0.000036
-0.3421 -0.000032
-0.3317 -0.000028
-0.3209 -0.000025
-0.3098 -0.000022
-0.2983 -0.000020
-0.2865 -0.000017
-0.2743 -0.000015
-0.2616 -0.000014
-0.2508 -0.018691
-0.2422 -0.029004
-0.2342 -0.029901
-0.2287 -0.030529
-0.2274 -0.030679
-0.2304 -0.030346
-0.2366 -0.029647
-0.2448 -0.028720
-0.2541 -0.027679
-0.2636 -0.026604
-0.2730 -0.025552
-0.2818 -0.024557
-0.2900 -0.023640
-0.2973 -0.022811
-0.3038 -0.022076
-0.3095 -0.021433
-0.3145 -0.020880
-0.3186 -0.020411
-0.3221 -0.019660
-0.3247 -0.017953
-0.3263 -0.014912
-0.3270 -0.012406
-0.3268 -0.010368
-0.3261 -0.008697
-0.3247 -0.007318
-0.3230 -0.006173
-0.3209 -0.005217
-0.3184 -0.004416
-0.3157 -0.003742
-0.3128 -0.003175
-0.3096 -0.002696
-0.3063 -0.002292
-0.3027 -0.001949
-0.2990 -0.001658
-0.2950 -0.001412
-0.2909 -0.001203
-0.2865 -0.001026
-0.2818 -0.000876
-0.2769 -0.000748
-0.2716 -0.000639
-0.2660 -0.000547
-0.2599 -0.000469
-0.2535 -0.000402
-0.2464 -0.000345
-0.2388 -0.000297
-0.2306 -0.000256
-0.2215 -0.000221
-0.2115 -0.000191
-0.2004 -0.000166
-0.1879 -0.000144
-0.1735 -0.000126
-0.1565 -0.000111
-0.1357 -0.000098
-0.1089 -0.000088
-0.0715 -0.000080
-0.0147 -0.000076
0.0712 -0.000075
0.1689 -0.000073
0.2441 -0.000068
0.2868 -0.000060
0.2988 -0.030007
0.2927 -0.029773
0.2772 -0.029185
0.2569 -0.028421
0.2349 -0.027592
0.2128 -0.026755
0.1911 -0.025939
0.1701 -0.025149
0.1497 -0.024382
0.1296 -0.023626
0.1093 -0.022863
0.0881 -0.022066
0.0648 -0.021194
0.0378 -0.020180
0.0037 -0.018906
-0.0425 -0.017179
-0.1058 -0.014812
-0.1811 -0.011135
-0.2531 -0.007203
-0.3123 -0.004573
-0.3577 -0.002894
-0.3914 -0.001844
-0.4159 -0.001193
-0.4332 -0.000791
-0.4450 -0.000543
-0.4527 -0.000390
-0.4573 -0.000294
-0.4593 -0.000234
-0.4595 -0.000195
-0.4581 -0.000168
-0.4555 -0.000149
-0.4519 -0.000134
-0.4476 -0.000122
-0.4425 -0.000112
-0.4369 -0.000103
-0.4308 -0.000094
-0.4242 -0.000086
-0.4172 -0.000078
-0.4098 -0.000071
-0.4021 -0.000065
-0.3940 -0.000059
-0.3855 -0.000053
-0.3767 -0.000047
-0.3675 -0.000043
-0.3580 -0.000038
-0.3481 -0.000034
-0.3379 -0.000030
-0.3274 -0.000027
-0.3165 -0.000024
-0.3052 -0.000021
-0.2936 -0.000019
-0.2816 -0.000017
-0.2692 -0.000015
-0.2566 -0.018259
-0.2472 -0.028447
-0.2389 -0.029372
-0.2316 -0.030194
-0.2277 -0.030638
-0.2283 -0.030580
-0.2327 -0.030080
-0.2399 -0.029273
-0.2487 -0.028290
-0.2581 -0.027229
-0.2676 -0.026162
-0.2767 -0.025133
-0.2852 -0.024172
-0.2930 -0.023293
-0.3000 -0.022505
-0.3062 -0.021811
-0.3115 -0.021208
-0.3161 -0.020692
-0.3200 -0.020258
-0.3231 -0.019100
-0.3253 -0.016659
-0.3265 -0.013817
-0.3268 -0.011518
-0.3264 -0.009643
-0.3254 -0.008100
-0.3238 -0.006823
-0.3219 -0.005760
-0.3197 -0.004871
-0.3171 -0.004126
-0.3143 -0.003498
-0.3113 -0.002969
-0.3080 -0.002522
-0.3046 -0.002144
-0.3010 -0.001824
-0.2971 -0.001553
-0.2931 -0.001323
-0.2888 -0.001127
-0.2843 -0.000962
-0.2795 -0.000821
-0.2744 -0.000701
-0.2690 -0.000600
-0.2632 -0.000513
-0.2570 -0.000440
-0.2503 -0.000378
-0.2431 -0.000324
-0.2352 -0.000279
-0.2266 -0.000241
-0.2172 -0.000208
-0.2067 -0.000180
-0.1950 -0.000156
-0.1817 -0.000136
-0.1663 -0.000119
-0.1478 -0.000105
-0.1248 -0.000094
-0.0941 -0.000085
-0.0495 -0.000078
0.0197 -0.000075
0.1153 -0.000075
0.2060 -0.000072
0.2668 -0.000065
0.2956 -0.029888
0.2977 -0.029963
0.2867 -0.029545
0.2686 -0.028862
0.2473 -0.028059
0.2251 -0.027222
0.2031 -0.026392
0.1818 -0.025588
0.1611 -0.024809
0.1409 -0.024049
0.1207 -0.023293
0.1001 -0.022519
0.0782 -0.021696
0.0536 -0.020773
0.0240 -0.019664
-0.0147 -0.018220
-0.0680 -0.016225
-0.1381 -0.013601
-0.2138 -0.009234
-0.2807 -0.005910
-0.3337 -0.003742
-0.3737 -0.002373
-0.4031 -0.001521
-0.4241 -0.000994
-0.4389 -0.000669
-0.4488 -0.000468
-0.4550 -0.000343
-0.4583 -0.000265
-0.4595 -0.000215
-0.4589 -0.000182
-0.4570 -0.000159
-0.4539 -0.000142
-0.4500 -0.000129
-0.4453 -0.000118
-0.4400 -0.000108
-0.4341 -0.000099
-0.4278 -0.000091
-0.4211 -0.000083
-0.4139 -0.000075
-0.4063 -0.000068
-0.3984 -0.000062
-0.3902 -0.000056
-0.3815 -0.000050
-0.3726 -0.000045
-0.3632 -0.000041
-0.3536 -0.000036
-0.3435 -0.000032
-0.3332 -0.000029
-0.3225 -0.000026
-0.3114 -0.000023
-0.3000 -0.000020
-0.2882 -0.000018
-0.2761 -0.000016
-0.2634 -0.000014
-0.2523 -0.018581
-0.2435 -0.028858
-0.2354 -0.029768
-0.2294 -0.030445
-0.2275 -0.030660
-0.2300 -0.030384
-0.2359 -0.029727
-0.2439 -0.028826
-0.2530 -0.027800
-0.2625 -0.026732
-0.2718 -0.025681
-0.2807 -0.024683
-0.2889 -0.023761
-0.2963 -0.022927
-0.3029 -0.022184
-0.3086 -0.021534
-0.3136 -0.020973
-0.3178 -0.020498
-0.3214 -0.019888
-0.3241 -0.018286
-0.3258 -0.015299
-0.3266 -0.012721
-0.3265 -0.010627
-0.3258 -0.008911
-0.3245 -0.007496
-0.3228 -0.006321
-0.3207 -0.005341
-0.3183 -0.004520
-0.3156 -0.003831
-0.3127 -0.003250
-0.3096 -0.002759
-0.3062 -0.002345
-0.3027 -0.001994
-0.2990 -0.001697
-0.2950 -0.001445
-0.2909 -0.001231
-0.2865 -0.001050
-0.2819 -0.000896
-0.2770 -0.000765
-0.2717 -0.000654
-0.2661 -0.000559
-0.2601 -0.000479
-0.2537 -0.000411
-0.2468 -0.000353
-0.2392 -0.000303
-0.2310 -0.000261
-0.2220 -0.000225
-0.2121 -0.000195
-0.2011 -0.000169
-0.1887 -0.000147
-0.1745 -0.000128
-0.1577 -0.000113
-0.1373 -0.000100
-0.1110 -0.000089
-0.0746 -0.000082
-0.0195 -0.000077
0.0644 -0.000075
0.1626 -0.000074
0.2399 -0.000069
0.2848 -0.000061
0.2988 -0.030006
0.2936 -0.029806
0.2785 -0.029235
0.2585 -0.028479
0.2365 -0.027652
0.2143 -0.026815
0.1926 -0.025997
0.1716 -0.025206
0.1512 -0.024438
0.1311 -0.023682
0.1108 -0.022920
0.0897 -0.022128
0.0667 -0.021264
0.0400 -0.020265
0.0067 -0.019018
-0.0383 -0.017334
-0.1002 -0.015019
-0.1751 -0.011508
-0.2478 -0.007463
-0.3081 -0.004743
-0.3545 -0.003002
-0.3890 -0.001912
-0.4141 -0.001236
-0.4319 -0.000819
-0.4441 -0.000561
-0.4521 -0.000401
-0.4568 -0.000302
-0.4590 -0.000239
-0.4593 -0.000198
-0.4580 -0.000171
-0.4555 -0.000151
-0.4520 -0.000136
-0.4477 -0.000124
-0.4427 -0.000113
-0.4371 -0.000104
-0.4310 -0.000095
-0.4245 -0.000087
-0.4175 -0.000079
-0.4101 -0.000072
-0.4024 -0.000065
-0.3943 -0.000059
-0.3859 -0.000053
-0.3771 -0.000048
-0.3679 -0.000043
-0.3584 -0.000039
-0.3486 -0.000034
-0.3384 -0.000031
-0.3279 -0.000027
-0.3170 -0.000024
-0.3058 -0.000022
-0.2942 -0.000019
-0.2822 -0.000017
-0.2698 -0.000015
-0.2572 -0.018217
-0.2477 -0.028389
-0.2394 -0.029314
-0.5294 0.000370
-0.5305 0.000321
-0.5302 0.000265
-0.5286 0.000210
-0.5260 0.000160
-0.5224 0.000115
-0.5180 0.000077
-0.5127 0.000046
-0.5066 0.000020
-0.4996 -0.000001
-0.4918 -0.000017
-0.4830 -0.000029
-0.4733 -0.000039
-0.4627 -0.000045
-0.4509 -0.000050
-0.4380 -0.000052
-0.4239 -0.000054
-0.4085 -0.000054
-0.3917 -0.000053
-0.3734 -0.000052
-0.3537 -0.000050
-0.3322 -0.000048
-0.3090 -0.000046
-0.2836 -0.000043
-0.2558 -0.000041
-0.2248 -0.000038
-0.1890 -0.000036
-0.1455 -0.000034
-0.0869 -0.000034
-0.0015 -0.037328
0.1180 -0.092523
0.2220 -0.108173
0.2798 -0.116915
0.2956 -0.119341
0.2846 -0.117718
0.2600 -0.114036
0.2301 -0.109562
0.1993 -0.104948
0.1693 -0.100443
0.1401 -0.096065
0.1110 -0.091696
0.0803 -0.087099
0.0454 -0.081870
0.0016 -0.071185
-0.0581 -0.056221
-0.1376 -0.038533
-0.2245 -0.024479
-0.3014 -0.014744
-0.3626 -0.008521
-0.4095 -0.004691
-0.4448 -0.002392
-0.4712 -0.001046
-0.4907 -0.000285
-0.5049 0.000121
-0.5151 0.000315
-0.5221 0.000386
-0.5266 0.000388
-0.5290 0.000354
-0.5298 0.000304
-0.5292 0.000249
-0.5274 0.000195
-0.5246 0.000146
-0.5209 0.000104
-0.5162 0.000067
-0.5108 0.000037
-0.5044 0.000013
-0.4973 -0.000006
-0.4893 -0.000021
-0.4803 -0.000033
-0.4704 -0.000041
-0.4595 -0.000047
-0.4476 -0.000051
-0.4344 -0.000054
-0.4200 -0.000055
-0.4043 -0.000055
-0.3873 -0.000054
-0.3687 -0.000052
-0.3486 -0.000050
-0.3268 -0.000048
-0.3031 -0.000046
-0.2773 -0.000043
-0.2488 -0.000041
-0.2169 -0.000038
-0.1798 -0.000036
-0.1337 -0.000034
-0.0697 -0.000034
0.0240 -0.039230
0.1451 -0.096600
0.2395 -0.110822
0.2864 -0.117927
0.2947 -0.119212
0.2796 -0.116972
0.2533 -0.113033
0.2230 -0.108498
0.1924 -0.103908
0.1627 -0.099446
0.1337 -0.095094
0.1044 -0.090709
0.0732 -0.086026
0.0368 -0.080586
-0.0096 -0.068297
-0.0736 -0.052184
-0.1562 -0.035163
-0.2420 -0.022052
-0.3155 -0.013171
-0.3734 -0.007552
-0.4175 -0.004112
-0.4507 -0.002056
-0.4754 -0.000859
-0.4936 -0.000189
-0.5069 0.000163
-0.5163 0.000326
-0.5226 0.000380
-0.5266 0.000374
-0.5286 0.000336
-0.5291 0.000285
-0.5282 0.000231
-0.5262 0.000179
-0.5231 0.000132
-0.5191 0.000091
-0.5143 0.000057
-0.5086 0.000029
-0.5021 0.000006
-0.4947 -0.000012
-0.4865 -0.000026
-0.4773 -0.000037
-0.4672 -0.000044
-0.4560 -0.000050
-0.4438 -0.000053
-0.4303 -0.000055
-0.4156 -0.000055
-0.3996 -0.000055
-0.3822 -0.000054
-0.3633 -0.000052
-0.3428 -0.000050
-0.3205 -0.000048
-0.2963 -0.000045
-0.2699 -0.000043
-0.2407 -0.000040
-0.2076 -0.000038
-0.1687 -0.000036
-0.1191 -0.000034
-0.0486 -0.033809
0.0556 -0.041594
0.1740 -0.100935
0.2561 -0.113324
0.2914 -0.118683
0.2921 -0.118836
0.2732 -0.116018
0.2454 -0.111857
0.2149 -0.107288
0.1846 -0.102736
0.1552 -0.098321
0.1263 -0.093989
0.0968 -0.089569
0.0647 -0.084761
0.0265 -0.078193
-0.0235 -0.065031
-0.0924 -0.047714
-0.1776 -0.031541
-0.2612 -0.019520
-0.3309 -0.011552
-0.3851 -0.006560
-0.4262 -0.003522
-0.4570 -0.001715
-0.4799 -0.000672
-0.4968 -0.000094
-0.5089 0.000204
-0.5175 0.000336
-0.5232 0.000373
-0.5266 0.000358
-0.5282 0.000317
-0.5283 0.000265
-0.5271 0.000212
-0.5247 0.000162
-0.5214 0.000117
-0.5172 0.000079
-0.5121 0.000046
-0.5062 0.000020
-0.4994 -0.000001
-0.4918 -0.000018
-0.4833 -0.000031
-0.4739 -0.000040
-0.4635 -0.000047
-0.4520 -0.000052
-0.4395 -0.000054
-0.4257 -0.000056
-0.4106 -0.000056
-0.3942 -0.000055
-0.3764 -0.000054
-0.3571 -0.000052
-0.3361 -0.000050
-0.3133 -0.000048
-0.2886 -0.000045
-0.2614 -0.000042
-0.2312 -0.000040
-0.1967 -0.000038
-0.1553 -0.000036
-0.1008 -0.000035
-0.0223 -0.035774
0.0928 -0.066565
0.2032 -0.105345
0.2708 -0.115548
0.2941 -0.119107
0.2876 -0.118171
0.2653 -0.114834
0.2364 -0.110498
0.2058 -0.105922
0.1758 -0.101421
0.1467 -0.097053
0.1179 -0.092729
0.0880 -0.088246
0.0547 -0.083255
0.0139 -0.074371
-0.0407 -0.060954
-0.1152 -0.042811
-0.2018 -0.027724
-0.2821 -0.016929
-0.3472 -0.009917
-0.3974 -0.005565
-0.4353 -0.002933
-0.4637 -0.001378
-0.4847 -0.000488
-0.5001 -0.000002
-0.5111 0.000242
-0.5188 0.000343
-0.5237 0.000363
-0.5266 0.000339
-0.5277 0.000295
-0.5274 0.000244
-0.5258 0.000192
-0.5231 0.000144
-0.5195 0.000102
-0.5150 0.000065
-0.5097 0.000035
-0.5035 0.000011
-0.4965 -0.000009
-0.4886 -0.000024
-0.4798 -0.000035
-0.4701 -0.000044
-0.4593 -0.000050
-0.4475 -0.000054
-0.4346 -0.000056
-0.4204 -0.000057
-0.4049 -0.000057
-0.3881 -0.000056
-0.3698 -0.000054
-0.3500 -0.000052
-0.3284 -0.000050
-0.3051 -0.000047
-0.2796 -0.000045
-0.2515 -0.000042
-0.2201 -0.000040
-0.1837 -0.000037
-0.1388 -0.000036
-0.0774 -0.000035
0.0121 -0.038346
0.1327 -0.094733
0.2309 -0.109526
0.2823 -0.117304
0.2939 -0.119095
0.2809 -0.117170
0.2557 -0.113400
0.2260 -0.108947
0.1957 -0.104395
0.1661 -0.099957
0.1373 -0.095633
0.1084 -0.091298
0.0777 -0.086710
0.0426 -0.081453
-0.0016 -0.070133
-0.0621 -0.055075
-0.1422 -0.037619
-0.2285 -0.023856
-0.3042 -0.014373
-0.3643 -0.008323
-0.4102 -0.004601
-0.4448 -0.002365
-0.4706 -0.001055
-0.4896 -0.000314
-0.5035 0.000083
-0.5133 0.000274
-0.5200 0.000345
-0.5242 0.000350
-0.5265 0.000319
-0.5270 0.000273
-0.5263 0.000221
-0.5243 0.000171
-0.5213 0.000125
-0.5174 0.000086
-0.5126 0.000052
-0.5069 0.000024
-0.5005 0.000001
-0.4931 -0.000016
-0.4849 -0.000030
-0.4758 -0.000040
-0.4657 -0.000047
-0.4546 -0.000053
-0.4424 -0.000056
-0.4290 -0.000057
-0.4144 -0.000058
-0.3984 -0.000057
-0.3811 -0.000056
-0.3623 -0.000054
-0.3418 -0.000052
-0.3196 -0.000049
-0.2955 -0.000047
-0.2692 -0.000044
-0.2400 -0.000042
-0.2070 -0.000039
-0.1679 -0.000037
-0.1182 -0.000036
-0.0478 -0.033872
0.0566 -0.041670
0.1743 -0.100989
0.2552 -0.113194
0.2898 -0.118448
0.2905 -0.118587
0.2718 -0.115809
0.2444 -0.111710
0.2144 -0.107200
0.1844 -0.102701
0.1553 -0.098331
0.1266 -0.094039
0.0974 -0.089660
0.0657 -0.084903
0.0280 -0.078414
-0.0211 -0.065355
-0.0888 -0.048453
-0.1733 -0.032178
-0.2570 -0.019996
-0.3271 -0.011884
-0.3818 -0.006788
-0.4233 -0.003681
-0.4544 -0.001828
-0.4776 -0.000754
-0.4946 -0.000155
-0.5068 0.000156
-0.5154 0.000298
-0.5212 0.000342
-0.5246 0.000333
-0.5262 0.000296
-0.5262 0.000248
-0.5250 0.000197
-0.5226 0.000149
-0.5192 0.000106
-0.5149 0.000069
-0.5098 0.000038
-0.5038 0.000012
-0.4970 -0.000008
-0.4893 -0.000024
-0.4807 -0.000036
-0.4712 -0.000045
-0.4607 -0.000051
-0.4492 -0.000055
-0.4365 -0.000057
-0.4226 -0.000059
-0.4075 -0.000058
-0.3910 -0.000058
-0.3731 -0.000056
-0.3536 -0.000054
-0.3325 -0.000052
-0.3095 -0.000049
-0.2845 -0.000046
-0.2571 -0.000044
-0.2265 -0.000041
-0.1913 -0.000039
-0.1486 -0.000037
-0.0916 -0.000036
-0.0092 -0.036754
0.1087 -0.091128
0.2138 -0.106944
0.2741 -0.116062
0.2925 -0.118864
0.2835 -0.117551
0.2604 -0.114094
0.2315 -0.109775
0.2015 -0.105266
0.1720 -0.100840
0.1433 -0.096534
0.1147 -0.092249
0.0848 -0.087774
0.0513 -0.082746
0.0098 -0.072973
-0.0459 -0.059480
-0.1215 -0.041495
-0.2079 -0.026761
-0.2869 -0.016314
-0.3506 -0.009556
-0.3996 -0.005367
-0.4365 -0.002835
-0.4641 -0.001340
-0.4846 -0.000484
-0.4995 -0.000017
-0.5101 0.000217
-0.5175 0.000314
-0.5222 0.000334
-0.5248 0.000312
-0.5257 0.000270
-0.5251 0.000221
-0.5234 0.000172
-0.5206 0.000126
-0.5168 0.000086
-0.5121 0.000052
-0.5066 0.000024
-0.5002 0.000001
-0.4930 -0.000017
-0.4849 -0.000031
-0.4759 -0.000042
-0.4660 -0.000049
-0.4550 -0.000054
-0.4430 -0.000058
-0.4297 -0.000059
-0.4153 -0.000060
-0.3995 -0.000059
-0.3824 -0.000058
-0.3637 -0.000056
-0.3435 -0.000054
-0.3216 -0.000051
-0.2977 -0.000048
-0.2717 -0.000046
-0.2428 -0.000043
-0.2103 -0.000040
-0.1720 -0.000038
-0.1238 -0.000036
-0.0560 -0.033259
0.0438 -0.040712
0.1628 -0.099263
0.2477 -0.112057
0.2862 -0.117900
0.2897 -0.118469
0.2728 -0.115961
0.2465 -0.112012
0.2169 -0.107582
0.1872 -0.103124
0.1583 -0.098783
0.1299 -0.094525
0.1010 -0.090201
0.0700 -0.085543
0.0335 -0.079584
-0.0133 -0.066897
-0.0779 -0.050986
-0.1606 -0.034266
-0.2453 -0.021485
-0.3175 -0.012861
-0.3742 -0.007408
-0.4173 -0.004069
-0.4497 -0.002071
-0.4737 -0.000905
-0.4914 -0.000249
-0.5042 0.000098
-0.5132 0.000262
-0.5193 0.000320
-0.5229 0.000318
-0.5247 0.000286
-0.5249 0.000241
-0.5237 0.000192
-0.5214 0.000145
-0.5181 0.000102
-0.5139 0.000066
-0.5088 0.000035
-0.5028 0.000010
-0.4960 -0.000011
-0.4884 -0.000026
-0.4798 -0.000038
-0.4703 -0.000047
-0.4598 -0.000053
-0.4483 -0.000057
-0.4356 -0.000060
-0.4218 -0.000061
-0.4066 -0.000061
-0.3901 -0.000059
-0.3722 -0.000058
-0.3527 -0.000056
-0.3316 -0.000053
-0.3087 -0.000050
-0.2837 -0.000048
-0.2562 -0.000045
-0.2256 -0.000042
-0.1903 -0.000040
-0.1474 -0.000038
-0.0901 -0.000037
-0.0078 -0.036862
0.1103 -0.091368
0.2141 -0.106989
0.2731 -0.115917
0.2909 -0.118627
0.2818 -0.117304
0.2589 -0.113882
0.2304 -0.109611
0.2007 -0.105151
0.1715 -0.100767
0.1430 -0.096495
0.1146 -0.092238
0.0850 -0.087790
0.0516 -0.082795
0.0105 -0.072792
-0.0446 -0.059556
-0.1197 -0.041831
-0.2059 -0.027039
-0.2849 -0.016519
-0.3488 -0.009701
-0.3980 -0.005470
-0.4351 -0.002910
-0.4628 -0.001396
-0.4832 -0.000527
-0.4982 -0.000051
-0.5088 0.000190
-0.5162 0.000292
-0.5208 0.000315
-0.5234 0.000296
-0.5243 0.000256
-0.5237 0.000209
-0.5219 0.000161
-0.5190 0.000117
-0.5151 0.000078
-0.5104 0.000045
-0.5047 0.000017
-0.4983 -0.000005
-0.4909 -0.000022
-0.4827 -0.000036
-0.4736 -0.000046
-0.4635 -0.000053
-0.4523 -0.000058
-0.4401 -0.000061
-0.4267 -0.000062
-0.4120 -0.000062
-0.3960 -0.000061
-0.3786 -0.000060
-0.3597 -0.000058
-0.3392 -0.000055
-0.3170 -0.000053
-0.2928 -0.000050
-0.2663 -0.000047
-0.2369 -0.000044
-0.2036 -0.000041
-0.1641 -0.000039
-0.1135 -0.000038
-0.0426 -0.034265
0.0629 -0.042149
0.1787 -0.101659
0.2560 -0.113314
0.2881 -0.118197
0.2877 -0.118176
0.2689 -0.115377
0.2419 -0.111323
0.2122 -0.106880
0.1827 -0.102447
0.1539 -0.098132
0.1256 -0.093885
0.0966 -0.089542
0.0651 -0.084813
0.0276 -0.077702
-0.0211 -0.064853
-0.0885 -0.048667
-0.1725 -0.032369
-0.2559 -0.020157
-0.3259 -0.012016
-0.3804 -0.006896
-0.4217 -0.003771
-0.4527 -0.001905
-0.4757 -0.000820
-0.4925 -0.000212
-0.5047 0.000107
-0.5131 0.000255
-0.5187 0.000304
-0.5220 0.000299
-0.5234 0.000266
-0.5233 0.000221
-0.5219 0.000173
-0.5193 0.000128
-0.5157 0.000087
-0.5112 0.000052
-0.5059 0.000023
-0.4996 -0.000001
-0.4925 -0.000020
-0.4845 -0.000035
-0.4756 -0.000046
-0.4657 -0.000053
-0.4548 -0.000059
-0.4429 -0.000062
-0.4297 -0.000064
-0.4154 -0.000064
-0.3997 -0.000064
-0.3827 -0.000062
-0.3641 -0.000060
-0.3440 -0.000058
-0.3222 -0.000055
-0.2985 -0.000052
-0.2727 -0.000049
-0.2441 -0.000046
-0.2120 -0.000043
-0.1745 -0.000041
-0.1282 -0.000039
-0.0648 -0.016323
0.0257 -0.039369
0.1418 -0.096111
0.2319 -0.109684
0.2782 -0.116691
0.2879 -0.118187
0.2748 -0.116246
0.2503 -0.112584
0.2215 -0.108273
0.1921 -0.103853
0.1632 -0.099523
0.1349 -0.095283
0.1064 -0.091009
0.0761 -0.086463
0.0411 -0.081229
-0.0031 -0.069784
-0.0636 -0.055302
-0.1434 -0.037768
-0.2290 -0.023980
-0.3040 -0.014490
-0.3635 -0.008434
-0.4088 -0.004705
-0.4429 -0.002462
-0.4683 -0.001144
-0.4870 -0.000395
-0.5005 0.000009
-0.5100 0.000207
-0.5164 0.000285
-0.5203 0.000295
-0.5222 0.000270
-0.5225 0.000228
-0.5214 0.000181
-0.5190 0.000135
-0.5157 0.000093
-0.5113 0.000056
-0.5061 0.000025
-0.4999 0.000000
-0.4929 -0.000020
-0.4850 -0.000036
-0.4762 -0.000048
-0.4664 -0.000056
-0.4556 -0.000062
-0.4437 -0.000066
-0.4307 -0.000068
-0.4164 -0.000068
-0.4009 -0.000067
-0.3839 -0.000066
-0.3655 -0.000064
-0.3456 -0.000061
-0.3239 -0.000058
-0.3005 -0.000055
-0.2749 -0.000052
-0.2467 -0.000049
-0.2153 -0.000046
-0.1793 -0.000043
-0.1364 -0.000041
-0.0811 -0.000039
-0.0055 -0.037042
0.0956 -0.066899
0.1867 -0.102887
0.2445 -0.111618
0.2675 -0.115112
0.2653 -0.114817
0.2485 -0.112307
0.2246 -0.108731
0.1981 -0.104762
0.1712 -0.100719
0.1444 -0.096694
0.1173 -0.092636
0.0889 -0.088386
0.0573 -0.083643
0.0186 -0.077269
-0.0332 -0.065619
-0.1044 -0.047021
-0.1895 -0.030843
-0.2704 -0.019053
-0.3369 -0.011310
-0.3883 -0.006472
-0.4271 -0.003527
-0.4562 -0.001774
-0.4776 -0.000759
-0.4933 -0.000193
-0.5044 0.000101
-0.5120 0.000235
-0.5169 0.000276
-0.5196 0.000267
-0.5204 0.000233
-0.5197 0.000188
-0.5177 0.000141
-0.5146 0.000097
-0.5104 0.000058
-0.5053 0.000025
-0.4992 -0.000003
-0.4923 -0.000025
-0.4844 -0.000042
-0.4755 -0.000055
-0.4657 -0.000064
-0.4548 -0.000071
-0.4428 -0.000075
-0.4297 -0.000077
-0.4153 -0.000077
-0.3997 -0.000077
-0.3826 -0.000075
-0.3641 -0.000072
-0.3441 -0.000069
-0.3224 -0.000066
-0.2989 -0.000062
-0.2735 -0.000059
-0.2456 -0.000055
-0.2150 -0.000052
-0.1809 -0.000048
-0.1426 -0.000045
-0.0980 -0.000042
-0.0404 -0.017242
0.0361 -0.020101
0.1207 -0.069752
0.1894 -0.077500
0.2301 -0.082109
0.2456 -0.083882
0.2434 -0.083647
0.2303 -0.082185
0.2114 -0.080059
0.1897 -0.077617
0.1668 -0.075040
0.1433 -0.072396
0.1191 -0.069673
0.0934 -0.066791
0.0649 -0.063585
0.0306 -0.059738
-0.0142 -0.049427
-0.0760 -0.036055
-0.1560 -0.024449
-0.2395 -0.015470
-0.3116 -0.009346
-0.3686 -0.005446
-0.4121 -0.003044
-0.4447 -0.001600
-0.4689 -0.000752
-0.4866 -0.000272
-0.4992 -0.000014
-0.5079 0.000110
-0.5135 0.000158
-0.5166 0.000162
-0.5177 0.000144
-0.5170 0.000116
-0.5149 0.000085
-0.5115 0.000055
-0.5069 0.000028
-0.5013 0.000004
-0.4946 -0.000015
-0.4868 -0.000030
-0.4781 -0.000042
-0.4682 -0.000051
-0.4573 -0.000057
-0.4452 -0.000061
-0.4320 -0.000064
-0.4175 -0.000065
-0.4016 -0.000064
-0.3844 -0.000063
-0.3658 -0.000061
-0.3457 -0.000059
-0.3240 -0.000056
-0.3007 -0.000053
-0.2757 -0.000050
-0.2490 -0.000047
-0.2217 -0.010471
-0.1948 -0.011476
-0.1686 -0.012452
-0.1452 -0.013328
-0.1260 -0.014046
-0.1116 -0.014586
-0.1022 -0.029846
-0.1029 -0.044683
-0.1113 -0.043751
-0.1272 -0.041966
-0.1509 -0.039302
-0.1814 -0.035878
-0.2161 -0.031984
-0.2517 -0.027976
-0.2857 -0.024146
-0.3166 -0.020669
-0.3437 -0.017614
-0.3669 -0.014466
-0.3865 -0.011714
-0.4027 -0.009590
-0.4160 -0.007951
-0.4269 -0.006686
-0.4356 -0.005319
-0.4424 -0.004059
-0.4475 -0.003086
-0.4513 -0.002392
-0.4539 -0.001890
-0.4555 -0.001525
-0.4561 -0.001254
-0.4560 -0.001050
-0.4552 -0.000893
-0.4537 -0.000771
-0.4515 -0.000674
-0.4487 -0.000595
-0.4454 -0.000529
-0.4414 -0.000474
-0.4368 -0.000427
-0.4315 -0.000387
-0.4255 -0.000351
-0.4188 -0.000320
-0.4112 -0.000292
-0.4028 -0.000267
-0.3935 -0.000244
-0.3831 -0.000224
-0.3716 -0.000205
-0.3589 -0.000188
-0.3449 -0.000173
-0.3294 -0.000159
-0.3124 -0.000146
-0.2935 -0.000134
-0.2726 -0.000123
-0.2495 -0.000113
-0.2236 -0.000105
-0.1942 -0.000097
-0.1602 -0.000090
-0.1188 -0.000084
-0.0651 -0.016367
0.0097 -0.019158
0.1102 -0.022921
0.2023 -0.026384
0.2604 -0.028566
0.2860 -0.029529
0.2886 -0.029625
0.2771 -0.029187
0.2578 -0.028460
0.2350 -0.027599
0.2110 -0.026693
0.1869 -0.025787
0.1632 -0.024894
0.1397 -0.024009
0.1159 -0.023113
0.0908 -0.022173
0.0630 -0.021130
0.0300 -0.016615
-0.0129 -0.012757
-0.0730 -0.009344
-0.1526 -0.006355
-0.2369 -0.004021
-0.3103 -0.002422
-0.3685 -0.001403
-0.4128 -0.000778
-0.4459 -0.000403
-0.4704 -0.000185
-0.4881 -0.000062
-0.5007 0.000003
-0.5093 0.000033
-0.5146 0.000044
-0.5175 0.000044
-0.5183 0.000038
-0.5174 0.000030
-0.5150 0.000022
-0.5114 0.000014
-0.5066 0.000007
-0.5008 0.000001
-0.4940 -0.000004
-0.4862 -0.000008
-0.4774 -0.000011
-0.4677 -0.000013
-0.4569 -0.000015
-0.4451 -0.000016
-0.4321 -0.000016
-0.4180 -0.000017
-0.4027 -0.000016
-0.3862 -0.000016
-0.3683 -0.000015
-0.3492 -0.000015
-0.3288 -0.000014
-0.3073 -0.000013
-0.2853 -0.000012
-0.2639 -0.008858
-0.2450 -0.009565
-0.2287 -0.010176
-0.2168 -0.010626
-0.2118 -0.021618
-0.2149 -0.021395
-0.2263 -0.030815
-0.2432 -0.028911
-0.2637 -0.026614
-0.2857 -0.024132
-0.3078 -0.021643
-0.3289 -0.019276
-0.3481 -0.017105
-0.3654 -0.015166
-0.3804 -0.013468
-0.3934 -0.012002
-0.4045 -0.010753
-0.4139 -0.009547
-0.4215 -0.008232
-0.4278 -0.007222
-0.4327 -0.006450
-0.4365 -0.005614
-0.4393 -0.004858
-0.4412 -0.003944
-0.4422 -0.003236
-0.4425 -0.002689
-0.4421 -0.002258
-0.4412 -0.001915
-0.4398 -0.001637
-0.4379 -0.001410
-0.4356 -0.001221
-0.4329 -0.001064
-0.4297 -0.000930
-0.4261 -0.000817
-0.4220 -0.000720
-0.4175 -0.000636
-0.4124 -0.000564
-0.4068 -0.000501
-0.4006 -0.000446
-0.3938 -0.000398
-0.3863 -0.000356
-0.3780 -0.000319
-0.3688 -0.000286
-0.3587 -0.000258
-0.3476 -0.000232
-0.3354 -0.000209
-0.3219 -0.000189
-0.3069 -0.000171
-0.2905 -0.000155
-0.2722 -0.000141
-0.2519 -0.000128
-0.2293 -0.000117
-0.2038 -0.000107
-0.1750 -0.000098
-0.1418 -0.000090
-0.1019 -0.000084
-0.0514 -0.016881
0.0187 -0.019497
0.1100 -0.022916
0.1934 -0.026046
0.2473 -0.028074
0.2727 -0.029027
0.2772 -0.029194
0.2683 -0.028855
0.2516 -0.028225
0.2310 -0.027447
0.2087 -0.026606
0.1859 -0.025748
0.1632 -0.024891
0.1404 -0.024035
0.1172 -0.023164
0.0929 -0.022249
0.0659 -0.021084
0.0341 -0.016623
-0.0066 -0.012827
-0.0635 -0.009483
-0.1401 -0.006534
-0.2243 -0.004183
-0.2993 -0.002544
-0.3591 -0.001492
-0.4049 -0.000842
-0.4391 -0.000451
-0.4642 -0.000221
-0.4825 -0.000091
-0.4953 -0.000021
-0.5039 0.000014
-0.5091 0.000027
-0.5118 0.000029
-0.5123 0.000026
-0.5110 0.000019
-0.5082 0.000012
-0.5041 0.000005
-0.4988 -0.000001
-0.4925 -0.000006
-0.4851 -0.000010
-0.4767 -0.000014
-0.4674 -0.000016
-0.4571 -0.000018
-0.4458 -0.000019
-0.4335 -0.000019
-0.4201 -0.000019
-0.4057 -0.000019
-0.3901 -0.000018
-0.3734 -0.000018
-0.3556 -0.000017
-0.3367 -0.000016
-0.3169 -0.000015
-0.2967 -0.000014
-0.2780 -0.008331
-0.2614 -0.008951
-0.2480 -0.009457
-0.2393 -0.009782
-0.2368 -0.009878
-0.2425 -0.019325
-0.2539 -0.027711
-0.2706 -0.025837
-0.2893 -0.023734
-0.3086 -0.021558
-0.3275 -0.019428
-0.3453 -0.017428
-0.3615 -0.015604
-0.3759 -0.013981
-0.3885 -0.012561
-0.3993 -0.011337
-0.4086 -0.010295
-0.4163 -0.009140
-0.4227 -0.008008
-0.4278 -0.007137
-0.4319 -0.006468
-0.4350 -0.005960
-0.4372 -0.005222
-0.4387 -0.004627
-0.4394 -0.003819
