0.9862
0.9684
0.8433
0.7893
0.7802
0.7882
0.7961
0.8018
0.8071
0.8109
0.8124
0.8127
0.8130
0.8129
0.8134
0.8139
0.8132
0.8128
0.8141
0.8142
0.8143
0.8136
0.8122
0.8125
0.8135
0.8141
0.8147
0.8138
0.8131
0.8125
0.8116
0.8115
0.8130
0.8123
0.8119
0.8123
0.8112
0.8112
0.8123
0.8144
0.8148
0.8140
0.8149
0.8134
0.8141
0.8126
0.8126
0.8120
0.8138
0.8150
0.8143
0.8136
0.8133
0.8131
0.8143
0.8140
0.8134
0.8126
0.8125
0.8133
0.8136
0.8124
0.8126
0.8120
0.8130
0.8132
0.8137
0.8138
0.8147
0.8151
0.8155
0.8148
0.8146
0.8125
0.8131
0.8129
0.8128
0.8135
0.8145
0.8154
0.8139
0.8120
0.8131
0.8145
0.8137
0.8123
0.8140
0.8145
0.8141
0.8121
0.8131
0.8122
0.8126
0.8137
0.8149
0.8142
0.8133
0.8127
0.8126
0.8122
0.8120
0.8122
0.8131
0.8137
0.8125
0.8124
0.8126
0.8131
0.8134
0.8132
0.8129
0.8122
0.8116
0.8115
0.8119
0.8128
0.8129
0.8129
0.8141
0.8151
0.8159
0.8155
0.8139
0.8133
0.8136
0.8147
0.8142
0.8131
0.8131
0.8136
0.8124
0.8126
0.8132
0.8117
0.8108
0.8112
0.8117
0.8126
0.8137
0.8138
0.8124
0.8144
0.8134
0.8130
0.8136
0.8128
0.8133
0.8130
0.8132
0.8132
