0.2822 -0.007893
0.3102 -0.006764
0.3181 -0.005650
0.3126 -0.004642
0.2989 -0.003775
0.2809 -0.003051
0.2610 -0.002459
0.2407 -0.001980
0.2208 -0.001593
0.2017 -0.001283
0.1834 -0.001034
0.1661 -0.000833
0.1494 -0.000672
0.1333 -0.000542
0.1174 -0.000437
0.1016 -0.000352
0.0852 -0.000283
0.0678 -0.000227
0.0483 -0.000182
0.0254 -0.000144
-0.0035 -0.000112
-0.0422 -0.000086
-0.0941 -0.000063
-0.1569 -0.000044
-0.2201 -0.000030
-0.2743 -0.000020
-0.3166 -0.000013
-0.3481 -0.000009
-0.3706 -0.000006
-0.3861 -0.000005
-0.3961 -0.000004
-0.4018 -0.000003
-0.4043 -0.000002
-0.4041 -0.000002
-0.4019 -0.000002
-0.3980 -0.000001
-0.3927 -0.000001
-0.3884 -0.055819
-0.3908 -0.054601
-0.3908 -0.054599
-0.3892 -0.055408
-0.3869 -0.056558
-0.3845 -0.057718
-0.3825 -0.058761
-0.3806 -0.059689
-0.3789 -0.060552
-0.3772 -0.061402
-0.3770 -0.123092
-0.3880 -0.168272
-0.4015 -0.147872
-0.4097 -0.135484
-0.4141 -0.123001
-0.4155 -0.114970
-0.4151 -0.110445
-0.4137 -0.108045
-0.4113 -0.102518
-0.4074 -0.096143
-0.4061 -0.128481
-0.4057 -0.115451
-0.4028 -0.107353
-0.3984 -0.102080
-0.3931 -0.098535
-0.3872 -0.096115
-0.3810 -0.094479
-0.3747 -0.093423
-0.3683 -0.092827
-0.3620 -0.092617
-0.3557 -0.092742
-0.3496 -0.093167
-0.3435 -0.093859
-0.3375 -0.094789
-0.3315 -0.095927
-0.3257 -0.097244
-0.3200 -0.098714
-0.3144 -0.100314
-0.3088 -0.102027
-0.3030 -0.096111
-0.2946 -0.082893
-0.2838 -0.072204
-0.2709 -0.063299
-0.2561 -0.055728
-0.2397 -0.049213
-0.2214 -0.043574
-0.2009 -0.038697
-0.1776 -0.034511
-0.1500 -0.030991
-0.1154 -0.028172
-0.0677 -0.026192
0.0050 -0.025302
0.1086 -0.025227
0.2096 -0.024349
0.2789 -0.022125
0.3162 -0.019190
0.3294 -0.016139
0.3265 -0.013307
0.3136 -0.010839
0.2954 -0.008768
0.2748 -0.007067
0.2536 -0.005687
0.2328 -0.004576
0.2129 -0.003683
0.1940 -0.002967
0.1760 -0.002391
0.1589 -0.001928
0.1424 -0.001556
0.1263 -0.001255
0.1103 -0.001012
0.0940 -0.000815
0.0771 -0.000655
0.0586 -0.000525
0.0377 -0.000418
0.0124 -0.000330
-0.0202 -0.000255
-0.0639 -0.000192
-0.1205 -0.000138
-0.1835 -0.000096
-0.2420 -0.000065
-0.2896 -0.000044
-0.3257 -0.000030
-0.3518 -0.000021
-0.3700 -0.000015
-0.3820 -0.000011
-0.3894 -0.000009
-0.3932 -0.000007
-0.3943 -0.000006
-0.3934 -0.000005
-0.3910 -0.000004
-0.3902 -0.054947
-0.4059 -0.141368
-0.4204 -0.119607
-0.4282 -0.107795
-0.4324 -0.101440
-0.4347 -0.097903
-0.4360 -0.095961
-0.4366 -0.095118
-0.4366 -0.095152
-0.4360 -0.095919
-0.4348 -0.093013
-0.4325 -0.091502
-0.4296 -0.091230
-0.4265 -0.091739
-0.4226 -0.087349
-0.4178 -0.084251
-0.4123 -0.080039
-0.4055 -0.072060
-0.3973 -0.065349
-0.3883 -0.059400
-0.3784 -0.053967
-0.3764 -0.107702
-0.3754 -0.100892
-0.3728 -0.096490
-0.3691 -0.093726
-0.3646 -0.092130
-0.3595 -0.091405
-0.3540 -0.091359
-0.3481 -0.091858
-0.3421 -0.092807
-0.3357 -0.094140
-0.3292 -0.095808
-0.3225 -0.097777
-0.3156 -0.100021
-0.3086 -0.102515
-0.3013 -0.105232
-0.2939 -0.108135
-0.2865 -0.111165
-0.2791 -0.111762
-0.2696 -0.096383
-0.2574 -0.083940
-0.2431 -0.073515
-0.2271 -0.064594
-0.2094 -0.056882
-0.1899 -0.050211
-0.1678 -0.044485
-0.1419 -0.039665
-0.1095 -0.035770
-0.0656 -0.249892
-0.0549 -0.250213
-0.0422 -0.252410
-0.0269 -0.256616
-0.0088 -0.262798
0.0119 -0.270769
0.0346 -0.280070
0.0575 -0.289738
0.0779 -0.298411
0.0936 -0.304863
0.1034 -0.308456
0.1070 -0.309163
0.1052 -0.307310
0.0989 -0.303313
0.0918 -0.259808
0.0899 -0.216221
0.0917 -0.181102
0.0961 -0.152334
0.1018 -0.128435
0.1080 -0.108354
0.1138 -0.091343
0.1186 -0.076868
0.1219 -0.064533
0.1236 -0.054034
0.1235 -0.045121
0.1219 -0.037579
0.1187 -0.031218
0.1140 -0.025873
0.1080 -0.021394
0.1007 -0.017652
0.0923 -0.014534
0.0827 -0.011940
0.0718 -0.009784
0.0593 -0.007992
0.0446 -0.006499
0.0268 -0.005250
0.0044 -0.004198
-0.0542 -0.226423
-0.1492 -0.177898
-0.2394 -0.131965
-0.3081 -0.096991
-0.3556 -0.072868
-0.3869 -0.056992
-0.4067 -0.046942
-0.4186 -0.040908
-0.4251 -0.037616
-0.4278 -0.036193
-0.4281 -0.036047
-0.4265 -0.036792
-0.4237 -0.038174
-0.4200 -0.040019
-0.4157 -0.042197
-0.4108 -0.044610
-0.4069 -0.091518
-0.4082 -0.082493
-0.4066 -0.077498
-0.4032 -0.074782
-0.3992 -0.073136
-0.3952 -0.071939
-0.3915 -0.070979
-0.3881 -0.070224
-0.3849 -0.069689
-0.3818 -0.069388
-0.3788 -0.069319
-0.3758 -0.069470
-0.3729 -0.069817
-0.3699 -0.070336
-0.3669 -0.071009
-0.3639 -0.071832
-0.3605 -0.067389
-0.3553 -0.058360
-0.3484 -0.051037
-0.3402 -0.044895
-0.3311 -0.039613
-0.3212 -0.034995
-0.3108 -0.030914
-0.3000 -0.027285
-0.2888 -0.024048
-0.2889 -0.125651
-0.2966 -0.117902
-0.3022 -0.112040
-0.3063 -0.107579
-0.3094 -0.104111
-0.3118 -0.101351
-0.3137 -0.099129
-0.3153 -0.097339
-0.3164 -0.095912
-0.3173 -0.094794
-0.3178 -0.093943
-0.3181 -0.093328
-0.3181 -0.092936
-0.3178 -0.092762
-0.3169 -0.086119
-0.3133 -0.073297
-0.3074 -0.063142
-0.2997 -0.054844
-0.2946 -0.149742
-0.3031 -0.136146
-0.3083 -0.126476
-0.3112 -0.119569
-0.3127 -0.114493
-0.3135 -0.110608
-0.3138 -0.107543
-0.3139 -0.105088
-0.3139 -0.103114
-0.3138 -0.101533
-0.3135 -0.100280
-0.3132 -0.099300
-0.3128 -0.098548
-0.3123 -0.097986
-0.3117 -0.097582
-0.3112 -0.097314
-0.3105 -0.097167
-0.3229 -0.172529
-0.3332 -0.149380
-0.3389 -0.133774
-0.3413 -0.123074
-0.3416 -0.115654
-0.3404 -0.110484
-0.3382 -0.106892
-0.3353 -0.104427
-0.3320 -0.102782
-0.3285 -0.101742
-0.3249 -0.098544
-0.3195 -0.084852
-0.3118 -0.073864
-0.3025 -0.064748
-0.2917 -0.057006
-0.2798 -0.050328
-0.2668 -0.044511
-0.2528 -0.039414
-0.2376 -0.034941
-0.2210 -0.031018
-0.2028 -0.027594
-0.1823 -0.024633
-0.1584 -0.022120
-0.1289 -0.020065
-0.0896 -0.018528
-0.0313 -0.017666
0.0593 -0.017598
0.1684 -0.017569
0.2556 -0.016597
0.3088 -0.014844
0.3330 -0.012771
0.3364 -0.010711
0.3264 -0.008840
0.3090 -0.007227
0.2880 -0.005879
0.2658 -0.004772
0.2439 -0.003871
0.2229 -0.003142
0.2030 -0.002551
0.1492 -0.326918
0.0835 -0.293548
0.0216 -0.262230
-0.0511 -0.225656
-0.1401 -0.180924
-0.2282 -0.136640
-0.2978 -0.101598
-0.3472 -0.076717
-0.3807 -0.059891
-0.4025 -0.048891
-0.4162 -0.041982
-0.4243 -0.037921
-0.4284 -0.035844
-0.4297 -0.035153
-0.4291 -0.035439
-0.4272 -0.036416
-0.4242 -0.037884
-0.4206 -0.039701
-0.4164 -0.039699
-0.4109 -0.034983
-0.4115 -0.073015
-0.4103 -0.068902
-0.4076 -0.066666
-0.4041 -0.065540
-0.4002 -0.065049
-0.3961 -0.064941
-0.3921 -0.065100
-0.3882 -0.065470
-0.3843 -0.066023
-0.3805 -0.066738
-0.3767 -0.067603
-0.3729 -0.068615
-0.3691 -0.069774
-0.3651 -0.066912
-0.3593 -0.058212
-0.3520 -0.051119
-0.3434 -0.045132
-0.3340 -0.039952
-0.3237 -0.035401
-0.3129 -0.031367
-0.3015 -0.027772
-0.2897 -0.024560
-0.2776 -0.021687
-0.2651 -0.019120
-0.2522 -0.016833
-0.2390 -0.014801
-0.2252 -0.013006
-0.2108 -0.011427
-0.1954 -0.010046
-0.1785 -0.008849
-0.1595 -0.007823
-0.1371 -0.006960
-0.1089 -0.006261
-0.0704 -0.005739
-0.0127 -0.005433
0.0733 -0.005333
0.1694 -0.005200
0.2435 -0.004824
0.2881 -0.004270
0.3082 -0.003657
0.3109 -0.003063
0.3023 -0.002530
0.2870 -0.002072
0.2685 -0.001689
0.2487 -0.001374
0.2288 -0.001116
0.2094 -0.000907
0.1522 -0.327152
0.0879 -0.294731
0.0278 -0.264610
-0.0417 -0.229825
-0.1279 -0.186678
-0.2164 -0.142345
-0.2881 -0.106323
-0.3397 -0.080392
-0.3750 -0.062683
-0.3983 -0.050984
-0.4131 -0.043533
-0.4220 -0.039053
-0.4267 -0.036650
-0.4286 -0.035700
-0.4285 -0.035770
-0.4269 -0.036557
-0.4243 -0.037842
-0.4210 -0.039471
-0.4167 -0.034816
-0.4109 -0.030771
-0.4042 -0.027379
-0.3966 -0.024426
-0.3884 -0.021797
-0.3797 -0.019428
-0.3706 -0.017281
-0.3611 -0.015334
-0.3513 -0.013570
-0.3413 -0.011976
-0.3311 -0.010541
-0.3207 -0.009253
-0.3101 -0.008100
-0.2995 -0.007073
-0.2888 -0.006161
-0.2780 -0.005353
-0.2672 -0.004641
-0.2563 -0.004017
-0.2453 -0.003472
-0.2406 -0.132706
-0.2715 -0.230919
-0.3001 -0.201666
-0.3212 -0.180084
-0.3366 -0.164415
-0.3513 -0.224084
-0.3705 -0.194972
-0.3833 -0.175593
-0.3918 -0.162655
-0.3976 -0.153909
-0.4015 -0.147934
-0.4042 -0.143894
-0.4059 -0.141273
-0.4069 -0.139713
-0.4069 -0.133322
-0.4055 -0.126517
-0.4023 -0.117283
-0.3977 -0.110965
-0.3923 -0.106452
-0.3857 -0.095476
-0.3773 -0.085575
-0.3676 -0.077105
-0.3569 -0.069588
-0.3455 -0.062773
-0.3334 -0.056530
-0.3207 -0.050792
-0.3076 -0.045523
-0.2940 -0.040702
-0.2800 -0.036313
-0.2654 -0.032337
-0.2502 -0.028759
-0.2341 -0.025560
-0.2170 -0.022719
-0.1984 -0.020221
-0.1776 -0.018050
-0.1535 -0.016201
-0.1239 -0.014686
-0.0842 -0.013554
-0.0254 -0.012917
0.0649 -0.012836
0.1708 -0.012733
0.2542 -0.011963
0.3049 -0.010667
0.3281 -0.009168
0.3316 -0.007690
0.3223 -0.006351
0.3057 -0.005197
0.2854 -0.004231
0.2638 -0.003437
0.2423 -0.002789
0.2216 -0.002264
0.2019 -0.001839
0.1832 -0.001495
0.1654 -0.001216
0.1484 -0.000990
0.1319 -0.000805
0.1156 -0.000655
0.0991 -0.000533
0.0821 -0.000432
0.0637 -0.000350
0.0431 -0.000281
0.0185 -0.000224
-0.0128 -0.000176
-0.0548 -0.000134
-0.1099 -0.000098
-0.1732 -0.000069
-0.2337 -0.000047
-0.2838 -0.000032
-0.3220 -0.000022
-0.3498 -0.000015
-0.3691 -0.000011
-0.3819 -0.000008
-0.3897 -0.000007
-0.3936 -0.000005
-0.3946 -0.000004
-0.3933 -0.000004
-0.3905 -0.000003
-0.3927 -0.053666
-0.3962 -0.051935
-0.3992 -0.100930
-0.4068 -0.093249
-0.4113 -0.088729
-0.4140 -0.086068
-0.4155 -0.084483
-0.4164 -0.083587
-0.4168 -0.083230
-0.4166 -0.083353
-0.4161 -0.083919
-0.4151 -0.084883
-0.4138 -0.086186
-0.4122 -0.087771
-0.4104 -0.089579
-0.4083 -0.088215
-0.4049 -0.084200
-0.4001 -0.075705
-0.3933 -0.067489
-0.3851 -0.060686
-0.3759 -0.054771
-0.3658 -0.049462
-0.3551 -0.044608
-0.3439 -0.040128
-0.3324 -0.035981
-0.3207 -0.032149
-0.3188 -0.117812
-0.3228 -0.110813
-0.3285 -0.189602
-0.3435 -0.170265
-0.3540 -0.156731
-0.3613 -0.147161
-0.3665 -0.140360
-0.3700 -0.135534
-0.3724 -0.132135
-0.3740 -0.129786
-0.3749 -0.128246
-0.3752 -0.127361
-0.3751 -0.127027
-0.3746 -0.127164
-0.3734 -0.121317
-0.3703 -0.114463
-0.3659 -0.109889
-0.3606 -0.106880
-0.3547 -0.104997
-0.3484 -0.103963
-0.3419 -0.101244
-0.3334 -0.088390
-0.3227 -0.077968
-0.3102 -0.069176
-0.2963 -0.061544
-0.2812 -0.054784
-0.2653 -0.048718
-0.2487 -0.043245
-0.2488 -0.161405
-0.2552 -0.151285
-0.2605 -0.143216
-0.2649 -0.136641
-0.2689 -0.131101
-0.2728 -0.126296
-0.2766 -0.122061
-0.2802 -0.118319
-0.2947 -0.212034
-0.3143 -0.190793
-0.3292 -0.174662
-0.3404 -0.162540
-0.3489 -0.153472
-0.3551 -0.146713
-0.3598 -0.141718
-0.3626 -0.130865
-0.3628 -0.120402
-0.3612 -0.113143
-0.3585 -0.108021
-0.3550 -0.104375
-0.3511 -0.101783
-0.3470 -0.099965
-0.3428 -0.098737
-0.3385 -0.096263
-0.3327 -0.083269
-0.3249 -0.072792
-0.3155 -0.064043
-0.3049 -0.056557
-0.2933 -0.050041
-0.2808 -0.044309
-0.2676 -0.039238
-0.2536 -0.034740
-0.2388 -0.030753
-0.2231 -0.027225
-0.2063 -0.024119
-0.1879 -0.021404
-0.1672 -0.019059
-0.1429 -0.017074
-0.1128 -0.015458
-0.0722 -0.014262
-0.0112 -0.013602
0.0796 -0.013466
0.1792 -0.013185
0.2546 -0.012240
0.2995 -0.010834
0.2562 -0.386876
0.2189 -0.366415
0.1869 -0.348992
0.1583 -0.333625
0.1318 -0.319528
0.1062 -0.306008
0.0800 -0.292336
0.0513 -0.277587
0.0176 -0.260368
-0.0256 -0.238513
-0.0829 -0.209636
-0.1523 -0.174753
-0.2205 -0.140421
-0.2766 -0.112186
-0.3182 -0.091217
-0.3474 -0.076544
-0.3668 -0.066776
-0.3789 -0.060656
-0.3850 -0.048252
-0.3860 -0.039518
-0.3838 -0.033313
-0.3794 -0.028585
-0.3736 -0.024767
-0.3669 -0.021555
-0.3653 -0.085458
-0.3691 -0.079980
-0.3815 -0.129456
-0.3902 -0.173351
-0.4037 -0.150641
-0.4121 -0.136501
-0.4174 -0.127572
-0.4206 -0.121929
-0.4225 -0.118462
-0.4236 -0.116522
-0.4239 -0.115697
-0.4237 -0.115692
-0.4232 -0.116288
-0.4224 -0.117329
-0.4209 -0.113889
-0.4183 -0.108675
-0.4142 -0.102386
-0.4086 -0.092669
-0.4011 -0.083731
-0.3922 -0.076176
-0.3823 -0.069446
-0.3716 -0.063274
-0.3602 -0.057536
-0.3482 -0.052177
-0.3357 -0.047175
-0.3226 -0.042521
-0.3092 -0.038207
-0.2953 -0.034226
-0.2811 -0.030569
-0.2665 -0.027228
-0.2515 -0.024194
-0.2361 -0.021457
-0.2201 -0.019006
-0.2033 -0.016828
-0.1851 -0.014912
-0.1650 -0.013250
-0.1415 -0.011840
-0.1123 -0.010692
-0.0725 -0.009841
-0.0128 -0.009363
0.0767 -0.009253
0.1762 -0.009064
0.2522 -0.008425
0.2977 -0.007464
0.3181 -0.006394
0.3205 -0.005357
0.3115 -0.004425
0.2468 -0.377140
0.1849 -0.345318
0.1377 -0.321058
0.0973 -0.300425
0.0583 -0.280566
0.0151 -0.258717
-0.0390 -0.231497
-0.1089 -0.196414
-0.1866 -0.157424
-0.2554 -0.122813
-0.3081 -0.096305
-0.3456 -0.077444
-0.3711 -0.064622
-0.3876 -0.056293
-0.3977 -0.051224
-0.4032 -0.048461
-0.4054 -0.043202
-0.4045 -0.036046
-0.4015 -0.030728
-0.3972 -0.026518
-0.3920 -0.023039
-0.3861 -0.020083
-0.3798 -0.017530
-0.3731 -0.015304
-0.3660 -0.013354
-0.3588 -0.011641
-0.3513 -0.010135
-0.3436 -0.008812
-0.3358 -0.007651
-0.3278 -0.006634
-0.3196 -0.005745
-0.3113 -0.004970
-0.3027 -0.004296
-0.2939 -0.003711
-0.2848 -0.003203
-0.2755 -0.002763
-0.2658 -0.002383
-0.2559 -0.002054
-0.2456 -0.001769
-0.2350 -0.001524
-0.2240 -0.001313
-0.2124 -0.001131
-0.2003 -0.000974
-0.2165 -0.142615
-0.2324 -0.134478
-0.2467 -0.127165
-0.2596 -0.120650
-0.2710 -0.114829
-0.2813 -0.109649
-0.2903 -0.105094
-0.3086 -0.191738
-0.3299 -0.170426
-0.3455 -0.154680
-0.3569 -0.143226
-0.3651 -0.134983
-0.3710 -0.129118
-0.3750 -0.125020
-0.3778 -0.122248
-0.3796 -0.120481
-0.3805 -0.119489
-0.3809 -0.119110
-0.3808 -0.119224
-0.3798 -0.112131
-0.3759 -0.096663
-0.3693 -0.084990
-0.3609 -0.075559
-0.3511 -0.067552
-0.3402 -0.060527
-0.3286 -0.054239
-0.3163 -0.048552
-0.3034 -0.043387
-0.2900 -0.038699
-0.2761 -0.034457
-0.2617 -0.030635
-0.2465 -0.027210
-0.2305 -0.024159
-0.2134 -0.021461
-0.1946 -0.019096
-0.1735 -0.017050
-0.1487 -0.015319
-0.1177 -0.013919
-0.0754 -0.012906
-0.0618 -0.230164
-0.0481 -0.235481
-0.0300 -0.243237
-0.0067 -0.253842
0.0221 -0.267323
0.0544 -0.282761
0.0859 -0.297860
0.1113 -0.309969
0.1278 -0.317640
0.1354 -0.320875
0.1355 -0.320442
0.1300 -0.317256
0.1204 -0.312077
0.1082 -0.289655
0.1007 -0.238887
0.0983 -0.198699
0.0677 -0.441694
0.0139 -0.376382
-0.0468 -0.314714
-0.1199 -0.251948
-0.1958 -0.193600
-0.2601 -0.147345
-0.3083 -0.114106
-0.3427 -0.091202
-0.3663 -0.075733
-0.3821 -0.065462
-0.3923 -0.058820
-0.3984 -0.054731
-0.4014 -0.052457
-0.4022 -0.051488
-0.4014 -0.051463
-0.3995 -0.052127
-0.3970 -0.104669
-0.4022 -0.099128
-0.4045 -0.095785
-0.4102 -0.127257
-0.4135 -0.116275
-0.4142 -0.110254
-0.4135 -0.106836
-0.4123 -0.104789
-0.4108 -0.103542
-0.4092 -0.102853
-0.4075 -0.102615
-0.4058 -0.102761
-0.4040 -0.103233
-0.4021 -0.103972
-0.4002 -0.104925
-0.3983 -0.106055
-0.3963 -0.106154
-0.3933 -0.099970
-0.3890 -0.093281
-0.3828 -0.082252
-0.3747 -0.073383
-0.3654 -0.065854
-0.3549 -0.059233
-0.3437 -0.053287
-0.3318 -0.047890
-0.3192 -0.042970
-0.3061 -0.038485
-0.2923 -0.034404
-0.2781 -0.030701
-0.2632 -0.027351
-0.2477 -0.024329
-0.2316 -0.021613
-0.2146 -0.019186
-0.2252 -0.152901
-0.2347 -0.145113
-0.2434 -0.138385
-0.2514 -0.132468
-0.2589 -0.127149
-0.2661 -0.122316
-0.2728 -0.117936
-0.2791 -0.114009
-0.2847 -0.110540
-0.2897 -0.107526
-0.2940 -0.104947
-0.2976 -0.102775
-0.3006 -0.100981
-0.3031 -0.099538
-0.3049 -0.098429
-0.3046 -0.082444
-0.3014 -0.070002
-0.2958 -0.060096
-0.2884 -0.051989
-0.2797 -0.045213
-0.2697 -0.039461
-0.2642 -0.151746
-0.2744 -0.139812
-0.2819 -0.130894
-0.2869 -0.124329
-0.2900 -0.119616
-0.2915 -0.116367
-0.2917 -0.114261
-0.2909 -0.113007
-0.2998 -0.207115
-0.3144 -0.190962
-0.3252 -0.178962
-0.3335 -0.169884
-0.3400 -0.162727
-0.3453 -0.156867
-0.3498 -0.151983
-0.3535 -0.147912
-0.3566 -0.144554
-0.3591 -0.141829
-0.3611 -0.139663
-0.3619 -0.128589
-0.3605 -0.119452
-0.3577 -0.113011
-0.3542 -0.108418
-0.3501 -0.105147
-0.3456 -0.102862
-0.3489 -0.172015
-0.3560 -0.160438
-0.3604 -0.152734
-0.3630 -0.147674
-0.3644 -0.144354
-0.3650 -0.142149
-0.3644 -0.131396
-0.3620 -0.123040
-0.3584 -0.117034
-0.3542 -0.112633
-0.3550 -0.177991
-0.3614 -0.157967
-0.3633 -0.141340
-0.3622 -0.130257
-0.3594 -0.122597
-0.3555 -0.117123
-0.3510 -0.113116
-0.3462 -0.110150
-0.3414 -0.107954
-0.3366 -0.106350
-0.3319 -0.105209
-0.3274 -0.104435
-0.3231 -0.103955
-0.3191 -0.103714
-0.3153 -0.103667
-0.3117 -0.103782
-0.3083 -0.104034
-0.3051 -0.104406
-0.3020 -0.104886
-0.2990 -0.105462
-0.2962 -0.106126
-0.2934 -0.106870
-0.2907 -0.107686
-0.2880 -0.108565
-0.2853 -0.109503
-0.2811 -0.094697
-0.2740 -0.081669
-0.2644 -0.071095
-0.2527 -0.062305
-0.2392 -0.054873
-0.2239 -0.048524
-0.2064 -0.043078
-0.1865 -0.038417
-0.1631 -0.034478
-0.1343 -0.031249
-0.0963 -0.028801
-0.0408 -0.027350
0.0459 -0.027141
0.1554 -0.027221
0.2467 -0.025916
0.3039 -0.023313
0.3312 -0.020138
0.3369 -0.016936
0.3285 -0.014004
0.3121 -0.011465
0.2917 -0.009334
0.2699 -0.007581
0.2482 -0.006152
0.2272 -0.004994
0.2073 -0.004056
0.1885 -0.003298
0.1405 -0.323202
0.0738 -0.289123
0.0088 -0.256171
-0.0692 -0.216843
-0.1615 -0.170359
-0.2472 -0.127209
-0.3123 -0.094379
-0.3577 -0.071518
-0.3879 -0.056275
-0.4073 -0.046481
-0.4192 -0.040505
-0.4257 -0.037197
-0.4286 -0.035759
-0.4288 -0.035639
-0.4271 -0.036455
-0.4241 -0.037937
-0.4202 -0.039893
-0.4156 -0.042177
-0.4106 -0.044684
-0.4052 -0.044745
-0.3985 -0.039611
-0.3948 -0.086616
-0.3945 -0.080926
-0.3921 -0.077720
-0.3941 -0.125296
-0.3979 -0.117577
-0.3997 -0.112860
-0.4004 -0.109842
-0.4007 -0.107804
-0.4006 -0.106424
-0.4002 -0.105578
-0.3996 -0.105206
-0.3988 -0.105253
-0.3977 -0.105657
-0.3965 -0.106351
-0.3951 -0.107275
-0.3936 -0.108376
-0.3920 -0.109614
-0.3904 -0.110481
-0.3878 -0.103704
-0.3831 -0.091310
-0.3762 -0.080784
-0.3764 -0.129145
-0.3761 -0.118379
-0.3734 -0.111373
-0.3694 -0.106684
-0.3648 -0.103415
-0.3599 -0.101048
-0.3549 -0.099301
-0.3502 -0.098018
-0.3455 -0.097103
-0.3412 -0.096489
-0.3370 -0.096125
-0.3331 -0.095966
-0.3294 -0.095976
-0.3259 -0.096124
-0.3227 -0.096383
-0.3197 -0.096736
-0.3168 -0.097171
-0.3141 -0.097678
-0.3115 -0.098254
-0.3090 -0.098897
-0.3057 -0.088788
-0.2999 -0.076373
-0.2919 -0.066322
-0.2822 -0.057963
-0.2711 -0.050874
-0.2588 -0.044778
-0.2452 -0.039491
