0.7795 2.3951
0.7812 2.4225
0.7827 2.4399
0.7838 2.4579
0.7850 2.4868
0.7864 2.5258
0.7882 2.5685
0.7902 2.6078
0.7920 2.6352
0.7933 2.6433
0.7939 2.6404
0.7942 2.6576
0.7954 2.7409
0.7995 3.0051
0.8099 3.5988
0.8256 4.4148
0.8424 5.2834
0.8570 6.0784
0.8681 6.8250
0.8765 7.6175
0.8830 8.3204
0.8877 8.8113
0.8908 9.2346
0.8947 11.6203
0.9022 16.0917
0.9101 19.9719
0.9162 23.0870
0.9206 28.0504
0.9241 33.1493
0.9266 36.2647
0.9281 37.4619
0.9288 37.1577
0.9288 35.6268
0.9284 33.2837
0.9277 32.3303
0.9274 33.1234
0.9274 33.8915
0.9278 37.1960
0.9287 41.3098
0.9297 44.2187
0.9304 45.1950
0.9308 43.9964
0.9307 41.3841
0.9302 38.1300
0.9293 34.6095
0.9282 31.0979
0.9268 27.8827
0.9252 25.1185
0.9235 22.8047
0.9217 20.8429
0.9199 19.1489
0.9180 17.7047
0.9162 16.4828
0.9143 15.4752
0.9126 14.7057
0.9111 14.1310
0.9098 13.6160
0.9086 13.0535
0.9072 12.4050
0.9055 11.6981
0.9036 10.9836
0.9013 10.3003
0.8988 9.6696
0.8962 9.0972
0.8935 8.5758
0.8907 8.0894
0.8878 7.6198
0.8847 7.1543
0.8813 6.6883
0.8774 6.2242
0.8731 5.7682
0.8682 5.3268
0.8627 4.9060
0.8566 4.5105
0.8499 4.1434
0.8427 3.8061
0.8350 3.4986
0.8267 3.2200
0.8181 2.9684
0.8091 2.7417
0.7998 2.5379
0.7903 2.3567
0.7807 2.1993
0.7713 2.0670
0.7625 1.9593
0.7545 1.8730
0.7475 1.8028
0.7414 1.7426
0.7359 1.6866
0.7306 1.6301
0.7251 1.5696
0.7189 1.5034
0.7118 1.4312
0.7035 1.3555
0.6944 1.2902
0.6864 1.2578
0.6822 1.2703
0.6835 1.3303
0.6907 1.4337
0.7026 1.5703
0.7171 1.7259
0.7322 1.8939
0.7469 2.0784
0.7608 2.2765
0.7735 2.4768
0.7846 2.6644
0.7938 2.8256
0.8014 3.0029
0.8099 3.3874
0.8215 3.9604
0.8347 4.5670
0.8468 5.1586
0.8574 5.8619
0.8667 6.6362
0.8746 7.3642
0.8809 7.9819
0.8856 8.4788
0.8889 8.8710
0.8914 9.2242
0.8946 11.4298
0.9018 15.8388
0.9097 20.1365
0.9167 26.4847
0.9222 32.4909
0.9259 36.8159
0.9282 39.5064
0.9293 40.4708
0.9298 39.6568
0.9296 37.7125
0.9292 36.8212
0.9290 37.5242
0.9291 40.8925
0.9298 45.5548
0.9307 48.8501
0.9314 50.1052
0.9318 49.4000
0.9318 47.3895
0.9315 44.6487
0.9310 41.2903
0.9302 37.5238
0.9292 33.7383
0.9279 30.2373
0.9264 27.0968
0.9247 24.1982
0.9228 21.4839
0.9205 19.0606
0.9181 17.1159
0.9155 15.6527
0.9131 14.5720
0.9110 13.7587
0.9091 13.0968
0.9075 12.4862
0.9058 11.8652
0.9040 11.2127
0.9020 10.5280
0.8996 9.8199
0.8968 9.1032
0.8936 8.3969
0.8898 7.7203
0.8857 7.0884
0.8811 6.5090
0.8761 5.9840
0.8708 5.5104
0.8652 5.0824
0.8593 4.6928
0.8531 4.3339
0.8465 3.9989
0.8394 3.6833
0.8317 3.3854
0.8233 3.1073
0.8142 2.8545
0.8047 2.6333
0.7951 2.4477
0.7858 2.2983
0.7774 2.1818
0.7700 2.0927
0.7638 2.0240
0.7588 1.9685
0.7545 1.9194
0.7506 1.8715
0.7468 1.8217
0.7427 1.7693
0.7383 1.7167
0.7338 1.6755
0.7304 1.6659
0.7295 1.6979
0.7320 1.7667
0.7374 1.8588
0.7445 1.9566
0.7520 2.0513
0.7592 2.1475
0.7660 2.2475
0.7725 2.3584
0.7792 2.4992
0.7866 2.6749
0.7948 2.8986
0.8049 3.3049
0.8186 3.9702
0.8346 4.7813
0.8498 5.6493
0.8630 6.6462
0.8741 7.7246
0.8829 8.6981
0.8894 9.4556
0.8937 9.9652
0.8964 10.2309
0.8977 10.2413
0.8981 10.2850
0.9000 12.7571
0.9053 16.3407
0.9117 21.2297
0.9179 27.8521
0.9230 33.3714
0.9264 37.1557
0.9283 39.0349
0.9292 39.0218
0.9294 37.4165
0.9290 35.5283
0.9286 35.8389
0.9287 39.5922
0.9295 44.2955
0.9304 47.4268
0.9311 48.6310
0.9315 48.0826
0.9315 46.3023
0.9313 43.5755
0.9307 40.1362
0.9299 36.3705
0.9288 32.6819
0.9275 29.2960
0.9259 26.2168
0.9242 23.3522
0.9221 20.6627
0.9197 18.2197
0.9170 16.1112
0.9140 14.4170
0.9109 13.1463
0.9080 12.2070
0.9054 11.4688
0.9030 10.8165
0.9007 10.1802
0.8982 9.5332
0.8955 8.8752
0.8923 8.2179
0.8887 7.5755
0.8846 6.9594
0.8800 6.3759
0.8748 5.8283
0.8690 5.3190
0.8627 4.8500
0.8559 4.4229
0.8484 4.0386
0.8405 3.6982
0.8323 3.4020
0.8240 3.1485
0.8157 2.9338
0.8077 2.7528
0.8001 2.5990
0.7930 2.4664
0.7862 2.3496
0.7797 2.2446
0.7735 2.1496
0.7675 2.0656
0.7619 1.9944
0.7568 1.9371
0.7524 1.8929
0.7488 1.8589
0.7459 1.8315
0.7435 1.8073
0.7414 1.7850
0.7395 1.7642
0.7377 1.7447
0.7360 1.7254
0.7342 1.7052
0.7323 1.6823
0.7302 1.6551
0.7276 1.6227
0.7244 1.5850
0.7206 1.5423
0.7161 1.4962
0.7113 1.4575
0.7075 1.4474
0.7064 1.4767
0.7092 1.5413
0.7155 1.6308
0.7241 1.7329
0.7334 1.8349
0.7424 1.9316
0.7507 2.0349
0.7588 2.1635
0.7674 2.3201
0.7765 2.4966
0.7861 2.7249
0.7982 3.1952
0.8145 3.9109
0.8323 4.7065
0.8483 5.5286
0.8618 6.5159
0.8731 7.6085
0.8821 8.6006
0.8887 9.3448
0.8931 9.7990
0.8957 10.0008
0.8969 10.0496
0.8980 11.1873
0.9026 15.2435
0.9098 21.4898
0.9173 28.9654
0.9231 34.8039
0.9268 38.6122
0.9288 40.5394
0.9297 40.9302
0.9299 39.4229
0.9296 36.9494
0.9293 39.6787
0.9298 45.1908
0.9306 49.2782
0.9315 51.8651
0.9320 53.0823
0.9323 52.6612
0.9324 50.4551
0.9321 46.9350
0.9315 42.7863
0.9306 38.5790
0.9295 34.6302
0.9282 31.0019
0.9267 27.6133
0.9250 24.4100
0.9230 21.4811
0.9206 18.9477
0.9180 16.9013
0.9152 15.3218
0.9126 14.0897
0.9100 13.0647
0.9076 12.1367
0.9050 11.2444
0.9022 10.3694
0.8991 9.5171
0.8956 8.7015
0.8916 7.9348
0.8871 7.2229
0.8822 6.5672
0.8767 5.9669
0.8707 5.4226
0.8642 4.9356
0.8573 4.5057
0.8500 4.1305
0.8425 3.8047
0.8350 3.5215
0.8274 3.2736
0.8197 3.0540
0.8121 2.8562
0.8044 2.6754
0.7965 2.5083
0.7885 2.3537
0.7802 2.2122
0.7718 2.0847
0.7635 1.9721
0.7554 1.8745
0.7478 1.7909
0.7406 1.7198
0.7342 1.6610
0.7286 1.6154
0.7240 1.5831
0.7205 1.5630
0.7183 1.5533
0.7171 1.5518
0.7168 1.5555
0.7172 1.5618
0.7178 1.5681
0.7185 1.5715
0.7188 1.5694
0.7186 1.5590
0.7176 1.5416
0.7162 1.5309
0.7155 1.5451
0.7171 1.5913
0.7214 1.6666
0.7283 1.7718
0.7377 1.9144
0.7490 2.0835
0.7609 2.2665
0.7727 2.4671
0.7841 2.6868
0.7947 2.9177
0.8045 3.1481
0.8131 3.3708
0.8209 3.6693
0.8301 4.2103
0.8413 4.8827
0.8524 5.5215
0.8619 6.1220
0.8699 6.8508
0.8770 7.6560
0.8831 8.4063
0.8880 9.0232
0.8917 9.4720
0.8941 9.7427
0.8963 10.9897
0.9016 14.9880
0.9089 19.8621
0.9162 26.7769
0.9220 32.6663
0.9259 36.7258
0.9281 39.1187
0.9292 39.6936
0.9296 38.5006
0.9294 37.7248
0.9294 40.7534
0.9299 45.3838
0.9307 48.5632
0.9314 50.0579
0.9318 50.1710
0.9319 49.1248
0.9318 46.9767
0.9314 43.8563
0.9308 40.1419
0.9299 36.2826
0.9288 32.5641
0.9274 29.0788
0.9258 25.8352
0.9239 22.8234
0.9217 20.0560
0.9191 17.5919
0.9162 15.5154
0.9130 13.9027
0.9099 12.7163
0.9069 11.8350
0.9043 11.1372
0.9019 10.5388
0.8997 9.9885
0.8974 9.4552
0.8951 8.9222
0.8925 8.3844
0.8896 7.8432
0.8863 7.3031
0.8825 6.7691
0.8782 6.2452
0.8734 5.7365
0.8679 5.2498
0.8617 4.7921
0.8549 4.3699
0.8474 3.9876
0.8394 3.6496
0.8311 3.3589
0.8227 3.1162
0.8146 2.9179
0.8071 2.7575
0.8003 2.6269
0.7942 2.5178
0.7887 2.4239
0.7836 2.3416
0.7790 2.2690
0.7748 2.2043
0.7708 2.1451
0.7669 2.0892
0.7632 2.0345
0.7593 1.9796
0.7554 1.9246
0.7512 1.8708
0.7470 1.8193
0.7428 1.7705
0.7385 1.7246
0.7345 1.6861
0.7312 1.6722
0.7301 1.6971
0.7320 1.7604
0.7371 1.8532
0.7444 1.9684
0.7532 2.1117
0.7633 2.2870
0.7741 2.4844
0.7848 2.6874
0.7946 2.8793
0.8029 3.0464
0.8096 3.1779
0.8146 3.2725
0.8183 3.3805
0.8228 3.6820
0.8306 4.2153
0.8415 4.9796
0.8541 5.9867
0.8666 7.0743
0.8772 8.0922
0.8852 8.9392
0.8908 9.5225
0.8942 9.7736
0.8957 9.7004
0.8958 9.4858
0.8964 10.9357
0.9016 15.7083
0.9101 23.1069
0.9181 29.7898
0.9237 34.6714
0.9270 37.8763
0.9287 39.5350
0.9295 39.0829
0.9294 36.1036
0.9287 33.2603
0.9281 34.9248
0.9284 40.0660
0.9294 44.7102
0.9304 47.7429
0.9312 48.9931
0.9316 48.2047
0.9316 45.8326
0.9312 42.5726
0.9305 39.0496
0.9296 35.6538
0.9286 32.5531
0.9274 29.7264
0.9261 27.0699
0.9246 24.4887
0.9229 21.9688
0.9209 19.5738
0.9186 17.4176
0.9159 15.6112
0.9131 14.1661
0.9103 13.0028
0.9075 12.0184
0.9048 11.1461
0.9020 10.3583
0.8991 9.6417
0.8961 8.9853
0.8930 8.3783
0.8897 7.8109
0.8861 7.2748
0.8823 6.7646
0.8782 6.2774
0.8737 5.8111
0.8687 5.3644
0.8632 4.9364
0.8570 4.5288
0.8502 4.1448
0.8427 3.7902
0.8346 3.4720
0.8261 3.1980
0.8176 2.9749
0.8096 2.8055
0.8026 2.6860
0.7971 2.6074
0.7930 2.5581
0.7903 2.5262
0.7884 2.5010
0.7870 2.4736
0.7856 2.4376
0.7838 2.3892
0.7813 2.3268
0.7779 2.2512
0.7736 2.1653
0.7684 2.0744
0.7625 1.9841
0.7562 1.8999
0.7498 1.8253
0.7436 1.7618
0.7380 1.7084
0.7330 1.6618
0.7284 1.6185
0.7240 1.5775
0.7200 1.5455
0.7168 1.5312
0.7153 1.5411
0.7164 1.5848
0.7207 1.6659
0.7281 1.7746
0.7374 1.8944
0.7470 2.0095
0.7558 2.1087
0.7632 2.1966
0.7695 2.2864
0.7751 2.3779
0.7802 2.4629
0.7846 2.5330
0.7883 2.5865
0.7914 2.6746
0.7976 3.0636
0.8122 3.9316
0.8326 5.1114
0.8528 6.3800
0.8692 7.5627
0.8808 8.5288
0.8883 9.2101
0.8928 9.6016
0.8951 9.7207
0.8958 9.5998
0.8955 9.4279
0.8964 11.3532
0.9026 17.1933
0.9117 24.7828
0.9194 30.9417
0.9245 35.3812
0.9275 38.4260
0.9290 40.0005
0.9296 39.5113
0.9296 37.1331
0.9291 36.6611
0.9291 39.7014
0.9296 44.0788
0.9304 47.5343
0.9312 50.0147
0.9317 51.3159
0.9320 50.5136
0.9320 47.3344
0.9315 42.8675
0.9306 38.4230
0.9295 34.5201
0.9282 31.2063
0.9269 28.3806
0.9254 25.9056
0.9239 23.6496
0.9223 21.5018
0.9205 19.4425
0.9184 17.5188
0.9160 15.7990
0.9133 14.3234
0.9106 13.0713
0.9077 11.9911
0.9047 11.0404
0.9017 10.1884
0.8985 9.4127
0.8951 8.6963
0.8915 8.0260
0.8876 7.3919
0.8833 6.7889
0.8785 6.2163
0.8732 5.6767
0.8673 5.1742
0.8607 4.7125
0.8536 4.2931
0.8459 3.9147
0.8377 3.5747
0.8290 3.2722
0.8200 3.0088
0.8108 2.7867
0.8019 2.6061
0.7937 2.4644
0.7864 2.3574
0.7804 2.2800
0.7756 2.2260
0.7721 2.1886
0.7695 2.1600
0.7675 2.1331
0.7657 2.1023
0.7637 2.0638
0.7611 2.0157
0.7578 1.9581
0.7537 1.8922
0.7487 1.8198
0.7429 1.7434
0.7363 1.6658
0.7292 1.5931
0.7223 1.5412
0.7171 1.5261
0.7152 1.5507
0.7171 1.6071
0.7222 1.6845
0.7293 1.7716
0.7370 1.8583
0.7444 1.9352
0.7507 1.9934
0.7553 2.0257
0.7580 2.0285
0.7585 2.0024
0.7569 1.9575
0.7542 1.9204
0.7517 1.9133
0.7518 2.0025
0.7602 2.3758
0.7796 3.0151
0.8040 3.7756
0.8268 4.5497
0.8450 5.2626
0.8580 5.8436
0.8666 6.2548
0.8721 6.6385
0.8763 7.1246
0.8801 7.6489
0.8837 8.1430
0.8869 8.6092
0.8907 10.4470
0.8988 15.2521
0.9080 19.3828
0.9150 22.1617
0.9194 24.9377
0.9227 30.0096
0.9254 34.3811
0.9273 36.9354
0.9284 37.6113
0.9289 38.0684
0.9293 41.0661
0.9298 42.3258
0.9301 42.2533
0.9304 44.7518
0.9308 47.7552
0.9313 49.6864
0.9317 50.2164
0.9319 49.1982
0.9318 46.3646
0.9313 42.0008
0.9304 37.2290
0.9291 32.9543
0.9277 29.3855
0.9260 26.4583
0.9244 24.0467
0.9227 21.9834
0.9209 20.1153
0.9191 18.3683
0.9170 16.7443
0.9148 15.2805
0.9123 13.9667
0.9097 12.7774
0.9069 11.7020
0.9039 10.7401
0.9007 9.8864
0.8973 9.1256
0.8938 8.4357
0.8901 7.7954
0.8861 7.1898
0.8817 6.6120
0.8769 6.0614
0.8716 5.5409
0.8656 5.0546
0.8590 4.6073
0.8518 4.2050
0.8442 3.8542
0.8363 3.5596
0.8286 3.3207
0.8214 3.1317
0.8149 2.9835
0.8093 2.8669
0.8045 2.7734
0.8004 2.6951
0.7968 2.6249
0.7935 2.5573
0.7902 2.4881
0.7867 2.4143
0.7829 2.3341
0.7785 2.2468
0.7734 2.1530
0.7676 2.0541
0.7610 1.9525
0.7537 1.8508
0.7457 1.7522
0.7375 1.6680
0.7300 1.6156
0.7249 1.6016
0.7229 1.6214
0.7242 1.6659
0.7280 1.7256
0.7332 1.7914
0.7390 1.8544
0.7444 1.9063
0.7487 1.9401
0.7515 1.9509
0.7526 1.9373
0.7519 1.9013
0.7493 1.8465
0.7451 1.7801
0.7403 1.7553
0.7418 1.9787
0.7576 2.5094
0.7830 3.2116
0.8094 3.9655
0.8317 4.6983
0.8484 5.3573
0.8600 5.8922
0.8676 6.2720
0.8722 6.5002
0.8748 6.5900
0.8758 6.5565
0.8757 6.4803
0.8755 6.6352
0.8783 8.4186
0.8892 13.3802
0.9022 17.9457
0.9120 21.3880
0.9181 23.9237
0.9215 25.6508
0.9234 27.8634
0.9249 31.6559
0.9264 33.9393
0.9273 35.0828
0.9282 38.8222
0.9292 42.9016
0.9301 45.2041
0.9307 45.5832
0.9311 47.1292
0.9314 49.1707
0.9317 50.1237
0.9319 49.7548
0.9319 47.9689
0.9316 44.9404
0.9310 41.2446
0.9302 37.4720
0.9292 33.9319
0.9280 30.7604
0.9266 27.9850
0.9252 25.5275
0.9237 23.2622
0.9220 21.1324
0.9201 19.1776
0.9181 17.4321
0.9158 15.8884
0.9134 14.5137
0.9109 13.2805
0.9081 12.1766
0.9053 11.1897
0.9022 10.2991
0.8990 9.4818
0.8955 8.7175
0.8917 7.9935
0.8874 7.3070
0.8827 6.6631
0.8775 6.0692
0.8718 5.5308
0.8656 5.0493
0.8590 4.6224
0.8521 4.2454
0.8449 3.9136
0.8376 3.6238
0.8302 3.3732
0.8229 3.1588
0.8159 2.9766
0.8092 2.8204
0.8028 2.6832
0.7967 2.5579
0.7906 2.4387
0.7845 2.3219
0.7780 2.2058
0.7711 2.0908
0.7637 1.9779
0.7557 1.8686
0.7472 1.7646
0.7384 1.6680
0.7296 1.5861
0.7217 1.5325
0.7161 1.5168
0.7140 1.5386
0.7157 1.5906
0.7205 1.6617
0.7271 1.7392
0.7341 1.8105
0.7404 1.8645
0.7452 1.8940
0.7479 1.8964
0.7485 1.8738
0.7470 1.8307
0.7437 1.7729
0.7389 1.7064
0.7330 1.6367
0.7264 1.5677
0.7193 1.5038
0.7130 1.4807
0.7138 1.6500
0.7308 2.1153
0.7604 2.7795
0.7921 3.5179
0.8191 4.2433
0.8392 4.8987
0.8531 5.4371
0.8619 5.7897
0.8669 5.9093
0.8687 5.8222
0.8682 5.6078
0.8660 5.3361
0.8627 5.0508
0.8587 4.7813
0.8551 4.8465
0.8617 7.9430
0.8806 12.9074
0.8983 17.0484
0.9102 20.2300
0.9171 22.7086
0.9207 24.4574
0.9226 25.9618
0.9239 29.2793
0.9253 31.8383
0.9264 32.8321
0.9271 35.0782
0.9281 39.3210
0.9292 42.3207
0.9300 43.6885
0.9304 43.1284
0.9305 42.2013
0.9305 43.2711
0.9305 43.7013
0.9306 43.0151
0.9305 41.8130
0.9302 40.5580
0.9299 39.2080
0.9295 37.4160
0.9289 34.4453
0.9280 30.7185
0.9266 27.1351
0.9248 24.1818
0.9229 21.8689
0.9210 20.0371
0.9191 18.5452
0.9173 17.3068
0.9156 16.3450
0.9141 15.5835
0.9127 14.9308
0.9114 14.3585
0.9103 13.8749
0.9092 13.4519
0.9082 13.0169
0.9071 12.4992
0.9057 11.8588
0.9039 11.0938
0.9016 10.2371
0.8986 9.3380
0.8948 8.4463
0.8903 7.6038
0.8851 6.8392
0.8793 6.1658
0.8730 5.5835
0.8664 5.0840
0.8596 4.6546
0.8526 4.2811
0.8456 3.9507
0.8384 3.6525
0.8309 3.3786
0.8230 3.1236
0.8146 2.8848
0.8057 2.6610
0.7961 2.4520
0.7858 2.2580
0.7749 2.0795
0.7635 1.9176
0.7516 1.7734
0.7396 1.6478
0.7279 1.5412
0.7168 1.4538
0.7068 1.3869
0.6986 1.3427
0.6927 1.3210
0.6895 1.3175
0.6886 1.3240
0.6891 1.3316
0.6899 1.3329
0.6902 1.3242
0.6892 1.3051
0.6869 1.2770
0.6832 1.2421
0.6783 1.2020
0.6724 1.1581
0.6654 1.1114
0.6577 1.0627
0.6491 1.0125
0.6397 0.9617
0.6296 0.9109
0.6188 0.8607
0.6073 0.8115
0.5954 0.7638
0.5830 0.7179
0.5703 0.6740
0.5573 0.6324
0.5442 0.5934
0.5311 0.5575
0.5184 0.5250
0.5063 0.4962
0.4951 0.4714
0.4851 0.4506
0.4764 0.4336
0.4691 0.4203
0.4633 0.4102
0.4589 0.4041
0.4570 0.4065
0.4593 0.4224
0.4674 0.4537
0.4814 0.4988
0.4997 0.5546
0.5205 0.6174
0.5421 0.6845
0.5631 0.7536
0.5826 0.8221
0.6001 0.8866
0.6150 0.9432
0.6270 0.9880
0.6359 1.0188
0.6417 1.0352
0.6448 1.0387
0.6454 1.0320
0.6441 1.0176
0.6413 0.9982
0.6375 0.9763
0.6335 0.9634
0.6319 0.9821
0.6358 1.0388
0.6455 1.1261
0.6596 1.2353
0.6765 1.3728
0.6953 1.5477
0.7154 1.7566
0.7354 1.9886
0.7539 2.2305
0.7703 2.4700
0.7841 2.6973
0.7953 2.9037
0.8043 3.0833
0.8114 3.2434
