-0.3726 0.043670
-0.3774 0.036577
-0.3811 0.030535
-0.3835 0.025409
-0.3848 0.021078
-0.3848 0.017430
-0.3837 0.014370
-0.3814 0.011811
-0.3781 0.009680
-0.3737 0.007911
-0.3684 0.006449
-0.3623 0.005244
-0.3555 0.004254
-0.3479 0.003442
-0.3397 0.002779
-0.3309 0.002238
-0.3216 0.001799
-0.3117 0.001442
-0.3014 0.001152
-0.2905 0.000918
-0.2792 0.000730
-0.2673 0.000578
-0.2548 0.000455
-0.2417 0.000357
-0.2278 0.000278
-0.2130 0.000215
-0.1969 0.000164
-0.1790 0.000124
-0.1585 0.000091
-0.1339 0.000063
-0.0924 0.116335
-0.0235 0.030267
0.0573 -0.070598
0.1276 -0.158876
0.1647 -0.205656
0.1713 -0.214240
0.1592 -0.199204
0.1276 -0.240025
0.0894 -0.224652
0.0508 -0.124949
0.0175 -0.040602
-0.0145 0.029754
-0.0479 0.092881
-0.0832 0.151660
-0.1184 0.204208
-0.1502 0.246855
-0.1762 0.277638
-0.1955 0.297194
-0.2087 0.307566
-0.2167 0.310972
-0.2204 0.309261
-0.2207 0.303800
-0.2204 0.274707
-0.2211 0.251752
-0.2218 0.232868
-0.2224 0.211681
-0.2259 0.177775
-0.2331 0.151605
-0.2432 0.130760
-0.2556 0.113642
-0.2697 0.099124
-0.2844 0.086451
-0.2991 0.075175
-0.3131 0.065056
-0.3258 0.055978
-0.3370 0.047875
-0.3465 0.040698
-0.3541 0.034398
-0.3600 0.028913
-0.3641 0.024178
-0.3664 0.020120
-0.3671 0.016668
-0.3663 0.013749
-0.3639 0.011295
-0.3602 0.009243
-0.3552 0.007537
-0.3490 0.006123
-0.3418 0.004958
-0.3336 0.004002
-0.3246 0.003219
-0.3147 0.002581
-0.3042 0.002063
-0.2930 0.001643
-0.2812 0.001304
-0.2689 0.001030
-0.2559 0.000811
-0.2422 0.000635
-0.2278 0.000494
-0.2126 0.000381
-0.1905 0.119567
-0.1507 0.094588
-0.1108 0.069629
-0.0684 0.043069
-0.0204 0.013064
0.0343 -0.021113
0.0889 -0.055282
0.1311 -0.081801
0.1556 -0.097179
0.1639 -0.101512
0.1618 -0.082887
0.1532 -0.064917
0.1399 -0.049018
0.1231 -0.035684
0.1037 -0.024855
0.0816 -0.016189
0.0561 -0.009223
0.0251 -0.003443
-0.0156 0.001692
-0.0724 0.006631
-0.1470 0.011180
-0.2269 0.014294
-0.2968 0.015481
-0.3518 0.015180
-0.3925 0.014011
-0.4214 0.012441
-0.4408 0.010762
-0.4526 0.009138
-0.4585 0.007655
-0.4597 0.006346
-0.4572 0.005219
-0.4518 0.004264
-0.4440 0.003465
-0.4345 0.002804
-0.4236 0.002260
-0.4117 0.001816
-0.3990 0.001455
-0.3863 0.001165
-0.3752 0.000936
-0.3672 0.000757
-0.3636 0.000620
-0.3651 0.000514
-0.3715 0.000433
-0.3820 0.000368
-0.3956 0.000315
-0.4109 0.000270
-0.4269 0.000232
-0.4428 0.000199
-0.4581 0.000170
-0.4725 0.000145
-0.4856 0.000124
-0.4973 0.000105
-0.5073 0.000088
-0.5156 0.000074
-0.5220 0.000062
-0.5266 0.000052
-0.5293 0.000043
-0.5301 0.000036
-0.5291 0.000029
-0.5264 0.000024
-0.5219 0.000020
-0.5160 0.000016
-0.5086 0.000013
-0.5000 0.000011
-0.4901 0.000009
-0.4791 0.000007
-0.4671 0.000006
-0.4541 0.000005
-0.4402 0.000004
-0.4255 0.000003
-0.4101 0.000002
-0.3940 0.000002
-0.3773 0.000001
-0.3601 0.000001
-0.3424 0.000001
-0.3242 0.000001
-0.3055 0.000001
-0.2863 0.000000
-0.2664 0.000000
-0.2457 0.000000
-0.2238 0.000000
-0.2002 0.000000
-0.1743 0.000000
-0.1449 0.000000
-0.1097 0.000000
-0.0633 0.000000
0.0080 -0.004502
0.0978 -0.060545
0.1755 -0.109317
0.2103 -0.262900
0.1902 -0.357275
0.1564 -0.293799
0.1237 -0.232478
0.0927 -0.174458
0.0630 -0.118710
0.0333 -0.063013
0.0023 -0.004685
-0.0318 0.052911
-0.0702 0.112325
-0.1115 0.168669
-0.1530 0.208104
-0.1913 0.231997
-0.2267 0.227401
-0.2595 0.215225
-0.2891 0.198303
-0.3155 0.178971
-0.3387 0.158915
-0.3590 0.139251
-0.3762 0.120673
-0.3905 0.103575
-0.4019 0.088150
-0.4105 0.074452
-0.4165 0.062448
-0.4198 0.052046
-0.4206 0.043123
-0.4192 0.035536
-0.4157 0.029136
-0.4102 0.023776
-0.4031 0.019317
-0.3945 0.015630
-0.3845 0.012598
-0.3735 0.010117
-0.3615 0.008096
-0.3487 0.006458
-0.3353 0.005134
-0.3213 0.004068
-0.3069 0.003212
-0.2920 0.002528
-0.2768 0.001981
-0.2612 0.001545
-0.2450 0.001199
-0.2282 0.000923
-0.2104 0.000704
-0.1912 0.000529
-0.1527 0.096095
-0.1068 0.067263
-0.0559 0.035355
0.0016 -0.001880
0.0525 -0.097714
0.0824 -0.154180
0.0924 -0.173199
0.0889 -0.166898
0.0777 -0.146039
0.0625 -0.113634
0.0455 -0.078410
0.0269 -0.041745
0.0059 -0.008518
-0.0193 0.022776
-0.0517 0.050675
-0.0936 0.076088
-0.1444 0.097192
-0.1984 0.110496
-0.2489 0.114721
-0.2927 0.111581
-0.3290 0.103756
-0.3586 0.093520
-0.3822 0.082434
-0.4007 0.071467
-0.4148 0.061167
-0.4249 0.051813
-0.4316 0.043516
-0.4352 0.036281
-0.4360 0.030057
-0.4344 0.024760
-0.4306 0.020294
-0.4248 0.016556
-0.4174 0.013449
-0.4084 0.010882
-0.3982 0.008773
-0.3869 0.007048
-0.3747 0.005644
-0.3617 0.004505
-0.3481 0.003584
-0.3340 0.002843
-0.3194 0.002249
-0.3046 0.001773
-0.2897 0.001394
-0.2748 0.001094
-0.2603 0.000856
-0.2462 0.000670
-0.2331 0.000524
-0.2212 0.000411
-0.2108 0.000324
-0.2019 0.000257
-0.1945 0.000204
-0.1884 0.000164
-0.1836 0.000132
-0.1802 0.000107
-0.1602 0.100305
-0.1365 0.085518
-0.1129 0.070766
-0.0782 0.098156
-0.0431 0.054267
-0.0100 0.012861
0.0197 -0.024304
0.0437 -0.054385
0.0602 -0.075150
0.0691 -0.086289
0.0717 -0.083804
0.0704 -0.075740
0.0663 -0.066115
0.0599 -0.052735
0.0526 -0.038307
0.0443 -0.026685
0.0346 -0.017259
0.0231 -0.009525
0.0088 -0.003045
-0.0094 0.002580
-0.0335 0.007714
-0.0661 0.012609
-0.1087 0.017179
-0.1590 0.020802
-0.2102 0.022755
-0.2558 0.022914
-0.2930 0.021712
-0.3216 0.019710
-0.3425 0.017360
-0.3570 0.014963
-0.3662 0.012693
-0.3713 0.010641
-0.3733 0.008845
-0.3679 0.237421
-0.3266 0.209641
-0.2936 0.187647
-0.2679 0.170540
-0.2517 0.159660
-0.2466 0.155996
-0.2517 0.158858
-0.2642 0.166410
-0.2806 0.176491
-0.2980 0.187221
-0.3143 0.197271
-0.3283 0.205874
-0.3424 0.179913
-0.3592 0.156061
-0.3771 0.135451
-0.3949 0.117281
-0.4119 0.101140
-0.4275 0.086800
-0.4414 0.074110
-0.4534 0.062945
-0.4634 0.053188
-0.4712 0.044718
-0.4767 0.037413
-0.4801 0.031153
-0.4813 0.025821
-0.4803 0.021305
-0.4772 0.017503
-0.4721 0.014319
-0.4652 0.011666
-0.4566 0.009467
-0.4464 0.007653
-0.4349 0.006164
-0.4221 0.004948
-0.4084 0.003958
-0.3940 0.003157
-0.3791 0.002512
-0.3640 0.001994
-0.3493 0.001582
-0.3351 0.001255
-0.3218 0.000996
-0.3096 0.000792
-0.2986 0.000632
-0.2889 0.000505
-0.2805 0.000406
-0.2734 0.000327
-0.2675 0.000265
-0.2625 0.000215
-0.2582 0.000175
-0.2545 0.000142
-0.2513 0.000116
-0.2484 0.000095
-0.2457 0.000078
-0.2433 0.000064
-0.2416 0.000052
-0.2424 0.000043
-0.2482 0.000037
-0.2345 0.146686
-0.2242 0.140215
-0.2206 0.137908
-0.2220 0.138737
-0.2268 0.141726
-0.2337 0.146056
-0.2418 0.151059
-0.2499 0.156160
-0.2575 0.160880
-0.2638 0.164849
-0.2685 0.167806
-0.2714 0.169593
-0.2728 0.157096
-0.2767 0.131746
-0.2826 0.111246
-0.2893 0.094159
-0.2960 0.079640
-0.3019 0.067176
-0.3068 0.056441
-0.3104 0.047210
-0.3126 0.039314
-0.3135 0.032603
-0.3133 0.026939
-0.3121 0.022189
-0.3100 0.018226
-0.3073 0.014935
-0.3039 0.012213
-0.3000 0.009968
-0.2956 0.008122
-0.2908 0.006607
-0.2857 0.005367
-0.2805 0.004356
-0.2755 0.003538
-0.2716 0.002883
-0.2692 0.002363
-0.2688 0.001951
-0.2704 0.001622
-0.2736 0.001357
-0.2780 0.001140
-0.2829 0.000959
-0.2878 0.000807
-0.2921 0.000677
-0.2955 0.000566
-0.2977 0.000472
-0.2986 0.000391
-0.2992 0.000324
-0.3023 0.000271
-0.3105 0.000230
-0.3244 0.000199
-0.3149 0.197099
-0.2954 0.369963
-0.2587 0.323895
-0.2335 0.292166
-0.2154 0.269475
-0.2019 0.252546
-0.1913 0.239318
-0.1827 0.228463
-0.1752 0.219092
-0.1684 0.210584
-0.1619 0.202471
-0.1554 0.194374
-0.1488 0.182240
-0.1438 0.161199
-0.1407 0.145586
-0.1386 0.133646
-0.1383 0.112826
-0.1411 0.095189
-0.1468 0.081848
-0.1550 0.071419
-0.1652 0.062962
-0.1772 0.055824
-0.1903 0.049563
-0.2038 0.043903
-0.2173 0.038689
-0.2299 0.033857
-0.2414 0.029392
-0.2513 0.025304
-0.2595 0.021605
-0.2659 0.018301
-0.2703 0.015387
-0.2730 0.012848
-0.2739 0.010657
-0.2731 0.008787
-0.2708 0.007204
-0.2670 0.005874
-0.2619 0.004765
-0.2556 0.003845
-0.2481 0.003086
-0.2395 0.002463
-0.2298 0.001954
-0.2190 0.001540
-0.2068 0.001202
-0.1932 0.000929
-0.1777 0.000706
-0.1437 0.090541
-0.1029 0.064887
-0.0587 0.037095
-0.0101 0.006623
0.0406 -0.025107
0.0832 -0.103782
0.1022 -0.127717
0.0895 -0.224204
0.0684 -0.171571
0.0468 -0.116769
0.0254 -0.059307
0.0036 -0.008246
-0.0200 0.039063
-0.0466 0.085747
-0.0763 0.132743
-0.1086 0.165541
-0.1448 0.182583
-0.1828 0.190756
-0.2201 0.189956
-0.2547 0.181850
-0.2860 0.168830
-0.3136 0.153108
-0.3377 0.136356
-0.3586 0.119710
-0.3763 0.103881
-0.3911 0.089276
-0.4031 0.076090
-0.4125 0.064385
-0.4195 0.054131
-0.4240 0.045247
-0.4264 0.037621
-0.4267 0.031128
-0.4250 0.025638
-0.4216 0.021027
-0.4165 0.017175
-0.4099 0.013976
-0.4019 0.011331
-0.3927 0.009155
-0.3825 0.007372
-0.3713 0.005917
-0.3593 0.004735
-0.3466 0.003776
-0.3333 0.003003
-0.3194 0.002379
-0.3051 0.001879
-0.2903 0.001478
-0.2751 0.001158
-0.2592 0.000903
-0.2428 0.000699
-0.2255 0.000537
-0.2070 0.000407
-0.1868 0.000304
-0.1639 0.000221
-0.1368 0.000152
-0.1016 0.063896
-0.0406 0.025827
0.0400 -0.073400
0.1123 -0.209464
0.1527 -0.285810
0.1486 -0.371963
0.1289 -0.322790
0.1032 -0.258709
0.0758 -0.190250
0.0483 -0.121511
0.0210 -0.051827
-0.0064 0.014110
-0.0356 0.070835
-0.0685 0.120444
-0.1054 0.161157
-0.1459 0.184686
-0.1876 0.196430
-0.2273 0.196872
-0.2633 0.188600
-0.2950 0.174762
-0.3225 0.158016
-0.3462 0.140259
-0.3663 0.122721
-0.3831 0.106144
-0.3969 0.090934
-0.4080 0.077275
-0.4163 0.065211
-0.4223 0.054692
-0.4260 0.045619
-0.4276 0.037862
-0.4273 0.031282
-0.4252 0.025739
-0.4215 0.021098
-0.4164 0.017232
-0.4100 0.014030
-0.4025 0.011387
-0.3940 0.009216
-0.3846 0.007439
-0.3744 0.005988
-0.3636 0.004808
-0.3522 0.003851
-0.3403 0.003076
-0.3279 0.002451
-0.3151 0.001948
-0.3020 0.001543
-0.2884 0.001218
-0.2744 0.000959
-0.2599 0.000751
-0.2448 0.000585
-0.2290 0.000452
-0.2121 0.000346
-0.1939 0.000262
-0.1735 0.000194
-0.1499 0.000139
-0.1211 0.000093
-0.0751 0.047317
-0.0071 0.004925
0.0767 -0.142445
0.1342 -0.250786
0.1590 -0.297918
0.1549 -0.388029
0.1256 -0.314871
0.0956 -0.239821
0.0660 -0.165807
0.0371 -0.092465
0.0087 -0.021271
-0.0203 0.045180
-0.0514 0.100992
-0.0861 0.149536
-0.1235 0.190961
-0.1608 0.222223
-0.1966 0.224859
-0.2309 0.218372
-0.2624 0.205230
-0.2907 0.188034
-0.3158 0.168917
-0.3378 0.149404
-0.3567 0.130492
-0.3729 0.112783
-0.3863 0.096609
-0.3971 0.082117
-0.4055 0.069330
-0.4116 0.058194
-0.4157 0.048601
-0.4181 0.040412
-0.4188 0.033473
-0.4181 0.027629
-0.4161 0.022735
-0.4129 0.018654
-0.4087 0.015267
-0.4036 0.012466
-0.3977 0.010156
-0.3910 0.008257
-0.3837 0.006699
-0.3758 0.005425
-0.3673 0.004384
-0.3584 0.003537
-0.3491 0.002848
-0.3395 0.002291
-0.3298 0.001839
-0.3199 0.001475
-0.3098 0.001181
-0.2997 0.000945
-0.2894 0.000755
-0.2792 0.000602
-0.2692 0.000480
-0.2595 0.000382
-0.2503 0.000305
-0.2416 0.000243
-0.2334 0.000194
-0.2257 0.000155
-0.2181 0.000124
-0.2106 0.000099
-0.2027 0.000079
-0.1944 0.000063
-0.1851 0.000049
-0.1746 0.000038
-0.1623 0.000030
-0.1475 0.000022
-0.1217 0.076310
-0.0794 0.049941
-0.0240 0.015405
0.0477 -0.029314
0.1189 -0.073937
0.1554 -0.194057
0.1608 -0.201068
0.1507 -0.188551
0.1196 -0.224808
0.0799 -0.197754
0.0472 -0.112194
0.0178 -0.041176
-0.0110 0.023654
-0.0404 0.086207
-0.0702 0.146903
-0.0996 0.194479
-0.1278 0.234038
-0.1528 0.264546
-0.1735 0.285947
-0.1911 0.283031
-0.2075 0.276629
-0.2223 0.269103
-0.2352 0.260851
-0.2460 0.252258
-0.2561 0.225630
-0.2684 0.195506
-0.2818 0.169746
-0.2954 0.147114
-0.3084 0.126992
-0.3203 0.109062
-0.3308 0.093137
-0.3397 0.079085
-0.3470 0.066794
-0.3531 0.056193
-0.3589 0.047225
-0.3655 0.039769
-0.3737 0.033611
-0.3833 0.028503
-0.3938 0.024216
-0.4046 0.020571
-0.4150 0.017443
-0.4242 0.014742
-0.4318 0.012408
-0.4375 0.010395
-0.4411 0.008666
-0.4425 0.007188
-0.4417 0.005933
-0.4388 0.004874
-0.4340 0.003985
-0.4273 0.003245
-0.4191 0.002631
-0.4094 0.002126
-0.3985 0.001711
-0.3865 0.001372
-0.3736 0.001096
-0.3600 0.000873
-0.3457 0.000694
-0.3309 0.000549
-0.3156 0.000433
-0.3000 0.000340
-0.2840 0.000266
-0.2676 0.000208
-0.2508 0.000161
-0.2334 0.000124
-0.2151 0.000094
-0.1954 0.000071
-0.1736 0.000052
-0.1484 0.000037
-0.1172 0.000024
-0.0745 0.046948
-0.0033 0.005147
0.0843 -0.104307
0.1444 -0.269992
0.1682 -0.315229
0.1645 -0.308622
0.1449 -0.272169
0.1106 -0.277507
0.0749 -0.188058
0.0427 -0.107482
0.0122 -0.030093
-0.0181 0.040643
-0.0500 0.100942
-0.0854 0.152061
-0.1236 0.195400
-0.1615 0.228796
-0.1961 0.251040
-0.2259 0.254546
-0.2539 0.236553
-0.2804 0.215999
-0.3048 0.194211
-0.3271 0.172303
-0.3469 0.151102
-0.3641 0.131171
-0.3789 0.112847
-0.3910 0.096303
-0.4006 0.081586
-0.4077 0.068658
-0.4124 0.057424
-0.4148 0.047756
-0.4150 0.039506
-0.4132 0.032520
-0.4094 0.026647
-0.4040 0.021741
-0.3971 0.017668
-0.3889 0.014306
-0.3796 0.011546
-0.3694 0.009290
-0.3585 0.007455
-0.3471 0.005969
-0.3355 0.004769
-0.3237 0.003806
-0.3121 0.003033
-0.3007 0.002417
-0.2898 0.001925
-0.2794 0.001535
-0.2699 0.001226
-0.2613 0.000981
-0.2538 0.000788
-0.2473 0.000635
-0.2419 0.000513
-0.2374 0.000417
-0.2342 0.000340
-0.2329 0.000279
-0.2340 0.000232
-0.2380 0.000195
-0.2453 0.000166
-0.2556 0.000143
-0.2685 0.000124
-0.2832 0.000108
-0.2986 0.000095
-0.3140 0.000082
-0.3285 0.000071
-0.3416 0.000061
-0.3530 0.000052
-0.3623 0.000044
-0.3694 0.000037
-0.3742 0.000031
-0.3768 0.000026
-0.3771 0.000022
-0.3753 0.000018
-0.3715 0.000015
-0.3657 0.000012
-0.3582 0.000010
-0.3492 0.000008
-0.3388 0.000006
-0.3275 0.000005
-0.3159 0.000004
-0.3052 0.000003
-0.2947 0.184460
-0.2567 0.160652
-0.2281 0.142707
-0.2069 0.129396
-0.1912 0.119614
-0.1799 0.112480
-0.1717 0.107349
-0.1659 0.103731
-0.1619 0.101215
-0.1591 0.099433
-0.1569 0.098082
-0.1551 0.096949
-0.1537 0.089346
-0.1549 0.074456
-0.1590 0.063193
-0.1657 0.054431
-0.1644 0.147497
-0.1534 0.130407
-0.1432 0.116209
-0.1337 0.104195
-0.1249 0.094000
-0.1171 0.085537
-0.1108 0.078883
-0.1063 0.074122
-0.1041 0.071245
-0.1040 0.070102
-0.1058 0.070429
-0.1092 0.071918
-0.1138 0.074266
-0.1199 0.067956
-0.1293 0.060554
-0.1418 0.054900
-0.1571 0.050280
-0.1745 0.046177
-0.1931 0.042247
-0.2118 0.038317
-0.2296 0.034354
-0.2458 0.030411
-0.2598 0.026581
-0.2713 0.022955
-0.2597 0.180647
-0.2375 0.162332
-0.2169 0.146040
-0.1982 0.131795
-0.1839 0.120997
-0.1763 0.114970
-0.1764 0.114183
-0.1838 0.118231
-0.1970 0.126012
-0.2049 0.258762
-0.1993 0.251222
-0.1961 0.245005
-0.1964 0.224074
-0.2000 0.210275
-0.2053 0.200689
-0.2112 0.193582
-0.2170 0.187920
-0.2222 0.183108
-0.2264 0.178821
-0.2297 0.174876
-0.2320 0.171138
-0.2332 0.167490
-0.2333 0.163823
-0.2324 0.160048
-0.2303 0.156109
-0.2273 0.151982
-0.2233 0.147663
-0.2208 0.121555
-0.2215 0.100787
-0.2243 0.084410
-0.2288 0.071169
-0.2343 0.060264
-0.2407 0.051180
-0.2478 0.043567
-0.2557 0.037162
-0.2642 0.031752
-0.2733 0.027158
-0.2828 0.023232
-0.2923 0.019856
-0.3016 0.016940
-0.3104 0.014413
-0.3183 0.012222
-0.3252 0.010323
-0.3308 0.008683
-0.3350 0.007271
-0.3377 0.006061
-0.3389 0.005029
-0.3385 0.004153
-0.3366 0.003415
-0.3332 0.002795
-0.3284 0.002278
-0.3223 0.001848
-0.3149 0.001493
-0.3063 0.001201
-0.2967 0.000962
-0.2860 0.000767
-0.2743 0.000608
-0.2617 0.000480
-0.2480 0.000376
-0.2333 0.000292
-0.2096 0.131474
-0.1665 0.104457
-0.1212 0.076163
-0.0704 0.044382
-0.0117 0.007719
0.0535 -0.033035
0.0963 -0.180033
0.1119 -0.209693
0.1110 -0.208281
0.1007 -0.187209
0.0770 -0.183491
0.0552 -0.126803
0.0339 -0.075704
0.0122 -0.026903
-0.0106 0.021372
-0.0353 0.067524
-0.0629 0.108934
-0.0942 0.145149
-0.1280 0.177039
-0.1616 0.202439
-0.1924 0.220091
-0.2185 0.230448
-0.2417 0.213595
-0.2642 0.193088
-0.2855 0.172548
-0.3052 0.152505
-0.3229 0.133424
-0.3385 0.115653
-0.3518 0.099408
-0.3629 0.084795
-0.3718 0.071829
-0.3785 0.060460
-0.3831 0.050593
-0.3856 0.042107
-0.3862 0.034869
-0.3849 0.028739
-0.3820 0.023582
-0.3775 0.019270
-0.3716 0.015685
-0.3644 0.012718
-0.3561 0.010275
-0.3467 0.008272
-0.3364 0.006637
-0.3253 0.005307
-0.3135 0.004228
-0.3010 0.003357
-0.2880 0.002655
-0.2743 0.002091
-0.2600 0.001639
-0.2450 0.001277
-0.2291 0.000988
-0.2122 0.000756
-0.1938 0.000571
-0.1733 0.000422
-0.1494 0.000301
-0.1199 0.075412
-0.0574 0.072694
0.0205 -0.024603
0.1008 -0.125214
0.1515 -0.283837
0.1584 -0.297090
0.1339 -0.335346
0.1060 -0.265599
0.0783 -0.196510
0.0514 -0.129179
0.0252 -0.060843
-0.0006 0.000820
-0.0277 0.055778
-0.0571 0.107741
-0.0892 0.149296
-0.1234 0.184290
-0.1587 0.196265
-0.1941 0.198563
-0.2276 0.192524
-0.2579 0.180428
-0.2846 0.164685
-0.3078 0.147269
-0.3275 0.129587
-0.3440 0.112557
-0.3575 0.096721
-0.3682 0.082364
-0.3762 0.069591
-0.3818 0.058397
-0.3851 0.048705
-0.3863 0.040398
-0.3856 0.033342
-0.3831 0.027392
-0.3791 0.022410
-0.3736 0.018263
-0.3670 0.014831
-0.3592 0.012003
-0.3505 0.009684
-0.3409 0.007789
-0.3307 0.006247
-0.3199 0.004996
-0.3085 0.003984
-0.2966 0.003167
-0.2843 0.002510
-0.2716 0.001982
-0.2584 0.001559
-0.2447 0.001221
-0.2303 0.000951
-0.2152 0.000734
-0.1990 0.000562
-0.1812 0.000423
-0.1611 0.000311
-0.1373 0.000219
-0.1055 0.132745
-0.0397 0.050527
0.0383 -0.046841
0.1136 -0.141298
0.1604 -0.200256
0.1711 -0.321221
0.1419 -0.355643
0.1058 -0.265228
0.0735 -0.184599
0.0436 -0.109702
0.0151 -0.035774
-0.0133 0.027826
-0.0436 0.085950
